10	138	2	0.001	70.0
201.000	273.000	0.000	8.000	0.000
163.000	180.000	31.000	4.000	10.000
41.000	259.000	4.000	6.000	14.000
80.000	66.000	38.000	5.000	4.000
4.000	16.000	23.000	1.000	8.000
119.000	288.000	2.000	5.000	18.000
100.000	86.000	21.000	4.000	13.000
134.000	221.000	15.000	6.000	16.000
164.000	60.000	11.000	9.000	8.000
293.000	242.000	19.000	10.000	15.000

0	0	0	0

0	1	100.464	2
1	201.00	273.00	174.73	208.70	69.46	0	
2	174.73	208.70	163.00	180.00	31.00	1	1	

0	2	160.611	2
1	201.00	273.00	44.98	259.35	156.61	0	
2	44.98	259.35	41.00	259.00	4.00	1	2	

0	3	239.771	6
1	201.00	273.00	164.73	210.95	71.87	0	
2	164.73	210.95	136.88	163.31	55.19	1	1	
3	136.88	163.31	103.77	106.66	65.61	0	
4	103.77	106.66	99.18	98.81	9.10	1	6	
5	99.18	98.81	83.85	72.58	30.38	2	3	6	
6	83.85	72.58	80.00	66.00	7.62	1	3	

0	4	323.818	6
1	201.00	273.00	151.90	208.94	80.71	0	
2	151.90	208.94	132.17	183.20	32.44	1	1	
3	132.17	183.20	70.54	102.80	101.30	0	
4	70.54	102.80	42.00	65.58	46.90	1	3	
5	42.00	65.58	17.99	34.25	39.47	0	
6	17.99	34.25	4.00	16.00	23.00	1	4	

0	5	83.361	2
1	201.00	273.00	120.97	287.64	81.36	0	
2	120.97	287.64	119.00	288.00	2.00	1	5	

0	6	212.532	5
1	201.00	273.00	167.35	210.69	70.81	0	
2	167.35	210.69	139.72	159.53	58.14	1	1	
3	139.72	159.53	109.98	104.48	62.57	0	
4	109.98	104.48	104.76	94.82	10.97	1	6	
5	104.76	94.82	100.00	86.00	10.03	2	3	6	

0	7	84.812	2
1	201.00	273.00	145.85	230.20	69.81	0	
2	145.85	230.20	134.00	221.00	15.00	1	7	

0	8	216.190	4
1	201.00	273.00	188.02	198.30	75.82	0	
2	188.02	198.30	180.39	154.33	44.62	1	1	
3	180.39	154.33	165.88	70.84	84.75	0	
4	165.88	70.84	164.00	60.00	11.00	1	8	

0	9	97.082	2
1	201.00	273.00	274.99	248.07	78.08	0	
2	274.99	248.07	293.00	242.00	19.00	1	9	

1	0	100.464	2
1	163.00	180.00	174.73	208.70	31.00	1	1	
2	174.73	208.70	201.00	273.00	69.46	0	

1	1	0	0

1	2	145.344	3
1	163.00	180.00	136.98	196.85	31.00	1	1	
2	136.98	196.85	44.36	256.83	110.34	0	
3	44.36	256.83	41.00	259.00	4.00	1	2	

1	3	141.014	5
1	163.00	180.00	144.75	154.94	31.00	1	1	
2	144.75	154.94	108.53	105.19	61.54	0	
3	108.53	105.19	102.37	96.72	10.48	1	6	
4	102.37	96.72	84.36	71.99	30.59	2	3	6	
5	84.36	71.99	80.00	66.00	7.41	1	3	

1	4	228.423	7
1	163.00	180.00	141.42	157.74	31.00	1	1	
2	141.42	157.74	89.50	104.18	74.60	0	
3	89.50	104.18	88.40	103.06	1.57	1	6	
4	88.40	103.06	81.50	95.94	9.92	2	3	6	
5	81.50	95.94	43.22	56.45	55.00	1	3	
6	43.22	56.45	20.01	32.51	33.34	0	
7	20.01	32.51	4.00	16.00	23.00	1	4	

1	5	116.619	5
1	163.00	180.00	151.30	208.71	31.00	1	1	
2	151.30	208.71	148.23	216.25	8.15	0	
3	148.23	216.25	140.86	234.34	19.53	1	7	
4	140.86	234.34	119.75	286.15	55.94	0	
5	119.75	286.15	119.00	288.00	2.00	1	5	

1	6	113.159	4
1	163.00	180.00	145.74	154.25	31.00	1	1	
2	145.74	154.25	111.69	103.44	61.16	0	
3	111.69	103.44	105.49	94.19	11.15	1	6	
4	105.49	94.19	100.00	86.00	9.85	2	3	6	

1	7	50.220	3
1	163.00	180.00	145.10	205.31	31.00	1	1	
2	145.10	205.31	142.66	208.75	4.22	0	
3	142.66	208.75	134.00	221.00	15.00	1	7	

1	8	120.004	3
1	163.00	180.00	163.26	149.00	31.00	1	1	
2	163.26	149.00	163.91	71.00	78.00	0	
3	163.91	71.00	164.00	60.00	11.00	0	

1	9	144.028	3
1	163.00	180.00	190.98	193.34	31.00	1	1	
2	190.98	193.34	275.85	233.82	94.03	0	
3	275.85	233.82	293.00	242.00	19.00	1	9	

2	0	160.611	2
1	41.00	259.00	44.98	259.35	4.00	1	2	
2	44.98	259.35	201.00	273.00	156.61	0	

2	1	145.344	3
1	41.00	259.00	44.36	256.83	4.00	1	2	
2	44.36	256.83	136.98	196.85	110.34	0	
3	136.98	196.85	163.00	180.00	31.00	1	1	

2	2	0	0

2	3	196.901	3
1	41.00	259.00	41.79	255.08	4.00	1	2	
2	41.79	255.08	72.47	103.25	154.90	0	
3	72.47	103.25	80.00	66.00	38.00	1	3	

2	4	245.801	3
1	41.00	259.00	40.40	255.05	4.00	1	2	
2	40.40	255.05	7.46	38.74	218.80	0	
3	7.46	38.74	4.00	16.00	23.00	0	

2	5	83.217	3
1	41.00	259.00	44.75	260.39	4.00	1	2	
2	44.75	260.39	117.13	287.30	77.22	0	
3	117.13	287.30	119.00	288.00	2.00	1	5	

2	6	182.784	4
1	41.00	259.00	42.29	255.21	4.00	1	2	
2	42.29	255.21	93.22	105.88	157.78	0	
3	93.22	105.88	94.90	100.96	5.20	1	6	
4	94.90	100.96	100.00	86.00	15.80	2	3	6	

2	7	100.464	3
1	41.00	259.00	44.70	257.49	4.00	1	2	
2	44.70	257.49	120.11	226.67	81.46	0	
3	120.11	226.67	134.00	221.00	15.00	1	7	

2	8	233.944	3
1	41.00	259.00	43.10	255.60	4.00	1	2	
2	43.10	255.60	158.22	69.36	218.94	0	
3	158.22	69.36	164.00	60.00	11.00	1	8	

2	9	252.573	3
1	41.00	259.00	44.99	258.73	4.00	1	2	
2	44.99	258.73	274.04	243.28	229.57	0	
3	274.04	243.28	293.00	242.00	19.00	1	9	

3	0	239.771	6
1	80.00	66.00	83.85	72.58	7.62	1	3	
2	83.85	72.58	99.18	98.81	30.38	2	3	6	
3	99.18	98.81	103.77	106.66	9.10	1	6	
4	103.77	106.66	136.88	163.31	65.61	0	
5	136.88	163.31	164.73	210.95	55.19	1	1	
6	164.73	210.95	201.00	273.00	71.87	0	

3	1	141.014	5
1	80.00	66.00	84.36	71.99	7.41	1	3	
2	84.36	71.99	102.37	96.72	30.59	2	3	6	
3	102.37	96.72	108.53	105.19	10.48	1	6	
4	108.53	105.19	144.75	154.94	61.54	0	
5	144.75	154.94	163.00	180.00	31.00	1	1	

3	2	196.901	3
1	80.00	66.00	72.47	103.25	38.00	1	3	
2	72.47	103.25	41.79	255.08	154.90	0	
3	41.79	255.08	41.00	259.00	4.00	1	2	

3	3	0	0

3	4	90.973	3
1	80.00	66.00	48.25	45.11	38.00	1	3	
2	48.25	45.11	23.21	28.64	29.97	0	
3	23.21	28.64	4.00	16.00	23.00	1	4	

3	5	225.400	5
1	80.00	66.00	81.70	75.69	9.84	1	3	
2	81.70	75.69	86.31	101.93	26.63	2	3	6	
3	86.31	101.93	86.58	103.43	1.52	1	3	
4	86.58	103.43	118.65	286.03	185.40	0	
5	118.65	286.03	119.00	288.00	2.00	1	5	

3	6	28.284	2
1	80.00	66.00	85.15	71.15	7.28	1	3	
2	85.15	71.15	100.00	86.00	21.00	2	3	6	

3	7	164.137	5
1	80.00	66.00	82.78	73.98	8.45	1	3	
2	82.78	73.98	92.50	101.88	29.55	2	3	6	
3	92.50	101.88	93.98	106.12	4.48	1	6	
4	93.98	106.12	129.07	206.84	106.65	0	
5	129.07	206.84	134.00	221.00	15.00	1	7	

3	8	84.214	3
1	80.00	66.00	117.90	63.29	38.00	1	3	
2	117.90	63.29	153.03	60.78	35.21	0	
3	153.03	60.78	164.00	60.00	11.00	1	8	

3	9	276.306	5
1	80.00	66.00	85.65	70.67	7.33	1	3	
2	85.65	70.67	109.29	90.20	30.67	2	3	6	
3	109.29	90.20	117.76	97.20	10.99	1	6	
4	117.76	97.20	278.35	229.90	208.32	0	
5	278.35	229.90	293.00	242.00	19.00	1	9	

4	0	323.818	6
1	4.00	16.00	17.99	34.25	23.00	1	4	
2	17.99	34.25	42.00	65.58	39.47	0	
3	42.00	65.58	70.54	102.80	46.90	1	3	
4	70.54	102.80	132.17	183.20	101.30	0	
5	132.17	183.20	151.90	208.94	32.44	1	1	
6	151.90	208.94	201.00	273.00	80.71	0	

4	1	228.423	7
1	4.00	16.00	20.01	32.51	23.00	1	4	
2	20.01	32.51	43.22	56.45	33.34	0	
3	43.22	56.45	81.50	95.94	55.00	1	3	
4	81.50	95.94	88.40	103.06	9.92	2	3	6	
5	88.40	103.06	89.50	104.18	1.57	1	6	
6	89.50	104.18	141.42	157.74	74.60	0	
7	141.42	157.74	163.00	180.00	31.00	1	1	

4	2	245.801	3
1	4.00	16.00	7.46	38.74	23.00	0	
2	7.46	38.74	40.40	255.05	218.80	0	
3	40.40	255.05	41.00	259.00	4.00	1	2	

4	3	90.973	3
1	4.00	16.00	23.21	28.64	23.00	1	4	
2	23.21	28.64	48.25	45.11	29.97	0	
3	48.25	45.11	80.00	66.00	38.00	1	3	

4	4	0	0

4	5	295.312	3
1	4.00	16.00	12.96	37.18	23.00	1	4	
2	12.96	37.18	118.22	286.16	270.31	0	
3	118.22	286.16	119.00	288.00	2.00	1	5	

4	6	118.811	4
1	4.00	16.00	22.58	29.55	23.00	1	4	
2	22.58	29.55	46.92	47.30	30.12	0	
3	46.92	47.30	83.03	73.63	44.69	1	3	
4	83.03	73.63	100.00	86.00	21.00	2	3	6	

4	7	242.745	5
1	4.00	16.00	16.32	35.42	23.00	1	4	
2	16.32	35.42	44.83	80.38	53.23	0	
3	44.83	80.38	52.00	91.69	13.39	1	3	
4	52.00	91.69	125.97	208.33	138.12	0	
5	125.97	208.33	134.00	221.00	15.00	1	7	

4	8	165.940	5
1	4.00	16.00	26.18	22.10	23.00	1	4	
2	26.18	22.10	62.73	32.15	37.91	0	
3	62.73	32.15	112.15	45.74	51.25	1	3	
4	112.15	45.74	153.39	57.08	42.78	0	
5	153.39	57.08	164.00	60.00	11.00	1	8	

4	9	366.875	7
1	4.00	16.00	22.12	30.17	23.00	1	4	
2	22.12	30.17	46.07	48.90	30.40	0	
3	46.07	48.90	81.30	76.45	44.73	1	3	
4	81.30	76.45	104.78	94.81	29.81	2	3	6	
5	104.78	94.81	113.78	101.85	11.42	1	6	
6	113.78	101.85	278.03	230.30	208.51	0	
7	278.03	230.30	293.00	242.00	19.00	1	9	

5	0	83.361	2
1	119.00	288.00	120.97	287.64	2.00	1	5	
2	120.97	287.64	201.00	273.00	81.36	0	

5	1	116.619	5
1	119.00	288.00	119.75	286.15	2.00	1	5	
2	119.75	286.15	140.86	234.34	55.94	0	
3	140.86	234.34	148.23	216.25	19.53	1	7	
4	148.23	216.25	151.30	208.71	8.15	0	
5	151.30	208.71	163.00	180.00	31.00	1	1	

5	2	83.217	3
1	119.00	288.00	117.13	287.30	2.00	1	5	
2	117.13	287.30	44.75	260.39	77.22	0	
3	44.75	260.39	41.00	259.00	4.00	1	2	

5	3	225.400	5
1	119.00	288.00	118.65	286.03	2.00	1	5	
2	118.65	286.03	86.58	103.43	185.40	0	
3	86.58	103.43	86.31	101.93	1.52	1	3	
4	86.31	101.93	81.70	75.69	26.63	2	3	6	
5	81.70	75.69	80.00	66.00	9.84	1	3	

5	4	295.312	3
1	119.00	288.00	118.22	286.16	2.00	1	5	
2	118.22	286.16	12.96	37.18	270.31	0	
3	12.96	37.18	4.00	16.00	23.00	1	4	

5	5	0	0

5	6	202.892	4
1	119.00	288.00	118.81	286.01	2.00	1	5	
2	118.81	286.01	101.97	106.91	179.89	0	
3	101.97	106.91	101.09	97.61	9.34	0	
4	101.09	97.61	100.00	86.00	11.66	2	3	6	

5	7	68.659	3
1	119.00	288.00	119.44	286.05	2.00	1	5	
2	119.44	286.05	130.72	235.64	51.66	0	
3	130.72	235.64	134.00	221.00	15.00	1	7	

5	8	232.398	7
1	119.00	288.00	119.39	286.04	2.00	1	5	
2	119.39	286.04	129.41	235.28	51.74	0	
3	129.41	235.28	135.18	206.05	29.80	1	7	
4	135.18	206.05	136.99	196.86	9.36	0	
5	136.99	196.86	145.34	154.52	43.16	1	1	
6	145.34	154.52	161.87	70.79	85.34	0	
7	161.87	70.79	164.00	60.00	11.00	1	8	

5	9	179.978	3
1	119.00	288.00	120.93	287.49	2.00	1	5	
2	120.93	287.49	274.63	246.86	158.98	0	
3	274.63	246.86	293.00	242.00	19.00	1	9	

6	0	212.532	5
1	100.00	86.00	104.76	94.82	10.03	2	3	6	
2	104.76	94.82	109.98	104.48	10.97	1	6	
3	109.98	104.48	139.72	159.53	62.57	0	
4	139.72	159.53	167.35	210.69	58.14	1	1	
5	167.35	210.69	201.00	273.00	70.81	0	

6	1	113.159	4
1	100.00	86.00	105.49	94.19	9.85	2	3	6	
2	105.49	94.19	111.69	103.44	11.15	1	6	
3	111.69	103.44	145.74	154.25	61.16	0	
4	145.74	154.25	163.00	180.00	31.00	1	1	

6	2	182.784	4
1	100.00	86.00	94.90	100.96	15.80	2	3	6	
2	94.90	100.96	93.22	105.88	5.20	1	6	
3	93.22	105.88	42.29	255.21	157.78	0	
4	42.29	255.21	41.00	259.00	4.00	1	2	

6	3	28.284	2
1	100.00	86.00	85.15	71.15	21.00	2	3	6	
2	85.15	71.15	80.00	66.00	7.28	1	3	

6	4	118.811	4
1	100.00	86.00	83.03	73.63	21.00	2	3	6	
2	83.03	73.63	46.92	47.30	44.69	1	3	
3	46.92	47.30	22.58	29.55	30.12	0	
4	22.58	29.55	4.00	16.00	23.00	1	4	

6	5	202.892	4
1	100.00	86.00	101.09	97.61	11.66	2	3	6	
2	101.09	97.61	101.97	106.91	9.34	0	
3	101.97	106.91	118.81	286.01	179.89	0	
4	118.81	286.01	119.00	288.00	2.00	1	5	

6	6	0	0

6	7	139.216	4
1	100.00	86.00	102.65	96.51	10.84	2	3	6	
2	102.65	96.51	105.13	106.36	10.16	1	6	
3	105.13	106.36	130.34	206.45	103.22	0	
4	130.34	206.45	134.00	221.00	15.00	1	7	

6	8	69.080	4
1	100.00	86.00	115.43	79.73	16.66	2	3	6	
2	115.43	79.73	119.46	78.10	4.34	1	6	
3	119.46	78.10	153.81	64.14	37.08	0	
4	153.81	64.14	164.00	60.00	11.00	1	8	

6	9	248.163	4
1	100.00	86.00	107.59	92.13	9.76	2	3	6	
2	107.59	92.13	116.33	99.20	11.24	1	6	
3	116.33	99.20	278.22	230.06	208.16	0	
4	278.22	230.06	293.00	242.00	19.00	1	9	

7	0	84.812	2
1	134.00	221.00	145.85	230.20	15.00	1	7	
2	145.85	230.20	201.00	273.00	69.81	0	

7	1	50.220	3
1	134.00	221.00	142.66	208.75	15.00	1	7	
2	142.66	208.75	145.10	205.31	4.22	0	
3	145.10	205.31	163.00	180.00	31.00	1	1	

7	2	100.464	3
1	134.00	221.00	120.11	226.67	15.00	1	7	
2	120.11	226.67	44.70	257.49	81.46	0	
3	44.70	257.49	41.00	259.00	4.00	1	2	

7	3	164.137	5
1	134.00	221.00	129.07	206.84	15.00	1	7	
2	129.07	206.84	93.98	106.12	106.65	0	
3	93.98	106.12	92.50	101.88	4.48	1	6	
4	92.50	101.88	82.78	73.98	29.55	2	3	6	
5	82.78	73.98	80.00	66.00	8.45	1	3	

7	4	242.745	5
1	134.00	221.00	125.97	208.33	15.00	1	7	
2	125.97	208.33	52.00	91.69	138.12	0	
3	52.00	91.69	44.83	80.38	13.39	1	3	
4	44.83	80.38	16.32	35.42	53.23	0	
5	16.32	35.42	4.00	16.00	23.00	1	4	

7	5	68.659	3
1	134.00	221.00	130.72	235.64	15.00	1	7	
2	130.72	235.64	119.44	286.05	51.66	0	
3	119.44	286.05	119.00	288.00	2.00	1	5	

7	6	139.216	4
1	134.00	221.00	130.34	206.45	15.00	1	7	
2	130.34	206.45	105.13	106.36	103.22	0	
3	105.13	106.36	102.65	96.51	10.16	1	6	
4	102.65	96.51	100.00	86.00	10.84	2	3	6	

7	7	0	0

7	8	163.771	5
1	134.00	221.00	136.75	206.25	15.00	1	7	
2	136.75	206.25	138.18	198.57	7.81	0	
3	138.18	198.57	146.53	153.73	45.61	1	1	
4	146.53	153.73	161.99	70.81	84.35	0	
5	161.99	70.81	164.00	60.00	11.00	1	8	

7	9	160.381	3
1	134.00	221.00	148.87	222.96	15.00	1	7	
2	148.87	222.96	274.16	239.51	126.38	0	
3	274.16	239.51	293.00	242.00	19.00	1	9	

8	0	216.190	4
1	164.00	60.00	165.88	70.84	11.00	1	8	
2	165.88	70.84	180.39	154.33	84.75	0	
3	180.39	154.33	188.02	198.30	44.62	1	1	
4	188.02	198.30	201.00	273.00	75.82	0	

8	1	120.004	3
1	164.00	60.00	163.91	71.00	11.00	0	
2	163.91	71.00	163.26	149.00	78.00	0	
3	163.26	149.00	163.00	180.00	31.00	1	1	

8	2	233.944	3
1	164.00	60.00	158.22	69.36	11.00	1	8	
2	158.22	69.36	43.10	255.60	218.94	0	
3	43.10	255.60	41.00	259.00	4.00	1	2	

8	3	84.214	3
1	164.00	60.00	153.03	60.78	11.00	1	8	
2	153.03	60.78	117.90	63.29	35.21	0	
3	117.90	63.29	80.00	66.00	38.00	1	3	

8	4	165.940	5
1	164.00	60.00	153.39	57.08	11.00	1	8	
2	153.39	57.08	112.15	45.74	42.78	0	
3	112.15	45.74	62.73	32.15	51.25	1	3	
4	62.73	32.15	26.18	22.10	37.91	0	
5	26.18	22.10	4.00	16.00	23.00	1	4	

8	5	232.398	7
1	164.00	60.00	161.87	70.79	11.00	1	8	
2	161.87	70.79	145.34	154.52	85.34	0	
3	145.34	154.52	136.99	196.86	43.16	1	1	
4	136.99	196.86	135.18	206.05	9.36	0	
5	135.18	206.05	129.41	235.28	29.80	1	7	
6	129.41	235.28	119.39	286.04	51.74	0	
7	119.39	286.04	119.00	288.00	2.00	1	5	

8	6	69.080	4
1	164.00	60.00	153.81	64.14	11.00	1	8	
2	153.81	64.14	119.46	78.10	37.08	0	
3	119.46	78.10	115.43	79.73	4.34	1	6	
4	115.43	79.73	100.00	86.00	16.66	2	3	6	

8	7	163.771	5
1	164.00	60.00	161.99	70.81	11.00	1	8	
2	161.99	70.81	146.53	153.73	84.35	0	
3	146.53	153.73	138.18	198.57	45.61	1	1	
4	138.18	198.57	136.75	206.25	7.81	0	
5	136.75	206.25	134.00	221.00	15.00	1	7	

8	8	0	0

8	9	223.081	3
1	164.00	60.00	170.36	68.97	11.00	1	8	
2	170.36	68.97	282.01	226.50	193.08	0	
3	282.01	226.50	293.00	242.00	19.00	1	9	

9	0	97.082	2
1	293.00	242.00	274.99	248.07	19.00	1	9	
2	274.99	248.07	201.00	273.00	78.08	0	

9	1	144.028	3
1	293.00	242.00	275.85	233.82	19.00	1	9	
2	275.85	233.82	190.98	193.34	94.03	0	
3	190.98	193.34	163.00	180.00	31.00	1	1	

9	2	252.573	3
1	293.00	242.00	274.04	243.28	19.00	1	9	
2	274.04	243.28	44.99	258.73	229.57	0	
3	44.99	258.73	41.00	259.00	4.00	1	2	

9	3	276.306	5
1	293.00	242.00	278.35	229.90	19.00	1	9	
2	278.35	229.90	117.76	97.20	208.32	0	
3	117.76	97.20	109.29	90.20	10.99	1	6	
4	109.29	90.20	85.65	70.67	30.67	2	3	6	
5	85.65	70.67	80.00	66.00	7.33	1	3	

9	4	366.875	7
1	293.00	242.00	278.03	230.30	19.00	1	9	
2	278.03	230.30	113.78	101.85	208.51	0	
3	113.78	101.85	104.78	94.81	11.42	1	6	
4	104.78	94.81	81.30	76.45	29.81	2	3	6	
5	81.30	76.45	46.07	48.90	44.73	1	3	
6	46.07	48.90	22.12	30.17	30.40	0	
7	22.12	30.17	4.00	16.00	23.00	1	4	

9	5	179.978	3
1	293.00	242.00	274.63	246.86	19.00	1	9	
2	274.63	246.86	120.93	287.49	158.98	0	
3	120.93	287.49	119.00	288.00	2.00	1	5	

9	6	248.163	4
1	293.00	242.00	278.22	230.06	19.00	1	9	
2	278.22	230.06	116.33	99.20	208.16	0	
3	116.33	99.20	107.59	92.13	11.24	1	6	
4	107.59	92.13	100.00	86.00	9.76	2	3	6	

9	7	160.381	3
1	293.00	242.00	274.16	239.51	19.00	1	9	
2	274.16	239.51	148.87	222.96	126.38	0	
3	148.87	222.96	134.00	221.00	15.00	1	7	

9	8	223.081	3
1	293.00	242.00	282.01	226.50	19.00	1	9	
2	282.01	226.50	170.36	68.97	193.08	0	
3	170.36	68.97	164.00	60.00	11.00	1	8	

9	9	0	0