10	124	2	0.001	90.0
96.000	296.000	0.000	3.000	0.000
264.000	97.000	32.000	1.000	20.000
41.000	260.000	44.000	4.000	4.000
178.000	115.000	16.000	6.000	16.000
241.000	16.000	46.000	9.000	5.000
23.000	246.000	21.000	3.000	14.000
69.000	177.000	20.000	4.000	3.000
36.000	147.000	15.000	7.000	19.000
115.000	121.000	3.000	9.000	12.000
271.000	135.000	1.000	1.000	13.000

0	0	0	0

0	1	260.432	2
1	96.00	296.00	243.36	121.45	228.43	0	
2	243.36	121.45	264.00	97.00	32.00	1	1	

0	2	65.734	2
1	96.00	296.00	77.81	284.10	21.73	0	
2	77.81	284.10	41.00	260.00	44.00	1	2	

0	3	198.708	2
1	96.00	296.00	171.40	129.57	182.71	0	
2	171.40	129.57	178.00	115.00	16.00	1	3	

0	4	315.317	4
1	96.00	296.00	181.67	130.57	186.29	0	
2	181.67	130.57	192.84	109.01	24.29	1	3	
3	192.84	109.01	219.85	56.85	58.74	0	
4	219.85	56.85	241.00	16.00	46.00	1	4	

0	5	88.482	3
1	96.00	296.00	78.06	283.71	21.74	0	
2	78.06	283.71	40.33	257.87	45.74	1	2	
3	40.33	257.87	23.00	246.00	21.00	2	2	5	

0	6	122.025	2
1	96.00	296.00	73.43	196.50	102.02	0	
2	73.43	196.50	69.00	177.00	20.00	1	6	

0	7	160.627	6
1	96.00	296.00	84.41	267.21	31.04	0	
2	84.41	267.21	67.30	224.72	45.80	1	2	
3	67.30	224.72	52.81	188.74	38.79	0	
4	52.81	188.74	49.19	179.76	9.68	1	6	
5	49.19	179.76	41.60	160.91	20.31	0	
6	41.60	160.91	36.00	147.00	15.00	1	7	

0	8	176.028	2
1	96.00	296.00	114.68	123.98	173.03	0	
2	114.68	123.98	115.00	121.00	3.00	1	8	

0	9	237.794	2
1	96.00	296.00	270.26	135.68	236.79	0	
2	270.26	135.68	271.00	135.00	1.00	1	9	

1	0	260.432	2
1	264.00	97.00	243.36	121.45	32.00	1	1	
2	243.36	121.45	96.00	296.00	228.43	0	

1	1	0	0

1	2	276.221	3
1	264.00	97.00	238.17	115.88	32.00	1	1	
2	238.17	115.88	76.52	234.04	200.22	0	
3	76.52	234.04	41.00	260.00	44.00	1	2	

1	3	87.864	3
1	264.00	97.00	232.68	103.56	32.00	1	1	
2	232.68	103.56	193.66	111.72	39.86	0	
3	193.66	111.72	178.00	115.00	16.00	1	3	

1	4	84.202	3
1	264.00	97.00	255.26	66.22	32.00	1	1	
2	255.26	66.22	253.56	60.25	6.20	0	
3	253.56	60.25	241.00	16.00	46.00	1	4	

1	5	283.341	4
1	264.00	97.00	236.78	113.83	32.00	1	1	
2	236.78	113.83	62.47	221.60	204.93	0	
3	62.47	221.60	40.86	234.96	25.41	1	2	
4	40.86	234.96	23.00	246.00	21.00	2	2	5	

1	6	210.772	5
1	264.00	97.00	234.39	109.15	32.00	1	1	
2	234.39	109.15	184.62	129.57	53.80	0	
3	184.62	129.57	183.52	130.02	1.20	1	3	
4	183.52	130.02	87.50	169.41	103.78	0	
5	87.50	169.41	69.00	177.00	20.00	1	6	

1	7	233.418	5
1	264.00	97.00	232.74	103.85	32.00	1	1	
2	232.74	103.85	193.79	112.40	39.88	0	
3	193.79	112.40	162.57	119.24	31.96	1	3	
4	162.57	119.24	50.65	143.79	114.58	0	
5	50.65	143.79	36.00	147.00	15.00	1	7	

1	8	150.921	5
1	264.00	97.00	232.41	102.09	32.00	1	1	
2	232.41	102.09	192.62	108.50	40.30	0	
3	192.62	108.50	162.08	113.42	30.93	1	3	
4	162.08	113.42	117.96	120.52	44.69	0	
5	117.96	120.52	115.00	121.00	3.00	1	8	

1	9	38.639	3
1	264.00	97.00	269.80	128.47	32.00	1	1	
2	269.80	128.47	270.82	134.02	5.64	0	
3	270.82	134.02	271.00	135.00	1.00	1	9	

2	0	65.734	2
1	41.00	260.00	77.81	284.10	44.00	1	2	
2	77.81	284.10	96.00	296.00	21.73	0	

2	1	276.221	3
1	41.00	260.00	76.52	234.04	44.00	1	2	
2	76.52	234.04	238.17	115.88	200.22	0	
3	238.17	115.88	264.00	97.00	32.00	1	1	

2	2	0	0

2	3	199.484	3
1	41.00	260.00	71.22	228.02	44.00	1	2	
2	71.22	228.02	167.01	126.63	139.48	0	
3	167.01	126.63	178.00	115.00	16.00	1	3	

2	4	315.493	5
1	41.00	260.00	68.89	225.97	44.00	1	2	
2	68.89	225.97	162.28	112.04	147.31	0	
3	162.28	112.04	172.02	100.16	15.36	1	3	
4	172.02	100.16	211.84	51.58	62.82	0	
5	211.84	51.58	241.00	16.00	46.00	1	4	

2	5	22.804	2
1	41.00	260.00	39.58	258.89	1.80	1	2	
2	39.58	258.89	23.00	246.00	21.00	2	2	5	

2	6	87.596	3
1	41.00	260.00	55.06	218.31	44.00	1	2	
2	55.06	218.31	62.61	195.95	23.60	0	
3	62.61	195.95	69.00	177.00	20.00	1	6	

2	7	113.111	5
1	41.00	260.00	40.87	257.03	2.97	1	2	
2	40.87	257.03	39.82	233.43	23.62	2	2	5	
3	39.82	233.43	39.05	216.04	17.41	1	2	
4	39.05	216.04	36.66	161.99	54.11	0	
5	36.66	161.99	36.00	147.00	15.00	0	

2	8	157.471	5
1	41.00	260.00	61.68	221.16	44.00	1	2	
2	61.68	221.16	75.04	196.07	28.43	0	
3	75.04	196.07	88.19	171.36	27.99	1	6	
4	88.19	171.36	113.59	123.65	54.05	0	
5	113.59	123.65	115.00	121.00	3.00	1	8	

2	9	261.773	3
1	41.00	260.00	79.66	238.99	44.00	1	2	
2	79.66	238.99	270.12	135.48	216.77	0	
3	270.12	135.48	271.00	135.00	1.00	1	9	

3	0	198.708	2
1	178.00	115.00	171.40	129.57	16.00	1	3	
2	171.40	129.57	96.00	296.00	182.71	0	

3	1	87.864	3
1	178.00	115.00	193.66	111.72	16.00	1	3	
2	193.66	111.72	232.68	103.56	39.86	0	
3	232.68	103.56	264.00	97.00	32.00	1	1	

3	2	199.484	3
1	178.00	115.00	167.01	126.63	16.00	1	3	
2	167.01	126.63	71.22	228.02	139.48	0	
3	71.22	228.02	41.00	260.00	44.00	1	2	

3	3	0	0

3	4	117.346	3
1	178.00	115.00	186.59	101.50	16.00	1	3	
2	186.59	101.50	216.30	54.81	55.35	0	
3	216.30	54.81	241.00	16.00	46.00	1	4	

3	5	202.943	4
1	178.00	115.00	165.78	125.33	16.00	1	3	
2	165.78	125.33	55.56	218.48	144.31	0	
3	55.56	218.48	39.04	232.44	21.63	1	2	
4	39.04	232.44	23.00	246.00	21.00	2	2	5	

3	6	125.399	3
1	178.00	115.00	164.09	122.91	16.00	1	3	
2	164.09	122.91	86.38	167.11	89.40	0	
3	86.38	167.11	69.00	177.00	20.00	1	6	

3	7	145.561	3
1	178.00	115.00	162.39	118.52	16.00	1	3	
2	162.39	118.52	50.63	143.70	114.56	0	
3	50.63	143.70	36.00	147.00	15.00	1	7	

3	8	63.285	3
1	178.00	115.00	162.07	116.52	16.00	1	3	
2	162.07	116.52	117.99	120.72	44.29	0	
3	117.99	120.72	115.00	121.00	3.00	1	8	

3	9	95.126	3
1	178.00	115.00	193.64	118.36	16.00	1	3	
2	193.64	118.36	270.02	134.79	78.13	0	
3	270.02	134.79	271.00	135.00	1.00	1	9	

4	0	315.317	4
1	241.00	16.00	219.85	56.85	46.00	1	4	
2	219.85	56.85	192.84	109.01	58.74	0	
3	192.84	109.01	181.67	130.57	24.29	1	3	
4	181.67	130.57	96.00	296.00	186.29	0	

4	1	84.202	3
1	241.00	16.00	253.56	60.25	46.00	1	4	
2	253.56	60.25	255.26	66.22	6.20	0	
3	255.26	66.22	264.00	97.00	32.00	1	1	

4	2	315.493	5
1	241.00	16.00	211.84	51.58	46.00	1	4	
2	211.84	51.58	172.02	100.16	62.82	0	
3	172.02	100.16	162.28	112.04	15.36	1	3	
4	162.28	112.04	68.89	225.97	147.31	0	
5	68.89	225.97	41.00	260.00	44.00	1	2	

4	3	117.346	3
1	241.00	16.00	216.30	54.81	46.00	1	4	
2	216.30	54.81	186.59	101.50	55.35	0	
3	186.59	101.50	178.00	115.00	16.00	1	3	

4	4	0	0

4	5	316.897	6
1	241.00	16.00	209.36	49.39	46.00	1	4	
2	209.36	49.39	88.99	176.38	174.97	0	
3	88.99	176.38	69.45	197.00	28.41	1	6	
4	69.45	197.00	50.46	217.03	27.60	0	
5	50.46	217.03	37.45	230.76	18.92	1	2	
6	37.45	230.76	23.00	246.00	21.00	2	2	5	

4	6	235.595	3
1	241.00	16.00	207.42	47.44	46.00	1	4	
2	207.42	47.44	83.60	163.33	169.59	0	
3	83.60	163.33	69.00	177.00	20.00	1	6	

4	7	243.282	3
1	241.00	16.00	202.24	40.77	46.00	1	4	
2	202.24	40.77	48.64	138.92	182.28	0	
3	48.64	138.92	36.00	147.00	15.00	1	7	

4	8	164.015	3
1	241.00	16.00	205.66	45.45	46.00	1	4	
2	205.66	45.45	117.30	119.08	115.02	0	
3	117.30	119.08	115.00	121.00	3.00	1	8	

4	9	122.723	5
1	241.00	16.00	252.24	60.60	46.00	1	4	
2	252.24	60.60	253.78	66.68	6.26	0	
3	253.78	66.68	269.37	128.55	63.80	1	1	
4	269.37	128.55	270.76	134.03	5.66	0	
5	270.76	134.03	271.00	135.00	1.00	1	9	

5	0	88.482	3
1	23.00	246.00	40.33	257.87	21.00	2	2	5	
2	40.33	257.87	78.06	283.71	45.74	1	2	
3	78.06	283.71	96.00	296.00	21.74	0	

5	1	283.341	4
1	23.00	246.00	40.86	234.96	21.00	2	2	5	
2	40.86	234.96	62.47	221.60	25.41	1	2	
3	62.47	221.60	236.78	113.83	204.93	0	
4	236.78	113.83	264.00	97.00	32.00	1	1	

5	2	22.804	2
1	23.00	246.00	39.58	258.89	21.00	2	2	5	
2	39.58	258.89	41.00	260.00	1.80	1	2	

5	3	202.943	4
1	23.00	246.00	39.04	232.44	21.00	2	2	5	
2	39.04	232.44	55.56	218.48	21.63	1	2	
3	55.56	218.48	165.78	125.33	144.31	0	
4	165.78	125.33	178.00	115.00	16.00	1	3	

5	4	316.897	6
1	23.00	246.00	37.45	230.76	21.00	2	2	5	
2	37.45	230.76	50.46	217.03	18.92	1	2	
3	50.46	217.03	69.45	197.00	27.60	0	
4	69.45	197.00	88.99	176.38	28.41	1	6	
5	88.99	176.38	209.36	49.39	174.97	0	
6	209.36	49.39	241.00	16.00	46.00	1	4	

5	5	0	0

5	6	82.928	4
1	23.00	246.00	34.65	228.53	21.00	2	2	5	
2	34.65	228.53	42.97	216.04	15.00	1	2	
3	42.97	216.04	57.91	193.64	26.93	0	
4	57.91	193.64	69.00	177.00	20.00	1	6	

5	7	99.850	4
1	23.00	246.00	25.73	225.18	21.00	2	2	5	
2	25.73	225.18	26.62	218.42	6.82	1	2	
3	26.62	218.42	34.05	161.87	57.03	0	
4	34.05	161.87	36.00	147.00	15.00	1	7	

5	8	155.206	6
1	23.00	246.00	35.45	229.09	21.00	2	2	5	
2	35.45	229.09	44.95	216.18	16.03	1	2	
3	44.95	216.18	60.47	195.09	26.18	0	
4	60.47	195.09	83.74	163.48	39.25	1	6	
5	83.74	163.48	113.22	123.42	49.74	0	
6	113.22	123.42	115.00	121.00	3.00	1	8	

5	9	271.708	4
1	23.00	246.00	42.17	237.42	21.00	2	2	5	
2	42.17	237.42	68.49	225.64	28.83	1	2	
3	68.49	225.64	270.09	135.41	220.87	0	
4	270.09	135.41	271.00	135.00	1.00	1	9	

6	0	122.025	2
1	69.00	177.00	73.43	196.50	20.00	1	6	
2	73.43	196.50	96.00	296.00	102.02	0	

6	1	210.772	5
1	69.00	177.00	87.50	169.41	20.00	1	6	
2	87.50	169.41	183.52	130.02	103.78	0	
3	183.52	130.02	184.62	129.57	1.20	1	3	
4	184.62	129.57	234.39	109.15	53.80	0	
5	234.39	109.15	264.00	97.00	32.00	1	1	

6	2	87.596	3
1	69.00	177.00	62.61	195.95	20.00	1	6	
2	62.61	195.95	55.06	218.31	23.60	0	
3	55.06	218.31	41.00	260.00	44.00	1	2	

6	3	125.399	3
1	69.00	177.00	86.38	167.11	20.00	1	6	
2	86.38	167.11	164.09	122.91	89.40	0	
3	164.09	122.91	178.00	115.00	16.00	1	3	

6	4	235.595	3
1	69.00	177.00	83.60	163.33	20.00	1	6	
2	83.60	163.33	207.42	47.44	169.59	0	
3	207.42	47.44	241.00	16.00	46.00	1	4	

6	5	82.928	4
1	69.00	177.00	57.91	193.64	20.00	1	6	
2	57.91	193.64	42.97	216.04	26.93	0	
3	42.97	216.04	34.65	228.53	15.00	1	2	
4	34.65	228.53	23.00	246.00	21.00	2	2	5	

6	6	0	0

6	7	44.598	3
1	69.00	177.00	54.20	163.55	20.00	1	6	
2	54.20	163.55	47.10	157.09	9.60	0	
3	47.10	157.09	36.00	147.00	15.00	1	7	

6	8	72.471	3
1	69.00	177.00	81.69	161.55	20.00	1	6	
2	81.69	161.55	113.10	123.32	49.47	0	
3	113.10	123.32	115.00	121.00	3.00	1	8	

6	9	206.320	3
1	69.00	177.00	88.58	172.93	20.00	1	6	
2	88.58	172.93	270.02	135.20	185.32	0	
3	270.02	135.20	271.00	135.00	1.00	1	9	

7	0	160.627	6
1	36.00	147.00	41.60	160.91	15.00	1	7	
2	41.60	160.91	49.19	179.76	20.31	0	
3	49.19	179.76	52.81	188.74	9.68	1	6	
4	52.81	188.74	67.30	224.72	38.79	0	
5	67.30	224.72	84.41	267.21	45.80	1	2	
6	84.41	267.21	96.00	296.00	31.04	0	

7	1	233.418	5
1	36.00	147.00	50.65	143.79	15.00	1	7	
2	50.65	143.79	162.57	119.24	114.58	0	
3	162.57	119.24	193.79	112.40	31.96	1	3	
4	193.79	112.40	232.74	103.85	39.88	0	
5	232.74	103.85	264.00	97.00	32.00	1	1	

7	2	113.111	5
1	36.00	147.00	36.66	161.99	15.00	0	
2	36.66	161.99	39.05	216.04	54.11	0	
3	39.05	216.04	39.82	233.43	17.41	1	2	
4	39.82	233.43	40.87	257.03	23.62	2	2	5	
5	40.87	257.03	41.00	260.00	2.97	1	2	

7	3	145.561	3
1	36.00	147.00	50.63	143.70	15.00	1	7	
2	50.63	143.70	162.39	118.52	114.56	0	
3	162.39	118.52	178.00	115.00	16.00	1	3	

7	4	243.282	3
1	36.00	147.00	48.64	138.92	15.00	1	7	
2	48.64	138.92	202.24	40.77	182.28	0	
3	202.24	40.77	241.00	16.00	46.00	1	4	

7	5	99.850	4
1	36.00	147.00	34.05	161.87	15.00	1	7	
2	34.05	161.87	26.62	218.42	57.03	0	
3	26.62	218.42	25.73	225.18	6.82	1	2	
4	25.73	225.18	23.00	246.00	21.00	2	2	5	

7	6	44.598	3
1	36.00	147.00	47.10	157.09	15.00	1	7	
2	47.10	157.09	54.20	163.55	9.60	0	
3	54.20	163.55	69.00	177.00	20.00	1	6	

7	7	0	0

7	8	83.169	3
1	36.00	147.00	50.25	142.31	15.00	1	7	
2	50.25	142.31	112.15	121.94	65.17	0	
3	112.15	121.94	115.00	121.00	3.00	1	8	

7	9	235.306	3
1	36.00	147.00	50.98	146.24	15.00	1	7	
2	50.98	146.24	270.00	135.05	219.31	0	
3	270.00	135.05	271.00	135.00	1.00	1	9	

8	0	176.028	2
1	115.00	121.00	114.68	123.98	3.00	1	8	
2	114.68	123.98	96.00	296.00	173.03	0	

8	1	150.921	5
1	115.00	121.00	117.96	120.52	3.00	1	8	
2	117.96	120.52	162.08	113.42	44.69	0	
3	162.08	113.42	192.62	108.50	30.93	1	3	
4	192.62	108.50	232.41	102.09	40.30	0	
5	232.41	102.09	264.00	97.00	32.00	1	1	

8	2	157.471	5
1	115.00	121.00	113.59	123.65	3.00	1	8	
2	113.59	123.65	88.19	171.36	54.05	0	
3	88.19	171.36	75.04	196.07	27.99	1	6	
4	75.04	196.07	61.68	221.16	28.43	0	
5	61.68	221.16	41.00	260.00	44.00	1	2	

8	3	63.285	3
1	115.00	121.00	117.99	120.72	3.00	1	8	
2	117.99	120.72	162.07	116.52	44.29	0	
3	162.07	116.52	178.00	115.00	16.00	1	3	

8	4	164.015	3
1	115.00	121.00	117.30	119.08	3.00	1	8	
2	117.30	119.08	205.66	45.45	115.02	0	
3	205.66	45.45	241.00	16.00	46.00	1	4	

8	5	155.206	6
1	115.00	121.00	113.22	123.42	3.00	1	8	
2	113.22	123.42	83.74	163.48	49.74	0	
3	83.74	163.48	60.47	195.09	39.25	1	6	
4	60.47	195.09	44.95	216.18	26.18	0	
5	44.95	216.18	35.45	229.09	16.03	1	2	
6	35.45	229.09	23.00	246.00	21.00	2	2	5	

8	6	72.471	3
1	115.00	121.00	113.10	123.32	3.00	1	8	
2	113.10	123.32	81.69	161.55	49.47	0	
3	81.69	161.55	69.00	177.00	20.00	1	6	

8	7	83.169	3
1	115.00	121.00	112.15	121.94	3.00	1	8	
2	112.15	121.94	50.25	142.31	65.17	0	
3	50.25	142.31	36.00	147.00	15.00	1	7	

8	8	0	0

8	9	156.627	5
1	115.00	121.00	117.99	121.27	3.00	1	8	
2	117.99	121.27	165.99	125.58	48.20	0	
3	165.99	125.58	187.93	127.55	22.02	1	3	
4	187.93	127.55	270.00	134.91	82.40	0	
5	270.00	134.91	271.00	135.00	1.00	1	9	

9	0	237.794	2
1	271.00	135.00	270.26	135.68	1.00	1	9	
2	270.26	135.68	96.00	296.00	236.79	0	

9	1	38.639	3
1	271.00	135.00	270.82	134.02	1.00	1	9	
2	270.82	134.02	269.80	128.47	5.64	0	
3	269.80	128.47	264.00	97.00	32.00	1	1	

9	2	261.773	3
1	271.00	135.00	270.12	135.48	1.00	1	9	
2	270.12	135.48	79.66	238.99	216.77	0	
3	79.66	238.99	41.00	260.00	44.00	1	2	

9	3	95.126	3
1	271.00	135.00	270.02	134.79	1.00	1	9	
2	270.02	134.79	193.64	118.36	78.13	0	
3	193.64	118.36	178.00	115.00	16.00	1	3	

9	4	122.723	5
1	271.00	135.00	270.76	134.03	1.00	1	9	
2	270.76	134.03	269.37	128.55	5.66	0	
3	269.37	128.55	253.78	66.68	63.80	1	1	
4	253.78	66.68	252.24	60.60	6.26	0	
5	252.24	60.60	241.00	16.00	46.00	1	4	

9	5	271.708	4
1	271.00	135.00	270.09	135.41	1.00	1	9	
2	270.09	135.41	68.49	225.64	220.87	0	
3	68.49	225.64	42.17	237.42	28.83	1	2	
4	42.17	237.42	23.00	246.00	21.00	2	2	5	

9	6	206.320	3
1	271.00	135.00	270.02	135.20	1.00	1	9	
2	270.02	135.20	88.58	172.93	185.32	0	
3	88.58	172.93	69.00	177.00	20.00	1	6	

9	7	235.306	3
1	271.00	135.00	270.00	135.05	1.00	1	9	
2	270.00	135.05	50.98	146.24	219.31	0	
3	50.98	146.24	36.00	147.00	15.00	1	7	

9	8	156.627	5
1	271.00	135.00	270.00	134.91	1.00	1	9	
2	270.00	134.91	187.93	127.55	82.40	0	
3	187.93	127.55	165.99	125.58	22.02	1	3	
4	165.99	125.58	117.99	121.27	48.20	0	
5	117.99	121.27	115.00	121.00	3.00	1	8	

9	9	0	0