10	157	2	0.001	60.0
140.000	166.000	0.000	4.000	0.000
181.000	158.000	38.000	10.000	15.000
296.000	121.000	6.000	10.000	10.000
126.000	131.000	8.000	9.000	17.000
83.000	299.000	10.000	5.000	18.000
297.000	92.000	6.000	1.000	6.000
82.000	294.000	6.000	4.000	9.000
69.000	151.000	41.000	9.000	17.000
222.000	188.000	31.000	4.000	5.000
98.000	267.000	11.000	2.000	8.000

0	0	0	0

0	1	41.773	2
1	140.00	166.00	143.70	165.28	3.77	0	
2	143.70	165.28	181.00	158.00	38.00	1	1	

0	2	162.361	4
1	140.00	166.00	143.64	164.95	3.79	0	
2	143.64	164.95	216.32	143.98	75.64	1	1	
3	216.32	143.98	290.24	122.66	76.93	0	
4	290.24	122.66	296.00	121.00	6.00	1	2	

0	3	37.696	2
1	140.00	166.00	128.97	138.43	29.70	0	
2	128.97	138.43	126.00	131.00	8.00	1	3	

0	4	144.700	5
1	140.00	166.00	101.22	256.48	98.44	0	
2	101.22	256.48	92.61	276.59	21.87	1	9	
3	92.61	276.59	86.94	289.81	14.39	0	
4	86.94	289.81	86.73	290.30	0.54	1	4	
5	86.73	290.30	83.00	299.00	9.46	2	4	6	

0	5	173.566	4
1	140.00	166.00	143.53	164.34	3.90	0	
2	143.53	164.34	209.73	133.13	73.19	1	1	
3	209.73	133.13	291.57	94.56	90.47	0	
4	291.57	94.56	297.00	92.00	6.00	1	5	

0	6	140.528	5
1	140.00	166.00	99.19	256.06	98.88	0	
2	99.19	256.06	90.56	275.10	20.90	1	9	
3	90.56	275.10	84.48	288.53	14.75	0	
4	84.48	288.53	84.23	289.08	0.59	1	6	
5	84.23	289.08	82.00	294.00	5.41	2	4	6	

0	7	72.567	2
1	140.00	166.00	109.11	159.47	31.57	0	
2	109.11	159.47	69.00	151.00	41.00	1	7	

0	8	84.900	4
1	140.00	166.00	144.11	167.10	4.25	0	
2	144.11	167.10	192.06	179.97	49.65	1	1	
3	192.06	179.97	208.38	184.35	16.90	2	1	8	
4	208.38	184.35	222.00	188.00	14.10	1	8	

0	9	109.385	2
1	140.00	166.00	102.22	256.84	98.38	0	
2	102.22	256.84	98.00	267.00	11.00	1	9	

1	0	41.773	2
1	181.00	158.00	143.70	165.28	38.00	1	1	
2	143.70	165.28	140.00	166.00	3.77	0	

1	1	0	0

1	2	120.806	3
1	181.00	158.00	217.17	146.36	38.00	1	1	
2	217.17	146.36	290.29	122.84	76.81	0	
3	290.29	122.84	296.00	121.00	6.00	1	2	

1	3	61.270	3
1	181.00	158.00	146.89	141.25	38.00	1	1	
2	146.89	141.25	133.18	134.53	15.27	0	
3	133.18	134.53	126.00	131.00	8.00	1	3	

1	4	171.712	6
1	181.00	158.00	159.31	189.20	38.00	1	1	
2	159.31	189.20	108.16	262.79	89.62	0	
3	108.16	262.79	97.60	277.99	18.51	1	9	
4	97.60	277.99	88.71	290.79	15.58	0	
5	88.71	290.79	87.72	292.20	1.72	1	4	
6	87.72	292.20	83.00	299.00	8.28	2	4	6	

1	5	133.462	3
1	181.00	158.00	214.03	139.21	38.00	1	1	
2	214.03	139.21	291.79	94.97	89.46	0	
3	291.79	94.97	297.00	92.00	6.00	1	5	

1	6	168.217	6
1	181.00	158.00	158.64	188.72	38.00	1	1	
2	158.64	188.72	106.62	260.17	88.38	0	
3	106.62	260.17	94.15	277.31	21.19	1	9	
4	94.15	277.31	85.53	289.15	14.65	0	
5	85.53	289.15	85.42	289.30	0.18	1	6	
6	85.42	289.30	82.00	294.00	5.82	2	4	6	

1	7	112.219	3
1	181.00	158.00	143.07	155.63	38.00	1	1	
2	143.07	155.63	109.92	153.56	33.22	0	
3	109.92	153.56	69.00	151.00	41.00	1	7	

1	8	50.804	3
1	181.00	158.00	196.98	169.69	19.80	1	1	
2	196.98	169.69	211.67	180.44	18.20	2	1	8	
3	211.67	180.44	222.00	188.00	12.80	1	8	

1	9	137.004	3
1	181.00	158.00	157.98	188.23	38.00	1	1	
2	157.98	188.23	104.66	258.25	88.00	0	
3	104.66	258.25	98.00	267.00	11.00	1	9	

2	0	162.361	4
1	296.00	121.00	290.24	122.66	6.00	1	2	
2	290.24	122.66	216.32	143.98	76.93	0	
3	216.32	143.98	143.64	164.95	75.64	1	1	
4	143.64	164.95	140.00	166.00	3.79	0	

2	1	120.806	3
1	296.00	121.00	290.29	122.84	6.00	1	2	
2	290.29	122.84	217.17	146.36	76.81	0	
3	217.17	146.36	181.00	158.00	38.00	1	1	

2	2	0	0

2	3	170.294	5
1	296.00	121.00	290.01	121.35	6.00	1	2	
2	290.01	121.35	202.27	126.51	87.89	0	
3	202.27	126.51	156.18	129.22	46.17	1	1	
4	156.18	129.22	133.99	130.53	22.23	0	
5	133.99	130.53	126.00	131.00	8.00	1	3	

2	4	277.584	6
1	296.00	121.00	291.40	124.85	6.00	1	2	
2	291.40	124.85	243.05	165.25	63.00	0	
3	243.05	165.25	195.87	204.68	61.49	1	8	
4	195.87	204.68	90.67	292.59	137.09	0	
5	90.67	292.59	87.94	294.88	3.57	1	4	
6	87.94	294.88	83.00	299.00	6.43	2	4	6	

2	5	29.017	3
1	296.00	121.00	296.21	115.00	6.00	1	2	
2	296.21	115.00	296.79	98.00	17.02	0	
3	296.79	98.00	297.00	92.00	6.00	1	5	

2	6	275.182	8
1	296.00	121.00	291.33	124.77	6.00	1	2	
2	291.33	124.77	242.20	164.49	63.18	0	
3	242.20	164.49	194.78	202.83	60.99	1	8	
4	194.78	202.83	105.78	274.77	114.44	0	
5	105.78	274.77	103.97	276.24	2.33	1	9	
6	103.97	276.24	87.10	289.88	21.70	0	
7	87.10	289.88	86.67	290.23	0.56	1	4	
8	86.67	290.23	82.00	294.00	6.00	2	4	6	

2	7	228.974	5
1	296.00	121.00	290.05	121.79	6.00	1	2	
2	290.05	121.79	209.15	132.48	81.60	0	
3	209.15	132.48	147.18	140.67	62.51	1	1	
4	147.18	140.67	109.65	145.63	37.86	0	
5	109.65	145.63	69.00	151.00	41.00	1	7	

2	8	99.825	3
1	296.00	121.00	291.55	125.03	6.00	1	2	
2	291.55	125.03	244.98	167.19	62.82	0	
3	244.98	167.19	222.00	188.00	31.00	1	8	

2	9	246.008	5
1	296.00	121.00	291.17	124.56	6.00	1	2	
2	291.17	124.56	239.68	162.53	63.98	0	
3	239.68	162.53	192.45	197.36	58.68	1	8	
4	192.45	197.36	106.85	260.47	106.35	0	
5	106.85	260.47	98.00	267.00	11.00	1	9	

3	0	37.696	2
1	126.00	131.00	128.97	138.43	8.00	1	3	
2	128.97	138.43	140.00	166.00	29.70	0	

3	1	61.270	3
1	126.00	131.00	133.18	134.53	8.00	1	3	
2	133.18	134.53	146.89	141.25	15.27	0	
3	146.89	141.25	181.00	158.00	38.00	1	1	

3	2	170.294	5
1	126.00	131.00	133.99	130.53	8.00	1	3	
2	133.99	130.53	156.18	129.22	22.23	0	
3	156.18	129.22	202.27	126.51	46.17	1	1	
4	202.27	126.51	290.01	121.35	87.89	0	
5	290.01	121.35	296.00	121.00	6.00	1	2	

3	3	0	0

3	4	173.416	6
1	126.00	131.00	124.02	138.75	8.00	1	3	
2	124.02	138.75	93.79	256.84	121.89	0	
3	93.79	256.84	89.43	273.89	17.60	1	9	
4	89.43	273.89	85.52	289.14	15.74	0	
5	85.52	289.14	85.48	289.31	0.17	1	6	
6	85.48	289.31	83.00	299.00	10.00	2	4	6	

3	5	175.391	3
1	126.00	131.00	133.80	129.22	8.00	1	3	
2	133.80	129.22	291.15	93.33	161.39	0	
3	291.15	93.33	297.00	92.00	6.00	1	5	

3	6	168.834	6
1	126.00	131.00	123.92	138.72	8.00	1	3	
2	123.92	138.72	91.73	257.96	123.51	0	
3	91.73	257.96	88.03	271.65	14.18	1	9	
4	88.03	271.65	83.56	288.21	17.15	0	
5	83.56	288.21	83.35	289.01	0.83	1	6	
6	83.35	289.01	82.00	294.00	5.17	2	4	6	

3	7	60.407	3
1	126.00	131.00	118.45	133.65	8.00	1	3	
2	118.45	133.65	107.69	137.43	11.41	0	
3	107.69	137.43	69.00	151.00	41.00	1	7	

3	8	111.647	5
1	126.00	131.00	132.88	135.08	8.00	1	3	
2	132.88	135.08	146.11	142.94	15.39	0	
3	146.11	142.94	195.34	172.17	57.26	1	1	
4	195.34	172.17	210.92	181.42	18.12	2	1	8	
5	210.92	181.42	222.00	188.00	12.88	1	8	

3	9	138.852	3
1	126.00	131.00	124.39	138.84	8.00	1	3	
2	124.39	138.84	100.22	256.23	119.85	0	
3	100.22	256.23	98.00	267.00	11.00	1	9	

4	0	144.700	5
1	83.00	299.00	86.73	290.30	9.46	2	4	6	
2	86.73	290.30	86.94	289.81	0.54	1	4	
3	86.94	289.81	92.61	276.59	14.39	0	
4	92.61	276.59	101.22	256.48	21.87	1	9	
5	101.22	256.48	140.00	166.00	98.44	0	

4	1	171.712	6
1	83.00	299.00	87.72	292.20	8.28	2	4	6	
2	87.72	292.20	88.71	290.79	1.72	1	4	
3	88.71	290.79	97.60	277.99	15.58	0	
4	97.60	277.99	108.16	262.79	18.51	1	9	
5	108.16	262.79	159.31	189.20	89.62	0	
6	159.31	189.20	181.00	158.00	38.00	1	1	

4	2	277.584	6
1	83.00	299.00	87.94	294.88	6.43	2	4	6	
2	87.94	294.88	90.67	292.59	3.57	1	4	
3	90.67	292.59	195.87	204.68	137.09	0	
4	195.87	204.68	243.05	165.25	61.49	1	8	
5	243.05	165.25	291.40	124.85	63.00	0	
6	291.40	124.85	296.00	121.00	6.00	1	2	

4	3	173.416	6
1	83.00	299.00	85.48	289.31	10.00	2	4	6	
2	85.48	289.31	85.52	289.14	0.17	1	6	
3	85.52	289.14	89.43	273.89	15.74	0	
4	89.43	273.89	93.79	256.84	17.60	1	9	
5	93.79	256.84	124.02	138.75	121.89	0	
6	124.02	138.75	126.00	131.00	8.00	1	3	

4	4	0	0

4	5	297.733	8
1	83.00	299.00	88.00	294.17	6.95	2	4	6	
2	88.00	294.17	90.19	292.05	3.05	1	4	
3	90.19	292.05	190.82	194.71	140.00	0	
4	190.82	194.71	191.58	193.97	1.06	1	1	
5	191.58	193.97	217.36	169.03	35.87	2	1	8	
6	217.36	169.03	228.98	157.80	16.16	1	8	
7	228.98	157.80	292.69	96.17	88.64	0	
8	292.69	96.17	297.00	92.00	6.00	1	5	

4	6	5.099	1
1	83.00	299.00	82.00	294.00	5.10	2	4	6	

4	7	148.661	4
1	83.00	299.00	82.06	289.04	10.00	2	4	6	
2	82.06	289.04	81.96	288.00	1.05	1	6	
3	81.96	288.00	72.86	191.82	96.61	0	
4	72.86	191.82	69.00	151.00	41.00	1	7	

4	8	177.882	4
1	83.00	299.00	87.90	295.09	6.27	2	4	6	
2	87.90	295.09	90.81	292.76	3.73	1	4	
3	90.81	292.76	197.78	207.34	136.88	0	
4	197.78	207.34	222.00	188.00	31.00	1	8	

4	9	35.341	4
1	83.00	299.00	86.94	290.59	9.28	2	4	6	
2	86.94	290.59	87.24	289.95	0.72	1	4	
3	87.24	289.95	93.33	276.96	14.34	0	
4	93.33	276.96	98.00	267.00	11.00	1	9	

5	0	173.566	4
1	297.00	92.00	291.57	94.56	6.00	1	5	
2	291.57	94.56	209.73	133.13	90.47	0	
3	209.73	133.13	143.53	164.34	73.19	1	1	
4	143.53	164.34	140.00	166.00	3.90	0	

5	1	133.462	3
1	297.00	92.00	291.79	94.97	6.00	1	5	
2	291.79	94.97	214.03	139.21	89.46	0	
3	214.03	139.21	181.00	158.00	38.00	1	1	

5	2	29.017	3
1	297.00	92.00	296.79	98.00	6.00	1	5	
2	296.79	98.00	296.21	115.00	17.02	0	
3	296.21	115.00	296.00	121.00	6.00	1	2	

5	3	175.391	3
1	297.00	92.00	291.15	93.33	6.00	1	5	
2	291.15	93.33	133.80	129.22	161.39	0	
3	133.80	129.22	126.00	131.00	8.00	1	3	

5	4	297.733	8
1	297.00	92.00	292.69	96.17	6.00	1	5	
2	292.69	96.17	228.98	157.80	88.64	0	
3	228.98	157.80	217.36	169.03	16.16	1	8	
4	217.36	169.03	191.58	193.97	35.87	2	1	8	
5	191.58	193.97	190.82	194.71	1.06	1	1	
6	190.82	194.71	90.19	292.05	140.00	0	
7	90.19	292.05	88.00	294.17	3.05	1	4	
8	88.00	294.17	83.00	299.00	6.95	2	4	6	

5	5	0	0

5	6	295.007	10
1	297.00	92.00	292.63	96.11	6.00	1	5	
2	292.63	96.11	227.33	157.46	89.60	0	
3	227.33	157.46	218.13	166.11	12.62	1	8	
4	218.13	166.11	191.19	191.41	36.96	2	1	8	
5	191.19	191.41	186.78	195.56	6.05	1	1	
6	186.78	195.56	108.86	268.77	106.92	0	
7	108.86	268.77	99.09	277.95	13.41	1	9	
8	99.09	277.95	86.61	289.67	17.13	0	
9	86.61	289.67	86.37	289.89	0.32	1	4	
10	86.37	289.89	82.00	294.00	6.00	2	4	6	

5	7	235.510	7
1	297.00	92.00	291.19	93.50	6.00	1	5	
2	291.19	93.50	186.97	120.47	107.65	0	
3	186.97	120.47	157.57	128.08	30.37	1	1	
4	157.57	128.08	133.25	134.37	25.12	0	
5	133.25	134.37	121.29	137.47	12.36	1	3	
6	121.29	137.47	108.69	140.73	13.01	0	
7	108.69	140.73	69.00	151.00	41.00	1	7	

5	8	121.824	3
1	297.00	92.00	293.31	96.73	6.00	1	5	
2	293.31	96.73	241.09	163.57	84.82	0	
3	241.09	163.57	222.00	188.00	31.00	1	8	

5	9	265.002	7
1	297.00	92.00	292.49	95.96	6.00	1	5	
2	292.49	95.96	223.06	157.02	92.46	0	
3	223.06	157.02	218.91	160.68	5.54	1	8	
4	218.91	160.68	191.14	185.10	36.98	2	1	8	
5	191.14	185.10	178.81	195.94	16.42	1	1	
6	178.81	195.94	106.26	259.74	96.61	0	
7	106.26	259.74	98.00	267.00	11.00	1	9	

6	0	140.528	5
1	82.00	294.00	84.23	289.08	5.41	2	4	6	
2	84.23	289.08	84.48	288.53	0.59	1	6	
3	84.48	288.53	90.56	275.10	14.75	0	
4	90.56	275.10	99.19	256.06	20.90	1	9	
5	99.19	256.06	140.00	166.00	98.88	0	

6	1	168.217	6
1	82.00	294.00	85.42	289.30	5.82	2	4	6	
2	85.42	289.30	85.53	289.15	0.18	1	6	
3	85.53	289.15	94.15	277.31	14.65	0	
4	94.15	277.31	106.62	260.17	21.19	1	9	
5	106.62	260.17	158.64	188.72	88.38	0	
6	158.64	188.72	181.00	158.00	38.00	1	1	

6	2	275.182	8
1	82.00	294.00	86.67	290.23	6.00	2	4	6	
2	86.67	290.23	87.10	289.88	0.56	1	4	
3	87.10	289.88	103.97	276.24	21.70	0	
4	103.97	276.24	105.78	274.77	2.33	1	9	
5	105.78	274.77	194.78	202.83	114.44	0	
6	194.78	202.83	242.20	164.49	60.99	1	8	
7	242.20	164.49	291.33	124.77	63.18	0	
8	291.33	124.77	296.00	121.00	6.00	1	2	

6	3	168.834	6
1	82.00	294.00	83.35	289.01	5.17	2	4	6	
2	83.35	289.01	83.56	288.21	0.83	1	6	
3	83.56	288.21	88.03	271.65	17.15	0	
4	88.03	271.65	91.73	257.96	14.18	1	9	
5	91.73	257.96	123.92	138.72	123.51	0	
6	123.92	138.72	126.00	131.00	8.00	1	3	

6	4	5.099	1
1	82.00	294.00	83.00	299.00	5.10	2	4	6	

6	5	295.007	10
1	82.00	294.00	86.37	289.89	6.00	2	4	6	
2	86.37	289.89	86.61	289.67	0.32	1	4	
3	86.61	289.67	99.09	277.95	17.13	0	
4	99.09	277.95	108.86	268.77	13.41	1	9	
5	108.86	268.77	186.78	195.56	106.92	0	
6	186.78	195.56	191.19	191.41	6.05	1	1	
7	191.19	191.41	218.13	166.11	36.96	2	1	8	
8	218.13	166.11	227.33	157.46	12.62	1	8	
9	227.33	157.46	292.63	96.11	89.60	0	
10	292.63	96.11	297.00	92.00	6.00	1	5	

6	6	0	0

6	7	143.590	4
1	82.00	294.00	81.56	289.11	4.92	2	4	6	
2	81.56	289.11	81.46	288.02	1.08	1	6	
3	81.46	288.02	72.71	191.83	96.59	0	
4	72.71	191.83	69.00	151.00	41.00	0	

6	8	175.602	4
1	82.00	294.00	86.78	290.38	6.00	2	4	6	
2	86.78	290.38	87.31	289.98	0.66	1	4	
3	87.31	289.98	197.28	206.71	137.94	0	
4	197.28	206.71	222.00	188.00	31.00	1	8	

6	9	31.385	4
1	82.00	294.00	84.86	289.17	5.61	2	4	6	
2	84.86	289.17	85.06	288.84	0.39	1	6	
3	85.06	288.84	92.39	276.46	14.38	0	
4	92.39	276.46	98.00	267.00	11.00	1	9	

7	0	72.567	2
1	69.00	151.00	109.11	159.47	41.00	1	7	
2	109.11	159.47	140.00	166.00	31.57	0	

7	1	112.219	3
1	69.00	151.00	109.92	153.56	41.00	1	7	
2	109.92	153.56	143.07	155.63	33.22	0	
3	143.07	155.63	181.00	158.00	38.00	1	1	

7	2	228.974	5
1	69.00	151.00	109.65	145.63	41.00	1	7	
2	109.65	145.63	147.18	140.67	37.86	0	
3	147.18	140.67	209.15	132.48	62.51	1	1	
4	209.15	132.48	290.05	121.79	81.60	0	
5	290.05	121.79	296.00	121.00	6.00	1	2	

7	3	60.407	3
1	69.00	151.00	107.69	137.43	41.00	1	7	
2	107.69	137.43	118.45	133.65	11.41	0	
3	118.45	133.65	126.00	131.00	8.00	1	3	

7	4	148.661	4
1	69.00	151.00	72.86	191.82	41.00	1	7	
2	72.86	191.82	81.96	288.00	96.61	0	
3	81.96	288.00	82.06	289.04	1.05	1	6	
4	82.06	289.04	83.00	299.00	10.00	2	4	6	

7	5	235.510	7
1	69.00	151.00	108.69	140.73	41.00	1	7	
2	108.69	140.73	121.29	137.47	13.01	0	
3	121.29	137.47	133.25	134.37	12.36	1	3	
4	133.25	134.37	157.57	128.08	25.12	0	
5	157.57	128.08	186.97	120.47	30.37	1	1	
6	186.97	120.47	291.19	93.50	107.65	0	
7	291.19	93.50	297.00	92.00	6.00	1	5	

7	6	143.590	4
1	69.00	151.00	72.71	191.83	41.00	0	
2	72.71	191.83	81.46	288.02	96.59	0	
3	81.46	288.02	81.56	289.11	1.08	1	6	
4	81.56	289.11	82.00	294.00	4.92	2	4	6	

7	7	0	0

7	8	157.410	5
1	69.00	151.00	108.85	160.64	41.00	1	7	
2	108.85	160.64	144.72	169.31	36.91	0	
3	144.72	169.31	191.87	180.71	48.50	1	1	
4	191.87	180.71	208.10	184.64	16.70	2	1	8	
5	208.10	184.64	222.00	188.00	14.30	1	8	

7	9	119.570	3
1	69.00	151.00	78.94	190.78	41.00	0	
2	78.94	190.78	95.33	256.33	67.57	0	
3	95.33	256.33	98.00	267.00	11.00	1	9	

8	0	84.900	4
1	222.00	188.00	208.38	184.35	14.10	1	8	
2	208.38	184.35	192.06	179.97	16.90	2	1	8	
3	192.06	179.97	144.11	167.10	49.65	1	1	
4	144.11	167.10	140.00	166.00	4.25	0	

8	1	50.804	3
1	222.00	188.00	211.67	180.44	12.80	1	8	
2	211.67	180.44	196.98	169.69	18.20	2	1	8	
3	196.98	169.69	181.00	158.00	19.80	1	1	

8	2	99.825	3
1	222.00	188.00	244.98	167.19	31.00	1	8	
2	244.98	167.19	291.55	125.03	62.82	0	
3	291.55	125.03	296.00	121.00	6.00	1	2	

8	3	111.647	5
1	222.00	188.00	210.92	181.42	12.88	1	8	
2	210.92	181.42	195.34	172.17	18.12	2	1	8	
3	195.34	172.17	146.11	142.94	57.26	1	1	
4	146.11	142.94	132.88	135.08	15.39	0	
5	132.88	135.08	126.00	131.00	8.00	1	3	

8	4	177.882	4
1	222.00	188.00	197.78	207.34	31.00	1	8	
2	197.78	207.34	90.81	292.76	136.88	0	
3	90.81	292.76	87.90	295.09	3.73	1	4	
4	87.90	295.09	83.00	299.00	6.27	2	4	6	

8	5	121.824	3
1	222.00	188.00	241.09	163.57	31.00	1	8	
2	241.09	163.57	293.31	96.73	84.82	0	
3	293.31	96.73	297.00	92.00	6.00	1	5	

8	6	175.602	4
1	222.00	188.00	197.28	206.71	31.00	1	8	
2	197.28	206.71	87.31	289.98	137.94	0	
3	87.31	289.98	86.78	290.38	0.66	1	4	
4	86.78	290.38	82.00	294.00	6.00	2	4	6	

8	7	157.410	5
1	222.00	188.00	208.10	184.64	14.30	1	8	
2	208.10	184.64	191.87	180.71	16.70	2	1	8	
3	191.87	180.71	144.72	169.31	48.50	1	1	
4	144.72	169.31	108.85	160.64	36.91	0	
5	108.85	160.64	69.00	151.00	41.00	1	7	

8	8	0	0

8	9	147.027	3
1	222.00	188.00	195.86	204.66	31.00	1	8	
2	195.86	204.66	107.28	261.09	105.03	0	
3	107.28	261.09	98.00	267.00	11.00	1	9	

9	0	109.385	2
1	98.00	267.00	102.22	256.84	11.00	1	9	
2	102.22	256.84	140.00	166.00	98.38	0	

9	1	137.004	3
1	98.00	267.00	104.66	258.25	11.00	1	9	
2	104.66	258.25	157.98	188.23	88.00	0	
3	157.98	188.23	181.00	158.00	38.00	1	1	

9	2	246.008	5
1	98.00	267.00	106.85	260.47	11.00	1	9	
2	106.85	260.47	192.45	197.36	106.35	0	
3	192.45	197.36	239.68	162.53	58.68	1	8	
4	239.68	162.53	291.17	124.56	63.98	0	
5	291.17	124.56	296.00	121.00	6.00	1	2	

9	3	138.852	3
1	98.00	267.00	100.22	256.23	11.00	1	9	
2	100.22	256.23	124.39	138.84	119.85	0	
3	124.39	138.84	126.00	131.00	8.00	1	3	

9	4	35.341	4
1	98.00	267.00	93.33	276.96	11.00	1	9	
2	93.33	276.96	87.24	289.95	14.34	0	
3	87.24	289.95	86.94	290.59	0.72	1	4	
4	86.94	290.59	83.00	299.00	9.28	2	4	6	

9	5	265.002	7
1	98.00	267.00	106.26	259.74	11.00	1	9	
2	106.26	259.74	178.81	195.94	96.61	0	
3	178.81	195.94	191.14	185.10	16.42	1	1	
4	191.14	185.10	218.91	160.68	36.98	2	1	8	
5	218.91	160.68	223.06	157.02	5.54	1	8	
6	223.06	157.02	292.49	95.96	92.46	0	
7	292.49	95.96	297.00	92.00	6.00	1	5	

9	6	31.385	4
1	98.00	267.00	92.39	276.46	11.00	1	9	
2	92.39	276.46	85.06	288.84	14.38	0	
3	85.06	288.84	84.86	289.17	0.39	1	6	
4	84.86	289.17	82.00	294.00	5.61	2	4	6	

9	7	119.570	3
1	98.00	267.00	95.33	256.33	11.00	1	9	
2	95.33	256.33	78.94	190.78	67.57	0	
3	78.94	190.78	69.00	151.00	41.00	0	

9	8	147.027	3
1	98.00	267.00	107.28	261.09	11.00	1	9	
2	107.28	261.09	195.86	204.66	105.03	0	
3	195.86	204.66	222.00	188.00	31.00	1	8	

9	9	0	0