10	149	2	0.001	35.0
48.000	29.000	0.000	8.000	0.000
79.000	293.000	41.000	7.000	14.000
1.000	58.000	4.000	3.000	6.000
93.000	286.000	5.000	3.000	19.000
16.000	274.000	46.000	4.000	5.000
41.000	217.000	39.000	6.000	12.000
96.000	170.000	10.000	6.000	9.000
173.000	6.000	19.000	6.000	17.000
79.000	168.000	47.000	3.000	11.000
213.000	238.000	24.000	10.000	7.000

0	0	0	0

0	1	265.814	6
1	48.00	29.00	59.31	125.32	96.99	0	
2	59.31	125.32	66.62	187.60	62.70	1	8	
3	66.62	187.60	69.73	214.08	26.66	1	5	
4	69.73	214.08	72.74	239.67	25.76	1	5	
5	72.74	239.67	74.22	252.28	12.70	0	
6	74.22	252.28	79.00	293.00	41.00	1	1	

0	2	55.227	2
1	48.00	29.00	4.40	55.90	51.23	0	
2	4.40	55.90	1.00	58.00	4.00	1	2	

0	3	260.910	5
1	48.00	29.00	64.51	123.29	95.72	0	
2	64.51	123.29	80.56	214.97	93.08	0	
3	80.56	214.97	87.19	252.83	38.43	0	
4	87.19	252.83	92.14	281.07	28.68	0	
5	92.14	281.07	93.00	286.00	5.00	2	1	3	

0	4	247.081	4
1	48.00	29.00	28.26	180.14	152.42	0	
2	28.26	180.14	21.96	228.39	48.66	1	5	
3	21.96	228.39	19.22	249.35	21.14	0	
4	19.22	249.35	16.00	274.00	24.86	1	4	

0	5	188.130	4
1	48.00	29.00	43.99	136.64	107.72	0	
2	43.99	136.64	42.45	178.03	41.42	1	8	
3	42.45	178.03	41.76	196.67	18.65	2	5	8	
4	41.76	196.67	41.00	217.00	20.34	1	5	

0	6	148.946	3
1	48.00	29.00	79.32	121.00	97.19	0	
2	79.32	121.00	92.78	160.53	41.76	1	8	
3	92.78	160.53	96.00	170.00	10.00	2	6	8	

0	7	127.098	2
1	48.00	29.00	154.31	9.44	108.10	0	
2	154.31	9.44	173.00	6.00	19.00	1	7	

0	8	142.415	2
1	48.00	29.00	68.77	122.13	95.41	0	
2	68.77	122.13	79.00	168.00	47.00	1	8	

0	9	266.282	2
1	48.00	29.00	198.13	219.16	242.28	0	
2	198.13	219.16	213.00	238.00	24.00	1	9	

1	0	265.814	6
1	79.00	293.00	74.22	252.28	41.00	1	1	
2	74.22	252.28	72.74	239.67	12.70	0	
3	72.74	239.67	69.73	214.08	25.76	1	5	
4	69.73	214.08	66.62	187.60	26.66	1	5	
5	66.62	187.60	59.31	125.32	62.70	1	8	
6	59.31	125.32	48.00	29.00	96.99	0	

1	1	0	0

1	2	247.607	7
1	79.00	293.00	66.08	254.09	41.00	0	
2	66.08	254.09	64.18	248.36	6.03	0	
3	64.18	248.36	49.71	204.76	45.94	1	5	
4	49.71	204.76	40.83	178.00	28.19	2	5	8	
5	40.83	178.00	33.54	156.05	23.13	1	8	
6	33.54	156.05	2.26	61.80	99.31	0	
7	2.26	61.80	1.00	58.00	4.00	1	2	

1	3	15.652	2
1	79.00	293.00	88.53	288.24	10.65	1	1	
2	88.53	288.24	93.00	286.00	5.00	2	1	3	

1	4	65.803	3
1	79.00	293.00	60.04	287.28	19.80	1	1	
2	60.04	287.28	39.75	281.16	21.20	2	1	4	
3	39.75	281.16	16.00	274.00	24.80	1	4	

1	5	84.971	3
1	79.00	293.00	60.66	256.33	41.00	1	1	
2	60.66	256.33	58.44	251.88	4.97	0	
3	58.44	251.88	41.00	217.00	39.00	1	5	

1	6	124.169	4
1	79.00	293.00	84.61	252.39	41.00	1	1	
2	84.61	252.39	89.96	213.70	39.05	0	
3	89.96	213.70	94.63	179.91	34.12	1	8	
4	94.63	179.91	96.00	170.00	10.00	2	6	8	

1	7	302.002	5
1	79.00	293.00	91.76	254.04	41.00	1	1	
2	91.76	254.04	107.77	205.17	51.42	0	
3	107.77	205.17	124.18	155.05	52.73	1	8	
4	124.18	155.05	167.09	24.06	137.84	0	
5	167.09	24.06	173.00	6.00	19.00	1	7	

1	8	125.000	5
1	79.00	293.00	79.00	252.00	41.00	1	1	
2	79.00	252.00	79.00	225.78	26.22	0	
3	79.00	225.78	79.00	215.00	10.78	1	5	
4	79.00	215.00	79.00	208.22	6.78	2	5	8	
5	79.00	208.22	79.00	168.00	40.22	1	8	

1	9	144.848	5
1	79.00	293.00	88.94	288.92	10.75	1	1	
2	88.94	288.92	97.94	285.23	9.73	2	1	3	
3	97.94	285.23	116.93	277.43	20.53	1	1	
4	116.93	277.43	190.80	247.11	79.85	0	
5	190.80	247.11	213.00	238.00	24.00	1	9	

2	0	55.227	2
1	1.00	58.00	4.40	55.90	4.00	1	2	
2	4.40	55.90	48.00	29.00	51.23	0	

2	1	247.607	7
1	1.00	58.00	2.26	61.80	4.00	1	2	
2	2.26	61.80	33.54	156.05	99.31	0	
3	33.54	156.05	40.83	178.00	23.13	1	8	
4	40.83	178.00	49.71	204.76	28.19	2	5	8	
5	49.71	204.76	64.18	248.36	45.94	1	5	
6	64.18	248.36	66.08	254.09	6.03	0	
7	66.08	254.09	79.00	293.00	41.00	0	

2	2	0	0

2	3	245.862	8
1	1.00	58.00	2.50	61.71	4.00	1	2	
2	2.50	61.71	36.93	147.04	92.02	0	
3	36.93	147.04	49.83	179.01	34.47	1	8	
4	49.83	179.01	63.26	212.28	35.88	2	5	8	
5	63.26	212.28	73.72	238.22	27.97	1	5	
6	73.72	238.22	79.28	252.00	14.86	0	
7	79.28	252.00	91.13	281.36	31.66	1	1	
8	91.13	281.36	93.00	286.00	5.00	2	1	3	

2	4	216.520	5
1	1.00	58.00	1.28	61.99	4.00	1	2	
2	1.28	61.99	10.37	192.86	131.19	0	
3	10.37	192.86	12.81	228.11	35.33	1	5	
4	12.81	228.11	14.00	245.14	17.07	1	5	
5	14.00	245.14	16.00	274.00	28.93	1	4	

2	5	163.954	3
1	1.00	58.00	1.98	61.88	4.00	1	2	
2	1.98	61.88	31.49	179.18	120.95	0	
3	31.49	179.18	41.00	217.00	39.00	1	5	

2	6	146.864	4
1	1.00	58.00	3.59	61.05	4.00	1	2	
2	3.59	61.05	58.45	125.73	84.81	0	
3	58.45	125.73	89.53	162.37	48.05	1	8	
4	89.53	162.37	96.00	170.00	10.00	2	6	8	

2	7	179.689	3
1	1.00	58.00	4.83	56.84	4.00	1	2	
2	4.83	56.84	154.81	11.50	156.69	0	
3	154.81	11.50	173.00	6.00	19.00	1	7	

2	8	134.848	3
1	1.00	58.00	3.31	61.26	4.00	1	2	
2	3.31	61.26	51.81	129.66	83.85	0	
3	51.81	129.66	79.00	168.00	47.00	1	8	

2	9	278.108	5
1	1.00	58.00	4.05	60.59	4.00	1	2	
2	4.05	60.59	75.37	121.14	93.56	0	
3	75.37	121.14	125.83	163.99	66.20	1	8	
4	125.83	163.99	194.70	222.47	90.35	0	
5	194.70	222.47	213.00	238.00	24.00	1	9	

3	0	260.910	5
1	93.00	286.00	92.14	281.07	5.00	2	1	3	
2	92.14	281.07	87.19	252.83	28.68	0	
3	87.19	252.83	80.56	214.97	38.43	0	
4	80.56	214.97	64.51	123.29	93.08	0	
5	64.51	123.29	48.00	29.00	95.72	0	

3	1	15.652	2
1	93.00	286.00	88.53	288.24	5.00	2	1	3	
2	88.53	288.24	79.00	293.00	10.65	1	1	

3	2	245.862	8
1	93.00	286.00	91.13	281.36	5.00	2	1	3	
2	91.13	281.36	79.28	252.00	31.66	1	1	
3	79.28	252.00	73.72	238.22	14.86	0	
4	73.72	238.22	63.26	212.28	27.97	1	5	
5	63.26	212.28	49.83	179.01	35.88	2	5	8	
6	49.83	179.01	36.93	147.04	34.47	1	8	
7	36.93	147.04	2.50	61.71	92.02	0	
8	2.50	61.71	1.00	58.00	4.00	1	2	

3	3	0	0

3	4	77.929	4
1	93.00	286.00	88.06	285.23	5.00	2	1	3	
2	88.06	285.23	61.45	281.08	26.93	1	1	
3	61.45	281.08	40.89	277.88	20.81	2	1	4	
4	40.89	277.88	16.00	274.00	25.19	1	4	

3	5	86.400	4
1	93.00	286.00	89.99	282.01	5.00	2	1	3	
2	89.99	282.01	68.42	253.39	35.84	1	1	
3	68.42	253.39	64.47	248.15	6.56	0	
4	64.47	248.15	41.00	217.00	39.00	1	5	

3	6	116.039	5
1	93.00	286.00	93.13	281.00	5.00	1	1	
2	93.13	281.00	93.81	254.77	26.24	1	1	
3	93.81	254.77	94.91	212.23	42.56	0	
4	94.91	212.23	95.74	180.00	32.24	0	
5	95.74	180.00	96.00	170.00	10.00	2	6	8	

3	7	291.204	6
1	93.00	286.00	94.37	281.19	5.00	2	1	3	
2	94.37	281.19	100.90	258.34	23.77	1	1	
3	100.90	258.34	120.31	190.42	70.64	0	
4	120.31	190.42	125.92	170.79	20.41	1	8	
5	125.92	170.79	167.78	24.27	152.38	0	
6	167.78	24.27	173.00	6.00	19.00	1	7	

3	8	118.828	4
1	93.00	286.00	92.41	281.03	5.00	2	1	3	
2	92.41	281.03	89.12	253.27	27.96	1	1	
3	89.12	253.27	84.54	214.67	38.87	0	
4	84.54	214.67	79.00	168.00	47.00	1	8	

3	9	129.244	4
1	93.00	286.00	97.64	284.14	5.00	2	1	3	
2	97.64	284.14	116.57	276.57	20.38	1	1	
3	116.57	276.57	190.72	246.91	79.86	0	
4	190.72	246.91	213.00	238.00	24.00	1	9	

4	0	247.081	4
1	16.00	274.00	19.22	249.35	24.86	1	4	
2	19.22	249.35	21.96	228.39	21.14	0	
3	21.96	228.39	28.26	180.14	48.66	1	5	
4	28.26	180.14	48.00	29.00	152.42	0	

4	1	65.803	3
1	16.00	274.00	39.75	281.16	24.80	1	4	
2	39.75	281.16	60.04	287.28	21.20	2	1	4	
3	60.04	287.28	79.00	293.00	19.80	1	1	

4	2	216.520	5
1	16.00	274.00	14.00	245.14	28.93	1	4	
2	14.00	245.14	12.81	228.11	17.07	1	5	
3	12.81	228.11	10.37	192.86	35.33	1	5	
4	10.37	192.86	1.28	61.99	131.19	0	
5	1.28	61.99	1.00	58.00	4.00	1	2	

4	3	77.929	4
1	16.00	274.00	40.89	277.88	25.19	1	4	
2	40.89	277.88	61.45	281.08	20.81	2	1	4	
3	61.45	281.08	88.06	285.23	26.93	1	1	
4	88.06	285.23	93.00	286.00	5.00	2	1	3	

4	4	0	0

4	5	62.241	3
1	16.00	274.00	25.34	252.72	23.24	1	4	
2	25.34	252.72	34.48	231.87	22.76	2	4	5	
3	34.48	231.87	41.00	217.00	16.24	1	5	

4	6	131.210	6
1	16.00	274.00	30.87	254.66	24.40	1	4	
2	30.87	254.66	44.05	237.54	21.60	2	4	5	
3	44.05	237.54	63.43	212.34	31.79	1	5	
4	63.43	212.34	74.81	197.55	18.66	2	5	8	
5	74.81	197.55	89.90	177.93	24.76	1	8	
6	89.90	177.93	96.00	170.00	10.00	2	6	8	

4	7	310.601	7
1	16.00	274.00	27.88	253.73	23.50	1	4	
2	27.88	253.73	39.25	234.31	22.50	2	4	5	
3	39.25	234.31	54.57	208.15	30.31	1	5	
4	54.57	208.15	66.62	187.59	23.83	2	5	8	
5	66.62	187.59	102.08	127.06	70.16	1	8	
6	102.08	127.06	163.40	22.39	121.30	0	
7	163.40	22.39	173.00	6.00	19.00	1	7	

4	8	123.309	5
1	16.00	274.00	28.02	253.78	23.53	1	4	
2	28.02	253.78	39.50	234.46	22.47	2	4	5	
3	39.50	234.46	54.99	208.40	30.31	1	5	
4	54.99	208.40	67.10	188.02	23.71	2	5	8	
5	67.10	188.02	79.00	168.00	23.29	1	8	

4	9	200.262	5
1	16.00	274.00	46.13	268.49	30.63	1	4	
2	46.13	268.49	61.25	265.73	15.37	2	1	4	
3	61.25	265.73	101.08	258.45	40.49	1	1	
4	101.08	258.45	189.39	242.31	89.77	0	
5	189.39	242.31	213.00	238.00	24.00	1	9	

5	0	188.130	4
1	41.00	217.00	41.76	196.67	20.34	1	5	
2	41.76	196.67	42.45	178.03	18.65	2	5	8	
3	42.45	178.03	43.99	136.64	41.42	1	8	
4	43.99	136.64	48.00	29.00	107.72	0	

5	1	84.971	3
1	41.00	217.00	58.44	251.88	39.00	1	5	
2	58.44	251.88	60.66	256.33	4.97	0	
3	60.66	256.33	79.00	293.00	41.00	1	1	

5	2	163.954	3
1	41.00	217.00	31.49	179.18	39.00	1	5	
2	31.49	179.18	1.98	61.88	120.95	0	
3	1.98	61.88	1.00	58.00	4.00	1	2	

5	3	86.400	4
1	41.00	217.00	64.47	248.15	39.00	1	5	
2	64.47	248.15	68.42	253.39	6.56	0	
3	68.42	253.39	89.99	282.01	35.84	1	1	
4	89.99	282.01	93.00	286.00	5.00	2	1	3	

5	4	62.241	3
1	41.00	217.00	34.48	231.87	16.24	1	5	
2	34.48	231.87	25.34	252.72	22.76	2	4	5	
3	25.34	252.72	16.00	274.00	23.24	1	4	

5	5	0	0

5	6	72.346	4
1	41.00	217.00	52.73	206.97	15.43	1	5	
2	52.73	206.97	70.65	191.66	23.57	2	5	8	
3	70.65	191.66	88.40	176.50	23.35	1	8	
4	88.40	176.50	96.00	170.00	10.00	2	6	8	

5	7	248.888	5
1	41.00	217.00	49.01	204.19	15.11	1	5	
2	49.01	204.19	61.68	183.94	23.89	2	5	8	
3	61.68	183.94	98.43	125.20	69.28	1	8	
4	98.43	125.20	162.92	22.11	121.61	0	
5	162.92	22.11	173.00	6.00	19.00	1	7	

5	8	62.008	3
1	41.00	217.00	50.20	205.14	15.01	1	5	
2	50.20	205.14	64.90	186.18	23.99	2	5	8	
3	64.90	186.18	79.00	168.00	23.01	1	8	

5	9	173.277	3
1	41.00	217.00	79.71	221.73	39.00	1	5	
2	79.71	221.73	189.18	235.09	110.28	0	
3	189.18	235.09	213.00	238.00	24.00	1	9	

6	0	148.946	3
1	96.00	170.00	92.78	160.53	10.00	2	6	8	
2	92.78	160.53	79.32	121.00	41.76	1	8	
3	79.32	121.00	48.00	29.00	97.19	0	

6	1	124.169	4
1	96.00	170.00	94.63	179.91	10.00	2	6	8	
2	94.63	179.91	89.96	213.70	34.12	1	8	
3	89.96	213.70	84.61	252.39	39.05	0	
4	84.61	252.39	79.00	293.00	41.00	1	1	

6	2	146.864	4
1	96.00	170.00	89.53	162.37	10.00	2	6	8	
2	89.53	162.37	58.45	125.73	48.05	1	8	
3	58.45	125.73	3.59	61.05	84.81	0	
4	3.59	61.05	1.00	58.00	4.00	1	2	

6	3	116.039	5
1	96.00	170.00	95.74	180.00	10.00	2	6	8	
2	95.74	180.00	94.91	212.23	32.24	0	
3	94.91	212.23	93.81	254.77	42.56	0	
4	93.81	254.77	93.13	281.00	26.24	1	1	
5	93.13	281.00	93.00	286.00	5.00	1	1	

6	4	131.210	6
1	96.00	170.00	89.90	177.93	10.00	2	6	8	
2	89.90	177.93	74.81	197.55	24.76	1	8	
3	74.81	197.55	63.43	212.34	18.66	2	5	8	
4	63.43	212.34	44.05	237.54	31.79	1	5	
5	44.05	237.54	30.87	254.66	21.60	2	4	5	
6	30.87	254.66	16.00	274.00	24.40	1	4	

6	5	72.346	4
1	96.00	170.00	88.40	176.50	10.00	2	6	8	
2	88.40	176.50	70.65	191.66	23.35	1	8	
3	70.65	191.66	52.73	206.97	23.57	2	5	8	
4	52.73	206.97	41.00	217.00	15.43	1	5	

6	6	0	0

6	7	181.177	4
1	96.00	170.00	100.25	160.95	10.00	2	6	8	
2	100.25	160.95	112.44	134.98	28.69	1	8	
3	112.44	134.98	164.93	23.20	123.49	0	
4	164.93	23.20	173.00	6.00	19.00	1	7	

6	8	17.117	2
1	96.00	170.00	86.07	168.83	10.00	2	6	8	
2	86.07	168.83	79.00	168.00	7.12	1	8	

6	9	135.326	4
1	96.00	170.00	104.65	175.02	10.00	2	6	8	
2	104.65	175.02	122.63	185.48	20.80	1	8	
3	122.63	185.48	192.25	225.94	80.52	0	
4	192.25	225.94	213.00	238.00	24.00	1	9	

7	0	127.098	2
1	173.00	6.00	154.31	9.44	19.00	1	7	
2	154.31	9.44	48.00	29.00	108.10	0	

7	1	302.002	5
1	173.00	6.00	167.09	24.06	19.00	1	7	
2	167.09	24.06	124.18	155.05	137.84	0	
3	124.18	155.05	107.77	205.17	52.73	1	8	
4	107.77	205.17	91.76	254.04	51.42	0	
5	91.76	254.04	79.00	293.00	41.00	1	1	

7	2	179.689	3
1	173.00	6.00	154.81	11.50	19.00	1	7	
2	154.81	11.50	4.83	56.84	156.69	0	
3	4.83	56.84	1.00	58.00	4.00	1	2	

7	3	291.204	6
1	173.00	6.00	167.78	24.27	19.00	1	7	
2	167.78	24.27	125.92	170.79	152.38	0	
3	125.92	170.79	120.31	190.42	20.41	1	8	
4	120.31	190.42	100.90	258.34	70.64	0	
5	100.90	258.34	94.37	281.19	23.77	1	1	
6	94.37	281.19	93.00	286.00	5.00	2	1	3	

7	4	310.601	7
1	173.00	6.00	163.40	22.39	19.00	1	7	
2	163.40	22.39	102.08	127.06	121.30	0	
3	102.08	127.06	66.62	187.59	70.16	1	8	
4	66.62	187.59	54.57	208.15	23.83	2	5	8	
5	54.57	208.15	39.25	234.31	30.31	1	5	
6	39.25	234.31	27.88	253.73	22.50	2	4	5	
7	27.88	253.73	16.00	274.00	23.50	1	4	

7	5	248.888	5
1	173.00	6.00	162.92	22.11	19.00	1	7	
2	162.92	22.11	98.43	125.20	121.61	0	
3	98.43	125.20	61.68	183.94	69.28	1	8	
4	61.68	183.94	49.01	204.19	23.89	2	5	8	
5	49.01	204.19	41.00	217.00	15.11	1	5	

7	6	181.177	4
1	173.00	6.00	164.93	23.20	19.00	1	7	
2	164.93	23.20	112.44	134.98	123.49	0	
3	112.44	134.98	100.25	160.95	28.69	1	8	
4	100.25	160.95	96.00	170.00	10.00	2	6	8	

7	7	0	0

7	8	187.297	3
1	173.00	6.00	163.46	22.43	19.00	1	7	
2	163.46	22.43	102.59	127.35	121.30	0	
3	102.59	127.35	79.00	168.00	47.00	1	8	

7	9	235.423	3
1	173.00	6.00	176.23	24.72	19.00	1	7	
2	176.23	24.72	208.92	214.35	192.42	0	
3	208.92	214.35	213.00	238.00	24.00	1	9	

8	0	142.415	2
1	79.00	168.00	68.77	122.13	47.00	1	8	
2	68.77	122.13	48.00	29.00	95.41	0	

8	1	125.000	5
1	79.00	168.00	79.00	208.22	40.22	1	8	
2	79.00	208.22	79.00	215.00	6.78	2	5	8	
3	79.00	215.00	79.00	225.78	10.78	1	5	
4	79.00	225.78	79.00	252.00	26.22	0	
5	79.00	252.00	79.00	293.00	41.00	1	1	

8	2	134.848	3
1	79.00	168.00	51.81	129.66	47.00	1	8	
2	51.81	129.66	3.31	61.26	83.85	0	
3	3.31	61.26	1.00	58.00	4.00	1	2	

8	3	118.828	4
1	79.00	168.00	84.54	214.67	47.00	1	8	
2	84.54	214.67	89.12	253.27	38.87	0	
3	89.12	253.27	92.41	281.03	27.96	1	1	
4	92.41	281.03	93.00	286.00	5.00	2	1	3	

8	4	123.309	5
1	79.00	168.00	67.10	188.02	23.29	1	8	
2	67.10	188.02	54.99	208.40	23.71	2	5	8	
3	54.99	208.40	39.50	234.46	30.31	1	5	
4	39.50	234.46	28.02	253.78	22.47	2	4	5	
5	28.02	253.78	16.00	274.00	23.53	1	4	

8	5	62.008	3
1	79.00	168.00	64.90	186.18	23.01	1	8	
2	64.90	186.18	50.20	205.14	23.99	2	5	8	
3	50.20	205.14	41.00	217.00	15.01	1	5	

8	6	17.117	2
1	79.00	168.00	86.07	168.83	7.12	1	8	
2	86.07	168.83	96.00	170.00	10.00	2	6	8	

8	7	187.297	3
1	79.00	168.00	102.59	127.35	47.00	1	8	
2	102.59	127.35	163.46	22.43	121.30	0	
3	163.46	22.43	173.00	6.00	19.00	1	7	

8	8	0	0

8	9	151.182	5
1	79.00	168.00	86.15	171.74	8.07	1	8	
2	86.15	171.74	100.20	179.07	15.85	2	6	8	
3	100.20	179.07	120.66	189.76	23.08	1	8	
4	120.66	189.76	191.73	226.89	80.18	0	
5	191.73	226.89	213.00	238.00	24.00	1	9	

9	0	266.282	2
1	213.00	238.00	198.13	219.16	24.00	1	9	
2	198.13	219.16	48.00	29.00	242.28	0	

9	1	144.848	5
1	213.00	238.00	190.80	247.11	24.00	1	9	
2	190.80	247.11	116.93	277.43	79.85	0	
3	116.93	277.43	97.94	285.23	20.53	1	1	
4	97.94	285.23	88.94	288.92	9.73	2	1	3	
5	88.94	288.92	79.00	293.00	10.75	1	1	

9	2	278.108	5
1	213.00	238.00	194.70	222.47	24.00	1	9	
2	194.70	222.47	125.83	163.99	90.35	0	
3	125.83	163.99	75.37	121.14	66.20	1	8	
4	75.37	121.14	4.05	60.59	93.56	0	
5	4.05	60.59	1.00	58.00	4.00	1	2	

9	3	129.244	4
1	213.00	238.00	190.72	246.91	24.00	1	9	
2	190.72	246.91	116.57	276.57	79.86	0	
3	116.57	276.57	97.64	284.14	20.38	1	1	
4	97.64	284.14	93.00	286.00	5.00	2	1	3	

9	4	200.262	5
1	213.00	238.00	189.39	242.31	24.00	1	9	
2	189.39	242.31	101.08	258.45	89.77	0	
3	101.08	258.45	61.25	265.73	40.49	1	1	
4	61.25	265.73	46.13	268.49	15.37	2	1	4	
5	46.13	268.49	16.00	274.00	30.63	1	4	

9	5	173.277	3
1	213.00	238.00	189.18	235.09	24.00	1	9	
2	189.18	235.09	79.71	221.73	110.28	0	
3	79.71	221.73	41.00	217.00	39.00	1	5	

9	6	135.326	4
1	213.00	238.00	192.25	225.94	24.00	1	9	
2	192.25	225.94	122.63	185.48	80.52	0	
3	122.63	185.48	104.65	175.02	20.80	1	8	
4	104.65	175.02	96.00	170.00	10.00	2	6	8	

9	7	235.423	3
1	213.00	238.00	208.92	214.35	24.00	1	9	
2	208.92	214.35	176.23	24.72	192.42	0	
3	176.23	24.72	173.00	6.00	19.00	1	7	

9	8	151.182	5
1	213.00	238.00	191.73	226.89	24.00	1	9	
2	191.73	226.89	120.66	189.76	80.18	0	
3	120.66	189.76	100.20	179.07	23.08	1	8	
4	100.20	179.07	86.15	171.74	15.85	2	6	8	
5	86.15	171.74	79.00	168.00	8.07	1	8	

9	9	0	0