10	127	2	0.001	30.0
43.000	3.000	0.000	7.000	0.000
144.000	285.000	14.000	3.000	10.000
296.000	200.000	2.000	6.000	5.000
277.000	255.000	25.000	4.000	4.000
119.000	200.000	2.000	5.000	20.000
112.000	222.000	37.000	4.000	16.000
26.000	260.000	16.000	9.000	9.000
201.000	287.000	18.000	9.000	1.000
14.000	241.000	29.000	1.000	11.000
227.000	91.000	3.000	3.000	16.000

0	0	0	0

0	1	299.541	4
1	43.00	3.00	108.25	185.19	193.52	0	
2	108.25	185.19	132.47	252.82	71.84	0	
3	132.47	252.82	139.28	271.82	20.18	0	
4	139.28	271.82	144.00	285.00	14.00	1	1	

0	2	320.652	2
1	43.00	3.00	294.42	198.77	318.65	0	
2	294.42	198.77	296.00	200.00	2.00	1	2	

0	3	343.890	2
1	43.00	3.00	259.99	236.68	318.89	0	
2	259.99	236.68	277.00	255.00	25.00	1	3	

0	4	211.152	3
1	43.00	3.00	113.22	185.02	195.10	0	
2	113.22	185.02	118.28	198.13	14.06	1	5	
3	118.28	198.13	119.00	200.00	2.00	2	4	5	

0	5	229.613	2
1	43.00	3.00	100.88	186.71	192.61	0	
2	100.88	186.71	112.00	222.00	37.00	1	5	

0	6	257.562	3
1	43.00	3.00	28.90	216.12	213.59	0	
2	28.90	216.12	27.06	244.03	27.97	1	8	
3	27.06	244.03	26.00	260.00	16.00	1	8	

0	7	324.992	2
1	43.00	3.00	192.25	271.27	306.99	0	
2	192.25	271.27	201.00	287.00	18.00	1	7	

0	8	239.760	2
1	43.00	3.00	17.51	212.21	210.76	0	
2	17.51	212.21	14.00	241.00	29.00	0	

0	9	203.961	2
1	43.00	3.00	224.29	89.71	200.96	0	
2	224.29	89.71	227.00	91.00	3.00	1	9	

1	0	299.541	4
1	144.00	285.00	139.28	271.82	14.00	1	1	
2	139.28	271.82	132.47	252.82	20.18	0	
3	132.47	252.82	108.25	185.19	71.84	0	
4	108.25	185.19	43.00	3.00	193.52	0	

1	1	0	0

1	2	174.152	3
1	144.00	285.00	156.22	278.17	14.00	1	1	
2	156.22	278.17	294.25	200.98	158.15	0	
3	294.25	200.98	296.00	200.00	2.00	1	2	

1	3	136.341	5
1	144.00	285.00	157.66	281.92	14.00	1	1	
2	157.66	281.92	187.40	275.21	30.49	0	
3	187.40	275.21	208.22	270.51	21.35	1	7	
4	208.22	270.51	252.61	260.50	45.50	0	
5	252.61	260.50	277.00	255.00	25.00	1	3	

1	4	88.600	4
1	144.00	285.00	140.05	271.57	14.00	1	1	
2	140.05	271.57	134.18	251.61	20.80	0	
3	134.18	251.61	119.56	201.92	51.80	1	5	
4	119.56	201.92	119.00	200.00	2.00	2	4	5	

1	5	70.661	3
1	144.00	285.00	137.66	272.52	14.00	1	1	
2	137.66	272.52	128.76	254.99	19.66	0	
3	128.76	254.99	112.00	222.00	37.00	1	5	

1	6	120.619	4
1	144.00	285.00	130.30	282.10	14.00	1	1	
2	130.30	282.10	41.65	263.32	90.62	0	
3	41.65	263.32	34.26	261.75	7.56	1	6	
4	34.26	261.75	26.00	260.00	8.44	2	6	8	

1	7	57.035	3
1	144.00	285.00	157.99	285.49	14.00	1	1	
2	157.99	285.49	183.01	286.37	25.04	0	
3	183.01	286.37	201.00	287.00	18.00	1	7	

1	8	137.244	5
1	144.00	285.00	130.74	280.51	14.00	1	1	
2	130.74	280.51	41.47	250.30	94.24	0	
3	41.47	250.30	37.61	248.99	4.07	1	8	
4	37.61	248.99	23.46	244.20	14.94	2	6	8	
5	23.46	244.20	14.00	241.00	9.99	1	8	

1	9	211.009	3
1	144.00	285.00	149.51	272.13	14.00	1	1	
2	149.51	272.13	225.82	93.76	194.01	0	
3	225.82	93.76	227.00	91.00	3.00	1	9	

2	0	320.652	2
1	296.00	200.00	294.42	198.77	2.00	1	2	
2	294.42	198.77	43.00	3.00	318.65	0	

2	1	174.152	3
1	296.00	200.00	294.25	200.98	2.00	1	2	
2	294.25	200.98	156.22	278.17	158.15	0	
3	156.22	278.17	144.00	285.00	14.00	1	1	

2	2	0	0

2	3	58.189	3
1	296.00	200.00	295.35	201.89	2.00	1	2	
2	295.35	201.89	285.16	231.37	31.19	0	
3	285.16	231.37	277.00	255.00	25.00	1	3	

2	4	177.000	4
1	296.00	200.00	294.00	200.00	2.00	1	2	
2	294.00	200.00	141.75	200.00	152.25	0	
3	141.75	200.00	121.00	200.00	20.75	1	5	
4	121.00	200.00	119.00	200.00	2.00	2	4	5	

2	5	185.311	3
1	296.00	200.00	294.01	200.24	2.00	1	2	
2	294.01	200.24	148.74	217.61	146.31	0	
3	148.74	217.61	112.00	222.00	37.00	1	5	

2	6	276.586	6
1	296.00	200.00	294.05	200.43	2.00	1	2	
2	294.05	200.43	147.31	233.04	150.31	0	
3	147.31	233.04	84.69	246.96	64.16	1	5	
4	84.69	246.96	41.62	256.53	44.12	0	
5	41.62	256.53	37.96	257.34	3.75	1	6	
6	37.96	257.34	26.00	260.00	12.25	2	6	8	

2	7	128.818	3
1	296.00	200.00	294.52	201.35	2.00	1	2	
2	294.52	201.35	214.27	274.84	108.82	0	
3	214.27	274.84	201.00	287.00	18.00	1	7	

2	8	284.965	5
1	296.00	200.00	294.02	200.29	2.00	1	2	
2	294.02	200.29	148.99	221.37	146.55	0	
3	148.99	221.37	76.36	231.93	73.40	1	5	
4	76.36	231.93	42.70	236.83	34.01	0	
5	42.70	236.83	14.00	241.00	29.00	1	8	

2	9	129.004	3
1	296.00	200.00	294.93	198.31	2.00	1	2	
2	294.93	198.31	228.60	93.53	124.00	0	
3	228.60	93.53	227.00	91.00	3.00	1	9	

3	0	343.890	2
1	277.00	255.00	259.99	236.68	25.00	1	3	
2	259.99	236.68	43.00	3.00	318.89	0	

3	1	136.341	5
1	277.00	255.00	252.61	260.50	25.00	1	3	
2	252.61	260.50	208.22	270.51	45.50	0	
3	208.22	270.51	187.40	275.21	21.35	1	7	
4	187.40	275.21	157.66	281.92	30.49	0	
5	157.66	281.92	144.00	285.00	14.00	1	1	

3	2	58.189	3
1	277.00	255.00	285.16	231.37	25.00	1	3	
2	285.16	231.37	295.35	201.89	31.19	0	
3	295.35	201.89	296.00	200.00	2.00	1	2	

3	3	0	0

3	4	167.299	4
1	277.00	255.00	253.39	246.78	25.00	1	3	
2	253.39	246.78	146.90	209.71	112.76	0	
3	146.90	209.71	120.89	200.66	27.54	1	5	
4	120.89	200.66	119.00	200.00	2.00	2	4	5	

3	5	168.268	3
1	277.00	255.00	252.49	250.10	25.00	1	3	
2	252.49	250.10	148.28	229.26	106.27	0	
3	148.28	229.26	112.00	222.00	37.00	1	5	

3	6	251.050	6
1	277.00	255.00	252.00	255.50	25.00	1	3	
2	252.00	255.50	119.99	258.13	132.04	0	
3	119.99	258.13	105.46	258.42	14.53	1	5	
4	105.46	258.42	42.00	259.68	63.47	0	
5	42.00	259.68	36.08	259.80	5.92	1	6	
6	36.08	259.80	26.00	260.00	10.08	2	6	8	

3	7	82.462	3
1	277.00	255.00	253.96	264.70	25.00	1	3	
2	253.96	264.70	217.59	280.01	39.46	0	
3	217.59	280.01	201.00	287.00	18.00	1	7	

3	8	263.372	5
1	277.00	255.00	252.04	253.67	25.00	1	3	
2	252.04	253.67	138.68	247.64	113.52	0	
3	138.68	247.64	82.75	244.66	56.01	1	5	
4	82.75	244.66	42.96	242.54	39.85	0	
5	42.96	242.54	14.00	241.00	29.00	1	8	

3	9	171.453	3
1	277.00	255.00	269.71	231.09	25.00	1	3	
2	269.71	231.09	227.87	93.87	143.45	0	
3	227.87	93.87	227.00	91.00	3.00	1	9	

4	0	211.152	3
1	119.00	200.00	118.28	198.13	2.00	2	4	5	
2	118.28	198.13	113.22	185.02	14.06	1	5	
3	113.22	185.02	43.00	3.00	195.10	0	

4	1	88.600	4
1	119.00	200.00	119.56	201.92	2.00	2	4	5	
2	119.56	201.92	134.18	251.61	51.80	1	5	
3	134.18	251.61	140.05	271.57	20.80	0	
4	140.05	271.57	144.00	285.00	14.00	1	1	

4	2	177.000	4
1	119.00	200.00	121.00	200.00	2.00	2	4	5	
2	121.00	200.00	141.75	200.00	20.75	1	5	
3	141.75	200.00	294.00	200.00	152.25	0	
4	294.00	200.00	296.00	200.00	2.00	1	2	

4	3	167.299	4
1	119.00	200.00	120.89	200.66	2.00	2	4	5	
2	120.89	200.66	146.90	209.71	27.54	1	5	
3	146.90	209.71	253.39	246.78	112.76	0	
4	253.39	246.78	277.00	255.00	25.00	1	3	

4	4	0	0

4	5	23.087	2
1	119.00	200.00	118.39	201.91	2.00	2	4	5	
2	118.39	201.91	112.00	222.00	21.09	1	5	

4	6	110.675	5
1	119.00	200.00	117.32	201.08	2.00	2	4	5	
2	117.32	201.08	75.50	228.06	49.77	1	5	
3	75.50	228.06	41.59	249.94	40.36	0	
4	41.59	249.94	39.44	251.33	2.55	1	8	
5	39.44	251.33	26.00	260.00	16.00	2	6	8	

4	7	119.553	4
1	119.00	200.00	120.37	201.46	2.00	2	4	5	
2	120.37	201.46	147.96	230.72	40.22	1	5	
3	147.96	230.72	188.65	273.90	59.33	0	
4	188.65	273.90	201.00	287.00	18.00	1	7	

4	8	112.721	4
1	119.00	200.00	117.14	200.73	2.00	2	4	5	
2	117.14	200.73	75.33	217.05	44.88	1	5	
3	75.33	217.05	41.01	230.45	36.84	0	
4	41.01	230.45	14.00	241.00	29.00	1	8	

4	9	153.444	4
1	119.00	200.00	120.41	198.58	2.00	2	4	5	
2	120.41	198.58	129.50	189.40	12.92	1	5	
3	129.50	189.40	224.89	93.13	135.52	0	
4	224.89	93.13	227.00	91.00	3.00	1	9	

5	0	229.613	2
1	112.00	222.00	100.88	186.71	37.00	1	5	
2	100.88	186.71	43.00	3.00	192.61	0	

5	1	70.661	3
1	112.00	222.00	128.76	254.99	37.00	1	5	
2	128.76	254.99	137.66	272.52	19.66	0	
3	137.66	272.52	144.00	285.00	14.00	1	1	

5	2	185.311	3
1	112.00	222.00	148.74	217.61	37.00	1	5	
2	148.74	217.61	294.01	200.24	146.31	0	
3	294.01	200.24	296.00	200.00	2.00	1	2	

5	3	168.268	3
1	112.00	222.00	148.28	229.26	37.00	1	5	
2	148.28	229.26	252.49	250.10	106.27	0	
3	252.49	250.10	277.00	255.00	25.00	1	3	

5	4	23.087	2
1	112.00	222.00	118.39	201.91	21.09	1	5	
2	118.39	201.91	119.00	200.00	2.00	2	4	5	

5	5	0	0

5	6	94.021	4
1	112.00	222.00	78.16	236.95	37.00	1	5	
2	78.16	236.95	40.63	253.53	41.02	0	
3	40.63	253.53	40.02	253.81	0.67	1	6	
4	40.02	253.81	26.00	260.00	15.33	2	6	8	

5	7	110.209	3
1	112.00	222.00	141.88	243.82	37.00	1	5	
2	141.88	243.82	186.46	276.38	55.21	0	
3	186.46	276.38	201.00	287.00	18.00	1	7	

5	8	99.825	3
1	112.00	222.00	75.68	229.04	37.00	1	5	
2	75.68	229.04	42.47	235.48	33.82	0	
3	42.47	235.48	14.00	241.00	29.00	1	8	

5	9	174.316	3
1	112.00	222.00	136.41	194.19	37.00	1	5	
2	136.41	194.19	225.02	93.25	134.32	0	
3	225.02	93.25	227.00	91.00	3.00	1	9	

6	0	257.562	3
1	26.00	260.00	27.06	244.03	16.00	1	8	
2	27.06	244.03	28.90	216.12	27.97	1	8	
3	28.90	216.12	43.00	3.00	213.59	0	

6	1	120.619	4
1	26.00	260.00	34.26	261.75	8.44	2	6	8	
2	34.26	261.75	41.65	263.32	7.56	1	6	
3	41.65	263.32	130.30	282.10	90.62	0	
4	130.30	282.10	144.00	285.00	14.00	1	1	

6	2	276.586	6
1	26.00	260.00	37.96	257.34	12.25	2	6	8	
2	37.96	257.34	41.62	256.53	3.75	1	6	
3	41.62	256.53	84.69	246.96	44.12	0	
4	84.69	246.96	147.31	233.04	64.16	1	5	
5	147.31	233.04	294.05	200.43	150.31	0	
6	294.05	200.43	296.00	200.00	2.00	1	2	

6	3	251.050	6
1	26.00	260.00	36.08	259.80	10.08	2	6	8	
2	36.08	259.80	42.00	259.68	5.92	1	6	
3	42.00	259.68	105.46	258.42	63.47	0	
4	105.46	258.42	119.99	258.13	14.53	1	5	
5	119.99	258.13	252.00	255.50	132.04	0	
6	252.00	255.50	277.00	255.00	25.00	1	3	

6	4	110.675	5
1	26.00	260.00	39.44	251.33	16.00	2	6	8	
2	39.44	251.33	41.59	249.94	2.55	1	8	
3	41.59	249.94	75.50	228.06	40.36	0	
4	75.50	228.06	117.32	201.08	49.77	1	5	
5	117.32	201.08	119.00	200.00	2.00	2	4	5	

6	5	94.021	4
1	26.00	260.00	40.02	253.81	15.33	2	6	8	
2	40.02	253.81	40.63	253.53	0.67	1	6	
3	40.63	253.53	78.16	236.95	41.02	0	
4	78.16	236.95	112.00	222.00	37.00	1	5	

6	6	0	0

6	7	177.071	6
1	26.00	260.00	34.67	261.34	8.78	2	6	8	
2	34.67	261.34	41.81	262.44	7.22	1	6	
3	41.81	262.44	132.88	276.49	92.15	0	
4	132.88	276.49	157.16	280.24	24.57	1	1	
5	157.16	280.24	183.21	284.26	26.35	0	
6	183.21	284.26	201.00	287.00	18.00	1	7	

6	8	22.472	2
1	26.00	260.00	17.46	246.47	16.00	2	6	8	
2	17.46	246.47	14.00	241.00	6.47	1	8	

6	9	262.606	6
1	26.00	260.00	38.25	249.70	16.00	2	6	8	
2	38.25	249.70	42.55	246.08	5.62	1	8	
3	42.55	246.08	75.15	218.68	42.59	0	
4	75.15	218.68	115.05	185.13	52.13	1	5	
5	115.05	185.13	224.70	92.93	143.26	0	
6	224.70	92.93	227.00	91.00	3.00	1	9	

7	0	324.992	2
1	201.00	287.00	192.25	271.27	18.00	1	7	
2	192.25	271.27	43.00	3.00	306.99	0	

7	1	57.035	3
1	201.00	287.00	183.01	286.37	18.00	1	7	
2	183.01	286.37	157.99	285.49	25.04	0	
3	157.99	285.49	144.00	285.00	14.00	1	1	

7	2	128.818	3
1	201.00	287.00	214.27	274.84	18.00	1	7	
2	214.27	274.84	294.52	201.35	108.82	0	
3	294.52	201.35	296.00	200.00	2.00	1	2	

7	3	82.462	3
1	201.00	287.00	217.59	280.01	18.00	1	7	
2	217.59	280.01	253.96	264.70	39.46	0	
3	253.96	264.70	277.00	255.00	25.00	1	3	

7	4	119.553	4
1	201.00	287.00	188.65	273.90	18.00	1	7	
2	188.65	273.90	147.96	230.72	59.33	0	
3	147.96	230.72	120.37	201.46	40.22	1	5	
4	120.37	201.46	119.00	200.00	2.00	2	4	5	

7	5	110.209	3
1	201.00	287.00	186.46	276.38	18.00	1	7	
2	186.46	276.38	141.88	243.82	55.21	0	
3	141.88	243.82	112.00	222.00	37.00	1	5	

7	6	177.071	6
1	201.00	287.00	183.21	284.26	18.00	1	7	
2	183.21	284.26	157.16	280.24	26.35	0	
3	157.16	280.24	132.88	276.49	24.57	1	1	
4	132.88	276.49	41.81	262.44	92.15	0	
5	41.81	262.44	34.67	261.34	7.22	1	6	
6	34.67	261.34	26.00	260.00	8.78	2	6	8	

7	7	0	0

7	8	192.575	7
1	201.00	287.00	183.52	282.70	18.00	1	7	
2	183.52	282.70	154.29	275.51	30.10	0	
3	154.29	275.51	139.28	271.82	15.46	1	1	
4	139.28	271.82	42.16	247.93	100.02	0	
5	42.16	247.93	33.24	245.73	9.18	1	8	
6	33.24	245.73	26.20	244.00	7.25	2	6	8	
7	26.20	244.00	14.00	241.00	12.56	1	8	

7	9	197.717	3
1	201.00	287.00	203.37	269.16	18.00	1	7	
2	203.37	269.16	226.61	93.97	176.72	0	
3	226.61	93.97	227.00	91.00	3.00	1	9	

8	0	239.760	2
1	14.00	241.00	17.51	212.21	29.00	0	
2	17.51	212.21	43.00	3.00	210.76	0	

8	1	137.244	5
1	14.00	241.00	23.46	244.20	9.99	1	8	
2	23.46	244.20	37.61	248.99	14.94	2	6	8	
3	37.61	248.99	41.47	250.30	4.07	1	8	
4	41.47	250.30	130.74	280.51	94.24	0	
5	130.74	280.51	144.00	285.00	14.00	1	1	

8	2	284.965	5
1	14.00	241.00	42.70	236.83	29.00	1	8	
2	42.70	236.83	76.36	231.93	34.01	0	
3	76.36	231.93	148.99	221.37	73.40	1	5	
4	148.99	221.37	294.02	200.29	146.55	0	
5	294.02	200.29	296.00	200.00	2.00	1	2	

8	3	263.372	5
1	14.00	241.00	42.96	242.54	29.00	1	8	
2	42.96	242.54	82.75	244.66	39.85	0	
3	82.75	244.66	138.68	247.64	56.01	1	5	
4	138.68	247.64	252.04	253.67	113.52	0	
5	252.04	253.67	277.00	255.00	25.00	1	3	

8	4	112.721	4
1	14.00	241.00	41.01	230.45	29.00	1	8	
2	41.01	230.45	75.33	217.05	36.84	0	
3	75.33	217.05	117.14	200.73	44.88	1	5	
4	117.14	200.73	119.00	200.00	2.00	2	4	5	

8	5	99.825	3
1	14.00	241.00	42.47	235.48	29.00	1	8	
2	42.47	235.48	75.68	229.04	33.82	0	
3	75.68	229.04	112.00	222.00	37.00	1	5	

8	6	22.472	2
1	14.00	241.00	17.46	246.47	6.47	1	8	
2	17.46	246.47	26.00	260.00	16.00	2	6	8	

8	7	192.575	7
1	14.00	241.00	26.20	244.00	12.56	1	8	
2	26.20	244.00	33.24	245.73	7.25	2	6	8	
3	33.24	245.73	42.16	247.93	9.18	1	8	
4	42.16	247.93	139.28	271.82	100.02	0	
5	139.28	271.82	154.29	275.51	15.46	1	1	
6	154.29	275.51	183.52	282.70	30.10	0	
7	183.52	282.70	201.00	287.00	18.00	1	7	

8	8	0	0

8	9	260.517	3
1	14.00	241.00	37.71	224.30	29.00	1	8	
2	37.71	224.30	224.55	92.73	228.52	0	
3	224.55	92.73	227.00	91.00	3.00	1	9	

9	0	203.961	2
1	227.00	91.00	224.29	89.71	3.00	1	9	
2	224.29	89.71	43.00	3.00	200.96	0	

9	1	211.009	3
1	227.00	91.00	225.82	93.76	3.00	1	9	
2	225.82	93.76	149.51	272.13	194.01	0	
3	149.51	272.13	144.00	285.00	14.00	1	1	

9	2	129.004	3
1	227.00	91.00	228.60	93.53	3.00	1	9	
2	228.60	93.53	294.93	198.31	124.00	0	
3	294.93	198.31	296.00	200.00	2.00	1	2	

9	3	171.453	3
1	227.00	91.00	227.87	93.87	3.00	1	9	
2	227.87	93.87	269.71	231.09	143.45	0	
3	269.71	231.09	277.00	255.00	25.00	1	3	

9	4	153.444	4
1	227.00	91.00	224.89	93.13	3.00	1	9	
2	224.89	93.13	129.50	189.40	135.52	0	
3	129.50	189.40	120.41	198.58	12.92	1	5	
4	120.41	198.58	119.00	200.00	2.00	2	4	5	

9	5	174.316	3
1	227.00	91.00	225.02	93.25	3.00	1	9	
2	225.02	93.25	136.41	194.19	134.32	0	
3	136.41	194.19	112.00	222.00	37.00	1	5	

9	6	262.606	6
1	227.00	91.00	224.70	92.93	3.00	1	9	
2	224.70	92.93	115.05	185.13	143.26	0	
3	115.05	185.13	75.15	218.68	52.13	1	5	
4	75.15	218.68	42.55	246.08	42.59	0	
5	42.55	246.08	38.25	249.70	5.62	1	8	
6	38.25	249.70	26.00	260.00	16.00	2	6	8	

9	7	197.717	3
1	227.00	91.00	226.61	93.97	3.00	1	9	
2	226.61	93.97	203.37	269.16	176.72	0	
3	203.37	269.16	201.00	287.00	18.00	1	7	

9	8	260.517	3
1	227.00	91.00	224.55	92.73	3.00	1	9	
2	224.55	92.73	37.71	224.30	228.52	0	
3	37.71	224.30	14.00	241.00	29.00	1	8	

9	9	0	0