10	139	2	0.001	90.0
190.000	86.000	0.000	7.000	0.000
96.000	18.000	50.000	10.000	6.000
114.000	184.000	5.000	3.000	15.000
61.000	202.000	19.000	7.000	17.000
139.000	0.000	14.000	1.000	15.000
148.000	284.000	48.000	2.000	11.000
80.000	272.000	32.000	9.000	3.000
76.000	229.000	30.000	10.000	7.000
128.000	21.000	5.000	10.000	5.000
91.000	5.000	30.000	10.000	7.000

0	0	0	0

0	1	116.017	3
1	190.00	86.00	136.51	47.31	66.02	0	
2	136.51	47.31	110.06	28.17	32.65	1	1	
3	110.06	28.17	96.00	18.00	17.35	2	1	9	

0	2	124.016	2
1	190.00	86.00	117.06	180.05	119.02	0	
2	117.06	180.05	114.00	184.00	5.00	1	2	

0	3	173.485	2
1	190.00	86.00	75.13	189.30	154.48	0	
2	75.13	189.30	61.00	202.00	19.00	1	3	

0	4	99.985	3
1	190.00	86.00	146.14	12.04	85.98	0	
2	146.14	12.04	145.50	10.97	1.25	1	4	
3	145.50	10.97	139.00	0.00	12.75	2	1	4	

0	5	202.406	2
1	190.00	86.00	157.96	237.04	154.41	0	
2	157.96	237.04	148.00	284.00	48.00	1	5	

0	6	216.093	4
1	190.00	86.00	105.99	228.06	165.05	0	
2	105.99	228.06	96.29	244.46	19.05	1	7	
3	96.29	244.46	89.62	255.73	13.10	2	6	7	
4	89.62	255.73	80.00	272.00	18.90	1	6	

0	7	182.880	4
1	190.00	86.00	115.64	179.28	119.29	0	
2	115.64	179.28	109.76	186.65	9.43	1	2	
3	109.76	186.65	94.70	205.54	24.16	0	
4	94.70	205.54	76.00	229.00	30.00	1	7	

0	8	89.828	3
1	190.00	86.00	142.55	36.25	68.75	0	
2	142.55	36.25	131.45	24.62	16.08	1	1	
3	131.45	24.62	128.00	21.00	5.00	2	1	8	

0	9	127.914	3
1	190.00	86.00	138.69	44.02	66.29	0	
2	138.69	44.02	114.22	24.00	31.62	1	1	
3	114.22	24.00	91.00	5.00	30.00	2	1	9	

1	0	116.017	3
1	96.00	18.00	110.06	28.17	17.35	2	1	9	
2	110.06	28.17	136.51	47.31	32.65	1	1	
3	136.51	47.31	190.00	86.00	66.02	0	

1	1	0	0

1	2	166.973	4
1	96.00	18.00	97.76	34.23	16.32	2	1	9	
2	97.76	34.23	101.39	67.71	33.68	1	1	
3	101.39	67.71	113.46	179.03	111.97	0	
4	113.46	179.03	114.00	184.00	5.00	1	2	

1	3	187.299	4
1	96.00	18.00	92.78	34.95	17.25	2	1	9	
2	92.78	34.95	86.66	67.12	32.75	1	1	
3	86.66	67.12	64.55	183.33	118.30	0	
4	64.55	183.33	61.00	202.00	19.00	1	3	

1	4	46.615	3
1	96.00	18.00	120.89	7.58	26.98	2	1	9	
2	120.89	7.58	126.09	5.41	5.63	1	1	
3	126.09	5.41	139.00	0.00	14.00	2	1	4	

1	5	271.035	4
1	96.00	18.00	99.11	33.88	16.18	2	1	9	
2	99.11	33.88	105.59	67.07	33.82	0	
3	105.59	67.07	138.79	236.89	173.03	0	
4	138.79	236.89	148.00	284.00	48.00	1	5	

1	6	254.503	6
1	96.00	18.00	94.95	34.74	16.77	1	1	
2	94.95	34.74	92.86	67.90	33.23	0	
3	92.86	67.90	84.52	200.24	132.60	0	
4	84.52	200.24	82.01	240.06	39.91	1	7	
5	82.01	240.06	80.84	258.61	18.58	1	7	
6	80.84	258.61	80.00	272.00	13.42	1	6	

1	7	211.946	6
1	96.00	18.00	94.41	34.81	16.88	1	1	
2	94.41	34.81	91.28	67.78	33.12	0	
3	91.28	67.78	79.11	196.24	129.04	0	
4	79.11	196.24	78.83	199.13	2.91	1	3	
5	78.83	199.13	77.70	211.06	11.98	2	3	7	
6	77.70	211.06	76.00	229.00	18.02	1	7	

1	8	32.140	3
1	96.00	18.00	117.00	19.97	21.09	2	1	9	
2	117.00	19.97	123.02	20.53	6.05	1	1	
3	123.02	20.53	128.00	21.00	5.00	2	1	8	

1	9	13.928	1
1	96.00	18.00	91.00	5.00	13.93	2	1	9	

2	0	124.016	2
1	114.00	184.00	117.06	180.05	5.00	1	2	
2	117.06	180.05	190.00	86.00	119.02	0	

2	1	166.973	4
1	114.00	184.00	113.46	179.03	5.00	1	2	
2	113.46	179.03	101.39	67.71	111.97	0	
3	101.39	67.71	97.76	34.23	33.68	1	1	
4	97.76	34.23	96.00	18.00	16.32	2	1	9	

2	2	0	0

2	3	55.973	3
1	114.00	184.00	109.27	185.61	5.00	1	2	
2	109.27	185.61	78.99	195.89	31.97	0	
3	78.99	195.89	61.00	202.00	19.00	1	3	

2	4	185.691	4
1	114.00	184.00	114.67	179.05	5.00	1	2	
2	114.67	179.05	131.81	52.89	127.31	0	
3	131.81	52.89	137.12	13.87	39.38	0	
4	137.12	13.87	139.00	0.00	14.00	1	1	

2	5	105.622	3
1	114.00	184.00	115.61	188.73	5.00	1	2	
2	115.61	188.73	132.55	238.56	52.62	0	
3	132.55	238.56	148.00	284.00	48.00	1	5	

2	6	94.340	5
1	114.00	184.00	112.20	188.66	5.00	1	2	
2	112.20	188.66	102.24	214.45	27.64	0	
3	102.24	214.45	91.53	242.15	29.70	1	7	
4	91.53	242.15	85.64	257.41	16.36	2	6	7	
5	85.64	257.41	80.00	272.00	15.64	1	6	

2	7	58.898	3
1	114.00	184.00	110.77	187.82	5.00	1	2	
2	110.77	187.82	95.36	206.08	23.90	0	
3	95.36	206.08	76.00	229.00	30.00	1	7	

2	8	163.600	4
1	114.00	184.00	114.43	179.02	5.00	1	2	
2	114.43	179.02	124.74	58.91	120.55	0	
3	124.74	58.91	127.57	25.98	33.05	0	
4	127.57	25.98	128.00	21.00	5.00	2	1	8	

2	9	180.472	4
1	114.00	184.00	113.36	179.04	5.00	1	2	
2	113.36	179.04	99.08	67.90	112.05	0	
3	99.08	67.90	94.82	34.76	33.42	1	1	
4	94.82	34.76	91.00	5.00	30.00	2	1	9	

3	0	173.485	2
1	61.00	202.00	75.13	189.30	19.00	1	3	
2	75.13	189.30	190.00	86.00	154.48	0	

3	1	187.299	4
1	61.00	202.00	64.55	183.33	19.00	1	3	
2	64.55	183.33	86.66	67.12	118.30	0	
3	86.66	67.12	92.78	34.95	32.75	1	1	
4	92.78	34.95	96.00	18.00	17.25	2	1	9	

3	2	55.973	3
1	61.00	202.00	78.99	195.89	19.00	1	3	
2	78.99	195.89	109.27	185.61	31.97	0	
3	109.27	185.61	114.00	184.00	5.00	1	2	

3	3	0	0

3	4	216.536	6
1	61.00	202.00	67.84	184.28	19.00	1	3	
2	67.84	184.28	114.04	64.63	128.25	0	
3	114.04	64.63	129.00	25.90	41.52	1	1	
4	129.00	25.90	132.03	18.04	8.42	2	1	8	
5	132.03	18.04	133.96	13.06	5.34	1	1	
6	133.96	13.06	139.00	0.00	14.00	2	1	4	

3	5	119.553	5
1	61.00	202.00	61.68	202.64	0.93	1	3	
2	61.68	202.64	74.83	215.03	18.07	2	3	7	
3	74.83	215.03	103.16	241.74	38.94	1	7	
4	103.16	241.74	113.07	251.08	13.62	0	
5	113.07	251.08	148.00	284.00	48.00	1	5	

3	6	72.533	5
1	61.00	202.00	61.24	202.88	0.91	1	3	
2	61.24	202.88	65.98	220.34	18.09	2	3	7	
3	65.98	220.34	71.62	241.12	21.53	1	7	
4	71.62	241.12	76.47	259.00	18.53	2	6	7	
5	76.47	259.00	80.00	272.00	13.47	1	6	

3	7	30.887	3
1	61.00	202.00	61.43	202.78	0.89	1	3	
2	61.43	202.78	70.23	218.61	18.11	2	3	7	
3	70.23	218.61	76.00	229.00	11.89	1	7	

3	8	193.003	4
1	61.00	202.00	67.60	184.18	19.00	1	3	
2	67.60	184.18	111.52	65.53	126.52	0	
3	111.52	65.53	126.26	25.69	42.48	1	1	
4	126.26	25.69	128.00	21.00	5.00	2	1	8	

3	9	199.271	4
1	61.00	202.00	63.86	183.22	19.00	1	3	
2	63.86	183.22	81.72	65.92	118.65	0	
3	81.72	65.92	86.48	34.66	31.62	1	1	
4	86.48	34.66	91.00	5.00	30.00	1	1	

4	0	99.985	3
1	139.00	0.00	145.50	10.97	12.75	2	1	4	
2	145.50	10.97	146.14	12.04	1.25	1	4	
3	146.14	12.04	190.00	86.00	85.98	0	

4	1	46.615	3
1	139.00	0.00	126.09	5.41	14.00	2	1	4	
2	126.09	5.41	120.89	7.58	5.63	1	1	
3	120.89	7.58	96.00	18.00	26.98	2	1	9	

4	2	185.691	4
1	139.00	0.00	137.12	13.87	14.00	1	1	
2	137.12	13.87	131.81	52.89	39.38	0	
3	131.81	52.89	114.67	179.05	127.31	0	
4	114.67	179.05	114.00	184.00	5.00	1	2	

4	3	216.536	6
1	139.00	0.00	133.96	13.06	14.00	2	1	4	
2	133.96	13.06	132.03	18.04	5.34	1	1	
3	132.03	18.04	129.00	25.90	8.42	2	1	8	
4	129.00	25.90	114.04	64.63	41.52	1	1	
5	114.04	64.63	67.84	184.28	128.25	0	
6	67.84	184.28	61.00	202.00	19.00	1	3	

4	4	0	0

4	5	284.143	4
1	139.00	0.00	139.44	13.99	14.00	2	1	4	
2	139.44	13.99	140.30	41.17	27.20	1	1	
3	140.30	41.17	146.48	236.02	194.95	0	
4	146.48	236.02	148.00	284.00	48.00	0	

4	6	278.325	6
1	139.00	0.00	136.03	13.68	14.00	2	1	4	
2	136.03	13.68	126.50	57.62	44.96	1	1	
3	126.50	57.62	94.46	205.35	151.17	0	
4	94.46	205.35	86.78	240.73	36.20	1	7	
5	86.78	240.73	83.00	258.17	17.85	1	6	
6	83.00	258.17	80.00	272.00	14.15	1	6	

4	7	237.508	4
1	139.00	0.00	135.29	13.50	14.00	2	1	4	
2	135.29	13.50	122.36	60.49	48.73	1	1	
3	122.36	60.49	83.96	200.07	144.77	0	
4	83.96	200.07	76.00	229.00	30.00	1	7	

4	8	23.707	3
1	139.00	0.00	132.50	12.40	14.00	2	1	4	
2	132.50	12.40	130.32	16.57	4.71	1	1	
3	130.32	16.57	128.00	21.00	5.00	2	1	8	

4	9	48.260	3
1	139.00	0.00	125.08	1.45	14.00	2	1	4	
2	125.08	1.45	120.84	1.89	4.26	1	1	
3	120.84	1.89	91.00	5.00	30.00	2	1	9	

5	0	202.406	2
1	148.00	284.00	157.96	237.04	48.00	1	5	
2	157.96	237.04	190.00	86.00	154.41	0	

5	1	271.035	4
1	148.00	284.00	138.79	236.89	48.00	1	5	
2	138.79	236.89	105.59	67.07	173.03	0	
3	105.59	67.07	99.11	33.88	33.82	0	
4	99.11	33.88	96.00	18.00	16.18	2	1	9	

5	2	105.622	3
1	148.00	284.00	132.55	238.56	48.00	1	5	
2	132.55	238.56	115.61	188.73	52.62	0	
3	115.61	188.73	114.00	184.00	5.00	1	2	

5	3	119.553	5
1	148.00	284.00	113.07	251.08	48.00	1	5	
2	113.07	251.08	103.16	241.74	13.62	0	
3	103.16	241.74	74.83	215.03	38.94	1	7	
4	74.83	215.03	61.68	202.64	18.07	2	3	7	
5	61.68	202.64	61.00	202.00	0.93	1	3	

5	4	284.143	4
1	148.00	284.00	146.48	236.02	48.00	0	
2	146.48	236.02	140.30	41.17	194.95	0	
3	140.30	41.17	139.44	13.99	27.20	1	1	
4	139.44	13.99	139.00	0.00	14.00	2	1	4	

5	5	0	0

5	6	69.051	3
1	148.00	284.00	111.51	277.56	37.05	1	5	
2	111.51	277.56	100.73	275.66	10.95	2	5	6	
3	100.73	275.66	80.00	272.00	21.05	1	6	

5	7	90.604	5
1	148.00	284.00	109.86	254.86	48.00	1	5	
2	109.86	254.86	102.49	249.23	9.27	0	
3	102.49	249.23	99.84	247.21	3.33	1	6	
4	99.84	247.21	96.05	244.32	4.77	2	6	7	
5	96.05	244.32	76.00	229.00	25.23	1	7	

5	8	263.759	4
1	148.00	284.00	144.36	236.14	48.00	0	
2	144.36	236.14	130.52	54.17	182.49	0	
3	130.52	54.17	128.38	25.99	28.27	0	
4	128.38	25.99	128.00	21.00	5.00	2	1	8	

5	9	284.763	4
1	148.00	284.00	138.39	236.97	48.00	1	5	
2	138.39	236.97	103.75	67.40	173.08	0	
3	103.75	67.40	97.00	34.39	33.68	1	1	
4	97.00	34.39	91.00	5.00	30.00	2	1	9	

6	0	216.093	4
1	80.00	272.00	89.62	255.73	18.90	1	6	
2	89.62	255.73	96.29	244.46	13.10	2	6	7	
3	96.29	244.46	105.99	228.06	19.05	1	7	
4	105.99	228.06	190.00	86.00	165.05	0	

6	1	254.503	6
1	80.00	272.00	80.84	258.61	13.42	1	6	
2	80.84	258.61	82.01	240.06	18.58	1	7	
3	82.01	240.06	84.52	200.24	39.91	1	7	
4	84.52	200.24	92.86	67.90	132.60	0	
5	92.86	67.90	94.95	34.74	33.23	0	
6	94.95	34.74	96.00	18.00	16.77	1	1	

6	2	94.340	5
1	80.00	272.00	85.64	257.41	15.64	1	6	
2	85.64	257.41	91.53	242.15	16.36	2	6	7	
3	91.53	242.15	102.24	214.45	29.70	1	7	
4	102.24	214.45	112.20	188.66	27.64	0	
5	112.20	188.66	114.00	184.00	5.00	1	2	

6	3	72.533	5
1	80.00	272.00	76.47	259.00	13.47	1	6	
2	76.47	259.00	71.62	241.12	18.53	2	6	7	
3	71.62	241.12	65.98	220.34	21.53	1	7	
4	65.98	220.34	61.24	202.88	18.09	2	3	7	
5	61.24	202.88	61.00	202.00	0.91	1	3	

6	4	278.325	6
1	80.00	272.00	83.00	258.17	14.15	1	6	
2	83.00	258.17	86.78	240.73	17.85	1	6	
3	86.78	240.73	94.46	205.35	36.20	1	7	
4	94.46	205.35	126.50	57.62	151.17	0	
5	126.50	57.62	136.03	13.68	44.96	1	1	
6	136.03	13.68	139.00	0.00	14.00	2	1	4	

6	5	69.051	3
1	80.00	272.00	100.73	275.66	21.05	1	6	
2	100.73	275.66	111.51	277.56	10.95	2	5	6	
3	111.51	277.56	148.00	284.00	37.05	1	5	

6	6	0	0

6	7	43.186	3
1	80.00	272.00	78.78	258.87	13.19	1	6	
2	78.78	258.87	77.04	240.14	18.81	2	6	7	
3	77.04	240.14	76.00	229.00	11.19	1	7	

6	8	255.548	6
1	80.00	272.00	82.63	258.26	13.99	1	6	
2	82.63	258.26	86.01	240.57	18.01	2	6	7	
3	86.01	240.57	92.96	204.25	36.98	1	7	
4	92.96	204.25	120.21	61.75	145.08	0	
5	120.21	61.75	127.06	25.91	36.49	1	1	
6	127.06	25.91	128.00	21.00	5.00	2	1	8	

6	9	267.226	6
1	80.00	272.00	80.55	258.65	13.36	1	6	
2	80.55	258.65	81.32	240.03	18.64	2	6	7	
3	81.32	240.03	82.97	199.82	40.24	1	7	
4	82.97	199.82	88.43	67.42	132.51	0	
5	88.43	67.42	89.77	34.97	32.48	1	1	
6	89.77	34.97	91.00	5.00	30.00	2	1	9	

7	0	182.880	4
1	76.00	229.00	94.70	205.54	30.00	1	7	
2	94.70	205.54	109.76	186.65	24.16	0	
3	109.76	186.65	115.64	179.28	9.43	1	2	
4	115.64	179.28	190.00	86.00	119.29	0	

7	1	211.946	6
1	76.00	229.00	77.70	211.06	18.02	1	7	
2	77.70	211.06	78.83	199.13	11.98	2	3	7	
3	78.83	199.13	79.11	196.24	2.91	1	3	
4	79.11	196.24	91.28	67.78	129.04	0	
5	91.28	67.78	94.41	34.81	33.12	0	
6	94.41	34.81	96.00	18.00	16.88	1	1	

7	2	58.898	3
1	76.00	229.00	95.36	206.08	30.00	1	7	
2	95.36	206.08	110.77	187.82	23.90	0	
3	110.77	187.82	114.00	184.00	5.00	1	2	

7	3	30.887	3
1	76.00	229.00	70.23	218.61	11.89	1	7	
2	70.23	218.61	61.43	202.78	18.11	2	3	7	
3	61.43	202.78	61.00	202.00	0.89	1	3	

7	4	237.508	4
1	76.00	229.00	83.96	200.07	30.00	1	7	
2	83.96	200.07	122.36	60.49	144.77	0	
3	122.36	60.49	135.29	13.50	48.73	1	1	
4	135.29	13.50	139.00	0.00	14.00	2	1	4	

7	5	90.604	5
1	76.00	229.00	96.05	244.32	25.23	1	7	
2	96.05	244.32	99.84	247.21	4.77	2	6	7	
3	99.84	247.21	102.49	249.23	3.33	1	6	
4	102.49	249.23	109.86	254.86	9.27	0	
5	109.86	254.86	148.00	284.00	48.00	1	5	

7	6	43.186	3
1	76.00	229.00	77.04	240.14	11.19	1	7	
2	77.04	240.14	78.78	258.87	18.81	2	6	7	
3	78.78	258.87	80.00	272.00	13.19	1	6	

7	7	0	0

7	8	214.401	4
1	76.00	229.00	83.28	199.90	30.00	1	7	
2	83.28	199.90	117.46	63.16	140.94	0	
3	117.46	63.16	126.79	25.85	38.46	1	1	
4	126.79	25.85	128.00	21.00	5.00	2	1	8	

7	9	224.502	6
1	76.00	229.00	77.14	212.03	17.01	1	7	
2	77.14	212.03	78.00	199.07	12.99	2	3	7	
3	78.00	199.07	78.33	194.21	4.87	1	3	
4	78.33	194.21	86.84	67.15	127.34	0	
5	86.84	67.15	89.00	34.93	32.29	0	
6	89.00	34.93	91.00	5.00	30.00	2	1	9	

8	0	89.828	3
1	128.00	21.00	131.45	24.62	5.00	2	1	8	
2	131.45	24.62	142.55	36.25	16.08	1	1	
3	142.55	36.25	190.00	86.00	68.75	0	

8	1	32.140	3
1	128.00	21.00	123.02	20.53	5.00	2	1	8	
2	123.02	20.53	117.00	19.97	6.05	1	1	
3	117.00	19.97	96.00	18.00	21.09	2	1	9	

8	2	163.600	4
1	128.00	21.00	127.57	25.98	5.00	2	1	8	
2	127.57	25.98	124.74	58.91	33.05	0	
3	124.74	58.91	114.43	179.02	120.55	0	
4	114.43	179.02	114.00	184.00	5.00	1	2	

8	3	193.003	4
1	128.00	21.00	126.26	25.69	5.00	2	1	8	
2	126.26	25.69	111.52	65.53	42.48	1	1	
3	111.52	65.53	67.60	184.18	126.52	0	
4	67.60	184.18	61.00	202.00	19.00	1	3	

8	4	23.707	3
1	128.00	21.00	130.32	16.57	5.00	2	1	8	
2	130.32	16.57	132.50	12.40	4.71	1	1	
3	132.50	12.40	139.00	0.00	14.00	2	1	4	

8	5	263.759	4
1	128.00	21.00	128.38	25.99	5.00	2	1	8	
2	128.38	25.99	130.52	54.17	28.27	0	
3	130.52	54.17	144.36	236.14	182.49	0	
4	144.36	236.14	148.00	284.00	48.00	0	

8	6	255.548	6
1	128.00	21.00	127.06	25.91	5.00	2	1	8	
2	127.06	25.91	120.21	61.75	36.49	1	1	
3	120.21	61.75	92.96	204.25	145.08	0	
4	92.96	204.25	86.01	240.57	36.98	1	7	
5	86.01	240.57	82.63	258.26	18.01	2	6	7	
6	82.63	258.26	80.00	272.00	13.99	1	6	

8	7	214.401	4
1	128.00	21.00	126.79	25.85	5.00	2	1	8	
2	126.79	25.85	117.46	63.16	38.46	1	1	
3	117.46	63.16	83.28	199.90	140.94	0	
4	83.28	199.90	76.00	229.00	30.00	1	7	

8	8	0	0

8	9	40.311	3
1	128.00	21.00	123.41	19.02	5.00	2	1	8	
2	123.41	19.02	118.54	16.91	5.31	1	1	
3	118.54	16.91	91.00	5.00	30.00	2	1	9	

9	0	127.914	3
1	91.00	5.00	114.22	24.00	30.00	2	1	9	
2	114.22	24.00	138.69	44.02	31.62	1	1	
3	138.69	44.02	190.00	86.00	66.29	0	

9	1	13.928	1
1	91.00	5.00	96.00	18.00	13.93	2	1	9	

9	2	180.472	4
1	91.00	5.00	94.82	34.76	30.00	2	1	9	
2	94.82	34.76	99.08	67.90	33.42	1	1	
3	99.08	67.90	113.36	179.04	112.05	0	
4	113.36	179.04	114.00	184.00	5.00	1	2	

9	3	199.271	4
1	91.00	5.00	86.48	34.66	30.00	1	1	
2	86.48	34.66	81.72	65.92	31.62	1	1	
3	81.72	65.92	63.86	183.22	118.65	0	
4	63.86	183.22	61.00	202.00	19.00	1	3	

9	4	48.260	3
1	91.00	5.00	120.84	1.89	30.00	2	1	9	
2	120.84	1.89	125.08	1.45	4.26	1	1	
3	125.08	1.45	139.00	0.00	14.00	2	1	4	

9	5	284.763	4
1	91.00	5.00	97.00	34.39	30.00	2	1	9	
2	97.00	34.39	103.75	67.40	33.68	1	1	
3	103.75	67.40	138.39	236.97	173.08	0	
4	138.39	236.97	148.00	284.00	48.00	1	5	

9	6	267.226	6
1	91.00	5.00	89.77	34.97	30.00	2	1	9	
2	89.77	34.97	88.43	67.42	32.48	1	1	
3	88.43	67.42	82.97	199.82	132.51	0	
4	82.97	199.82	81.32	240.03	40.24	1	7	
5	81.32	240.03	80.55	258.65	18.64	2	6	7	
6	80.55	258.65	80.00	272.00	13.36	1	6	

9	7	224.502	6
1	91.00	5.00	89.00	34.93	30.00	2	1	9	
2	89.00	34.93	86.84	67.15	32.29	0	
3	86.84	67.15	78.33	194.21	127.34	0	
4	78.33	194.21	78.00	199.07	4.87	1	3	
5	78.00	199.07	77.14	212.03	12.99	2	3	7	
6	77.14	212.03	76.00	229.00	17.01	1	7	

9	8	40.311	3
1	91.00	5.00	118.54	16.91	30.00	2	1	9	
2	118.54	16.91	123.41	19.02	5.31	1	1	
3	123.41	19.02	128.00	21.00	5.00	2	1	8	

9	9	0	0