10	131	2	0.001	40.0
72.000	296.000	0.000	8.000	0.000
168.000	172.000	8.000	5.000	6.000
153.000	123.000	18.000	10.000	9.000
161.000	115.000	44.000	5.000	20.000
37.000	110.000	28.000	10.000	18.000
4.000	98.000	35.000	1.000	4.000
226.000	237.000	19.000	7.000	1.000
69.000	147.000	3.000	8.000	13.000
21.000	198.000	41.000	1.000	2.000
122.000	249.000	30.000	10.000	16.000

0	0	0	0

0	1	156.818	4
1	72.00	296.00	96.35	264.55	39.77	0	
2	96.35	264.55	130.63	220.27	56.00	1	9	
3	130.63	220.27	163.10	178.33	53.04	0	
4	163.10	178.33	168.00	172.00	8.00	1	1	

0	2	191.024	5
1	72.00	296.00	92.24	252.77	47.73	0	
2	92.24	252.77	105.84	223.72	32.08	1	9	
3	105.84	223.72	138.92	153.06	78.02	0	
4	138.92	153.06	145.37	139.30	15.19	1	3	
5	145.37	139.30	153.00	123.00	18.00	2	2	3	

0	3	201.698	5
1	72.00	296.00	92.48	254.35	46.41	0	
2	92.48	254.35	108.21	222.36	35.65	1	9	
3	108.21	222.36	141.58	154.48	75.63	0	
4	141.58	154.48	148.50	140.43	15.66	1	3	
5	148.50	140.43	161.00	115.00	28.34	2	2	3	

0	4	189.264	4
1	72.00	296.00	57.19	217.28	80.11	0	
2	57.19	217.28	47.71	166.89	51.27	1	8	
3	47.71	166.89	42.18	137.52	29.89	0	
4	42.18	137.52	37.00	110.00	28.00	1	4	

0	5	209.351	6
1	72.00	296.00	48.72	228.21	71.68	0	
2	48.72	228.21	24.31	157.13	75.15	1	8	
3	24.31	157.13	15.37	131.10	27.52	0	
4	15.37	131.10	13.17	124.70	6.77	1	5	
5	13.17	124.70	9.17	113.04	12.33	2	4	5	
6	9.17	113.04	4.00	98.00	15.90	1	5	

0	6	164.915	4
1	72.00	296.00	117.33	278.63	48.54	0	
2	117.33	278.63	145.28	267.93	29.93	1	9	
3	145.28	267.93	208.26	243.80	67.45	0	
4	208.26	243.80	226.00	237.00	19.00	1	6	

0	7	149.030	2
1	72.00	296.00	69.06	150.00	146.03	0	
2	69.06	150.00	69.00	147.00	3.00	1	7	

0	8	110.476	2
1	72.00	296.00	39.93	234.37	69.48	0	
2	39.93	234.37	21.00	198.00	41.00	1	8	

0	9	68.622	2
1	72.00	296.00	100.14	269.55	38.62	0	
2	100.14	269.55	122.00	249.00	30.00	1	9	

1	0	156.818	4
1	168.00	172.00	163.10	178.33	8.00	1	1	
2	163.10	178.33	130.63	220.27	53.04	0	
3	130.63	220.27	96.35	264.55	56.00	1	9	
4	96.35	264.55	72.00	296.00	39.77	0	

1	1	0	0

1	2	51.245	4
1	168.00	172.00	165.66	164.35	8.00	1	1	
2	165.66	164.35	163.99	158.90	5.70	0	
3	163.99	158.90	158.27	140.21	19.54	1	3	
4	158.27	140.21	153.00	123.00	18.00	2	2	3	

1	3	57.428	4
1	168.00	172.00	167.02	164.06	8.00	1	1	
2	167.02	164.06	166.36	158.67	5.43	0	
3	166.36	158.67	163.75	137.43	21.40	1	3	
4	163.75	137.43	161.00	115.00	22.60	2	2	3	

1	4	144.931	3
1	168.00	172.00	160.77	168.58	8.00	1	1	
2	160.77	168.58	62.31	121.98	108.93	0	
3	62.31	121.98	37.00	110.00	28.00	1	4	

1	5	179.922	5
1	168.00	172.00	160.71	168.71	8.00	1	1	
2	160.71	168.71	61.33	123.87	109.03	0	
3	61.33	123.87	35.90	112.40	27.89	1	4	
4	35.90	112.40	10.51	100.94	27.86	2	4	5	
5	10.51	100.94	4.00	98.00	7.14	1	5	

1	6	87.115	3
1	168.00	172.00	173.33	177.97	8.00	1	1	
2	173.33	177.97	213.35	222.82	60.11	0	
3	213.35	222.82	226.00	237.00	19.00	1	6	

1	7	102.108	3
1	168.00	172.00	160.24	170.04	8.00	1	1	
2	160.24	170.04	71.91	147.73	91.11	0	
3	71.91	147.73	69.00	147.00	3.00	1	7	

1	8	149.282	3
1	168.00	172.00	160.12	173.39	8.00	1	1	
2	160.12	173.39	61.37	190.86	100.28	0	
3	61.37	190.86	21.00	198.00	41.00	1	8	

1	9	89.694	3
1	168.00	172.00	163.90	178.87	8.00	1	1	
2	163.90	178.87	137.39	223.25	51.69	0	
3	137.39	223.25	122.00	249.00	30.00	1	9	

2	0	191.024	5
1	153.00	123.00	145.37	139.30	18.00	2	2	3	
2	145.37	139.30	138.92	153.06	15.19	1	3	
3	138.92	153.06	105.84	223.72	78.02	0	
4	105.84	223.72	92.24	252.77	32.08	1	9	
5	92.24	252.77	72.00	296.00	47.73	0	

2	1	51.245	4
1	153.00	123.00	158.27	140.21	18.00	2	2	3	
2	158.27	140.21	163.99	158.90	19.54	1	3	
3	163.99	158.90	165.66	164.35	5.70	0	
4	165.66	164.35	168.00	172.00	8.00	1	1	

2	2	0	0

2	3	11.314	1
1	153.00	123.00	161.00	115.00	11.31	2	2	3	

2	4	116.726	4
1	153.00	123.00	135.11	121.00	18.00	2	2	3	
2	135.11	121.00	117.18	118.99	18.04	1	3	
3	117.18	118.99	64.83	113.12	52.68	0	
4	64.83	113.12	37.00	110.00	28.00	1	4	

2	5	151.083	6
1	153.00	123.00	135.25	120.02	18.00	2	2	3	
2	135.25	120.02	117.04	116.97	18.46	1	3	
3	117.04	116.97	64.94	108.23	52.83	0	
4	64.94	108.23	38.52	103.79	26.80	1	4	
5	38.52	103.79	11.17	99.20	27.73	2	4	5	
6	11.17	99.20	4.00	98.00	7.27	1	5	

2	6	135.370	4
1	153.00	123.00	162.71	138.16	18.00	2	2	3	
2	162.71	138.16	174.66	156.83	22.17	1	3	
3	174.66	156.83	215.75	221.00	76.20	0	
4	215.75	221.00	226.00	237.00	19.00	1	6	

2	7	87.361	4
1	153.00	123.00	135.69	127.94	18.00	2	2	3	
2	135.69	127.94	120.53	132.28	15.77	1	3	
3	120.53	132.28	71.88	146.18	50.60	0	
4	71.88	146.18	69.00	147.00	3.00	1	7	

2	8	151.819	4
1	153.00	123.00	137.35	131.89	18.00	2	2	3	
2	137.35	131.89	124.32	139.30	14.99	1	3	
3	124.32	139.30	56.65	177.75	77.83	0	
4	56.65	177.75	21.00	198.00	41.00	1	8	

2	9	129.757	4
1	153.00	123.00	148.70	140.48	18.00	2	2	3	
2	148.70	140.48	144.89	155.95	15.93	1	3	
3	144.89	155.95	129.17	219.87	65.83	0	
4	129.17	219.87	122.00	249.00	30.00	1	9	

3	0	201.698	5
1	161.00	115.00	148.50	140.43	28.34	2	2	3	
2	148.50	140.43	141.58	154.48	15.66	1	3	
3	141.58	154.48	108.21	222.36	75.63	0	
4	108.21	222.36	92.48	254.35	35.65	1	9	
5	92.48	254.35	72.00	296.00	46.41	0	

3	1	57.428	4
1	161.00	115.00	163.75	137.43	22.60	2	2	3	
2	163.75	137.43	166.36	158.67	21.40	1	3	
3	166.36	158.67	167.02	164.06	5.43	0	
4	167.02	164.06	168.00	172.00	8.00	1	1	

3	2	11.314	1
1	161.00	115.00	153.00	123.00	11.31	2	2	3	

3	3	0	0

3	4	124.101	4
1	161.00	115.00	137.38	114.05	23.64	2	2	3	
2	137.38	114.05	117.04	113.23	20.36	1	3	
3	117.04	113.23	64.98	111.13	52.10	0	
4	64.98	111.13	37.00	110.00	28.00	1	4	

3	5	157.918	6
1	161.00	115.00	138.35	112.55	22.79	2	2	3	
2	138.35	112.55	117.26	110.26	21.21	1	3	
3	117.26	110.26	64.46	104.55	53.10	0	
4	64.46	104.55	38.80	101.77	25.82	1	4	
5	38.80	101.77	11.34	98.79	27.62	2	4	5	
6	11.34	98.79	4.00	98.00	7.38	1	5	

3	6	138.235	4
1	161.00	115.00	169.31	130.61	17.68	2	2	3	
2	169.31	130.61	181.69	153.83	26.32	1	3	
3	181.69	153.83	217.07	220.23	75.24	0	
4	217.07	220.23	226.00	237.00	19.00	1	6	

3	7	97.406	4
1	161.00	115.00	135.03	124.03	27.50	2	2	3	
2	135.03	124.03	119.44	129.45	16.50	1	3	
3	119.44	129.45	71.83	146.01	50.41	0	
4	71.83	146.01	69.00	147.00	3.00	1	7	

3	8	162.754	4
1	161.00	115.00	136.28	129.66	28.74	2	2	3	
2	136.28	129.66	123.15	137.44	15.26	1	3	
3	123.15	137.44	56.27	177.09	77.75	0	
4	56.27	177.09	21.00	198.00	41.00	1	8	

3	9	139.560	4
1	161.00	115.00	153.43	140.99	27.07	2	2	3	
2	153.43	140.99	148.70	157.25	16.93	1	3	
3	148.70	157.25	130.38	220.20	65.56	0	
4	130.38	220.20	122.00	249.00	30.00	1	9	

4	0	189.264	4
1	37.00	110.00	42.18	137.52	28.00	1	4	
2	42.18	137.52	47.71	166.89	29.89	0	
3	47.71	166.89	57.19	217.28	51.27	1	8	
4	57.19	217.28	72.00	296.00	80.11	0	

4	1	144.931	3
1	37.00	110.00	62.31	121.98	28.00	1	4	
2	62.31	121.98	160.77	168.58	108.93	0	
3	160.77	168.58	168.00	172.00	8.00	1	1	

4	2	116.726	4
1	37.00	110.00	64.83	113.12	28.00	1	4	
2	64.83	113.12	117.18	118.99	52.68	0	
3	117.18	118.99	135.11	121.00	18.04	1	3	
4	135.11	121.00	153.00	123.00	18.00	2	2	3	

4	3	124.101	4
1	37.00	110.00	64.98	111.13	28.00	1	4	
2	64.98	111.13	117.04	113.23	52.10	0	
3	117.04	113.23	137.38	114.05	20.36	1	3	
4	137.38	114.05	161.00	115.00	23.64	2	2	3	

4	4	0	0

4	5	35.114	3
1	37.00	110.00	36.89	109.96	0.11	1	4	
2	36.89	109.96	10.69	100.43	27.89	2	4	5	
3	10.69	100.43	4.00	98.00	7.11	1	5	

4	6	227.706	3
1	37.00	110.00	60.24	125.62	28.00	1	4	
2	60.24	125.62	210.23	226.40	180.71	0	
3	210.23	226.40	226.00	237.00	19.00	1	6	

4	7	48.918	3
1	37.00	110.00	55.32	131.18	28.00	1	4	
2	55.32	131.18	67.04	144.73	17.92	0	
3	67.04	144.73	69.00	147.00	3.00	1	7	

4	8	89.443	3
1	37.00	110.00	31.99	137.55	28.00	1	4	
2	31.99	137.55	28.33	157.66	20.44	0	
3	28.33	157.66	21.00	198.00	41.00	1	8	

4	9	162.929	3
1	37.00	110.00	51.61	133.89	28.00	1	4	
2	51.61	133.89	106.35	223.41	104.93	0	
3	106.35	223.41	122.00	249.00	30.00	1	9	

5	0	209.351	6
1	4.00	98.00	9.17	113.04	15.90	1	5	
2	9.17	113.04	13.17	124.70	12.33	2	4	5	
3	13.17	124.70	15.37	131.10	6.77	1	5	
4	15.37	131.10	24.31	157.13	27.52	0	
5	24.31	157.13	48.72	228.21	75.15	1	8	
6	48.72	228.21	72.00	296.00	71.68	0	

5	1	179.922	5
1	4.00	98.00	10.51	100.94	7.14	1	5	
2	10.51	100.94	35.90	112.40	27.86	2	4	5	
3	35.90	112.40	61.33	123.87	27.89	1	4	
4	61.33	123.87	160.71	168.71	109.03	0	
5	160.71	168.71	168.00	172.00	8.00	1	1	

5	2	151.083	6
1	4.00	98.00	11.17	99.20	7.27	1	5	
2	11.17	99.20	38.52	103.79	27.73	2	4	5	
3	38.52	103.79	64.94	108.23	26.80	1	4	
4	64.94	108.23	117.04	116.97	52.83	0	
5	117.04	116.97	135.25	120.02	18.46	1	3	
6	135.25	120.02	153.00	123.00	18.00	2	2	3	

5	3	157.918	6
1	4.00	98.00	11.34	98.79	7.38	1	5	
2	11.34	98.79	38.80	101.77	27.62	2	4	5	
3	38.80	101.77	64.46	104.55	25.82	1	4	
4	64.46	104.55	117.26	110.26	53.10	0	
5	117.26	110.26	138.35	112.55	21.21	1	3	
6	138.35	112.55	161.00	115.00	22.79	2	2	3	

5	4	35.114	3
1	4.00	98.00	10.69	100.43	7.11	1	5	
2	10.69	100.43	36.89	109.96	27.89	2	4	5	
3	36.89	109.96	37.00	110.00	0.11	1	4	

5	5	0	0

5	6	261.926	5
1	4.00	98.00	10.20	101.88	7.32	1	5	
2	10.20	101.88	33.66	116.57	27.68	2	4	5	
3	33.66	116.57	56.01	130.56	26.36	1	4	
4	56.01	130.56	209.90	226.92	181.57	0	
5	209.90	226.92	226.00	237.00	19.00	1	6	

5	7	81.400	5
1	4.00	98.00	10.01	102.53	7.53	1	5	
2	10.01	102.53	31.95	119.07	27.47	2	4	5	
3	31.95	119.07	51.61	133.89	24.62	1	4	
4	51.61	133.89	66.60	145.19	18.78	0	
5	66.60	145.19	69.00	147.00	3.00	1	7	

5	8	101.435	3
1	4.00	98.00	9.87	132.50	35.00	1	5	
2	9.87	132.50	14.13	157.58	25.44	0	
3	14.13	157.58	21.00	198.00	41.00	1	8	

5	9	191.638	5
1	4.00	98.00	9.45	104.98	8.86	1	5	
2	9.45	104.98	25.55	125.58	26.14	2	4	5	
3	25.55	125.58	35.21	137.94	15.69	1	4	
4	35.21	137.94	103.53	225.36	110.95	0	
5	103.53	225.36	122.00	249.00	30.00	1	9	

6	0	164.915	4
1	226.00	237.00	208.26	243.80	19.00	1	6	
2	208.26	243.80	145.28	267.93	67.45	0	
3	145.28	267.93	117.33	278.63	29.93	1	9	
4	117.33	278.63	72.00	296.00	48.54	0	

6	1	87.115	3
1	226.00	237.00	213.35	222.82	19.00	1	6	
2	213.35	222.82	173.33	177.97	60.11	0	
3	173.33	177.97	168.00	172.00	8.00	1	1	

6	2	135.370	4
1	226.00	237.00	215.75	221.00	19.00	1	6	
2	215.75	221.00	174.66	156.83	76.20	0	
3	174.66	156.83	162.71	138.16	22.17	1	3	
4	162.71	138.16	153.00	123.00	18.00	2	2	3	

6	3	138.235	4
1	226.00	237.00	217.07	220.23	19.00	1	6	
2	217.07	220.23	181.69	153.83	75.24	0	
3	181.69	153.83	169.31	130.61	26.32	1	3	
4	169.31	130.61	161.00	115.00	17.68	2	2	3	

6	4	227.706	3
1	226.00	237.00	210.23	226.40	19.00	1	6	
2	210.23	226.40	60.24	125.62	180.71	0	
3	60.24	125.62	37.00	110.00	28.00	1	4	

6	5	261.926	5
1	226.00	237.00	209.90	226.92	19.00	1	6	
2	209.90	226.92	56.01	130.56	181.57	0	
3	56.01	130.56	33.66	116.57	26.36	1	4	
4	33.66	116.57	10.20	101.88	27.68	2	4	5	
5	10.20	101.88	4.00	98.00	7.32	1	5	

6	6	0	0

6	7	180.967	3
1	226.00	237.00	209.52	227.55	19.00	1	6	
2	209.52	227.55	71.60	148.49	158.97	0	
3	71.60	148.49	69.00	147.00	3.00	1	7	

6	8	208.677	3
1	226.00	237.00	207.33	233.45	19.00	1	6	
2	207.33	233.45	61.28	205.66	148.68	0	
3	61.28	205.66	21.00	198.00	41.00	1	8	

6	9	104.690	3
1	226.00	237.00	207.13	239.18	19.00	1	6	
2	207.13	239.18	151.80	245.56	55.69	0	
3	151.80	245.56	122.00	249.00	30.00	1	9	

7	0	149.030	2
1	69.00	147.00	69.06	150.00	3.00	1	7	
2	69.06	150.00	72.00	296.00	146.03	0	

7	1	102.108	3
1	69.00	147.00	71.91	147.73	3.00	1	7	
2	71.91	147.73	160.24	170.04	91.11	0	
3	160.24	170.04	168.00	172.00	8.00	1	1	

7	2	87.361	4
1	69.00	147.00	71.88	146.18	3.00	1	7	
2	71.88	146.18	120.53	132.28	50.60	0	
3	120.53	132.28	135.69	127.94	15.77	1	3	
4	135.69	127.94	153.00	123.00	18.00	2	2	3	

7	3	97.406	4
1	69.00	147.00	71.83	146.01	3.00	1	7	
2	71.83	146.01	119.44	129.45	50.41	0	
3	119.44	129.45	135.03	124.03	16.50	1	3	
4	135.03	124.03	161.00	115.00	27.50	2	2	3	

7	4	48.918	3
1	69.00	147.00	67.04	144.73	3.00	1	7	
2	67.04	144.73	55.32	131.18	17.92	0	
3	55.32	131.18	37.00	110.00	28.00	1	4	

7	5	81.400	5
1	69.00	147.00	66.60	145.19	3.00	1	7	
2	66.60	145.19	51.61	133.89	18.78	0	
3	51.61	133.89	31.95	119.07	24.62	1	4	
4	31.95	119.07	10.01	102.53	27.47	2	4	5	
5	10.01	102.53	4.00	98.00	7.53	1	5	

7	6	180.967	3
1	69.00	147.00	71.60	148.49	3.00	1	7	
2	71.60	148.49	209.52	227.55	158.97	0	
3	209.52	227.55	226.00	237.00	19.00	1	6	

7	7	0	0

7	8	70.036	3
1	69.00	147.00	66.94	149.18	3.00	1	7	
2	66.94	149.18	49.10	168.14	26.04	0	
3	49.10	168.14	21.00	198.00	41.00	1	8	

7	9	114.948	3
1	69.00	147.00	70.38	149.66	3.00	1	7	
2	70.38	149.66	108.17	222.38	81.95	0	
3	108.17	222.38	122.00	249.00	30.00	1	9	

8	0	110.476	2
1	21.00	198.00	39.93	234.37	41.00	1	8	
2	39.93	234.37	72.00	296.00	69.48	0	

8	1	149.282	3
1	21.00	198.00	61.37	190.86	41.00	1	8	
2	61.37	190.86	160.12	173.39	100.28	0	
3	160.12	173.39	168.00	172.00	8.00	1	1	

8	2	151.819	4
1	21.00	198.00	56.65	177.75	41.00	1	8	
2	56.65	177.75	124.32	139.30	77.83	0	
3	124.32	139.30	137.35	131.89	14.99	1	3	
4	137.35	131.89	153.00	123.00	18.00	2	2	3	

8	3	162.754	4
1	21.00	198.00	56.27	177.09	41.00	1	8	
2	56.27	177.09	123.15	137.44	77.75	0	
3	123.15	137.44	136.28	129.66	15.26	1	3	
4	136.28	129.66	161.00	115.00	28.74	2	2	3	

8	4	89.443	3
1	21.00	198.00	28.33	157.66	41.00	1	8	
2	28.33	157.66	31.99	137.55	20.44	0	
3	31.99	137.55	37.00	110.00	28.00	1	4	

8	5	101.435	3
1	21.00	198.00	14.13	157.58	41.00	1	8	
2	14.13	157.58	9.87	132.50	25.44	0	
3	9.87	132.50	4.00	98.00	35.00	1	5	

8	6	208.677	3
1	21.00	198.00	61.28	205.66	41.00	1	8	
2	61.28	205.66	207.33	233.45	148.68	0	
3	207.33	233.45	226.00	237.00	19.00	1	6	

8	7	70.036	3
1	21.00	198.00	49.10	168.14	41.00	1	8	
2	49.10	168.14	66.94	149.18	26.04	0	
3	66.94	149.18	69.00	147.00	3.00	1	7	

8	8	0	0

8	9	113.146	3
1	21.00	198.00	57.60	216.48	41.00	1	8	
2	57.60	216.48	95.22	235.48	42.15	0	
3	95.22	235.48	122.00	249.00	30.00	1	9	

9	0	68.622	2
1	122.00	249.00	100.14	269.55	30.00	1	9	
2	100.14	269.55	72.00	296.00	38.62	0	

9	1	89.694	3
1	122.00	249.00	137.39	223.25	30.00	1	9	
2	137.39	223.25	163.90	178.87	51.69	0	
3	163.90	178.87	168.00	172.00	8.00	1	1	

9	2	129.757	4
1	122.00	249.00	129.17	219.87	30.00	1	9	
2	129.17	219.87	144.89	155.95	65.83	0	
3	144.89	155.95	148.70	140.48	15.93	1	3	
4	148.70	140.48	153.00	123.00	18.00	2	2	3	

9	3	139.560	4
1	122.00	249.00	130.38	220.20	30.00	1	9	
2	130.38	220.20	148.70	157.25	65.56	0	
3	148.70	157.25	153.43	140.99	16.93	1	3	
4	153.43	140.99	161.00	115.00	27.07	2	2	3	

9	4	162.929	3
1	122.00	249.00	106.35	223.41	30.00	1	9	
2	106.35	223.41	51.61	133.89	104.93	0	
3	51.61	133.89	37.00	110.00	28.00	1	4	

9	5	191.638	5
1	122.00	249.00	103.53	225.36	30.00	1	9	
2	103.53	225.36	35.21	137.94	110.95	0	
3	35.21	137.94	25.55	125.58	15.69	1	4	
4	25.55	125.58	9.45	104.98	26.14	2	4	5	
5	9.45	104.98	4.00	98.00	8.86	1	5	

9	6	104.690	3
1	122.00	249.00	151.80	245.56	30.00	1	9	
2	151.80	245.56	207.13	239.18	55.69	0	
3	207.13	239.18	226.00	237.00	19.00	1	6	

9	7	114.948	3
1	122.00	249.00	108.17	222.38	30.00	1	9	
2	108.17	222.38	70.38	149.66	81.95	0	
3	70.38	149.66	69.00	147.00	3.00	1	7	

9	8	113.146	3
1	122.00	249.00	95.22	235.48	30.00	1	9	
2	95.22	235.48	57.60	216.48	42.15	0	
3	57.60	216.48	21.00	198.00	41.00	1	8	

9	9	0	0