10	149	2	0.001	80.0
31.000	161.000	0.000	8.000	0.000
122.000	185.000	13.000	1.000	11.000
5.000	257.000	46.000	4.000	8.000
121.000	273.000	16.000	2.000	14.000
134.000	7.000	42.000	1.000	2.000
130.000	27.000	1.000	10.000	1.000
180.000	107.000	5.000	4.000	15.000
143.000	166.000	48.000	10.000	2.000
249.000	95.000	12.000	9.000	4.000
281.000	73.000	17.000	9.000	19.000

0	0	0	0

0	1	94.112	3
1	31.00	161.00	96.60	178.30	67.85	0	
2	96.60	178.30	109.43	181.68	13.27	1	7	
3	109.43	181.68	122.00	185.00	13.00	2	1	7	

0	2	99.459	2
1	31.00	161.00	17.03	212.60	53.46	0	
2	17.03	212.60	5.00	257.00	46.00	1	2	

0	3	143.680	2
1	31.00	161.00	110.98	260.53	127.68	0	
2	110.98	260.53	121.00	273.00	16.00	1	3	

0	4	185.270	2
1	31.00	161.00	110.65	41.91	143.27	0	
2	110.65	41.91	134.00	7.00	42.00	1	4	

0	5	166.604	3
1	31.00	161.00	116.55	45.20	143.97	0	
2	116.55	45.20	129.41	27.80	21.63	1	4	
3	129.41	27.80	130.00	27.00	1.00	2	4	5	

0	6	158.483	4
1	31.00	161.00	108.08	133.06	81.99	0	
2	108.08	133.06	148.71	118.34	43.21	1	7	
3	148.71	118.34	175.30	108.70	28.28	0	
4	175.30	108.70	180.00	107.00	5.00	1	6	

0	7	112.112	2
1	31.00	161.00	95.05	163.86	64.11	0	
2	95.05	163.86	143.00	166.00	48.00	1	7	

0	8	227.772	4
1	31.00	161.00	103.22	139.13	75.46	0	
2	103.22	139.13	161.20	121.58	60.57	1	7	
3	161.20	121.58	237.51	98.48	79.74	0	
4	237.51	98.48	249.00	95.00	12.00	1	8	

0	9	265.036	8
1	31.00	161.00	107.00	134.25	80.57	0	
2	107.00	134.25	151.17	118.70	46.82	1	7	
3	151.17	118.70	175.98	109.97	26.30	0	
4	175.98	109.97	185.00	106.79	9.56	1	6	
5	185.00	106.79	239.56	87.59	57.85	0	
6	239.56	87.59	251.71	83.31	12.88	1	8	
7	251.71	83.31	264.96	78.64	14.05	0	
8	264.96	78.64	281.00	73.00	17.00	1	9	

1	0	94.112	3
1	122.00	185.00	109.43	181.68	13.00	2	1	7	
2	109.43	181.68	96.60	178.30	13.27	1	7	
3	96.60	178.30	31.00	161.00	67.85	0	

1	1	0	0

1	2	137.379	4
1	122.00	185.00	110.93	191.81	13.00	2	1	7	
2	110.93	191.81	105.07	195.42	6.88	1	7	
3	105.07	195.42	44.18	232.89	71.50	0	
4	44.18	232.89	5.00	257.00	46.00	1	2	

1	3	88.006	4
1	122.00	185.00	121.85	198.00	13.00	2	1	7	
2	121.85	198.00	121.73	209.03	11.04	0	
3	121.73	209.03	121.18	257.00	47.97	0	
4	121.18	257.00	121.00	273.00	16.00	1	3	

1	4	178.404	4
1	122.00	185.00	122.87	172.03	13.00	2	1	7	
2	122.87	172.03	126.32	120.99	51.15	0	
3	126.32	120.99	131.18	48.90	72.25	0	
4	131.18	48.90	134.00	7.00	42.00	1	4	

1	5	158.202	5
1	122.00	185.00	122.66	172.02	13.00	2	1	7	
2	122.66	172.02	125.22	121.41	50.67	1	7	
3	125.22	121.41	128.90	48.69	72.82	0	
4	128.90	48.69	129.95	28.00	20.72	1	4	
5	129.95	28.00	130.00	27.00	1.00	2	4	5	

1	6	97.201	4
1	122.00	185.00	129.76	174.57	13.00	2	1	7	
2	129.76	174.57	167.03	124.45	62.46	1	7	
3	167.03	124.45	177.02	111.01	16.74	0	
4	177.02	111.01	180.00	107.00	5.00	1	6	

1	7	28.320	2
1	122.00	185.00	131.64	176.28	13.00	2	1	7	
2	131.64	176.28	143.00	166.00	15.32	1	7	

1	8	155.657	4
1	122.00	185.00	132.61	177.48	13.00	2	1	7	
2	132.61	177.48	184.01	141.06	63.00	1	7	
3	184.01	141.06	239.21	101.94	67.65	0	
4	239.21	101.94	249.00	95.00	12.00	1	8	

1	9	194.487	6
1	122.00	185.00	132.63	177.51	13.00	2	1	7	
2	132.63	177.51	184.12	141.24	62.99	1	7	
3	184.12	141.24	239.45	102.27	67.68	0	
4	239.45	102.27	259.06	88.46	23.98	1	8	
5	259.06	88.46	267.10	82.79	9.84	0	
6	267.10	82.79	281.00	73.00	17.00	1	9	

2	0	99.459	2
1	5.00	257.00	17.03	212.60	46.00	1	2	
2	17.03	212.60	31.00	161.00	53.46	0	

2	1	137.379	4
1	5.00	257.00	44.18	232.89	46.00	1	2	
2	44.18	232.89	105.07	195.42	71.50	0	
3	105.07	195.42	110.93	191.81	6.88	1	7	
4	110.93	191.81	122.00	185.00	13.00	2	1	7	

2	2	0	0

2	3	117.098	3
1	5.00	257.00	50.57	263.29	46.00	1	2	
2	50.57	263.29	105.15	270.81	55.10	0	
3	105.15	270.81	121.00	273.00	16.00	1	3	

2	4	281.320	3
1	5.00	257.00	26.09	216.12	46.00	1	2	
2	26.09	216.12	114.74	44.32	193.32	0	
3	114.74	44.32	134.00	7.00	42.00	1	4	

2	5	261.773	4
1	5.00	257.00	26.97	216.58	46.00	1	2	
2	26.97	216.58	119.46	46.40	193.69	0	
3	119.46	46.40	129.52	27.88	21.08	1	4	
4	129.52	27.88	130.00	27.00	1.00	2	4	5	

2	6	230.489	5
1	5.00	257.00	39.93	227.06	46.00	1	2	
2	39.93	227.06	96.64	178.45	74.70	0	
3	96.64	178.45	162.39	122.09	86.60	1	7	
4	162.39	122.09	176.20	110.25	18.19	0	
5	176.20	110.25	180.00	107.00	5.00	1	6	

2	7	165.303	5
1	5.00	257.00	43.40	231.68	46.00	1	2	
2	43.40	231.68	102.93	192.42	71.30	0	
3	102.93	192.42	109.39	188.16	7.74	1	7	
4	109.39	188.16	129.87	174.66	24.54	2	1	7	
5	129.87	174.66	143.00	166.00	15.72	1	7	

2	8	292.882	7
1	5.00	257.00	43.32	231.56	46.00	1	2	
2	43.32	231.56	102.73	192.12	71.30	0	
3	102.73	192.12	109.30	187.75	7.88	1	7	
4	109.30	187.75	129.47	174.36	24.22	2	1	7	
5	129.47	174.36	182.70	139.02	63.89	1	7	
6	182.70	139.02	239.00	101.64	67.58	0	
7	239.00	101.64	249.00	95.00	12.00	1	8	

2	9	331.711	9
1	5.00	257.00	43.27	231.48	46.00	1	2	
2	43.27	231.48	102.61	191.93	71.31	0	
3	102.61	191.93	109.24	187.50	7.98	1	7	
4	109.24	187.50	129.22	174.19	24.01	2	1	7	
5	129.22	174.19	182.47	138.69	64.00	1	7	
6	182.47	138.69	238.72	101.19	67.60	0	
7	238.72	101.19	258.67	87.89	23.97	1	8	
8	258.67	87.89	266.86	82.43	9.84	0	
9	266.86	82.43	281.00	73.00	17.00	1	9	

3	0	143.680	2
1	121.00	273.00	110.98	260.53	16.00	1	3	
2	110.98	260.53	31.00	161.00	127.68	0	

3	1	88.006	4
1	121.00	273.00	121.18	257.00	16.00	1	3	
2	121.18	257.00	121.73	209.03	47.97	0	
3	121.73	209.03	121.85	198.00	11.04	0	
4	121.85	198.00	122.00	185.00	13.00	2	1	7	

3	2	117.098	3
1	121.00	273.00	105.15	270.81	16.00	1	3	
2	105.15	270.81	50.57	263.29	55.10	0	
3	50.57	263.29	5.00	257.00	46.00	1	2	

3	3	0	0

3	4	266.317	7
1	121.00	273.00	121.78	257.02	16.00	1	3	
2	121.78	257.02	124.07	210.11	46.96	0	
3	124.07	210.11	124.68	197.72	12.41	0	
4	124.68	197.72	125.91	172.60	25.15	2	1	7	
5	125.91	172.60	128.47	120.25	52.41	0	
6	128.47	120.25	131.95	48.95	71.39	0	
7	131.95	48.95	134.00	7.00	42.00	0	

3	5	246.165	8
1	121.00	273.00	121.58	257.01	16.00	0	
2	121.58	257.01	123.31	209.78	47.26	0	
3	123.31	209.78	123.75	197.88	11.90	0	
4	123.75	197.88	124.68	172.28	25.62	1	7	
5	124.68	172.28	126.56	120.90	51.41	0	
6	126.56	120.90	129.21	48.72	72.22	0	
7	129.21	48.72	129.96	28.00	20.74	1	4	
8	129.96	28.00	130.00	27.00	1.00	2	4	5	

3	6	176.173	5
1	121.00	273.00	126.36	257.92	16.00	1	3	
2	126.36	257.92	141.97	213.99	46.63	0	
3	141.97	213.99	172.49	128.13	91.12	1	7	
4	172.49	128.13	178.33	111.71	17.42	0	
5	178.33	111.71	180.00	107.00	5.00	1	6	

3	7	109.238	3
1	121.00	273.00	124.22	257.33	16.00	1	3	
2	124.22	257.33	133.33	213.02	45.24	0	
3	133.33	213.02	143.00	166.00	48.00	1	7	

3	8	219.244	5
1	121.00	273.00	130.34	260.01	16.00	1	3	
2	130.34	260.01	168.87	206.43	65.99	0	
3	168.87	206.43	189.56	177.65	35.45	1	7	
4	189.56	177.65	241.99	104.74	89.80	0	
5	241.99	104.74	249.00	95.00	12.00	1	8	

3	9	256.125	5
1	121.00	273.00	131.00	260.51	16.00	1	3	
2	131.00	260.51	255.16	105.30	198.77	0	
3	255.16	105.30	260.40	98.75	8.38	1	8	
4	260.40	98.75	270.38	86.27	15.98	0	
5	270.38	86.27	281.00	73.00	17.00	1	9	

4	0	185.270	2
1	134.00	7.00	110.65	41.91	42.00	1	4	
2	110.65	41.91	31.00	161.00	143.27	0	

4	1	178.404	4
1	134.00	7.00	131.18	48.90	42.00	1	4	
2	131.18	48.90	126.32	120.99	72.25	0	
3	126.32	120.99	122.87	172.03	51.15	0	
4	122.87	172.03	122.00	185.00	13.00	2	1	7	

4	2	281.320	3
1	134.00	7.00	114.74	44.32	42.00	1	4	
2	114.74	44.32	26.09	216.12	193.32	0	
3	26.09	216.12	5.00	257.00	46.00	1	2	

4	3	266.317	7
1	134.00	7.00	131.95	48.95	42.00	0	
2	131.95	48.95	128.47	120.25	71.39	0	
3	128.47	120.25	125.91	172.60	52.41	0	
4	125.91	172.60	124.68	197.72	25.15	2	1	7	
5	124.68	197.72	124.07	210.11	12.41	0	
6	124.07	210.11	121.78	257.02	46.96	0	
7	121.78	257.02	121.00	273.00	16.00	1	3	

4	4	0	0

4	5	20.396	2
1	134.00	7.00	130.20	26.02	19.40	1	4	
2	130.20	26.02	130.00	27.00	1.00	2	4	5	

4	6	110.073	3
1	134.00	7.00	151.55	45.16	42.00	1	4	
2	151.55	45.16	177.91	102.46	63.07	0	
3	177.91	102.46	180.00	107.00	5.00	1	6	

4	7	159.255	3
1	134.00	7.00	136.37	48.93	42.00	0	
2	136.37	48.93	140.29	118.08	69.25	0	
3	140.29	118.08	143.00	166.00	48.00	1	7	

4	8	144.807	3
1	134.00	7.00	167.35	32.52	42.00	1	4	
2	167.35	32.52	239.47	87.71	90.81	0	
3	239.47	87.71	249.00	95.00	12.00	1	8	

4	9	161.137	3
1	134.00	7.00	172.32	24.20	42.00	1	4	
2	172.32	24.20	265.49	66.04	102.14	0	
3	265.49	66.04	281.00	73.00	17.00	1	9	

5	0	166.604	3
1	130.00	27.00	129.41	27.80	1.00	2	4	5	
2	129.41	27.80	116.55	45.20	21.63	1	4	
3	116.55	45.20	31.00	161.00	143.97	0	

5	1	158.202	5
1	130.00	27.00	129.95	28.00	1.00	2	4	5	
2	129.95	28.00	128.90	48.69	20.72	1	4	
3	128.90	48.69	125.22	121.41	72.82	0	
4	125.22	121.41	122.66	172.02	50.67	1	7	
5	122.66	172.02	122.00	185.00	13.00	2	1	7	

5	2	261.773	4
1	130.00	27.00	129.52	27.88	1.00	2	4	5	
2	129.52	27.88	119.46	46.40	21.08	1	4	
3	119.46	46.40	26.97	216.58	193.69	0	
4	26.97	216.58	5.00	257.00	46.00	1	2	

5	3	246.165	8
1	130.00	27.00	129.96	28.00	1.00	2	4	5	
2	129.96	28.00	129.21	48.72	20.74	1	4	
3	129.21	48.72	126.56	120.90	72.22	0	
4	126.56	120.90	124.68	172.28	51.41	0	
5	124.68	172.28	123.75	197.88	25.62	1	7	
6	123.75	197.88	123.31	209.78	11.90	0	
7	123.31	209.78	121.58	257.01	47.26	0	
8	121.58	257.01	121.00	273.00	16.00	0	

5	4	20.396	2
1	130.00	27.00	130.20	26.02	1.00	2	4	5	
2	130.20	26.02	134.00	7.00	19.40	1	4	

5	5	0	0

5	6	94.340	4
1	130.00	27.00	130.53	27.85	1.00	2	4	5	
2	130.53	27.85	143.12	48.00	23.76	1	4	
3	143.12	48.00	177.35	102.76	64.58	0	
4	177.35	102.76	180.00	107.00	5.00	1	6	

5	7	139.607	4
1	130.00	27.00	130.09	28.00	1.00	2	4	5	
2	130.09	28.00	132.05	48.95	21.05	1	4	
3	132.05	48.95	138.53	118.21	69.56	0	
4	138.53	118.21	143.00	166.00	48.00	1	7	

5	8	137.058	4
1	130.00	27.00	130.87	27.50	1.00	2	4	5	
2	130.87	27.50	156.77	42.29	29.83	1	4	
3	156.77	42.29	238.58	89.05	94.23	0	
4	238.58	89.05	249.00	95.00	12.00	1	8	

5	9	157.851	4
1	130.00	27.00	130.96	27.29	1.00	2	4	5	
2	130.96	27.29	163.26	37.13	33.77	1	4	
3	163.26	37.13	264.74	68.05	106.08	0	
4	264.74	68.05	281.00	73.00	17.00	1	9	

6	0	158.483	4
1	180.00	107.00	175.30	108.70	5.00	1	6	
2	175.30	108.70	148.71	118.34	28.28	0	
3	148.71	118.34	108.08	133.06	43.21	1	7	
4	108.08	133.06	31.00	161.00	81.99	0	

6	1	97.201	4
1	180.00	107.00	177.02	111.01	5.00	1	6	
2	177.02	111.01	167.03	124.45	16.74	0	
3	167.03	124.45	129.76	174.57	62.46	1	7	
4	129.76	174.57	122.00	185.00	13.00	2	1	7	

6	2	230.489	5
1	180.00	107.00	176.20	110.25	5.00	1	6	
2	176.20	110.25	162.39	122.09	18.19	0	
3	162.39	122.09	96.64	178.45	86.60	1	7	
4	96.64	178.45	39.93	227.06	74.70	0	
5	39.93	227.06	5.00	257.00	46.00	1	2	

6	3	176.173	5
1	180.00	107.00	178.33	111.71	5.00	1	6	
2	178.33	111.71	172.49	128.13	17.42	0	
3	172.49	128.13	141.97	213.99	91.12	1	7	
4	141.97	213.99	126.36	257.92	46.63	0	
5	126.36	257.92	121.00	273.00	16.00	1	3	

6	4	110.073	3
1	180.00	107.00	177.91	102.46	5.00	1	6	
2	177.91	102.46	151.55	45.16	63.07	0	
3	151.55	45.16	134.00	7.00	42.00	1	4	

6	5	94.340	4
1	180.00	107.00	177.35	102.76	5.00	1	6	
2	177.35	102.76	143.12	48.00	64.58	0	
3	143.12	48.00	130.53	27.85	23.76	1	4	
4	130.53	27.85	130.00	27.00	1.00	2	4	5	

6	6	0	0

6	7	69.642	3
1	180.00	107.00	177.34	111.24	5.00	1	6	
2	177.34	111.24	168.50	125.33	16.64	0	
3	168.50	125.33	143.00	166.00	48.00	1	7	

6	8	70.036	3
1	180.00	107.00	184.93	106.14	5.00	1	6	
2	184.93	106.14	237.18	97.06	53.04	0	
3	237.18	97.06	249.00	95.00	12.00	1	8	

6	9	106.569	5
1	180.00	107.00	184.74	105.40	5.00	1	6	
2	184.74	105.40	240.35	86.68	58.68	0	
3	240.35	86.68	250.86	83.15	11.09	1	8	
4	250.86	83.15	264.89	78.42	14.80	0	
5	264.89	78.42	281.00	73.00	17.00	1	9	

7	0	112.112	2
1	143.00	166.00	95.05	163.86	48.00	1	7	
2	95.05	163.86	31.00	161.00	64.11	0	

7	1	28.320	2
1	143.00	166.00	131.64	176.28	15.32	1	7	
2	131.64	176.28	122.00	185.00	13.00	2	1	7	

7	2	165.303	5
1	143.00	166.00	129.87	174.66	15.72	1	7	
2	129.87	174.66	109.39	188.16	24.54	2	1	7	
3	109.39	188.16	102.93	192.42	7.74	1	7	
4	102.93	192.42	43.40	231.68	71.30	0	
5	43.40	231.68	5.00	257.00	46.00	1	2	

7	3	109.238	3
1	143.00	166.00	133.33	213.02	48.00	1	7	
2	133.33	213.02	124.22	257.33	45.24	0	
3	124.22	257.33	121.00	273.00	16.00	1	3	

7	4	159.255	3
1	143.00	166.00	140.29	118.08	48.00	1	7	
2	140.29	118.08	136.37	48.93	69.25	0	
3	136.37	48.93	134.00	7.00	42.00	0	

7	5	139.607	4
1	143.00	166.00	138.53	118.21	48.00	1	7	
2	138.53	118.21	132.05	48.95	69.56	0	
3	132.05	48.95	130.09	28.00	21.05	1	4	
4	130.09	28.00	130.00	27.00	1.00	2	4	5	

7	6	69.642	3
1	143.00	166.00	168.50	125.33	48.00	1	7	
2	168.50	125.33	177.34	111.24	16.64	0	
3	177.34	111.24	180.00	107.00	5.00	1	6	

7	7	0	0

7	8	127.581	3
1	143.00	166.00	182.88	139.29	48.00	1	7	
2	182.88	139.29	239.03	101.68	67.58	0	
3	239.03	101.68	249.00	95.00	12.00	1	8	

7	9	166.412	5
1	143.00	166.00	182.80	139.18	48.00	1	7	
2	182.80	139.18	238.85	101.40	67.59	0	
3	238.85	101.40	258.75	88.00	23.99	1	8	
4	258.75	88.00	266.90	82.50	9.84	0	
5	266.90	82.50	281.00	73.00	17.00	1	9	

8	0	227.772	4
1	249.00	95.00	237.51	98.48	12.00	1	8	
2	237.51	98.48	161.20	121.58	79.74	0	
3	161.20	121.58	103.22	139.13	60.57	1	7	
4	103.22	139.13	31.00	161.00	75.46	0	

8	1	155.657	4
1	249.00	95.00	239.21	101.94	12.00	1	8	
2	239.21	101.94	184.01	141.06	67.65	0	
3	184.01	141.06	132.61	177.48	63.00	1	7	
4	132.61	177.48	122.00	185.00	13.00	2	1	7	

8	2	292.882	7
1	249.00	95.00	239.00	101.64	12.00	1	8	
2	239.00	101.64	182.70	139.02	67.58	0	
3	182.70	139.02	129.47	174.36	63.89	1	7	
4	129.47	174.36	109.30	187.75	24.22	2	1	7	
5	109.30	187.75	102.73	192.12	7.88	1	7	
6	102.73	192.12	43.32	231.56	71.30	0	
7	43.32	231.56	5.00	257.00	46.00	1	2	

8	3	219.244	5
1	249.00	95.00	241.99	104.74	12.00	1	8	
2	241.99	104.74	189.56	177.65	89.80	0	
3	189.56	177.65	168.87	206.43	35.45	1	7	
4	168.87	206.43	130.34	260.01	65.99	0	
5	130.34	260.01	121.00	273.00	16.00	1	3	

8	4	144.807	3
1	249.00	95.00	239.47	87.71	12.00	1	8	
2	239.47	87.71	167.35	32.52	90.81	0	
3	167.35	32.52	134.00	7.00	42.00	1	4	

8	5	137.058	4
1	249.00	95.00	238.58	89.05	12.00	1	8	
2	238.58	89.05	156.77	42.29	94.23	0	
3	156.77	42.29	130.87	27.50	29.83	1	4	
4	130.87	27.50	130.00	27.00	1.00	2	4	5	

8	6	70.036	3
1	249.00	95.00	237.18	97.06	12.00	1	8	
2	237.18	97.06	184.93	106.14	53.04	0	
3	184.93	106.14	180.00	107.00	5.00	1	6	

8	7	127.581	3
1	249.00	95.00	239.03	101.68	12.00	1	8	
2	239.03	101.68	182.88	139.29	67.58	0	
3	182.88	139.29	143.00	166.00	48.00	1	7	

8	8	0	0

8	9	38.833	3
1	249.00	95.00	258.89	88.20	12.00	1	8	
2	258.89	88.20	266.99	82.63	9.83	0	
3	266.99	82.63	281.00	73.00	17.00	1	9	

9	0	265.036	8
1	281.00	73.00	264.96	78.64	17.00	1	9	
2	264.96	78.64	251.71	83.31	14.05	0	
3	251.71	83.31	239.56	87.59	12.88	1	8	
4	239.56	87.59	185.00	106.79	57.85	0	
5	185.00	106.79	175.98	109.97	9.56	1	6	
6	175.98	109.97	151.17	118.70	26.30	0	
7	151.17	118.70	107.00	134.25	46.82	1	7	
8	107.00	134.25	31.00	161.00	80.57	0	

9	1	194.487	6
1	281.00	73.00	267.10	82.79	17.00	1	9	
2	267.10	82.79	259.06	88.46	9.84	0	
3	259.06	88.46	239.45	102.27	23.98	1	8	
4	239.45	102.27	184.12	141.24	67.68	0	
5	184.12	141.24	132.63	177.51	62.99	1	7	
6	132.63	177.51	122.00	185.00	13.00	2	1	7	

9	2	331.711	9
1	281.00	73.00	266.86	82.43	17.00	1	9	
2	266.86	82.43	258.67	87.89	9.84	0	
3	258.67	87.89	238.72	101.19	23.97	1	8	
4	238.72	101.19	182.47	138.69	67.60	0	
5	182.47	138.69	129.22	174.19	64.00	1	7	
6	129.22	174.19	109.24	187.50	24.01	2	1	7	
7	109.24	187.50	102.61	191.93	7.98	1	7	
8	102.61	191.93	43.27	231.48	71.31	0	
9	43.27	231.48	5.00	257.00	46.00	1	2	

9	3	256.125	5
1	281.00	73.00	270.38	86.27	17.00	1	9	
2	270.38	86.27	260.40	98.75	15.98	0	
3	260.40	98.75	255.16	105.30	8.38	1	8	
4	255.16	105.30	131.00	260.51	198.77	0	
5	131.00	260.51	121.00	273.00	16.00	1	3	

9	4	161.137	3
1	281.00	73.00	265.49	66.04	17.00	1	9	
2	265.49	66.04	172.32	24.20	102.14	0	
3	172.32	24.20	134.00	7.00	42.00	1	4	

9	5	157.851	4
1	281.00	73.00	264.74	68.05	17.00	1	9	
2	264.74	68.05	163.26	37.13	106.08	0	
3	163.26	37.13	130.96	27.29	33.77	1	4	
4	130.96	27.29	130.00	27.00	1.00	2	4	5	

9	6	106.569	5
1	281.00	73.00	264.89	78.42	17.00	1	9	
2	264.89	78.42	250.86	83.15	14.80	0	
3	250.86	83.15	240.35	86.68	11.09	1	8	
4	240.35	86.68	184.74	105.40	58.68	0	
5	184.74	105.40	180.00	107.00	5.00	1	6	

9	7	166.412	5
1	281.00	73.00	266.90	82.50	17.00	1	9	
2	266.90	82.50	258.75	88.00	9.84	0	
3	258.75	88.00	238.85	101.40	23.99	1	8	
4	238.85	101.40	182.80	139.18	67.59	0	
5	182.80	139.18	143.00	166.00	48.00	1	7	

9	8	38.833	3
1	281.00	73.00	266.99	82.63	17.00	1	9	
2	266.99	82.63	258.89	88.20	9.83	0	
3	258.89	88.20	249.00	95.00	12.00	1	8	

9	9	0	0