10	147	2	0.001	80.0
170.000	62.000	0.000	1.000	0.000
207.000	97.000	29.000	10.000	10.000
234.000	202.000	32.000	1.000	12.000
283.000	100.000	22.000	10.000	10.000
167.000	164.000	28.000	3.000	2.000
218.000	249.000	25.000	7.000	18.000
238.000	157.000	9.000	10.000	10.000
129.000	174.000	30.000	2.000	3.000
290.000	42.000	38.000	1.000	10.000
140.000	215.000	31.000	5.000	7.000

0	0	0	0

0	1	50.931	2
1	170.00	62.00	185.93	77.07	21.93	0	
2	185.93	77.07	207.00	97.00	29.00	1	1	

0	2	153.935	4
1	170.00	62.00	180.56	85.09	25.39	0	
2	180.56	85.09	198.70	124.79	43.65	1	1	
3	198.70	124.79	220.70	172.90	52.90	0	
4	220.70	172.90	234.00	202.00	32.00	1	2	

0	3	119.218	4
1	170.00	62.00	195.24	70.49	26.63	0	
2	195.24	70.49	232.39	82.98	39.18	1	1	
3	232.39	82.98	262.15	92.99	31.40	0	
4	262.15	92.99	283.00	100.00	22.00	1	3	

0	4	102.044	2
1	170.00	62.00	167.82	136.01	74.04	0	
2	167.82	136.01	167.00	164.00	28.00	0	

0	5	193.062	6
1	170.00	62.00	178.17	93.84	32.87	0	
2	178.17	93.84	183.26	113.65	20.46	1	1	
3	183.26	113.65	203.47	192.40	81.30	0	
4	203.47	192.40	211.78	224.79	33.43	1	2	
5	211.78	224.79	211.87	225.11	0.34	2	2	5	
6	211.87	225.11	218.00	249.00	24.66	1	5	

0	6	116.829	4
1	170.00	62.00	183.20	80.44	22.67	0	
2	183.20	80.44	215.00	124.87	54.65	1	1	
3	215.00	124.87	232.76	149.68	30.51	0	
4	232.76	149.68	238.00	157.00	9.00	1	6	

0	7	119.269	2
1	170.00	62.00	139.31	145.83	89.27	0	
2	139.31	145.83	129.00	174.00	30.00	1	7	

0	8	121.655	2
1	170.00	62.00	252.52	48.25	83.66	0	
2	252.52	48.25	290.00	42.00	38.00	1	8	

0	9	155.913	6
1	170.00	62.00	154.96	138.72	78.18	0	
2	154.96	138.72	151.85	154.56	16.14	1	4	
3	151.85	154.56	146.30	182.86	28.83	2	4	7	
4	146.30	182.86	145.96	184.58	1.75	1	7	
5	145.96	184.58	142.82	200.63	16.35	2	7	9	
6	142.82	200.63	140.00	215.00	14.65	1	9	

1	0	50.931	2
1	207.00	97.00	185.93	77.07	29.00	1	1	
2	185.93	77.07	170.00	62.00	21.93	0	

1	1	0	0

1	2	108.416	3
1	207.00	97.00	214.22	125.09	29.00	1	1	
2	214.22	125.09	226.03	171.01	47.42	0	
3	226.03	171.01	234.00	202.00	32.00	1	2	

1	3	76.059	3
1	207.00	97.00	235.98	98.14	29.00	1	1	
2	235.98	98.14	261.02	99.13	25.06	0	
3	261.02	99.13	283.00	100.00	22.00	1	3	

1	4	78.032	3
1	207.00	97.00	192.13	121.90	29.00	1	1	
2	192.13	121.90	181.35	139.96	21.03	0	
3	181.35	139.96	167.00	164.00	28.00	1	4	

1	5	152.398	5
1	207.00	97.00	209.09	125.92	29.00	1	1	
2	209.09	125.92	212.86	177.98	52.19	0	
3	212.86	177.98	216.20	224.07	46.21	1	2	
4	216.20	224.07	216.54	228.82	4.76	1	5	
5	216.54	228.82	218.00	249.00	20.24	1	5	

1	6	67.535	3
1	207.00	97.00	220.31	122.76	29.00	1	1	
2	220.31	122.76	233.87	149.00	29.54	0	
3	233.87	149.00	238.00	157.00	9.00	1	6	

1	7	109.604	5
1	207.00	97.00	186.36	117.37	29.00	1	1	
2	186.36	117.37	167.49	136.00	26.52	0	
3	167.49	136.00	150.35	152.92	24.08	1	4	
4	150.35	152.92	139.00	164.13	15.95	2	4	7	
5	139.00	164.13	129.00	174.00	14.05	1	7	

1	8	99.569	3
1	207.00	97.00	231.17	80.98	29.00	1	1	
2	231.17	80.98	258.32	62.99	32.57	0	
3	258.32	62.99	290.00	42.00	38.00	1	8	

1	9	135.695	7
1	207.00	97.00	192.68	122.22	29.00	1	1	
2	192.68	122.22	182.28	140.54	21.07	0	
3	182.28	140.54	156.59	185.78	52.03	1	4	
4	156.59	185.78	155.31	188.04	2.60	2	4	7	
5	155.31	188.04	154.68	189.14	1.27	3	4	7	9	
6	154.68	189.14	153.26	191.65	2.89	2	7	9	
7	153.26	191.65	140.00	215.00	26.85	1	9	

2	0	153.935	4
1	234.00	202.00	220.70	172.90	32.00	1	2	
2	220.70	172.90	198.70	124.79	52.90	0	
3	198.70	124.79	180.56	85.09	43.65	1	1	
4	180.56	85.09	170.00	62.00	25.39	0	

2	1	108.416	3
1	234.00	202.00	226.03	171.01	32.00	1	2	
2	226.03	171.01	214.22	125.09	47.42	0	
3	214.22	125.09	207.00	97.00	29.00	1	1	

2	2	0	0

2	3	113.159	3
1	234.00	202.00	247.86	173.16	32.00	1	2	
2	247.86	173.16	273.47	119.83	59.16	0	
3	273.47	119.83	283.00	100.00	22.00	1	3	

2	4	77.026	3
1	234.00	202.00	206.17	186.21	32.00	1	2	
2	206.17	186.21	191.36	177.81	17.03	0	
3	191.36	177.81	167.00	164.00	28.00	1	4	

2	5	49.649	3
1	234.00	202.00	226.06	225.33	24.65	1	2	
2	226.06	225.33	223.69	232.29	7.35	2	2	5	
3	223.69	232.29	218.00	249.00	17.65	1	5	

2	6	45.177	3
1	234.00	202.00	236.83	170.13	32.00	0	
2	236.83	170.13	237.20	165.97	4.18	0	
3	237.20	165.97	238.00	157.00	9.00	1	6	

2	7	108.669	5
1	234.00	202.00	203.08	193.75	32.00	1	2	
2	203.08	193.75	181.45	187.99	22.39	0	
3	181.45	187.99	157.99	181.73	24.28	1	4	
4	157.99	181.73	142.53	177.61	16.00	2	4	7	
5	142.53	177.61	129.00	174.00	14.00	1	7	

2	8	169.517	5
1	234.00	202.00	244.57	171.80	32.00	1	2	
2	244.57	171.80	265.18	112.91	62.39	0	
3	265.18	112.91	277.12	78.80	36.13	1	3	
4	277.12	78.80	277.45	77.87	0.99	0	
5	277.45	77.87	290.00	42.00	38.00	1	8	

2	9	94.895	3
1	234.00	202.00	202.30	206.38	32.00	1	2	
2	202.30	206.38	170.71	210.75	31.89	0	
3	170.71	210.75	140.00	215.00	31.00	1	9	

3	0	119.218	4
1	283.00	100.00	262.15	92.99	22.00	1	3	
2	262.15	92.99	232.39	82.98	31.40	0	
3	232.39	82.98	195.24	70.49	39.18	1	1	
4	195.24	70.49	170.00	62.00	26.63	0	

3	1	76.059	3
1	283.00	100.00	261.02	99.13	22.00	1	3	
2	261.02	99.13	235.98	98.14	25.06	0	
3	235.98	98.14	207.00	97.00	29.00	1	1	

3	2	113.159	3
1	283.00	100.00	273.47	119.83	22.00	1	3	
2	273.47	119.83	247.86	173.16	59.16	0	
3	247.86	173.16	234.00	202.00	32.00	1	2	

3	3	0	0

3	4	132.484	3
1	283.00	100.00	263.74	110.63	22.00	1	3	
2	263.74	110.63	191.52	150.47	82.48	0	
3	191.52	150.47	167.00	164.00	28.00	1	4	

3	5	162.561	5
1	283.00	100.00	274.20	120.16	22.00	1	3	
2	274.20	120.16	250.47	174.56	59.35	0	
3	250.47	174.56	228.00	226.09	56.21	1	2	
4	228.00	226.09	225.09	232.74	7.26	2	2	5	
5	225.09	232.74	218.00	249.00	17.74	1	5	

3	6	72.622	3
1	283.00	100.00	269.37	117.27	22.00	1	3	
2	269.37	117.27	243.58	149.94	41.62	0	
3	243.58	149.94	238.00	157.00	9.00	1	6	

3	7	170.857	5
1	283.00	100.00	263.17	109.53	22.00	1	3	
2	263.17	109.53	188.10	145.60	83.28	0	
3	188.10	145.60	156.04	161.01	35.57	1	4	
4	156.04	161.01	139.45	168.98	18.41	2	4	7	
5	139.45	168.98	129.00	174.00	11.59	1	7	

3	8	58.421	3
1	283.00	100.00	285.45	79.73	20.42	1	3	
2	285.45	79.73	285.64	78.16	1.58	1	3	
3	285.64	78.16	290.00	42.00	36.42	1	8	

3	9	183.505	5
1	283.00	100.00	265.86	113.79	22.00	1	3	
2	265.86	113.79	193.94	171.62	92.28	0	
3	193.94	171.62	168.66	191.95	32.44	1	4	
4	168.66	191.95	164.16	195.57	5.78	0	
5	164.16	195.57	140.00	215.00	31.00	1	9	

4	0	102.044	2
1	167.00	164.00	167.82	136.01	28.00	0	
2	167.82	136.01	170.00	62.00	74.04	0	

4	1	78.032	3
1	167.00	164.00	181.35	139.96	28.00	1	4	
2	181.35	139.96	192.13	121.90	21.03	0	
3	192.13	121.90	207.00	97.00	29.00	1	1	

4	2	77.026	3
1	167.00	164.00	191.36	177.81	28.00	1	4	
2	191.36	177.81	206.17	186.21	17.03	0	
3	206.17	186.21	234.00	202.00	32.00	1	2	

4	3	132.484	3
1	167.00	164.00	191.52	150.47	28.00	1	4	
2	191.52	150.47	263.74	110.63	82.48	0	
3	263.74	110.63	283.00	100.00	22.00	1	3	

4	4	0	0

4	5	99.126	3
1	167.00	164.00	181.41	188.01	28.00	1	4	
2	181.41	188.01	205.14	227.56	46.13	0	
3	205.14	227.56	218.00	249.00	25.00	1	5	

4	6	71.344	3
1	167.00	164.00	194.86	161.25	28.00	1	4	
2	194.86	161.25	229.04	157.88	34.34	0	
3	229.04	157.88	238.00	157.00	9.00	1	6	

4	7	39.294	3
1	167.00	164.00	158.01	166.37	9.29	1	4	
2	158.01	166.37	139.92	171.13	18.71	2	4	7	
3	139.92	171.13	129.00	174.00	11.29	1	7	

4	8	173.243	5
1	167.00	164.00	186.88	144.28	28.00	1	4	
2	186.88	144.28	205.36	125.95	26.03	0	
3	205.36	125.95	235.97	95.59	43.11	1	1	
4	235.97	95.59	263.02	68.76	38.11	0	
5	263.02	68.76	290.00	42.00	38.00	1	8	

4	9	57.706	5
1	167.00	164.00	158.30	180.43	18.59	1	4	
2	158.30	180.43	154.50	187.60	8.12	2	4	7	
3	154.50	187.60	153.90	188.75	1.29	3	4	7	9	
4	153.90	188.75	150.79	194.62	6.65	2	7	9	
5	150.79	194.62	140.00	215.00	23.06	1	9	

5	0	193.062	6
1	218.00	249.00	211.87	225.11	24.66	1	5	
2	211.87	225.11	211.78	224.79	0.34	2	2	5	
3	211.78	224.79	203.47	192.40	33.43	1	2	
4	203.47	192.40	183.26	113.65	81.30	0	
5	183.26	113.65	178.17	93.84	20.46	1	1	
6	178.17	93.84	170.00	62.00	32.87	0	

5	1	152.398	5
1	218.00	249.00	216.54	228.82	20.24	1	5	
2	216.54	228.82	216.20	224.07	4.76	1	5	
3	216.20	224.07	212.86	177.98	46.21	1	2	
4	212.86	177.98	209.09	125.92	52.19	0	
5	209.09	125.92	207.00	97.00	29.00	1	1	

5	2	49.649	3
1	218.00	249.00	223.69	232.29	17.65	1	5	
2	223.69	232.29	226.06	225.33	7.35	2	2	5	
3	226.06	225.33	234.00	202.00	24.65	1	2	

5	3	162.561	5
1	218.00	249.00	225.09	232.74	17.74	1	5	
2	225.09	232.74	228.00	226.09	7.26	2	2	5	
3	228.00	226.09	250.47	174.56	56.21	1	2	
4	250.47	174.56	274.20	120.16	59.35	0	
5	274.20	120.16	283.00	100.00	22.00	1	3	

5	4	99.126	3
1	218.00	249.00	205.14	227.56	25.00	1	5	
2	205.14	227.56	181.41	188.01	46.13	0	
3	181.41	188.01	167.00	164.00	28.00	1	4	

5	5	0	0

5	6	94.149	5
1	218.00	249.00	221.79	231.58	17.83	1	5	
2	221.79	231.58	223.31	224.57	7.17	2	2	5	
3	223.31	224.57	235.17	170.02	55.82	0	
4	235.17	170.02	236.09	165.79	4.33	0	
5	236.09	165.79	238.00	157.00	9.00	1	6	

5	7	116.387	5
1	218.00	249.00	198.88	232.89	25.00	1	5	
2	198.88	232.89	170.39	208.88	37.26	0	
3	170.39	208.88	151.94	193.33	24.13	1	9	
4	151.94	193.33	140.88	184.01	14.46	2	7	9	
5	140.88	184.01	129.00	174.00	15.54	1	7	

5	8	219.164	7
1	218.00	249.00	223.80	232.33	17.65	1	5	
2	223.80	232.33	226.21	225.39	7.35	2	2	5	
3	226.21	225.39	244.82	171.89	56.65	1	2	
4	244.82	171.89	265.29	113.05	62.29	0	
5	265.29	113.05	277.21	78.78	36.29	1	3	
6	277.21	78.78	277.52	77.89	0.94	0	
7	277.52	77.89	290.00	42.00	38.00	1	8	

5	9	85.088	3
1	218.00	249.00	195.08	239.01	25.00	1	5	
2	195.08	239.01	168.42	227.39	29.09	0	
3	168.42	227.39	140.00	215.00	31.00	1	9	

6	0	116.829	4
1	238.00	157.00	232.76	149.68	9.00	1	6	
2	232.76	149.68	215.00	124.87	30.51	0	
3	215.00	124.87	183.20	80.44	54.65	1	1	
4	183.20	80.44	170.00	62.00	22.67	0	

6	1	67.535	3
1	238.00	157.00	233.87	149.00	9.00	1	6	
2	233.87	149.00	220.31	122.76	29.54	0	
3	220.31	122.76	207.00	97.00	29.00	1	1	

6	2	45.177	3
1	238.00	157.00	237.20	165.97	9.00	1	6	
2	237.20	165.97	236.83	170.13	4.18	0	
3	236.83	170.13	234.00	202.00	32.00	0	

6	3	72.622	3
1	238.00	157.00	243.58	149.94	9.00	1	6	
2	243.58	149.94	269.37	117.27	41.62	0	
3	269.37	117.27	283.00	100.00	22.00	1	3	

6	4	71.344	3
1	238.00	157.00	229.04	157.88	9.00	1	6	
2	229.04	157.88	194.86	161.25	34.34	0	
3	194.86	161.25	167.00	164.00	28.00	1	4	

6	5	94.149	5
1	238.00	157.00	236.09	165.79	9.00	1	6	
2	236.09	165.79	235.17	170.02	4.33	0	
3	235.17	170.02	223.31	224.57	55.82	0	
4	223.31	224.57	221.79	231.58	7.17	2	2	5	
5	221.79	231.58	218.00	249.00	17.83	1	5	

6	6	0	0

6	7	110.318	5
1	238.00	157.00	229.11	158.39	9.00	1	6	
2	229.11	158.39	195.00	163.71	34.52	0	
3	195.00	163.71	158.64	169.38	36.80	1	4	
4	158.64	169.38	140.24	172.25	18.62	2	4	7	
5	140.24	172.25	129.00	174.00	11.38	1	7	

6	8	126.210	5
1	238.00	157.00	241.71	148.80	9.00	1	6	
2	241.71	148.80	261.55	104.91	48.17	0	
3	261.55	104.91	272.52	80.66	26.62	1	3	
4	272.52	80.66	274.34	76.62	4.42	0	
5	274.34	76.62	290.00	42.00	38.00	1	8	

6	9	113.877	3
1	238.00	157.00	230.25	161.58	9.00	1	6	
2	230.25	161.58	166.68	199.21	73.88	0	
3	166.68	199.21	140.00	215.00	31.00	1	9	

7	0	119.269	2
1	129.00	174.00	139.31	145.83	30.00	1	7	
2	139.31	145.83	170.00	62.00	89.27	0	

7	1	109.604	5
1	129.00	174.00	139.00	164.13	14.05	1	7	
2	139.00	164.13	150.35	152.92	15.95	2	4	7	
3	150.35	152.92	167.49	136.00	24.08	1	4	
4	167.49	136.00	186.36	117.37	26.52	0	
5	186.36	117.37	207.00	97.00	29.00	1	1	

7	2	108.669	5
1	129.00	174.00	142.53	177.61	14.00	1	7	
2	142.53	177.61	157.99	181.73	16.00	2	4	7	
3	157.99	181.73	181.45	187.99	24.28	1	4	
4	181.45	187.99	203.08	193.75	22.39	0	
5	203.08	193.75	234.00	202.00	32.00	1	2	

7	3	170.857	5
1	129.00	174.00	139.45	168.98	11.59	1	7	
2	139.45	168.98	156.04	161.01	18.41	2	4	7	
3	156.04	161.01	188.10	145.60	35.57	1	4	
4	188.10	145.60	263.17	109.53	83.28	0	
5	263.17	109.53	283.00	100.00	22.00	1	3	

7	4	39.294	3
1	129.00	174.00	139.92	171.13	11.29	1	7	
2	139.92	171.13	158.01	166.37	18.71	2	4	7	
3	158.01	166.37	167.00	164.00	9.29	1	4	

7	5	116.387	5
1	129.00	174.00	140.88	184.01	15.54	1	7	
2	140.88	184.01	151.94	193.33	14.46	2	7	9	
3	151.94	193.33	170.39	208.88	24.13	1	9	
4	170.39	208.88	198.88	232.89	37.26	0	
5	198.88	232.89	218.00	249.00	25.00	1	5	

7	6	110.318	5
1	129.00	174.00	140.24	172.25	11.38	1	7	
2	140.24	172.25	158.64	169.38	18.62	2	4	7	
3	158.64	169.38	195.00	163.71	36.80	1	4	
4	195.00	163.71	229.11	158.39	34.52	0	
5	229.11	158.39	238.00	157.00	9.00	1	6	

7	7	0	0

7	8	208.195	7
1	129.00	174.00	139.06	165.76	13.00	1	7	
2	139.06	165.76	152.20	154.98	17.00	2	4	7	
3	152.20	154.98	174.20	136.94	28.45	1	4	
4	174.20	136.94	192.37	122.04	23.50	0	
5	192.37	122.04	234.42	87.57	54.38	1	1	
6	234.42	87.57	260.61	66.09	33.87	0	
7	260.61	66.09	290.00	42.00	38.00	1	8	

7	9	42.450	3
1	129.00	174.00	131.97	185.06	11.45	1	7	
2	131.97	185.06	136.77	202.98	18.55	2	7	9	
3	136.77	202.98	140.00	215.00	12.45	1	9	

8	0	121.655	2
1	290.00	42.00	252.52	48.25	38.00	1	8	
2	252.52	48.25	170.00	62.00	83.66	0	

8	1	99.569	3
1	290.00	42.00	258.32	62.99	38.00	1	8	
2	258.32	62.99	231.17	80.98	32.57	0	
3	231.17	80.98	207.00	97.00	29.00	1	1	

8	2	169.517	5
1	290.00	42.00	277.45	77.87	38.00	1	8	
2	277.45	77.87	277.12	78.80	0.99	0	
3	277.12	78.80	265.18	112.91	36.13	1	3	
4	265.18	112.91	244.57	171.80	62.39	0	
5	244.57	171.80	234.00	202.00	32.00	1	2	

8	3	58.421	3
1	290.00	42.00	285.64	78.16	36.42	1	8	
2	285.64	78.16	285.45	79.73	1.58	1	3	
3	285.45	79.73	283.00	100.00	20.42	1	3	

8	4	173.243	5
1	290.00	42.00	263.02	68.76	38.00	1	8	
2	263.02	68.76	235.97	95.59	38.11	0	
3	235.97	95.59	205.36	125.95	43.11	1	1	
4	205.36	125.95	186.88	144.28	26.03	0	
5	186.88	144.28	167.00	164.00	28.00	1	4	

8	5	219.164	7
1	290.00	42.00	277.52	77.89	38.00	1	8	
2	277.52	77.89	277.21	78.78	0.94	0	
3	277.21	78.78	265.29	113.05	36.29	1	3	
4	265.29	113.05	244.82	171.89	62.29	0	
5	244.82	171.89	226.21	225.39	56.65	1	2	
6	226.21	225.39	223.80	232.33	7.35	2	2	5	
7	223.80	232.33	218.00	249.00	17.65	1	5	

8	6	126.210	5
1	290.00	42.00	274.34	76.62	38.00	1	8	
2	274.34	76.62	272.52	80.66	4.42	0	
3	272.52	80.66	261.55	104.91	26.62	1	3	
4	261.55	104.91	241.71	148.80	48.17	0	
5	241.71	148.80	238.00	157.00	9.00	1	6	

8	7	208.195	7
1	290.00	42.00	260.61	66.09	38.00	1	8	
2	260.61	66.09	234.42	87.57	33.87	0	
3	234.42	87.57	192.37	122.04	54.38	1	1	
4	192.37	122.04	174.20	136.94	23.50	0	
5	174.20	136.94	152.20	154.98	28.45	1	4	
6	152.20	154.98	139.06	165.76	17.00	2	4	7	
7	139.06	165.76	129.00	174.00	13.00	1	7	

8	8	0	0

8	9	228.974	7
1	290.00	42.00	265.11	70.71	38.00	1	8	
2	265.11	70.71	234.60	105.89	46.56	0	
3	234.60	105.89	219.71	123.07	22.73	1	1	
4	219.71	123.07	193.07	153.79	40.67	0	
5	193.07	153.79	160.59	191.26	49.59	1	4	
6	160.59	191.26	160.31	191.58	0.43	0	
7	160.31	191.58	140.00	215.00	31.00	1	9	

9	0	155.913	6
1	140.00	215.00	142.82	200.63	14.65	1	9	
2	142.82	200.63	145.96	184.58	16.35	2	7	9	
3	145.96	184.58	146.30	182.86	1.75	1	7	
4	146.30	182.86	151.85	154.56	28.83	2	4	7	
5	151.85	154.56	154.96	138.72	16.14	1	4	
6	154.96	138.72	170.00	62.00	78.18	0	

9	1	135.695	7
1	140.00	215.00	153.26	191.65	26.85	1	9	
2	153.26	191.65	154.68	189.14	2.89	2	7	9	
3	154.68	189.14	155.31	188.04	1.27	3	4	7	9	
4	155.31	188.04	156.59	185.78	2.60	2	4	7	
5	156.59	185.78	182.28	140.54	52.03	1	4	
6	182.28	140.54	192.68	122.22	21.07	0	
7	192.68	122.22	207.00	97.00	29.00	1	1	

9	2	94.895	3
1	140.00	215.00	170.71	210.75	31.00	1	9	
2	170.71	210.75	202.30	206.38	31.89	0	
3	202.30	206.38	234.00	202.00	32.00	1	2	

9	3	183.505	5
1	140.00	215.00	164.16	195.57	31.00	1	9	
2	164.16	195.57	168.66	191.95	5.78	0	
3	168.66	191.95	193.94	171.62	32.44	1	4	
4	193.94	171.62	265.86	113.79	92.28	0	
5	265.86	113.79	283.00	100.00	22.00	1	3	

9	4	57.706	5
1	140.00	215.00	150.79	194.62	23.06	1	9	
2	150.79	194.62	153.90	188.75	6.65	2	7	9	
3	153.90	188.75	154.50	187.60	1.29	3	4	7	9	
4	154.50	187.60	158.30	180.43	8.12	2	4	7	
5	158.30	180.43	167.00	164.00	18.59	1	4	

9	5	85.088	3
1	140.00	215.00	168.42	227.39	31.00	1	9	
2	168.42	227.39	195.08	239.01	29.09	0	
3	195.08	239.01	218.00	249.00	25.00	1	5	

9	6	113.877	3
1	140.00	215.00	166.68	199.21	31.00	1	9	
2	166.68	199.21	230.25	161.58	73.88	0	
3	230.25	161.58	238.00	157.00	9.00	1	6	

9	7	42.450	3
1	140.00	215.00	136.77	202.98	12.45	1	9	
2	136.77	202.98	131.97	185.06	18.55	2	7	9	
3	131.97	185.06	129.00	174.00	11.45	1	7	

9	8	228.974	7
1	140.00	215.00	160.31	191.58	31.00	1	9	
2	160.31	191.58	160.59	191.26	0.43	0	
3	160.59	191.26	193.07	153.79	49.59	1	4	
4	193.07	153.79	219.71	123.07	40.67	0	
5	219.71	123.07	234.60	105.89	22.73	1	1	
6	234.60	105.89	265.11	70.71	46.56	0	
7	265.11	70.71	290.00	42.00	38.00	1	8	

9	9	0	0