11	178	2	0.001	120.0
0.000	0.000	0.000	1.000	0.000
7.000	66.000	24.000	6.000	7.000
298.000	225.000	2.000	1.000	8.000
131.000	224.000	27.000	3.000	12.000
107.000	196.000	24.000	10.000	3.000
160.000	30.000	43.000	8.000	10.000
269.000	166.000	31.000	8.000	12.000
54.000	31.000	32.000	2.000	9.000
250.000	13.000	37.000	5.000	10.000
131.000	9.000	9.000	8.000	10.000
286.000	109.000	50.000	1.000	18.000
 


0	0	0	0

0	1	66.370	2
1	0.00	0.00	4.47	42.13	42.37	0	
2	4.47	42.13	7.00	66.00	24.00	0	

0	2	373.402	6
1	0.00	0.00	24.53	18.52	30.74	0	
2	24.53	18.52	74.07	55.92	62.07	1	7	
3	74.07	55.92	243.84	184.10	212.72	0	
4	243.84	184.10	258.48	195.16	18.35	1	6	
5	258.48	195.16	296.40	223.79	47.52	0	
6	296.40	223.79	298.00	225.00	2.00	1	2	

0	3	259.494	6
1	0.00	0.00	23.19	39.66	45.94	0	
2	23.19	39.66	31.35	53.60	16.15	1	7	
3	31.35	53.60	101.03	172.75	138.03	0	
4	101.03	172.75	117.37	200.69	32.37	1	4	
5	117.37	200.69	124.33	212.60	13.79	2	3	4	
6	124.33	212.60	131.00	224.00	13.21	1	3	

0	4	223.305	2
1	0.00	0.00	95.50	174.93	199.30	0	
2	95.50	174.93	107.00	196.00	24.00	1	4	

0	5	162.788	4
1	0.00	0.00	33.65	6.31	34.23	0	
2	33.65	6.31	81.92	15.36	49.11	1	7	
3	81.92	15.36	117.74	22.08	36.44	0	
4	117.74	22.08	160.00	30.00	43.00	1	5	

0	6	316.097	4
1	0.00	0.00	25.78	15.91	30.30	0	
2	25.78	15.91	80.14	49.46	63.88	1	7	
3	80.14	49.46	242.62	149.72	190.92	0	
4	242.62	149.72	269.00	166.00	31.00	1	6	

0	7	62.266	2
1	0.00	0.00	26.25	15.07	30.27	0	
2	26.25	15.07	54.00	31.00	32.00	1	7	

0	8	250.338	8
1	0.00	0.00	40.27	2.09	40.33	0	
2	40.27	2.09	70.65	3.67	30.42	1	7	
3	70.65	3.67	122.39	6.36	51.81	0	
4	122.39	6.36	124.02	6.45	1.63	1	9	
5	124.02	6.45	139.83	7.27	15.83	2	5	9	
6	139.83	7.27	198.23	10.31	58.47	1	5	
7	198.23	10.31	213.05	11.08	14.84	0	
8	213.05	11.08	250.00	13.00	37.00	1	8	

0	9	131.309	5
1	0.00	0.00	39.09	2.69	39.18	0	
2	39.09	2.69	72.64	4.99	33.63	1	7	
3	72.64	4.99	122.02	8.38	49.50	0	
4	122.02	8.38	122.80	8.44	0.78	1	9	
5	122.80	8.44	131.00	9.00	8.22	2	5	9	

0	10	306.067	6
1	0.00	0.00	28.98	11.05	31.02	0	
2	28.98	11.05	85.95	32.76	60.97	1	7	
3	85.95	32.76	119.98	45.73	36.41	0	
4	119.98	45.73	179.40	68.37	63.59	1	5	
5	179.40	68.37	239.28	91.19	64.08	0	
6	239.28	91.19	286.00	109.00	50.00	1	10	

1	0	66.370	2
1	7.00	66.00	4.47	42.13	24.00	0	
2	4.47	42.13	0.00	0.00	42.37	0	

1	1	0	0

1	2	331.605	3
1	7.00	66.00	28.06	77.51	24.00	1	1	
2	28.06	77.51	296.24	224.04	305.61	0	
3	296.24	224.04	298.00	225.00	2.00	1	2	

1	3	200.848	5
1	7.00	66.00	21.82	84.88	24.00	1	1	
2	21.82	84.88	93.47	176.18	116.06	0	
3	93.47	176.18	114.33	202.76	33.79	1	4	
4	114.33	202.76	123.04	213.85	14.10	2	3	4	
5	123.04	213.85	131.00	224.00	12.90	1	3	

1	4	164.012	3
1	7.00	66.00	21.63	85.02	24.00	1	1	
2	21.63	85.02	92.37	176.98	116.01	0	
3	92.37	176.98	107.00	196.00	24.00	1	4	

1	5	157.178	5
1	7.00	66.00	30.36	60.50	24.00	1	1	
2	30.36	60.50	37.99	58.71	7.84	0	
3	37.99	58.71	80.68	48.66	43.86	1	7	
4	80.68	48.66	118.14	39.85	38.48	0	
5	118.14	39.85	160.00	30.00	43.00	1	5	

1	6	280.435	3
1	7.00	66.00	29.42	74.56	24.00	1	1	
2	29.42	74.56	240.04	154.95	225.44	0	
3	240.04	154.95	269.00	166.00	31.00	1	6	

1	7	58.600	3
1	7.00	66.00	26.25	51.67	24.00	1	1	
2	26.25	51.67	28.33	50.11	2.60	0	
3	28.33	50.11	54.00	31.00	32.00	1	7	

1	8	248.713	7
1	7.00	66.00	30.45	60.89	24.00	1	1	
2	30.45	60.89	38.67	59.09	8.42	0	
3	38.67	59.09	79.63	50.16	41.92	1	7	
4	79.63	50.16	118.61	41.66	39.90	0	
5	118.61	41.66	202.48	23.36	85.85	1	5	
6	202.48	23.36	213.85	20.88	11.63	0	
7	213.85	20.88	250.00	13.00	37.00	1	8	

1	9	136.473	6
1	7.00	66.00	28.81	55.98	24.00	1	1	
2	28.81	55.98	32.19	54.42	3.73	0	
3	32.19	54.42	85.97	29.70	59.19	1	7	
4	85.97	29.70	120.08	14.02	37.54	0	
5	120.08	14.02	122.82	12.76	3.02	1	5	
6	122.82	12.76	131.00	9.00	9.00	2	5	9	

1	10	282.294	3
1	7.00	66.00	30.72	69.66	24.00	1	1	
2	30.72	69.66	236.58	101.38	208.29	0	
3	236.58	101.38	286.00	109.00	50.00	1	10	

2	0	373.402	6
1	298.00	225.00	296.40	223.79	2.00	1	2	
2	296.40	223.79	258.48	195.16	47.52	0	
3	258.48	195.16	243.84	184.10	18.35	1	6	
4	243.84	184.10	74.07	55.92	212.72	0	
5	74.07	55.92	24.53	18.52	62.07	1	7	
6	24.53	18.52	0.00	0.00	30.74	0	

2	1	331.605	3
1	298.00	225.00	296.24	224.04	2.00	1	2	
2	296.24	224.04	28.06	77.51	305.61	0	
3	28.06	77.51	7.00	66.00	24.00	1	1	

2	2	0	0

2	3	167.003	3
1	298.00	225.00	296.00	224.99	2.00	1	2	
2	296.00	224.99	158.00	224.16	138.00	0	
3	158.00	224.16	131.00	224.00	27.00	1	3	

2	4	193.189	5
1	298.00	225.00	296.02	224.70	2.00	1	2	
2	296.02	224.70	146.69	202.03	151.05	0	
3	146.69	202.03	130.73	199.60	16.14	1	3	
4	130.73	199.60	122.54	198.36	8.28	2	3	4	
5	122.54	198.36	107.00	196.00	15.72	1	4	

2	5	238.891	5
1	298.00	225.00	296.84	223.37	2.00	1	2	
2	296.84	223.37	277.37	195.85	33.71	0	
3	277.37	195.85	243.63	148.18	58.40	1	6	
4	243.63	148.18	184.84	65.10	101.78	0	
5	184.84	65.10	160.00	30.00	43.00	1	5	

2	6	65.742	3
1	298.00	225.00	297.12	223.21	2.00	1	2	
2	297.12	223.21	282.67	193.82	32.74	0	
3	282.67	193.82	269.00	166.00	31.00	1	6	

2	7	311.724	5
1	298.00	225.00	296.43	223.76	2.00	1	2	
2	296.43	223.76	261.68	196.12	44.40	0	
3	261.68	196.12	241.30	179.92	26.04	1	6	
4	241.30	179.92	79.05	50.92	207.29	0	
5	79.05	50.92	54.00	31.00	32.00	1	7	

2	8	217.366	7
1	298.00	225.00	297.56	223.05	2.00	1	2	
2	297.56	223.05	289.84	188.95	34.96	0	
3	289.84	188.95	283.04	158.91	30.80	1	6	
4	283.04	158.91	277.92	136.31	23.17	1	10	
5	277.92	136.31	261.83	65.23	72.88	0	
6	261.83	65.23	258.17	49.09	16.55	0	
7	258.17	49.09	250.00	13.00	37.00	1	8	

2	9	273.029	6
1	298.00	225.00	296.78	223.42	2.00	1	2	
2	296.78	223.42	275.77	196.25	34.34	0	
3	275.77	196.25	241.43	151.83	56.15	1	6	
4	241.43	151.83	177.58	69.24	104.39	0	
5	177.58	69.24	136.50	16.12	67.15	1	5	
6	136.50	16.12	131.00	9.00	9.00	2	5	9	

2	10	116.619	5
1	298.00	225.00	297.79	223.01	2.00	1	2	
2	297.79	223.01	293.82	184.58	38.64	0	
3	293.82	184.58	291.14	158.74	25.98	1	6	
4	291.14	158.74	289.49	142.74	16.08	1	6	
5	289.49	142.74	286.00	109.00	33.92	1	10	

3	0	259.494	6
1	131.00	224.00	124.33	212.60	13.21	1	3	
2	124.33	212.60	117.37	200.69	13.79	2	3	4	
3	117.37	200.69	101.03	172.75	32.37	1	4	
4	101.03	172.75	31.35	53.60	138.03	0	
5	31.35	53.60	23.19	39.66	16.15	1	7	
6	23.19	39.66	0.00	0.00	45.94	0	

3	1	200.848	5
1	131.00	224.00	123.04	213.85	12.90	1	3	
2	123.04	213.85	114.33	202.76	14.10	2	3	4	
3	114.33	202.76	93.47	176.18	33.79	1	4	
4	93.47	176.18	21.82	84.88	116.06	0	
5	21.82	84.88	7.00	66.00	24.00	1	1	

3	2	167.003	3
1	131.00	224.00	158.00	224.16	27.00	1	3	
2	158.00	224.16	296.00	224.99	138.00	0	
3	296.00	224.99	298.00	225.00	2.00	1	2	

3	3	0	0

3	4	36.878	3
1	131.00	224.00	122.62	214.22	12.88	1	3	
2	122.62	214.22	113.43	203.50	14.12	2	3	4	
3	113.43	203.50	107.00	196.00	9.88	1	4	

3	5	196.156	3
1	131.00	224.00	134.99	197.30	27.00	1	3	
2	134.99	197.30	153.64	72.53	126.16	0	
3	153.64	72.53	160.00	30.00	43.00	1	5	

3	6	149.693	3
1	131.00	224.00	155.89	213.54	27.00	1	3	
2	155.89	213.54	240.42	178.01	91.69	0	
3	240.42	178.01	269.00	166.00	31.00	1	6	

3	7	207.793	5
1	131.00	224.00	125.79	210.93	14.07	1	3	
2	125.79	210.93	120.99	198.92	12.93	2	3	4	
3	120.99	198.92	110.35	172.23	28.73	1	4	
4	110.35	172.23	65.86	60.72	120.06	0	
5	65.86	60.72	54.00	31.00	32.00	1	7	

3	8	242.244	3
1	131.00	224.00	144.26	200.48	27.00	1	3	
2	144.26	200.48	231.82	45.23	178.24	0	
3	231.82	45.23	250.00	13.00	37.00	1	8	

3	9	215.000	5
1	131.00	224.00	131.00	197.00	27.00	1	3	
2	131.00	197.00	131.00	196.00	1.00	0	
3	131.00	196.00	131.00	61.75	134.25	0	
4	131.00	61.75	131.00	18.00	43.75	1	5	
5	131.00	18.00	131.00	9.00	9.00	2	5	9	

3	10	193.003	3
1	131.00	224.00	152.68	207.91	27.00	1	3	
2	152.68	207.91	245.85	138.79	116.00	0	
3	245.85	138.79	286.00	109.00	50.00	1	10	

4	0	223.305	2
1	107.00	196.00	95.50	174.93	24.00	1	4	
2	95.50	174.93	0.00	0.00	199.30	0	

4	1	164.012	3
1	107.00	196.00	92.37	176.98	24.00	1	4	
2	92.37	176.98	21.63	85.02	116.01	0	
3	21.63	85.02	7.00	66.00	24.00	1	1	

4	2	193.189	5
1	107.00	196.00	122.54	198.36	15.72	1	4	
2	122.54	198.36	130.73	199.60	8.28	2	3	4	
3	130.73	199.60	146.69	202.03	16.14	1	3	
4	146.69	202.03	296.02	224.70	151.05	0	
5	296.02	224.70	298.00	225.00	2.00	1	2	

4	3	36.878	3
1	107.00	196.00	113.43	203.50	9.88	1	4	
2	113.43	203.50	122.62	214.22	14.12	2	3	4	
3	122.62	214.22	131.00	224.00	12.88	1	3	

4	4	0	0

4	5	174.256	3
1	107.00	196.00	114.30	173.14	24.00	1	4	
2	114.30	173.14	146.92	70.96	107.26	0	
3	146.92	70.96	160.00	30.00	43.00	1	5	

4	6	164.754	3
1	107.00	196.00	130.60	191.63	24.00	1	4	
2	130.60	191.63	238.52	171.64	109.75	0	
3	238.52	171.64	269.00	166.00	31.00	1	6	

4	7	173.303	3
1	107.00	196.00	99.66	173.15	24.00	1	4	
2	99.66	173.15	63.79	61.47	117.30	0	
3	63.79	61.47	54.00	31.00	32.00	1	7	

4	8	232.246	3
1	107.00	196.00	121.78	177.09	24.00	1	4	
2	121.78	177.09	227.22	42.15	171.25	0	
3	227.22	42.15	250.00	13.00	37.00	1	8	

4	9	188.534	4
1	107.00	196.00	110.06	172.19	24.00	0	
2	110.06	172.19	125.08	55.10	118.06	0	
3	125.08	55.10	129.85	17.93	37.48	1	5	
4	129.85	17.93	131.00	9.00	9.00	2	5	9	

4	10	199.023	3
1	107.00	196.00	128.59	185.51	24.00	1	4	
2	128.59	185.51	241.03	130.86	125.02	0	
3	241.03	130.86	286.00	109.00	50.00	1	10	

5	0	162.788	4
1	160.00	30.00	117.74	22.08	43.00	1	5	
2	117.74	22.08	81.92	15.36	36.44	0	
3	81.92	15.36	33.65	6.31	49.11	1	7	
4	33.65	6.31	0.00	0.00	34.23	0	

5	1	157.178	5
1	160.00	30.00	118.14	39.85	43.00	1	5	
2	118.14	39.85	80.68	48.66	38.48	0	
3	80.68	48.66	37.99	58.71	43.86	1	7	
4	37.99	58.71	30.36	60.50	7.84	0	
5	30.36	60.50	7.00	66.00	24.00	1	1	

5	2	238.891	5
1	160.00	30.00	184.84	65.10	43.00	1	5	
2	184.84	65.10	243.63	148.18	101.78	0	
3	243.63	148.18	277.37	195.85	58.40	1	6	
4	277.37	195.85	296.84	223.37	33.71	0	
5	296.84	223.37	298.00	225.00	2.00	1	2	

5	3	196.156	3
1	160.00	30.00	153.64	72.53	43.00	1	5	
2	153.64	72.53	134.99	197.30	126.16	0	
3	134.99	197.30	131.00	224.00	27.00	1	3	

5	4	174.256	3
1	160.00	30.00	146.92	70.96	43.00	1	5	
2	146.92	70.96	114.30	173.14	107.26	0	
3	114.30	173.14	107.00	196.00	24.00	1	4	

5	5	0	0

5	6	174.290	5
1	160.00	30.00	186.89	63.55	43.00	1	5	
2	186.89	63.55	241.35	131.50	87.07	0	
3	241.35	131.50	249.61	141.81	13.22	1	10	
4	249.61	141.81	254.32	147.68	7.52	2	6	10	
5	254.32	147.68	269.00	166.00	23.48	1	6	

5	7	106.005	3
1	160.00	30.00	117.00	30.41	43.00	1	5	
2	117.00	30.41	86.00	30.70	31.00	0	
3	86.00	30.70	54.00	31.00	32.00	1	7	

5	8	91.591	3
1	160.00	30.00	202.25	22.02	43.00	1	5	
2	202.25	22.02	213.64	19.87	11.59	0	
3	213.64	19.87	250.00	13.00	37.00	1	8	

5	9	35.805	2
1	160.00	30.00	138.29	14.28	26.81	1	5	
2	138.29	14.28	131.00	9.00	9.00	2	5	9	

5	10	148.718	3
1	160.00	30.00	196.43	52.84	43.00	1	5	
2	196.43	52.84	243.64	82.44	55.72	0	
3	243.64	82.44	286.00	109.00	50.00	1	10	

6	0	316.097	4
1	269.00	166.00	242.62	149.72	31.00	1	6	
2	242.62	149.72	80.14	49.46	190.92	0	
3	80.14	49.46	25.78	15.91	63.88	1	7	
4	25.78	15.91	0.00	0.00	30.30	0	

6	1	280.435	3
1	269.00	166.00	240.04	154.95	31.00	1	6	
2	240.04	154.95	29.42	74.56	225.44	0	
3	29.42	74.56	7.00	66.00	24.00	1	1	

6	2	65.742	3
1	269.00	166.00	282.67	193.82	31.00	1	6	
2	282.67	193.82	297.12	223.21	32.74	0	
3	297.12	223.21	298.00	225.00	2.00	1	2	

6	3	149.693	3
1	269.00	166.00	240.42	178.01	31.00	1	6	
2	240.42	178.01	155.89	213.54	91.69	0	
3	155.89	213.54	131.00	224.00	27.00	1	3	

6	4	164.754	3
1	269.00	166.00	238.52	171.64	31.00	1	6	
2	238.52	171.64	130.60	191.63	109.75	0	
3	130.60	191.63	107.00	196.00	24.00	1	4	

6	5	174.290	5
1	269.00	166.00	254.32	147.68	23.48	1	6	
2	254.32	147.68	249.61	141.81	7.52	2	6	10	
3	249.61	141.81	241.35	131.50	13.22	1	10	
4	241.35	131.50	186.89	63.55	87.07	0	
5	186.89	63.55	160.00	30.00	43.00	1	5	

6	6	0	0

6	7	253.870	3
1	269.00	166.00	242.75	149.52	31.00	1	6	
2	242.75	149.52	81.10	48.02	190.87	0	
3	81.10	48.02	54.00	31.00	32.00	1	7	

6	8	154.175	5
1	269.00	166.00	267.70	155.53	10.55	1	6	
2	267.70	155.53	265.18	135.24	20.45	2	6	10	
3	265.18	135.24	256.87	68.36	67.39	0	
4	256.87	68.36	254.56	49.72	18.78	0	
5	254.56	49.72	250.00	13.00	37.00	1	8	

6	9	209.029	4
1	269.00	166.00	248.53	142.72	31.00	1	6	
2	248.53	142.72	181.96	66.97	100.85	0	
3	181.96	66.97	136.94	15.76	68.18	1	5	
4	136.94	15.76	131.00	9.00	9.00	2	5	9	

6	10	59.481	3
1	269.00	166.00	271.71	156.91	9.48	1	6	
2	271.71	156.91	277.86	136.29	21.52	0	
3	277.86	136.29	286.00	109.00	28.48	1	10	

7	0	62.266	2
1	54.00	31.00	26.25	15.07	32.00	1	7	
2	26.25	15.07	0.00	0.00	30.27	0	

7	1	58.600	3
1	54.00	31.00	28.33	50.11	32.00	1	7	
2	28.33	50.11	26.25	51.67	2.60	0	
3	26.25	51.67	7.00	66.00	24.00	1	1	

7	2	311.724	5
1	54.00	31.00	79.05	50.92	32.00	1	7	
2	79.05	50.92	241.30	179.92	207.29	0	
3	241.30	179.92	261.68	196.12	26.04	1	6	
4	261.68	196.12	296.43	223.76	44.40	0	
5	296.43	223.76	298.00	225.00	2.00	1	2	

7	3	207.793	5
1	54.00	31.00	65.86	60.72	32.00	1	7	
2	65.86	60.72	110.35	172.23	120.06	0	
3	110.35	172.23	120.99	198.92	28.73	1	4	
4	120.99	198.92	125.79	210.93	12.93	2	3	4	
5	125.79	210.93	131.00	224.00	14.07	1	3	

7	4	173.303	3
1	54.00	31.00	63.79	61.47	32.00	1	7	
2	63.79	61.47	99.66	173.15	117.30	0	
3	99.66	173.15	107.00	196.00	24.00	1	4	

7	5	106.005	3
1	54.00	31.00	86.00	30.70	32.00	1	7	
2	86.00	30.70	117.00	30.41	31.00	0	
3	117.00	30.41	160.00	30.00	43.00	1	5	

7	6	253.870	3
1	54.00	31.00	81.10	48.02	32.00	1	7	
2	81.10	48.02	242.75	149.52	190.87	0	
3	242.75	149.52	269.00	166.00	31.00	1	6	

7	7	0	0

7	8	196.825	5
1	54.00	31.00	85.87	28.07	32.00	1	7	
2	85.87	28.07	117.27	25.19	31.54	0	
3	117.27	25.19	201.14	17.49	84.22	1	5	
4	201.14	17.49	213.16	16.38	12.07	0	
5	213.16	16.38	250.00	13.00	37.00	1	8	

7	9	80.081	4
1	54.00	31.00	84.77	22.21	32.00	1	7	
2	84.77	22.21	121.02	11.85	37.70	0	
3	121.02	11.85	122.35	11.47	1.38	1	5	
4	122.35	11.47	131.00	9.00	9.00	2	5	9	

7	10	244.761	5
1	54.00	31.00	84.33	41.20	32.00	1	7	
2	84.33	41.20	124.90	54.84	42.80	0	
3	124.90	54.84	172.97	71.00	50.71	1	5	
4	172.97	71.00	238.61	93.07	69.25	0	
5	238.61	93.07	286.00	109.00	50.00	1	10	

8	0	250.338	8
1	250.00	13.00	213.05	11.08	37.00	1	8	
2	213.05	11.08	198.23	10.31	14.84	0	
3	198.23	10.31	139.83	7.27	58.47	1	5	
4	139.83	7.27	124.02	6.45	15.83	2	5	9	
5	124.02	6.45	122.39	6.36	1.63	1	9	
6	122.39	6.36	70.65	3.67	51.81	0	
7	70.65	3.67	40.27	2.09	30.42	1	7	
8	40.27	2.09	0.00	0.00	40.33	0	

8	1	248.713	7
1	250.00	13.00	213.85	20.88	37.00	1	8	
2	213.85	20.88	202.48	23.36	11.63	0	
3	202.48	23.36	118.61	41.66	85.85	1	5	
4	118.61	41.66	79.63	50.16	39.90	0	
5	79.63	50.16	38.67	59.09	41.92	1	7	
6	38.67	59.09	30.45	60.89	8.42	0	
7	30.45	60.89	7.00	66.00	24.00	1	1	

8	2	217.366	7
1	250.00	13.00	258.17	49.09	37.00	1	8	
2	258.17	49.09	261.83	65.23	16.55	0	
3	261.83	65.23	277.92	136.31	72.88	0	
4	277.92	136.31	283.04	158.91	23.17	1	10	
5	283.04	158.91	289.84	188.95	30.80	1	6	
6	289.84	188.95	297.56	223.05	34.96	0	
7	297.56	223.05	298.00	225.00	2.00	1	2	

8	3	242.244	3
1	250.00	13.00	231.82	45.23	37.00	1	8	
2	231.82	45.23	144.26	200.48	178.24	0	
3	144.26	200.48	131.00	224.00	27.00	1	3	

8	4	232.246	3
1	250.00	13.00	227.22	42.15	37.00	1	8	
2	227.22	42.15	121.78	177.09	171.25	0	
3	121.78	177.09	107.00	196.00	24.00	1	4	

8	5	91.591	3
1	250.00	13.00	213.64	19.87	37.00	1	8	
2	213.64	19.87	202.25	22.02	11.59	0	
3	202.25	22.02	160.00	30.00	43.00	1	5	

8	6	154.175	5
1	250.00	13.00	254.56	49.72	37.00	1	8	
2	254.56	49.72	256.87	68.36	18.78	0	
3	256.87	68.36	265.18	135.24	67.39	0	
4	265.18	135.24	267.70	155.53	20.45	2	6	10	
5	267.70	155.53	269.00	166.00	10.55	1	6	

8	7	196.825	5
1	250.00	13.00	213.16	16.38	37.00	1	8	
2	213.16	16.38	201.14	17.49	12.07	0	
3	201.14	17.49	117.27	25.19	84.22	1	5	
4	117.27	25.19	85.87	28.07	31.54	0	
5	85.87	28.07	54.00	31.00	32.00	1	7	

8	8	0	0

8	9	119.067	4
1	250.00	13.00	213.02	11.76	37.00	1	8	
2	213.02	11.76	198.71	11.28	14.32	0	
3	198.71	11.28	139.99	9.30	58.75	1	5	
4	139.99	9.30	131.00	9.00	9.00	2	5	9	

8	10	102.528	3
1	250.00	13.00	262.99	47.64	37.00	1	8	
2	262.99	47.64	268.44	62.18	15.53	0	
3	268.44	62.18	286.00	109.00	50.00	1	10	

9	0	131.309	5
1	131.00	9.00	122.80	8.44	8.22	2	5	9	
2	122.80	8.44	122.02	8.38	0.78	1	9	
3	122.02	8.38	72.64	4.99	49.50	0	
4	72.64	4.99	39.09	2.69	33.63	1	7	
5	39.09	2.69	0.00	0.00	39.18	0	

9	1	136.473	6
1	131.00	9.00	122.82	12.76	9.00	2	5	9	
2	122.82	12.76	120.08	14.02	3.02	1	5	
3	120.08	14.02	85.97	29.70	37.54	0	
4	85.97	29.70	32.19	54.42	59.19	1	7	
5	32.19	54.42	28.81	55.98	3.73	0	
6	28.81	55.98	7.00	66.00	24.00	1	1	

9	2	273.029	6
1	131.00	9.00	136.50	16.12	9.00	2	5	9	
2	136.50	16.12	177.58	69.24	67.15	1	5	
3	177.58	69.24	241.43	151.83	104.39	0	
4	241.43	151.83	275.77	196.25	56.15	1	6	
5	275.77	196.25	296.78	223.42	34.34	0	
6	296.78	223.42	298.00	225.00	2.00	1	2	

9	3	215.000	5
1	131.00	9.00	131.00	18.00	9.00	2	5	9	
2	131.00	18.00	131.00	61.75	43.75	1	5	
3	131.00	61.75	131.00	196.00	134.25	0	
4	131.00	196.00	131.00	197.00	1.00	0	
5	131.00	197.00	131.00	224.00	27.00	1	3	

9	4	188.534	4
1	131.00	9.00	129.85	17.93	9.00	2	5	9	
2	129.85	17.93	125.08	55.10	37.48	1	5	
3	125.08	55.10	110.06	172.19	118.06	0	
4	110.06	172.19	107.00	196.00	24.00	0	

9	5	35.805	2
1	131.00	9.00	138.29	14.28	9.00	2	5	9	
2	138.29	14.28	160.00	30.00	26.81	1	5	

9	6	209.029	4
1	131.00	9.00	136.94	15.76	9.00	2	5	9	
2	136.94	15.76	181.96	66.97	68.18	1	5	
3	181.96	66.97	248.53	142.72	100.85	0	
4	248.53	142.72	269.00	166.00	31.00	1	6	

9	7	80.081	4
1	131.00	9.00	122.35	11.47	9.00	2	5	9	
2	122.35	11.47	121.02	11.85	1.38	1	5	
3	121.02	11.85	84.77	22.21	37.70	0	
4	84.77	22.21	54.00	31.00	32.00	1	7	

9	8	119.067	4
1	131.00	9.00	139.99	9.30	9.00	2	5	9	
2	139.99	9.30	198.71	11.28	58.75	1	5	
3	198.71	11.28	213.02	11.76	14.32	0	
4	213.02	11.76	250.00	13.00	37.00	1	8	

9	9	0	0

9	10	184.459	4
1	131.00	9.00	138.56	13.88	9.00	2	5	9	
2	138.56	13.88	197.14	51.67	69.71	1	5	
3	197.14	51.67	243.99	81.89	55.75	0	
4	243.99	81.89	286.00	109.00	50.00	1	10	

10	0	306.067	6
1	286.00	109.00	239.28	91.19	50.00	1	10	
2	239.28	91.19	179.40	68.37	64.08	0	
3	179.40	68.37	119.98	45.73	63.59	1	5	
4	119.98	45.73	85.95	32.76	36.41	0	
5	85.95	32.76	28.98	11.05	60.97	1	7	
6	28.98	11.05	0.00	0.00	31.02	0	

10	1	282.294	3
1	286.00	109.00	236.58	101.38	50.00	1	10	
2	236.58	101.38	30.72	69.66	208.29	0	
3	30.72	69.66	7.00	66.00	24.00	1	1	

10	2	116.619	5
1	286.00	109.00	289.49	142.74	33.92	1	10	
2	289.49	142.74	291.14	158.74	16.08	1	6	
3	291.14	158.74	293.82	184.58	25.98	1	6	
4	293.82	184.58	297.79	223.01	38.64	0	
5	297.79	223.01	298.00	225.00	2.00	1	2	

10	3	193.003	3
1	286.00	109.00	245.85	138.79	50.00	1	10	
2	245.85	138.79	152.68	207.91	116.00	0	
3	152.68	207.91	131.00	224.00	27.00	1	3	

10	4	199.023	3
1	286.00	109.00	241.03	130.86	50.00	1	10	
2	241.03	130.86	128.59	185.51	125.02	0	
3	128.59	185.51	107.00	196.00	24.00	1	4	

10	5	148.718	3
1	286.00	109.00	243.64	82.44	50.00	1	10	
2	243.64	82.44	196.43	52.84	55.72	0	
3	196.43	52.84	160.00	30.00	43.00	1	5	

10	6	59.481	3
1	286.00	109.00	277.86	136.29	28.48	1	10	
2	277.86	136.29	271.71	156.91	21.52	0	
3	271.71	156.91	269.00	166.00	9.48	1	6	

10	7	244.761	5
1	286.00	109.00	238.61	93.07	50.00	1	10	
2	238.61	93.07	172.97	71.00	69.25	0	
3	172.97	71.00	124.90	54.84	50.71	1	5	
4	124.90	54.84	84.33	41.20	42.80	0	
5	84.33	41.20	54.00	31.00	32.00	1	7	

10	8	102.528	3
1	286.00	109.00	268.44	62.18	50.00	1	10	
2	268.44	62.18	262.99	47.64	15.53	0	
3	262.99	47.64	250.00	13.00	37.00	1	8	

10	9	184.459	4
1	286.00	109.00	243.99	81.89	50.00	1	10	
2	243.99	81.89	197.14	51.67	55.75	0	
3	197.14	51.67	138.56	13.88	69.71	1	5	
4	138.56	13.88	131.00	9.00	9.00	2	5	9	

10	10	0	0
