21	847	2	0.001	90.0
150.000	150.000	0.000	3.000	0.000
290.000	169.000	11.000	8.000	5.000
118.000	83.000	4.000	4.000	4.000
212.000	168.000	18.000	10.000	15.000
61.000	264.000	41.000	9.000	17.000
35.000	60.000	15.000	2.000	18.000
7.000	20.000	39.000	4.000	14.000
262.000	242.000	10.000	4.000	13.000
187.000	37.000	25.000	6.000	18.000
258.000	36.000	34.000	1.000	17.000
172.000	287.000	40.000	10.000	5.000
207.000	9.000	31.000	2.000	9.000
25.000	171.000	18.000	8.000	2.000
283.000	181.000	29.000	1.000	3.000
253.000	216.000	16.000	5.000	16.000
158.000	76.000	49.000	4.000	19.000
114.000	24.000	26.000	4.000	13.000
60.000	161.000	2.000	6.000	5.000
200.000	292.000	20.000	10.000	8.000
53.000	99.000	29.000	6.000	20.000
22.000	45.000	43.000	6.000	6.000

0	0	0	0

0	1	141.283	5
1	150.00	150.00	198.13	156.53	48.57	0	
2	198.13	156.53	228.43	160.64	30.58	1	3	
3	228.43	160.64	258.96	164.79	30.81	0	
4	258.96	164.79	279.10	167.52	20.33	1	13	
5	279.10	167.52	290.00	169.00	11.00	2	1	13	

0	2	74.250	3
1	150.00	150.00	135.43	119.49	33.81	0	
2	135.43	119.49	119.72	86.61	36.44	1	15	
3	119.72	86.61	118.00	83.00	4.00	2	2	15	

0	3	64.560	2
1	150.00	150.00	194.71	162.98	46.56	0	
2	194.71	162.98	212.00	168.00	18.00	1	3	

0	4	144.627	2
1	150.00	150.00	86.23	231.68	103.63	0	
2	86.23	231.68	61.00	264.00	41.00	1	4	

0	5	146.031	5
1	150.00	150.00	81.91	96.71	86.46	0	
2	81.91	96.71	53.39	74.39	36.22	1	19	
3	53.39	74.39	48.27	70.39	6.49	2	19	20	
4	48.27	70.39	46.81	69.24	1.85	1	20	
5	46.81	69.24	35.00	60.00	15.00	2	5	20	

0	6	193.259	7
1	150.00	150.00	78.29	84.81	96.91	0	
2	78.29	84.81	64.72	72.47	18.34	1	19	
3	64.72	72.47	58.86	67.14	7.92	0	
4	58.86	67.14	49.97	59.06	12.01	1	20	
5	49.97	59.06	35.86	46.23	19.07	2	5	20	
6	35.86	46.23	34.51	45.01	1.82	3	5	6	20	
7	34.51	45.01	7.00	20.00	37.18	2	6	20	

0	7	144.941	4
1	150.00	150.00	238.45	222.66	114.46	0	
2	238.45	222.66	249.30	231.57	14.04	1	14	
3	249.30	231.57	254.27	235.65	6.44	0	
4	254.27	235.65	262.00	242.00	10.00	1	7	

0	8	118.903	3
1	150.00	150.00	158.19	125.00	26.31	0	
2	158.19	125.00	179.22	60.76	67.60	1	15	
3	179.22	60.76	187.00	37.00	25.00	2	8	15	

0	9	157.035	4
1	150.00	150.00	177.53	120.94	40.03	0	
2	177.53	120.94	203.93	93.08	38.38	1	15	
3	203.93	93.08	234.62	60.68	44.62	0	
4	234.62	60.68	258.00	36.00	34.00	1	9	

0	10	138.755	2
1	150.00	150.00	165.66	247.51	98.76	0	
2	165.66	247.51	172.00	287.00	40.00	1	10	

0	11	152.086	6
1	150.00	150.00	160.12	124.95	27.02	0	
2	160.12	124.95	185.59	61.96	67.95	1	15	
3	185.59	61.96	193.55	42.28	21.23	2	8	15	
4	193.55	42.28	195.38	37.74	4.89	1	8	
5	195.38	37.74	203.33	18.07	21.21	2	8	11	
6	203.33	18.07	207.00	9.00	9.79	1	11	

0	12	126.752	2
1	150.00	150.00	42.75	168.02	108.75	0	
2	42.75	168.02	25.00	171.00	18.00	1	12	

0	13	136.565	4
1	150.00	150.00	195.58	160.62	46.80	0	
2	195.58	160.62	229.99	168.64	35.33	1	3	
3	229.99	168.64	254.76	174.42	25.43	0	
4	254.76	174.42	283.00	181.00	29.00	1	13	

0	14	122.332	2
1	150.00	150.00	239.53	207.37	106.33	0	
2	239.53	207.37	253.00	216.00	16.00	1	14	

0	15	74.431	2
1	150.00	150.00	152.73	124.72	25.43	0	
2	152.73	124.72	158.00	76.00	49.00	1	15	

0	16	131.042	4
1	150.00	150.00	142.10	122.35	28.76	0	
2	142.10	122.35	121.14	49.00	76.28	1	15	
3	121.14	49.00	120.01	45.05	4.11	2	15	16	
4	120.01	45.05	114.00	24.00	21.89	1	16	

0	17	90.670	2
1	150.00	150.00	61.99	160.76	88.67	0	
2	61.99	160.76	60.00	161.00	2.00	1	17	

0	18	150.546	3
1	150.00	150.00	184.91	249.14	105.11	0	
2	184.91	249.14	193.36	273.14	25.44	1	10	
3	193.36	273.14	200.00	292.00	20.00	2	10	18	

0	19	109.590	2
1	150.00	150.00	78.67	112.50	80.59	0	
2	78.67	112.50	53.00	99.00	29.00	1	19	

0	20	165.557	7
1	150.00	150.00	81.54	93.84	88.55	0	
2	81.54	93.84	55.25	72.27	34.01	1	19	
3	55.25	72.27	52.48	70.00	3.57	2	19	20	
4	52.48	70.00	48.43	66.68	5.24	1	20	
5	48.43	66.68	29.96	51.53	23.89	2	5	20	
6	29.96	51.53	25.82	48.14	5.35	3	5	6	20	
7	25.82	48.14	22.00	45.00	4.94	2	6	20	

1	0	141.283	5
1	290.00	169.00	279.10	167.52	11.00	2	1	13	
2	279.10	167.52	258.96	164.79	20.33	1	13	
3	258.96	164.79	228.43	160.64	30.81	0	
4	228.43	160.64	198.13	156.53	30.58	1	3	
5	198.13	156.53	150.00	150.00	48.57	0	

1	1	0	0

1	2	192.302	5
1	290.00	169.00	280.16	164.08	11.00	2	1	13	
2	280.16	164.08	266.42	157.21	15.37	1	13	
3	266.42	157.21	185.33	116.67	90.65	0	
4	185.33	116.67	121.58	84.79	71.28	1	15	
5	121.58	84.79	118.00	83.00	4.00	2	2	15	

1	3	78.006	4
1	290.00	169.00	279.00	168.86	11.00	2	1	13	
2	279.00	168.86	256.80	168.57	22.21	1	13	
3	256.80	168.57	230.00	168.23	26.80	0	
4	230.00	168.23	212.00	168.00	18.00	1	3	

1	4	247.923	4
1	290.00	169.00	279.84	173.22	11.00	2	1	13	
2	279.84	173.22	254.14	183.88	27.82	1	13	
3	254.14	183.88	98.87	248.29	168.10	0	
4	98.87	248.29	61.00	264.00	41.00	1	4	

1	5	277.319	9
1	290.00	169.00	279.89	164.68	11.00	2	1	13	
2	279.89	164.68	264.96	158.30	16.23	1	13	
3	264.96	158.30	177.55	120.93	95.06	0	
4	177.55	120.93	112.01	92.92	71.27	1	15	
5	112.01	92.92	67.55	73.91	48.36	0	
6	67.55	73.91	61.08	71.15	7.03	1	19	
7	61.08	71.15	57.31	69.54	4.10	0	
8	57.31	69.54	48.79	65.90	9.26	1	20	
9	48.79	65.90	35.00	60.00	15.00	2	5	20	

1	6	319.828	7
1	290.00	169.00	280.27	163.88	11.00	2	1	13	
2	280.27	163.88	266.94	156.86	15.07	1	13	
3	266.94	156.86	187.57	115.07	89.69	0	
4	187.57	115.07	109.05	73.73	88.74	1	15	
5	109.05	73.73	64.66	50.36	50.16	0	
6	64.66	50.36	41.51	38.17	26.17	1	20	
7	41.51	38.17	7.00	20.00	39.00	2	6	20	

1	7	78.186	4
1	290.00	169.00	286.06	179.27	11.00	2	1	13	
2	286.06	179.27	274.74	208.80	31.62	1	13	
3	274.74	208.80	265.58	232.66	25.56	0	
4	265.58	232.66	262.00	242.00	10.00	1	7	

1	8	167.431	5
1	290.00	169.00	283.23	160.33	11.00	2	1	13	
2	283.23	160.33	277.19	152.59	9.82	1	13	
3	277.19	152.59	203.76	58.48	119.37	0	
4	203.76	58.48	202.38	56.71	2.25	1	15	
5	202.38	56.71	187.00	37.00	25.00	2	8	15	

1	9	136.795	4
1	290.00	169.00	287.43	158.31	11.00	2	1	13	
2	287.43	158.31	285.95	152.15	6.33	1	13	
3	285.95	152.15	265.95	69.06	85.46	0	
4	265.95	69.06	258.00	36.00	34.00	1	9	

1	10	166.877	6
1	290.00	169.00	282.22	176.78	11.00	2	1	13	
2	282.22	176.78	260.15	198.85	31.22	1	13	
3	260.15	198.85	258.15	200.85	2.83	0	
4	258.15	200.85	237.85	221.15	28.71	1	14	
5	237.85	221.15	200.28	258.72	53.13	0	
6	200.28	258.72	172.00	287.00	40.00	1	10	

1	11	180.247	6
1	290.00	169.00	284.93	159.24	11.00	2	1	13	
2	284.93	159.24	281.21	152.06	8.09	1	13	
3	281.21	152.06	232.91	58.94	104.89	0	
4	232.91	58.94	224.79	43.30	17.62	1	9	
5	224.79	43.30	221.27	36.52	7.64	0	
6	221.27	36.52	207.00	9.00	31.00	1	11	

1	12	265.008	6
1	290.00	169.00	279.00	169.08	11.00	2	1	13	
2	279.00	169.08	256.49	169.25	22.52	1	13	
3	256.49	169.25	229.94	169.45	26.55	0	
4	229.94	169.45	194.08	169.72	35.86	1	3	
5	194.08	169.72	43.00	170.86	151.09	0	
6	43.00	170.86	25.00	171.00	18.00	1	12	

1	13	13.892	2
1	290.00	169.00	284.46	178.50	11.00	2	1	13	
2	284.46	178.50	283.00	181.00	2.89	1	13	

1	14	59.816	4
1	290.00	169.00	283.20	177.64	11.00	2	1	13	
2	283.20	177.64	263.59	202.55	31.69	1	13	
3	263.59	202.55	262.90	203.43	1.12	0	
4	262.90	203.43	253.00	216.00	16.00	1	14	

1	15	161.471	4
1	290.00	169.00	281.01	162.66	11.00	2	1	13	
2	281.01	162.66	270.14	155.01	13.29	1	13	
3	270.14	155.01	198.06	104.22	88.18	0	
4	198.06	104.22	158.00	76.00	49.00	1	15	

1	16	228.037	6
1	290.00	169.00	281.51	162.01	11.00	2	1	13	
2	281.51	162.01	272.00	154.17	12.33	1	13	
3	272.00	154.17	202.37	96.80	90.22	0	
4	202.37	96.80	134.07	40.53	88.49	1	15	
5	134.07	40.53	129.09	36.43	6.44	2	15	16	
6	129.09	36.43	114.00	24.00	19.56	1	16	

1	17	230.139	6
1	290.00	169.00	279.01	168.62	11.00	2	1	13	
2	279.01	168.62	257.15	167.86	21.87	1	13	
3	257.15	167.86	229.97	166.91	27.20	0	
4	229.97	166.91	194.15	165.67	35.84	1	3	
5	194.15	165.67	62.00	161.07	132.23	0	
6	62.00	161.07	60.00	161.00	2.00	1	17	

1	18	152.411	7
1	290.00	169.00	283.50	177.88	11.00	2	1	13	
2	283.50	177.88	264.74	203.53	31.78	1	13	
3	264.74	203.53	264.07	204.44	1.14	0	
4	264.07	204.44	245.33	230.04	31.72	1	14	
5	245.33	230.04	211.81	275.86	56.77	0	
6	211.81	275.86	210.79	277.25	1.72	1	18	
7	210.79	277.25	200.00	292.00	18.28	2	10	18	

1	19	247.121	4
1	290.00	169.00	279.45	165.88	11.00	2	1	13	
2	279.45	165.88	262.20	160.79	17.98	1	13	
3	262.20	160.79	80.81	107.21	189.14	0	
4	80.81	107.21	53.00	99.00	29.00	1	19	

1	20	295.296	9
1	290.00	169.00	280.02	164.38	11.00	2	1	13	
2	280.02	164.38	265.67	157.74	15.80	1	13	
3	265.67	157.74	181.70	118.89	92.53	0	
4	181.70	118.89	109.97	85.70	79.03	1	15	
5	109.97	85.70	61.03	63.06	53.93	0	
6	61.03	63.06	49.85	57.89	12.31	1	20	
7	49.85	57.89	32.23	49.74	19.41	2	5	20	
8	32.23	49.74	27.00	47.31	5.77	3	5	6	20	
9	27.00	47.31	22.00	45.00	5.51	2	6	20	

2	0	74.250	3
1	118.00	83.00	119.72	86.61	4.00	2	2	15	
2	119.72	86.61	135.43	119.49	36.44	1	15	
3	135.43	119.49	150.00	150.00	33.81	0	

2	1	192.302	5
1	118.00	83.00	121.58	84.79	4.00	2	2	15	
2	121.58	84.79	185.33	116.67	71.28	1	15	
3	185.33	116.67	266.42	157.21	90.65	0	
4	266.42	157.21	280.16	164.08	15.37	1	13	
5	280.16	164.08	290.00	169.00	11.00	2	1	13	

2	2	0	0

2	3	126.732	4
1	118.00	83.00	120.97	85.68	4.00	2	2	15	
2	120.97	85.68	164.03	124.63	58.06	1	15	
3	164.03	124.63	198.65	155.93	46.67	0	
4	198.65	155.93	212.00	168.00	18.00	1	3	

2	4	189.763	4
1	118.00	83.00	116.80	86.82	4.00	2	2	15	
2	116.80	86.82	113.65	96.83	10.50	1	15	
3	113.65	96.83	73.32	224.89	134.27	0	
4	73.32	224.89	61.00	264.00	41.00	0	

2	5	86.128	5
1	118.00	83.00	114.15	81.93	4.00	2	2	15	
2	114.15	81.93	109.21	80.57	5.12	1	15	
3	109.21	80.57	59.13	66.69	51.97	0	
4	59.13	66.69	49.46	64.01	10.04	1	20	
5	49.46	64.01	35.00	60.00	15.00	2	5	20	

2	6	127.632	5
1	118.00	83.00	114.52	81.03	4.00	2	2	15	
2	114.52	81.03	109.04	77.91	6.31	1	15	
3	109.04	77.91	64.33	52.54	51.40	0	
4	64.33	52.54	40.92	39.25	26.92	1	20	
5	40.92	39.25	7.00	20.00	39.00	2	6	20	

2	7	214.516	8
1	118.00	83.00	120.69	85.96	4.00	2	2	15	
2	120.69	85.96	156.00	124.96	52.61	1	15	
3	156.00	124.96	194.03	166.95	56.65	0	
4	194.03	166.95	211.27	185.99	25.68	1	3	
5	211.27	185.99	237.07	214.48	38.44	0	
6	237.07	214.48	252.94	232.00	23.64	1	14	
7	252.94	232.00	255.29	234.59	3.49	0	
8	255.29	234.59	262.00	242.00	10.00	1	7	

2	8	82.928	3
1	118.00	83.00	121.33	80.78	4.00	2	2	15	
2	121.33	80.78	166.20	50.87	53.93	1	15	
3	166.20	50.87	187.00	37.00	25.00	2	8	15	

2	9	147.679	6
1	118.00	83.00	121.79	81.73	4.00	2	2	15	
2	121.79	81.73	182.04	61.50	63.55	1	15	
3	182.04	61.50	202.15	54.75	21.22	2	8	15	
4	202.15	54.75	205.74	53.54	3.79	1	8	
5	205.74	53.54	225.77	46.82	21.12	0	
6	225.77	46.82	258.00	36.00	34.00	1	9	

2	10	211.026	4
1	118.00	83.00	119.02	86.87	4.00	2	2	15	
2	119.02	86.87	125.96	113.07	27.11	1	15	
3	125.96	113.07	161.76	248.33	139.92	0	
4	161.76	248.33	172.00	287.00	40.00	1	10	

2	11	115.745	6
1	118.00	83.00	121.08	80.44	4.00	2	2	15	
2	121.08	80.44	163.40	45.25	55.04	1	15	
3	163.40	45.25	179.42	31.93	20.83	2	8	15	
4	179.42	31.93	183.16	28.82	4.87	1	8	
5	183.16	28.82	199.42	15.30	21.14	2	8	11	
6	199.42	15.30	207.00	9.00	9.86	1	11	

2	12	128.035	4
1	118.00	83.00	115.09	85.75	4.00	2	2	15	
2	115.09	85.75	110.95	89.67	5.71	1	15	
3	110.95	89.67	38.07	158.63	100.32	0	
4	38.07	158.63	25.00	171.00	18.00	1	12	

2	13	191.909	4
1	118.00	83.00	121.44	85.04	4.00	2	2	15	
2	121.44	85.04	179.96	119.80	68.07	1	15	
3	179.96	119.80	258.07	166.19	90.84	0	
4	258.07	166.19	283.00	181.00	29.00	1	13	

2	14	189.510	6
1	118.00	83.00	120.85	85.81	4.00	2	2	15	
2	120.85	85.81	160.56	124.93	55.75	1	15	
3	160.56	124.93	195.97	159.81	49.70	0	
4	195.97	159.81	220.42	183.91	34.33	1	3	
5	220.42	183.91	241.60	204.77	29.73	0	
6	241.60	204.77	253.00	216.00	16.00	1	14	

2	15	40.608	2
1	118.00	83.00	121.94	82.31	4.00	2	2	15	
2	121.94	82.31	158.00	76.00	36.61	1	15	

2	16	59.135	4
1	118.00	83.00	117.73	79.01	4.00	2	2	15	
2	117.73	79.01	115.83	51.04	28.03	1	15	
3	115.83	51.04	115.76	49.94	1.10	0	
4	115.76	49.94	114.00	24.00	26.00	0	

2	17	97.201	4
1	118.00	83.00	115.61	86.21	4.00	2	2	15	
2	115.61	86.21	111.57	91.65	6.78	1	15	
3	111.57	91.65	61.19	159.40	84.42	0	
4	61.19	159.40	60.00	161.00	2.00	1	17	

2	18	224.511	5
1	118.00	83.00	119.46	86.72	4.00	2	2	15	
2	119.46	86.72	131.40	117.15	32.68	1	15	
3	131.40	117.15	182.94	248.53	141.13	0	
4	182.94	248.53	192.70	273.38	26.70	1	10	
5	192.70	273.38	200.00	292.00	20.00	2	10	18	

2	19	66.940	4
1	118.00	83.00	114.12	83.96	4.00	2	2	15	
2	114.12	83.96	109.84	85.01	4.41	1	15	
3	109.84	85.01	81.16	92.07	29.53	0	
4	81.16	92.07	53.00	99.00	29.00	1	19	

2	20	103.247	7
1	118.00	83.00	114.28	81.53	4.00	2	2	15	
2	114.28	81.53	109.12	79.49	5.55	1	15	
3	109.12	79.49	61.98	60.83	50.70	0	
4	61.98	60.83	49.41	55.85	13.52	1	20	
5	49.41	55.85	32.78	49.27	17.89	2	5	20	
6	32.78	49.27	27.33	47.11	5.86	3	5	6	20	
7	27.33	47.11	22.00	45.00	5.73	2	6	20	

3	0	64.560	2
1	212.00	168.00	194.71	162.98	18.00	1	3	
2	194.71	162.98	150.00	150.00	46.56	0	

3	1	78.006	4
1	212.00	168.00	230.00	168.23	18.00	1	3	
2	230.00	168.23	256.80	168.57	26.80	0	
3	256.80	168.57	279.00	168.86	22.21	1	13	
4	279.00	168.86	290.00	169.00	11.00	2	1	13	

3	2	126.732	4
1	212.00	168.00	198.65	155.93	18.00	1	3	
2	198.65	155.93	164.03	124.63	46.67	0	
3	164.03	124.63	120.97	85.68	58.06	1	15	
4	120.97	85.68	118.00	83.00	4.00	2	2	15	

3	3	0	0

3	4	178.933	3
1	212.00	168.00	196.81	177.66	18.00	1	3	
2	196.81	177.66	95.60	242.00	119.93	0	
3	95.60	242.00	61.00	264.00	41.00	1	4	

3	5	207.348	6
1	212.00	168.00	196.63	158.62	18.00	1	3	
2	196.63	158.62	79.46	87.13	137.27	0	
3	79.46	87.13	55.20	72.33	28.42	1	19	
4	55.20	72.33	51.46	70.04	4.39	2	19	20	
5	51.46	70.04	47.80	67.81	4.28	1	20	
6	47.80	67.81	35.00	60.00	15.00	2	5	20	

3	6	252.842	6
1	212.00	168.00	197.41	157.46	18.00	1	3	
2	197.41	157.46	151.91	124.62	56.11	0	
3	151.91	124.62	113.77	97.08	47.05	1	15	
4	113.77	97.08	62.32	59.94	63.45	0	
5	62.32	59.94	38.62	42.83	29.23	1	20	
6	38.62	42.83	7.00	20.00	39.00	2	6	20	

3	7	89.308	5
1	212.00	168.00	222.08	182.91	18.00	1	3	
2	222.08	182.91	239.09	208.09	30.39	0	
3	239.09	208.09	255.15	231.86	28.68	1	14	
4	255.15	231.86	256.40	233.71	2.24	0	
5	256.40	233.71	262.00	242.00	10.00	1	7	

3	8	133.364	4
1	212.00	168.00	208.63	150.32	18.00	1	3	
2	208.63	150.32	199.43	102.16	49.03	0	
3	199.43	102.16	191.69	61.56	41.33	1	15	
4	191.69	61.56	187.00	37.00	25.00	2	8	15	

3	9	139.786	3
1	212.00	168.00	217.92	151.00	18.00	1	3	
2	217.92	151.00	246.81	68.11	87.79	0	
3	246.81	68.11	258.00	36.00	34.00	1	9	

3	10	125.543	3
1	212.00	168.00	206.26	185.06	18.00	1	3	
2	206.26	185.06	184.74	249.08	67.54	0	
3	184.74	249.08	172.00	287.00	40.00	0	

3	11	159.079	5
1	212.00	168.00	211.43	150.01	18.00	0	
2	211.43	150.01	208.29	50.10	99.96	0	
3	208.29	50.10	207.97	39.99	10.12	0	
4	207.97	39.99	207.43	22.59	17.41	1	8	
5	207.43	22.59	207.00	9.00	13.59	1	11	

3	12	187.024	3
1	212.00	168.00	194.00	168.29	18.00	1	3	
2	194.00	168.29	43.00	170.71	151.02	0	
3	43.00	170.71	25.00	171.00	18.00	1	12	

3	13	72.180	3
1	212.00	168.00	229.71	171.24	18.00	1	3	
2	229.71	171.24	254.47	175.78	25.18	0	
3	254.47	175.78	283.00	181.00	29.00	1	13	

3	14	63.127	3
1	212.00	168.00	223.69	181.69	18.00	1	3	
2	223.69	181.69	242.61	203.83	29.13	0	
3	242.61	203.83	253.00	216.00	16.00	1	14	

3	15	106.677	3
1	212.00	168.00	202.89	152.48	18.00	1	3	
2	202.89	152.48	182.80	118.26	39.68	0	
3	182.80	118.26	158.00	76.00	49.00	1	15	

3	16	174.184	5
1	212.00	168.00	201.87	153.12	18.00	1	3	
2	201.87	153.12	179.39	120.08	39.96	0	
3	179.39	120.08	128.63	45.49	90.22	1	15	
4	128.63	45.49	124.84	39.93	6.74	2	15	16	
5	124.84	39.93	114.00	24.00	19.26	1	16	

3	17	152.161	3
1	212.00	168.00	194.02	167.17	18.00	1	3	
2	194.02	167.17	62.00	161.09	132.16	0	
3	62.00	161.09	60.00	161.00	2.00	1	17	

3	18	124.579	4
1	212.00	168.00	210.27	185.92	18.00	1	3	
2	210.27	185.92	202.94	261.64	76.08	0	
3	202.94	261.64	201.93	272.09	10.50	0	
4	201.93	272.09	200.00	292.00	20.00	2	10	18	

3	19	173.326	3
1	212.00	168.00	195.49	160.83	18.00	1	3	
2	195.49	160.83	79.60	110.54	126.33	0	
3	79.60	110.54	53.00	99.00	29.00	1	19	

3	20	226.338	10
1	212.00	168.00	196.89	158.22	18.00	1	3	
2	196.89	158.22	140.71	121.85	66.93	0	
3	140.71	121.85	123.25	110.55	20.80	1	15	
4	123.25	110.55	73.05	78.05	59.80	0	
5	73.05	78.05	63.91	72.13	10.89	1	19	
6	63.91	72.13	58.10	68.37	6.92	0	
7	58.10	68.37	49.71	62.94	9.99	1	20	
8	49.71	62.94	30.94	50.79	22.36	2	5	20	
9	30.94	50.79	26.30	47.78	5.53	3	5	6	20	
10	26.30	47.78	22.00	45.00	5.12	2	6	20	

4	0	144.627	2
1	61.00	264.00	86.23	231.68	41.00	1	4	
2	86.23	231.68	150.00	150.00	103.63	0	

4	1	247.923	4
1	61.00	264.00	98.87	248.29	41.00	1	4	
2	98.87	248.29	254.14	183.88	168.10	0	
3	254.14	183.88	279.84	173.22	27.82	1	13	
4	279.84	173.22	290.00	169.00	11.00	2	1	13	

4	2	189.763	4
1	61.00	264.00	73.32	224.89	41.00	0	
2	73.32	224.89	113.65	96.83	134.27	0	
3	113.65	96.83	116.80	86.82	10.50	1	15	
4	116.80	86.82	118.00	83.00	4.00	2	2	15	

4	3	178.933	3
1	61.00	264.00	95.60	242.00	41.00	1	4	
2	95.60	242.00	196.81	177.66	119.93	0	
3	196.81	177.66	212.00	168.00	18.00	1	3	

4	4	0	0

4	5	205.650	6
1	61.00	264.00	55.82	223.33	41.00	0	
2	55.82	223.33	43.46	126.39	97.73	0	
3	43.46	126.39	38.17	84.84	41.88	1	19	
4	38.17	84.84	36.90	74.88	10.04	2	19	20	
5	36.90	74.88	36.90	74.88	0.00	1	20	
6	36.90	74.88	35.00	60.00	15.00	2	5	20	

4	6	249.904	8
1	61.00	264.00	52.14	223.97	41.00	1	4	
2	52.14	223.97	41.83	177.38	47.71	0	
3	41.83	177.38	37.57	158.11	19.74	1	12	
4	37.57	158.11	27.57	112.94	46.27	0	
5	27.57	112.94	24.06	97.10	16.22	1	19	
6	24.06	97.10	22.05	88.00	9.32	0	
7	22.05	88.00	15.43	58.08	30.65	0	
8	15.43	58.08	7.00	20.00	39.00	2	6	20	

4	7	202.200	5
1	61.00	264.00	101.76	259.54	41.00	1	4	
2	101.76	259.54	148.84	254.39	47.37	0	
3	148.84	254.39	187.55	250.15	38.94	1	10	
4	187.55	250.15	252.06	243.09	64.89	0	
5	252.06	243.09	262.00	242.00	10.00	1	7	

4	8	259.625	4
1	61.00	264.00	80.90	228.15	41.00	1	4	
2	80.90	228.15	140.05	121.59	121.87	0	
3	140.05	121.59	174.87	58.86	71.75	1	15	
4	174.87	58.86	187.00	37.00	25.00	2	8	15	

4	9	301.319	3
1	61.00	264.00	87.81	232.98	41.00	1	4	
2	87.81	232.98	235.77	61.73	226.32	0	
3	235.77	61.73	258.00	36.00	34.00	1	9	

4	10	113.358	3
1	61.00	264.00	101.15	272.32	41.00	1	4	
2	101.15	272.32	132.83	278.88	32.36	0	
3	132.83	278.88	172.00	287.00	40.00	1	10	

4	11	293.838	7
1	61.00	264.00	81.37	228.42	41.00	1	4	
2	81.37	228.42	142.10	122.35	122.23	0	
3	142.10	122.35	177.69	60.20	71.62	1	15	
4	177.69	60.20	189.92	38.83	24.63	2	8	15	
5	189.92	38.83	191.60	35.90	3.37	1	8	
6	191.60	35.90	202.29	17.22	21.53	2	8	11	
7	202.29	17.22	207.00	9.00	9.47	1	11	

4	12	99.725	3
1	61.00	264.00	46.20	225.76	41.00	1	4	
2	46.20	225.76	31.50	187.79	40.72	0	
3	31.50	187.79	25.00	171.00	18.00	1	12	

4	13	237.008	3
1	61.00	264.00	99.40	249.64	41.00	1	4	
2	99.40	249.64	255.84	191.16	167.01	0	
3	255.84	191.16	283.00	181.00	29.00	1	13	

4	14	197.909	3
1	61.00	264.00	100.78	254.06	41.00	1	4	
2	100.78	254.06	237.48	219.88	140.91	0	
3	237.48	219.88	253.00	216.00	16.00	1	14	

4	15	211.549	3
1	61.00	264.00	79.80	227.56	41.00	1	4	
2	79.80	227.56	135.53	119.55	121.55	0	
3	135.53	119.55	158.00	76.00	49.00	1	15	

4	16	245.782	3
1	61.00	264.00	69.84	223.96	41.00	0	
2	69.84	223.96	108.39	49.39	178.78	0	
3	108.39	49.39	114.00	24.00	26.00	1	16	

4	17	103.005	3
1	61.00	264.00	60.60	223.01	41.00	1	4	
2	60.60	223.01	60.02	163.00	60.01	0	
3	60.02	163.00	60.00	161.00	2.00	1	17	

4	18	141.792	4
1	61.00	264.00	101.19	272.10	41.00	1	4	
2	101.19	272.10	132.92	278.49	32.36	0	
3	132.92	278.49	180.39	288.05	48.43	1	10	
4	180.39	288.05	200.00	292.00	20.00	2	10	18	

4	19	165.194	3
1	61.00	264.00	59.01	223.05	41.00	1	4	
2	59.01	223.05	54.40	127.97	95.20	0	
3	54.40	127.97	53.00	99.00	29.00	1	19	

4	20	222.445	8
1	61.00	264.00	53.81	223.63	41.00	0	
2	53.81	223.63	35.77	122.33	102.90	0	
3	35.77	122.33	29.54	87.33	35.54	0	
4	29.54	87.33	28.78	83.05	4.35	2	19	20	
5	28.78	83.05	26.92	72.64	10.58	1	20	
6	26.92	72.64	23.81	55.19	17.72	2	5	20	
7	23.81	55.19	23.06	50.93	4.33	3	5	6	20	
8	23.06	50.93	22.00	45.00	6.02	2	6	20	

5	0	146.031	5
1	35.00	60.00	46.81	69.24	15.00	2	5	20	
2	46.81	69.24	48.27	70.39	1.85	1	20	
3	48.27	70.39	53.39	74.39	6.49	2	19	20	
4	53.39	74.39	81.91	96.71	36.22	1	19	
5	81.91	96.71	150.00	150.00	86.46	0	

5	1	277.319	9
1	35.00	60.00	48.79	65.90	15.00	2	5	20	
2	48.79	65.90	57.31	69.54	9.26	1	20	
3	57.31	69.54	61.08	71.15	4.10	0	
4	61.08	71.15	67.55	73.91	7.03	1	19	
5	67.55	73.91	112.01	92.92	48.36	0	
6	112.01	92.92	177.55	120.93	71.27	1	15	
7	177.55	120.93	264.96	158.30	95.06	0	
8	264.96	158.30	279.89	164.68	16.23	1	13	
9	279.89	164.68	290.00	169.00	11.00	2	1	13	

5	2	86.128	5
1	35.00	60.00	49.46	64.01	15.00	2	5	20	
2	49.46	64.01	59.13	66.69	10.04	1	20	
3	59.13	66.69	109.21	80.57	51.97	0	
4	109.21	80.57	114.15	81.93	5.12	1	15	
5	114.15	81.93	118.00	83.00	4.00	2	2	15	

5	3	207.348	6
1	35.00	60.00	47.80	67.81	15.00	2	5	20	
2	47.80	67.81	51.46	70.04	4.28	1	20	
3	51.46	70.04	55.20	72.33	4.39	2	19	20	
4	55.20	72.33	79.46	87.13	28.42	1	19	
5	79.46	87.13	196.63	158.62	137.27	0	
6	196.63	158.62	212.00	168.00	18.00	1	3	

5	4	205.650	6
1	35.00	60.00	36.90	74.88	15.00	2	5	20	
2	36.90	74.88	36.90	74.88	0.00	1	20	
3	36.90	74.88	38.17	84.84	10.04	2	19	20	
4	38.17	84.84	43.46	126.39	41.88	1	19	
5	43.46	126.39	55.82	223.33	97.73	0	
6	55.82	223.33	61.00	264.00	41.00	0	

5	5	0	0

5	6	48.826	3
1	35.00	60.00	29.36	51.95	9.83	2	5	20	
2	29.36	51.95	26.40	47.71	5.17	3	5	6	20	
3	26.40	47.71	7.00	20.00	33.83	2	6	20	

5	7	290.952	8
1	35.00	60.00	46.70	69.38	15.00	2	5	20	
2	46.70	69.38	48.01	70.43	1.68	1	20	
3	48.01	70.43	53.20	74.59	6.65	2	19	20	
4	53.20	74.59	81.97	97.66	36.88	1	19	
5	81.97	97.66	238.82	223.42	201.04	0	
6	238.82	223.42	248.84	231.45	12.84	1	14	
7	248.84	231.45	254.20	235.74	6.87	0	
8	254.20	235.74	262.00	242.00	10.00	1	7	

5	8	153.730	7
1	35.00	60.00	49.83	57.76	15.00	2	5	20	
2	49.83	57.76	63.66	55.66	13.98	1	20	
3	63.66	55.66	107.15	49.08	43.99	0	
4	107.15	49.08	118.21	47.41	11.18	1	16	
5	118.21	47.41	127.96	45.93	9.87	2	15	16	
6	127.96	45.93	162.28	40.74	34.71	1	15	
7	162.28	40.74	187.00	37.00	25.00	2	8	15	

5	9	224.288	8
1	35.00	60.00	49.91	58.39	15.00	2	5	20	
2	49.91	58.39	63.31	56.95	13.47	1	20	
3	63.31	56.95	115.67	51.32	52.67	0	
4	115.67	51.32	163.73	46.15	48.34	1	15	
5	163.73	46.15	194.11	42.88	30.55	2	8	15	
6	194.11	42.88	211.68	40.99	17.67	1	8	
7	211.68	40.99	224.20	39.64	12.59	0	
8	224.20	39.64	258.00	36.00	34.00	1	9	

5	10	265.138	6
1	35.00	60.00	42.28	72.06	14.08	2	5	20	
2	42.28	72.06	42.75	72.84	0.92	3	5	19	20	
3	42.75	72.84	47.04	79.95	8.31	2	19	20	
4	47.04	79.95	71.84	121.04	47.99	1	19	
5	71.84	121.04	151.33	252.75	153.84	0	
6	151.33	252.75	172.00	287.00	40.00	1	10	

5	11	179.402	8
1	35.00	60.00	49.38	55.74	15.00	2	5	20	
2	49.38	55.74	64.54	51.24	15.82	1	20	
3	64.54	51.24	95.34	42.11	32.12	0	
4	95.34	42.11	139.51	29.01	46.07	1	16	
5	139.51	29.01	168.22	20.50	29.94	0	
6	168.22	20.50	177.28	17.81	9.45	1	8	
7	177.28	17.81	193.75	12.93	17.18	2	8	11	
8	193.75	12.93	207.00	9.00	13.82	1	11	

5	12	111.450	6
1	35.00	60.00	33.65	74.94	15.00	2	5	20	
2	33.65	74.94	33.41	77.61	2.69	1	20	
3	33.41	77.61	32.60	86.67	9.10	2	19	20	
4	32.60	86.67	29.91	116.54	29.99	0	
5	29.91	116.54	26.62	153.07	36.68	0	
6	26.62	153.07	25.00	171.00	18.00	1	12	

5	13	275.944	8
1	35.00	60.00	48.48	66.58	15.00	2	5	20	
2	48.48	66.58	55.77	70.13	8.11	1	20	
3	55.77	70.13	56.60	70.54	0.92	2	19	20	
4	56.60	70.54	74.05	79.05	19.42	1	19	
5	74.05	79.05	114.66	98.87	45.19	0	
6	114.66	98.87	166.65	124.23	57.84	1	15	
7	166.65	124.23	256.94	168.28	100.46	0	
8	256.94	168.28	283.00	181.00	29.00	1	13	

5	14	268.067	8
1	35.00	60.00	47.20	68.73	15.00	2	5	20	
2	47.20	68.73	49.30	70.24	2.59	1	20	
3	49.30	70.24	54.07	73.65	5.86	2	19	20	
4	54.07	73.65	81.42	93.22	33.63	1	19	
5	81.42	93.22	195.30	174.71	140.03	0	
6	195.30	174.71	211.04	185.97	19.36	1	3	
7	211.04	185.97	239.99	206.69	35.60	0	
8	239.99	206.69	253.00	216.00	16.00	1	14	

5	15	124.036	4
1	35.00	60.00	49.87	61.93	15.00	2	5	20	
2	49.87	61.93	60.88	63.37	11.10	1	20	
3	60.88	63.37	109.41	69.68	48.94	0	
4	109.41	69.68	158.00	76.00	49.00	1	15	

5	16	86.816	4
1	35.00	60.00	48.65	53.78	15.00	2	5	20	
2	48.65	53.78	64.98	46.34	17.95	1	20	
3	64.98	46.34	90.34	34.78	27.87	0	
4	90.34	34.78	114.00	24.00	26.00	1	16	

5	17	104.048	6
1	35.00	60.00	38.44	73.92	14.34	2	5	20	
2	38.44	73.92	38.60	74.56	0.66	2	5	20	
3	38.60	74.56	40.85	83.65	9.36	2	19	20	
4	40.85	83.65	51.83	127.98	45.67	1	19	
5	51.83	127.98	59.52	159.06	32.02	0	
6	59.52	159.06	60.00	161.00	2.00	1	17	

5	18	284.691	7
1	35.00	60.00	43.30	71.67	14.32	2	5	20	
2	43.30	71.67	43.69	72.22	0.68	3	5	19	20	
3	43.69	72.22	48.45	78.91	8.20	2	19	20	
4	48.45	78.91	75.63	117.13	46.91	1	19	
5	75.63	117.13	168.13	247.19	159.59	0	
6	168.13	247.19	188.41	275.70	34.99	1	10	
7	188.41	275.70	200.00	292.00	20.00	2	10	18	

5	19	42.953	4
1	35.00	60.00	40.85	72.67	13.95	2	5	20	
2	40.85	72.67	41.29	73.62	1.05	3	5	19	20	
3	41.29	73.62	44.88	81.41	8.58	2	19	20	
4	44.88	81.41	53.00	99.00	19.38	1	19	

5	20	19.849	3
1	35.00	60.00	28.52	52.52	9.89	2	5	20	
2	28.52	52.52	25.18	48.66	5.11	3	5	6	20	
3	25.18	48.66	22.00	45.00	4.85	2	6	20	

6	0	193.259	7
1	7.00	20.00	34.51	45.01	37.18	2	6	20	
2	34.51	45.01	35.86	46.23	1.82	3	5	6	20	
3	35.86	46.23	49.97	59.06	19.07	2	5	20	
4	49.97	59.06	58.86	67.14	12.01	1	20	
5	58.86	67.14	64.72	72.47	7.92	0	
6	64.72	72.47	78.29	84.81	18.34	1	19	
7	78.29	84.81	150.00	150.00	96.91	0	

6	1	319.828	7
1	7.00	20.00	41.51	38.17	39.00	2	6	20	
2	41.51	38.17	64.66	50.36	26.17	1	20	
3	64.66	50.36	109.05	73.73	50.16	0	
4	109.05	73.73	187.57	115.07	88.74	1	15	
5	187.57	115.07	266.94	156.86	89.69	0	
6	266.94	156.86	280.27	163.88	15.07	1	13	
7	280.27	163.88	290.00	169.00	11.00	2	1	13	

6	2	127.632	5
1	7.00	20.00	40.92	39.25	39.00	2	6	20	
2	40.92	39.25	64.33	52.54	26.92	1	20	
3	64.33	52.54	109.04	77.91	51.40	0	
4	109.04	77.91	114.52	81.03	6.31	1	15	
5	114.52	81.03	118.00	83.00	4.00	2	2	15	

6	3	252.842	6
1	7.00	20.00	38.62	42.83	39.00	2	6	20	
2	38.62	42.83	62.32	59.94	29.23	1	20	
3	62.32	59.94	113.77	97.08	63.45	0	
4	113.77	97.08	151.91	124.62	47.05	1	15	
5	151.91	124.62	197.41	157.46	56.11	0	
6	197.41	157.46	212.00	168.00	18.00	1	3	

6	4	249.904	8
1	7.00	20.00	15.43	58.08	39.00	2	6	20	
2	15.43	58.08	22.05	88.00	30.65	0	
3	22.05	88.00	24.06	97.10	9.32	0	
4	24.06	97.10	27.57	112.94	16.22	1	19	
5	27.57	112.94	37.57	158.11	46.27	0	
6	37.57	158.11	41.83	177.38	19.74	1	12	
7	41.83	177.38	52.14	223.97	47.71	0	
8	52.14	223.97	61.00	264.00	41.00	1	4	

6	5	48.826	3
1	7.00	20.00	26.40	47.71	33.83	2	6	20	
2	26.40	47.71	29.36	51.95	5.17	3	5	6	20	
3	29.36	51.95	35.00	60.00	9.83	2	5	20	

6	6	0	0

6	7	338.096	8
1	7.00	20.00	35.74	45.02	38.10	2	6	20	
2	35.74	45.02	36.41	45.61	0.90	3	5	6	20	
3	36.41	45.61	49.74	57.21	17.66	2	5	20	
4	49.74	57.21	59.63	65.82	13.11	1	20	
5	59.63	65.82	237.77	220.91	236.20	0	
6	237.77	220.91	250.24	231.76	16.53	1	14	
7	250.24	231.76	254.46	235.43	5.60	0	
8	254.46	235.43	262.00	242.00	10.00	1	7	

6	8	180.801	7
1	7.00	20.00	45.83	23.67	39.00	2	6	20	
2	45.83	23.67	60.07	25.01	14.31	1	20	
3	60.07	25.01	88.26	27.67	28.31	0	
4	88.26	27.67	136.06	32.19	48.01	1	16	
5	136.06	32.19	138.60	32.43	2.55	2	15	16	
6	138.60	32.43	162.11	34.65	23.62	1	15	
7	162.11	34.65	187.00	37.00	25.00	2	8	15	

6	9	251.509	12
1	7.00	20.00	45.92	22.48	39.00	2	6	20	
2	45.92	22.48	59.14	23.32	13.24	1	20	
3	59.14	23.32	88.03	25.16	28.95	0	
4	88.03	25.16	139.62	28.45	51.69	1	16	
5	139.62	28.45	144.88	28.79	5.27	0	
6	144.88	28.79	163.02	29.95	18.17	1	15	
7	163.02	29.95	177.01	30.84	14.02	2	8	15	
8	177.01	30.84	185.55	31.38	8.56	1	8	
9	185.55	31.38	211.69	33.05	26.19	2	8	11	
10	211.69	33.05	224.07	33.84	12.41	1	11	
11	224.07	33.84	225.43	33.92	1.37	2	9	11	
12	225.43	33.92	258.00	36.00	32.63	1	9	

6	10	313.869	8
1	7.00	20.00	24.88	48.93	34.01	2	6	20	
2	24.88	48.93	27.50	53.18	4.99	3	5	6	20	
3	27.50	53.18	39.85	73.15	23.48	2	5	20	
4	39.85	73.15	40.37	74.00	1.00	3	5	19	20	
5	40.37	74.00	44.93	81.38	8.67	2	19	20	
6	44.93	81.38	70.23	122.32	48.14	1	19	
7	70.23	122.32	150.97	252.97	153.58	0	
8	150.97	252.97	172.00	287.00	40.00	1	10	

6	11	200.302	6
1	7.00	20.00	45.94	17.86	39.00	2	6	20	
2	45.94	17.86	54.94	17.36	9.02	1	20	
3	54.94	17.36	89.44	15.47	34.55	0	
4	89.44	15.47	137.48	12.82	48.11	1	16	
5	137.48	12.82	176.05	10.70	38.63	0	
6	176.05	10.70	207.00	9.00	31.00	1	11	

6	12	152.069	4
1	7.00	20.00	11.62	58.73	39.00	2	6	20	
2	11.62	58.73	15.04	87.43	28.91	1	20	
3	15.04	87.43	22.87	153.13	66.16	0	
4	22.87	153.13	25.00	171.00	18.00	1	12	

6	13	319.526	8
1	7.00	20.00	40.69	39.65	39.00	2	6	20	
2	40.69	39.65	64.18	53.36	27.20	1	20	
3	64.18	53.36	109.13	79.58	52.04	0	
4	109.13	79.58	114.04	82.44	5.68	1	15	
5	114.04	82.44	120.44	86.17	7.41	2	2	15	
6	120.44	86.17	178.94	120.30	67.73	1	15	
7	178.94	120.30	257.95	166.39	91.47	0	
8	257.95	166.39	283.00	181.00	29.00	1	13	

6	14	314.535	8
1	7.00	20.00	37.50	44.30	39.00	2	6	20	
2	37.50	44.30	39.09	45.57	2.03	1	20	
3	39.09	45.57	48.15	52.79	11.59	2	5	20	
4	48.15	52.79	61.03	63.05	16.46	1	20	
5	61.03	63.05	194.03	169.01	170.05	0	
6	194.03	169.01	215.03	185.74	26.85	1	3	
7	215.03	185.74	240.49	206.03	32.55	0	
8	240.49	206.03	253.00	216.00	16.00	1	14	

6	15	161.050	4
1	7.00	20.00	43.57	33.56	39.00	2	6	20	
2	43.57	33.56	64.85	41.46	22.70	1	20	
3	64.85	41.46	112.06	58.96	50.35	0	
4	112.06	58.96	158.00	76.00	49.00	1	15	

6	16	107.075	4
1	7.00	20.00	45.97	21.46	39.00	2	6	20	
2	45.97	21.46	58.28	21.92	12.31	1	20	
3	58.28	21.92	88.02	23.03	29.76	0	
4	88.02	23.03	114.00	24.00	26.00	1	16	

6	17	150.632	8
1	7.00	20.00	20.54	56.02	38.48	2	6	20	
2	20.54	56.02	20.72	56.51	0.52	3	5	6	20	
3	20.72	56.51	26.74	72.52	17.11	2	5	20	
4	26.74	72.52	30.04	81.29	9.36	1	20	
5	30.04	81.29	32.11	86.80	5.88	2	19	20	
6	32.11	86.80	47.39	127.45	43.43	1	19	
7	47.39	127.45	59.30	159.13	33.84	0	
8	59.30	159.13	60.00	161.00	2.00	1	17	

6	18	333.516	9
1	7.00	20.00	26.58	47.59	33.83	2	6	20	
2	26.58	47.59	29.57	51.81	5.17	3	5	6	20	
3	29.57	51.81	43.59	71.57	24.23	2	5	20	
4	43.59	71.57	43.93	72.05	0.59	3	5	19	20	
5	43.93	72.05	48.67	78.73	8.19	2	19	20	
6	48.67	78.73	75.78	116.94	46.85	1	19	
7	75.78	116.94	168.20	247.18	159.70	0	
8	168.20	247.18	188.43	275.69	34.96	1	10	
9	188.43	275.69	200.00	292.00	20.00	2	10	18	

6	19	91.417	6
1	7.00	20.00	24.22	49.57	34.22	2	6	20	
2	24.22	49.57	26.62	53.70	4.78	3	5	6	20	
3	26.62	53.70	38.41	73.94	23.42	2	5	20	
4	38.41	73.94	38.75	74.52	0.68	3	5	19	20	
5	38.75	74.52	43.31	82.35	9.06	2	19	20	
6	43.31	82.35	53.00	99.00	19.27	1	19	

6	20	29.155	1
1	7.00	20.00	22.00	45.00	29.15	2	6	20	

7	0	144.941	4
1	262.00	242.00	254.27	235.65	10.00	1	7	
2	254.27	235.65	249.30	231.57	6.44	0	
3	249.30	231.57	238.45	222.66	14.04	1	14	
4	238.45	222.66	150.00	150.00	114.46	0	

7	1	78.186	4
1	262.00	242.00	265.58	232.66	10.00	1	7	
2	265.58	232.66	274.74	208.80	25.56	0	
3	274.74	208.80	286.06	179.27	31.62	1	13	
4	286.06	179.27	290.00	169.00	11.00	2	1	13	

7	2	214.516	8
1	262.00	242.00	255.29	234.59	10.00	1	7	
2	255.29	234.59	252.94	232.00	3.49	0	
3	252.94	232.00	237.07	214.48	23.64	1	14	
4	237.07	214.48	211.27	185.99	38.44	0	
5	211.27	185.99	194.03	166.95	25.68	1	3	
6	194.03	166.95	156.00	124.96	56.65	0	
7	156.00	124.96	120.69	85.96	52.61	1	15	
8	120.69	85.96	118.00	83.00	4.00	2	2	15	

7	3	89.308	5
1	262.00	242.00	256.40	233.71	10.00	1	7	
2	256.40	233.71	255.15	231.86	2.24	0	
3	255.15	231.86	239.09	208.09	28.68	1	14	
4	239.09	208.09	222.08	182.91	30.39	0	
5	222.08	182.91	212.00	168.00	18.00	1	3	

7	4	202.200	5
1	262.00	242.00	252.06	243.09	10.00	1	7	
2	252.06	243.09	187.55	250.15	64.89	0	
3	187.55	250.15	148.84	254.39	38.94	1	10	
4	148.84	254.39	101.76	259.54	47.37	0	
5	101.76	259.54	61.00	264.00	41.00	1	4	

7	5	290.952	8
1	262.00	242.00	254.20	235.74	10.00	1	7	
2	254.20	235.74	248.84	231.45	6.87	0	
3	248.84	231.45	238.82	223.42	12.84	1	14	
4	238.82	223.42	81.97	97.66	201.04	0	
5	81.97	97.66	53.20	74.59	36.88	1	19	
6	53.20	74.59	48.01	70.43	6.65	2	19	20	
7	48.01	70.43	46.70	69.38	1.68	1	20	
8	46.70	69.38	35.00	60.00	15.00	2	5	20	

7	6	338.096	8
1	262.00	242.00	254.46	235.43	10.00	1	7	
2	254.46	235.43	250.24	231.76	5.60	0	
3	250.24	231.76	237.77	220.91	16.53	1	14	
4	237.77	220.91	59.63	65.82	236.20	0	
5	59.63	65.82	49.74	57.21	13.11	1	20	
6	49.74	57.21	36.41	45.61	17.66	2	5	20	
7	36.41	45.61	35.74	45.02	0.90	3	5	6	20	
8	35.74	45.02	7.00	20.00	38.10	2	6	20	

7	7	0	0

7	8	218.289	6
1	262.00	242.00	258.56	232.61	10.00	1	7	
2	258.56	232.61	258.04	231.18	1.52	0	
3	258.04	231.18	247.05	201.15	31.99	1	14	
4	247.05	201.15	205.57	87.76	120.74	0	
5	205.57	87.76	195.59	60.48	29.05	1	15	
6	195.59	60.48	187.00	37.00	25.00	2	8	15	

7	9	206.039	7
1	262.00	242.00	261.81	232.00	10.00	1	7	
2	261.81	232.00	261.76	229.39	2.61	0	
3	261.76	229.39	261.23	202.28	27.12	0	
4	261.23	202.28	261.19	200.11	2.17	0	
5	261.19	200.11	260.46	162.75	37.37	0	
6	260.46	162.75	258.66	70.00	92.77	0	
7	258.66	70.00	258.00	36.00	34.00	0	

7	10	100.623	5
1	262.00	242.00	253.06	246.47	10.00	1	7	
2	253.06	246.47	207.78	269.11	50.62	0	
3	207.78	269.11	201.83	272.08	6.65	1	10	
4	201.83	272.08	182.97	281.52	21.09	2	10	18	
5	182.97	281.52	172.00	287.00	12.26	1	10	

7	11	239.403	5
1	262.00	242.00	259.70	232.27	10.00	1	7	
2	259.70	232.27	259.33	230.69	1.62	0	
3	259.33	230.69	252.09	200.03	31.51	1	14	
4	252.09	200.03	214.12	39.17	165.28	0	
5	214.12	39.17	207.00	9.00	31.00	0	

7	12	247.407	3
1	262.00	242.00	252.42	239.13	10.00	1	7	
2	252.42	239.13	42.24	176.17	219.41	0	
3	42.24	176.17	25.00	171.00	18.00	1	12	

7	13	64.514	3
1	262.00	242.00	265.26	232.54	10.00	1	7	
2	265.26	232.54	273.56	208.42	25.51	0	
3	273.56	208.42	283.00	181.00	29.00	1	13	

7	14	27.514	3
1	262.00	242.00	258.73	232.55	10.00	1	7	
2	258.73	232.55	258.23	231.12	1.51	0	
3	258.23	231.12	253.00	216.00	16.00	1	14	

7	15	195.888	7
1	262.00	242.00	256.69	233.53	10.00	1	7	
2	256.69	233.53	255.60	231.79	2.05	0	
3	255.60	231.79	239.93	206.77	29.52	1	14	
4	239.93	206.77	224.03	181.39	29.95	0	
5	224.03	181.39	205.20	151.33	35.47	1	3	
6	205.20	151.33	184.01	117.52	39.90	0	
7	184.01	117.52	158.00	76.00	49.00	1	15	

7	16	263.492	9
1	262.00	242.00	256.38	233.73	10.00	1	7	
2	256.38	233.73	255.12	231.86	2.26	0	
3	255.12	231.86	239.04	208.18	28.62	1	14	
4	239.04	208.18	221.95	183.00	30.43	0	
5	221.95	183.00	201.73	153.22	36.00	1	3	
6	201.73	153.22	179.27	120.14	39.98	0	
7	179.27	120.14	128.60	45.51	90.21	1	15	
8	128.60	45.51	124.82	39.94	6.73	2	15	16	
9	124.82	39.94	114.00	24.00	19.27	1	16	

7	17	217.635	3
1	262.00	242.00	252.72	238.28	10.00	1	7	
2	252.72	238.28	61.86	161.74	205.64	0	
3	61.86	161.74	60.00	161.00	2.00	1	17	

7	18	79.649	4
1	262.00	242.00	254.22	248.28	10.00	1	7	
2	254.22	248.28	215.57	279.44	49.65	0	
3	215.57	279.44	211.75	282.53	4.91	1	18	
4	211.75	282.53	200.00	292.00	15.09	2	10	18	

7	19	253.239	3
1	262.00	242.00	253.75	236.35	10.00	1	7	
2	253.75	236.35	76.93	115.38	214.24	0	
3	76.93	115.38	53.00	99.00	29.00	1	19	

7	20	310.498	10
1	262.00	242.00	254.27	235.66	10.00	1	7	
2	254.27	235.66	249.28	231.56	6.45	0	
3	249.28	231.56	238.46	222.68	14.00	1	14	
4	238.46	222.68	81.54	93.88	203.01	0	
5	81.54	93.88	55.24	72.28	34.03	1	19	
6	55.24	72.28	52.46	70.00	3.59	2	19	20	
7	52.46	70.00	48.43	66.69	5.22	1	20	
8	48.43	66.69	29.95	51.53	23.90	2	5	20	
9	29.95	51.53	25.82	48.14	5.35	3	5	6	20	
10	25.82	48.14	22.00	45.00	4.94	2	6	20	

8	0	118.903	3
1	187.00	37.00	179.22	60.76	25.00	2	8	15	
2	179.22	60.76	158.19	125.00	67.60	1	15	
3	158.19	125.00	150.00	150.00	26.31	0	

8	1	167.431	5
1	187.00	37.00	202.38	56.71	25.00	2	8	15	
2	202.38	56.71	203.76	58.48	2.25	1	15	
3	203.76	58.48	277.19	152.59	119.37	0	
4	277.19	152.59	283.23	160.33	9.82	1	13	
5	283.23	160.33	290.00	169.00	11.00	2	1	13	

8	2	82.928	3
1	187.00	37.00	166.20	50.87	25.00	2	8	15	
2	166.20	50.87	121.33	80.78	53.93	1	15	
3	121.33	80.78	118.00	83.00	4.00	2	2	15	

8	3	133.364	4
1	187.00	37.00	191.69	61.56	25.00	2	8	15	
2	191.69	61.56	199.43	102.16	41.33	1	15	
3	199.43	102.16	208.63	150.32	49.03	0	
4	208.63	150.32	212.00	168.00	18.00	1	3	

8	4	259.625	4
1	187.00	37.00	174.87	58.86	25.00	2	8	15	
2	174.87	58.86	140.05	121.59	71.75	1	15	
3	140.05	121.59	80.90	228.15	121.87	0	
4	80.90	228.15	61.00	264.00	41.00	1	4	

8	5	153.730	7
1	187.00	37.00	162.28	40.74	25.00	2	8	15	
2	162.28	40.74	127.96	45.93	34.71	1	15	
3	127.96	45.93	118.21	47.41	9.87	2	15	16	
4	118.21	47.41	107.15	49.08	11.18	1	16	
5	107.15	49.08	63.66	55.66	43.99	0	
6	63.66	55.66	49.83	57.76	13.98	1	20	
7	49.83	57.76	35.00	60.00	15.00	2	5	20	

8	6	180.801	7
1	187.00	37.00	162.11	34.65	25.00	2	8	15	
2	162.11	34.65	138.60	32.43	23.62	1	15	
3	138.60	32.43	136.06	32.19	2.55	2	15	16	
4	136.06	32.19	88.26	27.67	48.01	1	16	
5	88.26	27.67	60.07	25.01	28.31	0	
6	60.07	25.01	45.83	23.67	14.31	1	20	
7	45.83	23.67	7.00	20.00	39.00	2	6	20	

8	7	218.289	6
1	187.00	37.00	195.59	60.48	25.00	2	8	15	
2	195.59	60.48	205.57	87.76	29.05	1	15	
3	205.57	87.76	247.05	201.15	120.74	0	
4	247.05	201.15	258.04	231.18	31.99	1	14	
5	258.04	231.18	258.56	232.61	1.52	0	
6	258.56	232.61	262.00	242.00	10.00	1	7	

8	8	0	0

8	9	71.007	6
1	187.00	37.00	187.65	36.99	0.65	2	8	15	
2	187.65	36.99	193.50	36.91	5.85	1	8	
3	193.50	36.91	212.00	36.65	18.49	2	8	11	
4	212.00	36.65	221.28	36.52	9.28	1	11	
5	221.28	36.52	224.00	36.48	2.73	0	
6	224.00	36.48	258.00	36.00	34.00	1	9	

8	10	250.450	4
1	187.00	37.00	185.50	61.95	25.00	2	8	15	
2	185.50	61.95	182.10	118.66	56.81	1	15	
3	182.10	118.66	174.40	247.07	128.64	0	
4	174.40	247.07	172.00	287.00	40.00	1	10	

8	11	34.409	4
1	187.00	37.00	187.23	36.67	0.40	2	8	15	
2	187.23	36.67	188.98	34.23	3.01	1	8	
3	188.98	34.23	201.53	16.66	21.59	2	8	11	
4	201.53	16.66	207.00	9.00	9.41	1	11	

8	12	210.238	4
1	187.00	37.00	167.74	52.93	25.00	2	8	15	
2	167.74	52.93	113.94	97.43	69.82	1	15	
3	113.94	97.43	38.87	159.53	97.42	0	
4	38.87	159.53	25.00	171.00	18.00	1	12	

8	13	173.066	4
1	187.00	37.00	200.87	57.80	25.00	2	8	15	
2	200.87	57.80	205.79	65.19	8.88	1	15	
3	205.79	65.19	266.91	156.87	110.19	0	
4	266.91	156.87	283.00	181.00	29.00	1	13	

8	14	190.780	4
1	187.00	37.00	195.65	60.46	25.00	2	8	15	
2	195.65	60.46	205.63	87.52	28.84	1	15	
3	205.63	87.52	247.46	200.99	120.94	0	
4	247.46	200.99	253.00	216.00	16.00	1	14	

8	15	48.600	2
1	187.00	37.00	172.08	57.06	25.00	2	8	15	
2	172.08	57.06	158.00	76.00	23.60	1	15	

8	16	74.148	4
1	187.00	37.00	162.39	32.62	25.00	2	8	15	
2	162.39	32.62	143.38	29.23	19.31	1	15	
3	143.38	29.23	139.60	28.56	3.84	0	
4	139.60	28.56	114.00	24.00	26.00	1	16	

8	17	177.496	4
1	187.00	37.00	169.11	54.47	25.00	2	8	15	
2	169.11	54.47	118.03	104.34	71.40	1	15	
3	118.03	104.34	61.43	159.60	79.10	0	
4	61.43	159.60	60.00	161.00	2.00	1	17	

8	18	255.331	5
1	187.00	37.00	188.27	61.97	25.00	1	15	
2	188.27	61.97	190.84	112.36	50.46	1	15	
3	190.84	112.36	198.20	256.78	144.60	0	
4	198.20	256.78	198.98	272.03	15.27	1	10	
5	198.98	272.03	200.00	292.00	20.00	2	10	18	

8	19	147.648	4
1	187.00	37.00	164.31	47.50	25.00	2	8	15	
2	164.31	47.50	109.09	73.05	60.85	1	15	
3	109.09	73.05	79.32	86.82	32.80	0	
4	79.32	86.82	53.00	99.00	29.00	1	19	

8	20	165.194	7
1	187.00	37.00	162.03	38.21	25.00	2	8	15	
2	162.03	38.21	134.85	39.53	27.21	1	15	
3	134.85	39.53	124.74	40.02	10.13	2	15	16	
4	124.74	40.02	94.75	41.47	30.03	1	16	
5	94.75	41.47	64.95	42.92	29.83	0	
6	64.95	42.92	37.55	44.25	27.43	1	20	
7	37.55	44.25	22.00	45.00	15.57	2	6	20	

9	0	157.035	4
1	258.00	36.00	234.62	60.68	34.00	1	9	
2	234.62	60.68	203.93	93.08	44.62	0	
3	203.93	93.08	177.53	120.94	38.38	1	15	
4	177.53	120.94	150.00	150.00	40.03	0	

9	1	136.795	4
1	258.00	36.00	265.95	69.06	34.00	1	9	
2	265.95	69.06	285.95	152.15	85.46	0	
3	285.95	152.15	287.43	158.31	6.33	1	13	
4	287.43	158.31	290.00	169.00	11.00	2	1	13	

9	2	147.679	6
1	258.00	36.00	225.77	46.82	34.00	1	9	
2	225.77	46.82	205.74	53.54	21.12	0	
3	205.74	53.54	202.15	54.75	3.79	1	8	
4	202.15	54.75	182.04	61.50	21.22	2	8	15	
5	182.04	61.50	121.79	81.73	63.55	1	15	
6	121.79	81.73	118.00	83.00	4.00	2	2	15	

9	3	139.786	3
1	258.00	36.00	246.81	68.11	34.00	1	9	
2	246.81	68.11	217.92	151.00	87.79	0	
3	217.92	151.00	212.00	168.00	18.00	1	3	

9	4	301.319	3
1	258.00	36.00	235.77	61.73	34.00	1	9	
2	235.77	61.73	87.81	232.98	226.32	0	
3	87.81	232.98	61.00	264.00	41.00	1	4	

9	5	224.288	8
1	258.00	36.00	224.20	39.64	34.00	1	9	
2	224.20	39.64	211.68	40.99	12.59	0	
3	211.68	40.99	194.11	42.88	17.67	1	8	
4	194.11	42.88	163.73	46.15	30.55	2	8	15	
5	163.73	46.15	115.67	51.32	48.34	1	15	
6	115.67	51.32	63.31	56.95	52.67	0	
7	63.31	56.95	49.91	58.39	13.47	1	20	
8	49.91	58.39	35.00	60.00	15.00	2	5	20	

9	6	251.509	12
1	258.00	36.00	225.43	33.92	32.63	1	9	
2	225.43	33.92	224.07	33.84	1.37	2	9	11	
3	224.07	33.84	211.69	33.05	12.41	1	11	
4	211.69	33.05	185.55	31.38	26.19	2	8	11	
5	185.55	31.38	177.01	30.84	8.56	1	8	
6	177.01	30.84	163.02	29.95	14.02	2	8	15	
7	163.02	29.95	144.88	28.79	18.17	1	15	
8	144.88	28.79	139.62	28.45	5.27	0	
9	139.62	28.45	88.03	25.16	51.69	1	16	
10	88.03	25.16	59.14	23.32	28.95	0	
11	59.14	23.32	45.92	22.48	13.24	1	20	
12	45.92	22.48	7.00	20.00	39.00	2	6	20	

9	7	206.039	7
1	258.00	36.00	258.66	70.00	34.00	0	
2	258.66	70.00	260.46	162.75	92.77	0	
3	260.46	162.75	261.19	200.11	37.37	0	
4	261.19	200.11	261.23	202.28	2.17	0	
5	261.23	202.28	261.76	229.39	27.12	0	
6	261.76	229.39	261.81	232.00	2.61	0	
7	261.81	232.00	262.00	242.00	10.00	1	7	

9	8	71.007	6
1	258.00	36.00	224.00	36.48	34.00	1	9	
2	224.00	36.48	221.28	36.52	2.73	0	
3	221.28	36.52	212.00	36.65	9.28	1	11	
4	212.00	36.65	193.50	36.91	18.49	2	8	11	
5	193.50	36.91	187.65	36.99	5.85	1	8	
6	187.65	36.99	187.00	37.00	0.65	2	8	15	

9	9	0	0

9	10	265.324	5
1	258.00	36.00	246.98	68.16	34.00	1	9	
2	246.98	68.16	218.52	151.22	87.80	0	
3	218.52	151.22	206.86	185.25	35.97	1	3	
4	206.86	185.25	184.97	249.16	67.56	0	
5	184.97	249.16	172.00	287.00	40.00	0	

9	11	57.706	3
1	258.00	36.00	234.40	23.50	26.71	1	9	
2	234.40	23.50	227.95	20.09	7.29	2	9	11	
3	227.95	20.09	207.00	9.00	23.71	1	11	

9	12	269.284	5
1	258.00	36.00	228.58	53.05	34.00	1	9	
2	228.58	53.05	206.00	66.13	26.10	0	
3	206.00	66.13	125.57	112.73	92.95	1	15	
4	125.57	112.73	40.57	161.98	98.23	0	
5	40.57	161.98	25.00	171.00	18.00	1	12	

9	13	147.139	5
1	258.00	36.00	263.78	69.51	34.00	1	9	
2	263.78	69.51	278.07	152.42	84.14	0	
3	278.07	152.42	280.10	164.20	11.95	1	13	
4	280.10	164.20	282.28	176.84	12.83	2	1	13	
5	282.28	176.84	283.00	181.00	4.22	1	13	

9	14	180.069	3
1	258.00	36.00	257.06	69.99	34.00	0	
2	257.06	69.99	253.44	200.01	130.07	0	
3	253.44	200.01	253.00	216.00	16.00	0	

9	15	107.703	3
1	258.00	36.00	226.43	48.63	34.00	1	9	
2	226.43	48.63	203.50	57.80	24.70	0	
3	203.50	57.80	158.00	76.00	49.00	1	15	

9	16	144.499	9
1	258.00	36.00	226.19	33.35	31.92	1	9	
2	226.19	33.35	224.12	33.18	2.08	2	9	11	
3	224.12	33.18	211.52	32.13	12.64	1	11	
4	211.52	32.13	184.05	29.84	27.57	2	8	11	
5	184.05	29.84	170.97	28.75	13.12	1	8	
6	170.97	28.75	163.62	28.14	7.37	2	8	15	
7	163.62	28.14	153.03	27.25	10.63	1	15	
8	153.03	27.25	139.91	26.16	13.17	0	
9	139.91	26.16	114.00	24.00	26.00	1	16	

9	17	234.156	5
1	258.00	36.00	229.25	54.15	34.00	1	9	
2	229.25	54.15	206.43	68.56	26.99	0	
3	206.43	68.56	130.45	116.52	89.85	1	15	
4	130.45	116.52	61.69	159.93	81.32	0	
5	61.69	159.93	60.00	161.00	2.00	1	17	

9	18	262.488	6
1	258.00	36.00	250.49	69.16	34.00	1	9	
2	250.49	69.16	229.25	162.87	96.09	0	
3	229.25	162.87	225.36	180.06	17.62	1	3	
4	225.36	180.06	205.93	265.82	87.93	0	
5	205.93	265.82	204.42	272.49	6.85	1	10	
6	204.42	272.49	200.00	292.00	20.00	2	10	18	

9	19	214.462	9
1	258.00	36.00	225.50	45.99	34.00	1	9	
2	225.50	45.99	207.31	51.58	19.03	0	
3	207.31	51.58	201.46	53.37	6.12	1	8	
4	201.46	53.37	178.38	60.47	24.15	2	8	15	
5	178.38	60.47	118.08	79.00	63.09	1	15	
6	118.08	79.00	115.69	79.73	2.50	2	2	15	
7	115.69	79.73	109.33	81.69	6.65	1	15	
8	109.33	81.69	80.72	90.48	29.93	0	
9	80.72	90.48	53.00	99.00	29.00	1	19	

9	20	236.172	12
1	258.00	36.00	224.02	37.30	34.00	1	9	
2	224.02	37.30	219.25	37.48	4.78	0	
3	219.25	37.48	211.99	37.75	7.26	1	11	
4	211.99	37.75	196.96	38.33	15.04	2	8	11	
5	196.96	38.33	189.67	38.61	7.30	1	8	
6	189.67	38.61	162.14	39.66	27.54	2	8	15	
7	162.14	39.66	133.90	40.73	28.26	1	15	
8	133.90	40.73	123.58	41.13	10.33	2	15	16	
9	123.58	41.13	95.43	42.20	28.17	1	16	
10	95.43	42.20	64.97	43.36	30.49	0	
11	64.97	43.36	37.41	44.41	27.57	1	20	
12	37.41	44.41	22.00	45.00	15.43	2	6	20	

10	0	138.755	2
1	172.00	287.00	165.66	247.51	40.00	1	10	
2	165.66	247.51	150.00	150.00	98.76	0	

10	1	166.877	6
1	172.00	287.00	200.28	258.72	40.00	1	10	
2	200.28	258.72	237.85	221.15	53.13	0	
3	237.85	221.15	258.15	200.85	28.71	1	14	
4	258.15	200.85	260.15	198.85	2.83	0	
5	260.15	198.85	282.22	176.78	31.22	1	13	
6	282.22	176.78	290.00	169.00	11.00	2	1	13	

10	2	211.026	4
1	172.00	287.00	161.76	248.33	40.00	1	10	
2	161.76	248.33	125.96	113.07	139.92	0	
3	125.96	113.07	119.02	86.87	27.11	1	15	
4	119.02	86.87	118.00	83.00	4.00	2	2	15	

10	3	125.543	3
1	172.00	287.00	184.74	249.08	40.00	0	
2	184.74	249.08	206.26	185.06	67.54	0	
3	206.26	185.06	212.00	168.00	18.00	1	3	

10	4	113.358	3
1	172.00	287.00	132.83	278.88	40.00	1	10	
2	132.83	278.88	101.15	272.32	32.36	0	
3	101.15	272.32	61.00	264.00	41.00	1	4	

10	5	265.138	6
1	172.00	287.00	151.33	252.75	40.00	1	10	
2	151.33	252.75	71.84	121.04	153.84	0	
3	71.84	121.04	47.04	79.95	47.99	1	19	
4	47.04	79.95	42.75	72.84	8.31	2	19	20	
5	42.75	72.84	42.28	72.06	0.92	3	5	19	20	
6	42.28	72.06	35.00	60.00	14.08	2	5	20	

10	6	313.869	8
1	172.00	287.00	150.97	252.97	40.00	1	10	
2	150.97	252.97	70.23	122.32	153.58	0	
3	70.23	122.32	44.93	81.38	48.14	1	19	
4	44.93	81.38	40.37	74.00	8.67	2	19	20	
5	40.37	74.00	39.85	73.15	1.00	3	5	19	20	
6	39.85	73.15	27.50	53.18	23.48	2	5	20	
7	27.50	53.18	24.88	48.93	4.99	3	5	6	20	
8	24.88	48.93	7.00	20.00	34.01	2	6	20	

10	7	100.623	5
1	172.00	287.00	182.97	281.52	12.26	1	10	
2	182.97	281.52	201.83	272.08	21.09	2	10	18	
3	201.83	272.08	207.78	269.11	6.65	1	10	
4	207.78	269.11	253.06	246.47	50.62	0	
5	253.06	246.47	262.00	242.00	10.00	1	7	

10	8	250.450	4
1	172.00	287.00	174.40	247.07	40.00	1	10	
2	174.40	247.07	182.10	118.66	128.64	0	
3	182.10	118.66	185.50	61.95	56.81	1	15	
4	185.50	61.95	187.00	37.00	25.00	2	8	15	

10	9	265.324	5
1	172.00	287.00	184.97	249.16	40.00	0	
2	184.97	249.16	206.86	185.25	67.56	0	
3	206.86	185.25	218.52	151.22	35.97	1	3	
4	218.52	151.22	246.98	68.16	87.80	0	
5	246.98	68.16	258.00	36.00	34.00	1	9	

10	10	0	0

10	11	280.195	7
1	172.00	287.00	177.00	247.31	40.00	1	10	
2	177.00	247.31	194.44	108.76	139.65	0	
3	194.44	108.76	200.85	57.81	51.35	0	
4	200.85	57.81	201.42	53.30	4.55	1	8	
5	201.42	53.30	203.13	39.76	13.65	1	8	
6	203.13	39.76	205.58	20.27	19.64	2	8	11	
7	205.58	20.27	207.00	9.00	11.36	1	11	

10	12	187.257	3
1	172.00	287.00	140.60	262.22	40.00	1	10	
2	140.60	262.22	39.13	182.15	129.26	0	
3	39.13	182.15	25.00	171.00	18.00	1	12	

10	13	153.483	5
1	172.00	287.00	200.93	259.37	40.00	1	10	
2	200.93	259.37	238.74	223.26	52.29	0	
3	238.74	223.26	260.91	202.09	30.65	1	14	
4	260.91	202.09	262.03	201.03	1.54	0	
5	262.03	201.03	283.00	181.00	29.00	1	13	

10	14	107.713	3
1	172.00	287.00	202.08	260.63	40.00	1	10	
2	202.08	260.63	240.97	226.55	51.71	0	
3	240.97	226.55	253.00	216.00	16.00	1	14	

10	15	211.464	3
1	172.00	287.00	169.35	247.09	40.00	1	10	
2	169.35	247.09	161.24	124.89	122.46	0	
3	161.24	124.89	158.00	76.00	49.00	0	

10	16	269.320	5
1	172.00	287.00	163.39	247.94	40.00	1	10	
2	163.39	247.94	135.01	119.27	131.76	0	
3	135.01	119.27	119.60	49.39	71.56	1	15	
4	119.60	49.39	118.94	46.41	3.05	2	15	16	
5	118.94	46.41	114.00	24.00	22.95	1	16	

10	17	168.582	3
1	172.00	287.00	145.43	257.10	40.00	1	10	
2	145.43	257.10	61.33	162.49	126.58	0	
3	61.33	162.49	60.00	161.00	2.00	1	17	

10	18	28.443	2
1	172.00	287.00	180.31	288.48	8.44	1	10	
2	180.31	288.48	200.00	292.00	20.00	2	10	18	

10	19	222.497	3
1	172.00	287.00	150.61	253.20	40.00	1	10	
2	150.61	253.20	68.51	123.50	153.50	0	
3	68.51	123.50	53.00	99.00	29.00	1	19	

10	20	284.717	8
1	172.00	287.00	150.93	253.00	40.00	1	10	
2	150.93	253.00	70.02	122.48	153.56	0	
3	70.02	122.48	44.65	81.55	48.15	1	19	
4	44.65	81.55	40.05	74.12	8.74	2	19	20	
5	40.05	74.12	39.55	73.31	0.96	3	5	19	20	
6	39.55	73.31	27.19	53.37	23.46	2	5	20	
7	27.19	53.37	24.60	49.19	4.91	3	5	6	20	
8	24.60	49.19	22.00	45.00	4.93	2	6	20	

11	0	152.086	6
1	207.00	9.00	203.33	18.07	9.79	1	11	
2	203.33	18.07	195.38	37.74	21.21	2	8	11	
3	195.38	37.74	193.55	42.28	4.89	1	8	
4	193.55	42.28	185.59	61.96	21.23	2	8	15	
5	185.59	61.96	160.12	124.95	67.95	1	15	
6	160.12	124.95	150.00	150.00	27.02	0	

11	1	180.247	6
1	207.00	9.00	221.27	36.52	31.00	1	11	
2	221.27	36.52	224.79	43.30	7.64	0	
3	224.79	43.30	232.91	58.94	17.62	1	9	
4	232.91	58.94	281.21	152.06	104.89	0	
5	281.21	152.06	284.93	159.24	8.09	1	13	
6	284.93	159.24	290.00	169.00	11.00	2	1	13	

11	2	115.745	6
1	207.00	9.00	199.42	15.30	9.86	1	11	
2	199.42	15.30	183.16	28.82	21.14	2	8	11	
3	183.16	28.82	179.42	31.93	4.87	1	8	
4	179.42	31.93	163.40	45.25	20.83	2	8	15	
5	163.40	45.25	121.08	80.44	55.04	1	15	
6	121.08	80.44	118.00	83.00	4.00	2	2	15	

11	3	159.079	5
1	207.00	9.00	207.43	22.59	13.59	1	11	
2	207.43	22.59	207.97	39.99	17.41	1	8	
3	207.97	39.99	208.29	50.10	10.12	0	
4	208.29	50.10	211.43	150.01	99.96	0	
5	211.43	150.01	212.00	168.00	18.00	0	

11	4	293.838	7
1	207.00	9.00	202.29	17.22	9.47	1	11	
2	202.29	17.22	191.60	35.90	21.53	2	8	11	
3	191.60	35.90	189.92	38.83	3.37	1	8	
4	189.92	38.83	177.69	60.20	24.63	2	8	15	
5	177.69	60.20	142.10	122.35	71.62	1	15	
6	142.10	122.35	81.37	228.42	122.23	0	
7	81.37	228.42	61.00	264.00	41.00	1	4	

11	5	179.402	8
1	207.00	9.00	193.75	12.93	13.82	1	11	
2	193.75	12.93	177.28	17.81	17.18	2	8	11	
3	177.28	17.81	168.22	20.50	9.45	1	8	
4	168.22	20.50	139.51	29.01	29.94	0	
5	139.51	29.01	95.34	42.11	46.07	1	16	
6	95.34	42.11	64.54	51.24	32.12	0	
7	64.54	51.24	49.38	55.74	15.82	1	20	
8	49.38	55.74	35.00	60.00	15.00	2	5	20	

11	6	200.302	6
1	207.00	9.00	176.05	10.70	31.00	1	11	
2	176.05	10.70	137.48	12.82	38.63	0	
3	137.48	12.82	89.44	15.47	48.11	1	16	
4	89.44	15.47	54.94	17.36	34.55	0	
5	54.94	17.36	45.94	17.86	9.02	1	20	
6	45.94	17.86	7.00	20.00	39.00	2	6	20	

11	7	239.403	5
1	207.00	9.00	214.12	39.17	31.00	0	
2	214.12	39.17	252.09	200.03	165.28	0	
3	252.09	200.03	259.33	230.69	31.51	1	14	
4	259.33	230.69	259.70	232.27	1.62	0	
5	259.70	232.27	262.00	242.00	10.00	1	7	

11	8	34.409	4
1	207.00	9.00	201.53	16.66	9.41	1	11	
2	201.53	16.66	188.98	34.23	21.59	2	8	11	
3	188.98	34.23	187.23	36.67	3.01	1	8	
4	187.23	36.67	187.00	37.00	0.40	2	8	15	

11	9	57.706	3
1	207.00	9.00	227.95	20.09	23.71	1	11	
2	227.95	20.09	234.40	23.50	7.29	2	9	11	
3	234.40	23.50	258.00	36.00	26.71	1	9	

11	10	280.195	7
1	207.00	9.00	205.58	20.27	11.36	1	11	
2	205.58	20.27	203.13	39.76	19.64	2	8	11	
3	203.13	39.76	201.42	53.30	13.65	1	8	
4	201.42	53.30	200.85	57.81	4.55	1	8	
5	200.85	57.81	194.44	108.76	51.35	0	
6	194.44	108.76	177.00	247.31	139.65	0	
7	177.00	247.31	172.00	287.00	40.00	1	10	

11	11	0	0

11	12	243.655	9
1	207.00	9.00	199.72	15.48	9.74	1	11	
2	199.72	15.48	183.84	29.61	21.26	2	8	11	
3	183.84	29.61	180.58	32.51	4.37	1	8	
4	180.58	32.51	164.15	47.14	22.00	2	8	15	
5	164.15	47.14	121.26	85.32	57.42	1	15	
6	121.26	85.32	119.92	86.51	1.79	2	2	15	
7	119.92	86.51	112.19	93.39	10.36	1	15	
8	112.19	93.39	38.45	159.03	98.73	0	
9	38.45	159.03	25.00	171.00	18.00	1	12	

11	13	188.043	3
1	207.00	9.00	219.53	37.36	31.00	1	11	
2	219.53	37.36	271.28	154.47	128.04	0	
3	271.28	154.47	283.00	181.00	29.00	1	13	

11	14	212.050	3
1	207.00	9.00	213.72	39.26	31.00	1	11	
2	213.72	39.26	249.53	200.38	165.05	0	
3	249.53	200.38	253.00	216.00	16.00	1	14	

11	15	83.006	5
1	207.00	9.00	201.44	16.60	9.41	1	11	
2	201.44	16.60	188.70	34.02	21.59	2	8	11	
3	188.70	34.02	186.93	36.45	3.01	1	8	
4	186.93	36.45	171.93	56.95	25.40	2	8	15	
5	171.93	56.95	158.00	76.00	23.60	1	15	

11	16	94.202	5
1	207.00	9.00	188.22	12.03	19.03	1	11	
2	188.22	12.03	177.99	13.68	10.35	2	8	11	
3	177.99	13.68	176.40	13.94	1.62	1	11	
4	176.40	13.94	139.67	19.86	37.20	0	
5	139.67	19.86	114.00	24.00	26.00	1	16	

11	17	211.454	7
1	207.00	9.00	200.36	15.87	9.55	1	11	
2	200.36	15.87	185.45	31.28	21.45	2	8	11	
3	185.45	31.28	182.97	33.84	3.56	1	8	
4	182.97	33.84	166.33	51.06	23.95	2	8	15	
5	166.33	51.06	116.70	102.37	71.38	1	15	
6	116.70	102.37	61.39	159.56	79.56	0	
7	61.39	159.56	60.00	161.00	2.00	1	17	

11	18	283.087	10
1	207.00	9.00	206.69	21.59	12.60	1	11	
2	206.69	21.59	206.23	39.99	18.40	2	8	11	
3	206.23	39.99	205.90	53.36	13.38	0	
4	205.90	53.36	205.63	64.48	11.13	0	
5	205.63	64.48	205.00	89.86	25.38	0	
6	205.00	89.86	203.46	152.15	62.32	0	
7	203.46	152.15	202.69	183.40	31.26	0	
8	202.69	183.40	200.81	259.25	75.87	0	
9	200.81	259.25	200.49	272.01	12.76	1	10	
10	200.49	272.01	200.00	292.00	20.00	2	10	18	

11	19	178.370	7
1	207.00	9.00	197.73	14.42	10.74	1	11	
2	197.73	14.42	180.24	24.64	20.26	2	8	11	
3	180.24	24.64	172.46	29.18	9.00	1	8	
4	172.46	29.18	162.06	35.26	12.05	2	8	15	
5	162.06	35.26	110.11	65.62	60.17	1	15	
6	110.11	65.62	78.04	84.37	37.15	0	
7	78.04	84.37	53.00	99.00	29.00	1	19	

11	20	188.470	8
1	207.00	9.00	190.39	12.23	16.92	1	11	
2	190.39	12.23	176.57	14.92	14.08	2	8	11	
3	176.57	14.92	174.57	15.31	2.04	1	8	
4	174.57	15.31	139.93	22.05	35.29	0	
5	139.93	22.05	89.23	31.92	51.64	1	16	
6	89.23	31.92	64.21	36.79	25.50	0	
7	64.21	36.79	39.47	41.60	25.20	1	20	
8	39.47	41.60	22.00	45.00	17.80	2	6	20	

12	0	126.752	2
1	25.00	171.00	42.75	168.02	18.00	1	12	
2	42.75	168.02	150.00	150.00	108.75	0	

12	1	265.008	6
1	25.00	171.00	43.00	170.86	18.00	1	12	
2	43.00	170.86	194.08	169.72	151.09	0	
3	194.08	169.72	229.94	169.45	35.86	1	3	
4	229.94	169.45	256.49	169.25	26.55	0	
5	256.49	169.25	279.00	169.08	22.52	1	13	
6	279.00	169.08	290.00	169.00	11.00	2	1	13	

12	2	128.035	4
1	25.00	171.00	38.07	158.63	18.00	1	12	
2	38.07	158.63	110.95	89.67	100.32	0	
3	110.95	89.67	115.09	85.75	5.71	1	15	
4	115.09	85.75	118.00	83.00	4.00	2	2	15	

12	3	187.024	3
1	25.00	171.00	43.00	170.71	18.00	1	12	
2	43.00	170.71	194.00	168.29	151.02	0	
3	194.00	168.29	212.00	168.00	18.00	1	3	

12	4	99.725	3
1	25.00	171.00	31.50	187.79	18.00	1	12	
2	31.50	187.79	46.20	225.76	40.72	0	
3	46.20	225.76	61.00	264.00	41.00	1	4	

12	5	111.450	6
1	25.00	171.00	26.62	153.07	18.00	1	12	
2	26.62	153.07	29.91	116.54	36.68	0	
3	29.91	116.54	32.60	86.67	29.99	0	
4	32.60	86.67	33.41	77.61	9.10	2	19	20	
5	33.41	77.61	33.65	74.94	2.69	1	20	
6	33.65	74.94	35.00	60.00	15.00	2	5	20	

12	6	152.069	4
1	25.00	171.00	22.87	153.13	18.00	1	12	
2	22.87	153.13	15.04	87.43	66.16	0	
3	15.04	87.43	11.62	58.73	28.91	1	20	
4	11.62	58.73	7.00	20.00	39.00	2	6	20	

12	7	247.407	3
1	25.00	171.00	42.24	176.17	18.00	1	12	
2	42.24	176.17	252.42	239.13	219.41	0	
3	252.42	239.13	262.00	242.00	10.00	1	7	

12	8	210.238	4
1	25.00	171.00	38.87	159.53	18.00	1	12	
2	38.87	159.53	113.94	97.43	97.42	0	
3	113.94	97.43	167.74	52.93	69.82	1	15	
4	167.74	52.93	187.00	37.00	25.00	2	8	15	

12	9	269.284	5
1	25.00	171.00	40.57	161.98	18.00	1	12	
2	40.57	161.98	125.57	112.73	98.23	0	
3	125.57	112.73	206.00	66.13	92.95	1	15	
4	206.00	66.13	228.58	53.05	26.10	0	
5	228.58	53.05	258.00	36.00	34.00	1	9	

12	10	187.257	3
1	25.00	171.00	39.13	182.15	18.00	1	12	
2	39.13	182.15	140.60	262.22	129.26	0	
3	140.60	262.22	172.00	287.00	40.00	1	10	

12	11	243.655	9
1	25.00	171.00	38.45	159.03	18.00	1	12	
2	38.45	159.03	112.19	93.39	98.73	0	
3	112.19	93.39	119.92	86.51	10.36	1	15	
4	119.92	86.51	121.26	85.32	1.79	2	2	15	
5	121.26	85.32	164.15	47.14	57.42	1	15	
6	164.15	47.14	180.58	32.51	22.00	2	8	15	
7	180.58	32.51	183.84	29.61	4.37	1	8	
8	183.84	29.61	199.72	15.48	21.26	2	8	11	
9	199.72	15.48	207.00	9.00	9.74	1	11	

12	12	0	0

12	13	258.194	5
1	25.00	171.00	42.99	171.70	18.00	1	12	
2	42.99	171.70	196.81	177.66	153.94	0	
3	196.81	177.66	226.40	178.81	29.61	1	3	
4	226.40	178.81	254.02	179.88	27.65	0	
5	254.02	179.88	283.00	181.00	29.00	1	13	

12	14	232.398	3
1	25.00	171.00	42.66	174.49	18.00	1	12	
2	42.66	174.49	237.30	212.90	198.40	0	
3	237.30	212.90	253.00	216.00	16.00	1	14	

12	15	163.444	3
1	25.00	171.00	39.65	160.54	18.00	1	12	
2	39.65	160.54	118.13	104.48	96.44	0	
3	118.13	104.48	158.00	76.00	49.00	1	15	

12	16	171.843	5
1	25.00	171.00	34.32	155.60	18.00	1	12	
2	34.32	155.60	51.07	127.94	32.34	0	
3	51.07	127.94	77.75	83.88	51.50	1	19	
4	77.75	83.88	100.53	46.24	44.00	0	
5	100.53	46.24	114.00	24.00	26.00	1	16	

12	17	36.401	3
1	25.00	171.00	42.31	166.06	18.00	1	12	
2	42.31	166.06	58.08	161.55	16.40	0	
3	58.08	161.55	60.00	161.00	2.00	1	17	

12	18	212.758	4
1	25.00	171.00	39.81	181.24	18.00	1	12	
2	39.81	181.24	147.28	255.55	130.67	0	
3	147.28	255.55	183.55	280.63	44.09	1	10	
4	183.55	280.63	200.00	292.00	20.00	2	10	18	

12	19	77.253	3
1	25.00	171.00	31.52	154.22	18.00	1	12	
2	31.52	154.22	42.49	126.03	30.25	0	
3	42.49	126.03	53.00	99.00	29.00	1	19	

12	20	126.036	6
1	25.00	171.00	24.57	153.00	18.00	0	
2	24.57	153.00	23.02	87.99	65.03	0	
3	23.02	87.99	22.56	68.38	19.62	1	20	
4	22.56	68.38	22.26	55.89	12.49	1	20	
5	22.26	55.89	22.17	52.22	3.67	2	6	20	
6	22.17	52.22	22.00	45.00	7.23	2	6	20	

13	0	136.565	4
1	283.00	181.00	254.76	174.42	29.00	1	13	
2	254.76	174.42	229.99	168.64	25.43	0	
3	229.99	168.64	195.58	160.62	35.33	1	3	
4	195.58	160.62	150.00	150.00	46.80	0	

13	1	13.892	2
1	283.00	181.00	284.46	178.50	2.89	1	13	
2	284.46	178.50	290.00	169.00	11.00	2	1	13	

13	2	191.909	4
1	283.00	181.00	258.07	166.19	29.00	1	13	
2	258.07	166.19	179.96	119.80	90.84	0	
3	179.96	119.80	121.44	85.04	68.07	1	15	
4	121.44	85.04	118.00	83.00	4.00	2	2	15	

13	3	72.180	3
1	283.00	181.00	254.47	175.78	29.00	1	13	
2	254.47	175.78	229.71	171.24	25.18	0	
3	229.71	171.24	212.00	168.00	18.00	1	3	

13	4	237.008	3
1	283.00	181.00	255.84	191.16	29.00	1	13	
2	255.84	191.16	99.40	249.64	167.01	0	
3	99.40	249.64	61.00	264.00	41.00	1	4	

13	5	275.944	8
1	283.00	181.00	256.94	168.28	29.00	1	13	
2	256.94	168.28	166.65	124.23	100.46	0	
3	166.65	124.23	114.66	98.87	57.84	1	15	
4	114.66	98.87	74.05	79.05	45.19	0	
5	74.05	79.05	56.60	70.54	19.42	1	19	
6	56.60	70.54	55.77	70.13	0.92	2	19	20	
7	55.77	70.13	48.48	66.58	8.11	1	20	
8	48.48	66.58	35.00	60.00	15.00	2	5	20	

13	6	319.526	8
1	283.00	181.00	257.95	166.39	29.00	1	13	
2	257.95	166.39	178.94	120.30	91.47	0	
3	178.94	120.30	120.44	86.17	67.73	1	15	
4	120.44	86.17	114.04	82.44	7.41	2	2	15	
5	114.04	82.44	109.13	79.58	5.68	1	15	
6	109.13	79.58	64.18	53.36	52.04	0	
7	64.18	53.36	40.69	39.65	27.20	1	20	
8	40.69	39.65	7.00	20.00	39.00	2	6	20	

13	7	64.514	3
1	283.00	181.00	273.56	208.42	29.00	1	13	
2	273.56	208.42	265.26	232.54	25.51	0	
3	265.26	232.54	262.00	242.00	10.00	1	7	

13	8	173.066	4
1	283.00	181.00	266.91	156.87	29.00	1	13	
2	266.91	156.87	205.79	65.19	110.19	0	
3	205.79	65.19	200.87	57.80	8.88	1	15	
4	200.87	57.80	187.00	37.00	25.00	2	8	15	

13	9	147.139	5
1	283.00	181.00	282.28	176.84	4.22	1	13	
2	282.28	176.84	280.10	164.20	12.83	2	1	13	
3	280.10	164.20	278.07	152.42	11.95	1	13	
4	278.07	152.42	263.78	69.51	84.14	0	
5	263.78	69.51	258.00	36.00	34.00	1	9	

13	10	153.483	5
1	283.00	181.00	262.03	201.03	29.00	1	13	
2	262.03	201.03	260.91	202.09	1.54	0	
3	260.91	202.09	238.74	223.26	30.65	1	14	
4	238.74	223.26	200.93	259.37	52.29	0	
5	200.93	259.37	172.00	287.00	40.00	1	10	

13	11	188.043	3
1	283.00	181.00	271.28	154.47	29.00	1	13	
2	271.28	154.47	219.53	37.36	128.04	0	
3	219.53	37.36	207.00	9.00	31.00	1	11	

13	12	258.194	5
1	283.00	181.00	254.02	179.88	29.00	1	13	
2	254.02	179.88	226.40	178.81	27.65	0	
3	226.40	178.81	196.81	177.66	29.61	1	3	
4	196.81	177.66	42.99	171.70	153.94	0	
5	42.99	171.70	25.00	171.00	18.00	1	12	

13	13	0	0

13	14	46.098	3
1	283.00	181.00	264.13	203.02	29.00	1	13	
2	264.13	203.02	263.41	203.85	1.10	0	
3	263.41	203.85	253.00	216.00	16.00	1	14	

13	15	163.248	3
1	283.00	181.00	260.79	162.35	29.00	1	13	
2	260.79	162.35	195.52	107.52	85.25	0	
3	195.52	107.52	158.00	76.00	49.00	1	15	

13	16	230.673	5
1	283.00	181.00	261.75	161.26	29.00	1	13	
2	261.75	161.26	198.95	102.91	85.73	0	
3	198.95	102.91	133.05	41.70	89.95	1	15	
4	133.05	41.70	128.15	37.14	6.69	2	15	16	
5	128.15	37.14	114.00	24.00	19.31	1	16	

13	17	223.895	5
1	283.00	181.00	254.12	178.41	29.00	1	13	
2	254.12	178.41	228.09	176.08	26.13	0	
3	228.09	176.08	194.73	173.08	33.49	1	3	
4	194.73	173.08	61.99	161.18	133.27	0	
5	61.99	161.18	60.00	161.00	2.00	1	17	

13	18	138.600	6
1	283.00	181.00	265.63	204.23	29.00	1	13	
2	265.63	204.23	264.86	205.26	1.29	0	
3	264.86	205.26	246.05	230.41	31.41	1	14	
4	246.05	230.41	211.98	275.98	56.90	0	
5	211.98	275.98	210.85	277.49	1.88	1	18	
6	210.85	277.49	200.00	292.00	18.12	2	10	18	

13	19	244.180	5
1	283.00	181.00	255.68	171.26	29.00	1	13	
2	255.68	171.26	228.86	161.70	28.48	0	
3	228.86	161.70	202.93	152.45	27.53	1	3	
4	202.93	152.45	80.32	108.74	130.17	0	
5	80.32	108.74	53.00	99.00	29.00	1	19	

13	20	294.308	8
1	283.00	181.00	257.28	167.60	29.00	1	13	
2	257.28	167.60	171.75	123.03	96.45	0	
3	171.75	123.03	111.57	91.67	67.86	1	15	
4	111.57	91.67	60.13	64.87	58.01	0	
5	60.13	64.87	49.99	59.59	11.43	1	20	
6	49.99	59.59	31.79	50.10	20.52	2	5	20	
7	31.79	50.10	26.75	47.47	5.69	3	5	6	20	
8	26.75	47.47	22.00	45.00	5.35	2	6	20	

14	0	122.332	2
1	253.00	216.00	239.53	207.37	16.00	1	14	
2	239.53	207.37	150.00	150.00	106.33	0	

14	1	59.816	4
1	253.00	216.00	262.90	203.43	16.00	1	14	
2	262.90	203.43	263.59	202.55	1.12	0	
3	263.59	202.55	283.20	177.64	31.69	1	13	
4	283.20	177.64	290.00	169.00	11.00	2	1	13	

14	2	189.510	6
1	253.00	216.00	241.60	204.77	16.00	1	14	
2	241.60	204.77	220.42	183.91	29.73	0	
3	220.42	183.91	195.97	159.81	34.33	1	3	
4	195.97	159.81	160.56	124.93	49.70	0	
5	160.56	124.93	120.85	85.81	55.75	1	15	
6	120.85	85.81	118.00	83.00	4.00	2	2	15	

14	3	63.127	3
1	253.00	216.00	242.61	203.83	16.00	1	14	
2	242.61	203.83	223.69	181.69	29.13	0	
3	223.69	181.69	212.00	168.00	18.00	1	3	

14	4	197.909	3
1	253.00	216.00	237.48	219.88	16.00	1	14	
2	237.48	219.88	100.78	254.06	140.91	0	
3	100.78	254.06	61.00	264.00	41.00	1	4	

14	5	268.067	8
1	253.00	216.00	239.99	206.69	16.00	1	14	
2	239.99	206.69	211.04	185.97	35.60	0	
3	211.04	185.97	195.30	174.71	19.36	1	3	
4	195.30	174.71	81.42	93.22	140.03	0	
5	81.42	93.22	54.07	73.65	33.63	1	19	
6	54.07	73.65	49.30	70.24	5.86	2	19	20	
7	49.30	70.24	47.20	68.73	2.59	1	20	
8	47.20	68.73	35.00	60.00	15.00	2	5	20	

14	6	314.535	8
1	253.00	216.00	240.49	206.03	16.00	1	14	
2	240.49	206.03	215.03	185.74	32.55	0	
3	215.03	185.74	194.03	169.01	26.85	1	3	
4	194.03	169.01	61.03	63.05	170.05	0	
5	61.03	63.05	48.15	52.79	16.46	1	20	
6	48.15	52.79	39.09	45.57	11.59	2	5	20	
7	39.09	45.57	37.50	44.30	2.03	1	20	
8	37.50	44.30	7.00	20.00	39.00	2	6	20	

14	7	27.514	3
1	253.00	216.00	258.23	231.12	16.00	1	14	
2	258.23	231.12	258.73	232.55	1.51	0	
3	258.73	232.55	262.00	242.00	10.00	1	7	

14	8	190.780	4
1	253.00	216.00	247.46	200.99	16.00	1	14	
2	247.46	200.99	205.63	87.52	120.94	0	
3	205.63	87.52	195.65	60.46	28.84	1	15	
4	195.65	60.46	187.00	37.00	25.00	2	8	15	

14	9	180.069	3
1	253.00	216.00	253.44	200.01	16.00	0	
2	253.44	200.01	257.06	69.99	130.07	0	
3	257.06	69.99	258.00	36.00	34.00	0	

14	10	107.713	3
1	253.00	216.00	240.97	226.55	16.00	1	14	
2	240.97	226.55	202.08	260.63	51.71	0	
3	202.08	260.63	172.00	287.00	40.00	1	10	

14	11	212.050	3
1	253.00	216.00	249.53	200.38	16.00	1	14	
2	249.53	200.38	213.72	39.26	165.05	0	
3	213.72	39.26	207.00	9.00	31.00	1	11	

14	12	232.398	3
1	253.00	216.00	237.30	212.90	16.00	1	14	
2	237.30	212.90	42.66	174.49	198.40	0	
3	42.66	174.49	25.00	171.00	18.00	1	12	

14	13	46.098	3
1	253.00	216.00	263.41	203.85	16.00	1	14	
2	263.41	203.85	264.13	203.02	1.10	0	
3	264.13	203.02	283.00	181.00	29.00	1	13	

14	14	0	0

14	15	169.189	5
1	253.00	216.00	244.02	202.76	16.00	1	14	
2	244.02	202.76	227.09	177.81	30.15	0	
3	227.09	177.81	208.45	150.35	33.19	1	3	
4	208.45	150.35	185.51	116.55	40.85	0	
5	185.51	116.55	158.00	76.00	49.00	1	15	

14	16	237.034	7
1	253.00	216.00	243.62	203.04	16.00	1	14	
2	243.62	203.04	226.23	179.02	29.65	0	
3	226.23	179.02	205.97	151.04	34.55	1	3	
4	205.97	151.04	182.41	118.49	40.19	0	
5	182.41	118.49	129.25	45.06	90.65	1	15	
6	129.25	45.06	125.26	39.55	6.81	2	15	16	
7	125.26	39.55	114.00	24.00	19.19	1	16	

14	17	200.684	3
1	253.00	216.00	237.61	211.62	16.00	1	14	
2	237.61	211.62	61.92	161.55	182.68	0	
3	61.92	161.55	60.00	161.00	2.00	1	17	

14	18	92.655	4
1	253.00	216.00	243.85	229.12	16.00	1	14	
2	243.85	229.12	211.44	275.60	56.66	0	
3	211.44	275.60	210.66	276.72	1.37	1	18	
4	210.66	276.72	200.00	292.00	18.63	2	10	18	

14	19	231.709	3
1	253.00	216.00	239.19	207.92	16.00	1	14	
2	239.19	207.92	78.03	113.64	186.71	0	
3	78.03	113.64	53.00	99.00	29.00	1	19	

14	20	287.406	10
1	253.00	216.00	240.14	206.48	16.00	1	14	
2	240.14	206.48	212.47	185.99	34.43	0	
3	212.47	185.99	194.65	172.81	22.16	1	3	
4	194.65	172.81	79.72	87.73	143.00	0	
5	79.72	87.73	56.56	70.58	28.81	1	19	
6	56.56	70.58	55.98	70.15	0.72	2	19	20	
7	55.98	70.15	49.12	65.07	8.54	1	20	
8	49.12	65.07	30.39	51.21	23.30	2	5	20	
9	30.39	51.21	26.03	47.98	5.43	3	5	6	20	
10	26.03	47.98	22.00	45.00	5.01	2	6	20	

15	0	74.431	2
1	158.00	76.00	152.73	124.72	49.00	1	15	
2	152.73	124.72	150.00	150.00	25.43	0	

15	1	161.471	4
1	158.00	76.00	198.06	104.22	49.00	1	15	
2	198.06	104.22	270.14	155.01	88.18	0	
3	270.14	155.01	281.01	162.66	13.29	1	13	
4	281.01	162.66	290.00	169.00	11.00	2	1	13	

15	2	40.608	2
1	158.00	76.00	121.94	82.31	36.61	1	15	
2	121.94	82.31	118.00	83.00	4.00	2	2	15	

15	3	106.677	3
1	158.00	76.00	182.80	118.26	49.00	1	15	
2	182.80	118.26	202.89	152.48	39.68	0	
3	202.89	152.48	212.00	168.00	18.00	1	3	

15	4	211.549	3
1	158.00	76.00	135.53	119.55	49.00	1	15	
2	135.53	119.55	79.80	227.56	121.55	0	
3	79.80	227.56	61.00	264.00	41.00	1	4	

15	5	124.036	4
1	158.00	76.00	109.41	69.68	49.00	1	15	
2	109.41	69.68	60.88	63.37	48.94	0	
3	60.88	63.37	49.87	61.93	11.10	1	20	
4	49.87	61.93	35.00	60.00	15.00	2	5	20	

15	6	161.050	4
1	158.00	76.00	112.06	58.96	49.00	1	15	
2	112.06	58.96	64.85	41.46	50.35	0	
3	64.85	41.46	43.57	33.56	22.70	1	20	
4	43.57	33.56	7.00	20.00	39.00	2	6	20	

15	7	195.888	7
1	158.00	76.00	184.01	117.52	49.00	1	15	
2	184.01	117.52	205.20	151.33	39.90	0	
3	205.20	151.33	224.03	181.39	35.47	1	3	
4	224.03	181.39	239.93	206.77	29.95	0	
5	239.93	206.77	255.60	231.79	29.52	1	14	
6	255.60	231.79	256.69	233.53	2.05	0	
7	256.69	233.53	262.00	242.00	10.00	1	7	

15	8	48.600	2
1	158.00	76.00	172.08	57.06	23.60	1	15	
2	172.08	57.06	187.00	37.00	25.00	2	8	15	

15	9	107.703	3
1	158.00	76.00	203.50	57.80	49.00	1	15	
2	203.50	57.80	226.43	48.63	24.70	0	
3	226.43	48.63	258.00	36.00	34.00	1	9	

15	10	211.464	3
1	158.00	76.00	161.24	124.89	49.00	0	
2	161.24	124.89	169.35	247.09	122.46	0	
3	169.35	247.09	172.00	287.00	40.00	1	10	

15	11	83.006	5
1	158.00	76.00	171.93	56.95	23.60	1	15	
2	171.93	56.95	186.93	36.45	25.40	2	8	15	
3	186.93	36.45	188.70	34.02	3.01	1	8	
4	188.70	34.02	201.44	16.60	21.59	2	8	11	
5	201.44	16.60	207.00	9.00	9.41	1	11	

15	12	163.444	3
1	158.00	76.00	118.13	104.48	49.00	1	15	
2	118.13	104.48	39.65	160.54	96.44	0	
3	39.65	160.54	25.00	171.00	18.00	1	12	

15	13	163.248	3
1	158.00	76.00	195.52	107.52	49.00	1	15	
2	195.52	107.52	260.79	162.35	85.25	0	
3	260.79	162.35	283.00	181.00	29.00	1	13	

15	14	169.189	5
1	158.00	76.00	185.51	116.55	49.00	1	15	
2	185.51	116.55	208.45	150.35	40.85	0	
3	208.45	150.35	227.09	177.81	33.19	1	3	
4	227.09	177.81	244.02	202.76	30.15	0	
5	244.02	202.76	253.00	216.00	16.00	1	14	

15	15	0	0

15	16	68.118	3
1	158.00	76.00	130.79	43.85	42.12	1	15	
2	130.79	43.85	126.35	38.59	6.88	2	15	16	
3	126.35	38.59	114.00	24.00	19.12	1	16	

15	17	129.727	3
1	158.00	76.00	120.98	108.11	49.00	1	15	
2	120.98	108.11	61.51	159.69	78.73	0	
3	61.51	159.69	60.00	161.00	2.00	1	17	

15	18	220.045	4
1	158.00	76.00	167.35	124.10	49.00	1	15	
2	167.35	124.10	192.33	252.55	130.86	0	
3	192.33	252.55	196.18	272.37	20.19	1	10	
4	196.18	272.37	200.00	292.00	20.00	2	10	18	

15	19	107.490	5
1	158.00	76.00	121.90	83.91	36.96	1	15	
2	121.90	83.91	114.84	85.45	7.22	2	2	15	
3	114.84	85.45	110.13	86.48	4.82	1	15	
4	110.13	86.48	81.33	92.79	29.49	0	
5	81.33	92.79	53.00	99.00	29.00	1	19	

15	20	139.488	6
1	158.00	76.00	110.23	65.11	49.00	1	15	
2	110.23	65.11	63.92	54.56	47.49	0	
3	63.92	54.56	46.72	50.63	17.65	1	20	
4	46.72	50.63	34.34	47.81	12.69	2	5	20	
5	34.34	47.81	28.50	46.48	5.99	3	5	6	20	
6	28.50	46.48	22.00	45.00	6.67	2	6	20	

16	0	131.042	4
1	114.00	24.00	120.01	45.05	21.89	1	16	
2	120.01	45.05	121.14	49.00	4.11	2	15	16	
3	121.14	49.00	142.10	122.35	76.28	1	15	
4	142.10	122.35	150.00	150.00	28.76	0	

16	1	228.037	6
1	114.00	24.00	129.09	36.43	19.56	1	16	
2	129.09	36.43	134.07	40.53	6.44	2	15	16	
3	134.07	40.53	202.37	96.80	88.49	1	15	
4	202.37	96.80	272.00	154.17	90.22	0	
5	272.00	154.17	281.51	162.01	12.33	1	13	
6	281.51	162.01	290.00	169.00	11.00	2	1	13	

16	2	59.135	4
1	114.00	24.00	115.76	49.94	26.00	0	
2	115.76	49.94	115.83	51.04	1.10	0	
3	115.83	51.04	117.73	79.01	28.03	1	15	
4	117.73	79.01	118.00	83.00	4.00	2	2	15	

16	3	174.184	5
1	114.00	24.00	124.84	39.93	19.26	1	16	
2	124.84	39.93	128.63	45.49	6.74	2	15	16	
3	128.63	45.49	179.39	120.08	90.22	1	15	
4	179.39	120.08	201.87	153.12	39.96	0	
5	201.87	153.12	212.00	168.00	18.00	1	3	

16	4	245.782	3
1	114.00	24.00	108.39	49.39	26.00	1	16	
2	108.39	49.39	69.84	223.96	178.78	0	
3	69.84	223.96	61.00	264.00	41.00	0	

16	5	86.816	4
1	114.00	24.00	90.34	34.78	26.00	1	16	
2	90.34	34.78	64.98	46.34	27.87	0	
3	64.98	46.34	48.65	53.78	17.95	1	20	
4	48.65	53.78	35.00	60.00	15.00	2	5	20	

16	6	107.075	4
1	114.00	24.00	88.02	23.03	26.00	1	16	
2	88.02	23.03	58.28	21.92	29.76	0	
3	58.28	21.92	45.97	21.46	12.31	1	20	
4	45.97	21.46	7.00	20.00	39.00	2	6	20	

16	7	263.492	9
1	114.00	24.00	124.82	39.94	19.27	1	16	
2	124.82	39.94	128.60	45.51	6.73	2	15	16	
3	128.60	45.51	179.27	120.14	90.21	1	15	
4	179.27	120.14	201.73	153.22	39.98	0	
5	201.73	153.22	221.95	183.00	36.00	1	3	
6	221.95	183.00	239.04	208.18	30.43	0	
7	239.04	208.18	255.12	231.86	28.62	1	14	
8	255.12	231.86	256.38	233.73	2.26	0	
9	256.38	233.73	262.00	242.00	10.00	1	7	

16	8	74.148	4
1	114.00	24.00	139.60	28.56	26.00	1	16	
2	139.60	28.56	143.38	29.23	3.84	0	
3	143.38	29.23	162.39	32.62	19.31	1	15	
4	162.39	32.62	187.00	37.00	25.00	2	8	15	

16	9	144.499	9
1	114.00	24.00	139.91	26.16	26.00	1	16	
2	139.91	26.16	153.03	27.25	13.17	0	
3	153.03	27.25	163.62	28.14	10.63	1	15	
4	163.62	28.14	170.97	28.75	7.37	2	8	15	
5	170.97	28.75	184.05	29.84	13.12	1	8	
6	184.05	29.84	211.52	32.13	27.57	2	8	11	
7	211.52	32.13	224.12	33.18	12.64	1	11	
8	224.12	33.18	226.19	33.35	2.08	2	9	11	
9	226.19	33.35	258.00	36.00	31.92	1	9	

16	10	269.320	5
1	114.00	24.00	118.94	46.41	22.95	1	16	
2	118.94	46.41	119.60	49.39	3.05	2	15	16	
3	119.60	49.39	135.01	119.27	71.56	1	15	
4	135.01	119.27	163.39	247.94	131.76	0	
5	163.39	247.94	172.00	287.00	40.00	1	10	

16	11	94.202	5
1	114.00	24.00	139.67	19.86	26.00	1	16	
2	139.67	19.86	176.40	13.94	37.20	0	
3	176.40	13.94	177.99	13.68	1.62	1	11	
4	177.99	13.68	188.22	12.03	10.35	2	8	11	
5	188.22	12.03	207.00	9.00	19.03	1	11	

16	12	171.843	5
1	114.00	24.00	100.53	46.24	26.00	1	16	
2	100.53	46.24	77.75	83.88	44.00	0	
3	77.75	83.88	51.07	127.94	51.50	1	19	
4	51.07	127.94	34.32	155.60	32.34	0	
5	34.32	155.60	25.00	171.00	18.00	1	12	

16	13	230.673	5
1	114.00	24.00	128.15	37.14	19.31	1	16	
2	128.15	37.14	133.05	41.70	6.69	2	15	16	
3	133.05	41.70	198.95	102.91	89.95	1	15	
4	198.95	102.91	261.75	161.26	85.73	0	
5	261.75	161.26	283.00	181.00	29.00	1	13	

16	14	237.034	7
1	114.00	24.00	125.26	39.55	19.19	1	16	
2	125.26	39.55	129.25	45.06	6.81	2	15	16	
3	129.25	45.06	182.41	118.49	90.65	1	15	
4	182.41	118.49	205.97	151.04	40.19	0	
5	205.97	151.04	226.23	179.02	34.55	1	3	
6	226.23	179.02	243.62	203.04	29.65	0	
7	243.62	203.04	253.00	216.00	16.00	1	14	

16	15	68.118	3
1	114.00	24.00	126.35	38.59	19.12	1	16	
2	126.35	38.59	130.79	43.85	6.88	2	15	16	
3	130.79	43.85	158.00	76.00	42.12	1	15	

16	16	0	0

16	17	147.258	3
1	114.00	24.00	104.47	48.19	26.00	1	16	
2	104.47	48.19	60.73	159.14	119.26	0	
3	60.73	159.14	60.00	161.00	2.00	1	17	

16	18	281.460	6
1	114.00	24.00	120.55	44.40	21.43	1	16	
2	120.55	44.40	121.94	48.76	4.57	2	15	16	
3	121.94	48.76	145.93	123.49	78.49	1	15	
4	145.93	123.49	186.42	249.69	132.54	0	
5	186.42	249.69	193.89	272.96	24.43	1	10	
6	193.89	272.96	200.00	292.00	20.00	2	10	18	

16	19	96.675	3
1	114.00	24.00	97.59	44.17	26.00	1	16	
2	97.59	44.17	71.30	76.50	41.67	0	
3	71.30	76.50	53.00	99.00	29.00	1	19	

16	20	94.366	4
1	114.00	24.00	88.65	29.79	26.00	1	16	
2	88.65	29.79	63.92	35.43	25.37	0	
3	63.92	35.43	39.92	40.91	24.62	1	20	
4	39.92	40.91	22.00	45.00	18.38	2	6	20	

17	0	90.670	2
1	60.00	161.00	61.99	160.76	2.00	1	17	
2	61.99	160.76	150.00	150.00	88.67	0	

17	1	230.139	6
1	60.00	161.00	62.00	161.07	2.00	1	17	
2	62.00	161.07	194.15	165.67	132.23	0	
3	194.15	165.67	229.97	166.91	35.84	1	3	
4	229.97	166.91	257.15	167.86	27.20	0	
5	257.15	167.86	279.01	168.62	21.87	1	13	
6	279.01	168.62	290.00	169.00	11.00	2	1	13	

17	2	97.201	4
1	60.00	161.00	61.19	159.40	2.00	1	17	
2	61.19	159.40	111.57	91.65	84.42	0	
3	111.57	91.65	115.61	86.21	6.78	1	15	
4	115.61	86.21	118.00	83.00	4.00	2	2	15	

17	3	152.161	3
1	60.00	161.00	62.00	161.09	2.00	1	17	
2	62.00	161.09	194.02	167.17	132.16	0	
3	194.02	167.17	212.00	168.00	18.00	1	3	

17	4	103.005	3
1	60.00	161.00	60.02	163.00	2.00	1	17	
2	60.02	163.00	60.60	223.01	60.01	0	
3	60.60	223.01	61.00	264.00	41.00	1	4	

17	5	104.048	6
1	60.00	161.00	59.52	159.06	2.00	1	17	
2	59.52	159.06	51.83	127.98	32.02	0	
3	51.83	127.98	40.85	83.65	45.67	1	19	
4	40.85	83.65	38.60	74.56	9.36	2	19	20	
5	38.60	74.56	38.44	73.92	0.66	2	5	20	
6	38.44	73.92	35.00	60.00	14.34	2	5	20	

17	6	150.632	8
1	60.00	161.00	59.30	159.13	2.00	1	17	
2	59.30	159.13	47.39	127.45	33.84	0	
3	47.39	127.45	32.11	86.80	43.43	1	19	
4	32.11	86.80	30.04	81.29	5.88	2	19	20	
5	30.04	81.29	26.74	72.52	9.36	1	20	
6	26.74	72.52	20.72	56.51	17.11	2	5	20	
7	20.72	56.51	20.54	56.02	0.52	3	5	6	20	
8	20.54	56.02	7.00	20.00	38.48	2	6	20	

17	7	217.635	3
1	60.00	161.00	61.86	161.74	2.00	1	17	
2	61.86	161.74	252.72	238.28	205.64	0	
3	252.72	238.28	262.00	242.00	10.00	1	7	

17	8	177.496	4
1	60.00	161.00	61.43	159.60	2.00	1	17	
2	61.43	159.60	118.03	104.34	79.10	0	
3	118.03	104.34	169.11	54.47	71.40	1	15	
4	169.11	54.47	187.00	37.00	25.00	2	8	15	

17	9	234.156	5
1	60.00	161.00	61.69	159.93	2.00	1	17	
2	61.69	159.93	130.45	116.52	81.32	0	
3	130.45	116.52	206.43	68.56	89.85	1	15	
4	206.43	68.56	229.25	54.15	26.99	0	
5	229.25	54.15	258.00	36.00	34.00	1	9	

17	10	168.582	3
1	60.00	161.00	61.33	162.49	2.00	1	17	
2	61.33	162.49	145.43	257.10	126.58	0	
3	145.43	257.10	172.00	287.00	40.00	1	10	

17	11	211.454	7
1	60.00	161.00	61.39	159.56	2.00	1	17	
2	61.39	159.56	116.70	102.37	79.56	0	
3	116.70	102.37	166.33	51.06	71.38	1	15	
4	166.33	51.06	182.97	33.84	23.95	2	8	15	
5	182.97	33.84	185.45	31.28	3.56	1	8	
6	185.45	31.28	200.36	15.87	21.45	2	8	11	
7	200.36	15.87	207.00	9.00	9.55	1	11	

17	12	36.401	3
1	60.00	161.00	58.08	161.55	2.00	1	17	
2	58.08	161.55	42.31	166.06	16.40	0	
3	42.31	166.06	25.00	171.00	18.00	1	12	

17	13	223.895	5
1	60.00	161.00	61.99	161.18	2.00	1	17	
2	61.99	161.18	194.73	173.08	133.27	0	
3	194.73	173.08	228.09	176.08	33.49	1	3	
4	228.09	176.08	254.12	178.41	26.13	0	
5	254.12	178.41	283.00	181.00	29.00	1	13	

17	14	200.684	3
1	60.00	161.00	61.92	161.55	2.00	1	17	
2	61.92	161.55	237.61	211.62	182.68	0	
3	237.61	211.62	253.00	216.00	16.00	1	14	

17	15	129.727	3
1	60.00	161.00	61.51	159.69	2.00	1	17	
2	61.51	159.69	120.98	108.11	78.73	0	
3	120.98	108.11	158.00	76.00	49.00	1	15	

17	16	147.258	3
1	60.00	161.00	60.73	159.14	2.00	1	17	
2	60.73	159.14	104.47	48.19	119.26	0	
3	104.47	48.19	114.00	24.00	26.00	1	16	

17	17	0	0

17	18	191.732	4
1	60.00	161.00	61.46	162.37	2.00	1	17	
2	61.46	162.37	155.65	250.50	128.99	0	
3	155.65	250.50	185.40	278.34	40.74	1	10	
4	185.40	278.34	200.00	292.00	20.00	2	10	18	

17	19	62.394	3
1	60.00	161.00	59.78	159.01	2.00	1	17	
2	59.78	159.01	56.25	127.82	31.39	0	
3	56.25	127.82	53.00	99.00	29.00	1	19	

17	20	122.066	8
1	60.00	161.00	59.38	159.10	2.00	1	17	
2	59.38	159.10	49.10	127.74	33.00	0	
3	49.10	127.74	35.39	85.86	44.06	1	19	
4	35.39	85.86	32.86	78.14	8.13	2	19	20	
5	32.86	78.14	31.71	74.63	3.69	1	20	
6	31.71	74.63	25.12	54.53	21.15	2	5	20	
7	25.12	54.53	23.69	50.15	4.61	3	5	6	20	
8	23.69	50.15	22.00	45.00	5.42	2	6	20	

18	0	150.546	3
1	200.00	292.00	193.36	273.14	20.00	2	10	18	
2	193.36	273.14	184.91	249.14	25.44	1	10	
3	184.91	249.14	150.00	150.00	105.11	0	

18	1	152.411	7
1	200.00	292.00	210.79	277.25	18.28	2	10	18	
2	210.79	277.25	211.81	275.86	1.72	1	18	
3	211.81	275.86	245.33	230.04	56.77	0	
4	245.33	230.04	264.07	204.44	31.72	1	14	
5	264.07	204.44	264.74	203.53	1.14	0	
6	264.74	203.53	283.50	177.88	31.78	1	13	
7	283.50	177.88	290.00	169.00	11.00	2	1	13	

18	2	224.511	5
1	200.00	292.00	192.70	273.38	20.00	2	10	18	
2	192.70	273.38	182.94	248.53	26.70	1	10	
3	182.94	248.53	131.40	117.15	141.13	0	
4	131.40	117.15	119.46	86.72	32.68	1	15	
5	119.46	86.72	118.00	83.00	4.00	2	2	15	

18	3	124.579	4
1	200.00	292.00	201.93	272.09	20.00	2	10	18	
2	201.93	272.09	202.94	261.64	10.50	0	
3	202.94	261.64	210.27	185.92	76.08	0	
4	210.27	185.92	212.00	168.00	18.00	1	3	

18	4	141.792	4
1	200.00	292.00	180.39	288.05	20.00	2	10	18	
2	180.39	288.05	132.92	278.49	48.43	1	10	
3	132.92	278.49	101.19	272.10	32.36	0	
4	101.19	272.10	61.00	264.00	41.00	1	4	

18	5	284.691	7
1	200.00	292.00	188.41	275.70	20.00	2	10	18	
2	188.41	275.70	168.13	247.19	34.99	1	10	
3	168.13	247.19	75.63	117.13	159.59	0	
4	75.63	117.13	48.45	78.91	46.91	1	19	
5	48.45	78.91	43.69	72.22	8.20	2	19	20	
6	43.69	72.22	43.30	71.67	0.68	3	5	19	20	
7	43.30	71.67	35.00	60.00	14.32	2	5	20	

18	6	333.516	9
1	200.00	292.00	188.43	275.69	20.00	2	10	18	
2	188.43	275.69	168.20	247.18	34.96	1	10	
3	168.20	247.18	75.78	116.94	159.70	0	
4	75.78	116.94	48.67	78.73	46.85	1	19	
5	48.67	78.73	43.93	72.05	8.19	2	19	20	
6	43.93	72.05	43.59	71.57	0.59	3	5	19	20	
7	43.59	71.57	29.57	51.81	24.23	2	5	20	
8	29.57	51.81	26.58	47.59	5.17	3	5	6	20	
9	26.58	47.59	7.00	20.00	33.83	2	6	20	

18	7	79.649	4
1	200.00	292.00	211.75	282.53	15.09	2	10	18	
2	211.75	282.53	215.57	279.44	4.91	1	18	
3	215.57	279.44	254.22	248.28	49.65	0	
4	254.22	248.28	262.00	242.00	10.00	1	7	

18	8	255.331	5
1	200.00	292.00	198.98	272.03	20.00	2	10	18	
2	198.98	272.03	198.20	256.78	15.27	1	10	
3	198.20	256.78	190.84	112.36	144.60	0	
4	190.84	112.36	188.27	61.97	50.46	1	15	
5	188.27	61.97	187.00	37.00	25.00	1	15	

18	9	262.488	6
1	200.00	292.00	204.42	272.49	20.00	2	10	18	
2	204.42	272.49	205.93	265.82	6.85	1	10	
3	205.93	265.82	225.36	180.06	87.93	0	
4	225.36	180.06	229.25	162.87	17.62	1	3	
5	229.25	162.87	250.49	69.16	96.09	0	
6	250.49	69.16	258.00	36.00	34.00	1	9	

18	10	28.443	2
1	200.00	292.00	180.31	288.48	20.00	2	10	18	
2	180.31	288.48	172.00	287.00	8.44	1	10	

18	11	283.087	10
1	200.00	292.00	200.49	272.01	20.00	2	10	18	
2	200.49	272.01	200.81	259.25	12.76	1	10	
3	200.81	259.25	202.69	183.40	75.87	0	
4	202.69	183.40	203.46	152.15	31.26	0	
5	203.46	152.15	205.00	89.86	62.32	0	
6	205.00	89.86	205.63	64.48	25.38	0	
7	205.63	64.48	205.90	53.36	11.13	0	
8	205.90	53.36	206.23	39.99	13.38	0	
9	206.23	39.99	206.69	21.59	18.40	2	8	11	
10	206.69	21.59	207.00	9.00	12.60	1	11	

18	12	212.758	4
1	200.00	292.00	183.55	280.63	20.00	2	10	18	
2	183.55	280.63	147.28	255.55	44.09	1	10	
3	147.28	255.55	39.81	181.24	130.67	0	
4	39.81	181.24	25.00	171.00	18.00	1	12	

18	13	138.600	6
1	200.00	292.00	210.85	277.49	18.12	2	10	18	
2	210.85	277.49	211.98	275.98	1.88	1	18	
3	211.98	275.98	246.05	230.41	56.90	0	
4	246.05	230.41	264.86	205.26	31.41	1	14	
5	264.86	205.26	265.63	204.23	1.29	0	
6	265.63	204.23	283.00	181.00	29.00	1	13	

18	14	92.655	4
1	200.00	292.00	210.66	276.72	18.63	2	10	18	
2	210.66	276.72	211.44	275.60	1.37	1	18	
3	211.44	275.60	243.85	229.12	56.66	0	
4	243.85	229.12	253.00	216.00	16.00	1	14	

18	15	220.045	4
1	200.00	292.00	196.18	272.37	20.00	2	10	18	
2	196.18	272.37	192.33	252.55	20.19	1	10	
3	192.33	252.55	167.35	124.10	130.86	0	
4	167.35	124.10	158.00	76.00	49.00	1	15	

18	16	281.460	6
1	200.00	292.00	193.89	272.96	20.00	2	10	18	
2	193.89	272.96	186.42	249.69	24.43	1	10	
3	186.42	249.69	145.93	123.49	132.54	0	
4	145.93	123.49	121.94	48.76	78.49	1	15	
5	121.94	48.76	120.55	44.40	4.57	2	15	16	
6	120.55	44.40	114.00	24.00	21.43	1	16	

18	17	191.732	4
1	200.00	292.00	185.40	278.34	20.00	2	10	18	
2	185.40	278.34	155.65	250.50	40.74	1	10	
3	155.65	250.50	61.46	162.37	128.99	0	
4	61.46	162.37	60.00	161.00	2.00	1	17	

18	18	0	0

18	19	242.607	4
1	200.00	292.00	187.88	276.09	20.00	2	10	18	
2	187.88	276.09	166.06	247.44	36.01	1	10	
3	166.06	247.44	70.57	122.07	157.60	0	
4	70.57	122.07	53.00	99.00	29.00	1	19	

18	20	304.455	9
1	200.00	292.00	188.31	275.77	20.00	2	10	18	
2	188.31	275.77	167.74	247.23	35.19	1	10	
3	167.74	247.23	74.74	118.19	159.06	0	
4	74.74	118.19	47.14	79.89	47.21	1	19	
5	47.14	79.89	42.27	73.12	8.34	2	19	20	
6	42.27	73.12	41.68	72.30	1.01	3	5	19	20	
7	41.68	72.30	27.77	53.01	23.78	2	5	20	
8	27.77	53.01	24.85	48.96	5.00	3	5	6	20	
9	24.85	48.96	22.00	45.00	4.88	2	6	20	

19	0	109.590	2
1	53.00	99.00	78.67	112.50	29.00	1	19	
2	78.67	112.50	150.00	150.00	80.59	0	

19	1	247.121	4
1	53.00	99.00	80.81	107.21	29.00	1	19	
2	80.81	107.21	262.20	160.79	189.14	0	
3	262.20	160.79	279.45	165.88	17.98	1	13	
4	279.45	165.88	290.00	169.00	11.00	2	1	13	

19	2	66.940	4
1	53.00	99.00	81.16	92.07	29.00	1	19	
2	81.16	92.07	109.84	85.01	29.53	0	
3	109.84	85.01	114.12	83.96	4.41	1	15	
4	114.12	83.96	118.00	83.00	4.00	2	2	15	

19	3	173.326	3
1	53.00	99.00	79.60	110.54	29.00	1	19	
2	79.60	110.54	195.49	160.83	126.33	0	
3	195.49	160.83	212.00	168.00	18.00	1	3	

19	4	165.194	3
1	53.00	99.00	54.40	127.97	29.00	1	19	
2	54.40	127.97	59.01	223.05	95.20	0	
3	59.01	223.05	61.00	264.00	41.00	1	4	

19	5	42.953	4
1	53.00	99.00	44.88	81.41	19.38	1	19	
2	44.88	81.41	41.29	73.62	8.58	2	19	20	
3	41.29	73.62	40.85	72.67	1.05	3	5	19	20	
4	40.85	72.67	35.00	60.00	13.95	2	5	20	

19	6	91.417	6
1	53.00	99.00	43.31	82.35	19.27	1	19	
2	43.31	82.35	38.75	74.52	9.06	2	19	20	
3	38.75	74.52	38.41	73.94	0.68	3	5	19	20	
4	38.41	73.94	26.62	53.70	23.42	2	5	20	
5	26.62	53.70	24.22	49.57	4.78	3	5	6	20	
6	24.22	49.57	7.00	20.00	34.22	2	6	20	

19	7	253.239	3
1	53.00	99.00	76.93	115.38	29.00	1	19	
2	76.93	115.38	253.75	236.35	214.24	0	
3	253.75	236.35	262.00	242.00	10.00	1	7	

19	8	147.648	4
1	53.00	99.00	79.32	86.82	29.00	1	19	
2	79.32	86.82	109.09	73.05	32.80	0	
3	109.09	73.05	164.31	47.50	60.85	1	15	
4	164.31	47.50	187.00	37.00	25.00	2	8	15	

19	9	214.462	9
1	53.00	99.00	80.72	90.48	29.00	1	19	
2	80.72	90.48	109.33	81.69	29.93	0	
3	109.33	81.69	115.69	79.73	6.65	1	15	
4	115.69	79.73	118.08	79.00	2.50	2	2	15	
5	118.08	79.00	178.38	60.47	63.09	1	15	
6	178.38	60.47	201.46	53.37	24.15	2	8	15	
7	201.46	53.37	207.31	51.58	6.12	1	8	
8	207.31	51.58	225.50	45.99	19.03	0	
9	225.50	45.99	258.00	36.00	34.00	1	9	

19	10	222.497	3
1	53.00	99.00	68.51	123.50	29.00	1	19	
2	68.51	123.50	150.61	253.20	153.50	0	
3	150.61	253.20	172.00	287.00	40.00	1	10	

19	11	178.370	7
1	53.00	99.00	78.04	84.37	29.00	1	19	
2	78.04	84.37	110.11	65.62	37.15	0	
3	110.11	65.62	162.06	35.26	60.17	1	15	
4	162.06	35.26	172.46	29.18	12.05	2	8	15	
5	172.46	29.18	180.24	24.64	9.00	1	8	
6	180.24	24.64	197.73	14.42	20.26	2	8	11	
7	197.73	14.42	207.00	9.00	10.74	1	11	

19	12	77.253	3
1	53.00	99.00	42.49	126.03	29.00	1	19	
2	42.49	126.03	31.52	154.22	30.25	0	
3	31.52	154.22	25.00	171.00	18.00	1	12	

19	13	244.180	5
1	53.00	99.00	80.32	108.74	29.00	1	19	
2	80.32	108.74	202.93	152.45	130.17	0	
3	202.93	152.45	228.86	161.70	27.53	1	3	
4	228.86	161.70	255.68	171.26	28.48	0	
5	255.68	171.26	283.00	181.00	29.00	1	13	

19	14	231.709	3
1	53.00	99.00	78.03	113.64	29.00	1	19	
2	78.03	113.64	239.19	207.92	186.71	0	
3	239.19	207.92	253.00	216.00	16.00	1	14	

19	15	107.490	5
1	53.00	99.00	81.33	92.79	29.00	1	19	
2	81.33	92.79	110.13	86.48	29.49	0	
3	110.13	86.48	114.84	85.45	4.82	1	15	
4	114.84	85.45	121.90	83.91	7.22	2	2	15	
5	121.90	83.91	158.00	76.00	36.96	1	15	

19	16	96.675	3
1	53.00	99.00	71.30	76.50	29.00	1	19	
2	71.30	76.50	97.59	44.17	41.67	0	
3	97.59	44.17	114.00	24.00	26.00	1	16	

19	17	62.394	3
1	53.00	99.00	56.25	127.82	29.00	1	19	
2	56.25	127.82	59.78	159.01	31.39	0	
3	59.78	159.01	60.00	161.00	2.00	1	17	

19	18	242.607	4
1	53.00	99.00	70.57	122.07	29.00	1	19	
2	70.57	122.07	166.06	247.44	157.60	0	
3	166.06	247.44	187.88	276.09	36.01	1	10	
4	187.88	276.09	200.00	292.00	20.00	2	10	18	

19	19	0	0

19	20	62.266	6
1	53.00	99.00	43.41	82.29	19.27	1	19	
2	43.41	82.29	38.92	74.48	9.01	2	19	20	
3	38.92	74.48	38.56	73.85	0.72	3	5	19	20	
4	38.56	73.85	26.90	53.54	23.42	2	5	20	
5	26.90	53.54	24.48	49.31	4.87	3	5	6	20	
6	24.48	49.31	22.00	45.00	4.97	2	6	20	

20	0	165.557	7
1	22.00	45.00	25.82	48.14	4.94	2	6	20	
2	25.82	48.14	29.96	51.53	5.35	3	5	6	20	
3	29.96	51.53	48.43	66.68	23.89	2	5	20	
4	48.43	66.68	52.48	70.00	5.24	1	20	
5	52.48	70.00	55.25	72.27	3.57	2	19	20	
6	55.25	72.27	81.54	93.84	34.01	1	19	
7	81.54	93.84	150.00	150.00	88.55	0	

20	1	295.296	9
1	22.00	45.00	27.00	47.31	5.51	2	6	20	
2	27.00	47.31	32.23	49.74	5.77	3	5	6	20	
3	32.23	49.74	49.85	57.89	19.41	2	5	20	
4	49.85	57.89	61.03	63.06	12.31	1	20	
5	61.03	63.06	109.97	85.70	53.93	0	
6	109.97	85.70	181.70	118.89	79.03	1	15	
7	181.70	118.89	265.67	157.74	92.53	0	
8	265.67	157.74	280.02	164.38	15.80	1	13	
9	280.02	164.38	290.00	169.00	11.00	2	1	13	

20	2	103.247	7
1	22.00	45.00	27.33	47.11	5.73	2	6	20	
2	27.33	47.11	32.78	49.27	5.86	3	5	6	20	
3	32.78	49.27	49.41	55.85	17.89	2	5	20	
4	49.41	55.85	61.98	60.83	13.52	1	20	
5	61.98	60.83	109.12	79.49	50.70	0	
6	109.12	79.49	114.28	81.53	5.55	1	15	
7	114.28	81.53	118.00	83.00	4.00	2	2	15	

20	3	226.338	10
1	22.00	45.00	26.30	47.78	5.12	2	6	20	
2	26.30	47.78	30.94	50.79	5.53	3	5	6	20	
3	30.94	50.79	49.71	62.94	22.36	2	5	20	
4	49.71	62.94	58.10	68.37	9.99	1	20	
5	58.10	68.37	63.91	72.13	6.92	0	
6	63.91	72.13	73.05	78.05	10.89	1	19	
7	73.05	78.05	123.25	110.55	59.80	0	
8	123.25	110.55	140.71	121.85	20.80	1	15	
9	140.71	121.85	196.89	158.22	66.93	0	
10	196.89	158.22	212.00	168.00	18.00	1	3	

20	4	222.445	8
1	22.00	45.00	23.06	50.93	6.02	2	6	20	
2	23.06	50.93	23.81	55.19	4.33	3	5	6	20	
3	23.81	55.19	26.92	72.64	17.72	2	5	20	
4	26.92	72.64	28.78	83.05	10.58	1	20	
5	28.78	83.05	29.54	87.33	4.35	2	19	20	
6	29.54	87.33	35.77	122.33	35.54	0	
7	35.77	122.33	53.81	223.63	102.90	0	
8	53.81	223.63	61.00	264.00	41.00	0	

20	5	19.849	3
1	22.00	45.00	25.18	48.66	4.85	2	6	20	
2	25.18	48.66	28.52	52.52	5.11	3	5	6	20	
3	28.52	52.52	35.00	60.00	9.89	2	5	20	

20	6	29.155	1
1	22.00	45.00	7.00	20.00	29.15	2	6	20	

20	7	310.498	10
1	22.00	45.00	25.82	48.14	4.94	2	6	20	
2	25.82	48.14	29.95	51.53	5.35	3	5	6	20	
3	29.95	51.53	48.43	66.69	23.90	2	5	20	
4	48.43	66.69	52.46	70.00	5.22	1	20	
5	52.46	70.00	55.24	72.28	3.59	2	19	20	
6	55.24	72.28	81.54	93.88	34.03	1	19	
7	81.54	93.88	238.46	222.68	203.01	0	
8	238.46	222.68	249.28	231.56	14.00	1	14	
9	249.28	231.56	254.27	235.66	6.45	0	
10	254.27	235.66	262.00	242.00	10.00	1	7	

20	8	165.194	7
1	22.00	45.00	37.55	44.25	15.57	2	6	20	
2	37.55	44.25	64.95	42.92	27.43	1	20	
3	64.95	42.92	94.75	41.47	29.83	0	
4	94.75	41.47	124.74	40.02	30.03	1	16	
5	124.74	40.02	134.85	39.53	10.13	2	15	16	
6	134.85	39.53	162.03	38.21	27.21	1	15	
7	162.03	38.21	187.00	37.00	25.00	2	8	15	

20	9	236.172	12
1	22.00	45.00	37.41	44.41	15.43	2	6	20	
2	37.41	44.41	64.97	43.36	27.57	1	20	
3	64.97	43.36	95.43	42.20	30.49	0	
4	95.43	42.20	123.58	41.13	28.17	1	16	
5	123.58	41.13	133.90	40.73	10.33	2	15	16	
6	133.90	40.73	162.14	39.66	28.26	1	15	
7	162.14	39.66	189.67	38.61	27.54	2	8	15	
8	189.67	38.61	196.96	38.33	7.30	1	8	
9	196.96	38.33	211.99	37.75	15.04	2	8	11	
10	211.99	37.75	219.25	37.48	7.26	1	11	
11	219.25	37.48	224.02	37.30	4.78	0	
12	224.02	37.30	258.00	36.00	34.00	1	9	

20	10	284.717	8
1	22.00	45.00	24.60	49.19	4.93	2	6	20	
2	24.60	49.19	27.19	53.37	4.91	3	5	6	20	
3	27.19	53.37	39.55	73.31	23.46	2	5	20	
4	39.55	73.31	40.05	74.12	0.96	3	5	19	20	
5	40.05	74.12	44.65	81.55	8.74	2	19	20	
6	44.65	81.55	70.02	122.48	48.15	1	19	
7	70.02	122.48	150.93	253.00	153.56	0	
8	150.93	253.00	172.00	287.00	40.00	1	10	

20	11	188.470	8
1	22.00	45.00	39.47	41.60	17.80	2	6	20	
2	39.47	41.60	64.21	36.79	25.20	1	20	
3	64.21	36.79	89.23	31.92	25.50	0	
4	89.23	31.92	139.93	22.05	51.64	1	16	
5	139.93	22.05	174.57	15.31	35.29	0	
6	174.57	15.31	176.57	14.92	2.04	1	8	
7	176.57	14.92	190.39	12.23	14.08	2	8	11	
8	190.39	12.23	207.00	9.00	16.92	1	11	

20	12	126.036	6
1	22.00	45.00	22.17	52.22	7.23	2	6	20	
2	22.17	52.22	22.26	55.89	3.67	2	6	20	
3	22.26	55.89	22.56	68.38	12.49	1	20	
4	22.56	68.38	23.02	87.99	19.62	1	20	
5	23.02	87.99	24.57	153.00	65.03	0	
6	24.57	153.00	25.00	171.00	18.00	0	

20	13	294.308	8
1	22.00	45.00	26.75	47.47	5.35	2	6	20	
2	26.75	47.47	31.79	50.10	5.69	3	5	6	20	
3	31.79	50.10	49.99	59.59	20.52	2	5	20	
4	49.99	59.59	60.13	64.87	11.43	1	20	
5	60.13	64.87	111.57	91.67	58.01	0	
6	111.57	91.67	171.75	123.03	67.86	1	15	
7	171.75	123.03	257.28	167.60	96.45	0	
8	257.28	167.60	283.00	181.00	29.00	1	13	

20	14	287.406	10
1	22.00	45.00	26.03	47.98	5.01	2	6	20	
2	26.03	47.98	30.39	51.21	5.43	3	5	6	20	
3	30.39	51.21	49.12	65.07	23.30	2	5	20	
4	49.12	65.07	55.98	70.15	8.54	1	20	
5	55.98	70.15	56.56	70.58	0.72	2	19	20	
6	56.56	70.58	79.72	87.73	28.81	1	19	
7	79.72	87.73	194.65	172.81	143.00	0	
8	194.65	172.81	212.47	185.99	22.16	1	3	
9	212.47	185.99	240.14	206.48	34.43	0	
10	240.14	206.48	253.00	216.00	16.00	1	14	

20	15	139.488	6
1	22.00	45.00	28.50	46.48	6.67	2	6	20	
2	28.50	46.48	34.34	47.81	5.99	3	5	6	20	
3	34.34	47.81	46.72	50.63	12.69	2	5	20	
4	46.72	50.63	63.92	54.56	17.65	1	20	
5	63.92	54.56	110.23	65.11	47.49	0	
6	110.23	65.11	158.00	76.00	49.00	1	15	

20	16	94.366	4
1	22.00	45.00	39.92	40.91	18.38	2	6	20	
2	39.92	40.91	63.92	35.43	24.62	1	20	
3	63.92	35.43	88.65	29.79	25.37	0	
4	88.65	29.79	114.00	24.00	26.00	1	16	

20	17	122.066	8
1	22.00	45.00	23.69	50.15	5.42	2	6	20	
2	23.69	50.15	25.12	54.53	4.61	3	5	6	20	
3	25.12	54.53	31.71	74.63	21.15	2	5	20	
4	31.71	74.63	32.86	78.14	3.69	1	20	
5	32.86	78.14	35.39	85.86	8.13	2	19	20	
6	35.39	85.86	49.10	127.74	44.06	1	19	
7	49.10	127.74	59.38	159.10	33.00	0	
8	59.38	159.10	60.00	161.00	2.00	1	17	

20	18	304.455	9
1	22.00	45.00	24.85	48.96	4.88	2	6	20	
2	24.85	48.96	27.77	53.01	5.00	3	5	6	20	
3	27.77	53.01	41.68	72.30	23.78	2	5	20	
4	41.68	72.30	42.27	73.12	1.01	3	5	19	20	
5	42.27	73.12	47.14	79.89	8.34	2	19	20	
6	47.14	79.89	74.74	118.19	47.21	1	19	
7	74.74	118.19	167.74	247.23	159.06	0	
8	167.74	247.23	188.31	275.77	35.19	1	10	
9	188.31	275.77	200.00	292.00	20.00	2	10	18	

20	19	62.266	6
1	22.00	45.00	24.48	49.31	4.97	2	6	20	
2	24.48	49.31	26.90	53.54	4.87	3	5	6	20	
3	26.90	53.54	38.56	73.85	23.42	2	5	20	
4	38.56	73.85	38.92	74.48	0.72	3	5	19	20	
5	38.92	74.48	43.41	82.29	9.01	2	19	20	
6	43.41	82.29	53.00	99.00	19.27	1	19	

20	20	0	0