8	85	2	0.001	80.0
0.000	0.000	0.000	5.000	0.000
27.000	123.000	20.000	3.000	8.000
218.000	180.000	50.000	4.000	5.000
146.000	94.000	27.000	10.000	11.000
212.000	256.000	15.000	10.000	9.000
299.000	170.000	36.000	2.000	2.000
255.000	120.000	38.000	6.000	7.000
72.000	174.000	33.000	5.000	15.000
 


0	0	0	0

0	1	125.929	2
1	0.00	0.00	22.71	103.47	105.93	0	
2	22.71	103.47	27.00	123.00	20.00	1	1	

0	2	282.708	4
1	0.00	0.00	119.39	98.58	154.83	0	
2	119.39	98.58	146.54	120.99	35.20	1	3	
3	146.54	120.99	179.44	148.17	42.67	0	
4	179.44	148.17	218.00	180.00	50.00	1	2	

0	3	173.643	2
1	0.00	0.00	123.30	79.38	146.64	0	
2	123.30	79.38	146.00	94.00	27.00	1	3	

0	4	332.385	2
1	0.00	0.00	202.43	244.45	317.39	0	
2	202.43	244.45	212.00	256.00	15.00	1	4	

0	5	343.949	8
1	0.00	0.00	128.77	73.21	148.13	0	
2	128.77	73.21	172.68	98.18	50.51	1	3	
3	172.68	98.18	217.16	123.47	51.17	0	
4	217.16	123.47	232.34	132.10	17.47	1	6	
5	232.34	132.10	251.83	143.18	22.41	2	2	6	
6	251.83	143.18	267.70	152.21	18.27	1	6	
7	267.70	152.21	271.37	154.29	4.22	2	5	6	
8	271.37	154.29	299.00	170.00	31.78	1	5	

0	6	281.824	4
1	0.00	0.00	142.78	67.19	157.80	0	
2	142.78	67.19	168.71	79.39	28.65	1	3	
3	168.71	79.39	220.62	103.82	57.37	0	
4	220.62	103.82	255.00	120.00	38.00	1	6	

0	7	188.308	2
1	0.00	0.00	59.38	143.51	155.31	0	
2	59.38	143.51	72.00	174.00	33.00	1	7	

1	0	125.929	2
1	27.00	123.00	22.71	103.47	20.00	1	1	
2	22.71	103.47	0.00	0.00	105.93	0	

1	1	0	0

1	2	199.324	3
1	27.00	123.00	46.16	128.72	20.00	1	1	
2	46.16	128.72	170.09	165.70	129.32	0	
3	170.09	165.70	218.00	180.00	50.00	1	2	

1	3	122.483	3
1	27.00	123.00	46.43	118.26	20.00	1	1	
2	46.43	118.26	119.77	100.39	75.48	0	
3	119.77	100.39	146.00	94.00	27.00	1	3	

1	4	227.846	5
1	27.00	123.00	43.24	134.67	20.00	1	1	
2	43.24	134.67	57.03	144.59	16.99	0	
3	57.03	144.59	104.65	178.82	58.64	1	7	
4	104.65	178.82	199.82	247.24	117.22	0	
5	199.82	247.24	212.00	256.00	15.00	1	4	

1	5	276.031	5
1	27.00	123.00	46.71	126.41	20.00	1	1	
2	46.71	126.41	178.61	149.20	133.86	0	
3	178.61	149.20	263.53	163.87	86.17	1	2	
4	263.53	163.87	265.44	164.20	1.94	2	2	5	
5	265.44	164.20	299.00	170.00	34.06	1	5	

1	6	228.020	3
1	27.00	123.00	47.00	122.74	20.00	1	1	
2	47.00	122.74	217.00	120.50	170.02	0	
3	217.00	120.50	255.00	120.00	38.00	1	6	

1	7	68.015	3
1	27.00	123.00	40.23	138.00	20.00	1	1	
2	40.23	138.00	50.17	149.26	15.01	0	
3	50.17	149.26	72.00	174.00	33.00	1	7	

2	0	282.708	4
1	218.00	180.00	179.44	148.17	50.00	1	2	
2	179.44	148.17	146.54	120.99	42.67	0	
3	146.54	120.99	119.39	98.58	35.20	1	3	
4	119.39	98.58	0.00	0.00	154.83	0	

2	1	199.324	3
1	218.00	180.00	170.09	165.70	50.00	1	2	
2	170.09	165.70	46.16	128.72	129.32	0	
3	46.16	128.72	27.00	123.00	20.00	1	1	

2	2	0	0

2	3	112.161	3
1	218.00	180.00	185.90	141.66	50.00	1	2	
2	185.90	141.66	163.33	114.70	35.16	0	
3	163.33	114.70	146.00	94.00	27.00	1	3	

2	4	76.236	3
1	218.00	180.00	214.06	229.84	50.00	1	2	
2	214.06	229.84	213.18	241.05	11.24	0	
3	213.18	241.05	212.00	256.00	15.00	1	4	

2	5	81.615	3
1	218.00	180.00	263.27	174.41	45.61	1	2	
2	263.27	174.41	267.62	173.87	4.39	2	2	5	
3	267.62	173.87	299.00	170.00	31.61	1	5	

2	6	70.491	3
1	218.00	180.00	235.05	152.34	32.49	1	2	
2	235.05	152.34	244.24	137.44	17.51	2	2	6	
3	244.24	137.44	255.00	120.00	20.49	1	6	

2	7	146.123	3
1	218.00	180.00	168.04	177.95	50.00	1	2	
2	168.04	177.95	104.97	175.35	63.12	0	
3	104.97	175.35	72.00	174.00	33.00	1	7	

3	0	173.643	2
1	146.00	94.00	123.30	79.38	27.00	1	3	
2	123.30	79.38	0.00	0.00	146.64	0	

3	1	122.483	3
1	146.00	94.00	119.77	100.39	27.00	1	3	
2	119.77	100.39	46.43	118.26	75.48	0	
3	46.43	118.26	27.00	123.00	20.00	1	1	

3	2	112.161	3
1	146.00	94.00	163.33	114.70	27.00	1	3	
2	163.33	114.70	185.90	141.66	35.16	0	
3	185.90	141.66	218.00	180.00	50.00	1	2	

3	3	0	0

3	4	174.929	5
1	146.00	94.00	156.19	119.00	27.00	1	3	
2	156.19	119.00	172.55	159.16	43.36	0	
3	172.55	159.16	200.05	226.67	72.89	1	2	
4	200.05	226.67	206.34	242.11	16.67	0	
5	206.34	242.11	212.00	256.00	15.00	1	4	

3	5	170.836	7
1	146.00	94.00	170.18	106.01	27.00	1	3	
2	170.18	106.01	218.32	129.92	53.75	0	
3	218.32	129.92	218.48	130.00	0.18	1	6	
4	218.48	130.00	257.55	149.41	43.63	2	2	6	
5	257.55	149.41	266.76	153.98	10.28	1	6	
6	266.76	153.98	269.26	155.22	2.79	2	5	6	
7	269.26	155.22	299.00	170.00	33.21	1	5	

3	6	112.058	3
1	146.00	94.00	172.26	100.26	27.00	1	3	
2	172.26	100.26	218.04	111.18	47.06	0	
3	218.04	111.18	255.00	120.00	38.00	1	6	

3	7	108.977	3
1	146.00	94.00	127.67	113.82	27.00	1	3	
2	127.67	113.82	94.41	149.77	48.98	0	
3	94.41	149.77	72.00	174.00	33.00	1	7	

4	0	332.385	2
1	212.00	256.00	202.43	244.45	15.00	1	4	
2	202.43	244.45	0.00	0.00	317.39	0	

4	1	227.846	5
1	212.00	256.00	199.82	247.24	15.00	1	4	
2	199.82	247.24	104.65	178.82	117.22	0	
3	104.65	178.82	57.03	144.59	58.64	1	7	
4	57.03	144.59	43.24	134.67	16.99	0	
5	43.24	134.67	27.00	123.00	20.00	1	1	

4	2	76.236	3
1	212.00	256.00	213.18	241.05	15.00	1	4	
2	213.18	241.05	214.06	229.84	11.24	0	
3	214.06	229.84	218.00	180.00	50.00	1	2	

4	3	174.929	5
1	212.00	256.00	206.34	242.11	15.00	1	4	
2	206.34	242.11	200.05	226.67	16.67	0	
3	200.05	226.67	172.55	159.16	72.89	1	2	
4	172.55	159.16	156.19	119.00	43.36	0	
5	156.19	119.00	146.00	94.00	27.00	1	3	

4	4	0	0

4	5	122.332	5
1	212.00	256.00	222.67	245.45	15.00	1	4	
2	222.67	245.45	250.12	218.32	38.60	0	
3	250.12	218.32	255.95	212.56	8.20	1	2	
4	255.95	212.56	273.40	195.31	24.54	0	
5	273.40	195.31	299.00	170.00	36.00	1	5	

4	6	142.636	5
1	212.00	256.00	216.52	241.70	15.00	1	4	
2	216.52	241.70	220.24	229.95	12.32	0	
3	220.24	229.95	243.54	156.23	77.31	1	2	
4	243.54	156.23	248.55	140.41	16.59	2	2	6	
5	248.55	140.41	255.00	120.00	21.41	1	6	

4	7	162.247	3
1	212.00	256.00	199.06	248.42	15.00	1	4	
2	199.06	248.42	100.48	190.68	114.25	0	
3	100.48	190.68	72.00	174.00	33.00	1	7	

5	0	343.949	8
1	299.00	170.00	271.37	154.29	31.78	1	5	
2	271.37	154.29	267.70	152.21	4.22	2	5	6	
3	267.70	152.21	251.83	143.18	18.27	1	6	
4	251.83	143.18	232.34	132.10	22.41	2	2	6	
5	232.34	132.10	217.16	123.47	17.47	1	6	
6	217.16	123.47	172.68	98.18	51.17	0	
7	172.68	98.18	128.77	73.21	50.51	1	3	
8	128.77	73.21	0.00	0.00	148.13	0	

5	1	276.031	5
1	299.00	170.00	265.44	164.20	34.06	1	5	
2	265.44	164.20	263.53	163.87	1.94	2	2	5	
3	263.53	163.87	178.61	149.20	86.17	1	2	
4	178.61	149.20	46.71	126.41	133.86	0	
5	46.71	126.41	27.00	123.00	20.00	1	1	

5	2	81.615	3
1	299.00	170.00	267.62	173.87	31.61	1	5	
2	267.62	173.87	263.27	174.41	4.39	2	2	5	
3	263.27	174.41	218.00	180.00	45.61	1	2	

5	3	170.836	7
1	299.00	170.00	269.26	155.22	33.21	1	5	
2	269.26	155.22	266.76	153.98	2.79	2	5	6	
3	266.76	153.98	257.55	149.41	10.28	1	6	
4	257.55	149.41	218.48	130.00	43.63	2	2	6	
5	218.48	130.00	218.32	129.92	0.18	1	6	
6	218.32	129.92	170.18	106.01	53.75	0	
7	170.18	106.01	146.00	94.00	27.00	1	3	

5	4	122.332	5
1	299.00	170.00	273.40	195.31	36.00	1	5	
2	273.40	195.31	255.95	212.56	24.54	0	
3	255.95	212.56	250.12	218.32	8.20	1	2	
4	250.12	218.32	222.67	245.45	38.60	0	
5	222.67	245.45	212.00	256.00	15.00	1	4	

5	5	0	0

5	6	66.603	3
1	299.00	170.00	280.10	148.53	28.60	1	5	
2	280.10	148.53	275.22	142.97	7.40	2	5	6	
3	275.22	142.97	255.00	120.00	30.60	1	6	

5	7	227.035	5
1	299.00	170.00	267.10	170.56	31.90	1	5	
2	267.10	170.56	263.01	170.63	4.10	2	2	5	
3	263.01	170.63	168.60	172.30	94.42	1	2	
4	168.60	172.30	104.99	173.42	63.61	0	
5	104.99	173.42	72.00	174.00	33.00	1	7	

6	0	281.824	4
1	255.00	120.00	220.62	103.82	38.00	1	6	
2	220.62	103.82	168.71	79.39	57.37	0	
3	168.71	79.39	142.78	67.19	28.65	1	3	
4	142.78	67.19	0.00	0.00	157.80	0	

6	1	228.020	3
1	255.00	120.00	217.00	120.50	38.00	1	6	
2	217.00	120.50	47.00	122.74	170.02	0	
3	47.00	122.74	27.00	123.00	20.00	1	1	

6	2	70.491	3
1	255.00	120.00	244.24	137.44	20.49	1	6	
2	244.24	137.44	235.05	152.34	17.51	2	2	6	
3	235.05	152.34	218.00	180.00	32.49	1	2	

6	3	112.058	3
1	255.00	120.00	218.04	111.18	38.00	1	6	
2	218.04	111.18	172.26	100.26	47.06	0	
3	172.26	100.26	146.00	94.00	27.00	1	3	

6	4	142.636	5
1	255.00	120.00	248.55	140.41	21.41	1	6	
2	248.55	140.41	243.54	156.23	16.59	2	2	6	
3	243.54	156.23	220.24	229.95	77.31	1	2	
4	220.24	229.95	216.52	241.70	12.32	0	
5	216.52	241.70	212.00	256.00	15.00	1	4	

6	5	66.603	3
1	255.00	120.00	275.22	142.97	30.60	1	6	
2	275.22	142.97	280.10	148.53	7.40	2	5	6	
3	280.10	148.53	299.00	170.00	28.60	1	5	

6	6	0	0

6	7	190.801	5
1	255.00	120.00	220.84	130.08	35.62	1	6	
2	220.84	130.08	218.55	130.75	2.38	2	2	6	
3	218.55	130.75	188.52	139.62	31.32	1	2	
4	188.52	139.62	103.65	164.66	88.48	0	
5	103.65	164.66	72.00	174.00	33.00	1	7	

7	0	188.308	2
1	72.00	174.00	59.38	143.51	33.00	1	7	
2	59.38	143.51	0.00	0.00	155.31	0	

7	1	68.015	3
1	72.00	174.00	50.17	149.26	33.00	1	7	
2	50.17	149.26	40.23	138.00	15.01	0	
3	40.23	138.00	27.00	123.00	20.00	1	1	

7	2	146.123	3
1	72.00	174.00	104.97	175.35	33.00	1	7	
2	104.97	175.35	168.04	177.95	63.12	0	
3	168.04	177.95	218.00	180.00	50.00	1	2	

7	3	108.977	3
1	72.00	174.00	94.41	149.77	33.00	1	7	
2	94.41	149.77	127.67	113.82	48.98	0	
3	127.67	113.82	146.00	94.00	27.00	1	3	

7	4	162.247	3
1	72.00	174.00	100.48	190.68	33.00	1	7	
2	100.48	190.68	199.06	248.42	114.25	0	
3	199.06	248.42	212.00	256.00	15.00	1	4	

7	5	227.035	5
1	72.00	174.00	104.99	173.42	33.00	1	7	
2	104.99	173.42	168.60	172.30	63.61	0	
3	168.60	172.30	263.01	170.63	94.42	1	2	
4	263.01	170.63	267.10	170.56	4.10	2	2	5	
5	267.10	170.56	299.00	170.00	31.90	1	5	

7	6	190.801	5
1	72.00	174.00	103.65	164.66	33.00	1	7	
2	103.65	164.66	188.52	139.62	88.48	0	
3	188.52	139.62	218.55	130.75	31.32	1	2	
4	218.55	130.75	220.84	130.08	2.38	2	2	6	
5	220.84	130.08	255.00	120.00	35.62	1	6	

7	7	0	0
