7	65	2	0.001	100.0
109.000	238.000	0.000	8.000	0.000
11.000	127.000	40.000	9.000	19.000
147.000	184.000	42.000	3.000	6.000
84.000	123.000	37.000	5.000	2.000
133.000	181.000	32.000	4.000	12.000
161.000	22.000	17.000	1.000	7.000
283.000	77.000	9.000	10.000	17.000
 


0	0	0	0

0	1	148.071	2
1	109.00	238.00	37.47	156.99	108.07	0	
2	37.47	156.99	11.00	127.00	40.00	1	1	

0	2	66.030	3
1	109.00	238.00	122.83	218.35	24.03	0	
2	122.83	218.35	126.99	212.43	7.23	1	2	
3	126.99	212.43	147.00	184.00	34.77	2	2	4	

0	3	117.686	2
1	109.00	238.00	91.86	159.16	80.69	0	
2	91.86	159.16	84.00	123.00	37.00	1	3	

0	4	61.847	3
1	109.00	238.00	118.68	215.01	24.94	0	
2	118.68	215.01	120.58	210.49	4.91	0	
3	120.58	210.49	133.00	181.00	32.00	2	2	4	

0	5	222.171	6
1	109.00	238.00	115.35	211.61	27.14	0	
2	115.35	211.61	116.17	208.22	3.49	1	2	
3	116.17	208.22	130.40	149.11	60.80	1	2	
4	130.40	149.11	131.39	145.01	4.21	1	2	
5	131.39	145.01	157.02	38.53	109.52	0	
6	157.02	38.53	161.00	22.00	17.00	1	5	

0	6	237.059	6
1	109.00	238.00	127.28	221.08	24.91	0	
2	127.28	221.08	136.19	212.84	12.14	1	2	
3	136.19	212.84	164.50	186.65	38.56	2	2	4	
4	164.50	186.65	185.50	167.22	28.61	1	2	
5	185.50	167.22	276.39	83.11	123.83	0	
6	276.39	83.11	283.00	77.00	9.00	1	6	

1	0	148.071	2
1	11.00	127.00	37.47	156.99	40.00	1	1	
2	37.47	156.99	109.00	238.00	108.07	0	

1	1	0	0

1	2	147.462	6
1	11.00	127.00	47.89	142.46	40.00	1	1	
2	47.89	142.46	54.39	145.19	7.05	0	
3	54.39	145.19	88.94	159.67	37.47	1	3	
4	88.94	159.67	104.61	166.23	16.99	0	
5	104.61	166.23	108.26	167.77	3.96	1	4	
6	108.26	167.77	147.00	184.00	42.00	2	2	4	

1	3	73.110	3
1	11.00	127.00	47.06	125.02	36.11	1	1	
2	47.06	125.02	50.94	124.81	3.89	2	1	3	
3	50.94	124.81	84.00	123.00	33.11	1	3	

1	4	133.417	6
1	11.00	127.00	47.58	143.19	40.00	1	1	
2	47.58	143.19	55.63	146.76	8.81	0	
3	55.63	146.76	85.49	159.97	32.65	1	3	
4	85.49	159.97	103.74	168.05	19.96	0	
5	103.74	168.05	107.50	169.71	4.12	1	4	
6	107.50	169.71	133.00	181.00	27.88	2	2	4	

1	5	183.098	3
1	11.00	127.00	43.77	104.06	40.00	1	1	
2	43.77	104.06	147.07	31.75	126.10	0	
3	147.07	31.75	161.00	22.00	17.00	1	5	

1	6	276.557	5
1	11.00	127.00	47.09	120.37	36.70	1	1	
2	47.09	120.37	50.34	119.77	3.30	2	1	3	
3	50.34	119.77	117.56	107.41	68.34	1	3	
4	117.56	107.41	274.15	78.63	159.22	0	
5	274.15	78.63	283.00	77.00	9.00	1	6	

2	0	66.030	3
1	147.00	184.00	126.99	212.43	34.77	2	2	4	
2	126.99	212.43	122.83	218.35	7.23	1	2	
3	122.83	218.35	109.00	238.00	24.03	0	

2	1	147.462	6
1	147.00	184.00	108.26	167.77	42.00	2	2	4	
2	108.26	167.77	104.61	166.23	3.96	1	4	
3	104.61	166.23	88.94	159.67	16.99	0	
4	88.94	159.67	54.39	145.19	37.47	1	3	
5	54.39	145.19	47.89	142.46	7.05	0	
6	47.89	142.46	11.00	127.00	40.00	1	1	

2	2	0	0

2	3	87.693	4
1	147.00	184.00	116.83	154.78	42.00	2	2	4	
2	116.83	154.78	115.94	153.93	1.23	1	4	
3	115.94	153.93	110.58	148.74	7.46	0	
4	110.58	148.74	84.00	123.00	37.00	1	3	

2	4	14.318	1
1	147.00	184.00	133.00	181.00	14.32	2	2	4	

2	5	162.604	4
1	147.00	184.00	149.62	153.66	30.46	2	2	4	
2	149.62	153.66	150.62	142.16	11.54	0	
3	150.62	142.16	159.54	38.94	103.60	0	
4	159.54	38.94	161.00	22.00	17.00	1	5	

2	6	173.046	4
1	147.00	184.00	163.42	171.08	20.90	2	2	4	
2	163.42	171.08	180.01	158.03	21.10	1	2	
3	180.01	158.03	275.93	82.56	122.05	0	
4	275.93	82.56	283.00	77.00	9.00	1	6	

3	0	117.686	2
1	84.00	123.00	91.86	159.16	37.00	1	3	
2	91.86	159.16	109.00	238.00	80.69	0	

3	1	73.110	3
1	84.00	123.00	50.94	124.81	33.11	1	3	
2	50.94	124.81	47.06	125.02	3.89	2	1	3	
3	47.06	125.02	11.00	127.00	36.11	1	1	

3	2	87.693	4
1	84.00	123.00	110.58	148.74	37.00	1	3	
2	110.58	148.74	115.94	153.93	7.46	0	
3	115.94	153.93	116.83	154.78	1.23	1	4	
4	116.83	154.78	147.00	184.00	42.00	2	2	4	

3	3	0	0

3	4	75.928	4
1	84.00	123.00	107.88	151.26	37.00	1	3	
2	107.88	151.26	112.35	156.56	6.93	0	
3	112.35	156.56	113.80	158.27	2.25	1	4	
4	113.80	158.27	133.00	181.00	29.75	2	2	4	

3	5	127.004	3
1	84.00	123.00	106.43	93.58	37.00	1	3	
2	106.43	93.58	150.69	35.52	73.00	0	
3	150.69	35.52	161.00	22.00	17.00	1	5	

3	6	204.247	3
1	84.00	123.00	120.05	114.67	37.00	1	3	
2	120.05	114.67	274.23	79.03	158.25	0	
3	274.23	79.03	283.00	77.00	9.00	1	6	

4	0	61.847	3
1	133.00	181.00	120.58	210.49	32.00	2	2	4	
2	120.58	210.49	118.68	215.01	4.91	0	
3	118.68	215.01	109.00	238.00	24.94	0	

4	1	133.417	6
1	133.00	181.00	107.50	169.71	27.88	2	2	4	
2	107.50	169.71	103.74	168.05	4.12	1	4	
3	103.74	168.05	85.49	159.97	19.96	0	
4	85.49	159.97	55.63	146.76	32.65	1	3	
5	55.63	146.76	47.58	143.19	8.81	0	
6	47.58	143.19	11.00	127.00	40.00	1	1	

4	2	14.318	1
1	133.00	181.00	147.00	184.00	14.32	2	2	4	

4	3	75.928	4
1	133.00	181.00	113.80	158.27	29.75	2	2	4	
2	113.80	158.27	112.35	156.56	2.25	1	4	
3	112.35	156.56	107.88	151.26	6.93	0	
4	107.88	151.26	84.00	123.00	37.00	1	3	

4	4	0	0

4	5	161.447	4
1	133.00	181.00	138.55	149.49	32.00	2	2	4	
2	138.55	149.49	139.76	142.63	6.96	1	2	
3	139.76	142.63	158.05	38.74	105.49	0	
4	158.05	38.74	161.00	22.00	17.00	1	5	

4	6	182.527	4
1	133.00	181.00	159.30	162.77	32.00	2	2	4	
2	159.30	162.77	174.48	152.24	18.48	1	2	
3	174.48	152.24	275.60	82.13	123.05	0	
4	275.60	82.13	283.00	77.00	9.00	1	6	

5	0	222.171	6
1	161.00	22.00	157.02	38.53	17.00	1	5	
2	157.02	38.53	131.39	145.01	109.52	0	
3	131.39	145.01	130.40	149.11	4.21	1	2	
4	130.40	149.11	116.17	208.22	60.80	1	2	
5	116.17	208.22	115.35	211.61	3.49	1	2	
6	115.35	211.61	109.00	238.00	27.14	0	

5	1	183.098	3
1	161.00	22.00	147.07	31.75	17.00	1	5	
2	147.07	31.75	43.77	104.06	126.10	0	
3	43.77	104.06	11.00	127.00	40.00	1	1	

5	2	162.604	4
1	161.00	22.00	159.54	38.94	17.00	1	5	
2	159.54	38.94	150.62	142.16	103.60	0	
3	150.62	142.16	149.62	153.66	11.54	0	
4	149.62	153.66	147.00	184.00	30.46	2	2	4	

5	3	127.004	3
1	161.00	22.00	150.69	35.52	17.00	1	5	
2	150.69	35.52	106.43	93.58	73.00	0	
3	106.43	93.58	84.00	123.00	37.00	1	3	

5	4	161.447	4
1	161.00	22.00	158.05	38.74	17.00	1	5	
2	158.05	38.74	139.76	142.63	105.49	0	
3	139.76	142.63	138.55	149.49	6.96	1	2	
4	138.55	149.49	133.00	181.00	32.00	2	2	4	

5	5	0	0

5	6	133.825	3
1	161.00	22.00	176.50	28.99	17.00	1	5	
2	176.50	28.99	274.80	73.30	107.82	0	
3	274.80	73.30	283.00	77.00	9.00	1	6	

6	0	237.059	6
1	283.00	77.00	276.39	83.11	9.00	1	6	
2	276.39	83.11	185.50	167.22	123.83	0	
3	185.50	167.22	164.50	186.65	28.61	1	2	
4	164.50	186.65	136.19	212.84	38.56	2	2	4	
5	136.19	212.84	127.28	221.08	12.14	1	2	
6	127.28	221.08	109.00	238.00	24.91	0	

6	1	276.557	5
1	283.00	77.00	274.15	78.63	9.00	1	6	
2	274.15	78.63	117.56	107.41	159.22	0	
3	117.56	107.41	50.34	119.77	68.34	1	3	
4	50.34	119.77	47.09	120.37	3.30	2	1	3	
5	47.09	120.37	11.00	127.00	36.70	1	1	

6	2	173.046	4
1	283.00	77.00	275.93	82.56	9.00	1	6	
2	275.93	82.56	180.01	158.03	122.05	0	
3	180.01	158.03	163.42	171.08	21.10	1	2	
4	163.42	171.08	147.00	184.00	20.90	2	2	4	

6	3	204.247	3
1	283.00	77.00	274.23	79.03	9.00	1	6	
2	274.23	79.03	120.05	114.67	158.25	0	
3	120.05	114.67	84.00	123.00	37.00	1	3	

6	4	182.527	4
1	283.00	77.00	275.60	82.13	9.00	1	6	
2	275.60	82.13	174.48	152.24	123.05	0	
3	174.48	152.24	159.30	162.77	18.48	1	2	
4	159.30	162.77	133.00	181.00	32.00	2	2	4	

6	5	133.825	3
1	283.00	77.00	274.80	73.30	9.00	1	6	
2	274.80	73.30	176.50	28.99	107.82	0	
3	176.50	28.99	161.00	22.00	17.00	1	5	

6	6	0	0
