7	59	2	0.001	100.0
179.000	281.000	0.000	10.000	0.000
165.000	34.000	14.000	4.000	5.000
16.000	283.000	46.000	9.000	10.000
151.000	254.000	12.000	5.000	6.000
97.000	124.000	49.000	2.000	2.000
75.000	11.000	17.000	8.000	16.000
93.000	277.000	43.000	3.000	14.000
 


0	0	0	0

0	1	247.396	2
1	179.00	281.00	165.79	47.98	233.40	0	
2	165.79	47.98	165.00	34.00	14.00	0	

0	2	163.012	4
1	179.00	281.00	135.76	281.53	43.24	0	
2	135.76	281.53	62.00	282.44	73.77	1	6	
3	62.00	282.44	50.36	282.58	11.63	2	2	6	
4	50.36	282.58	16.00	283.00	34.37	1	2	

0	3	38.897	2
1	179.00	281.00	159.64	262.33	26.90	0	
2	159.64	262.33	151.00	254.00	12.00	1	3	

0	4	177.124	2
1	179.00	281.00	119.68	167.43	128.12	0	
2	119.68	167.43	97.00	124.00	49.00	1	4	

0	5	289.337	4
1	179.00	281.00	131.81	158.49	131.29	0	
2	131.81	158.49	99.68	75.07	89.39	1	4	
3	99.68	75.07	81.11	26.86	51.66	0	
4	81.11	26.86	75.00	11.00	17.00	1	5	

0	6	86.093	2
1	179.00	281.00	135.95	279.00	43.09	0	
2	135.95	279.00	93.00	277.00	43.00	1	6	

1	0	247.396	2
1	165.00	34.00	165.79	47.98	14.00	0	
2	165.79	47.98	179.00	281.00	233.40	0	

1	1	0	0

1	2	290.176	5
1	165.00	34.00	157.81	46.01	14.00	1	1	
2	157.81	46.01	131.79	89.50	50.67	0	
3	131.79	89.50	83.04	170.97	94.95	1	4	
4	83.04	170.97	39.62	243.53	84.56	0	
5	39.62	243.53	16.00	283.00	46.00	1	2	

1	3	220.445	3
1	165.00	34.00	164.11	47.97	14.00	1	1	
2	164.11	47.97	151.76	242.02	194.45	0	
3	151.76	242.02	151.00	254.00	12.00	1	3	

1	4	112.801	3
1	165.00	34.00	156.56	45.17	14.00	1	1	
2	156.56	45.17	126.54	84.90	49.80	0	
3	126.54	84.90	97.00	124.00	49.00	1	4	

1	5	92.892	3
1	165.00	34.00	151.44	30.53	14.00	1	1	
2	151.44	30.53	91.47	15.21	61.89	0	
3	91.47	15.21	75.00	11.00	17.00	1	5	

1	6	253.442	5
1	165.00	34.00	161.02	47.42	14.00	1	1	
2	161.02	47.42	143.18	107.63	62.79	0	
3	143.18	107.63	126.81	162.89	57.63	1	4	
4	126.81	162.89	105.22	235.77	76.02	0	
5	105.22	235.77	93.00	277.00	43.00	1	6	

2	0	163.012	4
1	16.00	283.00	50.36	282.58	34.37	1	2	
2	50.36	282.58	62.00	282.44	11.63	2	2	6	
3	62.00	282.44	135.76	281.53	73.77	1	6	
4	135.76	281.53	179.00	281.00	43.24	0	

2	1	290.176	5
1	16.00	283.00	39.62	243.53	46.00	1	2	
2	39.62	243.53	83.04	170.97	84.56	0	
3	83.04	170.97	131.79	89.50	94.95	1	4	
4	131.79	89.50	157.81	46.01	50.67	0	
5	157.81	46.01	165.00	34.00	14.00	1	1	

2	2	0	0

2	3	138.080	5
1	16.00	283.00	50.02	275.69	34.80	1	2	
2	50.02	275.69	60.97	273.34	11.20	2	2	6	
3	60.97	273.34	131.65	258.16	72.29	1	6	
4	131.65	258.16	139.27	256.52	7.79	0	
5	139.27	256.52	151.00	254.00	12.00	1	3	

2	4	178.443	3
1	16.00	283.00	36.88	242.01	46.00	1	2	
2	36.88	242.01	74.76	167.66	83.44	0	
3	74.76	167.66	97.00	124.00	49.00	1	4	

2	5	278.325	5
1	16.00	283.00	25.75	238.05	46.00	0	
2	25.75	238.05	48.70	132.25	108.26	0	
3	48.70	132.25	56.46	96.48	36.60	1	4	
4	56.46	96.48	71.40	27.61	70.47	0	
5	71.40	27.61	75.00	11.00	17.00	1	5	

2	6	77.233	3
1	16.00	283.00	50.13	280.34	34.23	1	2	
2	50.13	280.34	61.86	279.43	11.77	2	2	6	
3	61.86	279.43	93.00	277.00	31.23	1	6	

3	0	38.897	2
1	151.00	254.00	159.64	262.33	12.00	1	3	
2	159.64	262.33	179.00	281.00	26.90	0	

3	1	220.445	3
1	151.00	254.00	151.76	242.02	12.00	1	3	
2	151.76	242.02	164.11	47.97	194.45	0	
3	164.11	47.97	165.00	34.00	14.00	1	1	

3	2	138.080	5
1	151.00	254.00	139.27	256.52	12.00	1	3	
2	139.27	256.52	131.65	258.16	7.79	0	
3	131.65	258.16	60.97	273.34	72.29	1	6	
4	60.97	273.34	50.02	275.69	11.20	2	2	6	
5	50.02	275.69	16.00	283.00	34.80	1	2	

3	3	0	0

3	4	140.769	3
1	151.00	254.00	146.40	242.92	12.00	1	3	
2	146.40	242.92	115.80	169.25	79.77	0	
3	115.80	169.25	97.00	124.00	49.00	1	4	

3	5	254.608	5
1	151.00	254.00	147.42	242.55	12.00	1	3	
2	147.42	242.55	123.28	165.36	80.88	0	
3	123.28	165.36	95.03	75.04	94.63	0	
4	95.03	75.04	80.07	27.23	50.10	0	
5	80.07	27.23	75.00	11.00	17.00	1	5	

3	6	62.394	3
1	151.00	254.00	139.85	258.42	12.00	1	3	
2	139.85	258.42	132.97	261.15	7.39	0	
3	132.97	261.15	93.00	277.00	43.00	1	6	

4	0	177.124	2
1	97.00	124.00	119.68	167.43	49.00	1	4	
2	119.68	167.43	179.00	281.00	128.12	0	

4	1	112.801	3
1	97.00	124.00	126.54	84.90	49.00	1	4	
2	126.54	84.90	156.56	45.17	49.80	0	
3	156.56	45.17	165.00	34.00	14.00	1	1	

4	2	178.443	3
1	97.00	124.00	74.76	167.66	49.00	1	4	
2	74.76	167.66	36.88	242.01	83.44	0	
3	36.88	242.01	16.00	283.00	46.00	1	2	

4	3	140.769	3
1	97.00	124.00	115.80	169.25	49.00	1	4	
2	115.80	169.25	146.40	242.92	79.77	0	
3	146.40	242.92	151.00	254.00	12.00	1	3	

4	4	0	0

4	5	115.122	3
1	97.00	124.00	87.64	75.90	49.00	1	4	
2	87.64	75.90	78.25	27.69	49.12	0	
3	78.25	27.69	75.00	11.00	17.00	1	5	

4	6	153.052	3
1	97.00	124.00	95.72	172.98	49.00	1	4	
2	95.72	172.98	94.12	234.01	61.05	0	
3	94.12	234.01	93.00	277.00	43.00	1	6	

5	0	289.337	4
1	75.00	11.00	81.11	26.86	17.00	1	5	
2	81.11	26.86	99.68	75.07	51.66	0	
3	99.68	75.07	131.81	158.49	89.39	1	4	
4	131.81	158.49	179.00	281.00	131.29	0	

5	1	92.892	3
1	75.00	11.00	91.47	15.21	17.00	1	5	
2	91.47	15.21	151.44	30.53	61.89	0	
3	151.44	30.53	165.00	34.00	14.00	1	1	

5	2	278.325	5
1	75.00	11.00	71.40	27.61	17.00	1	5	
2	71.40	27.61	56.46	96.48	70.47	0	
3	56.46	96.48	48.70	132.25	36.60	1	4	
4	48.70	132.25	25.75	238.05	108.26	0	
5	25.75	238.05	16.00	283.00	46.00	0	

5	3	254.608	5
1	75.00	11.00	80.07	27.23	17.00	1	5	
2	80.07	27.23	95.03	75.04	50.10	0	
3	95.03	75.04	123.28	165.36	94.63	0	
4	123.28	165.36	147.42	242.55	80.88	0	
5	147.42	242.55	151.00	254.00	12.00	1	3	

5	4	115.122	3
1	75.00	11.00	78.25	27.69	17.00	1	5	
2	78.25	27.69	87.64	75.90	49.12	0	
3	87.64	75.90	97.00	124.00	49.00	1	4	

5	5	0	0

5	6	266.608	5
1	75.00	11.00	76.15	27.96	17.00	0	
2	76.15	27.96	79.55	78.21	50.37	0	
3	79.55	78.21	85.88	171.72	93.72	1	4	
4	85.88	171.72	90.10	234.10	62.52	0	
5	90.10	234.10	93.00	277.00	43.00	1	6	

6	0	86.093	2
1	93.00	277.00	135.95	279.00	43.00	1	6	
2	135.95	279.00	179.00	281.00	43.09	0	

6	1	253.442	5
1	93.00	277.00	105.22	235.77	43.00	1	6	
2	105.22	235.77	126.81	162.89	76.02	0	
3	126.81	162.89	143.18	107.63	57.63	1	4	
4	143.18	107.63	161.02	47.42	62.79	0	
5	161.02	47.42	165.00	34.00	14.00	1	1	

6	2	77.233	3
1	93.00	277.00	61.86	279.43	31.23	1	6	
2	61.86	279.43	50.13	280.34	11.77	2	2	6	
3	50.13	280.34	16.00	283.00	34.23	1	2	

6	3	62.394	3
1	93.00	277.00	132.97	261.15	43.00	1	6	
2	132.97	261.15	139.85	258.42	7.39	0	
3	139.85	258.42	151.00	254.00	12.00	1	3	

6	4	153.052	3
1	93.00	277.00	94.12	234.01	43.00	1	6	
2	94.12	234.01	95.72	172.98	61.05	0	
3	95.72	172.98	97.00	124.00	49.00	1	4	

6	5	266.608	5
1	93.00	277.00	90.10	234.10	43.00	1	6	
2	90.10	234.10	85.88	171.72	62.52	0	
3	85.88	171.72	79.55	78.21	93.72	1	4	
4	79.55	78.21	76.15	27.96	50.37	0	
5	76.15	27.96	75.00	11.00	17.00	0	

6	6	0	0
