7	51	2	0.001	90.0
251.000	56.000	0.000	1.000	0.000
278.000	100.000	24.000	7.000	12.000
230.000	54.000	19.000	1.000	10.000
149.000	42.000	28.000	7.000	20.000
157.000	280.000	16.000	8.000	3.000
207.000	277.000	40.000	8.000	4.000
143.000	125.000	10.000	6.000	1.000
 


0	0	0	0

0	1	51.624	2
1	251.00	56.00	265.45	79.54	27.62	0	
2	265.45	79.54	278.00	100.00	24.00	1	1	

0	2	21.095	2
1	251.00	56.00	248.91	55.80	2.10	0	
2	248.91	55.80	230.00	54.00	19.00	1	2	

0	3	102.956	4
1	251.00	56.00	248.92	55.71	2.10	0	
2	248.92	55.71	211.32	50.55	37.96	1	2	
3	211.32	50.55	176.74	45.81	34.90	0	
4	176.74	45.81	149.00	42.00	28.00	1	3	

0	4	242.924	2
1	251.00	56.00	163.19	265.25	226.92	0	
2	163.19	265.25	157.00	280.00	16.00	1	4	

0	5	225.338	2
1	251.00	56.00	214.81	237.77	185.34	0	
2	214.81	237.77	207.00	277.00	40.00	1	5	

0	6	128.160	4
1	251.00	56.00	248.68	57.48	2.76	0	
2	248.68	57.48	225.31	72.41	27.73	1	2	
3	225.31	72.41	151.43	119.62	87.68	0	
4	151.43	119.62	143.00	125.00	10.00	1	6	

1	0	51.624	2
1	278.00	100.00	265.45	79.54	24.00	1	1	
2	265.45	79.54	251.00	56.00	27.62	0	

1	1	0	0

1	2	66.483	3
1	278.00	100.00	260.67	83.39	24.00	1	1	
2	260.67	83.39	243.72	67.15	23.48	0	
3	243.72	67.15	230.00	54.00	19.00	1	2	

1	3	141.439	3
1	278.00	100.00	256.11	90.16	24.00	1	1	
2	256.11	90.16	174.54	53.48	89.44	0	
3	174.54	53.48	149.00	42.00	28.00	1	3	

1	4	216.889	5
1	278.00	100.00	264.61	119.92	24.00	1	1	
2	264.61	119.92	176.05	251.66	158.74	0	
3	176.05	251.66	171.85	257.91	7.54	1	5	
4	171.85	257.91	165.93	266.72	10.62	0	
5	165.93	266.72	157.00	280.00	16.00	1	4	

1	5	190.709	3
1	278.00	100.00	269.06	122.27	24.00	1	1	
2	269.06	122.27	221.89	239.88	126.71	0	
3	221.89	239.88	207.00	277.00	40.00	1	5	

1	6	137.295	3
1	278.00	100.00	254.40	104.37	24.00	1	1	
2	254.40	104.37	152.83	123.18	103.30	0	
3	152.83	123.18	143.00	125.00	10.00	1	6	

2	0	21.095	2
1	230.00	54.00	248.91	55.80	19.00	1	2	
2	248.91	55.80	251.00	56.00	2.10	0	

2	1	66.483	3
1	230.00	54.00	243.72	67.15	19.00	1	2	
2	243.72	67.15	260.67	83.39	23.48	0	
3	260.67	83.39	278.00	100.00	24.00	1	1	

2	2	0	0

2	3	81.884	3
1	230.00	54.00	211.21	51.22	19.00	1	2	
2	211.21	51.22	176.70	46.10	34.88	0	
3	176.70	46.10	149.00	42.00	28.00	1	3	

2	4	237.497	3
1	230.00	54.00	224.16	72.08	19.00	1	2	
2	224.16	72.08	161.92	264.77	202.50	0	
3	161.92	264.77	157.00	280.00	16.00	1	4	

2	5	224.183	3
1	230.00	54.00	228.05	72.90	19.00	1	2	
2	228.05	72.90	211.10	237.21	165.18	0	
3	211.10	237.21	207.00	277.00	40.00	1	5	

2	6	112.294	3
1	230.00	54.00	215.28	66.01	19.00	1	2	
2	215.28	66.01	150.75	118.68	83.29	0	
3	150.75	118.68	143.00	125.00	10.00	1	6	

3	0	102.956	4
1	149.00	42.00	176.74	45.81	28.00	1	3	
2	176.74	45.81	211.32	50.55	34.90	0	
3	211.32	50.55	248.92	55.71	37.96	1	2	
4	248.92	55.71	251.00	56.00	2.10	0	

3	1	141.439	3
1	149.00	42.00	174.54	53.48	28.00	1	3	
2	174.54	53.48	256.11	90.16	89.44	0	
3	256.11	90.16	278.00	100.00	24.00	1	1	

3	2	81.884	3
1	149.00	42.00	176.70	46.10	28.00	1	3	
2	176.70	46.10	211.21	51.22	34.88	0	
3	211.21	51.22	230.00	54.00	19.00	1	2	

3	3	0	0

3	4	238.134	5
1	149.00	42.00	149.94	69.98	28.00	1	3	
2	149.94	69.98	151.62	119.93	49.98	0	
3	151.62	119.93	151.94	129.48	9.56	1	6	
4	151.94	129.48	156.46	264.01	134.61	0	
5	156.46	264.01	157.00	280.00	16.00	1	4	

3	5	242.052	3
1	149.00	42.00	155.71	69.18	28.00	1	3	
2	155.71	69.18	197.42	238.17	174.05	0	
3	197.42	238.17	207.00	277.00	40.00	1	5	

3	6	83.217	3
1	149.00	42.00	146.98	69.93	28.00	1	3	
2	146.98	69.93	143.72	115.03	45.22	0	
3	143.72	115.03	143.00	125.00	10.00	1	6	

4	0	242.924	2
1	157.00	280.00	163.19	265.25	16.00	1	4	
2	163.19	265.25	251.00	56.00	226.92	0	

4	1	216.889	5
1	157.00	280.00	165.93	266.72	16.00	1	4	
2	165.93	266.72	171.85	257.91	10.62	0	
3	171.85	257.91	176.05	251.66	7.54	1	5	
4	176.05	251.66	264.61	119.92	158.74	0	
5	264.61	119.92	278.00	100.00	24.00	1	1	

4	2	237.497	3
1	157.00	280.00	161.92	264.77	16.00	1	4	
2	161.92	264.77	224.16	72.08	202.50	0	
3	224.16	72.08	230.00	54.00	19.00	1	2	

4	3	238.134	5
1	157.00	280.00	156.46	264.01	16.00	1	4	
2	156.46	264.01	151.94	129.48	134.61	0	
3	151.94	129.48	151.62	119.93	9.56	1	6	
4	151.62	119.93	149.94	69.98	49.98	0	
5	149.94	69.98	149.00	42.00	28.00	1	3	

4	4	0	0

4	5	50.090	3
1	157.00	280.00	167.07	279.40	10.09	1	4	
2	167.07	279.40	172.97	279.04	5.91	2	4	5	
3	172.97	279.04	207.00	277.00	34.09	1	5	

4	6	155.631	3
1	157.00	280.00	155.56	264.06	16.00	1	4	
2	155.56	264.06	143.90	134.96	129.63	0	
3	143.90	134.96	143.00	125.00	10.00	1	6	

5	0	225.338	2
1	207.00	277.00	214.81	237.77	40.00	1	5	
2	214.81	237.77	251.00	56.00	185.34	0	

5	1	190.709	3
1	207.00	277.00	221.89	239.88	40.00	1	5	
2	221.89	239.88	269.06	122.27	126.71	0	
3	269.06	122.27	278.00	100.00	24.00	1	1	

5	2	224.183	3
1	207.00	277.00	211.10	237.21	40.00	1	5	
2	211.10	237.21	228.05	72.90	165.18	0	
3	228.05	72.90	230.00	54.00	19.00	1	2	

5	3	242.052	3
1	207.00	277.00	197.42	238.17	40.00	1	5	
2	197.42	238.17	155.71	69.18	174.05	0	
3	155.71	69.18	149.00	42.00	28.00	1	3	

5	4	50.090	3
1	207.00	277.00	172.97	279.04	34.09	1	5	
2	172.97	279.04	167.07	279.40	5.91	2	4	5	
3	167.07	279.40	157.00	280.00	10.09	1	4	

5	5	0	0

5	6	164.924	3
1	207.00	277.00	191.48	240.13	40.00	1	5	
2	191.48	240.13	146.88	134.22	114.92	0	
3	146.88	134.22	143.00	125.00	10.00	1	6	

6	0	128.160	4
1	143.00	125.00	151.43	119.62	10.00	1	6	
2	151.43	119.62	225.31	72.41	87.68	0	
3	225.31	72.41	248.68	57.48	27.73	1	2	
4	248.68	57.48	251.00	56.00	2.76	0	

6	1	137.295	3
1	143.00	125.00	152.83	123.18	10.00	1	6	
2	152.83	123.18	254.40	104.37	103.30	0	
3	254.40	104.37	278.00	100.00	24.00	1	1	

6	2	112.294	3
1	143.00	125.00	150.75	118.68	10.00	1	6	
2	150.75	118.68	215.28	66.01	83.29	0	
3	215.28	66.01	230.00	54.00	19.00	1	2	

6	3	83.217	3
1	143.00	125.00	143.72	115.03	10.00	1	6	
2	143.72	115.03	146.98	69.93	45.22	0	
3	146.98	69.93	149.00	42.00	28.00	1	3	

6	4	155.631	3
1	143.00	125.00	143.90	134.96	10.00	1	6	
2	143.90	134.96	155.56	264.06	129.63	0	
3	155.56	264.06	157.00	280.00	16.00	1	4	

6	5	164.924	3
1	143.00	125.00	146.88	134.22	10.00	1	6	
2	146.88	134.22	191.48	240.13	114.92	0	
3	191.48	240.13	207.00	277.00	40.00	1	5	

6	6	0	0
