7	73	2	0.001	20.0
141.000	220.000	0.000	9.000	0.000
30.000	260.000	45.000	6.000	15.000
292.000	22.000	33.000	1.000	11.000
148.000	89.000	19.000	1.000	7.000
244.000	43.000	37.000	4.000	16.000
173.000	125.000	36.000	1.000	14.000
257.000	50.000	9.000	7.000	14.000
 


0	0	0	0

0	1	117.987	2
1	141.00	220.00	72.34	244.74	72.99	0	
2	72.34	244.74	30.00	260.00	45.00	1	1	

0	2	249.008	6
1	141.00	220.00	188.77	157.36	78.77	0	
2	188.77	157.36	208.38	131.65	32.34	1	5	
3	208.38	131.65	247.93	79.79	65.21	0	
4	247.93	79.79	271.99	48.24	39.68	1	4	
5	271.99	48.24	280.52	37.05	14.07	2	2	4	
6	280.52	37.05	292.00	22.00	18.93	1	2	

0	3	131.187	4
1	141.00	220.00	144.88	147.47	72.63	0	
2	144.88	147.47	146.99	107.97	39.56	0	
3	146.99	107.97	147.43	99.66	8.33	1	3	
4	147.43	99.66	148.00	89.00	10.67	1	3	

0	4	204.788	4
1	141.00	220.00	175.38	160.92	68.35	0	
2	175.38	160.92	205.41	109.32	59.70	1	5	
3	205.41	109.32	225.39	74.98	39.73	0	
4	225.39	74.98	244.00	43.00	37.00	1	4	

0	5	100.245	2
1	141.00	220.00	161.51	159.12	64.24	0	
2	161.51	159.12	173.00	125.00	36.00	1	5	

0	6	205.806	5
1	141.00	220.00	182.05	159.84	72.83	0	
2	182.05	159.84	208.74	120.72	47.37	1	5	
3	208.74	120.72	236.99	79.33	50.11	0	
4	236.99	79.33	251.93	57.43	26.51	1	4	
5	251.93	57.43	257.00	50.00	9.00	2	4	6	

1	0	117.987	2
1	30.00	260.00	72.34	244.74	45.00	1	1	
2	72.34	244.74	141.00	220.00	72.99	0	

1	1	0	0

1	2	353.960	9
1	30.00	260.00	63.31	229.74	45.00	1	1	
2	63.31	229.74	149.04	151.87	115.82	0	
3	149.04	151.87	202.04	103.72	71.60	1	5	
4	202.04	103.72	230.82	77.57	38.89	0	
5	230.82	77.57	252.56	57.83	29.37	1	4	
6	252.56	57.83	265.22	46.33	17.10	2	4	6	
7	265.22	46.33	267.57	44.19	3.18	1	4	
8	267.57	44.19	279.68	33.19	16.35	2	2	4	
9	279.68	33.19	292.00	22.00	16.65	1	2	

1	3	207.762	3
1	30.00	260.00	55.56	222.96	45.00	1	1	
2	55.56	222.96	137.21	104.64	143.76	0	
3	137.21	104.64	148.00	89.00	19.00	1	3	

1	4	304.770	5
1	30.00	260.00	61.60	227.96	45.00	1	1	
2	61.60	227.96	143.21	145.21	116.22	0	
3	143.21	145.21	192.79	94.93	70.62	1	5	
4	192.79	94.93	218.02	69.34	35.93	0	
5	218.02	69.34	244.00	43.00	37.00	1	4	

1	5	196.657	3
1	30.00	260.00	62.72	229.11	45.00	1	1	
2	62.72	229.11	146.82	149.71	115.66	0	
3	146.82	149.71	173.00	125.00	36.00	1	5	

1	6	309.239	6
1	30.00	260.00	63.03	229.44	45.00	1	1	
2	63.03	229.44	147.96	150.87	115.70	0	
3	147.96	150.87	200.74	102.05	71.89	1	5	
4	200.74	102.05	228.33	76.52	37.60	0	
5	228.33	76.52	250.39	56.11	30.05	1	4	
6	250.39	56.11	257.00	50.00	9.00	2	4	6	

2	0	249.008	6
1	292.00	22.00	280.52	37.05	18.93	1	2	
2	280.52	37.05	271.99	48.24	14.07	2	2	4	
3	271.99	48.24	247.93	79.79	39.68	1	4	
4	247.93	79.79	208.38	131.65	65.21	0	
5	208.38	131.65	188.77	157.36	32.34	1	5	
6	188.77	157.36	141.00	220.00	78.77	0	

2	1	353.960	9
1	292.00	22.00	279.68	33.19	16.65	1	2	
2	279.68	33.19	267.57	44.19	16.35	2	2	4	
3	267.57	44.19	265.22	46.33	3.18	1	4	
4	265.22	46.33	252.56	57.83	17.10	2	4	6	
5	252.56	57.83	230.82	77.57	29.37	1	4	
6	230.82	77.57	202.04	103.72	38.89	0	
7	202.04	103.72	149.04	151.87	71.60	1	5	
8	149.04	151.87	63.31	229.74	115.82	0	
9	63.31	229.74	30.00	260.00	45.00	1	1	

2	2	0	0

2	3	158.824	5
1	292.00	22.00	278.04	28.50	15.40	1	2	
2	278.04	28.50	262.08	35.92	17.60	2	2	4	
3	262.08	35.92	210.98	59.70	56.36	1	4	
4	210.98	59.70	165.23	80.98	50.46	0	
5	165.23	80.98	148.00	89.00	19.00	1	3	

2	4	52.393	3
1	292.00	22.00	277.90	28.17	15.39	1	2	
2	277.90	28.17	261.77	35.23	17.61	2	2	4	
3	261.77	35.23	244.00	43.00	19.39	1	4	

2	5	157.385	7
1	292.00	22.00	279.56	32.77	16.46	1	2	
2	279.56	32.77	267.05	43.60	16.54	2	2	4	
3	267.05	43.60	264.81	45.53	2.96	1	4	
4	264.81	45.53	251.46	57.09	17.66	2	4	6	
5	251.46	57.09	228.78	76.72	30.00	1	4	
6	228.78	76.72	200.22	101.44	37.77	0	
7	200.22	101.44	173.00	125.00	36.00	1	5	

2	6	44.822	4
1	292.00	22.00	279.36	32.11	16.19	1	2	
2	279.36	32.11	266.23	42.62	16.81	2	2	4	
3	266.23	42.62	264.03	44.38	2.82	1	4	
4	264.03	44.38	257.00	50.00	9.00	2	4	6	

3	0	131.187	4
1	148.00	89.00	147.43	99.66	10.67	1	3	
2	147.43	99.66	146.99	107.97	8.33	1	3	
3	146.99	107.97	144.88	147.47	39.56	0	
4	144.88	147.47	141.00	220.00	72.63	0	

3	1	207.762	3
1	148.00	89.00	137.21	104.64	19.00	1	3	
2	137.21	104.64	55.56	222.96	143.76	0	
3	55.56	222.96	30.00	260.00	45.00	1	1	

3	2	158.824	5
1	148.00	89.00	165.23	80.98	19.00	1	3	
2	165.23	80.98	210.98	59.70	50.46	0	
3	210.98	59.70	262.08	35.92	56.36	1	4	
4	262.08	35.92	278.04	28.50	17.60	2	2	4	
5	278.04	28.50	292.00	22.00	15.40	1	2	

3	3	0	0

3	4	106.452	3
1	148.00	89.00	165.13	80.79	19.00	1	3	
2	165.13	80.79	210.63	58.99	50.45	0	
3	210.63	58.99	244.00	43.00	37.00	1	4	

3	5	43.829	3
1	148.00	89.00	152.47	95.43	7.83	1	3	
2	152.47	95.43	158.84	104.61	11.17	2	3	5	
3	158.84	104.61	173.00	125.00	24.83	1	5	

3	6	115.767	4
1	148.00	89.00	165.89	82.60	19.00	1	3	
2	165.89	82.60	214.43	65.23	51.55	0	
3	214.43	65.23	248.53	53.03	36.22	1	4	
4	248.53	53.03	257.00	50.00	9.00	2	4	6	

4	0	204.788	4
1	244.00	43.00	225.39	74.98	37.00	1	4	
2	225.39	74.98	205.41	109.32	39.73	0	
3	205.41	109.32	175.38	160.92	59.70	1	5	
4	175.38	160.92	141.00	220.00	68.35	0	

4	1	304.770	5
1	244.00	43.00	218.02	69.34	37.00	1	4	
2	218.02	69.34	192.79	94.93	35.93	0	
3	192.79	94.93	143.21	145.21	70.62	1	5	
4	143.21	145.21	61.60	227.96	116.22	0	
5	61.60	227.96	30.00	260.00	45.00	1	1	

4	2	52.393	3
1	244.00	43.00	261.77	35.23	19.39	1	4	
2	261.77	35.23	277.90	28.17	17.61	2	2	4	
3	277.90	28.17	292.00	22.00	15.39	1	2	

4	3	106.452	3
1	244.00	43.00	210.63	58.99	37.00	1	4	
2	210.63	58.99	165.13	80.79	50.45	0	
3	165.13	80.79	148.00	89.00	19.00	1	3	

4	4	0	0

4	5	108.467	3
1	244.00	43.00	219.78	70.97	37.00	1	4	
2	219.78	70.97	196.56	97.78	35.47	0	
3	196.56	97.78	173.00	125.00	36.00	1	5	

4	6	14.765	2
1	244.00	43.00	249.08	45.73	5.76	1	4	
2	249.08	45.73	257.00	50.00	9.00	2	4	6	

5	0	100.245	2
1	173.00	125.00	161.51	159.12	36.00	1	5	
2	161.51	159.12	141.00	220.00	64.24	0	

5	1	196.657	3
1	173.00	125.00	146.82	149.71	36.00	1	5	
2	146.82	149.71	62.72	229.11	115.66	0	
3	62.72	229.11	30.00	260.00	45.00	1	1	

5	2	157.385	7
1	173.00	125.00	200.22	101.44	36.00	1	5	
2	200.22	101.44	228.78	76.72	37.77	0	
3	228.78	76.72	251.46	57.09	30.00	1	4	
4	251.46	57.09	264.81	45.53	17.66	2	4	6	
5	264.81	45.53	267.05	43.60	2.96	1	4	
6	267.05	43.60	279.56	32.77	16.54	2	2	4	
7	279.56	32.77	292.00	22.00	16.46	1	2	

5	3	43.829	3
1	173.00	125.00	158.84	104.61	24.83	1	5	
2	158.84	104.61	152.47	95.43	11.17	2	3	5	
3	152.47	95.43	148.00	89.00	7.83	1	3	

5	4	108.467	3
1	173.00	125.00	196.56	97.78	36.00	1	5	
2	196.56	97.78	219.78	70.97	35.47	0	
3	219.78	70.97	244.00	43.00	37.00	1	4	

5	5	0	0

5	6	112.610	4
1	173.00	125.00	199.85	101.02	36.00	1	5	
2	199.85	101.02	227.66	76.20	37.28	0	
3	227.66	76.20	250.29	55.99	30.33	1	4	
4	250.29	55.99	257.00	50.00	9.00	2	4	6	

6	0	205.806	5
1	257.00	50.00	251.93	57.43	9.00	2	4	6	
2	251.93	57.43	236.99	79.33	26.51	1	4	
3	236.99	79.33	208.74	120.72	50.11	0	
4	208.74	120.72	182.05	159.84	47.37	1	5	
5	182.05	159.84	141.00	220.00	72.83	0	

6	1	309.239	6
1	257.00	50.00	250.39	56.11	9.00	2	4	6	
2	250.39	56.11	228.33	76.52	30.05	1	4	
3	228.33	76.52	200.74	102.05	37.60	0	
4	200.74	102.05	147.96	150.87	71.89	1	5	
5	147.96	150.87	63.03	229.44	115.70	0	
6	63.03	229.44	30.00	260.00	45.00	1	1	

6	2	44.822	4
1	257.00	50.00	264.03	44.38	9.00	2	4	6	
2	264.03	44.38	266.23	42.62	2.82	1	4	
3	266.23	42.62	279.36	32.11	16.81	2	2	4	
4	279.36	32.11	292.00	22.00	16.19	1	2	

6	3	115.767	4
1	257.00	50.00	248.53	53.03	9.00	2	4	6	
2	248.53	53.03	214.43	65.23	36.22	1	4	
3	214.43	65.23	165.89	82.60	51.55	0	
4	165.89	82.60	148.00	89.00	19.00	1	3	

6	4	14.765	2
1	257.00	50.00	249.08	45.73	9.00	2	4	6	
2	249.08	45.73	244.00	43.00	5.76	1	4	

6	5	112.610	4
1	257.00	50.00	250.29	55.99	9.00	2	4	6	
2	250.29	55.99	227.66	76.20	30.33	1	4	
3	227.66	76.20	199.85	101.02	37.28	0	
4	199.85	101.02	173.00	125.00	36.00	1	5	

6	6	0	0
