7	59	2	0.001	40.0
223.000	55.000	0.000	6.000	0.000
116.000	64.000	12.000	5.000	10.000
112.000	64.000	33.000	5.000	19.000
217.000	209.000	37.000	9.000	9.000
137.000	166.000	37.000	5.000	12.000
159.000	272.000	18.000	1.000	9.000
3.000	108.000	46.000	9.000	3.000
 


0	0	0	0

0	1	107.378	3
1	223.00	55.00	144.91	61.57	78.37	0	
2	144.91	61.57	127.96	62.99	17.01	1	2	
3	127.96	62.99	116.00	64.00	12.00	2	1	2	

0	2	111.364	3
1	223.00	55.00	144.89	61.33	78.36	0	
2	144.89	61.33	127.93	62.71	17.02	1	2	
3	127.93	62.71	112.00	64.00	15.98	2	1	2	

0	3	154.117	2
1	223.00	55.00	218.44	172.03	117.12	0	
2	218.44	172.03	217.00	209.00	37.00	0	

0	4	140.417	2
1	223.00	55.00	159.66	136.75	103.42	0	
2	159.66	136.75	137.00	166.00	37.00	1	4	

0	5	226.241	2
1	223.00	55.00	164.09	254.74	208.24	0	
2	164.09	254.74	159.00	272.00	18.00	1	5	

0	6	226.294	4
1	223.00	55.00	143.39	74.18	81.89	0	
2	143.39	74.18	88.69	87.36	56.27	1	2	
3	88.69	87.36	47.72	97.23	42.14	0	
4	47.72	97.23	3.00	108.00	46.00	1	6	

1	0	107.378	3
1	116.00	64.00	127.96	62.99	12.00	2	1	2	
2	127.96	62.99	144.91	61.57	17.01	1	2	
3	144.91	61.57	223.00	55.00	78.37	0	

1	1	0	0

1	2	4.000	1
1	116.00	64.00	112.00	64.00	4.00	2	1	2	

1	3	176.709	4
1	116.00	64.00	122.86	73.85	12.00	2	1	2	
2	122.86	73.85	133.46	89.07	18.55	1	2	
3	133.46	89.07	195.85	178.64	109.16	0	
4	195.85	178.64	217.00	209.00	37.00	1	3	

1	4	104.139	4
1	116.00	64.00	118.42	75.75	12.00	2	1	2	
2	118.42	75.75	122.44	95.30	19.96	1	2	
3	122.44	95.30	129.54	129.76	35.18	0	
4	129.54	129.76	137.00	166.00	37.00	0	

1	5	212.398	6
1	116.00	64.00	118.43	75.75	12.00	2	1	2	
2	118.43	75.75	122.47	95.30	19.96	0	
3	122.47	95.30	129.59	129.75	35.18	0	
4	129.59	129.75	144.57	202.22	74.00	1	4	
5	144.57	202.22	155.36	254.37	53.26	0	
6	155.36	254.37	159.00	272.00	18.00	1	5	

1	6	121.264	4
1	116.00	64.00	104.82	68.35	12.00	2	1	2	
2	104.82	68.35	81.81	77.31	24.70	1	2	
3	81.81	77.31	45.87	91.31	38.57	0	
4	45.87	91.31	3.00	108.00	46.00	1	6	

2	0	111.364	3
1	112.00	64.00	127.93	62.71	15.98	2	1	2	
2	127.93	62.71	144.89	61.33	17.02	1	2	
3	144.89	61.33	223.00	55.00	78.36	0	

2	1	4.000	1
1	112.00	64.00	116.00	64.00	4.00	2	1	2	

2	2	0	0

2	3	179.025	4
1	112.00	64.00	120.15	75.26	13.90	2	1	2	
2	120.15	75.26	131.35	90.73	19.10	1	2	
3	131.35	90.73	195.30	179.03	109.03	0	
4	195.30	179.03	217.00	209.00	37.00	1	3	

2	4	105.019	4
1	112.00	64.00	114.93	75.95	12.31	2	1	2	
2	114.93	75.95	119.86	96.05	20.69	1	2	
3	119.86	96.05	128.19	130.06	35.02	0	
4	128.19	130.06	137.00	166.00	37.00	1	4	

2	5	213.244	6
1	112.00	64.00	114.70	75.93	12.23	2	1	2	
2	114.70	75.93	119.27	96.19	20.77	0	
3	119.27	96.19	127.00	130.38	35.05	0	
4	127.00	130.38	143.29	202.46	73.90	0	
5	143.29	202.46	155.03	254.44	53.29	0	
6	155.03	254.44	159.00	272.00	18.00	1	5	

2	6	117.546	4
1	112.00	64.00	104.40	67.07	8.20	2	1	2	
2	104.40	67.07	81.40	76.35	24.80	1	2	
3	81.40	76.35	45.66	90.78	38.55	0	
4	45.66	90.78	3.00	108.00	46.00	1	6	

3	0	154.117	2
1	217.00	209.00	218.44	172.03	37.00	0	
2	218.44	172.03	223.00	55.00	117.12	0	

3	1	176.709	4
1	217.00	209.00	195.85	178.64	37.00	1	3	
2	195.85	178.64	133.46	89.07	109.16	0	
3	133.46	89.07	122.86	73.85	18.55	1	2	
4	122.86	73.85	116.00	64.00	12.00	2	1	2	

3	2	179.025	4
1	217.00	209.00	195.30	179.03	37.00	1	3	
2	195.30	179.03	131.35	90.73	109.03	0	
3	131.35	90.73	120.15	75.26	19.10	1	2	
4	120.15	75.26	112.00	64.00	13.90	2	1	2	

3	3	0	0

3	4	90.824	3
1	217.00	209.00	184.41	191.48	37.00	1	3	
2	184.41	191.48	169.59	183.52	16.82	0	
3	169.59	183.52	137.00	166.00	37.00	1	4	

3	5	85.633	3
1	217.00	209.00	191.94	236.22	37.00	1	3	
2	191.94	236.22	171.19	258.76	30.63	0	
3	171.19	258.76	159.00	272.00	18.00	1	5	

3	6	236.637	5
1	217.00	209.00	183.54	193.21	37.00	1	3	
2	183.54	193.21	168.16	185.95	17.01	0	
3	168.16	185.95	101.79	154.63	73.39	1	4	
4	101.79	154.63	44.60	127.63	63.24	0	
5	44.60	127.63	3.00	108.00	46.00	1	6	

4	0	140.417	2
1	137.00	166.00	159.66	136.75	37.00	1	4	
2	159.66	136.75	223.00	55.00	103.42	0	

4	1	104.139	4
1	137.00	166.00	129.54	129.76	37.00	0	
2	129.54	129.76	122.44	95.30	35.18	0	
3	122.44	95.30	118.42	75.75	19.96	1	2	
4	118.42	75.75	116.00	64.00	12.00	2	1	2	

4	2	105.019	4
1	137.00	166.00	128.19	130.06	37.00	1	4	
2	128.19	130.06	119.86	96.05	35.02	0	
3	119.86	96.05	114.93	75.95	20.69	1	2	
4	114.93	75.95	112.00	64.00	12.31	2	1	2	

4	3	90.824	3
1	137.00	166.00	169.59	183.52	37.00	1	4	
2	169.59	183.52	184.41	191.48	16.82	0	
3	184.41	191.48	217.00	209.00	37.00	1	3	

4	4	0	0

4	5	108.259	3
1	137.00	166.00	144.52	202.23	37.00	1	4	
2	144.52	202.23	155.34	254.38	53.26	0	
3	155.34	254.38	159.00	272.00	18.00	1	5	

4	6	146.014	3
1	137.00	166.00	103.04	151.30	37.00	1	4	
2	103.04	151.30	45.22	126.27	63.01	0	
3	45.22	126.27	3.00	108.00	46.00	1	6	

5	0	226.241	2
1	159.00	272.00	164.09	254.74	18.00	1	5	
2	164.09	254.74	223.00	55.00	208.24	0	

5	1	212.398	6
1	159.00	272.00	155.36	254.37	18.00	1	5	
2	155.36	254.37	144.57	202.22	53.26	0	
3	144.57	202.22	129.59	129.75	74.00	1	4	
4	129.59	129.75	122.47	95.30	35.18	0	
5	122.47	95.30	118.43	75.75	19.96	0	
6	118.43	75.75	116.00	64.00	12.00	2	1	2	

5	2	213.244	6
1	159.00	272.00	155.03	254.44	18.00	1	5	
2	155.03	254.44	143.29	202.46	53.29	0	
3	143.29	202.46	127.00	130.38	73.90	0	
4	127.00	130.38	119.27	96.19	35.05	0	
5	119.27	96.19	114.70	75.93	20.77	0	
6	114.70	75.93	112.00	64.00	12.23	2	1	2	

5	3	85.633	3
1	159.00	272.00	171.19	258.76	18.00	1	5	
2	171.19	258.76	191.94	236.22	30.63	0	
3	191.94	236.22	217.00	209.00	37.00	1	3	

5	4	108.259	3
1	159.00	272.00	155.34	254.38	18.00	1	5	
2	155.34	254.38	144.52	202.23	53.26	0	
3	144.52	202.23	137.00	166.00	37.00	1	4	

5	5	0	0

5	6	226.345	3
1	159.00	272.00	146.59	258.96	18.00	1	5	
2	146.59	258.96	34.70	141.33	162.35	0	
3	34.70	141.33	3.00	108.00	46.00	1	6	

6	0	226.294	4
1	3.00	108.00	47.72	97.23	46.00	1	6	
2	47.72	97.23	88.69	87.36	42.14	0	
3	88.69	87.36	143.39	74.18	56.27	1	2	
4	143.39	74.18	223.00	55.00	81.89	0	

6	1	121.264	4
1	3.00	108.00	45.87	91.31	46.00	1	6	
2	45.87	91.31	81.81	77.31	38.57	0	
3	81.81	77.31	104.82	68.35	24.70	1	2	
4	104.82	68.35	116.00	64.00	12.00	2	1	2	

6	2	117.546	4
1	3.00	108.00	45.66	90.78	46.00	1	6	
2	45.66	90.78	81.40	76.35	38.55	0	
3	81.40	76.35	104.40	67.07	24.80	1	2	
4	104.40	67.07	112.00	64.00	8.20	2	1	2	

6	3	236.637	5
1	3.00	108.00	44.60	127.63	46.00	1	6	
2	44.60	127.63	101.79	154.63	63.24	0	
3	101.79	154.63	168.16	185.95	73.39	1	4	
4	168.16	185.95	183.54	193.21	17.01	0	
5	183.54	193.21	217.00	209.00	37.00	1	3	

6	4	146.014	3
1	3.00	108.00	45.22	126.27	46.00	1	6	
2	45.22	126.27	103.04	151.30	63.01	0	
3	103.04	151.30	137.00	166.00	37.00	1	4	

6	5	226.345	3
1	3.00	108.00	34.70	141.33	46.00	1	6	
2	34.70	141.33	146.59	258.96	162.35	0	
3	146.59	258.96	159.00	272.00	18.00	1	5	

6	6	0	0
