11	209	2	0.001	35.0
59.000	14.000	0.000	1.000	0.000
141.000	39.000	35.000	5.000	8.000
123.000	187.000	41.000	6.000	19.000
197.000	66.000	20.000	1.000	4.000
97.000	54.000	49.000	2.000	11.000
259.000	41.000	15.000	1.000	7.000
125.000	160.000	17.000	9.000	8.000
11.000	0.000	42.000	5.000	15.000
150.000	188.000	7.000	6.000	4.000
280.000	242.000	1.000	8.000	4.000
129.000	241.000	44.000	5.000	8.000
 


0	0	0	0

0	1	85.726	3
1	59.00	14.00	65.93	16.11	7.24	0	
2	65.93	16.11	107.52	28.79	43.48	1	4	
3	107.52	28.79	141.00	39.00	35.00	2	1	4	

0	2	184.459	6
1	59.00	14.00	61.36	20.37	6.80	0	
2	61.36	20.37	91.82	102.73	87.81	0	
3	91.82	102.73	108.77	148.55	48.86	0	
4	108.77	148.55	110.03	151.94	3.62	1	2	
5	110.03	151.94	118.88	175.86	25.50	2	2	6	
6	118.88	175.86	123.00	187.00	11.88	1	2	

0	3	147.472	6
1	59.00	14.00	65.51	16.45	6.96	0	
2	65.51	16.45	106.71	31.98	44.02	1	4	
3	106.71	31.98	145.43	46.57	41.38	2	1	4	
4	145.43	46.57	171.40	56.35	27.74	1	1	
5	171.40	56.35	178.28	58.95	7.36	0	
6	178.28	58.95	197.00	66.00	20.00	1	3	

0	4	55.172	2
1	59.00	14.00	63.25	18.48	6.17	0	
2	63.25	18.48	97.00	54.00	49.00	1	4	

0	5	201.814	6
1	59.00	14.00	67.20	15.11	8.27	0	
2	67.20	15.11	110.97	21.02	44.17	1	4	
3	110.97	21.02	136.05	24.40	25.30	2	1	4	
4	136.05	24.40	174.72	29.62	39.02	1	1	
5	174.72	29.62	244.13	38.99	70.04	0	
6	244.13	38.99	259.00	41.00	15.00	1	5	

0	6	160.225	5
1	59.00	14.00	61.71	20.00	6.59	0	
2	61.71	20.00	99.21	102.95	91.03	1	4	
3	99.21	102.95	118.00	144.51	45.61	0	
4	118.00	144.51	118.77	146.22	1.88	1	6	
5	118.77	146.22	125.00	160.00	15.12	2	2	6	

0	7	50.000	2
1	59.00	14.00	51.32	11.76	8.00	0	
2	51.32	11.76	11.00	0.00	42.00	1	7	

0	8	196.359	7
1	59.00	14.00	61.99	19.72	6.45	0	
2	61.99	19.72	105.19	102.31	93.21	1	4	
3	105.19	102.31	126.50	143.07	45.99	0	
4	126.50	143.07	128.21	146.33	3.69	1	6	
5	128.21	146.33	139.76	168.43	24.93	2	2	6	
6	139.76	168.43	146.76	181.80	15.09	1	2	
7	146.76	181.80	150.00	188.00	7.00	2	2	8	

0	9	317.530	4
1	59.00	14.00	63.30	18.43	6.17	0	
2	63.30	18.43	131.50	88.80	97.99	1	4	
3	131.50	88.80	279.30	241.28	212.36	0	
4	279.30	241.28	280.00	242.00	1.00	1	9	

0	10	237.548	6
1	59.00	14.00	61.06	20.69	7.00	0	
2	61.06	20.69	86.06	101.76	84.84	1	4	
3	86.06	101.76	101.57	152.05	52.62	0	
4	101.57	152.05	116.03	198.95	49.09	1	2	
5	116.03	198.95	124.98	227.95	30.35	2	2	10	
6	124.98	227.95	129.00	241.00	13.65	1	10	

1	0	85.726	3
1	141.00	39.00	107.52	28.79	35.00	2	1	4	
2	107.52	28.79	65.93	16.11	43.48	1	4	
3	65.93	16.11	59.00	14.00	7.24	0	

1	1	0	0

1	2	149.091	6
1	141.00	39.00	136.77	73.74	35.00	2	1	4	
2	136.77	73.74	135.49	84.33	10.66	0	
3	135.49	84.33	128.31	143.33	59.43	0	
4	128.31	143.33	127.95	146.30	3.00	1	6	
5	127.95	146.30	124.22	176.98	30.91	2	2	6	
6	124.22	176.98	123.00	187.00	10.09	1	2	

1	3	62.169	4
1	141.00	39.00	144.10	40.50	3.44	2	1	4	
2	144.10	40.50	172.53	54.20	31.56	1	1	
3	172.53	54.20	178.98	57.31	7.17	0	
4	178.98	57.31	197.00	66.00	20.00	1	3	

1	4	46.487	2
1	141.00	39.00	107.87	50.29	35.00	2	1	4	
2	107.87	50.29	97.00	54.00	11.49	1	4	

1	5	118.017	4
1	141.00	39.00	143.66	39.05	2.66	2	1	4	
2	143.66	39.05	176.00	39.59	32.34	1	1	
3	176.00	39.59	244.00	40.75	68.02	0	
4	244.00	40.75	259.00	41.00	15.00	1	5	

1	6	122.053	5
1	141.00	39.00	136.41	73.70	35.00	1	4	
2	136.41	73.70	134.91	85.04	11.44	1	4	
3	134.91	85.04	127.23	143.15	58.61	0	
4	127.23	143.15	126.83	146.18	3.06	1	6	
5	126.83	146.18	125.00	160.00	13.94	1	6	

1	7	135.724	4
1	141.00	39.00	107.48	28.94	35.00	2	1	4	
2	107.48	28.94	65.60	16.38	43.72	1	4	
3	65.60	16.38	51.23	12.07	15.01	0	
4	51.23	12.07	11.00	0.00	42.00	1	7	

1	8	149.272	5
1	141.00	39.00	142.94	71.05	32.11	2	1	4	
2	142.94	71.05	143.11	73.94	2.89	1	1	
3	143.11	73.94	147.98	154.48	80.70	0	
4	147.98	154.48	149.58	181.01	26.58	0	
5	149.58	181.01	150.00	188.00	7.00	2	2	8	

1	9	246.028	4
1	141.00	39.00	145.19	45.12	7.41	2	1	4	
2	145.19	45.12	160.77	67.88	27.59	1	1	
3	160.77	67.88	279.44	241.17	210.03	0	
4	279.44	241.17	280.00	242.00	1.00	1	9	

1	10	202.356	8
1	141.00	39.00	138.92	73.94	35.00	2	1	4	
2	138.92	73.94	138.57	79.95	6.02	0	
3	138.57	79.95	134.64	146.00	66.17	0	
4	134.64	146.00	134.54	147.66	1.66	0	
5	134.54	147.66	132.92	175.04	27.43	2	2	6	
6	132.92	175.04	131.61	197.08	22.07	1	2	
7	131.61	197.08	129.81	227.43	30.41	1	2	
8	129.81	227.43	129.00	241.00	13.59	1	10	

2	0	184.459	6
1	123.00	187.00	118.88	175.86	11.88	1	2	
2	118.88	175.86	110.03	151.94	25.50	2	2	6	
3	110.03	151.94	108.77	148.55	3.62	1	2	
4	108.77	148.55	91.82	102.73	48.86	0	
5	91.82	102.73	61.36	20.37	87.81	0	
6	61.36	20.37	59.00	14.00	6.80	0	

2	1	149.091	6
1	123.00	187.00	124.22	176.98	10.09	1	2	
2	124.22	176.98	127.95	146.30	30.91	2	2	6	
3	127.95	146.30	128.31	143.33	3.00	1	6	
4	128.31	143.33	135.49	84.33	59.43	0	
5	135.49	84.33	136.77	73.74	10.66	0	
6	136.77	73.74	141.00	39.00	35.00	2	1	4	

2	2	0	0

2	3	141.834	5
1	123.00	187.00	129.48	176.40	12.43	1	2	
2	129.48	176.40	141.64	156.52	23.30	2	2	6	
3	141.64	156.52	144.39	152.02	5.27	1	2	
4	144.39	152.02	186.57	83.06	80.83	0	
5	186.57	83.06	197.00	66.00	20.00	1	3	

2	4	135.518	5
1	123.00	187.00	120.95	176.51	10.69	1	2	
2	120.95	176.51	115.13	146.76	30.31	2	2	6	
3	115.13	146.76	115.03	146.23	0.54	1	6	
4	115.03	146.23	106.40	102.09	44.98	0	
5	106.40	102.09	97.00	54.00	49.00	1	4	

2	5	199.529	5
1	123.00	187.00	136.42	172.59	19.69	1	2	
2	136.42	172.59	138.37	170.50	2.86	2	2	6	
3	138.37	170.50	150.95	157.00	18.45	1	2	
4	150.95	157.00	248.78	51.98	143.53	0	
5	248.78	51.98	259.00	41.00	15.00	1	5	

2	6	27.074	2
1	123.00	187.00	123.74	176.95	10.07	1	2	
2	123.74	176.95	125.00	160.00	17.00	2	2	6	

2	7	217.975	7
1	123.00	187.00	115.11	173.83	15.35	1	2	
2	115.11	173.83	108.14	162.19	13.56	2	2	6	
3	108.14	162.19	101.93	151.83	12.08	1	2	
4	101.93	151.83	66.14	92.06	69.67	0	
5	66.14	92.06	48.88	63.25	33.58	1	4	
6	48.88	63.25	32.58	36.03	31.72	0	
7	32.58	36.03	11.00	0.00	42.00	1	7	

2	8	27.019	2
1	123.00	187.00	143.00	187.74	20.02	1	2	
2	143.00	187.74	150.00	188.00	7.00	2	2	8	

2	9	166.355	3
1	123.00	187.00	161.69	200.56	41.00	1	2	
2	161.69	200.56	279.06	241.67	124.36	0	
3	279.06	241.67	280.00	242.00	1.00	1	9	

2	10	54.332	3
1	123.00	187.00	124.14	197.27	10.33	1	2	
2	124.14	197.27	127.53	227.75	30.67	1	2	
3	127.53	227.75	129.00	241.00	13.33	1	10	

3	0	147.472	6
1	197.00	66.00	178.28	58.95	20.00	1	3	
2	178.28	58.95	171.40	56.35	7.36	0	
3	171.40	56.35	145.43	46.57	27.74	1	1	
4	145.43	46.57	106.71	31.98	41.38	2	1	4	
5	106.71	31.98	65.51	16.45	44.02	1	4	
6	65.51	16.45	59.00	14.00	6.96	0	

3	1	62.169	4
1	197.00	66.00	178.98	57.31	20.00	1	3	
2	178.98	57.31	172.53	54.20	7.17	0	
3	172.53	54.20	144.10	40.50	31.56	1	1	
4	144.10	40.50	141.00	39.00	3.44	2	1	4	

3	2	141.834	5
1	197.00	66.00	186.57	83.06	20.00	1	3	
2	186.57	83.06	144.39	152.02	80.83	0	
3	144.39	152.02	141.64	156.52	5.27	1	2	
4	141.64	156.52	129.48	176.40	23.30	2	2	6	
5	129.48	176.40	123.00	187.00	12.43	1	2	

3	3	0	0

3	4	100.717	5
1	197.00	66.00	177.14	63.62	20.00	1	3	
2	177.14	63.62	167.03	62.40	10.19	0	
3	167.03	62.40	145.65	59.84	21.53	1	1	
4	145.65	59.84	110.18	55.58	35.73	2	1	4	
5	110.18	55.58	97.00	54.00	13.27	1	4	

3	5	66.851	3
1	197.00	66.00	215.55	58.52	20.00	1	3	
2	215.55	58.52	245.09	46.61	31.85	0	
3	245.09	46.61	259.00	41.00	15.00	1	5	

3	6	118.406	4
1	197.00	66.00	184.84	81.88	20.00	1	3	
2	184.84	81.88	135.34	146.50	81.41	0	
3	135.34	146.50	134.47	147.64	1.43	1	6	
4	134.47	147.64	125.00	160.00	15.57	2	2	6	

3	7	197.363	7
1	197.00	66.00	178.15	59.31	20.00	1	3	
2	178.15	59.31	171.12	56.82	7.46	0	
3	171.12	56.82	145.60	47.76	27.08	1	1	
4	145.60	47.76	106.38	33.85	41.62	2	1	4	
5	106.38	33.85	63.20	18.52	45.82	1	4	
6	63.20	18.52	50.58	14.05	13.39	0	
7	50.58	14.05	11.00	0.00	42.00	1	7	

3	8	130.740	4
1	197.00	66.00	189.81	84.66	20.00	1	3	
2	189.81	84.66	158.37	166.27	87.45	0	
3	158.37	166.27	152.52	181.47	16.29	1	2	
4	152.52	181.47	150.00	188.00	7.00	2	2	8	

3	9	194.589	3
1	197.00	66.00	205.53	84.09	20.00	1	3	
2	205.53	84.09	279.57	241.10	173.59	0	
3	279.57	241.10	280.00	242.00	1.00	1	9	

3	10	187.747	7
1	197.00	66.00	189.76	84.64	20.00	1	3	
2	189.76	84.64	158.17	165.93	87.21	0	
3	158.17	165.93	152.18	181.35	16.54	1	2	
4	152.18	181.35	147.12	194.38	13.98	2	2	8	
5	147.12	194.38	144.94	199.99	6.02	1	2	
6	144.94	199.99	134.72	226.29	28.22	2	2	10	
7	134.72	226.29	129.00	241.00	15.78	1	10	

4	0	55.172	2
1	97.00	54.00	63.25	18.48	49.00	1	4	
2	63.25	18.48	59.00	14.00	6.17	0	

4	1	46.487	2
1	97.00	54.00	107.87	50.29	11.49	1	4	
2	107.87	50.29	141.00	39.00	35.00	2	1	4	

4	2	135.518	5
1	97.00	54.00	106.40	102.09	49.00	1	4	
2	106.40	102.09	115.03	146.23	44.98	0	
3	115.03	146.23	115.13	146.76	0.54	1	6	
4	115.13	146.76	120.95	176.51	30.31	2	2	6	
5	120.95	176.51	123.00	187.00	10.69	1	2	

4	3	100.717	5
1	97.00	54.00	110.18	55.58	13.27	1	4	
2	110.18	55.58	145.65	59.84	35.73	2	1	4	
3	145.65	59.84	167.03	62.40	21.53	1	1	
4	167.03	62.40	177.14	63.62	10.19	0	
5	177.14	63.62	197.00	66.00	20.00	1	3	

4	4	0	0

4	5	162.521	7
1	97.00	54.00	108.94	53.04	11.98	1	4	
2	108.94	53.04	145.84	50.08	37.02	2	1	4	
3	145.84	50.08	174.89	47.75	29.14	1	1	
4	174.89	47.75	194.15	46.20	19.32	0	
5	194.15	46.20	196.66	46.00	2.51	1	3	
6	196.66	46.00	244.05	42.20	47.55	0	
7	244.05	42.20	259.00	41.00	15.00	1	5	

4	6	109.636	4
1	97.00	54.00	109.51	101.38	49.00	0	
2	109.51	101.38	120.66	143.56	43.64	0	
3	120.66	143.56	121.31	146.03	2.56	1	6	
4	121.31	146.03	125.00	160.00	14.44	2	2	6	

4	7	101.548	3
1	97.00	54.00	55.50	27.94	49.00	1	4	
2	55.50	27.94	46.57	22.33	10.55	0	
3	46.57	22.33	11.00	0.00	42.00	1	7	

4	8	144.101	6
1	97.00	54.00	115.02	99.57	49.00	1	4	
2	115.02	99.57	132.99	144.99	48.85	0	
3	132.99	144.99	133.98	147.50	2.69	1	6	
4	133.98	147.50	141.09	165.48	19.34	2	2	6	
5	141.09	165.48	147.43	181.49	17.22	1	2	
6	147.43	181.49	150.00	188.00	7.00	2	2	8	

4	9	262.360	3
1	97.00	54.00	131.18	89.11	49.00	1	4	
2	131.18	89.11	279.30	241.28	212.36	0	
3	279.30	241.28	280.00	242.00	1.00	1	9	

4	10	189.718	7
1	97.00	54.00	105.26	102.30	49.00	1	4	
2	105.26	102.30	112.96	147.25	45.60	0	
3	112.96	147.25	113.07	147.89	0.65	1	2	
4	113.07	147.89	117.77	175.39	27.89	2	2	6	
5	117.77	175.39	121.58	197.63	22.57	1	2	
6	121.58	197.63	126.75	227.83	30.64	1	10	
7	126.75	227.83	129.00	241.00	13.36	1	10	

5	0	201.814	6
1	259.00	41.00	244.13	38.99	15.00	1	5	
2	244.13	38.99	174.72	29.62	70.04	0	
3	174.72	29.62	136.05	24.40	39.02	1	1	
4	136.05	24.40	110.97	21.02	25.30	2	1	4	
5	110.97	21.02	67.20	15.11	44.17	1	4	
6	67.20	15.11	59.00	14.00	8.27	0	

5	1	118.017	4
1	259.00	41.00	244.00	40.75	15.00	1	5	
2	244.00	40.75	176.00	39.59	68.02	0	
3	176.00	39.59	143.66	39.05	32.34	1	1	
4	143.66	39.05	141.00	39.00	2.66	2	1	4	

5	2	199.529	5
1	259.00	41.00	248.78	51.98	15.00	1	5	
2	248.78	51.98	150.95	157.00	143.53	0	
3	150.95	157.00	138.37	170.50	18.45	1	2	
4	138.37	170.50	136.42	172.59	2.86	2	2	6	
5	136.42	172.59	123.00	187.00	19.69	1	2	

5	3	66.851	3
1	259.00	41.00	245.09	46.61	15.00	1	5	
2	245.09	46.61	215.55	58.52	31.85	0	
3	215.55	58.52	197.00	66.00	20.00	1	3	

5	4	162.521	7
1	259.00	41.00	244.05	42.20	15.00	1	5	
2	244.05	42.20	196.66	46.00	47.55	0	
3	196.66	46.00	194.15	46.20	2.51	1	3	
4	194.15	46.20	174.89	47.75	19.32	0	
5	174.89	47.75	145.84	50.08	29.14	1	1	
6	145.84	50.08	108.94	53.04	37.02	2	1	4	
7	108.94	53.04	97.00	54.00	11.98	1	4	

5	5	0	0

5	6	179.212	4
1	259.00	41.00	247.78	50.96	15.00	1	5	
2	247.78	50.96	137.71	148.71	147.21	0	
3	137.71	148.71	137.70	148.72	0.02	1	6	
4	137.70	148.72	125.00	160.00	16.98	2	2	6	

5	7	251.366	7
1	259.00	41.00	244.20	38.55	15.00	1	5	
2	244.20	38.55	173.85	26.92	71.31	0	
3	173.85	26.92	132.34	20.06	42.07	1	1	
4	132.34	20.06	113.78	16.99	18.81	2	1	4	
5	113.78	16.99	74.46	10.49	39.86	1	4	
6	74.46	10.49	52.44	6.85	22.32	0	
7	52.44	6.85	11.00	0.00	42.00	1	7	

5	8	183.003	4
1	259.00	41.00	250.07	53.05	15.00	1	5	
2	250.07	53.05	161.40	172.63	148.87	0	
3	161.40	172.63	154.17	182.38	12.14	1	2	
4	154.17	182.38	150.00	188.00	7.00	2	2	8	

5	9	202.094	3
1	259.00	41.00	260.56	55.92	15.00	1	5	
2	260.56	55.92	279.90	241.01	186.09	0	
3	279.90	241.01	280.00	242.00	1.00	1	9	

5	10	238.537	5
1	259.00	41.00	250.83	53.58	15.00	1	5	
2	250.83	53.58	164.00	187.15	159.32	0	
3	164.00	187.15	152.98	204.11	20.22	1	2	
4	152.98	204.11	139.79	224.41	24.21	2	2	10	
5	139.79	224.41	129.00	241.00	19.79	1	10	

6	0	160.225	5
1	125.00	160.00	118.77	146.22	15.12	2	2	6	
2	118.77	146.22	118.00	144.51	1.88	1	6	
3	118.00	144.51	99.21	102.95	45.61	0	
4	99.21	102.95	61.71	20.00	91.03	1	4	
5	61.71	20.00	59.00	14.00	6.59	0	

6	1	122.053	5
1	125.00	160.00	126.83	146.18	13.94	1	6	
2	126.83	146.18	127.23	143.15	3.06	1	6	
3	127.23	143.15	134.91	85.04	58.61	0	
4	134.91	85.04	136.41	73.70	11.44	1	4	
5	136.41	73.70	141.00	39.00	35.00	1	4	

6	2	27.074	2
1	125.00	160.00	123.74	176.95	17.00	2	2	6	
2	123.74	176.95	123.00	187.00	10.07	1	2	

6	3	118.406	4
1	125.00	160.00	134.47	147.64	15.57	2	2	6	
2	134.47	147.64	135.34	146.50	1.43	1	6	
3	135.34	146.50	184.84	81.88	81.41	0	
4	184.84	81.88	197.00	66.00	20.00	1	3	

6	4	109.636	4
1	125.00	160.00	121.31	146.03	14.44	2	2	6	
2	121.31	146.03	120.66	143.56	2.56	1	6	
3	120.66	143.56	109.51	101.38	43.64	0	
4	109.51	101.38	97.00	54.00	49.00	0	

6	5	179.212	4
1	125.00	160.00	137.70	148.72	16.98	2	2	6	
2	137.70	148.72	137.71	148.71	0.02	1	6	
3	137.71	148.71	247.78	50.96	147.21	0	
4	247.78	50.96	259.00	41.00	15.00	1	5	

6	6	0	0

6	7	196.459	6
1	125.00	160.00	115.52	146.69	16.34	2	2	6	
2	115.52	146.69	115.14	146.15	0.66	1	6	
3	115.14	146.15	82.91	100.93	55.53	0	
4	82.91	100.93	48.04	51.99	60.10	1	4	
5	48.04	51.99	35.37	34.21	21.83	0	
6	35.37	34.21	11.00	0.00	42.00	1	7	

6	8	37.537	3
1	125.00	160.00	136.32	172.68	17.00	2	2	6	
2	136.32	172.68	145.34	182.78	13.54	1	2	
3	145.34	182.78	150.00	188.00	7.00	2	2	8	

6	9	175.354	4
1	125.00	160.00	140.03	167.95	17.00	2	2	6	
2	140.03	167.95	163.46	180.34	26.51	1	2	
3	163.46	180.34	279.12	241.53	130.85	0	
4	279.12	241.53	280.00	242.00	1.00	1	9	

6	10	81.099	4
1	125.00	160.00	125.84	176.98	17.00	2	2	6	
2	125.84	176.98	126.83	197.05	20.10	1	2	
3	126.83	197.05	128.34	227.65	30.64	0	
4	128.34	227.65	129.00	241.00	13.37	1	10	

7	0	50.000	2
1	11.00	0.00	51.32	11.76	42.00	1	7	
2	51.32	11.76	59.00	14.00	8.00	0	

7	1	135.724	4
1	11.00	0.00	51.23	12.07	42.00	1	7	
2	51.23	12.07	65.60	16.38	15.01	0	
3	65.60	16.38	107.48	28.94	43.72	1	4	
4	107.48	28.94	141.00	39.00	35.00	2	1	4	

7	2	217.975	7
1	11.00	0.00	32.58	36.03	42.00	1	7	
2	32.58	36.03	48.88	63.25	31.72	0	
3	48.88	63.25	66.14	92.06	33.58	1	4	
4	66.14	92.06	101.93	151.83	69.67	0	
5	101.93	151.83	108.14	162.19	12.08	1	2	
6	108.14	162.19	115.11	173.83	13.56	2	2	6	
7	115.11	173.83	123.00	187.00	15.35	1	2	

7	3	197.363	7
1	11.00	0.00	50.58	14.05	42.00	1	7	
2	50.58	14.05	63.20	18.52	13.39	0	
3	63.20	18.52	106.38	33.85	45.82	1	4	
4	106.38	33.85	145.60	47.76	41.62	2	1	4	
5	145.60	47.76	171.12	56.82	27.08	1	1	
6	171.12	56.82	178.15	59.31	7.46	0	
7	178.15	59.31	197.00	66.00	20.00	1	3	

7	4	101.548	3
1	11.00	0.00	46.57	22.33	42.00	1	7	
2	46.57	22.33	55.50	27.94	10.55	0	
3	55.50	27.94	97.00	54.00	49.00	1	4	

7	5	251.366	7
1	11.00	0.00	52.44	6.85	42.00	1	7	
2	52.44	6.85	74.46	10.49	22.32	0	
3	74.46	10.49	113.78	16.99	39.86	1	4	
4	113.78	16.99	132.34	20.06	18.81	2	1	4	
5	132.34	20.06	173.85	26.92	42.07	1	1	
6	173.85	26.92	244.20	38.55	71.31	0	
7	244.20	38.55	259.00	41.00	15.00	1	5	

7	6	196.459	6
1	11.00	0.00	35.37	34.21	42.00	1	7	
2	35.37	34.21	48.04	51.99	21.83	0	
3	48.04	51.99	82.91	100.93	60.10	1	4	
4	82.91	100.93	115.14	146.15	55.53	0	
5	115.14	146.15	115.52	146.69	0.66	1	6	
6	115.52	146.69	125.00	160.00	16.34	2	2	6	

7	7	0	0

7	8	233.805	8
1	11.00	0.00	35.97	33.77	42.00	1	7	
2	35.97	33.77	48.14	50.24	20.48	0	
3	48.14	50.24	86.28	101.81	64.14	1	4	
4	86.28	101.81	117.88	144.56	53.17	0	
5	117.88	144.56	119.09	146.19	2.02	1	6	
6	119.09	146.19	137.67	171.33	31.27	2	2	6	
7	137.67	171.33	145.84	182.37	13.73	1	2	
8	145.84	182.37	150.00	188.00	7.00	2	2	8	

7	9	361.836	5
1	11.00	0.00	42.22	28.09	42.00	1	7	
2	42.22	28.09	51.32	36.27	12.23	0	
3	51.32	36.27	119.44	97.56	91.63	1	4	
4	119.44	97.56	279.26	241.33	214.97	0	
5	279.26	241.33	280.00	242.00	1.00	1	9	

7	10	268.337	5
1	11.00	0.00	29.47	37.72	42.00	1	7	
2	29.47	37.72	90.39	162.15	138.54	0	
3	90.39	162.15	109.65	201.48	43.80	1	2	
4	109.65	201.48	122.63	228.00	29.52	1	10	
5	122.63	228.00	129.00	241.00	14.48	1	10	

8	0	196.359	7
1	150.00	188.00	146.76	181.80	7.00	2	2	8	
2	146.76	181.80	139.76	168.43	15.09	1	2	
3	139.76	168.43	128.21	146.33	24.93	2	2	6	
4	128.21	146.33	126.50	143.07	3.69	1	6	
5	126.50	143.07	105.19	102.31	45.99	0	
6	105.19	102.31	61.99	19.72	93.21	1	4	
7	61.99	19.72	59.00	14.00	6.45	0	

8	1	149.272	5
1	150.00	188.00	149.58	181.01	7.00	2	2	8	
2	149.58	181.01	147.98	154.48	26.58	0	
3	147.98	154.48	143.11	73.94	80.70	0	
4	143.11	73.94	142.94	71.05	2.89	1	1	
5	142.94	71.05	141.00	39.00	32.11	2	1	4	

8	2	27.019	2
1	150.00	188.00	143.00	187.74	7.00	2	2	8	
2	143.00	187.74	123.00	187.00	20.02	1	2	

8	3	130.740	4
1	150.00	188.00	152.52	181.47	7.00	2	2	8	
2	152.52	181.47	158.37	166.27	16.29	1	2	
3	158.37	166.27	189.81	84.66	87.45	0	
4	189.81	84.66	197.00	66.00	20.00	1	3	

8	4	144.101	6
1	150.00	188.00	147.43	181.49	7.00	2	2	8	
2	147.43	181.49	141.09	165.48	17.22	1	2	
3	141.09	165.48	133.98	147.50	19.34	2	2	6	
4	133.98	147.50	132.99	144.99	2.69	1	6	
5	132.99	144.99	115.02	99.57	48.85	0	
6	115.02	99.57	97.00	54.00	49.00	1	4	

8	5	183.003	4
1	150.00	188.00	154.17	182.38	7.00	2	2	8	
2	154.17	182.38	161.40	172.63	12.14	1	2	
3	161.40	172.63	250.07	53.05	148.87	0	
4	250.07	53.05	259.00	41.00	15.00	1	5	

8	6	37.537	3
1	150.00	188.00	145.34	182.78	7.00	2	2	8	
2	145.34	182.78	136.32	172.68	13.54	1	2	
3	136.32	172.68	125.00	160.00	17.00	2	2	6	

8	7	233.805	8
1	150.00	188.00	145.84	182.37	7.00	2	2	8	
2	145.84	182.37	137.67	171.33	13.73	1	2	
3	137.67	171.33	119.09	146.19	31.27	2	2	6	
4	119.09	146.19	117.88	144.56	2.02	1	6	
5	117.88	144.56	86.28	101.81	53.17	0	
6	86.28	101.81	48.14	50.24	64.14	1	4	
7	48.14	50.24	35.97	33.77	20.48	0	
8	35.97	33.77	11.00	0.00	42.00	1	7	

8	8	0	0

8	9	140.769	4
1	150.00	188.00	156.46	190.69	7.00	2	2	8	
2	156.46	190.69	163.47	193.59	7.58	1	2	
3	163.47	193.59	279.08	241.62	125.19	0	
4	279.08	241.62	280.00	242.00	1.00	1	9	

8	10	57.009	4
1	150.00	188.00	147.42	194.51	7.00	2	2	8	
2	147.42	194.51	145.21	200.09	6.01	1	2	
3	145.21	200.09	134.84	226.25	28.14	2	2	10	
4	134.84	226.25	129.00	241.00	15.86	1	10	

9	0	317.530	4
1	280.00	242.00	279.30	241.28	1.00	1	9	
2	279.30	241.28	131.50	88.80	212.36	0	
3	131.50	88.80	63.30	18.43	97.99	1	4	
4	63.30	18.43	59.00	14.00	6.17	0	

9	1	246.028	4
1	280.00	242.00	279.44	241.17	1.00	1	9	
2	279.44	241.17	160.77	67.88	210.03	0	
3	160.77	67.88	145.19	45.12	27.59	1	1	
4	145.19	45.12	141.00	39.00	7.41	2	1	4	

9	2	166.355	3
1	280.00	242.00	279.06	241.67	1.00	1	9	
2	279.06	241.67	161.69	200.56	124.36	0	
3	161.69	200.56	123.00	187.00	41.00	1	2	

9	3	194.589	3
1	280.00	242.00	279.57	241.10	1.00	1	9	
2	279.57	241.10	205.53	84.09	173.59	0	
3	205.53	84.09	197.00	66.00	20.00	1	3	

9	4	262.360	3
1	280.00	242.00	279.30	241.28	1.00	1	9	
2	279.30	241.28	131.18	89.11	212.36	0	
3	131.18	89.11	97.00	54.00	49.00	1	4	

9	5	202.094	3
1	280.00	242.00	279.90	241.01	1.00	1	9	
2	279.90	241.01	260.56	55.92	186.09	0	
3	260.56	55.92	259.00	41.00	15.00	1	5	

9	6	175.354	4
1	280.00	242.00	279.12	241.53	1.00	1	9	
2	279.12	241.53	163.46	180.34	130.85	0	
3	163.46	180.34	140.03	167.95	26.51	1	2	
4	140.03	167.95	125.00	160.00	17.00	2	2	6	

9	7	361.836	5
1	280.00	242.00	279.26	241.33	1.00	1	9	
2	279.26	241.33	119.44	97.56	214.97	0	
3	119.44	97.56	51.32	36.27	91.63	1	4	
4	51.32	36.27	42.22	28.09	12.23	0	
5	42.22	28.09	11.00	0.00	42.00	1	7	

9	8	140.769	4
1	280.00	242.00	279.08	241.62	1.00	1	9	
2	279.08	241.62	163.47	193.59	125.19	0	
3	163.47	193.59	156.46	190.69	7.58	1	2	
4	156.46	190.69	150.00	188.00	7.00	2	2	8	

9	9	0	0

9	10	151.003	3
1	280.00	242.00	279.00	241.99	1.00	1	9	
2	279.00	241.99	173.00	241.29	106.00	0	
3	173.00	241.29	129.00	241.00	44.00	1	10	

10	0	237.548	6
1	129.00	241.00	124.98	227.95	13.65	1	10	
2	124.98	227.95	116.03	198.95	30.35	2	2	10	
3	116.03	198.95	101.57	152.05	49.09	1	2	
4	101.57	152.05	86.06	101.76	52.62	0	
5	86.06	101.76	61.06	20.69	84.84	1	4	
6	61.06	20.69	59.00	14.00	7.00	0	

10	1	202.356	8
1	129.00	241.00	129.81	227.43	13.59	1	10	
2	129.81	227.43	131.61	197.08	30.41	1	2	
3	131.61	197.08	132.92	175.04	22.07	1	2	
4	132.92	175.04	134.54	147.66	27.43	2	2	6	
5	134.54	147.66	134.64	146.00	1.66	0	
6	134.64	146.00	138.57	79.95	66.17	0	
7	138.57	79.95	138.92	73.94	6.02	0	
8	138.92	73.94	141.00	39.00	35.00	2	1	4	

10	2	54.332	3
1	129.00	241.00	127.53	227.75	13.33	1	10	
2	127.53	227.75	124.14	197.27	30.67	1	2	
3	124.14	197.27	123.00	187.00	10.33	1	2	

10	3	187.747	7
1	129.00	241.00	134.72	226.29	15.78	1	10	
2	134.72	226.29	144.94	199.99	28.22	2	2	10	
3	144.94	199.99	147.12	194.38	6.02	1	2	
4	147.12	194.38	152.18	181.35	13.98	2	2	8	
5	152.18	181.35	158.17	165.93	16.54	1	2	
6	158.17	165.93	189.76	84.64	87.21	0	
7	189.76	84.64	197.00	66.00	20.00	1	3	

10	4	189.718	7
1	129.00	241.00	126.75	227.83	13.36	1	10	
2	126.75	227.83	121.58	197.63	30.64	1	10	
3	121.58	197.63	117.77	175.39	22.57	1	2	
4	117.77	175.39	113.07	147.89	27.89	2	2	6	
5	113.07	147.89	112.96	147.25	0.65	1	2	
6	112.96	147.25	105.26	102.30	45.60	0	
7	105.26	102.30	97.00	54.00	49.00	1	4	

10	5	238.537	5
1	129.00	241.00	139.79	224.41	19.79	1	10	
2	139.79	224.41	152.98	204.11	24.21	2	2	10	
3	152.98	204.11	164.00	187.15	20.22	1	2	
4	164.00	187.15	250.83	53.58	159.32	0	
5	250.83	53.58	259.00	41.00	15.00	1	5	

10	6	81.099	4
1	129.00	241.00	128.34	227.65	13.37	1	10	
2	128.34	227.65	126.83	197.05	30.64	0	
3	126.83	197.05	125.84	176.98	20.10	1	2	
4	125.84	176.98	125.00	160.00	17.00	2	2	6	

10	7	268.337	5
1	129.00	241.00	122.63	228.00	14.48	1	10	
2	122.63	228.00	109.65	201.48	29.52	1	10	
3	109.65	201.48	90.39	162.15	43.80	1	2	
4	90.39	162.15	29.47	37.72	138.54	0	
5	29.47	37.72	11.00	0.00	42.00	1	7	

10	8	57.009	4
1	129.00	241.00	134.84	226.25	15.86	1	10	
2	134.84	226.25	145.21	200.09	28.14	2	2	10	
3	145.21	200.09	147.42	194.51	6.01	1	2	
4	147.42	194.51	150.00	188.00	7.00	2	2	8	

10	9	151.003	3
1	129.00	241.00	173.00	241.29	44.00	1	10	
2	173.00	241.29	279.00	241.99	106.00	0	
3	279.00	241.99	280.00	242.00	1.00	1	9	

10	10	0	0
