10	163	2	0.001	120.0
170.000	7.000	0.000	6.000	0.000
46.000	266.000	14.000	9.000	4.000
195.000	296.000	41.000	5.000	2.000
161.000	78.000	35.000	8.000	8.000
189.000	229.000	18.000	1.000	5.000
97.000	154.000	44.000	8.000	13.000
104.000	234.000	22.000	3.000	9.000
92.000	231.000	21.000	2.000	10.000
136.000	220.000	7.000	6.000	3.000
186.000	122.000	18.000	3.000	15.000
 


0	0	0	0

0	1	287.153	6
1	170.00	7.00	152.23	44.12	41.15	0	
2	152.23	44.12	129.11	92.42	53.55	1	3	
3	129.11	92.42	118.11	115.39	25.47	0	
4	118.11	115.39	80.16	194.65	87.87	1	5	
5	80.16	194.65	52.05	253.37	65.11	0	
6	52.05	253.37	46.00	266.00	14.00	1	1	

0	2	290.079	8
1	170.00	7.00	173.31	45.24	38.38	0	
2	173.31	45.24	178.53	105.62	60.61	1	3	
3	178.53	105.62	178.75	108.16	2.55	2	3	9	
4	178.75	108.16	181.45	139.42	31.37	1	9	
5	181.45	139.42	187.65	211.05	71.90	0	
6	187.65	211.05	190.75	246.91	36.00	0	
7	190.75	246.91	191.47	255.15	8.27	0	
8	191.47	255.15	195.00	296.00	41.00	1	2	

0	3	71.568	2
1	170.00	7.00	165.40	43.28	36.57	0	
2	165.40	43.28	161.00	78.00	35.00	1	3	

0	4	222.812	6
1	170.00	7.00	173.27	45.22	38.36	0	
2	173.27	45.22	178.44	105.66	60.66	0	
3	178.44	105.66	178.66	108.22	2.56	1	9	
4	178.66	108.22	181.33	139.38	31.28	1	9	
5	181.33	139.38	187.47	211.07	71.94	0	
6	187.47	211.07	189.00	229.00	18.00	1	4	

0	5	164.128	4
1	170.00	7.00	151.47	44.32	41.67	0	
2	151.47	44.32	128.41	90.76	51.84	1	3	
3	128.41	90.76	116.57	114.59	26.61	0	
4	116.57	114.59	97.00	154.00	44.00	1	5	

0	6	236.400	7
1	170.00	7.00	159.52	43.03	37.52	0	
2	159.52	43.03	141.00	106.73	66.33	0	
3	141.00	106.73	134.13	130.39	24.64	0	
4	134.13	130.39	115.68	193.84	66.08	1	5	
5	115.68	193.84	110.14	212.87	19.82	0	
6	110.14	212.87	108.61	218.15	5.49	1	6	
7	108.61	218.15	104.00	234.00	16.51	2	6	7	

0	7	237.192	7
1	170.00	7.00	157.40	43.19	38.32	0	
2	157.40	43.19	136.55	103.05	63.39	1	3	
3	136.55	103.05	129.24	124.06	22.25	0	
4	129.24	124.06	103.67	197.49	77.76	1	5	
5	103.67	197.49	98.91	211.17	14.48	0	
6	98.91	211.17	98.36	212.74	1.66	1	7	
7	98.36	212.74	92.00	231.00	19.34	2	6	7	

0	8	215.697	4
1	170.00	7.00	164.23	43.15	36.61	0	
2	164.23	43.15	153.22	112.12	69.85	1	3	
3	153.22	112.12	137.10	213.09	102.24	0	
4	137.10	213.09	136.00	220.00	7.00	1	8	

0	9	116.108	4
1	170.00	7.00	175.44	46.12	39.50	0	
2	175.44	46.12	183.52	104.17	58.61	1	3	
3	183.52	104.17	183.60	104.73	0.56	1	3	
4	183.60	104.73	186.00	122.00	17.44	1	9	

1	0	287.153	6
1	46.00	266.00	52.05	253.37	14.00	1	1	
2	52.05	253.37	80.16	194.65	65.11	0	
3	80.16	194.65	118.11	115.39	87.87	1	5	
4	118.11	115.39	129.11	92.42	25.47	0	
5	129.11	92.42	152.23	44.12	53.55	1	3	
6	152.23	44.12	170.00	7.00	41.15	0	

1	1	0	0

1	2	151.990	3
1	46.00	266.00	59.72	268.76	14.00	1	1	
2	59.72	268.76	154.81	287.91	96.99	0	
3	154.81	287.91	195.00	296.00	41.00	1	2	

1	3	220.384	7
1	46.00	266.00	53.31	254.06	14.00	1	1	
2	53.31	254.06	73.59	220.89	38.88	0	
3	73.59	220.89	74.62	219.22	1.96	1	7	
4	74.62	219.22	88.15	197.10	25.93	0	
5	88.15	197.10	131.34	126.49	82.77	1	5	
6	131.34	126.49	142.74	107.86	21.84	0	
7	142.74	107.86	161.00	78.00	35.00	1	3	

1	4	147.709	5
1	46.00	266.00	59.55	262.49	14.00	1	1	
2	59.55	262.49	93.98	253.59	35.56	0	
3	93.98	253.59	122.26	246.27	29.21	1	6	
4	122.26	246.27	171.57	233.51	50.94	0	
5	171.57	233.51	189.00	229.00	18.00	1	4	

1	5	123.065	3
1	46.00	266.00	51.80	253.26	14.00	1	1	
2	51.80	253.26	78.77	194.04	65.06	0	
3	78.77	194.04	97.00	154.00	44.00	0	

1	6	66.242	4
1	46.00	266.00	58.26	259.24	14.00	1	1	
2	58.26	259.24	79.23	247.67	23.95	0	
3	79.23	247.67	84.74	244.63	6.29	1	7	
4	84.74	244.63	104.00	234.00	22.00	2	6	7	

1	7	57.801	4
1	46.00	266.00	57.14	257.52	14.00	1	1	
2	57.14	257.52	75.29	243.72	22.80	0	
3	75.29	243.72	82.42	238.29	8.96	1	7	
4	82.42	238.29	92.00	231.00	12.04	2	6	7	

1	8	101.074	7
1	46.00	266.00	58.47	259.63	14.00	1	1	
2	58.47	259.63	80.33	248.46	24.55	0	
3	80.33	248.46	85.45	245.83	5.76	1	7	
4	85.45	245.83	112.99	231.76	30.92	2	6	7	
5	112.99	231.76	124.45	225.90	12.88	1	6	
6	124.45	225.90	129.77	223.19	5.97	0	
7	129.77	223.19	136.00	220.00	7.00	1	8	

1	9	200.838	9
1	46.00	266.00	55.76	255.96	14.00	1	1	
2	55.76	255.96	72.49	238.76	24.00	0	
3	72.49	238.76	82.79	228.16	14.78	1	7	
4	82.79	228.16	97.56	212.96	21.20	2	6	7	
5	97.56	212.96	99.21	211.27	2.35	1	7	
6	99.21	211.27	116.58	193.40	24.93	0	
7	116.58	193.40	136.94	172.46	29.21	1	5	
8	136.94	172.46	173.45	134.91	52.38	0	
9	173.45	134.91	186.00	122.00	18.00	1	9	

2	0	290.079	8
1	195.00	296.00	191.47	255.15	41.00	1	2	
2	191.47	255.15	190.75	246.91	8.27	0	
3	190.75	246.91	187.65	211.05	36.00	0	
4	187.65	211.05	181.45	139.42	71.90	0	
5	181.45	139.42	178.75	108.16	31.37	1	9	
6	178.75	108.16	178.53	105.62	2.55	2	3	9	
7	178.53	105.62	173.31	45.24	60.61	1	3	
8	173.31	45.24	170.00	7.00	38.38	0	

2	1	151.990	3
1	195.00	296.00	154.81	287.91	41.00	1	2	
2	154.81	287.91	59.72	268.76	96.99	0	
3	59.72	268.76	46.00	266.00	14.00	1	1	

2	2	0	0

2	3	220.635	7
1	195.00	296.00	188.68	255.49	41.00	1	2	
2	188.68	255.49	187.35	246.92	8.67	0	
3	187.35	246.92	181.97	212.43	34.91	1	4	
4	181.97	212.43	168.55	126.43	87.04	0	
5	168.55	126.43	168.03	123.10	3.37	1	9	
6	168.03	123.10	166.39	112.58	10.64	0	
7	166.39	112.58	161.00	78.00	35.00	1	3	

2	4	67.268	3
1	195.00	296.00	191.34	255.16	41.00	1	2	
2	191.34	255.16	190.61	246.93	8.27	0	
3	190.61	246.93	189.00	229.00	18.00	1	4	

2	5	172.534	5
1	195.00	296.00	171.71	262.26	41.00	1	2	
2	171.71	262.26	142.97	220.61	50.60	0	
3	142.97	220.61	137.90	213.26	8.93	1	8	
4	137.90	213.26	121.99	190.21	28.01	0	
5	121.99	190.21	97.00	154.00	44.00	1	5	

2	6	110.114	4
1	195.00	296.00	161.12	272.91	41.00	1	2	
2	161.12	272.91	122.18	246.39	47.11	0	
3	122.18	246.39	111.40	239.04	13.05	1	6	
4	111.40	239.04	104.00	234.00	8.95	2	6	7	

2	7	121.795	4
1	195.00	296.00	160.33	274.12	41.00	1	2	
2	160.33	274.12	120.25	248.83	47.39	0	
3	120.25	248.83	109.76	242.21	12.41	1	6	
4	109.76	242.21	92.00	231.00	21.00	2	6	7	

2	8	96.213	3
1	195.00	296.00	169.86	263.61	41.00	1	2	
2	169.86	263.61	140.29	225.53	48.21	0	
3	140.29	225.53	136.00	220.00	7.00	1	8	

2	9	174.233	5
1	195.00	296.00	192.88	255.05	41.00	0	
2	192.88	255.05	192.45	246.67	8.40	0	
3	192.45	246.67	190.61	211.07	35.64	0	
4	190.61	211.07	186.93	139.98	71.19	0	
5	186.93	139.98	186.00	122.00	18.00	1	9	

3	0	71.568	2
1	161.00	78.00	165.40	43.28	35.00	1	3	
2	165.40	43.28	170.00	7.00	36.57	0	

3	1	220.384	7
1	161.00	78.00	142.74	107.86	35.00	1	3	
2	142.74	107.86	131.34	126.49	21.84	0	
3	131.34	126.49	88.15	197.10	82.77	1	5	
4	88.15	197.10	74.62	219.22	25.93	0	
5	74.62	219.22	73.59	220.89	1.96	1	7	
6	73.59	220.89	53.31	254.06	38.88	0	
7	53.31	254.06	46.00	266.00	14.00	1	1	

3	2	220.635	7
1	161.00	78.00	166.39	112.58	35.00	1	3	
2	166.39	112.58	168.03	123.10	10.64	0	
3	168.03	123.10	168.55	126.43	3.37	1	9	
4	168.55	126.43	181.97	212.43	87.04	0	
5	181.97	212.43	187.35	246.92	34.91	1	4	
6	187.35	246.92	188.68	255.49	8.67	0	
7	188.68	255.49	195.00	296.00	41.00	1	2	

3	3	0	0

3	4	153.574	5
1	161.00	78.00	167.38	112.41	35.00	1	3	
2	167.38	112.41	168.43	118.08	5.76	0	
3	168.43	118.08	171.01	131.96	14.12	1	9	
4	171.01	131.96	185.72	211.30	80.70	0	
5	185.72	211.30	189.00	229.00	18.00	1	4	

3	5	99.358	3
1	161.00	78.00	138.46	104.77	35.00	1	3	
2	138.46	104.77	125.34	120.34	20.36	0	
3	125.34	120.34	97.00	154.00	44.00	1	5	

3	6	166.087	6
1	161.00	78.00	148.99	110.87	35.00	1	3	
2	148.99	110.87	138.54	139.48	30.46	0	
3	138.54	139.48	119.39	191.88	55.78	1	5	
4	119.39	191.88	111.55	213.34	22.85	0	
5	111.55	213.34	109.39	219.24	6.28	1	6	
6	109.39	219.24	104.00	234.00	15.72	2	6	7	

3	7	167.839	6
1	161.00	78.00	146.61	109.91	35.00	1	3	
2	146.61	109.91	135.95	133.54	25.93	0	
3	135.95	133.54	107.45	196.74	69.33	1	5	
4	107.45	196.74	100.63	211.86	16.58	0	
5	100.63	211.86	100.44	212.29	0.48	1	7	
6	100.44	212.29	92.00	231.00	20.52	2	6	7	

3	8	144.184	3
1	161.00	78.00	154.93	112.47	35.00	1	3	
2	154.93	112.47	137.21	213.11	102.18	0	
3	137.21	213.11	136.00	220.00	7.00	1	8	

3	9	50.606	3
1	161.00	78.00	177.11	106.35	32.61	1	3	
2	177.11	106.35	178.29	108.43	2.39	2	3	9	
3	178.29	108.43	186.00	122.00	15.61	1	9	

4	0	222.812	6
1	189.00	229.00	187.47	211.07	18.00	1	4	
2	187.47	211.07	181.33	139.38	71.94	0	
3	181.33	139.38	178.66	108.22	31.28	1	9	
4	178.66	108.22	178.44	105.66	2.56	1	9	
5	178.44	105.66	173.27	45.22	60.66	0	
6	173.27	45.22	170.00	7.00	38.36	0	

4	1	147.709	5
1	189.00	229.00	171.57	233.51	18.00	1	4	
2	171.57	233.51	122.26	246.27	50.94	0	
3	122.26	246.27	93.98	253.59	29.21	1	6	
4	93.98	253.59	59.55	262.49	35.56	0	
5	59.55	262.49	46.00	266.00	14.00	1	1	

4	2	67.268	3
1	189.00	229.00	190.61	246.93	18.00	1	4	
2	190.61	246.93	191.34	255.16	8.27	0	
3	191.34	255.16	195.00	296.00	41.00	1	2	

4	3	153.574	5
1	189.00	229.00	185.72	211.30	18.00	1	4	
2	185.72	211.30	171.01	131.96	80.70	0	
3	171.01	131.96	168.43	118.08	14.12	1	9	
4	168.43	118.08	167.38	112.41	5.76	0	
5	167.38	112.41	161.00	78.00	35.00	1	3	

4	4	0	0

4	5	118.697	3
1	189.00	229.00	175.05	217.63	18.00	1	4	
2	175.05	217.63	131.10	181.80	56.70	0	
3	131.10	181.80	97.00	154.00	44.00	1	5	

4	6	85.147	4
1	189.00	229.00	171.03	230.06	18.00	1	4	
2	171.03	230.06	125.96	232.71	45.15	0	
3	125.96	232.71	112.85	233.48	13.13	1	6	
4	112.85	233.48	104.00	234.00	8.87	2	6	7	

4	7	97.021	4
1	189.00	229.00	171.00	229.37	18.00	1	4	
2	171.00	229.37	125.69	230.31	45.33	0	
3	125.69	230.31	113.00	230.57	12.69	1	6	
4	113.00	230.57	92.00	231.00	21.00	2	6	7	

4	8	53.759	3
1	189.00	229.00	171.25	225.99	18.00	1	4	
2	171.25	225.99	142.90	221.17	28.76	0	
3	142.90	221.17	136.00	220.00	7.00	1	8	

4	9	107.042	3
1	189.00	229.00	188.50	211.01	18.00	0	
2	188.50	211.01	186.50	139.99	71.04	0	
3	186.50	139.99	186.00	122.00	18.00	0	

5	0	164.128	4
1	97.00	154.00	116.57	114.59	44.00	1	5	
2	116.57	114.59	128.41	90.76	26.61	0	
3	128.41	90.76	151.47	44.32	51.84	1	3	
4	151.47	44.32	170.00	7.00	41.67	0	

5	1	123.065	3
1	97.00	154.00	78.77	194.04	44.00	0	
2	78.77	194.04	51.80	253.26	65.06	0	
3	51.80	253.26	46.00	266.00	14.00	1	1	

5	2	172.534	5
1	97.00	154.00	121.99	190.21	44.00	1	5	
2	121.99	190.21	137.90	213.26	28.01	0	
3	137.90	213.26	142.97	220.61	8.93	1	8	
4	142.97	220.61	171.71	262.26	50.60	0	
5	171.71	262.26	195.00	296.00	41.00	1	2	

5	3	99.358	3
1	97.00	154.00	125.34	120.34	44.00	1	5	
2	125.34	120.34	138.46	104.77	20.36	0	
3	138.46	104.77	161.00	78.00	35.00	1	3	

5	4	118.697	3
1	97.00	154.00	131.10	181.80	44.00	1	5	
2	131.10	181.80	175.05	217.63	56.70	0	
3	175.05	217.63	189.00	229.00	18.00	1	4	

5	5	0	0

5	6	80.306	4
1	97.00	154.00	100.84	197.83	44.00	1	5	
2	100.84	197.83	102.08	212.08	14.31	0	
3	102.08	212.08	102.13	212.60	0.52	0	
4	102.13	212.60	104.00	234.00	21.48	2	6	7	

5	7	77.162	4
1	97.00	154.00	94.15	197.91	44.00	1	5	
2	94.15	197.91	93.36	210.04	12.16	0	
3	93.36	210.04	93.04	214.92	4.89	0	
4	93.04	214.92	92.00	231.00	16.11	2	6	7	

5	8	76.662	3
1	97.00	154.00	119.38	191.88	44.00	1	5	
2	119.38	191.88	132.44	213.97	25.66	0	
3	132.44	213.97	136.00	220.00	7.00	1	8	

5	9	94.578	3
1	97.00	154.00	138.41	139.11	44.00	1	5	
2	138.41	139.11	169.06	128.09	32.58	0	
3	169.06	128.09	186.00	122.00	18.00	1	9	

6	0	236.400	7
1	104.00	234.00	108.61	218.15	16.51	2	6	7	
2	108.61	218.15	110.14	212.87	5.49	1	6	
3	110.14	212.87	115.68	193.84	19.82	0	
4	115.68	193.84	134.13	130.39	66.08	1	5	
5	134.13	130.39	141.00	106.73	24.64	0	
6	141.00	106.73	159.52	43.03	66.33	0	
7	159.52	43.03	170.00	7.00	37.52	0	

6	1	66.242	4
1	104.00	234.00	84.74	244.63	22.00	2	6	7	
2	84.74	244.63	79.23	247.67	6.29	1	7	
3	79.23	247.67	58.26	259.24	23.95	0	
4	58.26	259.24	46.00	266.00	14.00	1	1	

6	2	110.114	4
1	104.00	234.00	111.40	239.04	8.95	2	6	7	
2	111.40	239.04	122.18	246.39	13.05	1	6	
3	122.18	246.39	161.12	272.91	47.11	0	
4	161.12	272.91	195.00	296.00	41.00	1	2	

6	3	166.087	6
1	104.00	234.00	109.39	219.24	15.72	2	6	7	
2	109.39	219.24	111.55	213.34	6.28	1	6	
3	111.55	213.34	119.39	191.88	22.85	0	
4	119.39	191.88	138.54	139.48	55.78	1	5	
5	138.54	139.48	148.99	110.87	30.46	0	
6	148.99	110.87	161.00	78.00	35.00	1	3	

6	4	85.147	4
1	104.00	234.00	112.85	233.48	8.87	2	6	7	
2	112.85	233.48	125.96	232.71	13.13	1	6	
3	125.96	232.71	171.03	230.06	45.15	0	
4	171.03	230.06	189.00	229.00	18.00	1	4	

6	5	80.306	4
1	104.00	234.00	102.13	212.60	21.48	2	6	7	
2	102.13	212.60	102.08	212.08	0.52	0	
3	102.08	212.08	100.84	197.83	14.31	0	
4	100.84	197.83	97.00	154.00	44.00	1	5	

6	6	0	0

6	7	12.369	1
1	104.00	234.00	92.00	231.00	12.37	2	6	7	

6	8	34.928	4
1	104.00	234.00	112.98	230.07	9.80	2	6	7	
2	112.98	230.07	124.16	225.18	12.20	1	6	
3	124.16	225.18	129.59	222.81	5.93	0	
4	129.59	222.81	136.00	220.00	7.00	1	8	

6	9	138.809	4
1	104.00	234.00	111.64	223.57	12.93	2	6	7	
2	111.64	223.57	117.00	216.25	9.07	1	6	
3	117.00	216.25	175.37	136.52	98.81	0	
4	175.37	136.52	186.00	122.00	18.00	1	9	

7	0	237.192	7
1	92.00	231.00	98.36	212.74	19.34	2	6	7	
2	98.36	212.74	98.91	211.17	1.66	1	7	
3	98.91	211.17	103.67	197.49	14.48	0	
4	103.67	197.49	129.24	124.06	77.76	1	5	
5	129.24	124.06	136.55	103.05	22.25	0	
6	136.55	103.05	157.40	43.19	63.39	1	3	
7	157.40	43.19	170.00	7.00	38.32	0	

7	1	57.801	4
1	92.00	231.00	82.42	238.29	12.04	2	6	7	
2	82.42	238.29	75.29	243.72	8.96	1	7	
3	75.29	243.72	57.14	257.52	22.80	0	
4	57.14	257.52	46.00	266.00	14.00	1	1	

7	2	121.795	4
1	92.00	231.00	109.76	242.21	21.00	2	6	7	
2	109.76	242.21	120.25	248.83	12.41	1	6	
3	120.25	248.83	160.33	274.12	47.39	0	
4	160.33	274.12	195.00	296.00	41.00	1	2	

7	3	167.839	6
1	92.00	231.00	100.44	212.29	20.52	2	6	7	
2	100.44	212.29	100.63	211.86	0.48	1	7	
3	100.63	211.86	107.45	196.74	16.58	0	
4	107.45	196.74	135.95	133.54	69.33	1	5	
5	135.95	133.54	146.61	109.91	25.93	0	
6	146.61	109.91	161.00	78.00	35.00	1	3	

7	4	97.021	4
1	92.00	231.00	113.00	230.57	21.00	2	6	7	
2	113.00	230.57	125.69	230.31	12.69	1	6	
3	125.69	230.31	171.00	229.37	45.33	0	
4	171.00	229.37	189.00	229.00	18.00	1	4	

7	5	77.162	4
1	92.00	231.00	93.04	214.92	16.11	2	6	7	
2	93.04	214.92	93.36	210.04	4.89	0	
3	93.36	210.04	94.15	197.91	12.16	0	
4	94.15	197.91	97.00	154.00	44.00	1	5	

7	6	12.369	1
1	92.00	231.00	104.00	234.00	12.37	2	6	7	

7	7	0	0

7	8	45.354	4
1	92.00	231.00	112.37	225.91	21.00	2	6	7	
2	112.37	225.91	123.17	223.21	11.13	1	6	
3	123.17	223.21	129.21	221.70	6.22	0	
4	129.21	221.70	136.00	220.00	7.00	1	8	

7	9	143.934	4
1	92.00	231.00	105.71	215.10	21.00	2	6	7	
2	105.71	215.10	108.06	212.38	3.59	1	6	
3	108.06	212.38	174.24	135.63	101.34	0	
4	174.24	135.63	186.00	122.00	18.00	1	9	

8	0	215.697	4
1	136.00	220.00	137.10	213.09	7.00	1	8	
2	137.10	213.09	153.22	112.12	102.24	0	
3	153.22	112.12	164.23	43.15	69.85	1	3	
4	164.23	43.15	170.00	7.00	36.61	0	

8	1	101.074	7
1	136.00	220.00	129.77	223.19	7.00	1	8	
2	129.77	223.19	124.45	225.90	5.97	0	
3	124.45	225.90	112.99	231.76	12.88	1	6	
4	112.99	231.76	85.45	245.83	30.92	2	6	7	
5	85.45	245.83	80.33	248.46	5.76	1	7	
6	80.33	248.46	58.47	259.63	24.55	0	
7	58.47	259.63	46.00	266.00	14.00	1	1	

8	2	96.213	3
1	136.00	220.00	140.29	225.53	7.00	1	8	
2	140.29	225.53	169.86	263.61	48.21	0	
3	169.86	263.61	195.00	296.00	41.00	1	2	

8	3	144.184	3
1	136.00	220.00	137.21	213.11	7.00	1	8	
2	137.21	213.11	154.93	112.47	102.18	0	
3	154.93	112.47	161.00	78.00	35.00	1	3	

8	4	53.759	3
1	136.00	220.00	142.90	221.17	7.00	1	8	
2	142.90	221.17	171.25	225.99	28.76	0	
3	171.25	225.99	189.00	229.00	18.00	1	4	

8	5	76.662	3
1	136.00	220.00	132.44	213.97	7.00	1	8	
2	132.44	213.97	119.38	191.88	25.66	0	
3	119.38	191.88	97.00	154.00	44.00	1	5	

8	6	34.928	4
1	136.00	220.00	129.59	222.81	7.00	1	8	
2	129.59	222.81	124.16	225.18	5.93	0	
3	124.16	225.18	112.98	230.07	12.20	1	6	
4	112.98	230.07	104.00	234.00	9.80	2	6	7	

8	7	45.354	4
1	136.00	220.00	129.21	221.70	7.00	1	8	
2	129.21	221.70	123.17	223.21	6.22	0	
3	123.17	223.21	112.37	225.91	11.13	1	6	
4	112.37	225.91	92.00	231.00	21.00	2	6	7	

8	8	0	0

8	9	110.018	3
1	136.00	220.00	139.18	213.76	7.00	1	8	
2	139.18	213.76	177.82	138.03	85.02	0	
3	177.82	138.03	186.00	122.00	18.00	1	9	

9	0	116.108	4
1	186.00	122.00	183.60	104.73	17.44	1	9	
2	183.60	104.73	183.52	104.17	0.56	1	3	
3	183.52	104.17	175.44	46.12	58.61	1	3	
4	175.44	46.12	170.00	7.00	39.50	0	

9	1	200.838	9
1	186.00	122.00	173.45	134.91	18.00	1	9	
2	173.45	134.91	136.94	172.46	52.38	0	
3	136.94	172.46	116.58	193.40	29.21	1	5	
4	116.58	193.40	99.21	211.27	24.93	0	
5	99.21	211.27	97.56	212.96	2.35	1	7	
6	97.56	212.96	82.79	228.16	21.20	2	6	7	
7	82.79	228.16	72.49	238.76	14.78	1	7	
8	72.49	238.76	55.76	255.96	24.00	0	
9	55.76	255.96	46.00	266.00	14.00	1	1	

9	2	174.233	5
1	186.00	122.00	186.93	139.98	18.00	1	9	
2	186.93	139.98	190.61	211.07	71.19	0	
3	190.61	211.07	192.45	246.67	35.64	0	
4	192.45	246.67	192.88	255.05	8.40	0	
5	192.88	255.05	195.00	296.00	41.00	0	

9	3	50.606	3
1	186.00	122.00	178.29	108.43	15.61	1	9	
2	178.29	108.43	177.11	106.35	2.39	2	3	9	
3	177.11	106.35	161.00	78.00	32.61	1	3	

9	4	107.042	3
1	186.00	122.00	186.50	139.99	18.00	0	
2	186.50	139.99	188.50	211.01	71.04	0	
3	188.50	211.01	189.00	229.00	18.00	0	

9	5	94.578	3
1	186.00	122.00	169.06	128.09	18.00	1	9	
2	169.06	128.09	138.41	139.11	32.58	0	
3	138.41	139.11	97.00	154.00	44.00	1	5	

9	6	138.809	4
1	186.00	122.00	175.37	136.52	18.00	1	9	
2	175.37	136.52	117.00	216.25	98.81	0	
3	117.00	216.25	111.64	223.57	9.07	1	6	
4	111.64	223.57	104.00	234.00	12.93	2	6	7	

9	7	143.934	4
1	186.00	122.00	174.24	135.63	18.00	1	9	
2	174.24	135.63	108.06	212.38	101.34	0	
3	108.06	212.38	105.71	215.10	3.59	1	6	
4	105.71	215.10	92.00	231.00	21.00	2	6	7	

9	8	110.018	3
1	186.00	122.00	177.82	138.03	18.00	1	9	
2	177.82	138.03	139.18	213.76	85.02	0	
3	139.18	213.76	136.00	220.00	7.00	1	8	

9	9	0	0
