8	68	2	0.001	20.0
150.000	150.000	0.000	5.000	0.000
115.000	26.000	4.000	1.000	8.000
68.000	52.000	11.000	1.000	4.000
3.000	249.000	15.000	10.000	9.000
65.000	235.000	8.000	9.000	10.000
171.000	226.000	13.000	8.000	10.000
80.000	68.000	43.000	1.000	7.000
162.000	34.000	5.000	6.000	10.000
 


0	0	0	0

0	1	128.845	2
1	150.00	150.00	116.09	29.85	124.84	0	
2	116.09	29.85	115.00	26.00	4.00	1	1	

0	2	127.781	3
1	150.00	150.00	108.40	100.29	64.82	0	
2	108.40	100.29	75.06	60.44	51.96	1	6	
3	75.06	60.44	68.00	52.00	11.00	2	2	6	

0	3	177.229	2
1	150.00	150.00	15.44	240.62	162.23	0	
2	15.44	240.62	3.00	249.00	15.00	1	3	

0	4	120.208	2
1	150.00	150.00	70.66	229.34	112.21	0	
2	70.66	229.34	65.00	235.00	8.00	1	4	

0	5	78.848	2
1	150.00	150.00	167.54	213.47	65.85	0	
2	167.54	213.47	171.00	226.00	13.00	1	5	

0	6	107.815	2
1	150.00	150.00	107.92	100.70	64.81	0	
2	107.92	100.70	80.00	68.00	43.00	1	6	

0	7	116.619	2
1	150.00	150.00	161.49	38.97	111.62	0	
2	161.49	38.97	162.00	34.00	5.00	1	7	

1	0	128.845	2
1	115.00	26.00	116.09	29.85	4.00	1	1	
2	116.09	29.85	150.00	150.00	124.84	0	

1	1	0	0

1	2	53.712	4
1	115.00	26.00	111.50	27.94	4.00	1	1	
2	111.50	27.94	103.81	32.19	8.79	0	
3	103.81	32.19	77.63	46.68	29.92	1	6	
4	77.63	46.68	68.00	52.00	11.00	2	2	6	

1	3	249.546	5
1	115.00	26.00	113.20	29.57	4.00	1	1	
2	113.20	29.57	109.58	36.79	8.08	0	
3	109.58	36.79	72.63	110.36	82.33	1	6	
4	72.63	110.36	9.73	235.60	140.14	0	
5	9.73	235.60	3.00	249.00	15.00	1	3	

1	4	214.898	5
1	115.00	26.00	114.07	29.89	4.00	1	1	
2	114.07	29.89	111.86	39.12	9.49	0	
3	111.86	39.12	95.34	108.17	71.00	1	6	
4	95.34	108.17	66.86	227.22	122.41	0	
5	66.86	227.22	65.00	235.00	8.00	1	4	

1	5	207.692	3
1	115.00	26.00	116.08	29.85	4.00	1	1	
2	116.08	29.85	167.49	213.48	190.69	0	
3	167.49	213.48	171.00	226.00	13.00	1	5	

1	6	54.672	3
1	115.00	26.00	112.44	29.07	4.00	1	1	
2	112.44	29.07	107.53	34.97	7.67	0	
3	107.53	34.97	80.00	68.00	43.00	1	6	

1	7	47.676	3
1	115.00	26.00	118.94	26.67	4.00	1	1	
2	118.94	26.67	157.07	33.16	38.68	0	
3	157.07	33.16	162.00	34.00	5.00	1	7	

2	0	127.781	3
1	68.00	52.00	75.06	60.44	11.00	2	2	6	
2	75.06	60.44	108.40	100.29	51.96	1	6	
3	108.40	100.29	150.00	150.00	64.82	0	

2	1	53.712	4
1	68.00	52.00	77.63	46.68	11.00	2	2	6	
2	77.63	46.68	103.81	32.19	29.92	1	6	
3	103.81	32.19	111.50	27.94	8.79	0	
4	111.50	27.94	115.00	26.00	4.00	1	1	

2	2	0	0

2	3	207.446	4
1	68.00	52.00	64.55	62.45	11.00	2	2	6	
2	64.55	62.45	51.96	100.60	40.18	1	6	
3	51.96	100.60	7.70	234.76	141.27	0	
4	7.70	234.76	3.00	249.00	15.00	1	3	

2	4	183.025	4
1	68.00	52.00	67.82	63.00	11.00	2	2	6	
2	67.82	63.00	67.07	109.01	46.02	0	
3	67.07	109.01	65.13	227.00	118.01	0	
4	65.13	227.00	65.00	235.00	8.00	1	4	

2	5	202.200	4
1	68.00	52.00	73.60	61.47	11.00	2	2	6	
2	73.60	61.47	100.00	106.06	51.83	1	6	
3	100.00	106.06	164.38	214.81	126.37	0	
4	164.38	214.81	171.00	226.00	13.00	1	5	

2	6	20.000	2
1	68.00	52.00	74.60	60.80	11.00	2	2	6	
2	74.60	60.80	80.00	68.00	9.00	1	6	

2	7	95.708	4
1	68.00	52.00	78.80	49.93	11.00	2	2	6	
2	78.80	49.93	114.99	43.00	36.84	1	6	
3	114.99	43.00	157.09	34.94	42.87	0	
4	157.09	34.94	162.00	34.00	5.00	1	7	

3	0	177.229	2
1	3.00	249.00	15.44	240.62	15.00	1	3	
2	15.44	240.62	150.00	150.00	162.23	0	

3	1	249.546	5
1	3.00	249.00	9.73	235.60	15.00	1	3	
2	9.73	235.60	72.63	110.36	140.14	0	
3	72.63	110.36	109.58	36.79	82.33	1	6	
4	109.58	36.79	113.20	29.57	8.08	0	
5	113.20	29.57	115.00	26.00	4.00	1	1	

3	2	207.446	4
1	3.00	249.00	7.70	234.76	15.00	1	3	
2	7.70	234.76	51.96	100.60	141.27	0	
3	51.96	100.60	64.55	62.45	40.18	1	6	
4	64.55	62.45	68.00	52.00	11.00	2	2	6	

3	3	0	0

3	4	63.561	3
1	3.00	249.00	17.63	245.70	15.00	1	3	
2	17.63	245.70	57.20	236.76	40.56	0	
3	57.20	236.76	65.00	235.00	8.00	1	4	

3	5	169.567	5
1	3.00	249.00	17.86	246.97	15.00	1	3	
2	17.86	246.97	59.95	241.20	42.48	0	
3	59.95	241.20	71.53	239.62	11.69	1	4	
4	71.53	239.62	158.12	227.76	87.39	0	
5	158.12	227.76	171.00	226.00	13.00	1	5	

3	6	196.698	3
1	3.00	249.00	8.87	235.20	15.00	1	3	
2	8.87	235.20	63.17	107.57	138.70	0	
3	63.17	107.57	80.00	68.00	43.00	1	6	

3	7	267.406	3
1	3.00	249.00	11.92	236.94	15.00	1	3	
2	11.92	236.94	159.03	38.02	247.41	0	
3	159.03	38.02	162.00	34.00	5.00	1	7	

4	0	120.208	2
1	65.00	235.00	70.66	229.34	8.00	1	4	
2	70.66	229.34	150.00	150.00	112.21	0	

4	1	214.898	5
1	65.00	235.00	66.86	227.22	8.00	1	4	
2	66.86	227.22	95.34	108.17	122.41	0	
3	95.34	108.17	111.86	39.12	71.00	1	6	
4	111.86	39.12	114.07	29.89	9.49	0	
5	114.07	29.89	115.00	26.00	4.00	1	1	

4	2	183.025	4
1	65.00	235.00	65.13	227.00	8.00	1	4	
2	65.13	227.00	67.07	109.01	118.01	0	
3	67.07	109.01	67.82	63.00	46.02	0	
4	67.82	63.00	68.00	52.00	11.00	2	2	6	

4	3	63.561	3
1	65.00	235.00	57.20	236.76	8.00	1	4	
2	57.20	236.76	17.63	245.70	40.56	0	
3	17.63	245.70	3.00	249.00	15.00	1	3	

4	4	0	0

4	5	106.381	3
1	65.00	235.00	72.97	234.32	8.00	1	4	
2	72.97	234.32	158.05	227.10	85.38	0	
3	158.05	227.10	171.00	226.00	13.00	1	5	

4	6	167.672	3
1	65.00	235.00	65.72	227.03	8.00	1	4	
2	65.72	227.03	76.15	110.83	116.67	0	
3	76.15	110.83	80.00	68.00	43.00	1	6	

4	7	223.182	3
1	65.00	235.00	68.48	227.80	8.00	1	4	
2	68.48	227.80	159.83	38.50	210.18	0	
3	159.83	38.50	162.00	34.00	5.00	1	7	

5	0	78.848	2
1	171.00	226.00	167.54	213.47	13.00	1	5	
2	167.54	213.47	150.00	150.00	65.85	0	

5	1	207.692	3
1	171.00	226.00	167.49	213.48	13.00	1	5	
2	167.49	213.48	116.08	29.85	190.69	0	
3	116.08	29.85	115.00	26.00	4.00	1	1	

5	2	202.200	4
1	171.00	226.00	164.38	214.81	13.00	1	5	
2	164.38	214.81	100.00	106.06	126.37	0	
3	100.00	106.06	73.60	61.47	51.83	1	6	
4	73.60	61.47	68.00	52.00	11.00	2	2	6	

5	3	169.567	5
1	171.00	226.00	158.12	227.76	13.00	1	5	
2	158.12	227.76	71.53	239.62	87.39	0	
3	71.53	239.62	59.95	241.20	11.69	1	4	
4	59.95	241.20	17.86	246.97	42.48	0	
5	17.86	246.97	3.00	249.00	15.00	1	3	

5	4	106.381	3
1	171.00	226.00	158.05	227.10	13.00	1	5	
2	158.05	227.10	72.97	234.32	85.38	0	
3	72.97	234.32	65.00	235.00	8.00	1	4	

5	5	0	0

5	6	182.332	3
1	171.00	226.00	164.51	214.73	13.00	1	5	
2	164.51	214.73	101.46	105.26	126.33	0	
3	101.46	105.26	80.00	68.00	43.00	1	6	

5	7	192.211	3
1	171.00	226.00	170.39	213.01	13.00	1	5	
2	170.39	213.01	162.23	38.99	174.21	0	
3	162.23	38.99	162.00	34.00	5.00	1	7	

6	0	107.815	2
1	80.00	68.00	107.92	100.70	43.00	1	6	
2	107.92	100.70	150.00	150.00	64.81	0	

6	1	54.672	3
1	80.00	68.00	107.53	34.97	43.00	1	6	
2	107.53	34.97	112.44	29.07	7.67	0	
3	112.44	29.07	115.00	26.00	4.00	1	1	

6	2	20.000	2
1	80.00	68.00	74.60	60.80	9.00	1	6	
2	74.60	60.80	68.00	52.00	11.00	2	2	6	

6	3	196.698	3
1	80.00	68.00	63.17	107.57	43.00	1	6	
2	63.17	107.57	8.87	235.20	138.70	0	
3	8.87	235.20	3.00	249.00	15.00	1	3	

6	4	167.672	3
1	80.00	68.00	76.15	110.83	43.00	1	6	
2	76.15	110.83	65.72	227.03	116.67	0	
3	65.72	227.03	65.00	235.00	8.00	1	4	

6	5	182.332	3
1	80.00	68.00	101.46	105.26	43.00	1	6	
2	101.46	105.26	164.51	214.73	126.33	0	
3	164.51	214.73	171.00	226.00	13.00	1	5	

6	6	0	0

6	7	88.769	3
1	80.00	68.00	119.72	51.53	43.00	1	6	
2	119.72	51.53	157.38	35.92	40.77	0	
3	157.38	35.92	162.00	34.00	5.00	1	7	

7	0	116.619	2
1	162.00	34.00	161.49	38.97	5.00	1	7	
2	161.49	38.97	150.00	150.00	111.62	0	

7	1	47.676	3
1	162.00	34.00	157.07	33.16	5.00	1	7	
2	157.07	33.16	118.94	26.67	38.68	0	
3	118.94	26.67	115.00	26.00	4.00	1	1	

7	2	95.708	4
1	162.00	34.00	157.09	34.94	5.00	1	7	
2	157.09	34.94	114.99	43.00	42.87	0	
3	114.99	43.00	78.80	49.93	36.84	1	6	
4	78.80	49.93	68.00	52.00	11.00	2	2	6	

7	3	267.406	3
1	162.00	34.00	159.03	38.02	5.00	1	7	
2	159.03	38.02	11.92	236.94	247.41	0	
3	11.92	236.94	3.00	249.00	15.00	1	3	

7	4	223.182	3
1	162.00	34.00	159.83	38.50	5.00	1	7	
2	159.83	38.50	68.48	227.80	210.18	0	
3	68.48	227.80	65.00	235.00	8.00	1	4	

7	5	192.211	3
1	162.00	34.00	162.23	38.99	5.00	1	7	
2	162.23	38.99	170.39	213.01	174.21	0	
3	170.39	213.01	171.00	226.00	13.00	1	5	

7	6	88.769	3
1	162.00	34.00	157.38	35.92	5.00	1	7	
2	157.38	35.92	119.72	51.53	40.77	0	
3	119.72	51.53	80.00	68.00	43.00	1	6	

7	7	0	0
