8	78	2	0.001	90.0
150.000	150.000	0.000	9.000	0.000
232.000	159.000	6.000	1.000	13.000
55.000	193.000	10.000	3.000	16.000
200.000	96.000	44.000	1.000	1.000
238.000	3.000	50.000	7.000	9.000
68.000	61.000	42.000	9.000	3.000
35.000	49.000	23.000	3.000	14.000
158.000	13.000	41.000	2.000	6.000
 


0	0	0	0

0	1	82.492	2
1	150.00	150.00	226.04	158.35	76.49	0	
2	226.04	158.35	232.00	159.00	6.00	1	1	

0	2	104.278	2
1	150.00	150.00	64.11	188.88	94.28	0	
2	64.11	188.88	55.00	193.00	10.00	1	2	

0	3	73.593	2
1	150.00	150.00	170.11	128.29	29.59	0	
2	170.11	128.29	200.00	96.00	44.00	1	3	

0	4	171.327	4
1	150.00	150.00	165.77	123.65	30.71	0	
2	165.77	123.65	208.20	52.77	82.61	1	3	
3	208.20	52.77	212.32	45.90	8.01	0	
4	212.32	45.90	238.00	3.00	50.00	1	4	

0	5	121.017	2
1	150.00	150.00	96.46	91.89	79.02	0	
2	96.46	91.89	68.00	61.00	42.00	1	5	

0	6	153.056	3
1	150.00	150.00	89.65	96.99	80.33	0	
2	89.65	96.99	52.28	64.18	49.73	1	5	
3	52.28	64.18	35.00	49.00	23.00	2	5	6	

0	7	137.233	2
1	150.00	150.00	155.61	53.93	96.23	0	
2	155.61	53.93	158.00	13.00	41.00	0	

1	0	82.492	2
1	232.00	159.00	226.04	158.35	6.00	1	1	
2	226.04	158.35	150.00	150.00	76.49	0	

1	1	0	0

1	2	180.236	3
1	232.00	159.00	226.11	160.13	6.00	1	1	
2	226.11	160.13	64.82	191.11	164.24	0	
3	64.82	191.11	55.00	193.00	10.00	1	2	

1	3	70.661	3
1	232.00	159.00	229.28	153.65	6.00	1	1	
2	229.28	153.65	219.93	135.23	20.66	0	
3	219.93	135.23	200.00	96.00	44.00	1	3	

1	4	156.115	5
1	232.00	159.00	232.23	153.00	6.00	1	1	
2	232.23	153.00	233.32	124.74	28.29	0	
3	233.32	124.74	235.43	69.91	54.87	0	
4	235.43	69.91	236.08	52.96	16.95	0	
5	236.08	52.96	238.00	3.00	50.00	0	

1	5	191.050	5
1	232.00	159.00	226.85	155.92	6.00	1	1	
2	226.85	155.92	200.20	140.00	31.04	0	
3	200.20	140.00	161.16	116.67	45.49	1	3	
4	161.16	116.67	104.05	82.54	66.52	0	
5	104.05	82.54	68.00	61.00	42.00	1	5	

1	6	225.630	6
1	232.00	159.00	226.76	156.07	6.00	1	1	
2	226.76	156.07	197.88	139.95	33.08	0	
3	197.88	139.95	163.70	120.86	39.15	1	3	
4	163.70	120.86	101.61	86.19	71.11	0	
5	101.61	86.19	55.08	60.21	53.29	1	5	
6	55.08	60.21	35.00	49.00	23.00	2	5	6	

1	7	163.683	5
1	232.00	159.00	229.29	153.65	6.00	1	1	
2	229.29	153.65	219.95	135.22	20.66	0	
3	219.95	135.22	180.16	56.73	88.00	1	3	
4	180.16	56.73	176.54	49.57	8.02	0	
5	176.54	49.57	158.00	13.00	41.00	1	7	

2	0	104.278	2
1	55.00	193.00	64.11	188.88	10.00	1	2	
2	64.11	188.88	150.00	150.00	94.28	0	

2	1	180.236	3
1	55.00	193.00	64.82	191.11	10.00	1	2	
2	64.82	191.11	226.11	160.13	164.24	0	
3	226.11	160.13	232.00	159.00	6.00	1	1	

2	2	0	0

2	3	174.453	3
1	55.00	193.00	63.31	187.44	10.00	1	2	
2	63.31	187.44	163.43	120.47	120.45	0	
3	163.43	120.47	200.00	96.00	44.00	1	3	

2	4	263.797	5
1	55.00	193.00	61.94	185.80	10.00	1	2	
2	61.94	185.80	156.89	87.22	136.87	0	
3	156.89	87.22	189.61	53.25	47.17	1	3	
4	189.61	53.25	203.31	39.01	19.76	0	
5	203.31	39.01	238.00	3.00	50.00	1	4	

2	5	132.639	3
1	55.00	193.00	55.98	183.05	10.00	1	2	
2	55.98	183.05	63.88	102.80	80.64	0	
3	63.88	102.80	68.00	61.00	42.00	1	5	

2	6	145.382	4
1	55.00	193.00	53.62	183.09	10.00	1	2	
2	53.62	183.09	41.15	93.30	90.66	0	
3	41.15	93.30	38.16	71.78	21.72	1	5	
4	38.16	71.78	35.00	49.00	23.00	2	5	6	

2	7	207.386	3
1	55.00	193.00	59.97	184.32	10.00	1	2	
2	59.97	184.32	137.64	48.59	156.39	0	
3	137.64	48.59	158.00	13.00	41.00	1	7	

3	0	73.593	2
1	200.00	96.00	170.11	128.29	44.00	1	3	
2	170.11	128.29	150.00	150.00	29.59	0	

3	1	70.661	3
1	200.00	96.00	219.93	135.23	44.00	1	3	
2	219.93	135.23	229.28	153.65	20.66	0	
3	229.28	153.65	232.00	159.00	6.00	1	1	

3	2	174.453	3
1	200.00	96.00	163.43	120.47	44.00	1	3	
2	163.43	120.47	63.31	187.44	120.45	0	
3	63.31	187.44	55.00	193.00	10.00	1	2	

3	3	0	0

3	4	100.464	3
1	200.00	96.00	216.64	55.27	44.00	1	3	
2	216.64	55.27	219.09	49.29	6.46	0	
3	219.09	49.29	238.00	3.00	50.00	0	

3	5	136.561	3
1	200.00	96.00	157.47	84.72	44.00	1	3	
2	157.47	84.72	108.60	71.76	50.56	0	
3	108.60	71.76	68.00	61.00	42.00	1	5	

3	6	171.563	4
1	200.00	96.00	157.68	83.95	44.00	1	3	
2	157.68	83.95	109.01	70.08	50.61	0	
3	109.01	70.08	57.12	55.30	53.95	1	5	
4	57.12	55.30	35.00	49.00	23.00	2	5	6	

3	7	93.022	3
1	200.00	96.00	180.13	56.74	44.00	1	3	
2	180.13	56.74	176.51	49.58	8.02	0	
3	176.51	49.58	158.00	13.00	41.00	1	7	

4	0	171.327	4
1	238.00	3.00	212.32	45.90	50.00	1	4	
2	212.32	45.90	208.20	52.77	8.01	0	
3	208.20	52.77	165.77	123.65	82.61	1	3	
4	165.77	123.65	150.00	150.00	30.71	0	

4	1	156.115	5
1	238.00	3.00	236.08	52.96	50.00	0	
2	236.08	52.96	235.43	69.91	16.95	0	
3	235.43	69.91	233.32	124.74	54.87	0	
4	233.32	124.74	232.23	153.00	28.29	0	
5	232.23	153.00	232.00	159.00	6.00	1	1	

4	2	263.797	5
1	238.00	3.00	203.31	39.01	50.00	1	4	
2	203.31	39.01	189.61	53.25	19.76	0	
3	189.61	53.25	156.89	87.22	47.17	1	3	
4	156.89	87.22	61.94	185.80	136.87	0	
5	61.94	185.80	55.00	193.00	10.00	1	2	

4	3	100.464	3
1	238.00	3.00	219.09	49.29	50.00	0	
2	219.09	49.29	216.64	55.27	6.46	0	
3	216.64	55.27	200.00	96.00	44.00	1	3	

4	4	0	0

4	5	179.622	5
1	238.00	3.00	198.86	16.35	41.35	1	4	
2	198.86	16.35	190.68	19.14	8.65	2	4	7	
3	190.68	19.14	127.71	40.63	66.53	1	7	
4	127.71	40.63	107.75	47.44	21.09	0	
5	107.75	47.44	68.00	61.00	42.00	1	5	

4	6	208.147	6
1	238.00	3.00	198.98	11.84	40.01	1	4	
2	198.98	11.84	189.24	14.05	9.99	2	4	7	
3	189.24	14.05	120.52	29.62	70.46	1	7	
4	120.52	29.62	100.33	34.20	20.70	0	
5	100.33	34.20	57.43	43.92	43.99	1	5	
6	57.43	43.92	35.00	49.00	23.00	2	5	6	

4	7	80.623	3
1	238.00	3.00	198.68	7.91	39.62	1	4	
2	198.68	7.91	188.39	9.20	10.38	2	4	7	
3	188.39	9.20	158.00	13.00	30.62	1	7	

5	0	121.017	2
1	68.00	61.00	96.46	91.89	42.00	1	5	
2	96.46	91.89	150.00	150.00	79.02	0	

5	1	191.050	5
1	68.00	61.00	104.05	82.54	42.00	1	5	
2	104.05	82.54	161.16	116.67	66.52	0	
3	161.16	116.67	200.20	140.00	45.49	1	3	
4	200.20	140.00	226.85	155.92	31.04	0	
5	226.85	155.92	232.00	159.00	6.00	1	1	

5	2	132.639	3
1	68.00	61.00	63.88	102.80	42.00	1	5	
2	63.88	102.80	55.98	183.05	80.64	0	
3	55.98	183.05	55.00	193.00	10.00	1	2	

5	3	136.561	3
1	68.00	61.00	108.60	71.76	42.00	1	5	
2	108.60	71.76	157.47	84.72	50.56	0	
3	157.47	84.72	200.00	96.00	44.00	1	3	

5	4	179.622	5
1	68.00	61.00	107.75	47.44	42.00	1	5	
2	107.75	47.44	127.71	40.63	21.09	0	
3	127.71	40.63	190.68	19.14	66.53	1	7	
4	190.68	19.14	198.86	16.35	8.65	2	4	7	
5	198.86	16.35	238.00	3.00	41.35	1	4	

5	5	0	0

5	6	35.114	2
1	68.00	61.00	56.62	56.86	12.11	1	5	
2	56.62	56.86	35.00	49.00	23.00	2	5	6	

5	7	102.000	3
1	68.00	61.00	105.06	41.24	42.00	1	5	
2	105.06	41.24	121.82	32.29	19.00	0	
3	121.82	32.29	158.00	13.00	41.00	1	7	

6	0	153.056	3
1	35.00	49.00	52.28	64.18	23.00	2	5	6	
2	52.28	64.18	89.65	96.99	49.73	1	5	
3	89.65	96.99	150.00	150.00	80.33	0	

6	1	225.630	6
1	35.00	49.00	55.08	60.21	23.00	2	5	6	
2	55.08	60.21	101.61	86.19	53.29	1	5	
3	101.61	86.19	163.70	120.86	71.11	0	
4	163.70	120.86	197.88	139.95	39.15	1	3	
5	197.88	139.95	226.76	156.07	33.08	0	
6	226.76	156.07	232.00	159.00	6.00	1	1	

6	2	145.382	4
1	35.00	49.00	38.16	71.78	23.00	2	5	6	
2	38.16	71.78	41.15	93.30	21.72	1	5	
3	41.15	93.30	53.62	183.09	90.66	0	
4	53.62	183.09	55.00	193.00	10.00	1	2	

6	3	171.563	4
1	35.00	49.00	57.12	55.30	23.00	2	5	6	
2	57.12	55.30	109.01	70.08	53.95	1	5	
3	109.01	70.08	157.68	83.95	50.61	0	
4	157.68	83.95	200.00	96.00	44.00	1	3	

6	4	208.147	6
1	35.00	49.00	57.43	43.92	23.00	2	5	6	
2	57.43	43.92	100.33	34.20	43.99	1	5	
3	100.33	34.20	120.52	29.62	20.70	0	
4	120.52	29.62	189.24	14.05	70.46	1	7	
5	189.24	14.05	198.98	11.84	9.99	2	4	7	
6	198.98	11.84	238.00	3.00	40.01	1	4	

6	5	35.114	2
1	35.00	49.00	56.62	56.86	23.00	2	5	6	
2	56.62	56.86	68.00	61.00	12.11	1	5	

6	6	0	0

6	7	128.160	4
1	35.00	49.00	57.07	42.54	23.00	2	5	6	
2	57.07	42.54	97.19	30.80	41.80	1	5	
3	97.19	30.80	118.65	24.52	22.36	0	
4	118.65	24.52	158.00	13.00	41.00	1	7	

7	0	137.233	2
1	158.00	13.00	155.61	53.93	41.00	0	
2	155.61	53.93	150.00	150.00	96.23	0	

7	1	163.683	5
1	158.00	13.00	176.54	49.57	41.00	1	7	
2	176.54	49.57	180.16	56.73	8.02	0	
3	180.16	56.73	219.95	135.22	88.00	1	3	
4	219.95	135.22	229.29	153.65	20.66	0	
5	229.29	153.65	232.00	159.00	6.00	1	1	

7	2	207.386	3
1	158.00	13.00	137.64	48.59	41.00	1	7	
2	137.64	48.59	59.97	184.32	156.39	0	
3	59.97	184.32	55.00	193.00	10.00	1	2	

7	3	93.022	3
1	158.00	13.00	176.51	49.58	41.00	1	7	
2	176.51	49.58	180.13	56.74	8.02	0	
3	180.13	56.74	200.00	96.00	44.00	1	3	

7	4	80.623	3
1	158.00	13.00	188.39	9.20	30.62	1	7	
2	188.39	9.20	198.68	7.91	10.38	2	4	7	
3	198.68	7.91	238.00	3.00	39.62	1	4	

7	5	102.000	3
1	158.00	13.00	121.82	32.29	41.00	1	7	
2	121.82	32.29	105.06	41.24	19.00	0	
3	105.06	41.24	68.00	61.00	42.00	1	5	

7	6	128.160	4
1	158.00	13.00	118.65	24.52	41.00	1	7	
2	118.65	24.52	97.19	30.80	22.36	0	
3	97.19	30.80	57.07	42.54	41.80	1	5	
4	57.07	42.54	35.00	49.00	23.00	2	5	6	

7	7	0	0
