9	105	2	0.001	80.0
153.000	198.000	0.000	3.000	0.000
125.000	187.000	46.000	1.000	1.000
299.000	129.000	31.000	1.000	5.000
215.000	272.000	46.000	10.000	18.000
116.000	29.000	48.000	6.000	19.000
245.000	44.000	13.000	8.000	11.000
272.000	143.000	32.000	10.000	15.000
174.000	276.000	19.000	9.000	18.000
284.000	266.000	2.000	4.000	2.000
 


0	0	0	0

0	1	30.083	1
1	153.00	198.00	125.00	187.00	30.08	1	1	

0	2	161.484	4
1	153.00	198.00	170.93	189.53	19.83	1	1	
2	170.93	189.53	242.61	155.65	79.28	0	
3	242.61	155.65	270.97	142.25	31.37	1	6	
4	270.97	142.25	299.00	129.00	31.00	2	2	6	

0	3	96.540	3
1	153.00	198.00	164.09	211.24	17.27	1	1	
2	164.09	211.24	185.46	236.74	33.27	0	
3	185.46	236.74	215.00	272.00	46.00	1	3	

0	4	173.003	3
1	153.00	198.00	141.16	143.93	55.35	1	1	
2	141.16	143.93	126.27	75.89	69.66	0	
3	126.27	75.89	116.00	29.00	48.00	1	4	

0	5	179.388	3
1	153.00	198.00	168.50	172.05	30.23	1	1	
2	168.50	172.05	238.33	55.16	136.16	0	
3	238.33	55.16	245.00	44.00	13.00	1	5	

0	6	131.095	4
1	153.00	198.00	170.92	189.72	19.74	1	1	
2	170.92	189.72	242.95	156.43	79.35	0	
3	242.95	156.43	271.47	143.25	31.41	1	6	
4	271.47	143.25	272.00	143.00	0.59	2	2	6	

0	7	80.777	4
1	153.00	198.00	158.52	218.50	21.23	1	1	
2	158.52	218.50	169.06	257.65	40.54	0	
3	169.06	257.65	170.16	261.74	4.23	1	7	
4	170.16	261.74	174.00	276.00	14.77	2	3	7	

0	8	147.597	5
1	153.00	198.00	167.18	205.36	15.97	1	1	
2	167.18	205.36	207.98	226.54	45.97	0	
3	207.98	226.54	256.22	251.58	54.35	1	3	
4	256.22	251.58	282.22	265.08	29.30	0	
5	282.22	265.08	284.00	266.00	2.00	1	8	

1	0	30.083	1
1	125.00	187.00	153.00	198.00	30.08	1	1	

1	1	0	0

1	2	183.412	4
1	125.00	187.00	168.64	172.45	46.00	1	1	
2	168.64	172.45	240.48	148.51	75.72	0	
3	240.48	148.51	269.59	138.80	30.69	1	6	
4	269.59	138.80	299.00	129.00	31.00	2	2	6	

1	3	123.794	3
1	125.00	187.00	158.44	218.58	46.00	1	1	
2	158.44	218.58	181.56	240.42	31.79	0	
3	181.56	240.42	215.00	272.00	46.00	1	3	

1	4	158.256	3
1	125.00	187.00	122.38	141.07	46.00	1	1	
2	122.38	141.07	118.73	76.92	64.26	0	
3	118.73	76.92	116.00	29.00	48.00	0	

1	5	186.679	3
1	125.00	187.00	154.57	151.76	46.00	1	1	
2	154.57	151.76	236.64	53.96	127.68	0	
3	236.64	53.96	245.00	44.00	13.00	1	5	

1	6	153.444	4
1	125.00	187.00	169.07	173.81	46.00	1	1	
2	169.07	173.81	241.34	152.18	75.44	0	
3	241.34	152.18	271.43	143.17	31.40	1	6	
4	271.43	143.17	272.00	143.00	0.60	2	2	6	

1	7	101.597	4
1	125.00	187.00	147.19	227.30	46.00	1	1	
2	147.19	227.30	164.84	259.36	36.60	0	
3	164.84	259.36	169.24	267.35	9.12	1	7	
4	169.24	267.35	174.00	276.00	9.88	2	3	7	

1	8	177.544	5
1	125.00	187.00	166.20	207.47	46.00	1	1	
2	166.20	207.47	205.49	226.99	43.88	0	
3	205.49	226.99	256.61	252.39	57.08	1	3	
4	256.61	252.39	282.21	265.11	28.58	0	
5	282.21	265.11	284.00	266.00	2.00	1	8	

2	0	161.484	4
1	299.00	129.00	270.97	142.25	31.00	2	2	6	
2	270.97	142.25	242.61	155.65	31.37	1	6	
3	242.61	155.65	170.93	189.53	79.28	0	
4	170.93	189.53	153.00	198.00	19.83	1	1	

2	1	183.412	4
1	299.00	129.00	269.59	138.80	31.00	2	2	6	
2	269.59	138.80	240.48	148.51	30.69	1	6	
3	240.48	148.51	168.64	172.45	75.72	0	
4	168.64	172.45	125.00	187.00	46.00	1	1	

2	2	0	0

2	3	165.846	4
1	299.00	129.00	283.30	155.73	31.00	2	2	6	
2	283.30	155.73	271.98	175.00	22.35	1	6	
3	271.98	175.00	238.30	232.34	66.50	0	
4	238.30	232.34	215.00	272.00	46.00	1	3	

2	4	208.540	4
1	299.00	129.00	271.80	114.13	31.00	2	2	6	
2	271.80	114.13	266.83	111.42	5.66	1	6	
3	266.83	111.42	158.12	52.02	123.88	0	
4	158.12	52.02	116.00	29.00	48.00	1	4	

2	5	100.703	4
1	299.00	129.00	292.05	118.06	12.96	2	2	6	
2	292.05	118.06	282.38	102.83	18.04	1	2	
3	282.38	102.83	251.97	54.97	56.70	0	
4	251.97	54.97	245.00	44.00	13.00	1	5	

2	6	30.414	1
1	299.00	129.00	272.00	143.00	30.41	2	2	6	

2	7	192.961	5
1	299.00	129.00	278.92	152.62	31.00	2	2	6	
2	278.92	152.62	261.42	173.20	27.02	1	6	
3	261.42	173.20	216.50	226.02	69.34	0	
4	216.50	226.02	186.31	261.53	46.60	1	3	
5	186.31	261.53	174.00	276.00	19.00	2	3	7	

2	8	137.819	4
1	299.00	129.00	295.63	159.82	31.00	2	2	6	
2	295.63	159.82	295.04	165.21	5.43	1	6	
3	295.04	165.21	284.22	264.01	99.39	0	
4	284.22	264.01	284.00	266.00	2.00	1	8	

3	0	96.540	3
1	215.00	272.00	185.46	236.74	46.00	1	3	
2	185.46	236.74	164.09	211.24	33.27	0	
3	164.09	211.24	153.00	198.00	17.27	1	1	

3	1	123.794	3
1	215.00	272.00	181.56	240.42	46.00	1	3	
2	181.56	240.42	158.44	218.58	31.79	0	
3	158.44	218.58	125.00	187.00	46.00	1	1	

3	2	165.846	4
1	215.00	272.00	238.30	232.34	46.00	1	3	
2	238.30	232.34	271.98	175.00	66.50	0	
3	271.98	175.00	283.30	155.73	22.35	1	6	
4	283.30	155.73	299.00	129.00	31.00	2	2	6	

3	3	0	0

3	4	262.393	3
1	215.00	272.00	197.64	229.40	46.00	0	
2	197.64	229.40	134.11	73.45	168.39	0	
3	134.11	73.45	116.00	29.00	48.00	0	

3	5	229.965	3
1	215.00	272.00	221.00	226.39	46.00	1	3	
2	221.00	226.39	243.30	56.89	170.97	0	
3	243.30	56.89	245.00	44.00	13.00	1	5	

3	6	141.032	4
1	215.00	272.00	233.59	229.92	46.00	1	3	
2	233.59	229.92	259.07	172.27	63.03	0	
3	259.07	172.27	271.70	143.68	31.25	1	6	
4	271.70	143.68	272.00	143.00	0.75	2	2	6	

3	7	41.195	2
1	215.00	272.00	192.91	274.16	22.19	1	3	
2	192.91	274.16	174.00	276.00	19.00	2	3	7	

3	8	69.260	3
1	215.00	272.00	260.83	268.01	46.00	1	3	
2	260.83	268.01	282.01	266.17	21.26	0	
3	282.01	266.17	284.00	266.00	2.00	1	8	

4	0	173.003	3
1	116.00	29.00	126.27	75.89	48.00	1	4	
2	126.27	75.89	141.16	143.93	69.66	0	
3	141.16	143.93	153.00	198.00	55.35	1	1	

4	1	158.256	3
1	116.00	29.00	118.73	76.92	48.00	0	
2	118.73	76.92	122.38	141.07	64.26	0	
3	122.38	141.07	125.00	187.00	46.00	1	1	

4	2	208.540	4
1	116.00	29.00	158.12	52.02	48.00	1	4	
2	158.12	52.02	266.83	111.42	123.88	0	
3	266.83	111.42	271.80	114.13	5.66	1	6	
4	271.80	114.13	299.00	129.00	31.00	2	2	6	

4	3	262.393	3
1	116.00	29.00	134.11	73.45	48.00	0	
2	134.11	73.45	197.64	229.40	168.39	0	
3	197.64	229.40	215.00	272.00	46.00	0	

4	4	0	0

4	5	129.869	3
1	116.00	29.00	163.68	34.54	48.00	1	4	
2	163.68	34.54	232.09	42.50	68.87	0	
3	232.09	42.50	245.00	44.00	13.00	1	5	

4	6	193.215	4
1	116.00	29.00	154.75	57.32	48.00	1	4	
2	154.75	57.32	246.16	124.12	113.21	0	
3	246.16	124.12	270.97	142.25	30.73	1	6	
4	270.97	142.25	272.00	143.00	1.27	2	2	6	

4	7	253.718	6
1	116.00	29.00	126.97	75.73	48.00	1	4	
2	126.97	75.73	143.18	144.74	70.89	0	
3	143.18	144.74	160.09	216.75	73.96	1	1	
4	160.09	216.75	169.66	257.50	41.86	0	
5	169.66	257.50	170.41	260.70	3.29	1	7	
6	170.41	260.70	174.00	276.00	15.71	2	3	7	

4	8	290.505	3
1	116.00	29.00	143.76	68.16	48.00	1	4	
2	143.76	68.16	282.84	264.37	240.50	0	
3	282.84	264.37	284.00	266.00	2.00	1	8	

5	0	179.388	3
1	245.00	44.00	238.33	55.16	13.00	1	5	
2	238.33	55.16	168.50	172.05	136.16	0	
3	168.50	172.05	153.00	198.00	30.23	1	1	

5	1	186.679	3
1	245.00	44.00	236.64	53.96	13.00	1	5	
2	236.64	53.96	154.57	151.76	127.68	0	
3	154.57	151.76	125.00	187.00	46.00	1	1	

5	2	100.703	4
1	245.00	44.00	251.97	54.97	13.00	1	5	
2	251.97	54.97	282.38	102.83	56.70	0	
3	282.38	102.83	292.05	118.06	18.04	1	2	
4	292.05	118.06	299.00	129.00	12.96	2	2	6	

5	3	229.965	3
1	245.00	44.00	243.30	56.89	13.00	1	5	
2	243.30	56.89	221.00	226.39	170.97	0	
3	221.00	226.39	215.00	272.00	46.00	1	3	

5	4	129.869	3
1	245.00	44.00	232.09	42.50	13.00	1	5	
2	232.09	42.50	163.68	34.54	68.87	0	
3	163.68	34.54	116.00	29.00	48.00	1	4	

5	5	0	0

5	6	102.616	4
1	245.00	44.00	248.42	56.54	13.00	1	5	
2	248.42	56.54	263.58	112.13	57.62	0	
3	263.58	112.13	268.01	128.36	16.82	0	
4	268.01	128.36	272.00	143.00	15.18	2	2	6	

5	7	242.621	4
1	245.00	44.00	241.20	56.43	13.00	1	5	
2	241.20	56.43	186.20	236.13	187.93	0	
3	186.20	236.13	179.56	257.83	22.70	1	3	
4	179.56	257.83	174.00	276.00	19.00	2	3	7	

5	8	225.400	5
1	245.00	44.00	247.25	56.80	13.00	1	5	
2	247.25	56.80	257.39	114.53	58.61	0	
3	257.39	114.53	267.97	174.74	61.14	1	6	
4	267.97	174.74	283.65	264.03	90.65	0	
5	283.65	264.03	284.00	266.00	2.00	1	8	

6	0	131.095	4
1	272.00	143.00	271.47	143.25	0.59	2	2	6	
2	271.47	143.25	242.95	156.43	31.41	1	6	
3	242.95	156.43	170.92	189.72	79.35	0	
4	170.92	189.72	153.00	198.00	19.74	1	1	

6	1	153.444	4
1	272.00	143.00	271.43	143.17	0.60	2	2	6	
2	271.43	143.17	241.34	152.18	31.40	1	6	
3	241.34	152.18	169.07	173.81	75.44	0	
4	169.07	173.81	125.00	187.00	46.00	1	1	

6	2	30.414	1
1	272.00	143.00	299.00	129.00	30.41	2	2	6	

6	3	141.032	4
1	272.00	143.00	271.70	143.68	0.75	2	2	6	
2	271.70	143.68	259.07	172.27	31.25	1	6	
3	259.07	172.27	233.59	229.92	63.03	0	
4	233.59	229.92	215.00	272.00	46.00	1	3	

6	4	193.215	4
1	272.00	143.00	270.97	142.25	1.27	2	2	6	
2	270.97	142.25	246.16	124.12	30.73	1	6	
3	246.16	124.12	154.75	57.32	113.21	0	
4	154.75	57.32	116.00	29.00	48.00	1	4	

6	5	102.616	4
1	272.00	143.00	268.01	128.36	15.18	2	2	6	
2	268.01	128.36	263.58	112.13	16.82	0	
3	263.58	112.13	248.42	56.54	57.62	0	
4	248.42	56.54	245.00	44.00	13.00	1	5	

6	6	0	0

6	7	165.206	5
1	272.00	143.00	271.61	143.52	0.65	2	2	6	
2	271.61	143.52	253.02	168.76	31.35	1	6	
3	253.02	168.76	210.69	226.20	71.35	0	
4	210.69	226.20	185.27	260.70	42.86	1	3	
5	185.27	260.70	174.00	276.00	19.00	2	3	7	

6	8	123.584	4
1	272.00	143.00	272.14	144.49	1.49	2	2	6	
2	272.14	144.49	275.11	174.85	30.51	1	6	
3	275.11	174.85	283.81	264.01	89.58	0	
4	283.81	264.01	284.00	266.00	2.00	1	8	

7	0	80.777	4
1	174.00	276.00	170.16	261.74	14.77	2	3	7	
2	170.16	261.74	169.06	257.65	4.23	1	7	
3	169.06	257.65	158.52	218.50	40.54	0	
4	158.52	218.50	153.00	198.00	21.23	1	1	

7	1	101.597	4
1	174.00	276.00	169.24	267.35	9.88	2	3	7	
2	169.24	267.35	164.84	259.36	9.12	1	7	
3	164.84	259.36	147.19	227.30	36.60	0	
4	147.19	227.30	125.00	187.00	46.00	1	1	

7	2	192.961	5
1	174.00	276.00	186.31	261.53	19.00	2	3	7	
2	186.31	261.53	216.50	226.02	46.60	1	3	
3	216.50	226.02	261.42	173.20	69.34	0	
4	261.42	173.20	278.92	152.62	27.02	1	6	
5	278.92	152.62	299.00	129.00	31.00	2	2	6	

7	3	41.195	2
1	174.00	276.00	192.91	274.16	19.00	2	3	7	
2	192.91	274.16	215.00	272.00	22.19	1	3	

7	4	253.718	6
1	174.00	276.00	170.41	260.70	15.71	2	3	7	
2	170.41	260.70	169.66	257.50	3.29	1	7	
3	169.66	257.50	160.09	216.75	41.86	0	
4	160.09	216.75	143.18	144.74	73.96	1	1	
5	143.18	144.74	126.97	75.73	70.89	0	
6	126.97	75.73	116.00	29.00	48.00	1	4	

7	5	242.621	4
1	174.00	276.00	179.56	257.83	19.00	2	3	7	
2	179.56	257.83	186.20	236.13	22.70	1	3	
3	186.20	236.13	241.20	56.43	187.93	0	
4	241.20	56.43	245.00	44.00	13.00	1	5	

7	6	165.206	5
1	174.00	276.00	185.27	260.70	19.00	2	3	7	
2	185.27	260.70	210.69	226.20	42.86	1	3	
3	210.69	226.20	253.02	168.76	71.35	0	
4	253.02	168.76	271.61	143.52	31.35	1	6	
5	271.61	143.52	272.00	143.00	0.65	2	2	6	

7	7	0	0

7	8	110.454	4
1	174.00	276.00	192.92	274.28	19.00	2	3	7	
2	192.92	274.28	260.83	268.11	68.19	1	3	
3	260.83	268.11	282.01	266.18	21.26	0	
4	282.01	266.18	284.00	266.00	2.00	1	8	

8	0	147.597	5
1	284.00	266.00	282.22	265.08	2.00	1	8	
2	282.22	265.08	256.22	251.58	29.30	0	
3	256.22	251.58	207.98	226.54	54.35	1	3	
4	207.98	226.54	167.18	205.36	45.97	0	
5	167.18	205.36	153.00	198.00	15.97	1	1	

8	1	177.544	5
1	284.00	266.00	282.21	265.11	2.00	1	8	
2	282.21	265.11	256.61	252.39	28.58	0	
3	256.61	252.39	205.49	226.99	57.08	1	3	
4	205.49	226.99	166.20	207.47	43.88	0	
5	166.20	207.47	125.00	187.00	46.00	1	1	

8	2	137.819	4
1	284.00	266.00	284.22	264.01	2.00	1	8	
2	284.22	264.01	295.04	165.21	99.39	0	
3	295.04	165.21	295.63	159.82	5.43	1	6	
4	295.63	159.82	299.00	129.00	31.00	2	2	6	

8	3	69.260	3
1	284.00	266.00	282.01	266.17	2.00	1	8	
2	282.01	266.17	260.83	268.01	21.26	0	
3	260.83	268.01	215.00	272.00	46.00	1	3	

8	4	290.505	3
1	284.00	266.00	282.84	264.37	2.00	1	8	
2	282.84	264.37	143.76	68.16	240.50	0	
3	143.76	68.16	116.00	29.00	48.00	1	4	

8	5	225.400	5
1	284.00	266.00	283.65	264.03	2.00	1	8	
2	283.65	264.03	267.97	174.74	90.65	0	
3	267.97	174.74	257.39	114.53	61.14	1	6	
4	257.39	114.53	247.25	56.80	58.61	0	
5	247.25	56.80	245.00	44.00	13.00	1	5	

8	6	123.584	4
1	284.00	266.00	283.81	264.01	2.00	1	8	
2	283.81	264.01	275.11	174.85	89.58	0	
3	275.11	174.85	272.14	144.49	30.51	1	6	
4	272.14	144.49	272.00	143.00	1.49	2	2	6	

8	7	110.454	4
1	284.00	266.00	282.01	266.18	2.00	1	8	
2	282.01	266.18	260.83	268.11	21.26	0	
3	260.83	268.11	192.92	274.28	68.19	1	3	
4	192.92	274.28	174.00	276.00	19.00	2	3	7	

8	8	0	0
