9	119	2	0.001	100.0
193.000	5.000	0.000	2.000	0.000
146.000	192.000	38.000	3.000	1.000
131.000	198.000	33.000	9.000	5.000
218.000	174.000	24.000	9.000	19.000
160.000	17.000	14.000	2.000	2.000
231.000	77.000	43.000	7.000	19.000
172.000	196.000	26.000	6.000	7.000
261.000	273.000	26.000	10.000	4.000
251.000	0.000	19.000	4.000	18.000
 


0	0	0	0

0	1	192.816	3
1	193.00	5.00	155.26	155.15	154.82	0	
2	155.26	155.15	151.07	171.81	17.18	1	1	
3	151.07	171.81	146.00	192.00	20.82	2	1	2	

0	2	202.714	3
1	193.00	5.00	145.13	154.01	156.51	0	
2	145.13	154.01	141.09	166.58	13.20	1	1	
3	141.09	166.58	131.00	198.00	33.00	2	1	2	

0	3	170.839	4
1	193.00	5.00	199.35	47.90	43.36	0	
2	199.35	47.90	209.13	114.02	66.84	1	5	
3	209.13	114.02	214.49	150.26	36.63	0	
4	214.49	150.26	218.00	174.00	24.00	1	3	

0	4	35.114	2
1	193.00	5.00	173.16	12.22	21.11	0	
2	173.16	12.22	160.00	17.00	14.00	1	4	

0	5	81.413	2
1	193.00	5.00	210.93	38.97	38.41	0	
2	210.93	38.97	231.00	77.00	43.00	1	5	

0	6	192.151	3
1	193.00	5.00	175.12	167.59	163.57	0	
2	175.12	167.59	174.84	170.16	2.58	1	1	
3	174.84	170.16	172.00	196.00	26.00	2	1	6	

0	7	276.492	6
1	193.00	5.00	202.99	44.37	40.62	0	
2	202.99	44.37	221.93	119.03	77.03	1	5	
3	221.93	119.03	230.72	153.65	35.71	0	
4	230.72	153.65	238.88	185.83	33.20	1	3	
5	238.88	185.83	254.61	247.80	63.93	0	
6	254.61	247.80	261.00	273.00	26.00	1	7	

0	8	58.215	2
1	193.00	5.00	232.07	1.63	39.22	0	
2	232.07	1.63	251.00	0.00	19.00	1	8	

1	0	192.816	3
1	146.00	192.00	151.07	171.81	20.82	2	1	2	
2	151.07	171.81	155.26	155.15	17.18	1	1	
3	155.26	155.15	193.00	5.00	154.82	0	

1	1	0	0

1	2	16.155	1
1	146.00	192.00	131.00	198.00	16.16	2	1	2	

1	3	74.216	6
1	146.00	192.00	146.32	191.92	0.33	2	1	2	
2	146.32	191.92	162.42	187.90	16.59	3	1	2	6	
3	162.42	187.90	182.87	182.78	21.08	2	1	6	
4	182.87	182.78	192.74	180.32	10.17	1	6	
5	192.74	180.32	194.72	179.82	2.04	0	
6	194.72	179.82	218.00	174.00	24.00	1	3	

1	4	175.559	4
1	146.00	192.00	147.79	169.59	22.48	2	1	2	
2	147.79	169.59	149.03	154.12	15.52	1	1	
3	149.03	154.12	158.88	30.95	123.56	0	
4	158.88	30.95	160.00	17.00	14.00	1	4	

1	5	143.003	6
1	146.00	192.00	146.40	191.46	0.67	2	1	2	
2	146.40	191.46	156.79	177.41	17.47	3	1	2	6	
3	156.79	177.41	160.15	172.86	5.66	2	1	6	
4	160.15	172.86	168.59	161.44	14.20	1	1	
5	168.59	161.44	205.44	111.58	62.00	0	
6	205.44	111.58	231.00	77.00	43.00	1	5	

1	6	26.306	3
1	146.00	192.00	146.30	192.05	0.31	2	1	2	
2	146.30	192.05	163.84	194.74	17.74	3	1	2	6	
3	163.84	194.74	172.00	196.00	8.26	2	1	6	

1	7	140.663	6
1	146.00	192.00	146.28	192.20	0.34	2	1	2	
2	146.28	192.20	163.40	204.26	20.94	3	1	2	6	
3	163.40	204.26	177.07	213.88	16.72	2	1	6	
4	177.07	213.88	184.24	218.94	8.78	1	6	
5	184.24	218.94	239.74	258.03	67.88	0	
6	239.74	258.03	261.00	273.00	26.00	1	7	

1	8	218.836	8
1	146.00	192.00	146.45	191.17	0.94	2	1	2	
2	146.45	191.17	154.15	177.09	16.05	3	1	2	6	
3	154.15	177.09	155.07	175.42	1.91	2	1	2	
4	155.07	175.42	164.23	158.66	19.10	1	1	
5	164.23	158.66	195.57	101.36	65.31	0	
6	195.57	101.36	232.39	34.02	76.75	1	5	
7	232.39	34.02	241.88	16.67	19.78	0	
8	241.88	16.67	251.00	0.00	19.00	1	8	

2	0	202.714	3
1	131.00	198.00	141.09	166.58	33.00	2	1	2	
2	141.09	166.58	145.13	154.01	13.20	1	1	
3	145.13	154.01	193.00	5.00	156.51	0	

2	1	16.155	1
1	131.00	198.00	146.00	192.00	16.16	2	1	2	

2	2	0	0

2	3	90.250	6
1	131.00	198.00	146.09	193.84	15.65	2	1	2	
2	146.09	193.84	162.81	189.22	17.35	3	1	2	6	
3	162.81	189.22	183.07	183.64	21.01	2	1	6	
4	183.07	183.64	193.14	180.86	10.44	1	6	
5	193.14	180.86	194.86	180.38	1.79	0	
6	194.86	180.38	218.00	174.00	24.00	1	3	

2	4	183.308	4
1	131.00	198.00	136.22	165.42	33.00	2	1	2	
2	136.22	165.42	137.91	154.87	10.68	0	
3	137.91	154.87	157.79	30.82	125.63	0	
4	157.79	30.82	160.00	17.00	14.00	1	4	

2	5	156.975	4
1	131.00	198.00	152.02	172.56	33.00	2	1	2	
2	152.02	172.56	163.73	158.39	18.38	1	1	
3	163.73	158.39	203.61	110.15	62.59	0	
4	203.61	110.15	231.00	77.00	43.00	1	5	

2	6	41.049	3
1	131.00	198.00	146.03	197.27	15.05	2	1	2	
2	146.03	197.27	163.96	196.39	17.95	3	1	2	6	
3	163.96	196.39	172.00	196.00	8.05	2	1	6	

2	7	150.083	6
1	131.00	198.00	149.20	208.50	21.02	2	1	2	
2	149.20	208.50	159.58	214.49	11.98	3	1	2	6	
3	159.58	214.49	170.68	220.89	12.81	2	1	6	
4	170.68	220.89	172.59	221.99	2.20	1	6	
5	172.59	221.99	238.48	260.01	76.07	0	
6	238.48	260.01	261.00	273.00	26.00	1	7	

2	8	231.525	6
1	131.00	198.00	148.10	169.78	33.00	2	1	2	
2	148.10	169.78	156.73	155.55	16.64	1	1	
3	156.73	155.55	192.60	96.36	69.21	0	
4	192.60	96.36	230.39	34.00	72.91	1	5	
5	230.39	34.00	241.15	16.25	20.76	0	
6	241.15	16.25	251.00	0.00	19.00	1	8	

3	0	170.839	4
1	218.00	174.00	214.49	150.26	24.00	1	3	
2	214.49	150.26	209.13	114.02	36.63	0	
3	209.13	114.02	199.35	47.90	66.84	1	5	
4	199.35	47.90	193.00	5.00	43.36	0	

3	1	74.216	6
1	218.00	174.00	194.72	179.82	24.00	1	3	
2	194.72	179.82	192.74	180.32	2.04	0	
3	192.74	180.32	182.87	182.78	10.17	1	6	
4	182.87	182.78	162.42	187.90	21.08	2	1	6	
5	162.42	187.90	146.32	191.92	16.59	3	1	2	6	
6	146.32	191.92	146.00	192.00	0.33	2	1	2	

3	2	90.250	6
1	218.00	174.00	194.86	180.38	24.00	1	3	
2	194.86	180.38	193.14	180.86	1.79	0	
3	193.14	180.86	183.07	183.64	10.44	1	6	
4	183.07	183.64	162.81	189.22	21.01	2	1	6	
5	162.81	189.22	146.09	193.84	17.35	3	1	2	6	
6	146.09	193.84	131.00	198.00	15.65	2	1	2	

3	3	0	0

3	4	167.371	3
1	218.00	174.00	209.68	151.49	24.00	1	3	
2	209.68	151.49	164.85	30.13	129.37	0	
3	164.85	30.13	160.00	17.00	14.00	1	4	

3	5	97.867	3
1	218.00	174.00	221.19	150.21	24.00	1	3	
2	221.19	150.21	225.29	119.62	30.87	0	
3	225.29	119.62	231.00	77.00	43.00	1	5	

3	6	50.990	4
1	218.00	174.00	196.35	184.35	24.00	1	3	
2	196.35	184.35	195.46	184.78	0.99	0	
3	195.46	184.78	183.96	190.28	12.74	1	6	
4	183.96	190.28	172.00	196.00	13.26	2	1	6	

3	7	107.935	3
1	218.00	174.00	227.56	196.01	24.00	1	3	
2	227.56	196.01	250.64	249.15	57.94	0	
3	250.64	249.15	261.00	273.00	26.00	1	7	

3	8	177.102	5
1	218.00	174.00	222.47	150.42	24.00	1	3	
2	222.47	150.42	228.26	119.91	31.05	0	
3	228.26	119.91	244.16	36.06	85.34	1	5	
4	244.16	36.06	247.46	18.67	17.71	0	
5	247.46	18.67	251.00	0.00	19.00	1	8	

4	0	35.114	2
1	160.00	17.00	173.16	12.22	14.00	1	4	
2	173.16	12.22	193.00	5.00	21.11	0	

4	1	175.559	4
1	160.00	17.00	158.88	30.95	14.00	1	4	
2	158.88	30.95	149.03	154.12	123.56	0	
3	149.03	154.12	147.79	169.59	15.52	1	1	
4	147.79	169.59	146.00	192.00	22.48	2	1	2	

4	2	183.308	4
1	160.00	17.00	157.79	30.82	14.00	1	4	
2	157.79	30.82	137.91	154.87	125.63	0	
3	137.91	154.87	136.22	165.42	10.68	0	
4	136.22	165.42	131.00	198.00	33.00	2	1	2	

4	3	167.371	3
1	160.00	17.00	164.85	30.13	14.00	1	4	
2	164.85	30.13	209.68	151.49	129.37	0	
3	209.68	151.49	218.00	174.00	24.00	1	3	

4	4	0	0

4	5	92.957	3
1	160.00	17.00	170.69	26.04	14.00	1	4	
2	170.69	26.04	198.16	49.25	35.96	0	
3	198.16	49.25	231.00	77.00	43.00	1	5	

4	6	179.402	4
1	160.00	17.00	160.94	30.97	14.00	1	4	
2	160.94	30.97	169.74	162.33	131.66	0	
3	169.74	162.33	170.26	170.06	7.75	0	
4	170.26	170.06	172.00	196.00	26.00	2	1	6	

4	7	275.204	5
1	160.00	17.00	165.14	30.02	14.00	1	4	
2	165.14	30.02	212.71	150.59	129.61	0	
3	212.71	150.59	230.12	194.72	47.44	1	3	
4	230.12	194.72	251.46	248.81	58.15	0	
5	251.46	248.81	261.00	273.00	26.00	1	7	

4	8	92.574	3
1	160.00	17.00	173.76	14.43	14.00	1	4	
2	173.76	14.43	232.32	3.49	59.57	0	
3	232.32	3.49	251.00	0.00	19.00	1	8	

5	0	81.413	2
1	231.00	77.00	210.93	38.97	43.00	1	5	
2	210.93	38.97	193.00	5.00	38.41	0	

5	1	143.003	6
1	231.00	77.00	205.44	111.58	43.00	1	5	
2	205.44	111.58	168.59	161.44	62.00	0	
3	168.59	161.44	160.15	172.86	14.20	1	1	
4	160.15	172.86	156.79	177.41	5.66	2	1	6	
5	156.79	177.41	146.40	191.46	17.47	3	1	2	6	
6	146.40	191.46	146.00	192.00	0.67	2	1	2	

5	2	156.975	4
1	231.00	77.00	203.61	110.15	43.00	1	5	
2	203.61	110.15	163.73	158.39	62.59	0	
3	163.73	158.39	152.02	172.56	18.38	1	1	
4	152.02	172.56	131.00	198.00	33.00	2	1	2	

5	3	97.867	3
1	231.00	77.00	225.29	119.62	43.00	1	5	
2	225.29	119.62	221.19	150.21	30.87	0	
3	221.19	150.21	218.00	174.00	24.00	1	3	

5	4	92.957	3
1	231.00	77.00	198.16	49.25	43.00	1	5	
2	198.16	49.25	170.69	26.04	35.96	0	
3	170.69	26.04	160.00	17.00	14.00	1	4	

5	5	0	0

5	6	132.823	4
1	231.00	77.00	211.90	115.52	43.00	1	5	
2	211.90	115.52	183.55	172.71	63.82	0	
3	183.55	172.71	181.15	177.55	5.41	1	6	
4	181.15	177.55	172.00	196.00	20.59	2	1	6	

5	7	198.283	3
1	231.00	77.00	237.51	119.51	43.00	0	
2	237.51	119.51	257.07	247.30	129.28	0	
3	257.07	247.30	261.00	273.00	26.00	1	7	

5	8	79.555	3
1	231.00	77.00	241.81	35.38	43.00	1	5	
2	241.81	35.38	246.22	18.39	17.56	0	
3	246.22	18.39	251.00	0.00	19.00	1	8	

6	0	192.151	3
1	172.00	196.00	174.84	170.16	26.00	2	1	6	
2	174.84	170.16	175.12	167.59	2.58	1	1	
3	175.12	167.59	193.00	5.00	163.57	0	

6	1	26.306	3
1	172.00	196.00	163.84	194.74	8.26	2	1	6	
2	163.84	194.74	146.30	192.05	17.74	3	1	2	6	
3	146.30	192.05	146.00	192.00	0.31	2	1	2	

6	2	41.049	3
1	172.00	196.00	163.96	196.39	8.05	2	1	6	
2	163.96	196.39	146.03	197.27	17.95	3	1	2	6	
3	146.03	197.27	131.00	198.00	15.05	2	1	2	

6	3	50.990	4
1	172.00	196.00	183.96	190.28	13.26	2	1	6	
2	183.96	190.28	195.46	184.78	12.74	1	6	
3	195.46	184.78	196.35	184.35	0.99	0	
4	196.35	184.35	218.00	174.00	24.00	1	3	

6	4	179.402	4
1	172.00	196.00	170.26	170.06	26.00	2	1	6	
2	170.26	170.06	169.74	162.33	7.75	0	
3	169.74	162.33	160.94	30.97	131.66	0	
4	160.94	30.97	160.00	17.00	14.00	1	4	

6	5	132.823	4
1	172.00	196.00	181.15	177.55	20.59	2	1	6	
2	181.15	177.55	183.55	172.71	5.41	1	6	
3	183.55	172.71	211.90	115.52	63.82	0	
4	211.90	115.52	231.00	77.00	43.00	1	5	

6	6	0	0

6	7	117.686	4
1	172.00	196.00	181.87	204.54	13.05	2	1	6	
2	181.87	204.54	191.66	213.01	12.95	1	6	
3	191.66	213.01	241.34	255.99	65.69	0	
4	241.34	255.99	261.00	273.00	26.00	1	7	

6	8	211.322	6
1	172.00	196.00	180.25	175.54	22.06	2	1	6	
2	180.25	175.54	181.72	171.89	3.94	1	6	
3	181.72	171.89	205.89	111.91	64.66	0	
4	205.89	111.91	237.12	34.44	83.53	1	5	
5	237.12	34.44	243.90	17.62	18.13	0	
6	243.90	17.62	251.00	0.00	19.00	1	8	

7	0	276.492	6
1	261.00	273.00	254.61	247.80	26.00	1	7	
2	254.61	247.80	238.88	185.83	63.93	0	
3	238.88	185.83	230.72	153.65	33.20	1	3	
4	230.72	153.65	221.93	119.03	35.71	0	
5	221.93	119.03	202.99	44.37	77.03	1	5	
6	202.99	44.37	193.00	5.00	40.62	0	

7	1	140.663	6
1	261.00	273.00	239.74	258.03	26.00	1	7	
2	239.74	258.03	184.24	218.94	67.88	0	
3	184.24	218.94	177.07	213.88	8.78	1	6	
4	177.07	213.88	163.40	204.26	16.72	2	1	6	
5	163.40	204.26	146.28	192.20	20.94	3	1	2	6	
6	146.28	192.20	146.00	192.00	0.34	2	1	2	

7	2	150.083	6
1	261.00	273.00	238.48	260.01	26.00	1	7	
2	238.48	260.01	172.59	221.99	76.07	0	
3	172.59	221.99	170.68	220.89	2.20	1	6	
4	170.68	220.89	159.58	214.49	12.81	2	1	6	
5	159.58	214.49	149.20	208.50	11.98	3	1	2	6	
6	149.20	208.50	131.00	198.00	21.02	2	1	2	

7	3	107.935	3
1	261.00	273.00	250.64	249.15	26.00	1	7	
2	250.64	249.15	227.56	196.01	57.94	0	
3	227.56	196.01	218.00	174.00	24.00	1	3	

7	4	275.204	5
1	261.00	273.00	251.46	248.81	26.00	1	7	
2	251.46	248.81	230.12	194.72	58.15	0	
3	230.12	194.72	212.71	150.59	47.44	1	3	
4	212.71	150.59	165.14	30.02	129.61	0	
5	165.14	30.02	160.00	17.00	14.00	1	4	

7	5	198.283	3
1	261.00	273.00	257.07	247.30	26.00	1	7	
2	257.07	247.30	237.51	119.51	129.28	0	
3	237.51	119.51	231.00	77.00	43.00	0	

7	6	117.686	4
1	261.00	273.00	241.34	255.99	26.00	1	7	
2	241.34	255.99	191.66	213.01	65.69	0	
3	191.66	213.01	181.87	204.54	12.95	1	6	
4	181.87	204.54	172.00	196.00	13.05	2	1	6	

7	7	0	0

7	8	273.183	5
1	261.00	273.00	260.05	247.02	26.00	1	7	
2	260.05	247.02	255.12	112.60	134.51	0	
3	255.12	112.60	252.46	39.74	72.91	0	
4	252.46	39.74	251.70	18.99	20.76	0	
5	251.70	18.99	251.00	0.00	19.00	1	8	

8	0	58.215	2
1	251.00	0.00	232.07	1.63	19.00	1	8	
2	232.07	1.63	193.00	5.00	39.22	0	

8	1	218.836	8
1	251.00	0.00	241.88	16.67	19.00	1	8	
2	241.88	16.67	232.39	34.02	19.78	0	
3	232.39	34.02	195.57	101.36	76.75	1	5	
4	195.57	101.36	164.23	158.66	65.31	0	
5	164.23	158.66	155.07	175.42	19.10	1	1	
6	155.07	175.42	154.15	177.09	1.91	2	1	2	
7	154.15	177.09	146.45	191.17	16.05	3	1	2	6	
8	146.45	191.17	146.00	192.00	0.94	2	1	2	

8	2	231.525	6
1	251.00	0.00	241.15	16.25	19.00	1	8	
2	241.15	16.25	230.39	34.00	20.76	0	
3	230.39	34.00	192.60	96.36	72.91	1	5	
4	192.60	96.36	156.73	155.55	69.21	0	
5	156.73	155.55	148.10	169.78	16.64	1	1	
6	148.10	169.78	131.00	198.00	33.00	2	1	2	

8	3	177.102	5
1	251.00	0.00	247.46	18.67	19.00	1	8	
2	247.46	18.67	244.16	36.06	17.71	0	
3	244.16	36.06	228.26	119.91	85.34	1	5	
4	228.26	119.91	222.47	150.42	31.05	0	
5	222.47	150.42	218.00	174.00	24.00	1	3	

8	4	92.574	3
1	251.00	0.00	232.32	3.49	19.00	1	8	
2	232.32	3.49	173.76	14.43	59.57	0	
3	173.76	14.43	160.00	17.00	14.00	1	4	

8	5	79.555	3
1	251.00	0.00	246.22	18.39	19.00	1	8	
2	246.22	18.39	241.81	35.38	17.56	0	
3	241.81	35.38	231.00	77.00	43.00	1	5	

8	6	211.322	6
1	251.00	0.00	243.90	17.62	19.00	1	8	
2	243.90	17.62	237.12	34.44	18.13	0	
3	237.12	34.44	205.89	111.91	83.53	1	5	
4	205.89	111.91	181.72	171.89	64.66	0	
5	181.72	171.89	180.25	175.54	3.94	1	6	
6	180.25	175.54	172.00	196.00	22.06	2	1	6	

8	7	273.183	5
1	251.00	0.00	251.70	18.99	19.00	1	8	
2	251.70	18.99	252.46	39.74	20.76	0	
3	252.46	39.74	255.12	112.60	72.91	0	
4	255.12	112.60	260.05	247.02	134.51	0	
5	260.05	247.02	261.00	273.00	26.00	1	7	

8	8	0	0
