9	103	2	0.001	120.0
0.000	0.000	0.000	3.000	0.000
79.000	217.000	47.000	10.000	2.000
274.000	89.000	35.000	6.000	19.000
164.000	275.000	31.000	9.000	5.000
182.000	35.000	10.000	10.000	17.000
210.000	17.000	13.000	9.000	15.000
69.000	217.000	36.000	4.000	18.000
24.000	173.000	6.000	10.000	19.000
164.000	152.000	29.000	9.000	4.000
 


0	0	0	0

0	1	230.933	3
1	0.00	0.00	62.92	172.84	183.93	0	
2	62.92	172.84	65.94	181.13	8.83	1	1	
3	65.94	181.13	79.00	217.00	38.17	2	1	6	

0	2	288.092	2
1	0.00	0.00	240.71	78.19	253.09	0	
2	240.71	78.19	274.00	89.00	35.00	1	2	

0	3	320.189	4
1	0.00	0.00	106.82	179.12	208.55	0	
2	106.82	179.12	125.55	210.53	36.57	1	1	
3	125.55	210.53	148.12	248.38	44.06	0	
4	148.12	248.38	164.00	275.00	31.00	1	3	

0	4	185.335	2
1	0.00	0.00	172.18	33.11	175.33	0	
2	172.18	33.11	182.00	35.00	10.00	1	4	

0	5	210.687	2
1	0.00	0.00	197.04	15.95	197.69	0	
2	197.04	15.95	210.00	17.00	13.00	1	5	

0	6	227.706	3
1	0.00	0.00	55.97	176.03	184.71	0	
2	55.97	176.03	58.09	182.69	6.99	1	1	
3	58.09	182.69	69.00	217.00	36.00	2	1	6	

0	7	174.657	2
1	0.00	0.00	23.18	167.06	168.66	0	
2	23.18	167.06	24.00	173.00	6.00	1	7	

0	8	223.607	2
1	0.00	0.00	142.73	132.29	194.61	0	
2	142.73	132.29	164.00	152.00	29.00	1	8	

1	0	230.933	3
1	79.00	217.00	65.94	181.13	38.17	2	1	6	
2	65.94	181.13	62.92	172.84	8.83	1	1	
3	62.92	172.84	0.00	0.00	183.93	0	

1	1	0	0

1	2	233.257	6
1	79.00	217.00	101.76	202.06	27.22	2	1	6	
2	101.76	202.06	118.29	191.21	19.78	1	1	
3	118.29	191.21	144.85	173.78	31.77	0	
4	144.85	173.78	191.60	143.09	55.92	1	8	
5	191.60	143.09	244.74	108.21	63.57	0	
6	244.74	108.21	274.00	89.00	35.00	1	2	

1	3	102.903	4
1	79.00	217.00	101.55	232.38	27.30	2	1	6	
2	101.55	232.38	117.82	243.49	19.70	1	1	
3	117.82	243.49	138.39	257.53	24.90	0	
4	138.39	257.53	164.00	275.00	31.00	1	3	

1	4	209.124	4
1	79.00	217.00	93.78	190.89	30.01	2	1	6	
2	93.78	190.89	102.15	176.10	16.99	1	1	
3	102.15	176.10	177.07	43.70	152.12	0	
4	177.07	43.70	182.00	35.00	10.00	1	4	

1	5	239.084	4
1	79.00	217.00	95.18	192.29	29.54	2	1	6	
2	95.18	192.29	104.75	177.68	17.46	1	1	
3	104.75	177.68	202.88	27.87	179.08	0	
4	202.88	27.87	210.00	17.00	13.00	1	5	

1	6	10.000	1
1	79.00	217.00	69.00	217.00	10.00	2	1	6	

1	7	70.434	4
1	79.00	217.00	45.22	189.97	43.26	2	1	6	
2	45.22	189.97	42.30	187.64	3.74	1	1	
3	42.30	187.64	28.69	176.75	17.43	0	
4	28.69	176.75	24.00	173.00	6.00	1	7	

1	8	107.005	4
1	79.00	217.00	100.88	200.27	27.54	2	1	6	
2	100.88	200.27	116.33	188.45	19.46	1	1	
3	116.33	188.45	140.96	169.62	31.00	0	
4	140.96	169.62	164.00	152.00	29.00	1	8	

2	0	288.092	2
1	274.00	89.00	240.71	78.19	35.00	1	2	
2	240.71	78.19	0.00	0.00	253.09	0	

2	1	233.257	6
1	274.00	89.00	244.74	108.21	35.00	1	2	
2	244.74	108.21	191.60	143.09	63.57	0	
3	191.60	143.09	144.85	173.78	55.92	1	8	
4	144.85	173.78	118.29	191.21	31.77	0	
5	118.29	191.21	101.76	202.06	19.78	1	1	
6	101.76	202.06	79.00	217.00	27.22	2	1	6	

2	2	0	0

2	3	216.093	3
1	274.00	89.00	256.18	119.13	35.00	1	2	
2	256.18	119.13	179.78	248.32	150.09	0	
3	179.78	248.32	164.00	275.00	31.00	1	3	

2	4	106.677	3
1	274.00	89.00	243.82	71.28	35.00	1	2	
2	243.82	71.28	190.62	40.06	61.68	0	
3	190.62	40.06	182.00	35.00	10.00	1	4	

2	5	96.333	3
1	274.00	89.00	250.75	62.84	35.00	1	2	
2	250.75	62.84	218.64	26.72	48.33	0	
3	218.64	26.72	210.00	17.00	13.00	1	5	

2	6	241.680	6
1	274.00	89.00	244.31	107.54	35.00	1	2	
2	244.31	107.54	190.81	140.94	63.08	0	
3	190.81	140.94	142.30	171.23	57.19	1	8	
4	142.30	171.23	115.81	187.77	31.23	0	
5	115.81	187.77	99.54	197.93	19.18	1	1	
6	99.54	197.93	69.00	217.00	36.00	2	1	6	

2	7	263.735	5
1	274.00	89.00	240.82	100.15	35.00	1	2	
2	240.82	100.15	170.57	123.75	74.12	0	
3	170.57	123.75	141.71	133.45	30.44	1	8	
4	141.71	133.45	29.69	171.09	118.18	0	
5	29.69	171.09	24.00	173.00	6.00	1	7	

2	8	126.764	3
1	274.00	89.00	243.63	106.39	35.00	1	2	
2	243.63	106.39	189.16	137.59	62.76	0	
3	189.16	137.59	164.00	152.00	29.00	1	8	

3	0	320.189	4
1	164.00	275.00	148.12	248.38	31.00	1	3	
2	148.12	248.38	125.55	210.53	44.06	0	
3	125.55	210.53	106.82	179.12	36.57	1	1	
4	106.82	179.12	0.00	0.00	208.55	0	

3	1	102.903	4
1	164.00	275.00	138.39	257.53	31.00	1	3	
2	138.39	257.53	117.82	243.49	24.90	0	
3	117.82	243.49	101.55	232.38	19.70	1	1	
4	101.55	232.38	79.00	217.00	27.30	2	1	6	

3	2	216.093	3
1	164.00	275.00	179.78	248.32	31.00	1	3	
2	179.78	248.32	256.18	119.13	150.09	0	
3	256.18	119.13	274.00	89.00	35.00	1	2	

3	3	0	0

3	4	240.674	5
1	164.00	275.00	166.32	244.09	31.00	1	3	
2	166.32	244.09	171.12	180.11	64.15	0	
3	171.12	180.11	175.23	125.26	55.00	1	8	
4	175.23	125.26	181.25	44.97	80.52	0	
5	181.25	44.97	182.00	35.00	10.00	1	4	

3	5	262.069	5
1	164.00	275.00	169.44	244.48	31.00	1	3	
2	169.44	244.48	181.86	174.85	70.73	0	
3	181.86	174.85	188.65	136.73	38.72	1	8	
4	188.65	136.73	207.72	29.80	108.62	0	
5	207.72	29.80	210.00	17.00	13.00	1	5	

3	6	111.306	4
1	164.00	275.00	137.54	258.85	31.00	1	3	
2	137.54	258.85	116.15	245.79	25.06	0	
3	116.15	245.79	99.73	235.76	19.25	1	1	
4	99.73	235.76	69.00	217.00	36.00	2	1	6	

3	7	173.217	7
1	164.00	275.00	138.94	256.75	31.00	1	3	
2	138.94	256.75	118.77	242.05	24.96	0	
3	118.77	242.05	102.50	230.19	20.13	1	1	
4	102.50	230.19	46.18	189.16	69.68	2	1	6	
5	46.18	189.16	42.97	186.82	3.97	1	1	
6	42.97	186.82	28.85	176.53	17.47	0	
7	28.85	176.53	24.00	173.00	6.00	1	7	

3	8	123.000	3
1	164.00	275.00	164.00	244.00	31.00	1	3	
2	164.00	244.00	164.00	181.00	63.00	0	
3	164.00	181.00	164.00	152.00	29.00	1	8	

4	0	185.335	2
1	182.00	35.00	172.18	33.11	10.00	1	4	
2	172.18	33.11	0.00	0.00	175.33	0	

4	1	209.124	4
1	182.00	35.00	177.07	43.70	10.00	1	4	
2	177.07	43.70	102.15	176.10	152.12	0	
3	102.15	176.10	93.78	190.89	16.99	1	1	
4	93.78	190.89	79.00	217.00	30.01	2	1	6	

4	2	106.677	3
1	182.00	35.00	190.62	40.06	10.00	1	4	
2	190.62	40.06	243.82	71.28	61.68	0	
3	243.82	71.28	274.00	89.00	35.00	1	2	

4	3	240.674	5
1	182.00	35.00	181.25	44.97	10.00	1	4	
2	181.25	44.97	175.23	125.26	80.52	0	
3	175.23	125.26	171.12	180.11	55.00	1	8	
4	171.12	180.11	166.32	244.09	64.15	0	
5	166.32	244.09	164.00	275.00	31.00	1	3	

4	4	0	0

4	5	33.287	3
1	182.00	35.00	190.41	29.59	10.00	1	4	
2	190.41	29.59	199.06	24.03	10.29	0	
3	199.06	24.03	210.00	17.00	13.00	1	5	

4	6	214.227	4
1	182.00	35.00	176.73	43.50	10.00	1	4	
2	176.73	43.50	96.17	173.25	152.73	0	
3	96.17	173.25	87.99	186.42	15.50	1	1	
4	87.99	186.42	69.00	217.00	36.00	2	1	6	

4	7	209.781	3
1	182.00	35.00	174.47	41.58	10.00	1	4	
2	174.47	41.58	28.52	169.05	193.78	0	
3	28.52	169.05	24.00	173.00	6.00	1	7	

4	8	118.377	3
1	182.00	35.00	180.48	44.88	10.00	1	4	
2	180.48	44.88	168.41	123.34	79.38	0	
3	168.41	123.34	164.00	152.00	29.00	0	

5	0	210.687	2
1	210.00	17.00	197.04	15.95	13.00	1	5	
2	197.04	15.95	0.00	0.00	197.69	0	

5	1	239.084	4
1	210.00	17.00	202.88	27.87	13.00	1	5	
2	202.88	27.87	104.75	177.68	179.08	0	
3	104.75	177.68	95.18	192.29	17.46	1	1	
4	95.18	192.29	79.00	217.00	29.54	2	1	6	

5	2	96.333	3
1	210.00	17.00	218.64	26.72	13.00	1	5	
2	218.64	26.72	250.75	62.84	48.33	0	
3	250.75	62.84	274.00	89.00	35.00	1	2	

5	3	262.069	5
1	210.00	17.00	207.72	29.80	13.00	1	5	
2	207.72	29.80	188.65	136.73	108.62	0	
3	188.65	136.73	181.86	174.85	38.72	1	8	
4	181.86	174.85	169.44	244.48	70.73	0	
5	169.44	244.48	164.00	275.00	31.00	1	3	

5	4	33.287	3
1	210.00	17.00	199.06	24.03	13.00	1	5	
2	199.06	24.03	190.41	29.59	10.29	0	
3	190.41	29.59	182.00	35.00	10.00	1	4	

5	5	0	0

5	6	244.706	4
1	210.00	17.00	202.51	27.62	13.00	1	5	
2	202.51	27.62	98.99	174.46	179.66	0	
3	98.99	174.46	89.74	187.58	16.05	1	1	
4	89.74	187.58	69.00	217.00	36.00	2	1	6	

5	7	242.759	5
1	210.00	17.00	200.04	25.35	13.00	1	5	
2	200.04	25.35	191.65	32.39	10.95	0	
3	191.65	32.39	177.75	44.05	18.15	1	4	
4	177.75	44.05	28.60	169.14	194.66	0	
5	28.60	169.14	24.00	173.00	6.00	1	7	

5	8	142.622	3
1	210.00	17.00	205.81	29.31	13.00	1	5	
2	205.81	29.31	173.35	124.55	100.62	0	
3	173.35	124.55	164.00	152.00	29.00	1	8	

6	0	227.706	3
1	69.00	217.00	58.09	182.69	36.00	2	1	6	
2	58.09	182.69	55.97	176.03	6.99	1	1	
3	55.97	176.03	0.00	0.00	184.71	0	

6	1	10.000	1
1	69.00	217.00	79.00	217.00	10.00	2	1	6	

6	2	241.680	6
1	69.00	217.00	99.54	197.93	36.00	2	1	6	
2	99.54	197.93	115.81	187.77	19.18	1	1	
3	115.81	187.77	142.30	171.23	31.23	0	
4	142.30	171.23	190.81	140.94	57.19	1	8	
5	190.81	140.94	244.31	107.54	63.08	0	
6	244.31	107.54	274.00	89.00	35.00	1	2	

6	3	111.306	4
1	69.00	217.00	99.73	235.76	36.00	2	1	6	
2	99.73	235.76	116.15	245.79	19.25	1	1	
3	116.15	245.79	137.54	258.85	25.06	0	
4	137.54	258.85	164.00	275.00	31.00	1	3	

6	4	214.227	4
1	69.00	217.00	87.99	186.42	36.00	2	1	6	
2	87.99	186.42	96.17	173.25	15.50	1	1	
3	96.17	173.25	176.73	43.50	152.73	0	
4	176.73	43.50	182.00	35.00	10.00	1	4	

6	5	244.706	4
1	69.00	217.00	89.74	187.58	36.00	2	1	6	
2	89.74	187.58	98.99	174.46	16.05	1	1	
3	98.99	174.46	202.51	27.62	179.66	0	
4	202.51	27.62	210.00	17.00	13.00	1	5	

6	6	0	0

6	7	62.936	4
1	69.00	217.00	43.26	191.83	36.00	2	1	6	
2	43.26	191.83	40.88	189.51	3.33	1	1	
3	40.88	189.51	28.29	177.19	17.61	0	
4	28.29	177.19	24.00	173.00	6.00	1	7	

6	8	115.109	4
1	69.00	217.00	98.71	196.67	36.00	2	1	6	
2	98.71	196.67	114.32	185.99	18.91	1	1	
3	114.32	185.99	140.07	168.38	31.20	0	
4	140.07	168.38	164.00	152.00	29.00	1	8	

7	0	174.657	2
1	24.00	173.00	23.18	167.06	6.00	1	7	
2	23.18	167.06	0.00	0.00	168.66	0	

7	1	70.434	4
1	24.00	173.00	28.69	176.75	6.00	1	7	
2	28.69	176.75	42.30	187.64	17.43	0	
3	42.30	187.64	45.22	189.97	3.74	1	1	
4	45.22	189.97	79.00	217.00	43.26	2	1	6	

7	2	263.735	5
1	24.00	173.00	29.69	171.09	6.00	1	7	
2	29.69	171.09	141.71	133.45	118.18	0	
3	141.71	133.45	170.57	123.75	30.44	1	8	
4	170.57	123.75	240.82	100.15	74.12	0	
5	240.82	100.15	274.00	89.00	35.00	1	2	

7	3	173.217	7
1	24.00	173.00	28.85	176.53	6.00	1	7	
2	28.85	176.53	42.97	186.82	17.47	0	
3	42.97	186.82	46.18	189.16	3.97	1	1	
4	46.18	189.16	102.50	230.19	69.68	2	1	6	
5	102.50	230.19	118.77	242.05	20.13	1	1	
6	118.77	242.05	138.94	256.75	24.96	0	
7	138.94	256.75	164.00	275.00	31.00	1	3	

7	4	209.781	3
1	24.00	173.00	28.52	169.05	6.00	1	7	
2	28.52	169.05	174.47	41.58	193.78	0	
3	174.47	41.58	182.00	35.00	10.00	1	4	

7	5	242.759	5
1	24.00	173.00	28.60	169.14	6.00	1	7	
2	28.60	169.14	177.75	44.05	194.66	0	
3	177.75	44.05	191.65	32.39	18.15	1	4	
4	191.65	32.39	200.04	25.35	10.95	0	
5	200.04	25.35	210.00	17.00	13.00	1	5	

7	6	62.936	4
1	24.00	173.00	28.29	177.19	6.00	1	7	
2	28.29	177.19	40.88	189.51	17.61	0	
3	40.88	189.51	43.26	191.83	3.33	1	1	
4	43.26	191.83	69.00	217.00	36.00	2	1	6	

7	7	0	0

7	8	141.566	3
1	24.00	173.00	29.93	172.11	6.00	1	7	
2	29.93	172.11	135.32	156.30	106.57	0	
3	135.32	156.30	164.00	152.00	29.00	1	8	

8	0	223.607	2
1	164.00	152.00	142.73	132.29	29.00	1	8	
2	142.73	132.29	0.00	0.00	194.61	0	

8	1	107.005	4
1	164.00	152.00	140.96	169.62	29.00	1	8	
2	140.96	169.62	116.33	188.45	31.00	0	
3	116.33	188.45	100.88	200.27	19.46	1	1	
4	100.88	200.27	79.00	217.00	27.54	2	1	6	

8	2	126.764	3
1	164.00	152.00	189.16	137.59	29.00	1	8	
2	189.16	137.59	243.63	106.39	62.76	0	
3	243.63	106.39	274.00	89.00	35.00	1	2	

8	3	123.000	3
1	164.00	152.00	164.00	181.00	29.00	1	8	
2	164.00	181.00	164.00	244.00	63.00	0	
3	164.00	244.00	164.00	275.00	31.00	1	3	

8	4	118.377	3
1	164.00	152.00	168.41	123.34	29.00	0	
2	168.41	123.34	180.48	44.88	79.38	0	
3	180.48	44.88	182.00	35.00	10.00	1	4	

8	5	142.622	3
1	164.00	152.00	173.35	124.55	29.00	1	8	
2	173.35	124.55	205.81	29.31	100.62	0	
3	205.81	29.31	210.00	17.00	13.00	1	5	

8	6	115.109	4
1	164.00	152.00	140.07	168.38	29.00	1	8	
2	140.07	168.38	114.32	185.99	31.20	0	
3	114.32	185.99	98.71	196.67	18.91	1	1	
4	98.71	196.67	69.00	217.00	36.00	2	1	6	

8	7	141.566	3
1	164.00	152.00	135.32	156.30	29.00	1	8	
2	135.32	156.30	29.93	172.11	106.57	0	
3	29.93	172.11	24.00	173.00	6.00	1	7	

8	8	0	0
