10	151	2	0.001	60.0
0.000	0.000	0.000	8.000	0.000
259.000	101.000	43.000	10.000	13.000
240.000	258.000	25.000	10.000	1.000
234.000	17.000	20.000	7.000	18.000
289.000	100.000	33.000	9.000	5.000
170.000	276.000	12.000	6.000	17.000
53.000	297.000	15.000	4.000	13.000
192.000	177.000	49.000	4.000	20.000
73.000	185.000	46.000	3.000	13.000
286.000	90.000	8.000	9.000	19.000

0	0	0	0

0	1	277.996	3
1	0.00	0.00	218.94	85.38	235.00	0	
2	218.94	85.38	256.00	99.83	39.78	1	1	
3	256.00	99.83	259.00	101.00	3.22	2	1	4	

0	2	352.369	4
1	0.00	0.00	146.88	157.89	215.65	0	
2	146.88	157.89	207.80	223.38	89.44	1	7	
3	207.80	223.38	222.97	239.70	22.28	0	
4	222.97	239.70	240.00	258.00	25.00	1	2	

0	3	234.617	2
1	0.00	0.00	214.05	15.55	214.62	0	
2	214.05	15.55	234.00	17.00	20.00	1	3	

0	4	305.812	3
1	0.00	0.00	223.17	77.22	236.16	0	
2	223.17	77.22	257.81	89.21	36.66	1	1	
3	257.81	89.21	289.00	100.00	33.00	2	1	4	

0	5	324.154	4
1	0.00	0.00	86.95	141.17	165.80	0	
2	86.95	141.17	118.42	192.26	60.01	1	8	
3	118.42	192.26	163.71	265.78	86.35	0	
4	163.71	265.78	170.00	276.00	12.00	1	5	

0	6	301.692	4
1	0.00	0.00	30.07	168.49	171.15	0	
2	30.07	168.49	38.43	215.35	47.60	0	
3	38.43	215.35	50.36	282.23	67.94	0	
4	50.36	282.23	53.00	297.00	15.00	1	6	

0	7	261.138	2
1	0.00	0.00	155.97	143.79	212.14	0	
2	155.97	143.79	192.00	177.00	49.00	1	7	

0	8	198.882	2
1	0.00	0.00	56.12	142.21	152.88	0	
2	56.12	142.21	73.00	185.00	46.00	1	8	

0	9	299.827	4
1	0.00	0.00	227.60	71.62	238.60	0	
2	227.60	71.62	261.21	82.20	35.24	1	1	
3	261.21	82.20	278.37	87.60	17.99	2	1	4	
4	278.37	87.60	286.00	90.00	8.00	3	1	4	9	

1	0	277.996	3
1	259.00	101.00	256.00	99.83	3.22	2	1	4	
2	256.00	99.83	218.94	85.38	39.78	1	1	
3	218.94	85.38	0.00	0.00	235.00	0	

1	1	0	0

1	2	158.146	4
1	259.00	101.00	257.81	110.79	9.86	2	1	4	
2	257.81	110.79	253.83	143.69	33.14	1	1	
3	253.83	143.69	243.00	233.18	90.15	0	
4	243.00	233.18	240.00	258.00	25.00	0	

1	3	87.641	4
1	259.00	101.00	256.70	93.26	8.08	2	1	4	
2	256.70	93.26	246.73	59.79	34.92	1	1	
3	246.73	59.79	239.71	36.17	24.64	0	
4	239.71	36.17	234.00	17.00	20.00	1	3	

1	4	30.017	1
1	259.00	101.00	289.00	100.00	30.02	2	1	4	

1	5	196.331	6
1	259.00	101.00	256.53	105.87	5.46	2	1	4	
2	256.53	105.87	239.51	139.33	37.54	1	1	
3	239.51	139.33	233.55	151.03	13.13	0	
4	233.55	151.03	195.49	225.88	83.96	1	7	
5	195.49	225.88	175.44	265.30	44.23	0	
6	175.44	265.30	170.00	276.00	12.00	1	5	

1	6	284.345	6
1	259.00	101.00	256.20	103.66	3.86	2	1	4	
2	256.20	103.66	227.85	130.64	39.14	1	1	
3	227.85	130.64	220.79	137.35	9.74	0	
4	220.79	137.35	150.97	203.79	96.38	1	7	
5	150.97	203.79	63.87	286.66	120.23	0	
6	63.87	286.66	53.00	297.00	15.00	1	6	

1	7	101.316	4
1	259.00	101.00	256.26	104.11	4.15	2	1	4	
2	256.26	104.11	230.56	133.26	38.85	1	1	
3	230.56	133.26	224.40	140.24	9.32	0	
4	224.40	140.24	192.00	177.00	49.00	1	7	

1	8	204.088	6
1	259.00	101.00	256.08	102.32	3.20	2	1	4	
2	256.08	102.32	219.81	118.70	39.80	1	1	
3	219.81	118.70	198.31	128.41	23.59	0	
4	198.31	128.41	151.37	149.61	51.50	1	7	
5	151.37	149.61	114.92	166.07	39.99	0	
6	114.92	166.07	73.00	185.00	46.00	1	8	

1	9	29.155	2
1	259.00	101.00	278.59	93.02	21.15	2	1	4	
2	278.59	93.02	286.00	90.00	8.00	3	1	4	9	

2	0	352.369	4
1	240.00	258.00	222.97	239.70	25.00	1	2	
2	222.97	239.70	207.80	223.38	22.28	0	
3	207.80	223.38	146.88	157.89	89.44	1	7	
4	146.88	157.89	0.00	0.00	215.65	0	

2	1	158.146	4
1	240.00	258.00	243.00	233.18	25.00	0	
2	243.00	233.18	253.83	143.69	90.15	0	
3	253.83	143.69	257.81	110.79	33.14	1	1	
4	257.81	110.79	259.00	101.00	9.86	2	1	4	

2	2	0	0

2	3	241.075	7
1	240.00	258.00	239.38	233.01	25.00	1	2	
2	239.38	233.01	238.38	192.82	40.20	0	
3	238.38	192.82	237.53	158.90	33.93	0	
4	237.53	158.90	237.01	137.95	20.95	0	
5	237.01	137.95	235.20	65.19	72.79	0	
6	235.20	65.19	234.50	36.99	28.20	0	
7	234.50	36.99	234.00	17.00	20.00	0	

2	4	165.424	4
1	240.00	258.00	247.41	234.12	25.00	1	2	
2	247.41	234.12	276.51	140.27	98.26	0	
3	276.51	140.27	279.23	131.52	9.17	1	1	
4	279.23	131.52	289.00	100.00	33.00	2	1	4	

2	5	72.277	3
1	240.00	258.00	215.79	264.23	25.00	1	2	
2	215.79	264.23	181.62	273.01	35.28	0	
3	181.62	273.01	170.00	276.00	12.00	1	5	

2	6	191.024	5
1	240.00	258.00	215.53	263.10	25.00	1	2	
2	215.53	263.10	180.61	270.39	35.67	0	
3	180.61	270.39	158.03	275.09	23.06	1	5	
4	158.03	275.09	67.68	293.94	92.29	0	
5	67.68	293.94	53.00	297.00	15.00	1	6	

2	7	94.154	3
1	240.00	258.00	227.25	236.49	25.00	1	2	
2	227.25	236.49	216.98	219.15	20.15	0	
3	216.98	219.15	192.00	177.00	49.00	1	7	

2	8	182.258	3
1	240.00	258.00	217.09	247.99	25.00	1	2	
2	217.09	247.99	115.15	203.42	111.26	0	
3	115.15	203.42	73.00	185.00	46.00	1	8	

2	9	174.184	5
1	240.00	258.00	246.60	233.89	25.00	1	2	
2	246.60	233.89	271.74	142.07	95.20	0	
3	271.74	142.07	275.07	129.92	12.60	1	1	
4	275.07	129.92	283.89	97.72	33.39	2	1	4	
5	283.89	97.72	286.00	90.00	8.00	3	1	4	9	

3	0	234.617	2
1	234.00	17.00	214.05	15.55	20.00	1	3	
2	214.05	15.55	0.00	0.00	214.62	0	

3	1	87.641	4
1	234.00	17.00	239.71	36.17	20.00	1	3	
2	239.71	36.17	246.73	59.79	24.64	0	
3	246.73	59.79	256.70	93.26	34.92	1	1	
4	256.70	93.26	259.00	101.00	8.08	2	1	4	

3	2	241.075	7
1	234.00	17.00	234.50	36.99	20.00	0	
2	234.50	36.99	235.20	65.19	28.20	0	
3	235.20	65.19	237.01	137.95	72.79	0	
4	237.01	137.95	237.53	158.90	20.95	0	
5	237.53	158.90	238.38	192.82	33.93	0	
6	238.38	192.82	239.38	233.01	40.20	0	
7	239.38	233.01	240.00	258.00	25.00	1	2	

3	3	0	0

3	4	99.569	6
1	234.00	17.00	245.05	33.67	20.00	1	3	
2	245.05	33.67	261.21	58.06	29.25	0	
3	261.21	58.06	270.77	72.49	17.32	1	1	
4	270.77	72.49	279.39	85.50	15.60	2	1	4	
5	279.39	85.50	287.57	97.84	14.81	3	1	4	9	
6	287.57	97.84	289.00	100.00	2.59	2	1	4	

3	5	266.790	5
1	234.00	17.00	229.20	36.42	20.00	1	3	
2	229.20	36.42	206.06	130.06	96.46	0	
3	206.06	130.06	182.58	225.09	97.88	1	7	
4	182.58	225.09	172.88	264.35	40.44	0	
5	172.88	264.35	170.00	276.00	12.00	1	5	

3	6	333.408	5
1	234.00	17.00	223.14	33.80	20.00	1	3	
2	223.14	33.80	117.23	197.64	195.10	0	
3	117.23	197.64	102.68	220.14	26.79	1	8	
4	102.68	220.14	61.14	284.40	76.52	0	
5	61.14	284.40	53.00	297.00	15.00	1	6	

3	7	165.421	3
1	234.00	17.00	228.92	36.34	20.00	1	3	
2	228.92	36.34	204.44	129.61	96.42	0	
3	204.44	129.61	192.00	177.00	49.00	1	7	

3	8	232.691	3
1	234.00	17.00	220.16	31.44	20.00	1	3	
2	220.16	31.44	104.83	151.79	166.69	0	
3	104.83	151.79	73.00	185.00	46.00	1	8	

3	9	89.627	5
1	234.00	17.00	245.60	33.29	20.00	1	3	
2	245.60	33.29	263.36	58.22	30.61	0	
3	263.36	58.22	272.69	71.31	16.07	1	1	
4	272.69	71.31	281.36	83.48	14.94	2	1	4	
5	281.36	83.48	286.00	90.00	8.00	3	1	4	9	

4	0	305.812	3
1	289.00	100.00	257.81	89.21	33.00	2	1	4	
2	257.81	89.21	223.17	77.22	36.66	1	1	
3	223.17	77.22	0.00	0.00	236.16	0	

4	1	30.017	1
1	289.00	100.00	259.00	101.00	30.02	2	1	4	

4	2	165.424	4
1	289.00	100.00	279.23	131.52	33.00	2	1	4	
2	279.23	131.52	276.51	140.27	9.17	1	1	
3	276.51	140.27	247.41	234.12	98.26	0	
4	247.41	234.12	240.00	258.00	25.00	1	2	

4	3	99.569	6
1	289.00	100.00	287.57	97.84	2.59	2	1	4	
2	287.57	97.84	279.39	85.50	14.81	3	1	4	9	
3	279.39	85.50	270.77	72.49	15.60	2	1	4	
4	270.77	72.49	261.21	58.06	17.32	1	1	
5	261.21	58.06	245.05	33.67	29.25	0	
6	245.05	33.67	234.00	17.00	20.00	1	3	

4	4	0	0

4	5	212.455	6
1	289.00	100.00	270.52	127.34	33.00	2	1	4	
2	270.52	127.34	259.25	144.00	20.11	1	1	
3	259.25	144.00	240.69	171.46	33.14	0	
4	240.69	171.46	204.99	224.25	63.72	1	7	
5	204.99	224.25	176.72	266.06	50.47	0	
6	176.72	266.06	170.00	276.00	12.00	1	5	

4	6	307.417	6
1	289.00	100.00	263.67	121.15	33.00	2	1	4	
2	263.67	121.15	241.01	140.06	29.51	1	1	
3	241.01	140.06	231.50	148.00	12.40	0	
4	231.50	148.00	156.41	210.68	97.81	1	7	
5	156.41	210.68	64.52	287.39	119.70	0	
6	64.52	287.39	53.00	297.00	15.00	1	6	

4	7	123.847	4
1	289.00	100.00	263.15	120.52	33.00	2	1	4	
2	263.15	120.52	239.48	139.31	30.23	1	1	
3	239.48	139.31	230.38	146.53	11.62	0	
4	230.38	146.53	192.00	177.00	49.00	1	7	

4	8	232.123	6
1	289.00	100.00	258.29	112.08	33.00	2	1	4	
2	258.29	112.08	223.78	125.67	37.09	1	1	
3	223.78	125.67	209.57	131.26	15.27	0	
4	209.57	131.26	147.97	155.50	66.20	1	7	
5	147.97	155.50	115.80	168.16	34.57	0	
6	115.80	168.16	73.00	185.00	46.00	1	8	

4	9	10.440	2
1	289.00	100.00	288.30	97.66	2.44	2	1	4	
2	288.30	97.66	286.00	90.00	8.00	3	1	4	9	

5	0	324.154	4
1	170.00	276.00	163.71	265.78	12.00	1	5	
2	163.71	265.78	118.42	192.26	86.35	0	
3	118.42	192.26	86.95	141.17	60.01	1	8	
4	86.95	141.17	0.00	0.00	165.80	0	

5	1	196.331	6
1	170.00	276.00	175.44	265.30	12.00	1	5	
2	175.44	265.30	195.49	225.88	44.23	0	
3	195.49	225.88	233.55	151.03	83.96	1	7	
4	233.55	151.03	239.51	139.33	13.13	0	
5	239.51	139.33	256.53	105.87	37.54	1	1	
6	256.53	105.87	259.00	101.00	5.46	2	1	4	

5	2	72.277	3
1	170.00	276.00	181.62	273.01	12.00	1	5	
2	181.62	273.01	215.79	264.23	35.28	0	
3	215.79	264.23	240.00	258.00	25.00	1	2	

5	3	266.790	5
1	170.00	276.00	172.88	264.35	12.00	1	5	
2	172.88	264.35	182.58	225.09	40.44	0	
3	182.58	225.09	206.06	130.06	97.88	1	7	
4	206.06	130.06	229.20	36.42	96.46	0	
5	229.20	36.42	234.00	17.00	20.00	1	3	

5	4	212.455	6
1	170.00	276.00	176.72	266.06	12.00	1	5	
2	176.72	266.06	204.99	224.25	50.47	0	
3	204.99	224.25	240.69	171.46	63.72	1	7	
4	240.69	171.46	259.25	144.00	33.14	0	
5	259.25	144.00	270.52	127.34	20.11	1	1	
6	270.52	127.34	289.00	100.00	33.00	2	1	4	

5	5	0	0

5	6	118.870	3
1	170.00	276.00	158.19	278.12	12.00	1	5	
2	158.19	278.12	67.76	294.35	91.87	0	
3	67.76	294.35	53.00	297.00	15.00	1	6	

5	7	101.415	3
1	170.00	276.00	172.60	264.29	12.00	1	5	
2	172.60	264.29	181.37	224.83	40.41	0	
3	181.37	224.83	192.00	177.00	49.00	1	7	

5	8	133.004	3
1	170.00	276.00	161.25	267.79	12.00	1	5	
2	161.25	267.79	106.55	216.47	75.00	0	
3	106.55	216.47	73.00	185.00	46.00	1	8	

5	9	219.208	7
1	170.00	276.00	176.35	265.82	12.00	1	5	
2	176.35	265.82	201.80	225.01	48.09	0	
3	201.80	225.01	239.43	164.68	71.10	1	7	
4	239.43	164.68	252.62	143.52	24.93	0	
5	252.62	143.52	265.39	123.05	24.13	1	1	
6	265.39	123.05	281.77	96.79	30.95	2	1	4	
7	281.77	96.79	286.00	90.00	8.00	3	1	4	9	

6	0	301.692	4
1	53.00	297.00	50.36	282.23	15.00	1	6	
2	50.36	282.23	38.43	215.35	67.94	0	
3	38.43	215.35	30.07	168.49	47.60	0	
4	30.07	168.49	0.00	0.00	171.15	0	

6	1	284.345	6
1	53.00	297.00	63.87	286.66	15.00	1	6	
2	63.87	286.66	150.97	203.79	120.23	0	
3	150.97	203.79	220.79	137.35	96.38	1	7	
4	220.79	137.35	227.85	130.64	9.74	0	
5	227.85	130.64	256.20	103.66	39.14	1	1	
6	256.20	103.66	259.00	101.00	3.86	2	1	4	

6	2	191.024	5
1	53.00	297.00	67.68	293.94	15.00	1	6	
2	67.68	293.94	158.03	275.09	92.29	0	
3	158.03	275.09	180.61	270.39	23.06	1	5	
4	180.61	270.39	215.53	263.10	35.67	0	
5	215.53	263.10	240.00	258.00	25.00	1	2	

6	3	333.408	5
1	53.00	297.00	61.14	284.40	15.00	1	6	
2	61.14	284.40	102.68	220.14	76.52	0	
3	102.68	220.14	117.23	197.64	26.79	1	8	
4	117.23	197.64	223.14	33.80	195.10	0	
5	223.14	33.80	234.00	17.00	20.00	1	3	

6	4	307.417	6
1	53.00	297.00	64.52	287.39	15.00	1	6	
2	64.52	287.39	156.41	210.68	119.70	0	
3	156.41	210.68	231.50	148.00	97.81	1	7	
4	231.50	148.00	241.01	140.06	12.40	0	
5	241.01	140.06	263.67	121.15	29.51	1	1	
6	263.67	121.15	289.00	100.00	33.00	2	1	4	

6	5	118.870	3
1	53.00	297.00	67.76	294.35	15.00	1	6	
2	67.76	294.35	158.19	278.12	91.87	0	
3	158.19	278.12	170.00	276.00	12.00	1	5	

6	6	0	0

6	7	183.633	3
1	53.00	297.00	64.35	287.20	15.00	1	6	
2	64.35	287.20	154.91	209.02	119.63	0	
3	154.91	209.02	192.00	177.00	49.00	1	7	

6	8	113.772	3
1	53.00	297.00	55.64	282.23	15.00	1	6	
2	55.64	282.23	64.91	230.28	52.77	0	
3	64.91	230.28	73.00	185.00	46.00	0	

6	9	311.670	7
1	53.00	297.00	64.21	287.04	15.00	1	6	
2	64.21	287.04	153.69	207.55	119.68	0	
3	153.69	207.55	226.85	142.55	97.86	1	7	
4	226.85	142.55	234.13	136.08	9.74	0	
5	234.13	136.08	259.08	113.92	33.37	1	1	
6	259.08	113.92	280.02	95.31	28.01	2	1	4	
7	280.02	95.31	286.00	90.00	8.00	3	1	4	9	

7	0	261.138	2
1	192.00	177.00	155.97	143.79	49.00	1	7	
2	155.97	143.79	0.00	0.00	212.14	0	

7	1	101.316	4
1	192.00	177.00	224.40	140.24	49.00	1	7	
2	224.40	140.24	230.56	133.26	9.32	0	
3	230.56	133.26	256.26	104.11	38.85	1	1	
4	256.26	104.11	259.00	101.00	4.15	2	1	4	

7	2	94.154	3
1	192.00	177.00	216.98	219.15	49.00	1	7	
2	216.98	219.15	227.25	236.49	20.15	0	
3	227.25	236.49	240.00	258.00	25.00	1	2	

7	3	165.421	3
1	192.00	177.00	204.44	129.61	49.00	1	7	
2	204.44	129.61	228.92	36.34	96.42	0	
3	228.92	36.34	234.00	17.00	20.00	1	3	

7	4	123.847	4
1	192.00	177.00	230.38	146.53	49.00	1	7	
2	230.38	146.53	239.48	139.31	11.62	0	
3	239.48	139.31	263.15	120.52	30.23	1	1	
4	263.15	120.52	289.00	100.00	33.00	2	1	4	

7	5	101.415	3
1	192.00	177.00	181.37	224.83	49.00	1	7	
2	181.37	224.83	172.60	264.29	40.41	0	
3	172.60	264.29	170.00	276.00	12.00	1	5	

7	6	183.633	3
1	192.00	177.00	154.91	209.02	49.00	1	7	
2	154.91	209.02	64.35	287.20	119.63	0	
3	64.35	287.20	53.00	297.00	15.00	1	6	

7	7	0	0

7	8	119.269	3
1	192.00	177.00	143.11	180.29	49.00	1	7	
2	143.11	180.29	118.90	181.91	24.27	0	
3	118.90	181.91	73.00	185.00	46.00	1	8	

7	9	128.082	5
1	192.00	177.00	227.96	143.72	49.00	1	7	
2	227.96	143.72	235.33	136.90	10.04	0	
3	235.33	136.90	259.41	114.61	32.81	1	1	
4	259.41	114.61	280.13	95.43	28.23	2	1	4	
5	280.13	95.43	286.00	90.00	8.00	3	1	4	9	

8	0	198.882	2
1	73.00	185.00	56.12	142.21	46.00	1	8	
2	56.12	142.21	0.00	0.00	152.88	0	

8	1	204.088	6
1	73.00	185.00	114.92	166.07	46.00	1	8	
2	114.92	166.07	151.37	149.61	39.99	0	
3	151.37	149.61	198.31	128.41	51.50	1	7	
4	198.31	128.41	219.81	118.70	23.59	0	
5	219.81	118.70	256.08	102.32	39.80	1	1	
6	256.08	102.32	259.00	101.00	3.20	2	1	4	

8	2	182.258	3
1	73.00	185.00	115.15	203.42	46.00	1	8	
2	115.15	203.42	217.09	247.99	111.26	0	
3	217.09	247.99	240.00	258.00	25.00	1	2	

8	3	232.691	3
1	73.00	185.00	104.83	151.79	46.00	1	8	
2	104.83	151.79	220.16	31.44	166.69	0	
3	220.16	31.44	234.00	17.00	20.00	1	3	

8	4	232.123	6
1	73.00	185.00	115.80	168.16	46.00	1	8	
2	115.80	168.16	147.97	155.50	34.57	0	
3	147.97	155.50	209.57	131.26	66.20	1	7	
4	209.57	131.26	223.78	125.67	15.27	0	
5	223.78	125.67	258.29	112.08	37.09	1	1	
6	258.29	112.08	289.00	100.00	33.00	2	1	4	

8	5	133.004	3
1	73.00	185.00	106.55	216.47	46.00	1	8	
2	106.55	216.47	161.25	267.79	75.00	0	
3	161.25	267.79	170.00	276.00	12.00	1	5	

8	6	113.772	3
1	73.00	185.00	64.91	230.28	46.00	0	
2	64.91	230.28	55.64	282.23	52.77	0	
3	55.64	282.23	53.00	297.00	15.00	1	6	

8	7	119.269	3
1	73.00	185.00	118.90	181.91	46.00	1	8	
2	118.90	181.91	143.11	180.29	24.27	0	
3	143.11	180.29	192.00	177.00	49.00	1	7	

8	8	0	0

8	9	233.225	7
1	73.00	185.00	115.01	166.26	46.00	1	8	
2	115.01	166.26	150.96	150.23	39.36	0	
3	150.96	150.23	199.50	128.58	53.15	1	7	
4	199.50	128.58	220.13	119.38	22.58	0	
5	220.13	119.38	256.17	103.31	39.46	1	1	
6	256.17	103.31	278.69	93.26	24.67	2	1	4	
7	278.69	93.26	286.00	90.00	8.00	3	1	4	9	

9	0	299.827	4
1	286.00	90.00	278.37	87.60	8.00	3	1	4	9	
2	278.37	87.60	261.21	82.20	17.99	2	1	4	
3	261.21	82.20	227.60	71.62	35.24	1	1	
4	227.60	71.62	0.00	0.00	238.60	0	

9	1	29.155	2
1	286.00	90.00	278.59	93.02	8.00	3	1	4	9	
2	278.59	93.02	259.00	101.00	21.15	2	1	4	

9	2	174.184	5
1	286.00	90.00	283.89	97.72	8.00	3	1	4	9	
2	283.89	97.72	275.07	129.92	33.39	2	1	4	
3	275.07	129.92	271.74	142.07	12.60	1	1	
4	271.74	142.07	246.60	233.89	95.20	0	
5	246.60	233.89	240.00	258.00	25.00	1	2	

9	3	89.627	5
1	286.00	90.00	281.36	83.48	8.00	3	1	4	9	
2	281.36	83.48	272.69	71.31	14.94	2	1	4	
3	272.69	71.31	263.36	58.22	16.07	1	1	
4	263.36	58.22	245.60	33.29	30.61	0	
5	245.60	33.29	234.00	17.00	20.00	1	3	

9	4	10.440	2
1	286.00	90.00	288.30	97.66	8.00	3	1	4	9	
2	288.30	97.66	289.00	100.00	2.44	2	1	4	

9	5	219.208	7
1	286.00	90.00	281.77	96.79	8.00	3	1	4	9	
2	281.77	96.79	265.39	123.05	30.95	2	1	4	
3	265.39	123.05	252.62	143.52	24.13	1	1	
4	252.62	143.52	239.43	164.68	24.93	0	
5	239.43	164.68	201.80	225.01	71.10	1	7	
6	201.80	225.01	176.35	265.82	48.09	0	
7	176.35	265.82	170.00	276.00	12.00	1	5	

9	6	311.670	7
1	286.00	90.00	280.02	95.31	8.00	3	1	4	9	
2	280.02	95.31	259.08	113.92	28.01	2	1	4	
3	259.08	113.92	234.13	136.08	33.37	1	1	
4	234.13	136.08	226.85	142.55	9.74	0	
5	226.85	142.55	153.69	207.55	97.86	1	7	
6	153.69	207.55	64.21	287.04	119.68	0	
7	64.21	287.04	53.00	297.00	15.00	1	6	

9	7	128.082	5
1	286.00	90.00	280.13	95.43	8.00	3	1	4	9	
2	280.13	95.43	259.41	114.61	28.23	2	1	4	
3	259.41	114.61	235.33	136.90	32.81	1	1	
4	235.33	136.90	227.96	143.72	10.04	0	
5	227.96	143.72	192.00	177.00	49.00	1	7	

9	8	233.225	7
1	286.00	90.00	278.69	93.26	8.00	3	1	4	9	
2	278.69	93.26	256.17	103.31	24.67	2	1	4	
3	256.17	103.31	220.13	119.38	39.46	1	1	
4	220.13	119.38	199.50	128.58	22.58	0	
5	199.50	128.58	150.96	150.23	53.15	1	7	
6	150.96	150.23	115.01	166.26	39.36	0	
7	115.01	166.26	73.00	185.00	46.00	1	8	

9	9	0	0