10	178	2	0.001	120.0
0.000	0.000	0.000	1.000	0.000
113.000	140.000	43.000	10.000	9.000
156.000	36.000	17.000	3.000	16.000
115.000	265.000	15.000	8.000	13.000
222.000	55.000	46.000	10.000	4.000
99.000	144.000	15.000	7.000	3.000
117.000	264.000	31.000	5.000	3.000
196.000	81.000	23.000	8.000	2.000
161.000	13.000	23.000	2.000	16.000
153.000	66.000	14.000	2.000	2.000

0	0	0	0

0	1	179.914	3
1	0.00	0.00	85.99	106.54	136.91	0	
2	85.99	106.54	105.21	130.34	30.59	1	1	
3	105.21	130.34	113.00	140.00	12.41	2	1	5	

0	2	160.100	2
1	0.00	0.00	139.44	32.18	143.10	0	
2	139.44	32.18	156.00	36.00	17.00	1	2	

0	3	288.877	3
1	0.00	0.00	102.64	236.52	257.84	0	
2	102.64	236.52	109.03	251.24	16.04	1	6	
3	109.03	251.24	115.00	265.00	15.00	2	3	6	

0	4	228.712	4
1	0.00	0.00	139.07	34.45	143.27	0	
2	139.07	34.45	171.69	42.54	33.61	1	2	
3	171.69	42.54	177.35	43.94	5.83	0	
4	177.35	43.94	222.00	55.00	46.00	1	4	

0	5	174.748	3
1	0.00	0.00	78.55	114.26	138.66	0	
2	78.55	114.26	90.50	131.64	21.09	1	1	
3	90.50	131.64	99.00	144.00	15.00	2	1	5	

0	6	288.765	3
1	0.00	0.00	104.44	235.66	257.76	0	
2	104.44	235.66	111.03	250.53	16.27	1	6	
3	111.03	250.53	117.00	264.00	14.73	2	3	6	

0	7	212.078	5
1	0.00	0.00	141.26	58.38	152.84	0	
2	141.26	58.38	166.70	68.89	27.53	1	9	
3	166.70	68.89	174.74	72.22	8.71	0	
4	174.74	72.22	180.35	74.53	6.07	1	7	
5	180.35	74.53	196.00	81.00	16.93	2	4	7	

0	8	161.524	2
1	0.00	0.00	138.07	11.15	138.52	0	
2	138.07	11.15	161.00	13.00	23.00	1	8	

0	9	166.628	2
1	0.00	0.00	140.15	60.45	152.63	0	
2	140.15	60.45	153.00	66.00	14.00	1	9	

1	0	179.914	3
1	113.00	140.00	105.21	130.34	12.41	2	1	5	
2	105.21	130.34	85.99	106.54	30.59	1	1	
3	85.99	106.54	0.00	0.00	136.91	0	

1	1	0	0

1	2	112.539	6
1	113.00	140.00	113.26	139.36	0.69	2	1	5	
2	113.26	139.36	129.43	100.26	42.31	1	1	
3	129.43	100.26	140.78	72.82	29.69	0	
4	140.78	72.82	149.16	52.54	21.95	1	9	
5	149.16	52.54	149.50	51.71	0.89	0	
6	149.50	51.71	156.00	36.00	17.00	1	2	

1	3	125.016	5
1	113.00	140.00	113.14	148.99	8.99	2	1	5	
2	113.14	148.99	113.69	182.99	34.00	1	1	
3	113.69	182.99	114.49	233.10	50.11	0	
4	114.49	233.10	114.76	250.00	16.90	0	
5	114.76	250.00	115.00	265.00	15.00	1	6	

1	4	138.224	6
1	113.00	140.00	113.37	139.71	0.47	2	1	5	
2	113.37	139.71	146.91	113.56	42.53	1	1	
3	146.91	113.56	175.44	91.31	36.18	0	
4	175.44	91.31	185.73	83.29	13.04	1	7	
5	185.73	83.29	211.01	63.57	32.06	2	4	7	
6	211.01	63.57	222.00	55.00	13.94	1	4	

1	5	14.560	1
1	113.00	140.00	99.00	144.00	14.56	2	1	5	

1	6	124.064	5
1	113.00	140.00	113.28	148.60	8.60	2	1	5	
2	113.28	148.60	114.39	182.98	34.40	0	
3	114.39	182.98	116.00	233.02	50.06	0	
4	116.00	233.02	116.55	250.08	17.07	0	
5	116.55	250.08	117.00	264.00	13.93	2	3	6	

1	7	101.833	5
1	113.00	140.00	113.38	139.73	0.47	2	1	5	
2	113.38	139.73	148.05	115.09	42.53	1	1	
3	148.05	115.09	177.25	94.33	35.83	0	
4	177.25	94.33	188.39	86.41	13.67	1	7	
5	188.39	86.41	196.00	81.00	9.33	2	4	7	

1	8	135.768	8
1	113.00	140.00	113.25	139.33	0.72	2	1	5	
2	113.25	139.33	128.20	99.78	42.28	1	1	
3	128.20	99.78	139.53	69.81	32.04	0	
4	139.53	69.81	145.42	54.23	16.65	1	9	
5	145.42	54.23	146.88	50.35	4.15	0	
6	146.88	50.35	152.87	34.51	16.93	1	2	
7	152.87	34.51	158.65	19.21	16.36	2	2	8	
8	158.65	19.21	161.00	13.00	6.64	1	8	

1	9	84.119	4
1	113.00	140.00	113.29	139.45	0.62	2	1	5	
2	113.29	139.45	133.45	102.17	42.38	1	1	
3	133.45	102.17	146.34	78.32	27.12	0	
4	146.34	78.32	153.00	66.00	14.00	1	9	

2	0	160.100	2
1	156.00	36.00	139.44	32.18	17.00	1	2	
2	139.44	32.18	0.00	0.00	143.10	0	

2	1	112.539	6
1	156.00	36.00	149.50	51.71	17.00	1	2	
2	149.50	51.71	149.16	52.54	0.89	0	
3	149.16	52.54	140.78	72.82	21.95	1	9	
4	140.78	72.82	129.43	100.26	29.69	0	
5	129.43	100.26	113.26	139.36	42.31	1	1	
6	113.26	139.36	113.00	140.00	0.69	2	1	5	

2	2	0	0

2	3	232.641	8
1	156.00	36.00	153.14	52.00	16.25	1	2	
2	153.14	52.00	153.00	52.73	0.75	2	2	9	
3	153.00	52.73	148.27	79.18	26.86	1	9	
4	148.27	79.18	142.91	109.11	30.41	0	
5	142.91	109.11	130.33	179.35	71.36	0	
6	130.33	179.35	120.69	233.22	54.73	0	
7	120.69	233.22	117.64	250.23	17.28	1	6	
8	117.64	250.23	115.00	265.00	15.00	2	3	6	

2	4	68.680	3
1	156.00	36.00	172.34	40.70	17.00	1	2	
2	172.34	40.70	177.80	42.27	5.68	0	
3	177.80	42.27	222.00	55.00	46.00	1	4	

2	5	122.119	6
1	156.00	36.00	148.07	51.03	17.00	1	2	
2	148.07	51.03	146.79	53.45	2.74	0	
3	146.79	53.45	139.14	67.95	16.39	1	9	
4	139.14	67.95	123.16	98.22	34.22	0	
5	123.16	98.22	106.00	130.73	36.77	1	1	
6	106.00	130.73	99.00	144.00	15.00	2	1	5	

2	6	231.311	8
1	156.00	36.00	153.26	52.00	16.24	1	2	
2	153.26	52.00	153.13	52.76	0.77	2	2	9	
3	153.13	52.76	148.60	79.29	26.92	1	9	
4	148.60	79.29	143.41	109.60	30.75	0	
5	143.41	109.60	131.58	178.78	70.19	1	1	
6	131.58	178.78	122.23	233.44	55.46	0	
7	122.23	233.44	119.29	250.63	17.43	1	6	
8	119.29	250.63	117.00	264.00	13.57	2	3	6	

2	7	60.208	4
1	156.00	36.00	167.29	48.71	17.00	1	2	
2	167.29	48.71	176.15	58.66	13.32	0	
3	176.15	58.66	180.72	63.81	6.88	1	4	
4	180.72	63.81	196.00	81.00	23.00	2	4	7	

2	8	23.537	3
1	156.00	36.00	156.11	35.48	0.54	1	2	
2	156.11	35.48	159.61	19.39	16.46	2	2	8	
3	159.61	19.39	161.00	13.00	6.54	1	8	

2	9	30.150	3
1	156.00	36.00	154.39	52.07	16.15	1	2	
2	154.39	52.07	154.31	52.92	0.85	0	
3	154.31	52.92	153.00	66.00	13.15	1	9	

3	0	288.877	3
1	115.00	265.00	109.03	251.24	15.00	2	3	6	
2	109.03	251.24	102.64	236.52	16.04	1	6	
3	102.64	236.52	0.00	0.00	257.84	0	

3	1	125.016	5
1	115.00	265.00	114.76	250.00	15.00	1	6	
2	114.76	250.00	114.49	233.10	16.90	0	
3	114.49	233.10	113.69	182.99	50.11	0	
4	113.69	182.99	113.14	148.99	34.00	1	1	
5	113.14	148.99	113.00	140.00	8.99	2	1	5	

3	2	232.641	8
1	115.00	265.00	117.64	250.23	15.00	2	3	6	
2	117.64	250.23	120.69	233.22	17.28	1	6	
3	120.69	233.22	130.33	179.35	54.73	0	
4	130.33	179.35	142.91	109.11	71.36	0	
5	142.91	109.11	148.27	79.18	30.41	0	
6	148.27	79.18	153.00	52.73	26.86	1	9	
7	153.00	52.73	153.14	52.00	0.75	2	2	9	
8	153.14	52.00	156.00	36.00	16.25	1	2	

3	3	0	0

3	4	235.688	6
1	115.00	265.00	121.81	251.63	15.00	2	3	6	
2	121.81	251.63	129.88	235.80	17.77	1	6	
3	129.88	235.80	197.05	103.98	147.95	0	
4	197.05	103.98	201.12	95.99	8.97	1	7	
5	201.12	95.99	215.20	68.34	31.03	2	4	7	
6	215.20	68.34	222.00	55.00	14.97	1	4	

3	5	122.053	5
1	115.00	265.00	113.03	250.13	15.00	1	6	
2	113.03	250.13	110.85	233.62	16.66	1	6	
3	110.85	233.62	104.03	182.05	52.01	0	
4	104.03	182.05	100.97	158.87	23.39	1	1	
5	100.97	158.87	99.00	144.00	15.00	1	1	

3	6	2.236	1
1	115.00	265.00	117.00	264.00	2.24	2	3	6	

3	7	201.040	5
1	115.00	265.00	121.04	251.27	15.00	2	3	6	
2	121.04	251.27	128.17	235.08	17.69	1	6	
3	128.17	235.08	186.73	102.05	145.35	0	
4	186.73	102.05	192.07	89.93	13.24	1	7	
5	192.07	89.93	196.00	81.00	9.76	2	4	7	

3	8	256.164	10
1	115.00	265.00	117.69	250.24	15.00	2	3	6	
2	117.69	250.24	120.80	233.23	17.29	1	6	
3	120.80	233.23	130.66	179.21	54.92	0	
4	130.66	179.21	143.37	109.56	70.79	0	
5	143.37	109.56	148.88	79.38	30.68	0	
6	148.88	79.38	153.73	52.85	26.97	1	9	
7	153.73	52.85	153.88	52.03	0.83	2	2	9	
8	153.88	52.03	156.87	35.63	16.67	1	2	
9	156.87	35.63	159.83	19.44	16.46	2	2	8	
10	159.83	19.44	161.00	13.00	6.54	1	8	

3	9	202.596	6
1	115.00	265.00	117.81	250.27	15.00	2	3	6	
2	117.81	250.27	121.06	233.27	17.31	1	6	
3	121.06	233.27	131.45	178.84	55.41	0	
4	131.45	178.84	144.47	110.69	69.38	1	1	
5	144.47	110.69	150.37	79.75	31.50	0	
6	150.37	79.75	153.00	66.00	14.00	1	9	

4	0	228.712	4
1	222.00	55.00	177.35	43.94	46.00	1	4	
2	177.35	43.94	171.69	42.54	5.83	0	
3	171.69	42.54	139.07	34.45	33.61	1	2	
4	139.07	34.45	0.00	0.00	143.27	0	

4	1	138.224	6
1	222.00	55.00	211.01	63.57	13.94	1	4	
2	211.01	63.57	185.73	83.29	32.06	2	4	7	
3	185.73	83.29	175.44	91.31	13.04	1	7	
4	175.44	91.31	146.91	113.56	36.18	0	
5	146.91	113.56	113.37	139.71	42.53	1	1	
6	113.37	139.71	113.00	140.00	0.47	2	1	5	

4	2	68.680	3
1	222.00	55.00	177.80	42.27	46.00	1	4	
2	177.80	42.27	172.34	40.70	5.68	0	
3	172.34	40.70	156.00	36.00	17.00	1	2	

4	3	235.688	6
1	222.00	55.00	215.20	68.34	14.97	1	4	
2	215.20	68.34	201.12	95.99	31.03	2	4	7	
3	201.12	95.99	197.05	103.98	8.97	1	7	
4	197.05	103.98	129.88	235.80	147.95	0	
5	129.88	235.80	121.81	251.63	17.77	1	6	
6	121.81	251.63	115.00	265.00	15.00	2	3	6	

4	4	0	0

4	5	151.822	6
1	222.00	55.00	210.61	63.24	14.05	1	4	
2	210.61	63.24	184.73	81.97	31.95	2	4	7	
3	184.73	81.97	174.56	89.33	12.56	1	7	
4	174.56	89.33	144.69	110.94	36.87	0	
5	144.69	110.94	111.15	135.21	41.40	1	1	
6	111.15	135.21	99.00	144.00	15.00	2	1	5	

4	6	233.893	6
1	222.00	55.00	215.26	68.42	15.02	1	4	
2	215.26	68.42	201.35	96.10	30.98	2	4	7	
3	201.35	96.10	197.40	103.96	8.79	1	7	
4	197.40	103.96	130.92	236.30	148.10	0	
5	130.92	236.30	122.90	252.25	17.85	1	6	
6	122.90	252.25	117.00	264.00	13.15	2	3	6	

4	7	36.770	2
1	222.00	55.00	212.26	64.74	13.77	1	4	
2	212.26	64.74	196.00	81.00	23.00	2	4	7	

4	8	74.061	3
1	222.00	55.00	184.11	28.91	46.00	1	4	
2	184.11	28.91	179.94	26.04	5.06	0	
3	179.94	26.04	161.00	13.00	23.00	1	8	

4	9	69.871	5
1	222.00	55.00	200.45	58.44	21.82	1	4	
2	200.45	58.44	184.75	60.94	15.90	2	4	7	
3	184.75	60.94	176.57	62.24	8.28	1	4	
4	176.57	62.24	166.83	63.80	9.87	0	
5	166.83	63.80	153.00	66.00	14.00	1	9	

5	0	174.748	3
1	99.00	144.00	90.50	131.64	15.00	2	1	5	
2	90.50	131.64	78.55	114.26	21.09	1	1	
3	78.55	114.26	0.00	0.00	138.66	0	

5	1	14.560	1
1	99.00	144.00	113.00	140.00	14.56	2	1	5	

5	2	122.119	6
1	99.00	144.00	106.00	130.73	15.00	2	1	5	
2	106.00	130.73	123.16	98.22	36.77	1	1	
3	123.16	98.22	139.14	67.95	34.22	0	
4	139.14	67.95	146.79	53.45	16.39	1	9	
5	146.79	53.45	148.07	51.03	2.74	0	
6	148.07	51.03	156.00	36.00	17.00	1	2	

5	3	122.053	5
1	99.00	144.00	100.97	158.87	15.00	1	1	
2	100.97	158.87	104.03	182.05	23.39	1	1	
3	104.03	182.05	110.85	233.62	52.01	0	
4	110.85	233.62	113.03	250.13	16.66	1	6	
5	113.03	250.13	115.00	265.00	15.00	1	6	

5	4	151.822	6
1	99.00	144.00	111.15	135.21	15.00	2	1	5	
2	111.15	135.21	144.69	110.94	41.40	1	1	
3	144.69	110.94	174.56	89.33	36.87	0	
4	174.56	89.33	184.73	81.97	12.56	1	7	
5	184.73	81.97	210.61	63.24	31.95	2	4	7	
6	210.61	63.24	222.00	55.00	14.05	1	4	

5	5	0	0

5	6	121.342	5
1	99.00	144.00	101.23	158.83	15.00	2	1	5	
2	101.23	158.83	104.73	182.20	23.62	0	
3	104.73	182.20	112.40	233.34	51.72	0	
4	112.40	233.34	114.90	250.00	16.84	0	
5	114.90	250.00	117.00	264.00	14.16	2	3	6	

5	7	115.663	5
1	99.00	144.00	111.58	135.83	15.00	2	1	5	
2	111.58	135.83	146.56	113.11	41.71	1	1	
3	146.56	113.11	176.71	93.53	35.96	0	
4	176.71	93.53	188.12	86.12	13.61	1	7	
5	188.12	86.12	196.00	81.00	9.39	2	4	7	

5	8	144.931	6
1	99.00	144.00	105.42	130.44	15.00	2	1	5	
2	105.42	130.44	120.90	97.73	36.19	1	1	
3	120.90	97.73	144.28	48.32	54.67	0	
4	144.28	48.32	151.16	33.79	16.07	1	2	
5	151.16	33.79	158.10	19.13	16.22	2	2	8	
6	158.10	19.13	161.00	13.00	6.78	1	8	

5	9	94.868	4
1	99.00	144.00	107.54	131.67	15.00	2	1	5	
2	107.54	131.67	129.31	100.21	38.25	1	1	
3	129.31	100.21	145.03	77.51	27.61	0	
4	145.03	77.51	153.00	66.00	14.00	1	9	

6	0	288.765	3
1	117.00	264.00	111.03	250.53	14.73	2	3	6	
2	111.03	250.53	104.44	235.66	16.27	1	6	
3	104.44	235.66	0.00	0.00	257.76	0	

6	1	124.064	5
1	117.00	264.00	116.55	250.08	13.93	2	3	6	
2	116.55	250.08	116.00	233.02	17.07	0	
3	116.00	233.02	114.39	182.98	50.06	0	
4	114.39	182.98	113.28	148.60	34.40	0	
5	113.28	148.60	113.00	140.00	8.60	2	1	5	

6	2	231.311	8
1	117.00	264.00	119.29	250.63	13.57	2	3	6	
2	119.29	250.63	122.23	233.44	17.43	1	6	
3	122.23	233.44	131.58	178.78	55.46	0	
4	131.58	178.78	143.41	109.60	70.19	1	1	
5	143.41	109.60	148.60	79.29	30.75	0	
6	148.60	79.29	153.13	52.76	26.92	1	9	
7	153.13	52.76	153.26	52.00	0.77	2	2	9	
8	153.26	52.00	156.00	36.00	16.24	1	2	

6	3	2.236	1
1	117.00	264.00	115.00	265.00	2.24	2	3	6	

6	4	233.893	6
1	117.00	264.00	122.90	252.25	13.15	2	3	6	
2	122.90	252.25	130.92	236.30	17.85	1	6	
3	130.92	236.30	197.40	103.96	148.10	0	
4	197.40	103.96	201.35	96.10	8.79	1	7	
5	201.35	96.10	215.26	68.42	30.98	2	4	7	
6	215.26	68.42	222.00	55.00	15.02	1	4	

6	5	121.342	5
1	117.00	264.00	114.90	250.00	14.16	2	3	6	
2	114.90	250.00	112.40	233.34	16.84	0	
3	112.40	233.34	104.73	182.20	51.72	0	
4	104.73	182.20	101.23	158.83	23.62	0	
5	101.23	158.83	99.00	144.00	15.00	2	1	5	

6	6	0	0

6	7	199.324	5
1	117.00	264.00	122.24	251.86	13.22	2	3	6	
2	122.24	251.86	129.29	235.54	17.78	1	6	
3	129.29	235.54	186.88	102.12	145.32	0	
4	186.88	102.12	192.12	89.98	13.22	1	7	
5	192.12	89.98	196.00	81.00	9.78	1	7	

6	8	254.827	10
1	117.00	264.00	119.34	250.64	13.56	2	3	6	
2	119.34	250.64	122.35	233.47	17.44	1	6	
3	122.35	233.47	131.97	178.59	55.71	0	
4	131.97	178.59	143.97	110.17	69.47	0	
5	143.97	110.17	149.34	79.51	31.12	0	
6	149.34	79.51	154.01	52.88	27.04	1	9	
7	154.01	52.88	154.16	52.05	0.85	2	2	9	
8	154.16	52.05	157.03	35.65	16.64	1	2	
9	157.03	35.65	159.87	19.45	16.46	2	2	8	
10	159.87	19.45	161.00	13.00	6.54	1	8	

6	9	201.246	6
1	117.00	264.00	119.42	250.67	13.55	2	3	6	
2	119.42	250.67	122.55	233.50	17.45	1	6	
3	122.55	233.50	132.59	178.28	56.12	0	
4	132.59	178.28	144.81	111.06	68.32	0	
5	144.81	111.06	150.50	79.77	31.80	0	
6	150.50	79.77	153.00	66.00	14.00	1	9	

7	0	212.078	5
1	196.00	81.00	180.35	74.53	16.93	2	4	7	
2	180.35	74.53	174.74	72.22	6.07	1	7	
3	174.74	72.22	166.70	68.89	8.71	0	
4	166.70	68.89	141.26	58.38	27.53	1	9	
5	141.26	58.38	0.00	0.00	152.84	0	

7	1	101.833	5
1	196.00	81.00	188.39	86.41	9.33	2	4	7	
2	188.39	86.41	177.25	94.33	13.67	1	7	
3	177.25	94.33	148.05	115.09	35.83	0	
4	148.05	115.09	113.38	139.73	42.53	1	1	
5	113.38	139.73	113.00	140.00	0.47	2	1	5	

7	2	60.208	4
1	196.00	81.00	180.72	63.81	23.00	2	4	7	
2	180.72	63.81	176.15	58.66	6.88	1	4	
3	176.15	58.66	167.29	48.71	13.32	0	
4	167.29	48.71	156.00	36.00	17.00	1	2	

7	3	201.040	5
1	196.00	81.00	192.07	89.93	9.76	2	4	7	
2	192.07	89.93	186.73	102.05	13.24	1	7	
3	186.73	102.05	128.17	235.08	145.35	0	
4	128.17	235.08	121.04	251.27	17.69	1	6	
5	121.04	251.27	115.00	265.00	15.00	2	3	6	

7	4	36.770	2
1	196.00	81.00	212.26	64.74	23.00	2	4	7	
2	212.26	64.74	222.00	55.00	13.77	1	4	

7	5	115.663	5
1	196.00	81.00	188.12	86.12	9.39	2	4	7	
2	188.12	86.12	176.71	93.53	13.61	1	7	
3	176.71	93.53	146.56	113.11	35.96	0	
4	146.56	113.11	111.58	135.83	41.71	1	1	
5	111.58	135.83	99.00	144.00	15.00	2	1	5	

7	6	199.324	5
1	196.00	81.00	192.12	89.98	9.78	1	7	
2	192.12	89.98	186.88	102.12	13.22	1	7	
3	186.88	102.12	129.29	235.54	145.32	0	
4	129.29	235.54	122.24	251.86	17.78	1	6	
5	122.24	251.86	117.00	264.00	13.22	2	3	6	

7	7	0	0

7	8	76.479	6
1	196.00	81.00	185.47	60.55	23.00	2	4	7	
2	185.47	60.55	177.21	44.50	18.05	1	4	
3	177.21	44.50	173.00	36.31	9.21	0	
4	173.00	36.31	171.53	33.45	3.22	1	2	
5	171.53	33.45	165.63	21.99	12.89	2	2	8	
6	165.63	21.99	161.00	13.00	10.11	1	8	

7	9	45.541	4
1	196.00	81.00	180.94	75.75	15.94	2	4	7	
2	180.94	75.75	174.28	73.42	7.06	1	7	
3	174.28	73.42	166.22	70.61	8.54	0	
4	166.22	70.61	153.00	66.00	14.00	1	9	

8	0	161.524	2
1	161.00	13.00	138.07	11.15	23.00	1	8	
2	138.07	11.15	0.00	0.00	138.52	0	

8	1	135.768	8
1	161.00	13.00	158.65	19.21	6.64	1	8	
2	158.65	19.21	152.87	34.51	16.36	2	2	8	
3	152.87	34.51	146.88	50.35	16.93	1	2	
4	146.88	50.35	145.42	54.23	4.15	0	
5	145.42	54.23	139.53	69.81	16.65	1	9	
6	139.53	69.81	128.20	99.78	32.04	0	
7	128.20	99.78	113.25	139.33	42.28	1	1	
8	113.25	139.33	113.00	140.00	0.72	2	1	5	

8	2	23.537	3
1	161.00	13.00	159.61	19.39	6.54	1	8	
2	159.61	19.39	156.11	35.48	16.46	2	2	8	
3	156.11	35.48	156.00	36.00	0.54	1	2	

8	3	256.164	10
1	161.00	13.00	159.83	19.44	6.54	1	8	
2	159.83	19.44	156.87	35.63	16.46	2	2	8	
3	156.87	35.63	153.88	52.03	16.67	1	2	
4	153.88	52.03	153.73	52.85	0.83	2	2	9	
5	153.73	52.85	148.88	79.38	26.97	1	9	
6	148.88	79.38	143.37	109.56	30.68	0	
7	143.37	109.56	130.66	179.21	70.79	0	
8	130.66	179.21	120.80	233.23	54.92	0	
9	120.80	233.23	117.69	250.24	17.29	1	6	
10	117.69	250.24	115.00	265.00	15.00	2	3	6	

8	4	74.061	3
1	161.00	13.00	179.94	26.04	23.00	1	8	
2	179.94	26.04	184.11	28.91	5.06	0	
3	184.11	28.91	222.00	55.00	46.00	1	4	

8	5	144.931	6
1	161.00	13.00	158.10	19.13	6.78	1	8	
2	158.10	19.13	151.16	33.79	16.22	2	2	8	
3	151.16	33.79	144.28	48.32	16.07	1	2	
4	144.28	48.32	120.90	97.73	54.67	0	
5	120.90	97.73	105.42	130.44	36.19	1	1	
6	105.42	130.44	99.00	144.00	15.00	2	1	5	

8	6	254.827	10
1	161.00	13.00	159.87	19.45	6.54	1	8	
2	159.87	19.45	157.03	35.65	16.46	2	2	8	
3	157.03	35.65	154.16	52.05	16.64	1	2	
4	154.16	52.05	154.01	52.88	0.85	2	2	9	
5	154.01	52.88	149.34	79.51	27.04	1	9	
6	149.34	79.51	143.97	110.17	31.12	0	
7	143.97	110.17	131.97	178.59	69.47	0	
8	131.97	178.59	122.35	233.47	55.71	0	
9	122.35	233.47	119.34	250.64	17.44	1	6	
10	119.34	250.64	117.00	264.00	13.56	2	3	6	

8	7	76.479	6
1	161.00	13.00	165.63	21.99	10.11	1	8	
2	165.63	21.99	171.53	33.45	12.89	2	2	8	
3	171.53	33.45	173.00	36.31	3.22	1	2	
4	173.00	36.31	177.21	44.50	9.21	0	
5	177.21	44.50	185.47	60.55	18.05	1	4	
6	185.47	60.55	196.00	81.00	23.00	2	4	7	

8	8	0	0

8	9	53.600	5
1	161.00	13.00	160.02	19.48	6.56	1	8	
2	160.02	19.48	157.57	35.74	16.44	2	2	8	
3	157.57	35.74	155.09	52.16	16.60	1	2	
4	155.09	52.16	154.97	52.97	0.82	2	2	9	
5	154.97	52.97	153.00	66.00	13.18	1	9	

9	0	166.628	2
1	153.00	66.00	140.15	60.45	14.00	1	9	
2	140.15	60.45	0.00	0.00	152.63	0	

9	1	84.119	4
1	153.00	66.00	146.34	78.32	14.00	1	9	
2	146.34	78.32	133.45	102.17	27.12	0	
3	133.45	102.17	113.29	139.45	42.38	1	1	
4	113.29	139.45	113.00	140.00	0.62	2	1	5	

9	2	30.150	3
1	153.00	66.00	154.31	52.92	13.15	1	9	
2	154.31	52.92	154.39	52.07	0.85	0	
3	154.39	52.07	156.00	36.00	16.15	1	2	

9	3	202.596	6
1	153.00	66.00	150.37	79.75	14.00	1	9	
2	150.37	79.75	144.47	110.69	31.50	0	
3	144.47	110.69	131.45	178.84	69.38	1	1	
4	131.45	178.84	121.06	233.27	55.41	0	
5	121.06	233.27	117.81	250.27	17.31	1	6	
6	117.81	250.27	115.00	265.00	15.00	2	3	6	

9	4	69.871	5
1	153.00	66.00	166.83	63.80	14.00	1	9	
2	166.83	63.80	176.57	62.24	9.87	0	
3	176.57	62.24	184.75	60.94	8.28	1	4	
4	184.75	60.94	200.45	58.44	15.90	2	4	7	
5	200.45	58.44	222.00	55.00	21.82	1	4	

9	5	94.868	4
1	153.00	66.00	145.03	77.51	14.00	1	9	
2	145.03	77.51	129.31	100.21	27.61	0	
3	129.31	100.21	107.54	131.67	38.25	1	1	
4	107.54	131.67	99.00	144.00	15.00	2	1	5	

9	6	201.246	6
1	153.00	66.00	150.50	79.77	14.00	1	9	
2	150.50	79.77	144.81	111.06	31.80	0	
3	144.81	111.06	132.59	178.28	68.32	0	
4	132.59	178.28	122.55	233.50	56.12	0	
5	122.55	233.50	119.42	250.67	17.45	1	6	
6	119.42	250.67	117.00	264.00	13.55	2	3	6	

9	7	45.541	4
1	153.00	66.00	166.22	70.61	14.00	1	9	
2	166.22	70.61	174.28	73.42	8.54	0	
3	174.28	73.42	180.94	75.75	7.06	1	7	
4	180.94	75.75	196.00	81.00	15.94	2	4	7	

9	8	53.600	5
1	153.00	66.00	154.97	52.97	13.18	1	9	
2	154.97	52.97	155.09	52.16	0.82	2	2	9	
3	155.09	52.16	157.57	35.74	16.60	1	2	
4	157.57	35.74	160.02	19.48	16.44	2	2	8	
5	160.02	19.48	161.00	13.00	6.56	1	8	

9	9	0	0