9	101	2	0.001	90.0
0.000	0.000	0.000	2.000	0.000
53.000	27.000	45.000	6.000	8.000
220.000	297.000	1.000	5.000	5.000
291.000	203.000	15.000	10.000	15.000
138.000	92.000	21.000	10.000	8.000
52.000	223.000	25.000	6.000	4.000
105.000	103.000	15.000	3.000	1.000
53.000	108.000	19.000	4.000	8.000
186.000	165.000	5.000	2.000	20.000
 


0	0	0	0

0	1	59.481	2
1	0.00	0.00	12.90	6.57	14.48	0	
2	12.90	6.57	53.00	27.00	45.00	1	1	

0	2	369.607	4
1	0.00	0.00	10.05	13.57	16.89	0	
2	10.05	13.57	53.33	72.00	72.71	1	1	
3	53.33	72.00	219.40	296.20	279.01	0	
4	219.40	296.20	220.00	297.00	1.00	1	2	

0	3	354.810	6
1	0.00	0.00	12.03	8.39	14.67	0	
2	12.03	8.39	84.61	59.03	88.50	1	1	
3	84.61	59.03	119.01	83.02	41.95	0	
4	119.01	83.02	152.98	106.72	41.41	1	4	
5	152.98	106.72	278.70	194.42	153.29	0	
6	278.70	194.42	291.00	203.00	15.00	1	3	

0	4	165.855	4
1	0.00	0.00	12.16	8.11	14.61	0	
2	12.16	8.11	86.15	57.43	88.93	1	1	
3	86.15	57.43	120.53	80.35	41.32	0	
4	120.53	80.35	138.00	92.00	21.00	1	4	

0	5	228.983	2
1	0.00	0.00	46.32	198.65	203.98	0	
2	46.32	198.65	52.00	223.00	25.00	1	5	

0	6	147.085	4
1	0.00	0.00	11.02	10.81	15.43	0	
2	11.02	10.81	70.00	68.67	82.63	1	1	
3	70.00	68.67	94.29	92.50	34.03	0	
4	94.29	92.50	105.00	103.00	15.00	1	6	

0	7	120.304	4
1	0.00	0.00	8.89	18.11	20.17	0	
2	8.89	18.11	33.04	67.33	54.83	1	1	
3	33.04	67.33	44.63	90.94	26.30	0	
4	44.63	90.94	53.00	108.00	19.00	1	7	

0	8	248.638	6
1	0.00	0.00	11.32	10.04	15.13	0	
2	11.32	10.04	74.81	66.36	84.87	1	1	
3	74.81	66.36	100.12	88.82	33.84	0	
4	100.12	88.82	119.66	106.15	26.13	1	6	
5	119.66	106.15	182.26	161.68	83.67	0	
6	182.26	161.68	186.00	165.00	5.00	1	8	

1	0	59.481	2
1	53.00	27.00	12.90	6.57	45.00	1	1	
2	12.90	6.57	0.00	0.00	14.48	0	

1	1	0	0

1	2	317.473	5
1	53.00	27.00	76.67	65.27	45.00	1	1	
2	76.67	65.27	93.82	93.00	32.60	0	
3	93.82	93.00	108.96	117.47	28.77	1	6	
4	108.96	117.47	219.47	296.15	210.10	0	
5	219.47	296.15	220.00	297.00	1.00	1	2	

1	3	296.007	5
1	53.00	27.00	89.18	53.76	45.00	1	1	
2	89.18	53.76	122.20	78.17	41.06	0	
3	122.20	78.17	155.85	103.06	41.86	1	4	
4	155.85	103.06	278.94	194.08	153.09	0	
5	278.94	194.08	291.00	203.00	15.00	1	3	

1	4	107.005	3
1	53.00	27.00	88.75	54.34	45.00	1	1	
2	88.75	54.34	121.32	79.24	41.00	0	
3	121.32	79.24	138.00	92.00	21.00	1	4	

1	5	196.003	5
1	53.00	27.00	52.77	72.00	45.00	0	
2	52.77	72.00	52.68	88.99	16.99	0	
3	52.68	88.99	52.49	127.00	38.00	0	
4	52.49	127.00	52.13	198.01	71.01	0	
5	52.13	198.01	52.00	223.00	24.99	1	5	

1	6	92.087	3
1	53.00	27.00	78.41	64.14	45.00	1	1	
2	78.41	64.14	96.53	90.62	32.09	0	
3	96.53	90.62	105.00	103.00	15.00	1	6	

1	7	81.000	3
1	53.00	27.00	53.00	72.00	45.00	1	1	
2	53.00	72.00	53.00	89.00	17.00	0	
3	53.00	89.00	53.00	108.00	19.00	1	7	

1	8	191.659	5
1	53.00	27.00	84.23	59.40	45.00	1	1	
2	84.23	59.40	117.05	93.46	47.30	0	
3	117.05	93.46	135.77	112.88	26.97	1	4	
4	135.77	112.88	182.53	161.40	67.38	0	
5	182.53	161.40	186.00	165.00	5.00	1	8	

2	0	369.607	4
1	220.00	297.00	219.40	296.20	1.00	1	2	
2	219.40	296.20	53.33	72.00	279.01	0	
3	53.33	72.00	10.05	13.57	72.71	1	1	
4	10.05	13.57	0.00	0.00	16.89	0	

2	1	317.473	5
1	220.00	297.00	219.47	296.15	1.00	1	2	
2	219.47	296.15	108.96	117.47	210.10	0	
3	108.96	117.47	93.82	93.00	28.77	1	6	
4	93.82	93.00	76.67	65.27	32.60	0	
5	76.67	65.27	53.00	27.00	45.00	1	1	

2	2	0	0

2	3	117.801	3
1	220.00	297.00	220.60	296.20	1.00	1	2	
2	220.60	296.20	281.96	214.97	101.80	0	
3	281.96	214.97	291.00	203.00	15.00	1	3	

2	4	220.792	3
1	220.00	297.00	219.63	296.07	1.00	1	2	
2	219.63	296.07	145.80	111.50	198.79	0	
3	145.80	111.50	138.00	92.00	21.00	1	4	

2	5	183.576	3
1	220.00	297.00	219.08	296.60	1.00	1	2	
2	219.08	296.60	74.88	233.08	157.58	0	
3	74.88	233.08	52.00	223.00	25.00	1	5	

2	6	225.524	3
1	220.00	297.00	219.49	296.14	1.00	1	2	
2	219.49	296.14	112.65	115.90	209.52	0	
3	112.65	115.90	105.00	103.00	15.00	1	6	

2	7	252.210	3
1	220.00	297.00	219.34	296.25	1.00	1	2	
2	219.34	296.25	65.58	122.24	232.21	0	
3	65.58	122.24	53.00	108.00	19.00	1	7	

2	8	136.308	3
1	220.00	297.00	219.75	296.03	1.00	1	2	
2	219.75	296.03	187.25	169.84	130.31	0	
3	187.25	169.84	186.00	165.00	5.00	1	8	

3	0	354.810	6
1	291.00	203.00	278.70	194.42	15.00	1	3	
2	278.70	194.42	152.98	106.72	153.29	0	
3	152.98	106.72	119.01	83.02	41.41	1	4	
4	119.01	83.02	84.61	59.03	41.95	0	
5	84.61	59.03	12.03	8.39	88.50	1	1	
6	12.03	8.39	0.00	0.00	14.67	0	

3	1	296.007	5
1	291.00	203.00	278.94	194.08	15.00	1	3	
2	278.94	194.08	155.85	103.06	153.09	0	
3	155.85	103.06	122.20	78.17	41.86	1	4	
4	122.20	78.17	89.18	53.76	41.06	0	
5	89.18	53.76	53.00	27.00	45.00	1	1	

3	2	117.801	3
1	291.00	203.00	281.96	214.97	15.00	1	3	
2	281.96	214.97	220.60	296.20	101.80	0	
3	220.60	296.20	220.00	297.00	1.00	1	2	

3	3	0	0

3	4	189.024	3
1	291.00	203.00	278.86	194.19	15.00	1	3	
2	278.86	194.19	155.00	104.33	153.02	0	
3	155.00	104.33	138.00	92.00	21.00	1	4	

3	5	239.835	3
1	291.00	203.00	276.05	204.25	15.00	1	3	
2	276.05	204.25	76.91	220.92	199.84	0	
3	76.91	220.92	52.00	223.00	25.00	1	5	

3	6	211.178	3
1	291.00	203.00	277.79	195.90	15.00	1	3	
2	277.79	195.90	118.21	110.10	181.18	0	
3	118.21	110.10	105.00	103.00	15.00	1	6	

3	7	256.260	5
1	291.00	203.00	277.07	197.44	15.00	1	3	
2	277.07	197.44	190.54	162.90	93.17	0	
3	190.54	162.90	184.16	160.35	6.87	1	8	
4	184.16	160.35	70.65	115.04	122.22	0	
5	70.65	115.04	53.00	108.00	19.00	1	7	

3	8	111.665	3
1	291.00	203.00	276.90	197.90	15.00	1	3	
2	276.90	197.90	190.70	166.70	91.66	0	
3	190.70	166.70	186.00	165.00	5.00	1	8	

4	0	165.855	4
1	138.00	92.00	120.53	80.35	21.00	1	4	
2	120.53	80.35	86.15	57.43	41.32	0	
3	86.15	57.43	12.16	8.11	88.93	1	1	
4	12.16	8.11	0.00	0.00	14.61	0	

4	1	107.005	3
1	138.00	92.00	121.32	79.24	21.00	1	4	
2	121.32	79.24	88.75	54.34	41.00	0	
3	88.75	54.34	53.00	27.00	45.00	1	1	

4	2	220.792	3
1	138.00	92.00	145.80	111.50	21.00	1	4	
2	145.80	111.50	219.63	296.07	198.79	0	
3	219.63	296.07	220.00	297.00	1.00	1	2	

4	3	189.024	3
1	138.00	92.00	155.00	104.33	21.00	1	4	
2	155.00	104.33	278.86	194.19	153.02	0	
3	278.86	194.19	291.00	203.00	15.00	1	3	

4	4	0	0

4	5	156.707	3
1	138.00	92.00	126.48	109.56	21.00	1	4	
2	126.48	109.56	65.72	202.10	110.71	0	
3	65.72	202.10	52.00	223.00	25.00	1	5	

4	6	34.785	3
1	138.00	92.00	119.23	98.26	19.79	1	4	
2	119.23	98.26	118.08	98.64	1.21	2	4	6	
3	118.08	98.64	105.00	103.00	13.79	1	6	

4	7	86.493	5
1	138.00	92.00	118.13	95.74	20.22	1	4	
2	118.13	95.74	117.36	95.88	0.78	2	4	6	
3	117.36	95.88	90.13	101.01	27.71	1	6	
4	90.13	101.01	71.67	104.49	18.78	0	
5	71.67	104.49	53.00	108.00	19.00	1	7	

4	8	87.367	3
1	138.00	92.00	149.54	109.55	21.00	1	4	
2	149.54	109.55	183.25	160.82	61.37	0	
3	183.25	160.82	186.00	165.00	5.00	1	8	

5	0	228.983	2
1	52.00	223.00	46.32	198.65	25.00	1	5	
2	46.32	198.65	0.00	0.00	203.98	0	

5	1	196.003	5
1	52.00	223.00	52.13	198.01	24.99	1	5	
2	52.13	198.01	52.49	127.00	71.01	0	
3	52.49	127.00	52.68	88.99	38.00	0	
4	52.68	88.99	52.77	72.00	16.99	0	
5	52.77	72.00	53.00	27.00	45.00	0	

5	2	183.576	3
1	52.00	223.00	74.88	233.08	25.00	1	5	
2	74.88	233.08	219.08	296.60	157.58	0	
3	219.08	296.60	220.00	297.00	1.00	1	2	

5	3	239.835	3
1	52.00	223.00	76.91	220.92	25.00	1	5	
2	76.91	220.92	276.05	204.25	199.84	0	
3	276.05	204.25	291.00	203.00	15.00	1	3	

5	4	156.707	3
1	52.00	223.00	65.72	202.10	25.00	1	5	
2	65.72	202.10	126.48	109.56	110.71	0	
3	126.48	109.56	138.00	92.00	21.00	1	4	

5	5	0	0

5	6	131.183	3
1	52.00	223.00	62.10	200.13	25.00	1	5	
2	62.10	200.13	98.94	116.72	91.18	0	
3	98.94	116.72	105.00	103.00	15.00	1	6	

5	7	115.004	3
1	52.00	223.00	52.22	198.00	25.00	0	
2	52.22	198.00	52.83	127.00	71.00	0	
3	52.83	127.00	53.00	108.00	19.00	1	7	

5	8	146.014	3
1	52.00	223.00	74.94	213.07	25.00	1	5	
2	74.94	213.07	181.41	166.99	116.01	0	
3	181.41	166.99	186.00	165.00	5.00	1	8	

6	0	147.085	4
1	105.00	103.00	94.29	92.50	15.00	1	6	
2	94.29	92.50	70.00	68.67	34.03	0	
3	70.00	68.67	11.02	10.81	82.63	1	1	
4	11.02	10.81	0.00	0.00	15.43	0	

6	1	92.087	3
1	105.00	103.00	96.53	90.62	15.00	1	6	
2	96.53	90.62	78.41	64.14	32.09	0	
3	78.41	64.14	53.00	27.00	45.00	1	1	

6	2	225.524	3
1	105.00	103.00	112.65	115.90	15.00	1	6	
2	112.65	115.90	219.49	296.14	209.52	0	
3	219.49	296.14	220.00	297.00	1.00	1	2	

6	3	211.178	3
1	105.00	103.00	118.21	110.10	15.00	1	6	
2	118.21	110.10	277.79	195.90	181.18	0	
3	277.79	195.90	291.00	203.00	15.00	1	3	

6	4	34.785	3
1	105.00	103.00	118.08	98.64	13.79	1	6	
2	118.08	98.64	119.23	98.26	1.21	2	4	6	
3	119.23	98.26	138.00	92.00	19.79	1	4	

6	5	131.183	3
1	105.00	103.00	98.94	116.72	15.00	1	6	
2	98.94	116.72	62.10	200.13	91.18	0	
3	62.10	200.13	52.00	223.00	25.00	1	5	

6	6	0	0

6	7	52.240	3
1	105.00	103.00	90.07	104.44	15.00	1	6	
2	90.07	104.44	71.91	106.18	18.24	0	
3	71.91	106.18	53.00	108.00	19.00	1	7	

6	8	102.005	3
1	105.00	103.00	116.91	112.12	15.00	1	6	
2	116.91	112.12	182.03	161.96	82.00	0	
3	182.03	161.96	186.00	165.00	5.00	1	8	

7	0	120.304	4
1	53.00	108.00	44.63	90.94	19.00	1	7	
2	44.63	90.94	33.04	67.33	26.30	0	
3	33.04	67.33	8.89	18.11	54.83	1	1	
4	8.89	18.11	0.00	0.00	20.17	0	

7	1	81.000	3
1	53.00	108.00	53.00	89.00	19.00	1	7	
2	53.00	89.00	53.00	72.00	17.00	0	
3	53.00	72.00	53.00	27.00	45.00	1	1	

7	2	252.210	3
1	53.00	108.00	65.58	122.24	19.00	1	7	
2	65.58	122.24	219.34	296.25	232.21	0	
3	219.34	296.25	220.00	297.00	1.00	1	2	

7	3	256.260	5
1	53.00	108.00	70.65	115.04	19.00	1	7	
2	70.65	115.04	184.16	160.35	122.22	0	
3	184.16	160.35	190.54	162.90	6.87	1	8	
4	190.54	162.90	277.07	197.44	93.17	0	
5	277.07	197.44	291.00	203.00	15.00	1	3	

7	4	86.493	5
1	53.00	108.00	71.67	104.49	19.00	1	7	
2	71.67	104.49	90.13	101.01	18.78	0	
3	90.13	101.01	117.36	95.88	27.71	1	6	
4	117.36	95.88	118.13	95.74	0.78	2	4	6	
5	118.13	95.74	138.00	92.00	20.22	1	4	

7	5	115.004	3
1	53.00	108.00	52.83	127.00	19.00	1	7	
2	52.83	127.00	52.22	198.00	71.00	0	
3	52.22	198.00	52.00	223.00	25.00	0	

7	6	52.240	3
1	53.00	108.00	71.91	106.18	19.00	1	7	
2	71.91	106.18	90.07	104.44	18.24	0	
3	90.07	104.44	105.00	103.00	15.00	1	6	

7	7	0	0

7	8	144.700	3
1	53.00	108.00	70.46	115.48	19.00	1	7	
2	70.46	115.48	181.40	163.03	120.70	0	
3	181.40	163.03	186.00	165.00	5.00	1	8	

8	0	248.638	6
1	186.00	165.00	182.26	161.68	5.00	1	8	
2	182.26	161.68	119.66	106.15	83.67	0	
3	119.66	106.15	100.12	88.82	26.13	1	6	
4	100.12	88.82	74.81	66.36	33.84	0	
5	74.81	66.36	11.32	10.04	84.87	1	1	
6	11.32	10.04	0.00	0.00	15.13	0	

8	1	191.659	5
1	186.00	165.00	182.53	161.40	5.00	1	8	
2	182.53	161.40	135.77	112.88	67.38	0	
3	135.77	112.88	117.05	93.46	26.97	1	4	
4	117.05	93.46	84.23	59.40	47.30	0	
5	84.23	59.40	53.00	27.00	45.00	1	1	

8	2	136.308	3
1	186.00	165.00	187.25	169.84	5.00	1	8	
2	187.25	169.84	219.75	296.03	130.31	0	
3	219.75	296.03	220.00	297.00	1.00	1	2	

8	3	111.665	3
1	186.00	165.00	190.70	166.70	5.00	1	8	
2	190.70	166.70	276.90	197.90	91.66	0	
3	276.90	197.90	291.00	203.00	15.00	1	3	

8	4	87.367	3
1	186.00	165.00	183.25	160.82	5.00	1	8	
2	183.25	160.82	149.54	109.55	61.37	0	
3	149.54	109.55	138.00	92.00	21.00	1	4	

8	5	146.014	3
1	186.00	165.00	181.41	166.99	5.00	1	8	
2	181.41	166.99	74.94	213.07	116.01	0	
3	74.94	213.07	52.00	223.00	25.00	1	5	

8	6	102.005	3
1	186.00	165.00	182.03	161.96	5.00	1	8	
2	182.03	161.96	116.91	112.12	82.00	0	
3	116.91	112.12	105.00	103.00	15.00	1	6	

8	7	144.700	3
1	186.00	165.00	181.40	163.03	5.00	1	8	
2	181.40	163.03	70.46	115.48	120.70	0	
3	70.46	115.48	53.00	108.00	19.00	1	7	

8	8	0	0
