9	119	2	0.001	35.0
0.000	0.000	0.000	7.000	0.000
82.000	204.000	30.000	3.000	15.000
81.000	294.000	37.000	9.000	17.000
272.000	154.000	7.000	2.000	2.000
33.000	3.000	17.000	1.000	18.000
225.000	290.000	41.000	7.000	9.000
57.000	166.000	35.000	5.000	8.000
3.000	169.000	44.000	9.000	17.000
30.000	198.000	5.000	9.000	5.000
 


0	0	0	0

0	1	219.864	4
1	0.00	0.00	52.76	131.26	141.46	0	
2	52.76	131.26	70.81	176.16	48.40	1	6	
3	70.81	176.16	77.98	194.01	19.23	2	1	6	
4	77.98	194.01	82.00	204.00	10.77	1	1	

0	2	304.954	8
1	0.00	0.00	37.69	136.81	141.90	0	
2	37.69	136.81	40.00	145.19	8.70	1	6	
3	40.00	145.19	46.97	170.50	26.25	2	6	7	
4	46.97	170.50	53.57	194.43	24.82	1	6	
5	53.57	194.43	55.37	200.96	6.78	1	1	
6	55.37	200.96	62.48	226.78	26.78	1	1	
7	62.48	226.78	71.17	258.33	32.72	0	
8	71.17	258.33	81.00	294.00	37.00	1	2	

0	3	312.570	4
1	0.00	0.00	17.46	9.88	20.06	0	
2	17.46	9.88	35.10	19.87	20.27	1	4	
3	35.10	19.87	265.91	150.55	265.24	0	
4	265.91	150.55	272.00	154.00	7.00	1	3	

0	4	33.136	2
1	0.00	0.00	16.07	1.46	16.14	0	
2	16.07	1.46	33.00	3.00	17.00	1	4	

0	5	367.049	2
1	0.00	0.00	199.87	257.61	326.05	0	
2	199.87	257.61	225.00	290.00	41.00	1	5	

0	6	175.514	2
1	0.00	0.00	45.63	132.90	140.51	0	
2	45.63	132.90	57.00	166.00	35.00	1	6	

0	7	169.027	2
1	0.00	0.00	2.22	125.01	125.03	0	
2	2.22	125.01	3.00	169.00	44.00	1	7	

0	8	200.260	5
1	0.00	0.00	19.42	128.18	129.64	0	
2	19.42	128.18	23.58	155.61	27.74	1	7	
3	23.58	155.61	28.16	185.82	30.56	2	6	7	
4	28.16	185.82	29.25	193.06	7.32	1	7	
5	29.25	193.06	30.00	198.00	5.00	2	7	8	

1	0	219.864	4
1	82.00	204.00	77.98	194.01	10.77	1	1	
2	77.98	194.01	70.81	176.16	19.23	2	1	6	
3	70.81	176.16	52.76	131.26	48.40	1	6	
4	52.76	131.26	0.00	0.00	141.46	0	

1	1	0	0

1	2	90.006	3
1	82.00	204.00	81.67	234.00	30.00	1	1	
2	81.67	234.00	81.41	257.00	23.01	0	
3	81.41	257.00	81.00	294.00	37.00	0	

1	3	196.469	3
1	82.00	204.00	111.01	196.37	30.00	1	1	
2	111.01	196.37	265.23	155.78	159.47	0	
3	265.23	155.78	272.00	154.00	7.00	1	3	

1	4	206.886	5
1	82.00	204.00	79.31	192.97	11.36	1	1	
2	79.31	192.97	74.89	174.85	18.64	2	1	6	
3	74.89	174.85	64.40	131.79	44.32	1	6	
4	64.40	131.79	37.03	19.52	115.56	0	
5	37.03	19.52	33.00	3.00	17.00	1	4	

1	5	166.868	3
1	82.00	204.00	107.71	219.46	30.00	1	1	
2	107.71	219.46	189.86	268.87	95.87	0	
3	189.86	268.87	225.00	290.00	41.00	1	5	

1	6	45.486	3
1	82.00	204.00	76.24	195.24	10.49	1	1	
2	76.24	195.24	65.51	178.94	19.51	2	1	6	
3	65.51	178.94	57.00	166.00	15.49	1	6	

1	7	86.406	5
1	82.00	204.00	69.78	198.58	13.37	1	1	
2	69.78	198.58	54.57	191.85	16.63	2	1	6	
3	54.57	191.85	43.23	186.82	12.41	1	6	
4	43.23	186.82	24.28	178.43	20.72	2	6	7	
5	24.28	178.43	3.00	169.00	23.28	1	7	

1	8	52.345	6
1	82.00	204.00	55.83	200.98	26.34	1	1	
2	55.83	200.98	52.20	200.56	3.66	2	1	6	
3	52.20	200.56	50.17	200.33	2.04	1	6	
4	50.17	200.33	35.52	198.64	14.75	0	
5	35.52	198.64	34.97	198.57	0.56	1	7	
6	34.97	198.57	30.00	198.00	5.00	2	7	8	

2	0	304.954	8
1	81.00	294.00	71.17	258.33	37.00	1	2	
2	71.17	258.33	62.48	226.78	32.72	0	
3	62.48	226.78	55.37	200.96	26.78	1	1	
4	55.37	200.96	53.57	194.43	6.78	1	1	
5	53.57	194.43	46.97	170.50	24.82	1	6	
6	46.97	170.50	40.00	145.19	26.25	2	6	7	
7	40.00	145.19	37.69	136.81	8.70	1	6	
8	37.69	136.81	0.00	0.00	141.90	0	

2	1	90.006	3
1	81.00	294.00	81.41	257.00	37.00	0	
2	81.41	257.00	81.67	234.00	23.01	0	
3	81.67	234.00	82.00	204.00	30.00	1	1	

2	2	0	0

2	3	236.814	3
1	81.00	294.00	110.84	272.13	37.00	1	2	
2	110.84	272.13	266.35	158.14	192.81	0	
3	266.35	158.14	272.00	154.00	7.00	1	3	

2	4	294.932	7
1	81.00	294.00	74.98	257.49	37.00	1	2	
2	74.98	257.49	70.74	231.81	26.03	0	
3	70.74	231.81	65.49	199.96	32.28	1	1	
4	65.49	199.96	62.41	181.28	18.93	1	1	
5	62.41	181.28	54.13	131.12	50.84	1	6	
6	54.13	131.12	35.77	19.77	112.85	0	
7	35.77	19.77	33.00	3.00	17.00	1	4	

2	5	144.056	3
1	81.00	294.00	117.99	292.97	37.00	1	2	
2	117.99	292.97	184.02	291.14	66.06	0	
3	184.02	291.14	225.00	290.00	41.00	1	5	

2	6	130.231	5
1	81.00	294.00	74.18	257.63	37.00	1	2	
2	74.18	257.63	69.21	231.14	26.96	0	
3	69.21	231.14	63.45	200.40	31.27	1	1	
4	63.45	200.40	60.25	183.34	17.36	2	1	6	
5	60.25	183.34	57.00	166.00	17.64	1	6	

2	7	147.340	3
1	81.00	294.00	61.41	262.61	37.00	1	2	
2	61.41	262.61	26.29	206.33	66.34	0	
3	26.29	206.33	3.00	169.00	44.00	1	7	

2	8	108.706	4
1	81.00	294.00	63.64	261.32	37.00	1	2	
2	63.64	261.32	32.35	202.42	66.71	0	
3	32.35	202.42	32.12	201.99	0.49	1	8	
4	32.12	201.99	30.00	198.00	4.51	2	7	8	

3	0	312.570	4
1	272.00	154.00	265.91	150.55	7.00	1	3	
2	265.91	150.55	35.10	19.87	265.24	0	
3	35.10	19.87	17.46	9.88	20.27	1	4	
4	17.46	9.88	0.00	0.00	20.06	0	

3	1	196.469	3
1	272.00	154.00	265.23	155.78	7.00	1	3	
2	265.23	155.78	111.01	196.37	159.47	0	
3	111.01	196.37	82.00	204.00	30.00	1	1	

3	2	236.814	3
1	272.00	154.00	266.35	158.14	7.00	1	3	
2	266.35	158.14	110.84	272.13	192.81	0	
3	110.84	272.13	81.00	294.00	37.00	1	2	

3	3	0	0

3	4	282.705	3
1	272.00	154.00	266.08	150.26	7.00	1	3	
2	266.08	150.26	47.37	12.08	258.70	0	
3	47.37	12.08	33.00	3.00	17.00	1	4	

3	5	143.892	3
1	272.00	154.00	269.71	160.62	7.00	1	3	
2	269.71	160.62	238.39	251.25	95.89	0	
3	238.39	251.25	225.00	290.00	41.00	1	5	

3	6	215.335	3
1	272.00	154.00	265.01	154.39	7.00	1	3	
2	265.01	154.39	91.95	164.05	173.33	0	
3	91.95	164.05	57.00	166.00	35.00	1	6	

3	7	269.418	5
1	272.00	154.00	265.01	154.39	7.00	1	3	
2	265.01	154.39	91.95	164.04	173.33	0	
3	91.95	164.04	46.93	166.55	45.08	1	6	
4	46.93	166.55	22.05	167.94	24.92	2	6	7	
5	22.05	167.94	3.00	169.00	19.08	1	7	

3	8	245.967	8
1	272.00	154.00	265.11	155.25	7.00	1	3	
2	265.11	155.25	104.72	184.41	163.02	0	
3	104.72	184.41	84.09	188.17	20.98	1	1	
4	84.09	188.17	53.84	193.67	30.75	2	1	6	
5	53.84	193.67	39.45	196.28	14.62	1	6	
6	39.45	196.28	37.19	196.69	2.29	0	
7	37.19	196.69	34.92	197.11	2.31	1	7	
8	34.92	197.11	30.00	198.00	5.00	2	7	8	

4	0	33.136	2
1	33.00	3.00	16.07	1.46	17.00	1	4	
2	16.07	1.46	0.00	0.00	16.14	0	

4	1	206.886	5
1	33.00	3.00	37.03	19.52	17.00	1	4	
2	37.03	19.52	64.40	131.79	115.56	0	
3	64.40	131.79	74.89	174.85	44.32	1	6	
4	74.89	174.85	79.31	192.97	18.64	2	1	6	
5	79.31	192.97	82.00	204.00	11.36	1	1	

4	2	294.932	7
1	33.00	3.00	35.77	19.77	17.00	1	4	
2	35.77	19.77	54.13	131.12	112.85	0	
3	54.13	131.12	62.41	181.28	50.84	1	6	
4	62.41	181.28	65.49	199.96	18.93	1	1	
5	65.49	199.96	70.74	231.81	32.28	1	1	
6	70.74	231.81	74.98	257.49	26.03	0	
7	74.98	257.49	81.00	294.00	37.00	1	2	

4	3	282.705	3
1	33.00	3.00	47.37	12.08	17.00	1	4	
2	47.37	12.08	266.08	150.26	258.70	0	
3	266.08	150.26	272.00	154.00	7.00	1	3	

4	4	0	0

4	5	345.301	3
1	33.00	3.00	42.45	17.13	17.00	1	4	
2	42.45	17.13	202.20	255.92	287.30	0	
3	202.20	255.92	225.00	290.00	41.00	1	5	

4	6	164.757	3
1	33.00	3.00	35.48	19.82	17.00	1	4	
2	35.48	19.82	51.90	131.37	112.76	0	
3	51.90	131.37	57.00	166.00	35.00	1	6	

4	7	168.689	3
1	33.00	3.00	29.98	19.73	17.00	1	4	
2	29.98	19.73	10.82	125.70	107.69	0	
3	10.82	125.70	3.00	169.00	44.00	1	7	

4	8	195.023	6
1	33.00	3.00	32.74	20.00	17.00	1	4	
2	32.74	20.00	30.97	135.03	115.05	0	
3	30.97	135.03	30.85	142.74	7.70	1	7	
4	30.85	142.74	30.15	188.44	45.71	2	6	7	
5	30.15	188.44	30.08	193.00	4.56	1	7	
6	30.08	193.00	30.00	198.00	5.00	2	7	8	

5	0	367.049	2
1	225.00	290.00	199.87	257.61	41.00	1	5	
2	199.87	257.61	0.00	0.00	326.05	0	

5	1	166.868	3
1	225.00	290.00	189.86	268.87	41.00	1	5	
2	189.86	268.87	107.71	219.46	95.87	0	
3	107.71	219.46	82.00	204.00	30.00	1	1	

5	2	144.056	3
1	225.00	290.00	184.02	291.14	41.00	1	5	
2	184.02	291.14	117.99	292.97	66.06	0	
3	117.99	292.97	81.00	294.00	37.00	1	2	

5	3	143.892	3
1	225.00	290.00	238.39	251.25	41.00	1	5	
2	238.39	251.25	269.71	160.62	95.89	0	
3	269.71	160.62	272.00	154.00	7.00	1	3	

5	4	345.301	3
1	225.00	290.00	202.20	255.92	41.00	1	5	
2	202.20	255.92	42.45	17.13	287.30	0	
3	42.45	17.13	33.00	3.00	17.00	1	4	

5	5	0	0

5	6	208.806	5
1	225.00	290.00	192.01	265.65	41.00	1	5	
2	192.01	265.65	111.89	206.52	99.58	0	
3	111.89	206.52	85.16	186.78	33.23	1	1	
4	85.16	186.78	70.79	176.17	17.87	2	1	6	
5	70.79	176.17	57.00	166.00	17.13	1	6	

5	7	252.834	7
1	225.00	290.00	189.00	270.38	41.00	1	5	
2	189.00	270.38	104.21	224.16	96.56	0	
3	104.21	224.16	61.24	200.74	48.94	1	1	
4	61.24	200.74	53.02	196.26	9.36	2	1	6	
5	53.02	196.26	41.63	190.06	12.96	1	6	
6	41.63	190.06	25.50	181.27	18.37	2	6	7	
7	25.50	181.27	3.00	169.00	25.63	1	7	

5	8	215.613	6
1	225.00	290.00	187.92	272.51	41.00	1	5	
2	187.92	272.51	97.35	229.78	100.14	0	
3	97.35	229.78	52.35	208.54	49.76	1	1	
4	52.35	208.54	34.52	200.13	19.71	0	
5	34.52	200.13	34.23	200.00	0.32	1	8	
6	34.23	200.00	30.00	198.00	4.68	2	7	8	

6	0	175.514	2
1	57.00	166.00	45.63	132.90	35.00	1	6	
2	45.63	132.90	0.00	0.00	140.51	0	

6	1	45.486	3
1	57.00	166.00	65.51	178.94	15.49	1	6	
2	65.51	178.94	76.24	195.24	19.51	2	1	6	
3	76.24	195.24	82.00	204.00	10.49	1	1	

6	2	130.231	5
1	57.00	166.00	60.25	183.34	17.64	1	6	
2	60.25	183.34	63.45	200.40	17.36	2	1	6	
3	63.45	200.40	69.21	231.14	31.27	1	1	
4	69.21	231.14	74.18	257.63	26.96	0	
5	74.18	257.63	81.00	294.00	37.00	1	2	

6	3	215.335	3
1	57.00	166.00	91.95	164.05	35.00	1	6	
2	91.95	164.05	265.01	154.39	173.33	0	
3	265.01	154.39	272.00	154.00	7.00	1	3	

6	4	164.757	3
1	57.00	166.00	51.90	131.37	35.00	1	6	
2	51.90	131.37	35.48	19.82	112.76	0	
3	35.48	19.82	33.00	3.00	17.00	1	4	

6	5	208.806	5
1	57.00	166.00	70.79	176.17	17.13	1	6	
2	70.79	176.17	85.16	186.78	17.87	2	1	6	
3	85.16	186.78	111.89	206.52	33.23	1	1	
4	111.89	206.52	192.01	265.65	99.58	0	
5	192.01	265.65	225.00	290.00	41.00	1	5	

6	6	0	0

6	7	54.083	3
1	57.00	166.00	46.93	166.56	10.08	1	6	
2	46.93	166.56	22.05	167.94	24.92	2	6	7	
3	22.05	167.94	3.00	169.00	19.08	1	7	

6	8	41.869	4
1	57.00	166.00	45.78	179.30	17.40	1	6	
2	45.78	179.30	34.43	192.75	17.60	2	6	7	
3	34.43	192.75	33.22	194.18	1.87	1	7	
4	33.22	194.18	30.00	198.00	5.00	2	7	8	

7	0	169.027	2
1	3.00	169.00	2.22	125.01	44.00	1	7	
2	2.22	125.01	0.00	0.00	125.03	0	

7	1	86.406	5
1	3.00	169.00	24.28	178.43	23.28	1	7	
2	24.28	178.43	43.23	186.82	20.72	2	6	7	
3	43.23	186.82	54.57	191.85	12.41	1	6	
4	54.57	191.85	69.78	198.58	16.63	2	1	6	
5	69.78	198.58	82.00	204.00	13.37	1	1	

7	2	147.340	3
1	3.00	169.00	26.29	206.33	44.00	1	7	
2	26.29	206.33	61.41	262.61	66.34	0	
3	61.41	262.61	81.00	294.00	37.00	1	2	

7	3	269.418	5
1	3.00	169.00	22.05	167.94	19.08	1	7	
2	22.05	167.94	46.93	166.55	24.92	2	6	7	
3	46.93	166.55	91.95	164.04	45.08	1	6	
4	91.95	164.04	265.01	154.39	173.33	0	
5	265.01	154.39	272.00	154.00	7.00	1	3	

7	4	168.689	3
1	3.00	169.00	10.82	125.70	44.00	1	7	
2	10.82	125.70	29.98	19.73	107.69	0	
3	29.98	19.73	33.00	3.00	17.00	1	4	

7	5	252.834	7
1	3.00	169.00	25.50	181.27	25.63	1	7	
2	25.50	181.27	41.63	190.06	18.37	2	6	7	
3	41.63	190.06	53.02	196.26	12.96	1	6	
4	53.02	196.26	61.24	200.74	9.36	2	1	6	
5	61.24	200.74	104.21	224.16	48.94	1	1	
6	104.21	224.16	189.00	270.38	96.56	0	
7	189.00	270.38	225.00	290.00	41.00	1	5	

7	6	54.083	3
1	3.00	169.00	22.05	167.94	19.08	1	7	
2	22.05	167.94	46.93	166.56	24.92	2	6	7	
3	46.93	166.56	57.00	166.00	10.08	1	6	

7	7	0	0

7	8	39.623	2
1	3.00	169.00	26.59	194.34	34.62	1	7	
2	26.59	194.34	30.00	198.00	5.00	2	7	8	

8	0	200.260	5
1	30.00	198.00	29.25	193.06	5.00	2	7	8	
2	29.25	193.06	28.16	185.82	7.32	1	7	
3	28.16	185.82	23.58	155.61	30.56	2	6	7	
4	23.58	155.61	19.42	128.18	27.74	1	7	
5	19.42	128.18	0.00	0.00	129.64	0	

8	1	52.345	6
1	30.00	198.00	34.97	198.57	5.00	2	7	8	
2	34.97	198.57	35.52	198.64	0.56	1	7	
3	35.52	198.64	50.17	200.33	14.75	0	
4	50.17	200.33	52.20	200.56	2.04	1	6	
5	52.20	200.56	55.83	200.98	3.66	2	1	6	
6	55.83	200.98	82.00	204.00	26.34	1	1	

8	2	108.706	4
1	30.00	198.00	32.12	201.99	4.51	2	7	8	
2	32.12	201.99	32.35	202.42	0.49	1	8	
3	32.35	202.42	63.64	261.32	66.71	0	
4	63.64	261.32	81.00	294.00	37.00	1	2	

8	3	245.967	8
1	30.00	198.00	34.92	197.11	5.00	2	7	8	
2	34.92	197.11	37.19	196.69	2.31	1	7	
3	37.19	196.69	39.45	196.28	2.29	0	
4	39.45	196.28	53.84	193.67	14.62	1	6	
5	53.84	193.67	84.09	188.17	30.75	2	1	6	
6	84.09	188.17	104.72	184.41	20.98	1	1	
7	104.72	184.41	265.11	155.25	163.02	0	
8	265.11	155.25	272.00	154.00	7.00	1	3	

8	4	195.023	6
1	30.00	198.00	30.08	193.00	5.00	2	7	8	
2	30.08	193.00	30.15	188.44	4.56	1	7	
3	30.15	188.44	30.85	142.74	45.71	2	6	7	
4	30.85	142.74	30.97	135.03	7.70	1	7	
5	30.97	135.03	32.74	20.00	115.05	0	
6	32.74	20.00	33.00	3.00	17.00	1	4	

8	5	215.613	6
1	30.00	198.00	34.23	200.00	4.68	2	7	8	
2	34.23	200.00	34.52	200.13	0.32	1	8	
3	34.52	200.13	52.35	208.54	19.71	0	
4	52.35	208.54	97.35	229.78	49.76	1	1	
5	97.35	229.78	187.92	272.51	100.14	0	
6	187.92	272.51	225.00	290.00	41.00	1	5	

8	6	41.869	4
1	30.00	198.00	33.22	194.18	5.00	2	7	8	
2	33.22	194.18	34.43	192.75	1.87	1	7	
3	34.43	192.75	45.78	179.30	17.60	2	6	7	
4	45.78	179.30	57.00	166.00	17.40	1	6	

8	7	39.623	2
1	30.00	198.00	26.59	194.34	5.00	2	7	8	
2	26.59	194.34	3.00	169.00	34.62	1	7	

8	8	0	0
