21	841	2	0.001	120.0
150.000	150.000	0.000	10.000	0.000
82.000	47.000	9.000	2.000	14.000
0.000	131.000	6.000	2.000	18.000
250.000	137.000	18.000	7.000	20.000
289.000	249.000	37.000	3.000	10.000
55.000	195.000	15.000	3.000	5.000
157.000	230.000	9.000	10.000	14.000
15.000	268.000	38.000	9.000	3.000
37.000	52.000	21.000	9.000	1.000
100.000	79.000	4.000	6.000	13.000
262.000	60.000	11.000	6.000	14.000
197.000	279.000	45.000	3.000	8.000
228.000	282.000	9.000	3.000	17.000
177.000	124.000	31.000	6.000	15.000
54.000	289.000	40.000	9.000	2.000
9.000	277.000	24.000	7.000	7.000
81.000	44.000	19.000	9.000	2.000
123.000	224.000	37.000	5.000	18.000
284.000	196.000	3.000	6.000	15.000
175.000	246.000	22.000	2.000	16.000
228.000	81.000	42.000	5.000	6.000
 


0	0	0	0

0	1	123.422	5
1	150.00	150.00	103.85	80.09	83.77	0	
2	103.85	80.09	100.51	75.03	6.06	1	9	
3	100.51	75.03	90.78	60.29	17.66	0	
4	90.78	60.29	86.96	54.51	6.93	1	16	
5	86.96	54.51	82.00	47.00	9.00	2	1	16	

0	2	151.199	2
1	150.00	150.00	5.95	131.75	145.20	0	
2	5.95	131.75	0.00	131.00	6.00	1	2	

0	3	100.841	4
1	150.00	150.00	158.52	148.89	8.60	0	
2	158.52	148.89	201.23	143.34	43.06	1	13	
3	201.23	143.34	232.15	139.32	31.18	0	
4	232.15	139.32	250.00	137.00	18.00	1	3	

0	4	170.652	2
1	150.00	150.00	258.86	227.54	133.65	0	
2	258.86	227.54	289.00	249.00	37.00	1	4	

0	5	105.119	2
1	150.00	150.00	68.56	188.58	90.12	0	
2	68.56	188.58	55.00	195.00	15.00	1	5	

0	6	80.306	3
1	150.00	150.00	154.82	205.12	55.34	0	
2	154.82	205.12	156.22	221.03	15.97	1	17	
3	156.22	221.03	157.00	230.00	9.00	2	6	17	

0	7	179.301	3
1	150.00	150.00	43.61	242.99	141.30	0	
2	43.61	242.99	25.08	259.19	24.61	1	7	
3	25.08	259.19	15.00	268.00	13.39	2	7	15	

0	8	149.576	2
1	150.00	150.00	52.86	65.76	128.58	0	
2	52.86	65.76	37.00	52.00	21.00	1	8	

0	9	86.839	2
1	150.00	150.00	102.30	82.27	82.84	0	
2	102.30	82.27	100.00	79.00	4.00	1	9	

0	10	143.680	5
1	150.00	150.00	155.08	145.92	6.51	0	
2	155.08	145.92	198.57	110.97	55.80	1	13	
3	198.57	110.97	203.12	107.31	5.84	2	13	20	
4	203.12	107.31	253.43	66.89	64.53	1	20	
5	253.43	66.89	262.00	60.00	11.00	2	10	20	

0	11	137.295	4
1	150.00	150.00	176.99	224.09	78.85	0	
2	176.99	224.09	181.60	236.72	13.44	1	19	
3	181.60	236.72	190.62	261.49	26.37	1	19	
4	190.62	261.49	197.00	279.00	18.63	1	11	

0	12	153.323	3
1	150.00	150.00	199.68	234.08	97.66	0	
2	199.68	234.08	223.42	274.25	46.66	1	11	
3	223.42	274.25	228.00	282.00	9.00	2	11	12	

0	13	37.483	2
1	150.00	150.00	154.67	145.50	6.48	0	
2	154.67	145.50	177.00	124.00	31.00	1	13	

0	14	168.929	4
1	150.00	150.00	124.43	187.03	45.00	0	
2	124.43	187.03	88.93	238.43	62.47	1	17	
3	88.93	238.43	76.73	256.09	21.46	0	
4	76.73	256.09	54.00	289.00	40.00	1	14	

0	15	189.763	7
1	150.00	150.00	100.16	194.89	67.07	0	
2	100.16	194.89	96.43	198.25	5.03	1	17	
3	96.43	198.25	44.95	244.62	69.27	0	
4	44.95	244.62	34.37	254.15	14.24	1	7	
5	34.37	254.15	26.83	260.94	10.15	2	7	14	
6	26.83	260.94	21.38	265.85	7.34	3	7	14	15	
7	21.38	265.85	9.00	277.00	16.66	2	7	15	

0	16	126.479	5
1	150.00	150.00	103.99	79.31	84.34	0	
2	103.99	79.31	101.33	75.23	4.88	1	9	
3	101.33	75.23	91.37	59.92	18.26	0	
4	91.37	59.92	87.56	54.08	6.98	1	16	
5	87.56	54.08	81.00	44.00	12.02	2	1	16	

0	17	78.772	2
1	150.00	150.00	135.68	189.24	41.77	0	
2	135.68	189.24	123.00	224.00	37.00	1	17	

0	18	141.676	2
1	150.00	150.00	281.16	195.03	138.68	0	
2	281.16	195.03	284.00	196.00	3.00	1	18	

0	19	99.202	3
1	150.00	150.00	169.46	224.71	77.20	0	
2	169.46	224.71	173.59	240.57	16.39	1	19	
3	173.59	240.57	175.00	246.00	5.61	2	11	19	

0	20	104.139	4
1	150.00	150.00	154.86	145.70	6.49	0	
2	154.86	145.70	196.54	108.83	55.65	1	13	
3	196.54	108.83	201.24	104.67	6.27	2	13	20	
4	201.24	104.67	228.00	81.00	35.73	1	20	

1	0	123.422	5
1	82.00	47.00	86.96	54.51	9.00	2	1	16	
2	86.96	54.51	90.78	60.29	6.93	1	16	
3	90.78	60.29	100.51	75.03	17.66	0	
4	100.51	75.03	103.85	80.09	6.06	1	9	
5	103.85	80.09	150.00	150.00	83.77	0	

1	1	0	0

1	2	117.388	4
1	82.00	47.00	75.71	53.44	9.00	2	1	16	
2	75.71	53.44	69.89	59.41	8.34	1	16	
3	69.89	59.41	4.19	126.71	94.05	0	
4	4.19	126.71	0.00	131.00	6.00	1	2	

1	3	190.589	8
1	82.00	47.00	89.93	51.25	9.00	2	1	16	
2	89.93	51.25	96.61	54.83	7.58	1	16	
3	96.61	54.83	169.56	93.91	82.75	0	
4	169.56	93.91	195.80	107.96	29.77	1	13	
5	195.80	107.96	206.18	113.52	11.77	2	13	20	
6	206.18	113.52	223.39	122.75	19.53	1	20	
7	223.39	122.75	234.13	128.50	12.18	0	
8	234.13	128.50	250.00	137.00	18.00	1	3	

1	4	289.228	6
1	82.00	47.00	88.44	53.29	9.00	2	1	16	
2	88.44	53.29	93.55	58.27	7.13	1	16	
3	93.55	58.27	148.47	111.87	76.74	0	
4	148.47	111.87	189.83	152.22	57.78	1	13	
5	189.83	152.22	262.52	223.16	101.57	0	
6	262.52	223.16	289.00	249.00	37.00	1	4	

1	5	150.443	4
1	82.00	47.00	80.38	55.85	9.00	2	1	16	
2	80.38	55.85	79.10	62.90	7.17	1	16	
3	79.10	62.90	57.69	180.24	119.28	0	
4	57.69	180.24	55.00	195.00	15.00	1	5	

1	6	197.773	5
1	82.00	47.00	85.41	55.33	9.00	2	1	16	
2	85.41	55.33	88.01	61.66	6.84	1	16	
3	88.01	61.66	141.38	191.89	140.74	0	
4	141.38	191.89	153.59	221.67	32.19	1	17	
5	153.59	221.67	157.00	230.00	9.00	2	6	17	

1	7	230.933	5
1	82.00	47.00	79.39	55.61	9.00	2	1	16	
2	79.39	55.61	77.26	62.63	7.33	1	16	
3	77.26	62.63	26.02	231.63	176.60	0	
4	26.02	231.63	18.90	255.14	24.56	1	7	
5	18.90	255.14	15.00	268.00	13.44	2	7	15	

1	8	45.277	4
1	82.00	47.00	73.06	47.99	9.00	2	1	16	
2	73.06	47.99	62.71	49.14	10.41	1	16	
3	62.71	49.14	57.87	49.68	4.87	0	
4	57.87	49.68	37.00	52.00	21.00	1	8	

1	9	36.715	4
1	82.00	47.00	86.41	54.84	9.00	2	1	16	
2	86.41	54.84	89.79	60.85	6.89	1	16	
3	89.79	60.85	98.04	75.51	16.83	0	
4	98.04	75.51	100.00	79.00	4.00	1	9	

1	10	180.469	5
1	82.00	47.00	90.98	47.65	9.00	2	1	16	
2	90.98	47.65	99.52	48.27	8.56	1	16	
3	99.52	48.27	194.89	55.15	95.63	0	
4	194.89	55.15	251.03	59.21	56.28	1	20	
5	251.03	59.21	262.00	60.00	11.00	2	10	20	

1	11	258.938	8
1	82.00	47.00	86.00	55.06	9.00	2	1	16	
2	86.00	55.06	89.05	61.21	6.86	1	16	
3	89.05	61.21	96.72	76.70	17.29	0	
4	96.72	76.70	99.84	83.00	7.02	1	9	
5	99.84	83.00	170.02	224.57	158.01	0	
6	170.02	224.57	177.01	238.68	15.75	1	19	
7	177.01	238.68	189.04	262.94	27.07	2	11	19	
8	189.04	262.94	197.00	279.00	17.93	1	11	

1	12	276.660	7
1	82.00	47.00	86.75	54.64	9.00	2	1	16	
2	86.75	54.64	90.40	60.51	6.91	1	16	
3	90.40	60.51	99.42	75.04	17.10	0	
4	99.42	75.04	103.29	81.27	7.33	1	9	
5	103.29	81.27	198.19	234.02	179.82	0	
6	198.19	234.02	223.25	274.36	47.49	1	11	
7	223.25	274.36	228.00	282.00	9.00	2	11	12	

1	13	122.287	4
1	82.00	47.00	88.99	52.67	9.00	2	1	16	
2	88.99	52.67	94.63	57.24	7.26	1	16	
3	94.63	57.24	152.92	104.48	75.03	0	
4	152.92	104.48	177.00	124.00	31.00	1	13	

1	14	243.614	6
1	82.00	47.00	80.97	55.94	9.00	2	1	16	
2	80.97	55.94	80.15	62.98	7.09	1	16	
3	80.15	62.98	66.05	184.86	122.69	0	
4	66.05	184.86	63.44	207.40	22.69	1	5	
5	63.44	207.40	58.60	249.27	42.15	0	
6	58.60	249.27	54.00	289.00	40.00	1	14	

1	15	241.307	5
1	82.00	47.00	79.28	55.58	9.00	2	1	16	
2	79.28	55.58	77.05	62.59	7.35	1	16	
3	77.05	62.59	23.60	230.99	176.68	0	
4	23.60	230.99	16.26	254.12	24.28	1	7	
5	16.26	254.12	9.00	277.00	24.00	2	7	15	

1	16	3.162	1
1	82.00	47.00	81.00	44.00	3.16	2	1	16	

1	17	181.687	4
1	82.00	47.00	84.03	55.77	9.00	2	1	16	
2	84.03	55.77	85.58	62.44	6.85	1	16	
3	85.58	62.44	114.65	187.95	128.84	0	
4	114.65	187.95	123.00	224.00	37.00	1	17	

1	18	251.008	6
1	82.00	47.00	89.24	52.34	9.00	2	1	16	
2	89.24	52.34	95.14	56.69	7.33	1	16	
3	95.14	56.69	155.77	101.41	75.34	0	
4	155.77	101.41	204.85	137.62	60.99	1	13	
5	204.85	137.62	281.59	194.22	95.35	0	
6	281.59	194.22	284.00	196.00	3.00	1	18	

1	19	219.659	7
1	82.00	47.00	85.81	55.15	9.00	2	1	16	
2	85.81	55.15	88.71	61.36	6.86	1	16	
3	88.71	61.36	96.27	77.54	17.86	0	
4	96.27	77.54	98.73	82.79	5.79	1	9	
5	98.73	82.79	165.69	226.07	158.15	0	
6	165.69	226.07	172.72	241.11	16.61	1	19	
7	172.72	241.11	175.00	246.00	5.39	1	19	

1	20	149.907	4
1	82.00	47.00	90.77	49.04	9.00	2	1	16	
2	90.77	49.04	98.71	50.89	8.15	1	16	
3	98.71	50.89	187.09	71.47	90.75	0	
4	187.09	71.47	228.00	81.00	42.00	1	20	

2	0	151.199	2
1	0.00	131.00	5.95	131.75	6.00	1	2	
2	5.95	131.75	150.00	150.00	145.20	0	

2	1	117.388	4
1	0.00	131.00	4.19	126.71	6.00	1	2	
2	4.19	126.71	69.89	59.41	94.05	0	
3	69.89	59.41	75.71	53.44	8.34	1	16	
4	75.71	53.44	82.00	47.00	9.00	2	1	16	

2	2	0	0

2	3	250.072	5
1	0.00	131.00	6.00	131.14	6.00	1	2	
2	6.00	131.14	147.85	134.55	141.89	0	
3	147.85	134.55	205.61	135.93	57.78	1	13	
4	205.61	135.93	232.01	136.57	26.40	0	
5	232.01	136.57	250.00	137.00	18.00	1	3	

2	4	312.162	3
1	0.00	131.00	5.55	133.27	6.00	1	2	
2	5.55	133.27	254.75	235.01	269.16	0	
3	254.75	235.01	289.00	249.00	37.00	1	4	

2	5	84.386	3
1	0.00	131.00	3.91	135.55	6.00	1	2	
2	3.91	135.55	45.22	183.62	63.39	0	
3	45.22	183.62	55.00	195.00	15.00	1	5	

2	6	185.607	4
1	0.00	131.00	5.08	134.20	6.00	1	2	
2	5.08	134.20	100.68	194.49	113.03	0	
3	100.68	194.49	149.39	225.20	57.58	1	17	
4	149.39	225.20	157.00	230.00	9.00	2	6	17	

2	7	137.819	4
1	0.00	131.00	0.65	136.96	6.00	1	2	
2	0.65	136.96	10.86	230.23	93.82	0	
3	10.86	230.23	13.40	253.41	23.32	0	
4	13.40	253.41	15.00	268.00	14.68	1	7	

2	8	87.235	3
1	0.00	131.00	2.54	125.57	6.00	1	2	
2	2.54	125.57	28.09	71.02	60.24	0	
3	28.09	71.02	37.00	52.00	21.00	1	8	

2	9	112.712	3
1	0.00	131.00	5.32	128.23	6.00	1	2	
2	5.32	128.23	96.45	80.85	102.71	0	
3	96.45	80.85	100.00	79.00	4.00	1	9	

2	10	271.450	4
1	0.00	131.00	5.79	129.43	6.00	1	2	
2	5.79	129.43	186.00	80.59	186.71	0	
3	186.00	80.59	251.38	62.88	67.74	1	20	
4	251.38	62.88	262.00	60.00	11.00	2	10	20	

2	11	246.400	7
1	0.00	131.00	4.80	134.60	6.00	1	2	
2	4.80	134.60	93.71	201.40	111.20	0	
3	93.71	201.40	152.86	245.84	73.99	1	17	
4	152.86	245.84	153.00	245.94	0.17	0	
5	153.00	245.94	161.02	251.97	10.03	1	19	
6	161.02	251.97	181.18	267.11	25.21	2	11	19	
7	181.18	267.11	197.00	279.00	19.79	1	11	

2	12	273.468	10
1	0.00	131.00	5.00	134.31	6.00	1	2	
2	5.00	134.31	98.53	196.25	112.17	0	
3	98.53	196.25	148.05	229.05	59.40	1	17	
4	148.05	229.05	156.25	234.48	9.84	2	6	17	
5	156.25	234.48	158.10	235.71	2.21	3	6	17	19	
6	158.10	235.71	161.37	237.87	3.92	2	6	19	
7	161.37	237.87	169.59	243.31	9.86	1	19	
8	169.59	243.31	192.92	258.77	27.98	2	11	19	
9	192.92	258.77	220.50	277.03	33.08	1	11	
10	220.50	277.03	228.00	282.00	9.00	2	11	12	

2	13	177.138	3
1	0.00	131.00	6.00	130.76	6.00	1	2	
2	6.00	130.76	146.02	125.22	140.14	0	
3	146.02	125.22	177.00	124.00	31.00	1	13	

2	14	166.973	5
1	0.00	131.00	1.94	136.68	6.00	1	2	
2	1.94	136.68	36.00	236.33	105.31	0	
3	36.00	236.33	41.06	251.15	15.66	1	7	
4	41.06	251.15	50.99	280.19	30.69	2	7	14	
5	50.99	280.19	54.00	289.00	9.31	1	14	

2	15	146.277	4
1	0.00	131.00	0.37	136.99	6.00	1	2	
2	0.37	136.99	6.17	231.04	94.23	0	
3	6.17	231.04	7.52	253.05	22.05	1	7	
4	7.52	253.05	9.00	277.00	24.00	2	7	15	

2	16	118.870	4
1	0.00	131.00	4.09	126.61	6.00	1	2	
2	4.09	126.61	68.05	57.91	93.87	0	
3	68.05	57.91	74.13	51.37	8.92	1	16	
4	74.13	51.37	81.00	44.00	10.08	2	1	16	

2	17	154.201	3
1	0.00	131.00	4.79	134.62	6.00	1	2	
2	4.79	134.62	93.49	201.69	111.20	0	
3	93.49	201.69	123.00	224.00	37.00	1	17	

2	18	291.343	3
1	0.00	131.00	5.85	132.34	6.00	1	2	
2	5.85	132.34	281.08	195.33	282.34	0	
3	281.08	195.33	284.00	196.00	3.00	1	18	

2	19	209.404	8
1	0.00	131.00	5.01	134.29	6.00	1	2	
2	5.01	134.29	98.86	195.96	112.29	0	
3	98.86	195.96	148.15	228.36	58.99	1	17	
4	148.15	228.36	156.61	233.92	10.13	2	6	17	
5	156.61	233.92	158.32	235.04	2.04	3	6	17	19	
6	158.32	235.04	162.02	237.47	4.43	2	6	19	
7	162.02	237.47	170.20	242.85	9.79	1	19	
8	170.20	242.85	175.00	246.00	5.74	2	11	19	

2	20	233.418	3
1	0.00	131.00	5.86	129.71	6.00	1	2	
2	5.86	129.71	186.97	90.00	185.42	0	
3	186.97	90.00	228.00	81.00	42.00	1	20	

3	0	100.841	4
1	250.00	137.00	232.15	139.32	18.00	1	3	
2	232.15	139.32	201.23	143.34	31.18	0	
3	201.23	143.34	158.52	148.89	43.06	1	13	
4	158.52	148.89	150.00	150.00	8.60	0	

3	1	190.589	8
1	250.00	137.00	234.13	128.50	18.00	1	3	
2	234.13	128.50	223.39	122.75	12.18	0	
3	223.39	122.75	206.18	113.52	19.53	1	20	
4	206.18	113.52	195.80	107.96	11.77	2	13	20	
5	195.80	107.96	169.56	93.91	29.77	1	13	
6	169.56	93.91	96.61	54.83	82.75	0	
7	96.61	54.83	89.93	51.25	7.58	1	16	
8	89.93	51.25	82.00	47.00	9.00	2	1	16	

3	2	250.072	5
1	250.00	137.00	232.01	136.57	18.00	1	3	
2	232.01	136.57	205.61	135.93	26.40	0	
3	205.61	135.93	147.85	134.55	57.78	1	13	
4	147.85	134.55	6.00	131.14	141.89	0	
5	6.00	131.14	0.00	131.00	6.00	1	2	

3	3	0	0

3	4	118.596	3
1	250.00	137.00	255.92	154.00	18.00	1	3	
2	255.92	154.00	276.83	214.06	63.60	0	
3	276.83	214.06	289.00	249.00	37.00	1	4	

3	5	203.443	3
1	250.00	137.00	232.75	142.13	18.00	1	3	
2	232.75	142.13	69.38	190.72	170.44	0	
3	69.38	190.72	55.00	195.00	15.00	1	5	

3	6	131.522	4
1	250.00	137.00	237.27	149.73	18.00	1	3	
2	237.27	149.73	163.36	223.64	104.52	0	
3	163.36	223.64	159.87	227.13	4.95	1	6	
4	159.87	227.13	157.00	230.00	4.05	2	6	17	

3	7	269.046	8
1	250.00	137.00	234.28	145.76	18.00	1	3	
2	234.28	145.76	145.97	194.99	101.10	0	
3	145.97	194.99	86.25	228.28	68.37	1	17	
4	86.25	228.28	48.37	249.40	43.37	0	
5	48.37	249.40	48.19	249.50	0.20	1	14	
6	48.19	249.50	27.11	261.25	24.14	2	7	14	
7	27.11	261.25	23.28	263.39	4.39	3	7	14	15	
8	23.28	263.39	15.00	268.00	9.48	2	7	15	

3	8	229.334	7
1	250.00	137.00	233.28	130.33	18.00	1	3	
2	233.28	130.33	207.76	120.14	27.48	0	
3	207.76	120.14	157.35	100.03	54.28	1	13	
4	157.35	100.03	103.99	78.73	57.45	0	
5	103.99	78.73	97.29	76.06	7.22	1	9	
6	97.29	76.06	56.50	59.78	43.91	0	
7	56.50	59.78	37.00	52.00	21.00	1	8	

3	9	160.823	5
1	250.00	137.00	233.21	130.51	18.00	1	3	
2	233.21	130.51	207.82	120.69	27.22	0	
3	207.82	120.69	156.42	100.82	55.11	1	13	
4	156.42	100.82	103.73	80.44	56.49	0	
5	103.73	80.44	100.00	79.00	4.00	1	9	

3	10	77.929	4
1	250.00	137.00	252.77	119.21	18.00	1	3	
2	252.77	119.21	253.53	114.35	4.92	0	
3	253.53	114.35	260.31	70.87	44.01	1	20	
4	260.31	70.87	262.00	60.00	11.00	2	10	20	

3	11	151.568	3
1	250.00	137.00	243.71	153.86	18.00	1	3	
2	243.71	153.86	212.74	236.84	88.57	0	
3	212.74	236.84	197.00	279.00	45.00	0	

3	12	146.659	4
1	250.00	137.00	247.30	154.80	18.00	1	3	
2	247.30	154.80	232.63	251.51	97.82	0	
3	232.63	251.51	229.35	273.10	21.84	0	
4	229.35	273.10	228.00	282.00	9.00	2	11	12	

3	13	74.148	3
1	250.00	137.00	232.28	133.84	18.00	1	3	
2	232.28	133.84	207.52	129.44	25.15	0	
3	207.52	129.44	177.00	124.00	31.00	1	13	

3	14	248.032	5
1	250.00	137.00	235.78	148.03	18.00	1	3	
2	235.78	148.03	156.91	209.19	99.80	0	
3	156.91	209.19	100.22	253.16	71.74	1	17	
4	100.22	253.16	85.61	264.49	18.49	0	
5	85.61	264.49	54.00	289.00	40.00	1	14	

3	15	278.713	8
1	250.00	137.00	234.44	146.04	18.00	1	3	
2	234.44	146.04	147.68	196.44	100.33	0	
3	147.68	196.44	86.83	231.79	70.38	1	17	
4	86.83	231.79	57.01	249.11	34.49	0	
5	57.01	249.11	49.99	253.19	8.11	1	14	
6	49.99	253.19	29.75	264.94	23.41	2	7	14	
7	29.75	264.94	17.86	271.85	13.75	3	7	14	15	
8	17.86	271.85	9.00	277.00	10.25	2	7	15	

3	16	192.899	8
1	250.00	137.00	234.23	128.32	18.00	1	3	
2	234.23	128.32	224.26	122.83	11.39	0	
3	224.26	122.83	205.87	112.72	20.98	1	20	
4	205.87	112.72	194.66	106.55	12.79	2	13	20	
5	194.66	106.55	171.08	93.57	26.92	1	13	
6	171.08	93.57	97.65	53.16	83.82	0	
7	97.65	53.16	90.69	49.33	7.94	1	16	
8	90.69	49.33	81.00	44.00	11.06	2	1	16	

3	17	153.942	3
1	250.00	137.00	235.15	147.17	18.00	1	3	
2	235.15	147.17	153.52	203.09	98.94	0	
3	153.52	203.09	123.00	224.00	37.00	1	17	

3	18	68.096	3
1	250.00	137.00	258.99	152.60	18.00	1	3	
2	258.99	152.60	282.50	193.40	47.10	0	
3	282.50	193.40	284.00	196.00	3.00	1	18	

3	19	132.310	4
1	250.00	137.00	239.80	151.83	18.00	1	3	
2	239.80	151.83	187.47	227.88	92.31	0	
3	187.47	227.88	181.32	236.82	10.86	1	19	
4	181.32	236.82	175.00	246.00	11.14	2	11	19	

3	20	60.166	3
1	250.00	137.00	243.42	120.25	18.00	1	3	
2	243.42	120.25	243.36	120.09	0.17	0	
3	243.36	120.09	228.00	81.00	42.00	1	20	

4	0	170.652	2
1	289.00	249.00	258.86	227.54	37.00	1	4	
2	258.86	227.54	150.00	150.00	133.65	0	

4	1	289.228	6
1	289.00	249.00	262.52	223.16	37.00	1	4	
2	262.52	223.16	189.83	152.22	101.57	0	
3	189.83	152.22	148.47	111.87	57.78	1	13	
4	148.47	111.87	93.55	58.27	76.74	0	
5	93.55	58.27	88.44	53.29	7.13	1	16	
6	88.44	53.29	82.00	47.00	9.00	2	1	16	

4	2	312.162	3
1	289.00	249.00	254.75	235.01	37.00	1	4	
2	254.75	235.01	5.55	133.27	269.16	0	
3	5.55	133.27	0.00	131.00	6.00	1	2	

4	3	118.596	3
1	289.00	249.00	276.83	214.06	37.00	1	4	
2	276.83	214.06	255.92	154.00	63.60	0	
3	255.92	154.00	250.00	137.00	18.00	1	3	

4	4	0	0

4	5	240.150	5
1	289.00	249.00	252.95	240.68	37.00	1	4	
2	252.95	240.68	159.68	219.16	95.72	0	
3	159.68	219.16	92.15	203.57	69.31	1	17	
4	92.15	203.57	69.62	198.37	23.13	0	
5	69.62	198.37	55.00	195.00	15.00	1	5	

4	6	133.360	8
1	289.00	249.00	252.38	243.73	37.00	1	4	
2	252.38	243.73	216.85	238.61	35.89	0	
3	216.85	238.61	194.26	235.36	22.83	1	11	
4	194.26	235.36	189.35	234.66	4.96	2	11	19	
5	189.35	234.66	165.91	231.28	23.68	1	19	
6	165.91	231.28	159.52	230.36	6.45	2	6	19	
7	159.52	230.36	159.45	230.35	0.07	1	6	
8	159.45	230.35	157.00	230.00	2.48	2	6	17	

4	7	274.658	12
1	289.00	249.00	252.09	251.56	37.00	1	4	
2	252.09	251.56	233.62	252.84	18.52	0	
3	233.62	252.84	194.83	255.53	38.88	1	11	
4	194.83	255.53	157.12	258.14	37.79	2	11	19	
5	157.12	258.14	156.68	258.18	0.45	1	19	
6	156.68	258.18	132.01	259.89	24.73	0	
7	132.01	259.89	119.03	260.79	13.01	1	17	
8	119.03	260.79	84.55	263.18	34.56	0	
9	84.55	263.18	52.91	265.37	31.72	1	14	
10	52.91	265.37	30.77	266.91	22.19	2	7	14	
11	30.77	266.91	20.18	267.64	10.62	3	7	14	15	
12	20.18	267.64	15.00	268.00	5.19	2	7	15	

4	8	319.864	5
1	289.00	249.00	259.85	226.21	37.00	1	4	
2	259.85	226.21	166.34	153.11	118.70	0	
3	166.34	153.11	151.33	141.37	19.05	1	13	
4	151.33	141.37	53.54	64.93	124.11	0	
5	53.54	64.93	37.00	52.00	21.00	1	8	

4	9	254.207	5
1	289.00	249.00	261.49	224.26	37.00	1	4	
2	261.49	224.26	183.68	154.27	104.65	0	
3	183.68	154.27	146.19	120.55	50.43	1	13	
4	146.19	120.55	102.97	81.67	58.13	0	
5	102.97	81.67	100.00	79.00	4.00	1	9	

4	10	190.919	6
1	289.00	249.00	283.77	212.37	37.00	1	4	
2	283.77	212.37	281.70	197.93	14.59	0	
3	281.70	197.93	281.26	194.79	3.17	1	18	
4	281.26	194.79	267.17	96.17	99.62	0	
5	267.17	96.17	263.56	70.89	25.53	1	20	
6	263.56	70.89	262.00	60.00	11.00	2	10	20	

4	11	96.768	3
1	289.00	249.00	253.82	260.47	37.00	1	4	
2	253.82	260.47	239.78	265.05	14.77	0	
3	239.78	265.05	197.00	279.00	45.00	1	11	

4	12	69.354	4
1	289.00	249.00	256.46	266.61	37.00	1	4	
2	256.46	266.61	241.78	274.55	16.69	0	
3	241.78	274.55	235.92	277.72	6.67	1	11	
4	235.92	277.72	228.00	282.00	9.00	2	11	12	

4	13	167.836	3
1	289.00	249.00	264.31	221.44	37.00	1	4	
2	264.31	221.44	197.69	147.09	99.84	0	
3	197.69	147.09	177.00	124.00	31.00	1	13	

4	14	238.380	5
1	289.00	249.00	252.52	255.21	37.00	1	4	
2	252.52	255.21	236.74	257.89	16.01	0	
3	236.74	257.89	152.51	272.23	85.44	1	11	
4	152.51	272.23	93.43	282.29	59.93	0	
5	93.43	282.29	54.00	289.00	40.00	1	14	

4	15	281.397	10
1	289.00	249.00	252.18	252.68	37.00	1	4	
2	252.18	252.68	234.70	254.43	17.57	0	
3	234.70	254.43	193.04	258.60	41.87	1	11	
4	193.04	258.60	159.81	261.92	33.39	2	11	19	
5	159.81	261.92	155.18	262.38	4.66	1	11	
6	155.18	262.38	88.66	269.03	66.85	0	
7	88.66	269.03	52.72	272.63	36.12	1	14	
8	52.72	272.63	32.88	274.61	19.94	2	7	14	
9	32.88	274.61	16.07	276.29	16.89	3	7	14	15	
10	16.07	276.29	9.00	277.00	7.11	2	7	15	

4	16	292.043	6
1	289.00	249.00	262.65	223.03	37.00	1	4	
2	262.65	223.03	190.49	151.91	101.31	0	
3	190.49	151.91	148.90	110.92	58.40	1	13	
4	148.90	110.92	94.53	57.34	76.33	0	
5	94.53	57.34	89.34	52.22	7.30	1	16	
6	89.34	52.22	81.00	44.00	11.70	2	1	16	

4	17	167.872	9
1	289.00	249.00	252.41	243.49	37.00	1	4	
2	252.41	243.49	215.34	237.91	37.49	0	
3	215.34	237.91	193.86	234.67	21.72	1	11	
4	193.86	234.67	191.58	234.33	2.31	2	11	19	
5	191.58	234.33	165.99	230.47	25.88	1	19	
6	165.99	230.47	160.31	229.62	5.74	2	6	19	
7	160.31	229.62	159.59	229.51	0.73	1	6	
8	159.59	229.51	148.27	227.81	11.44	2	6	17	
9	148.27	227.81	123.00	224.00	25.56	1	17	

4	18	53.235	3
1	289.00	249.00	285.52	212.16	37.00	1	4	
2	285.52	212.16	284.28	198.99	13.24	0	
3	284.28	198.99	284.00	196.00	3.00	1	18	

4	19	114.039	4
1	289.00	249.00	252.01	248.03	37.00	1	4	
2	252.01	248.03	229.06	247.42	22.96	0	
3	229.06	247.42	196.99	246.58	32.08	1	11	
4	196.99	246.58	175.00	246.00	22.00	2	11	19	

4	20	178.732	5
1	289.00	249.00	276.37	214.22	37.00	1	4	
2	276.37	214.22	254.65	154.39	63.65	0	
3	254.65	154.39	242.41	120.68	35.86	1	3	
4	242.41	120.68	242.33	120.48	0.21	0	
5	242.33	120.48	228.00	81.00	42.00	1	20	

5	0	105.119	2
1	55.00	195.00	68.56	188.58	15.00	1	5	
2	68.56	188.58	150.00	150.00	90.12	0	

5	1	150.443	4
1	55.00	195.00	57.69	180.24	15.00	1	5	
2	57.69	180.24	79.10	62.90	119.28	0	
3	79.10	62.90	80.38	55.85	7.17	1	16	
4	80.38	55.85	82.00	47.00	9.00	2	1	16	

5	2	84.386	3
1	55.00	195.00	45.22	183.62	15.00	1	5	
2	45.22	183.62	3.91	135.55	63.39	0	
3	3.91	135.55	0.00	131.00	6.00	1	2	

5	3	203.443	3
1	55.00	195.00	69.38	190.72	15.00	1	5	
2	69.38	190.72	232.75	142.13	170.44	0	
3	232.75	142.13	250.00	137.00	18.00	1	3	

5	4	240.150	5
1	55.00	195.00	69.62	198.37	15.00	1	5	
2	69.62	198.37	92.15	203.57	23.13	0	
3	92.15	203.57	159.68	219.16	69.31	1	17	
4	159.68	219.16	252.95	240.68	95.72	0	
5	252.95	240.68	289.00	249.00	37.00	1	4	

5	5	0	0

5	6	107.838	4
1	55.00	195.00	69.19	199.87	15.00	1	5	
2	69.19	199.87	90.11	207.05	22.12	0	
3	90.11	207.05	148.49	227.08	61.72	1	17	
4	148.49	227.08	157.00	230.00	9.00	2	6	17	

5	7	83.241	4
1	55.00	195.00	47.79	208.15	15.00	1	5	
2	47.79	208.15	33.26	234.68	30.24	0	
3	33.26	234.68	21.35	256.42	24.79	1	7	
4	21.35	256.42	15.00	268.00	13.21	2	7	15	

5	8	144.128	3
1	55.00	195.00	53.13	180.12	15.00	1	5	
2	53.13	180.12	39.62	72.84	108.13	0	
3	39.62	72.84	37.00	52.00	21.00	0	

5	9	124.423	3
1	55.00	195.00	60.43	181.02	15.00	1	5	
2	60.43	181.02	98.55	82.73	105.42	0	
3	98.55	82.73	100.00	79.00	4.00	1	9	

5	10	247.132	6
1	55.00	195.00	67.56	186.81	15.00	1	5	
2	67.56	186.81	147.82	134.47	95.82	0	
3	147.82	134.47	193.37	104.76	54.38	1	13	
4	193.37	104.76	198.34	101.52	5.94	2	13	20	
5	198.34	101.52	252.79	66.01	65.00	1	20	
6	252.79	66.01	262.00	60.00	11.00	2	10	20	

5	11	164.985	7
1	55.00	195.00	67.91	202.64	15.00	1	5	
2	67.91	202.64	87.34	214.13	22.58	0	
3	87.34	214.13	148.82	250.50	71.43	1	17	
4	148.82	250.50	154.44	253.82	6.53	0	
5	154.44	253.82	158.27	256.09	4.45	1	19	
6	158.27	256.09	178.05	267.79	22.98	2	11	19	
7	178.05	267.79	197.00	279.00	22.02	1	11	

5	12	193.644	8
1	55.00	195.00	68.40	201.74	15.00	1	5	
2	68.40	201.74	88.12	211.66	22.07	0	
3	88.12	211.66	153.06	244.32	72.69	1	17	
4	153.06	244.32	153.71	244.64	0.72	2	17	19	
5	153.71	244.64	163.13	249.38	10.54	1	19	
6	163.13	249.38	189.43	262.60	29.44	2	11	19	
7	189.43	262.60	219.96	277.96	34.17	1	11	
8	219.96	277.96	228.00	282.00	9.00	2	11	12	

5	13	141.156	3
1	55.00	195.00	67.96	187.46	15.00	1	5	
2	67.96	187.46	150.21	139.59	95.16	0	
3	150.21	139.59	177.00	124.00	31.00	1	13	

5	14	94.005	3
1	55.00	195.00	54.84	210.00	15.00	0	
2	54.84	210.00	54.43	249.00	39.00	0	
3	54.43	249.00	54.00	289.00	40.00	1	14	

5	15	94.021	4
1	55.00	195.00	47.66	208.08	15.00	1	5	
2	47.66	208.08	32.86	234.46	30.25	0	
3	32.86	234.46	20.74	256.07	24.78	1	7	
4	20.74	256.07	9.00	277.00	24.00	2	7	15	

5	16	153.222	4
1	55.00	195.00	57.55	180.22	15.00	1	5	
2	57.55	180.22	77.78	62.72	119.22	0	
3	77.78	62.72	79.02	55.49	7.34	1	16	
4	79.02	55.49	81.00	44.00	11.66	2	1	16	

5	17	73.926	3
1	55.00	195.00	68.80	200.88	15.00	1	5	
2	68.80	200.88	88.97	209.49	21.93	0	
3	88.97	209.49	123.00	224.00	37.00	1	17	

5	18	229.002	5
1	55.00	195.00	70.00	195.07	15.00	1	5	
2	70.00	195.07	99.78	195.20	29.78	0	
3	99.78	195.20	146.47	195.40	46.70	1	17	
4	146.47	195.40	281.00	195.99	134.53	0	
5	281.00	195.99	284.00	196.00	3.00	1	18	

5	19	130.388	8
1	55.00	195.00	68.81	200.87	15.00	1	5	
2	68.81	200.87	88.98	209.44	21.93	0	
3	88.98	209.44	149.68	235.24	65.95	1	17	
4	149.68	235.24	154.75	237.39	5.51	2	6	17	
5	154.75	237.39	157.09	238.39	2.54	3	6	17	19	
6	157.09	238.39	158.31	238.90	1.32	2	6	19	
7	158.31	238.90	169.27	243.56	11.91	1	19	
8	169.27	243.56	175.00	246.00	6.23	2	11	19	

5	20	207.183	5
1	55.00	195.00	67.53	186.75	15.00	1	5	
2	67.53	186.75	147.64	133.95	95.95	0	
3	147.64	133.95	192.93	104.11	54.24	1	13	
4	192.93	104.11	197.73	100.95	5.75	2	13	20	
5	197.73	100.95	228.00	81.00	36.25	1	20	

6	0	80.306	3
1	157.00	230.00	156.22	221.03	9.00	2	6	17	
2	156.22	221.03	154.82	205.12	15.97	1	17	
3	154.82	205.12	150.00	150.00	55.34	0	

6	1	197.773	5
1	157.00	230.00	153.59	221.67	9.00	2	6	17	
2	153.59	221.67	141.38	191.89	32.19	1	17	
3	141.38	191.89	88.01	61.66	140.74	0	
4	88.01	61.66	85.41	55.33	6.84	1	16	
5	85.41	55.33	82.00	47.00	9.00	2	1	16	

6	2	185.607	4
1	157.00	230.00	149.39	225.20	9.00	2	6	17	
2	149.39	225.20	100.68	194.49	57.58	1	17	
3	100.68	194.49	5.08	134.20	113.03	0	
4	5.08	134.20	0.00	131.00	6.00	1	2	

6	3	131.522	4
1	157.00	230.00	159.87	227.13	4.05	2	6	17	
2	159.87	227.13	163.36	223.64	4.95	1	6	
3	163.36	223.64	237.27	149.73	104.52	0	
4	237.27	149.73	250.00	137.00	18.00	1	3	

6	4	133.360	8
1	157.00	230.00	159.45	230.35	2.48	2	6	17	
2	159.45	230.35	159.52	230.36	0.07	1	6	
3	159.52	230.36	165.91	231.28	6.45	2	6	19	
4	165.91	231.28	189.35	234.66	23.68	1	19	
5	189.35	234.66	194.26	235.36	4.96	2	11	19	
6	194.26	235.36	216.85	238.61	22.83	1	11	
7	216.85	238.61	252.38	243.73	35.89	0	
8	252.38	243.73	289.00	249.00	37.00	1	4	

6	5	107.838	4
1	157.00	230.00	148.49	227.08	9.00	2	6	17	
2	148.49	227.08	90.11	207.05	61.72	1	17	
3	90.11	207.05	69.19	199.87	22.12	0	
4	69.19	199.87	55.00	195.00	15.00	1	5	

6	6	0	0

6	7	146.997	7
1	157.00	230.00	148.31	232.33	9.00	2	6	17	
2	148.31	232.33	93.92	246.88	56.30	1	17	
3	93.92	246.88	71.30	252.93	23.42	0	
4	71.30	252.93	51.71	258.18	20.28	1	14	
5	51.71	258.18	29.29	264.18	23.21	2	7	14	
6	29.29	264.18	21.00	266.39	8.58	3	7	14	15	
7	21.00	266.39	15.00	268.00	6.21	2	7	15	

6	8	214.672	4
1	157.00	230.00	151.97	222.54	9.00	2	6	17	
2	151.97	222.54	128.27	187.38	42.40	1	17	
3	128.27	187.38	48.74	69.41	142.27	0	
4	48.74	69.41	37.00	52.00	21.00	1	8	

6	9	161.400	4
1	157.00	230.00	153.82	221.58	9.00	2	6	17	
2	153.82	221.58	142.98	192.86	30.70	1	17	
3	142.98	192.86	101.41	82.74	117.70	0	
4	101.41	82.74	100.00	79.00	4.00	1	9	

6	10	199.812	5
1	157.00	230.00	159.98	225.17	5.67	2	6	17	
2	159.98	225.17	161.73	222.34	3.33	1	6	
3	161.73	222.34	223.25	122.73	117.08	0	
4	223.25	122.73	256.22	69.36	62.73	1	20	
5	256.22	69.36	262.00	60.00	11.00	2	10	20	

6	11	63.253	6
1	157.00	230.00	158.34	231.64	2.11	2	6	17	
2	158.34	231.64	159.02	232.47	1.08	3	6	17	19	
3	159.02	232.47	162.69	236.97	5.81	2	6	19	
4	162.69	236.97	168.54	244.14	9.25	1	19	
5	168.54	244.14	185.74	265.20	27.19	2	11	19	
6	185.74	265.20	197.00	279.00	17.81	1	11	

6	12	88.006	7
1	157.00	230.00	158.69	231.24	2.09	2	6	17	
2	158.69	231.24	159.21	231.62	0.64	3	6	17	19	
3	159.21	231.62	164.26	235.32	6.26	2	6	19	
4	164.26	235.32	172.43	241.30	10.12	1	19	
5	172.43	241.30	194.00	257.10	26.73	2	11	19	
6	194.00	257.10	220.74	276.68	33.15	1	11	
7	220.74	276.68	228.00	282.00	9.00	2	11	12	

6	13	107.870	4
1	157.00	230.00	158.67	221.16	9.00	2	6	17	
2	158.67	221.16	159.39	217.32	3.90	1	17	
3	159.39	217.32	171.25	154.46	63.97	0	
4	171.25	154.46	177.00	124.00	31.00	1	13	

6	14	118.701	4
1	157.00	230.00	149.19	234.47	9.00	2	6	17	
2	149.19	234.47	108.24	257.93	47.19	1	17	
3	108.24	257.93	88.71	269.12	22.51	0	
4	88.71	269.12	54.00	289.00	40.00	1	14	

6	15	155.284	7
1	157.00	230.00	148.42	232.72	9.00	2	6	17	
2	148.42	232.72	96.05	249.35	54.95	1	17	
3	96.05	249.35	76.13	255.68	20.90	0	
4	76.13	255.68	52.69	263.13	24.60	1	14	
5	52.69	263.13	31.87	269.74	21.84	2	7	14	
6	31.87	269.74	16.70	274.56	15.92	3	7	14	15	
7	16.70	274.56	9.00	277.00	8.08	2	7	15	

6	16	200.928	5
1	157.00	230.00	153.60	221.67	9.00	2	6	17	
2	153.60	221.67	141.44	191.92	32.13	1	17	
3	141.44	191.92	88.19	61.59	140.80	0	
4	88.19	61.59	85.60	55.25	6.85	1	16	
5	85.60	55.25	81.00	44.00	12.15	2	1	16	

6	17	34.525	2
1	157.00	230.00	148.14	228.44	9.00	2	6	17	
2	148.14	228.44	123.00	224.00	25.53	1	17	

6	18	131.472	6
1	157.00	230.00	159.62	229.30	2.71	2	6	17	
2	159.62	229.30	161.18	228.88	1.62	1	6	
3	161.18	228.88	165.69	227.67	4.67	2	6	19	
4	165.69	227.67	178.42	224.27	13.17	1	19	
5	178.42	224.27	281.10	196.78	106.30	0	
6	281.10	196.78	284.00	196.00	3.00	1	18	

6	19	24.083	5
1	157.00	230.00	158.56	231.38	2.08	2	6	17	
2	158.56	231.38	159.15	231.91	0.79	3	6	17	19	
3	159.15	231.91	163.73	235.98	6.13	2	6	19	
4	163.73	235.98	170.89	242.35	9.59	1	19	
5	170.89	242.35	175.00	246.00	5.50	2	11	19	

6	20	165.052	6
1	157.00	230.00	160.00	223.71	6.97	2	6	17	
2	160.00	223.71	160.87	221.88	2.03	1	6	
3	160.87	221.88	195.74	148.69	81.07	0	
4	195.74	148.69	207.98	123.01	28.45	1	13	
5	207.98	123.01	209.93	118.92	4.53	0	
6	209.93	118.92	228.00	81.00	42.00	1	20	

7	0	179.301	3
1	15.00	268.00	25.08	259.19	13.39	2	7	15	
2	25.08	259.19	43.61	242.99	24.61	1	7	
3	43.61	242.99	150.00	150.00	141.30	0	

7	1	230.933	5
1	15.00	268.00	18.90	255.14	13.44	2	7	15	
2	18.90	255.14	26.02	231.63	24.56	1	7	
3	26.02	231.63	77.26	62.63	176.60	0	
4	77.26	62.63	79.39	55.61	7.33	1	16	
5	79.39	55.61	82.00	47.00	9.00	2	1	16	

7	2	137.819	4
1	15.00	268.00	13.40	253.41	14.68	1	7	
2	13.40	253.41	10.86	230.23	23.32	0	
3	10.86	230.23	0.65	136.96	93.82	0	
4	0.65	136.96	0.00	131.00	6.00	1	2	

7	3	269.046	8
1	15.00	268.00	23.28	263.39	9.48	2	7	15	
2	23.28	263.39	27.11	261.25	4.39	3	7	14	15	
3	27.11	261.25	48.19	249.50	24.14	2	7	14	
4	48.19	249.50	48.37	249.40	0.20	1	14	
5	48.37	249.40	86.25	228.28	43.37	0	
6	86.25	228.28	145.97	194.99	68.37	1	17	
7	145.97	194.99	234.28	145.76	101.10	0	
8	234.28	145.76	250.00	137.00	18.00	1	3	

7	4	274.658	12
1	15.00	268.00	20.18	267.64	5.19	2	7	15	
2	20.18	267.64	30.77	266.91	10.62	3	7	14	15	
3	30.77	266.91	52.91	265.37	22.19	2	7	14	
4	52.91	265.37	84.55	263.18	31.72	1	14	
5	84.55	263.18	119.03	260.79	34.56	0	
6	119.03	260.79	132.01	259.89	13.01	1	17	
7	132.01	259.89	156.68	258.18	24.73	0	
8	156.68	258.18	157.12	258.14	0.45	1	19	
9	157.12	258.14	194.83	255.53	37.79	2	11	19	
10	194.83	255.53	233.62	252.84	38.88	1	11	
11	233.62	252.84	252.09	251.56	18.52	0	
12	252.09	251.56	289.00	249.00	37.00	1	4	

7	5	83.241	4
1	15.00	268.00	21.35	256.42	13.21	2	7	15	
2	21.35	256.42	33.26	234.68	24.79	1	7	
3	33.26	234.68	47.79	208.15	30.24	0	
4	47.79	208.15	55.00	195.00	15.00	1	5	

7	6	146.997	7
1	15.00	268.00	21.00	266.39	6.21	2	7	15	
2	21.00	266.39	29.29	264.18	8.58	3	7	14	15	
3	29.29	264.18	51.71	258.18	23.21	2	7	14	
4	51.71	258.18	71.30	252.93	20.28	1	14	
5	71.30	252.93	93.92	246.88	23.42	0	
6	93.92	246.88	148.31	232.33	56.30	1	17	
7	148.31	232.33	157.00	230.00	9.00	2	6	17	

7	7	0	0

7	8	217.117	4
1	15.00	268.00	16.41	254.17	13.90	2	7	15	
2	16.41	254.17	18.85	230.20	24.10	0	
3	18.85	230.20	34.87	72.89	158.12	0	
4	34.87	72.89	37.00	52.00	21.00	1	8	

7	9	207.234	6
1	15.00	268.00	20.44	255.90	13.26	2	7	15	
2	20.44	255.90	30.59	233.34	24.74	1	7	
3	30.59	233.34	43.50	204.63	31.48	0	
4	43.50	204.63	54.57	180.01	27.00	1	5	
5	54.57	180.01	98.36	82.65	106.75	0	
6	98.36	82.65	100.00	79.00	4.00	1	9	

7	10	322.913	9
1	15.00	268.00	25.27	259.35	13.42	2	7	15	
2	25.27	259.35	44.07	243.52	24.58	1	7	
3	44.07	243.52	93.05	202.27	64.04	0	
4	93.05	202.27	106.69	190.79	17.82	1	17	
5	106.69	190.79	157.44	148.05	66.35	0	
6	157.44	148.05	199.95	112.26	55.57	1	13	
7	199.95	112.26	204.03	108.82	5.34	2	13	20	
8	204.03	108.82	253.59	67.09	64.79	1	20	
9	253.59	67.09	262.00	60.00	11.00	2	10	20	

7	11	182.332	6
1	15.00	268.00	19.78	268.29	4.79	2	7	15	
2	19.78	268.29	31.63	269.01	11.87	3	7	14	15	
3	31.63	269.01	52.93	270.29	21.34	2	7	14	
4	52.93	270.29	90.47	272.56	37.60	1	14	
5	90.47	272.56	152.08	276.29	61.73	0	
6	152.08	276.29	197.00	279.00	45.00	1	11	

7	12	213.460	7
1	15.00	268.00	19.76	268.31	4.77	2	7	15	
2	19.76	268.31	31.66	269.10	11.92	3	7	14	15	
3	31.66	269.10	52.92	270.49	21.30	2	7	14	
4	52.92	270.49	90.65	272.97	37.81	1	14	
5	90.65	272.97	152.04	277.01	61.53	0	
6	152.04	277.01	219.02	281.41	67.12	1	11	
7	219.02	281.41	228.00	282.00	9.00	2	11	12	

7	13	216.749	4
1	15.00	268.00	25.00	259.11	13.38	2	7	15	
2	25.00	259.11	43.40	242.75	24.62	1	7	
3	43.40	242.75	153.83	144.60	147.75	0	
4	153.83	144.60	177.00	124.00	31.00	1	13	

7	14	44.294	4
1	15.00	268.00	18.78	270.04	4.29	2	7	15	
2	18.78	270.04	32.99	277.69	16.14	3	7	14	15	
3	32.99	277.69	48.46	286.02	17.57	2	7	14	
4	48.46	286.02	54.00	289.00	6.29	1	14	

7	15	10.817	1
1	15.00	268.00	9.00	277.00	10.82	2	7	15	

7	16	233.521	5
1	15.00	268.00	18.80	255.09	13.46	2	7	15	
2	18.80	255.09	25.74	231.55	24.54	1	7	
3	25.74	231.55	75.63	62.23	176.52	0	
4	75.63	62.23	77.77	54.95	7.59	1	16	
5	77.77	54.95	81.00	44.00	11.41	2	1	16	

7	17	116.619	6
1	15.00	268.00	21.84	265.21	7.39	2	7	15	
2	21.84	265.21	28.21	262.62	6.88	3	7	14	15	
3	28.21	262.62	50.19	253.66	23.73	2	7	14	
4	50.19	253.66	60.38	249.51	11.00	1	14	
5	60.38	249.51	88.73	237.96	30.62	0	
6	88.73	237.96	123.00	224.00	37.00	1	17	

7	18	278.469	12
1	15.00	268.00	21.00	266.39	6.21	2	7	15	
2	21.00	266.39	29.29	264.18	8.58	3	7	14	15	
3	29.29	264.18	51.71	258.17	23.21	2	7	14	
4	51.71	258.17	71.29	252.93	20.28	1	14	
5	71.29	252.93	93.92	246.88	23.42	0	
6	93.92	246.88	148.30	232.32	56.30	1	17	
7	148.30	232.32	159.62	229.29	11.71	2	6	17	
8	159.62	229.29	161.20	228.87	1.63	1	6	
9	161.20	228.87	165.69	227.67	4.65	2	6	19	
10	165.69	227.67	178.40	224.26	13.16	1	19	
11	178.40	224.26	281.10	196.78	106.32	0	
12	281.10	196.78	284.00	196.00	3.00	1	18	

7	19	161.505	9
1	15.00	268.00	20.43	267.25	5.48	2	7	15	
2	20.43	267.25	30.28	265.90	9.94	3	7	14	15	
3	30.28	265.90	52.65	262.82	22.58	2	7	14	
4	52.65	262.82	80.46	259.00	28.07	1	14	
5	80.46	259.00	104.02	255.76	23.78	0	
6	104.02	255.76	149.85	249.46	46.26	1	17	
7	149.85	249.46	153.21	249.00	3.39	0	
8	153.21	249.00	164.98	247.38	11.89	1	19	
9	164.98	247.38	175.00	246.00	10.11	2	11	19	

7	20	283.440	6
1	15.00	268.00	25.06	259.17	13.39	2	7	15	
2	25.06	259.17	43.56	242.93	24.61	1	7	
3	43.56	242.93	154.61	145.44	147.77	0	
4	154.61	145.44	196.44	108.71	55.67	1	13	
5	196.44	108.71	201.15	104.57	6.28	2	13	20	
6	201.15	104.57	228.00	81.00	35.72	1	20	

8	0	149.576	2
1	37.00	52.00	52.86	65.76	21.00	1	8	
2	52.86	65.76	150.00	150.00	128.58	0	

8	1	45.277	4
1	37.00	52.00	57.87	49.68	21.00	1	8	
2	57.87	49.68	62.71	49.14	4.87	0	
3	62.71	49.14	73.06	47.99	10.41	1	16	
4	73.06	47.99	82.00	47.00	9.00	2	1	16	

8	2	87.235	3
1	37.00	52.00	28.09	71.02	21.00	1	8	
2	28.09	71.02	2.54	125.57	60.24	0	
3	2.54	125.57	0.00	131.00	6.00	1	2	

8	3	229.334	7
1	37.00	52.00	56.50	59.78	21.00	1	8	
2	56.50	59.78	97.29	76.06	43.91	0	
3	97.29	76.06	103.99	78.73	7.22	1	9	
4	103.99	78.73	157.35	100.03	57.45	0	
5	157.35	100.03	207.76	120.14	54.28	1	13	
6	207.76	120.14	233.28	130.33	27.48	0	
7	233.28	130.33	250.00	137.00	18.00	1	3	

8	4	319.864	5
1	37.00	52.00	53.54	64.93	21.00	1	8	
2	53.54	64.93	151.33	141.37	124.11	0	
3	151.33	141.37	166.34	153.11	19.05	1	13	
4	166.34	153.11	259.85	226.21	118.70	0	
5	259.85	226.21	289.00	249.00	37.00	1	4	

8	5	144.128	3
1	37.00	52.00	39.62	72.84	21.00	0	
2	39.62	72.84	53.13	180.12	108.13	0	
3	53.13	180.12	55.00	195.00	15.00	1	5	

8	6	214.672	4
1	37.00	52.00	48.74	69.41	21.00	1	8	
2	48.74	69.41	128.27	187.38	142.27	0	
3	128.27	187.38	151.97	222.54	42.40	1	17	
4	151.97	222.54	157.00	230.00	9.00	2	6	17	

8	7	217.117	4
1	37.00	52.00	34.87	72.89	21.00	1	8	
2	34.87	72.89	18.85	230.20	158.12	0	
3	18.85	230.20	16.41	254.17	24.10	0	
4	16.41	254.17	15.00	268.00	13.90	2	7	15	

8	8	0	0

8	9	68.542	3
1	37.00	52.00	56.30	60.27	21.00	1	8	
2	56.30	60.27	96.32	77.42	43.54	0	
3	96.32	77.42	100.00	79.00	4.00	1	9	

8	10	225.142	8
1	37.00	52.00	57.99	52.75	21.00	1	8	
2	57.99	52.75	64.25	52.97	6.27	0	
3	64.25	52.97	75.65	53.37	11.40	1	16	
4	75.65	53.37	87.89	53.81	12.25	2	1	16	
5	87.89	53.81	97.07	54.14	9.19	1	16	
6	97.07	54.14	193.15	57.55	96.14	0	
7	193.15	57.55	251.01	59.61	57.89	1	20	
8	251.01	59.61	262.00	60.00	11.00	2	10	20	

8	11	277.721	9
1	37.00	52.00	49.10	69.16	21.00	1	8	
2	49.10	69.16	133.16	188.42	145.90	0	
3	133.16	188.42	156.15	221.04	39.91	1	17	
4	156.15	221.04	159.92	226.40	6.55	2	6	17	
5	159.92	226.40	161.50	228.63	2.73	1	6	
6	161.50	228.63	165.15	233.81	6.34	2	6	19	
7	165.15	233.81	171.07	242.22	10.28	1	19	
8	171.07	242.22	186.82	264.56	27.33	2	11	19	
9	186.82	264.56	197.00	279.00	17.67	1	11	

8	12	298.967	6
1	37.00	52.00	50.42	68.16	21.00	1	8	
2	50.42	68.16	180.39	224.67	203.45	0	
3	180.39	224.67	188.77	234.76	13.11	1	19	
4	188.77	234.76	196.96	244.62	12.81	2	11	19	
5	196.96	244.62	222.25	275.08	39.59	1	11	
6	222.25	275.08	228.00	282.00	9.00	2	11	12	

8	13	157.429	3
1	37.00	52.00	55.67	61.60	21.00	1	8	
2	55.67	61.60	149.43	109.82	105.43	0	
3	149.43	109.82	177.00	124.00	31.00	1	13	

8	14	237.609	7
1	37.00	52.00	38.50	72.95	21.00	0	
2	38.50	72.95	46.38	182.73	110.06	0	
3	46.38	182.73	48.22	208.38	25.72	1	5	
4	48.22	208.38	51.14	249.10	40.83	0	
5	51.14	249.10	51.82	258.60	9.52	1	14	
6	51.82	258.60	52.78	272.05	13.48	2	7	14	
7	52.78	272.05	54.00	289.00	17.00	1	14	

8	15	226.736	4
1	37.00	52.00	34.41	72.84	21.00	1	8	
2	34.41	72.84	14.85	230.00	158.37	0	
3	14.85	230.00	11.96	253.18	23.36	0	
4	11.96	253.18	9.00	277.00	24.00	2	7	15	

8	16	44.721	4
1	37.00	52.00	57.66	48.24	21.00	1	8	
2	57.66	48.24	62.31	47.40	4.72	0	
3	62.31	47.40	73.14	45.43	11.01	1	16	
4	73.14	45.43	81.00	44.00	7.99	2	1	16	

8	17	192.302	3
1	37.00	52.00	46.39	70.78	21.00	1	8	
2	46.39	70.78	106.45	190.91	134.30	0	
3	106.45	190.91	123.00	224.00	37.00	1	17	

8	18	285.911	5
1	37.00	52.00	55.14	62.58	21.00	1	8	
2	55.14	62.58	147.01	116.14	106.34	0	
3	147.01	116.14	198.62	146.22	59.73	1	13	
4	198.62	146.22	281.41	194.49	95.84	0	
5	281.41	194.49	284.00	196.00	3.00	1	18	

8	19	238.076	8
1	37.00	52.00	49.17	69.11	21.00	1	8	
2	49.17	69.11	134.28	188.76	146.83	0	
3	134.28	188.76	157.22	221.00	39.56	1	17	
4	157.22	221.00	159.99	224.90	4.78	2	6	17	
5	159.99	224.90	162.25	228.07	3.90	1	6	
6	162.25	228.07	165.57	232.75	5.73	2	6	19	
7	165.57	232.75	171.90	241.65	10.93	1	19	
8	171.90	241.65	175.00	246.00	5.34	2	11	19	

8	20	193.189	5
1	37.00	52.00	57.76	55.15	21.00	1	8	
2	57.76	55.15	66.70	56.51	9.04	0	
3	66.70	56.51	90.94	60.19	24.52	1	16	
4	90.94	60.19	186.48	74.70	96.63	0	
5	186.48	74.70	228.00	81.00	42.00	1	20	

9	0	86.839	2
1	100.00	79.00	102.30	82.27	4.00	1	9	
2	102.30	82.27	150.00	150.00	82.84	0	

9	1	36.715	4
1	100.00	79.00	98.04	75.51	4.00	1	9	
2	98.04	75.51	89.79	60.85	16.83	0	
3	89.79	60.85	86.41	54.84	6.89	1	16	
4	86.41	54.84	82.00	47.00	9.00	2	1	16	

9	2	112.712	3
1	100.00	79.00	96.45	80.85	4.00	1	9	
2	96.45	80.85	5.32	128.23	102.71	0	
3	5.32	128.23	0.00	131.00	6.00	1	2	

9	3	160.823	5
1	100.00	79.00	103.73	80.44	4.00	1	9	
2	103.73	80.44	156.42	100.82	56.49	0	
3	156.42	100.82	207.82	120.69	55.11	1	13	
4	207.82	120.69	233.21	130.51	27.22	0	
5	233.21	130.51	250.00	137.00	18.00	1	3	

9	4	254.207	5
1	100.00	79.00	102.97	81.67	4.00	1	9	
2	102.97	81.67	146.19	120.55	58.13	0	
3	146.19	120.55	183.68	154.27	50.43	1	13	
4	183.68	154.27	261.49	224.26	104.65	0	
5	261.49	224.26	289.00	249.00	37.00	1	4	

9	5	124.423	3
1	100.00	79.00	98.55	82.73	4.00	1	9	
2	98.55	82.73	60.43	181.02	105.42	0	
3	60.43	181.02	55.00	195.00	15.00	1	5	

9	6	161.400	4
1	100.00	79.00	101.41	82.74	4.00	1	9	
2	101.41	82.74	142.98	192.86	117.70	0	
3	142.98	192.86	153.82	221.58	30.70	1	17	
4	153.82	221.58	157.00	230.00	9.00	2	6	17	

9	7	207.234	6
1	100.00	79.00	98.36	82.65	4.00	1	9	
2	98.36	82.65	54.57	180.01	106.75	0	
3	54.57	180.01	43.50	204.63	27.00	1	5	
4	43.50	204.63	30.59	233.34	31.48	0	
5	30.59	233.34	20.44	255.90	24.74	1	7	
6	20.44	255.90	15.00	268.00	13.26	2	7	15	

9	8	68.542	3
1	100.00	79.00	96.32	77.42	4.00	1	9	
2	96.32	77.42	56.30	60.27	43.54	0	
3	56.30	60.27	37.00	52.00	21.00	1	8	

9	9	0	0

9	10	163.110	4
1	100.00	79.00	103.97	78.53	4.00	1	9	
2	103.97	78.53	187.84	68.70	84.44	0	
3	187.84	68.70	251.07	61.28	63.67	1	20	
4	251.07	61.28	262.00	60.00	11.00	2	10	20	

9	11	222.281	5
1	100.00	79.00	101.75	82.60	4.00	1	9	
2	101.75	82.60	170.55	224.46	157.66	0	
3	170.55	224.46	177.36	238.51	15.62	1	19	
4	177.36	238.51	189.16	262.84	27.04	2	11	19	
5	189.16	262.84	197.00	279.00	17.96	1	11	

9	12	239.985	4
1	100.00	79.00	102.13	82.38	4.00	1	9	
2	102.13	82.38	197.74	234.01	179.25	0	
3	197.74	234.01	223.20	274.39	47.74	1	11	
4	223.20	274.39	228.00	282.00	9.00	2	11	12	

9	13	89.185	3
1	100.00	79.00	103.45	81.02	4.00	1	9	
2	103.45	81.02	150.24	108.36	54.19	0	
3	150.24	108.36	177.00	124.00	31.00	1	13	

9	14	214.979	3
1	100.00	79.00	99.14	82.91	4.00	1	9	
2	99.14	82.91	62.56	249.93	170.98	0	
3	62.56	249.93	54.00	289.00	40.00	0	

9	15	217.911	6
1	100.00	79.00	98.33	82.63	4.00	1	9	
2	98.33	82.63	53.55	180.07	107.23	0	
3	53.55	180.07	42.72	203.62	25.92	1	5	
4	42.72	203.62	29.31	232.80	32.11	0	
5	29.31	232.80	19.02	255.19	24.65	1	7	
6	19.02	255.19	9.00	277.00	24.00	2	7	15	

9	16	39.825	4
1	100.00	79.00	98.09	75.48	4.00	1	9	
2	98.09	75.48	90.06	60.70	16.82	0	
3	90.06	60.70	86.77	54.63	6.90	1	16	
4	86.77	54.63	81.00	44.00	12.10	2	1	16	

9	17	146.813	3
1	100.00	79.00	100.63	82.95	4.00	1	9	
2	100.63	82.95	117.20	187.46	105.81	0	
3	117.20	187.46	123.00	224.00	37.00	1	17	

9	18	218.048	5
1	100.00	79.00	103.38	81.15	4.00	1	9	
2	103.38	81.15	149.20	110.28	54.30	0	
3	149.20	110.28	201.21	143.36	61.64	1	13	
4	201.21	143.36	281.47	194.39	95.11	0	
5	281.47	194.39	284.00	196.00	3.00	1	18	

9	19	183.068	4
1	100.00	79.00	101.64	82.65	4.00	1	9	
2	101.64	82.65	165.99	225.93	157.07	0	
3	165.99	225.93	172.79	241.07	16.60	1	19	
4	172.79	241.07	175.00	246.00	5.40	2	11	19	

9	20	128.016	3
1	100.00	79.00	104.00	79.06	4.00	1	9	
2	104.00	79.06	186.01	80.34	82.02	0	
3	186.01	80.34	228.00	81.00	42.00	1	20	

10	0	143.680	5
1	262.00	60.00	253.43	66.89	11.00	2	10	20	
2	253.43	66.89	203.12	107.31	64.53	1	20	
3	203.12	107.31	198.57	110.97	5.84	2	13	20	
4	198.57	110.97	155.08	145.92	55.80	1	13	
5	155.08	145.92	150.00	150.00	6.51	0	

10	1	180.469	5
1	262.00	60.00	251.03	59.21	11.00	2	10	20	
2	251.03	59.21	194.89	55.15	56.28	1	20	
3	194.89	55.15	99.52	48.27	95.63	0	
4	99.52	48.27	90.98	47.65	8.56	1	16	
5	90.98	47.65	82.00	47.00	9.00	2	1	16	

10	2	271.450	4
1	262.00	60.00	251.38	62.88	11.00	2	10	20	
2	251.38	62.88	186.00	80.59	67.74	1	20	
3	186.00	80.59	5.79	129.43	186.71	0	
4	5.79	129.43	0.00	131.00	6.00	1	2	

10	3	77.929	4
1	262.00	60.00	260.31	70.87	11.00	2	10	20	
2	260.31	70.87	253.53	114.35	44.01	1	20	
3	253.53	114.35	252.77	119.21	4.92	0	
4	252.77	119.21	250.00	137.00	18.00	1	3	

10	4	190.919	6
1	262.00	60.00	263.56	70.89	11.00	2	10	20	
2	263.56	70.89	267.17	96.17	25.53	1	20	
3	267.17	96.17	281.26	194.79	99.62	0	
4	281.26	194.79	281.70	197.93	3.17	1	18	
5	281.70	197.93	283.77	212.37	14.59	0	
6	283.77	212.37	289.00	249.00	37.00	1	4	

10	5	247.132	6
1	262.00	60.00	252.79	66.01	11.00	2	10	20	
2	252.79	66.01	198.34	101.52	65.00	1	20	
3	198.34	101.52	193.37	104.76	5.94	2	13	20	
4	193.37	104.76	147.82	134.47	54.38	1	13	
5	147.82	134.47	67.56	186.81	95.82	0	
6	67.56	186.81	55.00	195.00	15.00	1	5	

10	6	199.812	5
1	262.00	60.00	256.22	69.36	11.00	2	10	20	
2	256.22	69.36	223.25	122.73	62.73	1	20	
3	223.25	122.73	161.73	222.34	117.08	0	
4	161.73	222.34	159.98	225.17	3.33	1	6	
5	159.98	225.17	157.00	230.00	5.67	2	6	17	

10	7	322.913	9
1	262.00	60.00	253.59	67.09	11.00	2	10	20	
2	253.59	67.09	204.03	108.82	64.79	1	20	
3	204.03	108.82	199.95	112.26	5.34	2	13	20	
4	199.95	112.26	157.44	148.05	55.57	1	13	
5	157.44	148.05	106.69	190.79	66.35	0	
6	106.69	190.79	93.05	202.27	17.82	1	17	
7	93.05	202.27	44.07	243.52	64.04	0	
8	44.07	243.52	25.27	259.35	24.58	1	7	
9	25.27	259.35	15.00	268.00	13.42	2	7	15	

10	8	225.142	8
1	262.00	60.00	251.01	59.61	11.00	2	10	20	
2	251.01	59.61	193.15	57.55	57.89	1	20	
3	193.15	57.55	97.07	54.14	96.14	0	
4	97.07	54.14	87.89	53.81	9.19	1	16	
5	87.89	53.81	75.65	53.37	12.25	2	1	16	
6	75.65	53.37	64.25	52.97	11.40	1	16	
7	64.25	52.97	57.99	52.75	6.27	0	
8	57.99	52.75	37.00	52.00	21.00	1	8	

10	9	163.110	4
1	262.00	60.00	251.07	61.28	11.00	2	10	20	
2	251.07	61.28	187.84	68.70	63.67	1	20	
3	187.84	68.70	103.97	78.53	84.44	0	
4	103.97	78.53	100.00	79.00	4.00	1	9	

10	10	0	0

10	11	228.443	6
1	262.00	60.00	258.87	70.55	11.00	2	10	20	
2	258.87	70.55	244.28	119.72	51.29	1	20	
3	244.28	119.72	244.20	119.96	0.25	0	
4	244.20	119.96	235.85	148.12	29.38	1	3	
5	235.85	148.12	209.80	235.86	91.52	0	
6	209.80	235.86	197.00	279.00	45.00	1	11	

10	12	224.589	7
1	262.00	60.00	260.33	70.87	11.00	2	10	20	
2	260.33	70.87	253.70	114.22	43.85	1	20	
3	253.70	114.22	252.93	119.24	5.08	0	
4	252.93	119.24	247.48	154.82	36.00	1	3	
5	247.48	154.82	232.66	251.56	97.86	0	
6	232.66	251.56	229.36	273.10	21.80	1	11	
7	229.36	273.10	228.00	282.00	9.00	2	11	12	

10	13	106.400	4
1	262.00	60.00	253.21	66.62	11.00	2	10	20	
2	253.21	66.62	201.76	105.35	64.40	1	20	
3	201.76	105.35	196.79	109.10	6.23	2	13	20	
4	196.79	109.10	177.00	124.00	24.77	1	13	

10	14	309.362	8
1	262.00	60.00	254.60	68.14	11.00	2	10	20	
2	254.60	68.14	208.93	118.42	67.93	1	20	
3	208.93	118.42	207.71	119.77	1.82	0	
4	207.71	119.77	175.74	154.97	47.56	1	13	
5	175.74	154.97	141.92	192.20	50.29	0	
6	141.92	192.20	93.16	245.88	72.52	1	17	
7	93.16	245.88	80.89	259.39	18.25	0	
8	80.89	259.39	54.00	289.00	40.00	1	14	

10	15	333.314	11
1	262.00	60.00	253.65	67.16	11.00	2	10	20	
2	253.65	67.16	204.36	109.43	64.93	1	20	
3	204.36	109.43	200.50	112.75	5.09	2	13	20	
4	200.50	112.75	158.44	148.83	55.42	1	13	
5	158.44	148.83	111.97	188.68	61.22	0	
6	111.97	188.68	89.77	207.72	29.24	1	17	
7	89.77	207.72	45.66	245.55	58.12	0	
8	45.66	245.55	37.48	252.57	10.77	1	7	
9	37.48	252.57	27.22	261.38	13.53	2	7	14	
10	27.22	261.38	20.51	267.13	8.84	3	7	14	15	
11	20.51	267.13	9.00	277.00	15.16	2	7	15	

10	16	181.706	5
1	262.00	60.00	251.04	59.03	11.00	2	10	20	
2	251.04	59.03	195.71	54.14	55.55	1	20	
3	195.71	54.14	99.93	45.67	96.16	0	
4	99.93	45.67	90.74	44.86	9.22	1	16	
5	90.74	44.86	81.00	44.00	9.78	2	1	16	

10	17	214.981	6
1	262.00	60.00	254.89	68.39	11.00	2	10	20	
2	254.89	68.39	211.47	119.61	67.14	1	20	
3	211.47	119.61	208.00	123.71	5.38	0	
4	208.00	123.71	181.80	154.63	40.52	1	13	
5	181.80	154.63	146.92	195.77	53.94	0	
6	146.92	195.77	123.00	224.00	37.00	1	17	

10	18	137.768	4
1	262.00	60.00	263.76	70.86	11.00	2	10	20	
2	263.76	70.86	267.64	94.88	24.33	1	20	
3	267.64	94.88	283.52	193.04	99.44	0	
4	283.52	193.04	284.00	196.00	3.00	1	18	

10	19	205.341	5
1	262.00	60.00	257.34	69.96	11.00	2	10	20	
2	257.34	69.96	232.65	122.74	58.27	1	20	
3	232.65	122.74	184.32	226.07	114.08	0	
4	184.32	226.07	178.82	237.84	12.99	1	19	
5	178.82	237.84	175.00	246.00	9.01	2	11	19	

10	20	39.962	2
1	262.00	60.00	252.64	65.78	11.00	2	10	20	
2	252.64	65.78	228.00	81.00	28.96	1	20	

11	0	137.295	4
1	197.00	279.00	190.62	261.49	18.63	1	11	
2	190.62	261.49	181.60	236.72	26.37	1	19	
3	181.60	236.72	176.99	224.09	13.44	1	19	
4	176.99	224.09	150.00	150.00	78.85	0	

11	1	258.938	8
1	197.00	279.00	189.04	262.94	17.93	1	11	
2	189.04	262.94	177.01	238.68	27.07	2	11	19	
3	177.01	238.68	170.02	224.57	15.75	1	19	
4	170.02	224.57	99.84	83.00	158.01	0	
5	99.84	83.00	96.72	76.70	7.02	1	9	
6	96.72	76.70	89.05	61.21	17.29	0	
7	89.05	61.21	86.00	55.06	6.86	1	16	
8	86.00	55.06	82.00	47.00	9.00	2	1	16	

11	2	246.400	7
1	197.00	279.00	181.18	267.11	19.79	1	11	
2	181.18	267.11	161.02	251.97	25.21	2	11	19	
3	161.02	251.97	153.00	245.94	10.03	1	19	
4	153.00	245.94	152.86	245.84	0.17	0	
5	152.86	245.84	93.71	201.40	73.99	1	17	
6	93.71	201.40	4.80	134.60	111.20	0	
7	4.80	134.60	0.00	131.00	6.00	1	2	

11	3	151.568	3
1	197.00	279.00	212.74	236.84	45.00	0	
2	212.74	236.84	243.71	153.86	88.57	0	
3	243.71	153.86	250.00	137.00	18.00	1	3	

11	4	96.768	3
1	197.00	279.00	239.78	265.05	45.00	1	11	
2	239.78	265.05	253.82	260.47	14.77	0	
3	253.82	260.47	289.00	249.00	37.00	1	4	

11	5	164.985	7
1	197.00	279.00	178.05	267.79	22.02	1	11	
2	178.05	267.79	158.27	256.09	22.98	2	11	19	
3	158.27	256.09	154.44	253.82	4.45	1	19	
4	154.44	253.82	148.82	250.50	6.53	0	
5	148.82	250.50	87.34	214.13	71.43	1	17	
6	87.34	214.13	67.91	202.64	22.58	0	
7	67.91	202.64	55.00	195.00	15.00	1	5	

11	6	63.253	6
1	197.00	279.00	185.74	265.20	17.81	1	11	
2	185.74	265.20	168.54	244.14	27.19	2	11	19	
3	168.54	244.14	162.69	236.97	9.25	1	19	
4	162.69	236.97	159.02	232.47	5.81	2	6	19	
5	159.02	232.47	158.34	231.64	1.08	3	6	17	19	
6	158.34	231.64	157.00	230.00	2.11	2	6	17	

11	7	182.332	6
1	197.00	279.00	152.08	276.29	45.00	1	11	
2	152.08	276.29	90.47	272.56	61.73	0	
3	90.47	272.56	52.93	270.29	37.60	1	14	
4	52.93	270.29	31.63	269.01	21.34	2	7	14	
5	31.63	269.01	19.78	268.29	11.87	3	7	14	15	
6	19.78	268.29	15.00	268.00	4.79	2	7	15	

11	8	277.721	9
1	197.00	279.00	186.82	264.56	17.67	1	11	
2	186.82	264.56	171.07	242.22	27.33	2	11	19	
3	171.07	242.22	165.15	233.81	10.28	1	19	
4	165.15	233.81	161.50	228.63	6.34	2	6	19	
5	161.50	228.63	159.92	226.40	2.73	1	6	
6	159.92	226.40	156.15	221.04	6.55	2	6	17	
7	156.15	221.04	133.16	188.42	39.91	1	17	
8	133.16	188.42	49.10	69.16	145.90	0	
9	49.10	69.16	37.00	52.00	21.00	1	8	

11	9	222.281	5
1	197.00	279.00	189.16	262.84	17.96	1	11	
2	189.16	262.84	177.36	238.51	27.04	2	11	19	
3	177.36	238.51	170.55	224.46	15.62	1	19	
4	170.55	224.46	101.75	82.60	157.66	0	
5	101.75	82.60	100.00	79.00	4.00	1	9	

11	10	228.443	6
1	197.00	279.00	209.80	235.86	45.00	1	11	
2	209.80	235.86	235.85	148.12	91.52	0	
3	235.85	148.12	244.20	119.96	29.38	1	3	
4	244.20	119.96	244.28	119.72	0.25	0	
5	244.28	119.72	258.87	70.55	51.29	1	20	
6	258.87	70.55	262.00	60.00	11.00	2	10	20	

11	11	0	0

11	12	31.145	2
1	197.00	279.00	219.04	281.13	22.14	1	11	
2	219.04	281.13	228.00	282.00	9.00	2	11	12	

11	13	156.285	5
1	197.00	279.00	194.14	256.85	22.34	1	11	
2	194.14	256.85	191.24	234.37	22.66	2	11	19	
3	191.24	234.37	190.76	230.65	3.75	1	19	
4	190.76	230.65	180.97	154.75	76.54	0	
5	180.97	154.75	177.00	124.00	31.00	1	13	

11	14	143.349	3
1	197.00	279.00	152.11	282.14	45.00	1	11	
2	152.11	282.14	93.90	286.21	58.35	0	
3	93.90	286.21	54.00	289.00	40.00	1	14	

11	15	188.011	6
1	197.00	279.00	152.00	278.52	45.00	1	11	
2	152.00	278.52	92.43	277.89	59.58	0	
3	92.43	277.89	51.80	277.46	40.62	1	14	
4	51.80	277.46	33.00	277.26	18.81	2	7	14	
5	33.00	277.26	15.82	277.07	17.18	3	7	14	15	
6	15.82	277.07	9.00	277.00	6.82	2	7	15	

11	16	262.071	8
1	197.00	279.00	189.06	262.92	17.93	1	11	
2	189.06	262.92	177.08	238.65	27.07	2	11	19	
3	177.08	238.65	170.12	224.55	15.72	1	19	
4	170.12	224.55	100.25	82.99	157.86	0	
5	100.25	82.99	96.98	76.38	7.38	1	9	
6	96.98	76.38	89.41	61.04	17.11	0	
7	89.41	61.04	86.37	54.87	6.88	1	16	
8	86.37	54.87	81.00	44.00	12.12	2	1	16	

11	17	92.201	5
1	197.00	279.00	181.06	267.15	19.87	1	11	
2	181.06	267.15	160.88	252.16	25.13	2	11	19	
3	160.88	252.16	153.00	246.30	9.82	1	19	
4	153.00	246.30	152.70	246.07	0.38	0	
5	152.70	246.07	123.00	224.00	37.00	1	17	

11	18	120.241	3
1	197.00	279.00	229.56	247.94	45.00	1	11	
2	229.56	247.94	281.83	198.07	72.24	0	
3	281.83	198.07	284.00	196.00	3.00	1	18	

11	19	39.661	2
1	197.00	279.00	187.20	264.31	17.66	1	11	
2	187.20	264.31	175.00	246.00	22.00	2	11	19	

11	20	200.412	3
1	197.00	279.00	203.96	234.54	45.00	0	
2	203.96	234.54	221.50	122.49	113.41	0	
3	221.50	122.49	228.00	81.00	42.00	1	20	

12	0	153.323	3
1	228.00	282.00	223.42	274.25	9.00	2	11	12	
2	223.42	274.25	199.68	234.08	46.66	1	11	
3	199.68	234.08	150.00	150.00	97.66	0	

12	1	276.660	7
1	228.00	282.00	223.25	274.36	9.00	2	11	12	
2	223.25	274.36	198.19	234.02	47.49	1	11	
3	198.19	234.02	103.29	81.27	179.82	0	
4	103.29	81.27	99.42	75.04	7.33	1	9	
5	99.42	75.04	90.40	60.51	17.10	0	
6	90.40	60.51	86.75	54.64	6.91	1	16	
7	86.75	54.64	82.00	47.00	9.00	2	1	16	

12	2	273.468	10
1	228.00	282.00	220.50	277.03	9.00	2	11	12	
2	220.50	277.03	192.92	258.77	33.08	1	11	
3	192.92	258.77	169.59	243.31	27.98	2	11	19	
4	169.59	243.31	161.37	237.87	9.86	1	19	
5	161.37	237.87	158.10	235.71	3.92	2	6	19	
6	158.10	235.71	156.25	234.48	2.21	3	6	17	19	
7	156.25	234.48	148.05	229.05	9.84	2	6	17	
8	148.05	229.05	98.53	196.25	59.40	1	17	
9	98.53	196.25	5.00	134.31	112.17	0	
10	5.00	134.31	0.00	131.00	6.00	1	2	

12	3	146.659	4
1	228.00	282.00	229.35	273.10	9.00	2	11	12	
2	229.35	273.10	232.63	251.51	21.84	0	
3	232.63	251.51	247.30	154.80	97.82	0	
4	247.30	154.80	250.00	137.00	18.00	1	3	

12	4	69.354	4
1	228.00	282.00	235.92	277.72	9.00	2	11	12	
2	235.92	277.72	241.78	274.55	6.67	1	11	
3	241.78	274.55	256.46	266.61	16.69	0	
4	256.46	266.61	289.00	249.00	37.00	1	4	

12	5	193.644	8
1	228.00	282.00	219.96	277.96	9.00	2	11	12	
2	219.96	277.96	189.43	262.60	34.17	1	11	
3	189.43	262.60	163.13	249.38	29.44	2	11	19	
4	163.13	249.38	153.71	244.64	10.54	1	19	
5	153.71	244.64	153.06	244.32	0.72	2	17	19	
6	153.06	244.32	88.12	211.66	72.69	1	17	
7	88.12	211.66	68.40	201.74	22.07	0	
8	68.40	201.74	55.00	195.00	15.00	1	5	

12	6	88.006	7
1	228.00	282.00	220.74	276.68	9.00	2	11	12	
2	220.74	276.68	194.00	257.10	33.15	1	11	
3	194.00	257.10	172.43	241.30	26.73	2	11	19	
4	172.43	241.30	164.26	235.32	10.12	1	19	
5	164.26	235.32	159.21	231.62	6.26	2	6	19	
6	159.21	231.62	158.69	231.24	0.64	3	6	17	19	
7	158.69	231.24	157.00	230.00	2.09	2	6	17	

12	7	213.460	7
1	228.00	282.00	219.02	281.41	9.00	2	11	12	
2	219.02	281.41	152.04	277.01	67.12	1	11	
3	152.04	277.01	90.65	272.97	61.53	0	
4	90.65	272.97	52.92	270.49	37.81	1	14	
5	52.92	270.49	31.66	269.10	21.30	2	7	14	
6	31.66	269.10	19.76	268.31	11.92	3	7	14	15	
7	19.76	268.31	15.00	268.00	4.77	2	7	15	

12	8	298.967	6
1	228.00	282.00	222.25	275.08	9.00	2	11	12	
2	222.25	275.08	196.96	244.62	39.59	1	11	
3	196.96	244.62	188.77	234.76	12.81	2	11	19	
4	188.77	234.76	180.39	224.67	13.11	1	19	
5	180.39	224.67	50.42	68.16	203.45	0	
6	50.42	68.16	37.00	52.00	21.00	1	8	

12	9	239.985	4
1	228.00	282.00	223.20	274.39	9.00	2	11	12	
2	223.20	274.39	197.74	234.01	47.74	1	11	
3	197.74	234.01	102.13	82.38	179.25	0	
4	102.13	82.38	100.00	79.00	4.00	1	9	

12	10	224.589	7
1	228.00	282.00	229.36	273.10	9.00	2	11	12	
2	229.36	273.10	232.66	251.56	21.80	1	11	
3	232.66	251.56	247.48	154.82	97.86	0	
4	247.48	154.82	252.93	119.24	36.00	1	3	
5	252.93	119.24	253.70	114.22	5.08	0	
6	253.70	114.22	260.33	70.87	43.85	1	20	
7	260.33	70.87	262.00	60.00	11.00	2	10	20	

12	11	31.145	2
1	228.00	282.00	219.04	281.13	9.00	2	11	12	
2	219.04	281.13	197.00	279.00	22.14	1	11	

12	12	0	0

12	13	166.027	4
1	228.00	282.00	225.24	273.44	9.00	2	11	12	
2	225.24	273.44	213.52	237.14	38.14	1	11	
3	213.52	237.14	186.52	153.50	87.89	0	
4	186.52	153.50	177.00	124.00	31.00	1	13	

12	14	174.141	4
1	228.00	282.00	219.01	282.36	9.00	2	11	12	
2	219.01	282.36	152.41	285.04	66.65	1	11	
3	152.41	285.04	93.97	287.39	58.49	0	
4	93.97	287.39	54.00	289.00	40.00	1	14	

12	15	219.057	7
1	228.00	282.00	219.00	281.79	9.00	2	11	12	
2	219.00	281.79	152.02	280.27	67.00	1	11	
3	152.02	280.27	92.71	278.91	59.33	0	
4	92.71	278.91	51.67	277.97	41.05	1	14	
5	51.67	277.97	32.99	277.55	18.68	2	7	14	
6	32.99	277.55	15.79	277.16	17.20	3	7	14	15	
7	15.79	277.16	9.00	277.00	6.80	2	7	15	

12	16	279.737	7
1	228.00	282.00	223.27	274.34	9.00	2	11	12	
2	223.27	274.34	198.37	234.02	47.39	1	11	
3	198.37	234.02	103.64	80.66	180.26	0	
4	103.64	80.66	100.15	75.00	6.65	1	9	
5	100.15	75.00	90.98	60.17	17.44	0	
6	90.98	60.17	87.33	54.25	6.95	1	16	
7	87.33	54.25	81.00	44.00	12.05	2	1	16	

12	17	119.954	6
1	228.00	282.00	220.12	277.65	9.00	2	11	12	
2	220.12	277.65	190.71	261.40	33.60	1	11	
3	190.71	261.40	165.10	247.26	29.25	2	11	19	
4	165.10	247.26	155.39	241.89	11.10	1	19	
5	155.39	241.89	153.60	240.90	2.04	2	17	19	
6	153.60	240.90	123.00	224.00	34.96	1	17	

12	18	102.626	6
1	228.00	282.00	232.91	274.46	9.00	2	11	12	
2	232.91	274.46	239.53	264.29	12.13	1	11	
3	239.53	264.29	252.24	244.77	23.30	0	
4	252.24	244.77	270.26	217.09	33.03	1	4	
5	270.26	217.09	282.36	198.51	22.17	0	
6	282.36	198.51	284.00	196.00	3.00	1	18	

12	19	64.070	3
1	228.00	282.00	220.56	276.94	9.00	2	11	12	
2	220.56	276.94	193.20	258.36	33.07	1	11	
3	193.20	258.36	175.00	246.00	22.00	2	11	19	

12	20	201.000	4
1	228.00	282.00	228.00	273.00	9.00	2	11	12	
2	228.00	273.00	228.00	246.38	26.62	1	11	
3	228.00	246.38	228.00	123.00	123.38	0	
4	228.00	123.00	228.00	81.00	42.00	1	20	

13	0	37.483	2
1	177.00	124.00	154.67	145.50	31.00	1	13	
2	154.67	145.50	150.00	150.00	6.48	0	

13	1	122.287	4
1	177.00	124.00	152.92	104.48	31.00	1	13	
2	152.92	104.48	94.63	57.24	75.03	0	
3	94.63	57.24	88.99	52.67	7.26	1	16	
4	88.99	52.67	82.00	47.00	9.00	2	1	16	

13	2	177.138	3
1	177.00	124.00	146.02	125.22	31.00	1	13	
2	146.02	125.22	6.00	130.76	140.14	0	
3	6.00	130.76	0.00	131.00	6.00	1	2	

13	3	74.148	3
1	177.00	124.00	207.52	129.44	31.00	1	13	
2	207.52	129.44	232.28	133.84	25.15	0	
3	232.28	133.84	250.00	137.00	18.00	1	3	

13	4	167.836	3
1	177.00	124.00	197.69	147.09	31.00	1	13	
2	197.69	147.09	264.31	221.44	99.84	0	
3	264.31	221.44	289.00	249.00	37.00	1	4	

13	5	141.156	3
1	177.00	124.00	150.21	139.59	31.00	1	13	
2	150.21	139.59	67.96	187.46	95.16	0	
3	67.96	187.46	55.00	195.00	15.00	1	5	

13	6	107.870	4
1	177.00	124.00	171.25	154.46	31.00	1	13	
2	171.25	154.46	159.39	217.32	63.97	0	
3	159.39	217.32	158.67	221.16	3.90	1	17	
4	158.67	221.16	157.00	230.00	9.00	2	6	17	

13	7	216.749	4
1	177.00	124.00	153.83	144.60	31.00	1	13	
2	153.83	144.60	43.40	242.75	147.75	0	
3	43.40	242.75	25.00	259.11	24.62	1	7	
4	25.00	259.11	15.00	268.00	13.38	2	7	15	

13	8	157.429	3
1	177.00	124.00	149.43	109.82	31.00	1	13	
2	149.43	109.82	55.67	61.60	105.43	0	
3	55.67	61.60	37.00	52.00	21.00	1	8	

13	9	89.185	3
1	177.00	124.00	150.24	108.36	31.00	1	13	
2	150.24	108.36	103.45	81.02	54.19	0	
3	103.45	81.02	100.00	79.00	4.00	1	9	

13	10	106.400	4
1	177.00	124.00	196.79	109.10	24.77	1	13	
2	196.79	109.10	201.76	105.35	6.23	2	13	20	
3	201.76	105.35	253.21	66.62	64.40	1	20	
4	253.21	66.62	262.00	60.00	11.00	2	10	20	

13	11	156.285	5
1	177.00	124.00	180.97	154.75	31.00	1	13	
2	180.97	154.75	190.76	230.65	76.54	0	
3	190.76	230.65	191.24	234.37	3.75	1	19	
4	191.24	234.37	194.14	256.85	22.66	2	11	19	
5	194.14	256.85	197.00	279.00	22.34	1	11	

13	12	166.027	4
1	177.00	124.00	186.52	153.50	31.00	1	13	
2	186.52	153.50	213.52	237.14	87.89	0	
3	213.52	237.14	225.24	273.44	38.14	1	11	
4	225.24	273.44	228.00	282.00	9.00	2	11	12	

13	13	0	0

13	14	205.801	5
1	177.00	124.00	158.47	148.85	31.00	1	13	
2	158.47	148.85	129.59	187.59	48.32	0	
3	129.59	187.59	89.99	240.72	66.26	1	17	
4	89.99	240.72	77.91	256.93	20.22	0	
5	77.91	256.93	54.00	289.00	40.00	1	14	

13	15	227.229	6
1	177.00	124.00	154.08	144.87	31.00	1	13	
2	154.08	144.87	44.79	244.41	147.82	0	
3	44.79	244.41	33.61	254.59	15.12	1	7	
4	33.61	254.59	26.74	260.84	9.29	2	7	14	
5	26.74	260.84	21.64	265.49	6.91	3	7	14	15	
6	21.64	265.49	9.00	277.00	17.09	2	7	15	

13	16	124.964	4
1	177.00	124.00	153.19	104.15	31.00	1	13	
2	153.19	104.15	95.60	56.16	74.96	0	
3	95.60	56.16	89.86	51.38	7.47	1	16	
4	89.86	51.38	81.00	44.00	11.53	2	1	16	

13	17	113.649	3
1	177.00	124.00	162.27	151.28	31.00	1	13	
2	162.27	151.28	140.58	191.44	45.65	0	
3	140.58	191.44	123.00	224.00	37.00	1	17	

13	18	128.969	3
1	177.00	124.00	202.72	141.31	31.00	1	13	
2	202.72	141.31	281.51	194.33	94.97	0	
3	281.51	194.33	284.00	196.00	3.00	1	18	

13	19	122.016	4
1	177.00	124.00	176.49	154.99	31.00	1	13	
2	176.49	154.99	175.36	224.00	69.02	0	
3	175.36	224.00	175.10	239.69	15.69	1	19	
4	175.10	239.69	175.00	246.00	6.31	2	11	19	

13	20	66.708	3
1	177.00	124.00	195.89	108.07	24.71	1	13	
2	195.89	108.07	200.70	104.02	6.29	2	13	20	
3	200.70	104.02	228.00	81.00	35.71	1	20	

14	0	168.929	4
1	54.00	289.00	76.73	256.09	40.00	1	14	
2	76.73	256.09	88.93	238.43	21.46	0	
3	88.93	238.43	124.43	187.03	62.47	1	17	
4	124.43	187.03	150.00	150.00	45.00	0	

14	1	243.614	6
1	54.00	289.00	58.60	249.27	40.00	1	14	
2	58.60	249.27	63.44	207.40	42.15	0	
3	63.44	207.40	66.05	184.86	22.69	1	5	
4	66.05	184.86	80.15	62.98	122.69	0	
5	80.15	62.98	80.97	55.94	7.09	1	16	
6	80.97	55.94	82.00	47.00	9.00	2	1	16	

14	2	166.973	5
1	54.00	289.00	50.99	280.19	9.31	1	14	
2	50.99	280.19	41.06	251.15	30.69	2	7	14	
3	41.06	251.15	36.00	236.33	15.66	1	7	
4	36.00	236.33	1.94	136.68	105.31	0	
5	1.94	136.68	0.00	131.00	6.00	1	2	

14	3	248.032	5
1	54.00	289.00	85.61	264.49	40.00	1	14	
2	85.61	264.49	100.22	253.16	18.49	0	
3	100.22	253.16	156.91	209.19	71.74	1	17	
4	156.91	209.19	235.78	148.03	99.80	0	
5	235.78	148.03	250.00	137.00	18.00	1	3	

14	4	238.380	5
1	54.00	289.00	93.43	282.29	40.00	1	14	
2	93.43	282.29	152.51	272.23	59.93	0	
3	152.51	272.23	236.74	257.89	85.44	1	11	
4	236.74	257.89	252.52	255.21	16.01	0	
5	252.52	255.21	289.00	249.00	37.00	1	4	

14	5	94.005	3
1	54.00	289.00	54.43	249.00	40.00	1	14	
2	54.43	249.00	54.84	210.00	39.00	0	
3	54.84	210.00	55.00	195.00	15.00	0	

14	6	118.701	4
1	54.00	289.00	88.71	269.12	40.00	1	14	
2	88.71	269.12	108.24	257.93	22.51	0	
3	108.24	257.93	149.19	234.47	47.19	1	17	
4	149.19	234.47	157.00	230.00	9.00	2	6	17	

14	7	44.294	4
1	54.00	289.00	48.46	286.02	6.29	1	14	
2	48.46	286.02	32.99	277.69	17.57	2	7	14	
3	32.99	277.69	18.78	270.04	16.14	3	7	14	15	
4	18.78	270.04	15.00	268.00	4.29	2	7	15	

14	8	237.609	7
1	54.00	289.00	52.78	272.05	17.00	1	14	
2	52.78	272.05	51.82	258.60	13.48	2	7	14	
3	51.82	258.60	51.14	249.10	9.52	1	14	
4	51.14	249.10	48.22	208.38	40.83	0	
5	48.22	208.38	46.38	182.73	25.72	1	5	
6	46.38	182.73	38.50	72.95	110.06	0	
7	38.50	72.95	37.00	52.00	21.00	0	

14	9	214.979	3
1	54.00	289.00	62.56	249.93	40.00	0	
2	62.56	249.93	99.14	82.91	170.98	0	
3	99.14	82.91	100.00	79.00	4.00	1	9	

14	10	309.362	8
1	54.00	289.00	80.89	259.39	40.00	1	14	
2	80.89	259.39	93.16	245.88	18.25	0	
3	93.16	245.88	141.92	192.20	72.52	1	17	
4	141.92	192.20	175.74	154.97	50.29	0	
5	175.74	154.97	207.71	119.77	47.56	1	13	
6	207.71	119.77	208.93	118.42	1.82	0	
7	208.93	118.42	254.60	68.14	67.93	1	20	
8	254.60	68.14	262.00	60.00	11.00	2	10	20	

14	11	143.349	3
1	54.00	289.00	93.90	286.21	40.00	1	14	
2	93.90	286.21	152.11	282.14	58.35	0	
3	152.11	282.14	197.00	279.00	45.00	1	11	

14	12	174.141	4
1	54.00	289.00	93.97	287.39	40.00	1	14	
2	93.97	287.39	152.41	285.04	58.49	0	
3	152.41	285.04	219.01	282.36	66.65	1	11	
4	219.01	282.36	228.00	282.00	9.00	2	11	12	

14	13	205.801	5
1	54.00	289.00	77.91	256.93	40.00	1	14	
2	77.91	256.93	89.99	240.72	20.22	0	
3	89.99	240.72	129.59	187.59	66.26	1	17	
4	129.59	187.59	158.47	148.85	48.32	0	
5	158.47	148.85	177.00	124.00	31.00	1	13	

14	14	0	0

14	15	46.573	4
1	54.00	289.00	47.72	287.33	6.50	1	14	
2	47.72	287.33	32.19	283.18	16.07	2	7	14	
3	32.19	283.18	15.35	278.69	17.43	3	7	14	15	
4	15.35	278.69	9.00	277.00	6.57	2	7	15	

14	16	246.483	6
1	54.00	289.00	58.38	249.24	40.00	1	14	
2	58.38	249.24	62.96	207.72	41.78	0	
3	62.96	207.72	65.54	184.32	23.53	1	5	
4	65.54	184.32	78.92	62.89	122.17	0	
5	78.92	62.89	79.71	55.70	7.23	1	16	
6	79.71	55.70	81.00	44.00	11.77	2	1	16	

14	17	94.795	3
1	54.00	289.00	83.12	261.57	40.00	1	14	
2	83.12	261.57	96.07	249.37	17.79	0	
3	96.07	249.37	123.00	224.00	37.00	1	17	

14	18	248.091	9
1	54.00	289.00	91.08	274.01	40.00	1	14	
2	91.08	274.01	123.25	261.00	34.70	0	
3	123.25	261.00	148.54	250.77	27.28	1	17	
4	148.54	250.77	153.19	248.89	5.02	0	
5	153.19	248.89	173.23	240.79	21.62	1	19	
6	173.23	240.79	187.53	235.01	15.42	2	11	19	
7	187.53	235.01	192.69	232.92	5.57	1	19	
8	192.69	232.92	281.22	197.12	95.49	0	
9	281.22	197.12	284.00	196.00	3.00	1	18	

14	19	128.413	4
1	54.00	289.00	91.69	275.61	40.00	1	14	
2	91.69	275.61	154.27	253.37	66.41	0	
3	154.27	253.37	162.11	250.58	8.32	1	19	
4	162.11	250.58	175.00	246.00	13.68	2	11	19	

14	20	271.183	7
1	54.00	289.00	79.67	258.32	40.00	1	14	
2	79.67	258.32	91.77	243.85	18.87	0	
3	91.77	243.85	137.02	189.76	70.52	1	17	
4	137.02	189.76	167.38	153.47	47.31	0	
5	167.38	153.47	201.05	113.21	52.48	1	13	
6	201.05	113.21	204.31	109.32	5.07	2	13	20	
7	204.31	109.32	228.00	81.00	36.93	1	20	

15	0	189.763	7
1	9.00	277.00	21.38	265.85	16.66	2	7	15	
2	21.38	265.85	26.83	260.94	7.34	3	7	14	15	
3	26.83	260.94	34.37	254.15	10.15	2	7	14	
4	34.37	254.15	44.95	244.62	14.24	1	7	
5	44.95	244.62	96.43	198.25	69.27	0	
6	96.43	198.25	100.16	194.89	5.03	1	17	
7	100.16	194.89	150.00	150.00	67.07	0	

15	1	241.307	5
1	9.00	277.00	16.26	254.12	24.00	2	7	15	
2	16.26	254.12	23.60	230.99	24.28	1	7	
3	23.60	230.99	77.05	62.59	176.68	0	
4	77.05	62.59	79.28	55.58	7.35	1	16	
5	79.28	55.58	82.00	47.00	9.00	2	1	16	

15	2	146.277	4
1	9.00	277.00	7.52	253.05	24.00	2	7	15	
2	7.52	253.05	6.17	231.04	22.05	1	7	
3	6.17	231.04	0.37	136.99	94.23	0	
4	0.37	136.99	0.00	131.00	6.00	1	2	

15	3	278.713	8
1	9.00	277.00	17.86	271.85	10.25	2	7	15	
2	17.86	271.85	29.75	264.94	13.75	3	7	14	15	
3	29.75	264.94	49.99	253.19	23.41	2	7	14	
4	49.99	253.19	57.01	249.11	8.11	1	14	
5	57.01	249.11	86.83	231.79	34.49	0	
6	86.83	231.79	147.68	196.44	70.38	1	17	
7	147.68	196.44	234.44	146.04	100.33	0	
8	234.44	146.04	250.00	137.00	18.00	1	3	

15	4	281.397	10
1	9.00	277.00	16.07	276.29	7.11	2	7	15	
2	16.07	276.29	32.88	274.61	16.89	3	7	14	15	
3	32.88	274.61	52.72	272.63	19.94	2	7	14	
4	52.72	272.63	88.66	269.03	36.12	1	14	
5	88.66	269.03	155.18	262.38	66.85	0	
6	155.18	262.38	159.81	261.92	4.66	1	11	
7	159.81	261.92	193.04	258.60	33.39	2	11	19	
8	193.04	258.60	234.70	254.43	41.87	1	11	
9	234.70	254.43	252.18	252.68	17.57	0	
10	252.18	252.68	289.00	249.00	37.00	1	4	

15	5	94.021	4
1	9.00	277.00	20.74	256.07	24.00	2	7	15	
2	20.74	256.07	32.86	234.46	24.78	1	7	
3	32.86	234.46	47.66	208.08	30.25	0	
4	47.66	208.08	55.00	195.00	15.00	1	5	

15	6	155.284	7
1	9.00	277.00	16.70	274.56	8.08	2	7	15	
2	16.70	274.56	31.87	269.74	15.92	3	7	14	15	
3	31.87	269.74	52.69	263.13	21.84	2	7	14	
4	52.69	263.13	76.13	255.68	24.60	1	14	
5	76.13	255.68	96.05	249.35	20.90	0	
6	96.05	249.35	148.42	232.72	54.95	1	17	
7	148.42	232.72	157.00	230.00	9.00	2	6	17	

15	7	10.817	1
1	9.00	277.00	15.00	268.00	10.82	2	7	15	

15	8	226.736	4
1	9.00	277.00	11.96	253.18	24.00	2	7	15	
2	11.96	253.18	14.85	230.00	23.36	0	
3	14.85	230.00	34.41	72.84	158.37	0	
4	34.41	72.84	37.00	52.00	21.00	1	8	

15	9	217.911	6
1	9.00	277.00	19.02	255.19	24.00	2	7	15	
2	19.02	255.19	29.31	232.80	24.65	1	7	
3	29.31	232.80	42.72	203.62	32.11	0	
4	42.72	203.62	53.55	180.07	25.92	1	5	
5	53.55	180.07	98.33	82.63	107.23	0	
6	98.33	82.63	100.00	79.00	4.00	1	9	

15	10	333.314	11
1	9.00	277.00	20.51	267.13	15.16	2	7	15	
2	20.51	267.13	27.22	261.38	8.84	3	7	14	15	
3	27.22	261.38	37.48	252.57	13.53	2	7	14	
4	37.48	252.57	45.66	245.55	10.77	1	7	
5	45.66	245.55	89.77	207.72	58.12	0	
6	89.77	207.72	111.97	188.68	29.24	1	17	
7	111.97	188.68	158.44	148.83	61.22	0	
8	158.44	148.83	200.50	112.75	55.42	1	13	
9	200.50	112.75	204.36	109.43	5.09	2	13	20	
10	204.36	109.43	253.65	67.16	64.93	1	20	
11	253.65	67.16	262.00	60.00	11.00	2	10	20	

15	11	188.011	6
1	9.00	277.00	15.82	277.07	6.82	2	7	15	
2	15.82	277.07	33.00	277.26	17.18	3	7	14	15	
3	33.00	277.26	51.80	277.46	18.81	2	7	14	
4	51.80	277.46	92.43	277.89	40.62	1	14	
5	92.43	277.89	152.00	278.52	59.58	0	
6	152.00	278.52	197.00	279.00	45.00	1	11	

15	12	219.057	7
1	9.00	277.00	15.79	277.16	6.80	2	7	15	
2	15.79	277.16	32.99	277.55	17.20	3	7	14	15	
3	32.99	277.55	51.67	277.97	18.68	2	7	14	
4	51.67	277.97	92.71	278.91	41.05	1	14	
5	92.71	278.91	152.02	280.27	59.33	0	
6	152.02	280.27	219.00	281.79	67.00	1	11	
7	219.00	281.79	228.00	282.00	9.00	2	11	12	

15	13	227.229	6
1	9.00	277.00	21.64	265.49	17.09	2	7	15	
2	21.64	265.49	26.74	260.84	6.91	3	7	14	15	
3	26.74	260.84	33.61	254.59	9.29	2	7	14	
4	33.61	254.59	44.79	244.41	15.12	1	7	
5	44.79	244.41	154.08	144.87	147.82	0	
6	154.08	144.87	177.00	124.00	31.00	1	13	

15	14	46.573	4
1	9.00	277.00	15.35	278.69	6.57	2	7	15	
2	15.35	278.69	32.19	283.18	17.43	3	7	14	15	
3	32.19	283.18	47.72	287.33	16.07	2	7	14	
4	47.72	287.33	54.00	289.00	6.50	1	14	

15	15	0	0

15	16	243.871	5
1	9.00	277.00	16.09	254.07	24.00	2	7	15	
2	16.09	254.07	23.24	230.91	24.25	1	7	
3	23.24	230.91	75.39	62.15	176.63	0	
4	75.39	62.15	77.64	54.87	7.62	1	16	
5	77.64	54.87	81.00	44.00	11.38	2	1	16	

15	17	125.718	6
1	9.00	277.00	17.27	273.15	9.12	2	7	15	
2	17.27	273.15	30.76	266.88	14.88	3	7	14	15	
3	30.76	266.88	51.45	257.26	22.82	2	7	14	
4	51.45	257.26	65.56	250.71	15.56	1	14	
5	65.56	250.71	89.45	239.60	26.35	0	
6	89.45	239.60	123.00	224.00	37.00	1	17	

15	18	286.681	12
1	9.00	277.00	16.62	274.75	7.95	2	7	15	
2	16.62	274.75	32.02	270.22	16.05	3	7	14	15	
3	32.02	270.22	52.80	264.10	21.66	2	7	14	
4	52.80	264.10	77.69	256.77	25.95	1	14	
5	77.69	256.77	97.60	250.90	20.76	0	
6	97.60	250.90	149.88	235.50	54.50	1	17	
7	149.88	235.50	156.95	233.42	7.37	2	6	17	
8	156.95	233.42	158.93	232.84	2.06	3	6	17	19	
9	158.93	232.84	165.97	230.77	7.34	2	6	19	
10	165.97	230.77	183.35	225.65	18.12	1	19	
11	183.35	225.65	281.12	196.85	101.93	0	
12	281.12	196.85	284.00	196.00	3.00	1	18	

15	19	168.870	9
1	9.00	277.00	16.30	275.64	7.42	2	7	15	
2	16.30	275.64	32.59	272.59	16.58	3	7	14	15	
3	32.59	272.59	52.99	268.78	20.75	2	7	14	
4	52.99	268.78	84.34	262.93	31.89	1	14	
5	84.34	262.93	109.13	258.30	25.22	0	
6	109.13	258.30	148.32	250.98	39.87	1	17	
7	148.32	250.98	153.37	250.04	5.15	0	
8	153.37	250.04	164.40	247.98	11.22	1	19	
9	164.40	247.98	175.00	246.00	10.78	2	11	19	

15	20	293.900	10
1	9.00	277.00	21.25	266.04	16.43	2	7	15	
2	21.25	266.04	26.88	260.99	7.57	3	7	14	15	
3	26.88	260.99	34.80	253.91	10.62	2	7	14	
4	34.80	253.91	45.05	244.74	13.75	1	7	
5	45.05	244.74	94.27	200.69	66.06	0	
6	94.27	200.69	103.00	192.87	11.72	1	17	
7	103.00	192.87	155.26	146.10	70.13	0	
8	155.26	146.10	196.70	109.01	55.62	1	13	
9	196.70	109.01	201.37	104.84	6.26	2	13	20	
10	201.37	104.84	228.00	81.00	35.74	1	20	

16	0	126.479	5
1	81.00	44.00	87.56	54.08	12.02	2	1	16	
2	87.56	54.08	91.37	59.92	6.98	1	16	
3	91.37	59.92	101.33	75.23	18.26	0	
4	101.33	75.23	103.99	79.31	4.88	1	9	
5	103.99	79.31	150.00	150.00	84.34	0	

16	1	3.162	1
1	81.00	44.00	82.00	47.00	3.16	2	1	16	

16	2	118.870	4
1	81.00	44.00	74.13	51.37	10.08	2	1	16	
2	74.13	51.37	68.05	57.91	8.92	1	16	
3	68.05	57.91	4.09	126.61	93.87	0	
4	4.09	126.61	0.00	131.00	6.00	1	2	

16	3	192.899	8
1	81.00	44.00	90.69	49.33	11.06	2	1	16	
2	90.69	49.33	97.65	53.16	7.94	1	16	
3	97.65	53.16	171.08	93.57	83.82	0	
4	171.08	93.57	194.66	106.55	26.92	1	13	
5	194.66	106.55	205.87	112.72	12.79	2	13	20	
6	205.87	112.72	224.26	122.83	20.98	1	20	
7	224.26	122.83	234.23	128.32	11.39	0	
8	234.23	128.32	250.00	137.00	18.00	1	3	

16	4	292.043	6
1	81.00	44.00	89.34	52.22	11.70	2	1	16	
2	89.34	52.22	94.53	57.34	7.30	1	16	
3	94.53	57.34	148.90	110.92	76.33	0	
4	148.90	110.92	190.49	151.91	58.40	1	13	
5	190.49	151.91	262.65	223.03	101.31	0	
6	262.65	223.03	289.00	249.00	37.00	1	4	

16	5	153.222	4
1	81.00	44.00	79.02	55.49	11.66	2	1	16	
2	79.02	55.49	77.78	62.72	7.34	1	16	
3	77.78	62.72	57.55	180.22	119.22	0	
4	57.55	180.22	55.00	195.00	15.00	1	5	

16	6	200.928	5
1	81.00	44.00	85.60	55.25	12.15	2	1	16	
2	85.60	55.25	88.19	61.59	6.85	1	16	
3	88.19	61.59	141.44	191.92	140.80	0	
4	141.44	191.92	153.60	221.67	32.13	1	17	
5	153.60	221.67	157.00	230.00	9.00	2	6	17	

16	7	233.521	5
1	81.00	44.00	77.77	54.95	11.41	2	1	16	
2	77.77	54.95	75.63	62.23	7.59	1	16	
3	75.63	62.23	25.74	231.55	176.52	0	
4	25.74	231.55	18.80	255.09	24.54	1	7	
5	18.80	255.09	15.00	268.00	13.46	2	7	15	

16	8	44.721	4
1	81.00	44.00	73.14	45.43	7.99	2	1	16	
2	73.14	45.43	62.31	47.40	11.01	1	16	
3	62.31	47.40	57.66	48.24	4.72	0	
4	57.66	48.24	37.00	52.00	21.00	1	8	

16	9	39.825	4
1	81.00	44.00	86.77	54.63	12.10	2	1	16	
2	86.77	54.63	90.06	60.70	6.90	1	16	
3	90.06	60.70	98.09	75.48	16.82	0	
4	98.09	75.48	100.00	79.00	4.00	1	9	

16	10	181.706	5
1	81.00	44.00	90.74	44.86	9.78	2	1	16	
2	90.74	44.86	99.93	45.67	9.22	1	16	
3	99.93	45.67	195.71	54.14	96.16	0	
4	195.71	54.14	251.04	59.03	55.55	1	20	
5	251.04	59.03	262.00	60.00	11.00	2	10	20	

16	11	262.071	8
1	81.00	44.00	86.37	54.87	12.12	2	1	16	
2	86.37	54.87	89.41	61.04	6.88	1	16	
3	89.41	61.04	96.98	76.38	17.11	0	
4	96.98	76.38	100.25	82.99	7.38	1	9	
5	100.25	82.99	170.12	224.55	157.86	0	
6	170.12	224.55	177.08	238.65	15.72	1	19	
7	177.08	238.65	189.06	262.92	27.07	2	11	19	
8	189.06	262.92	197.00	279.00	17.93	1	11	

16	12	279.737	7
1	81.00	44.00	87.33	54.25	12.05	2	1	16	
2	87.33	54.25	90.98	60.17	6.95	1	16	
3	90.98	60.17	100.15	75.00	17.44	0	
4	100.15	75.00	103.64	80.66	6.65	1	9	
5	103.64	80.66	198.37	234.02	180.26	0	
6	198.37	234.02	223.27	274.34	47.39	1	11	
7	223.27	274.34	228.00	282.00	9.00	2	11	12	

16	13	124.964	4
1	81.00	44.00	89.86	51.38	11.53	2	1	16	
2	89.86	51.38	95.60	56.16	7.47	1	16	
3	95.60	56.16	153.19	104.15	74.96	0	
4	153.19	104.15	177.00	124.00	31.00	1	13	

16	14	246.483	6
1	81.00	44.00	79.71	55.70	11.77	2	1	16	
2	79.71	55.70	78.92	62.89	7.23	1	16	
3	78.92	62.89	65.54	184.32	122.17	0	
4	65.54	184.32	62.96	207.72	23.53	1	5	
5	62.96	207.72	58.38	249.24	41.78	0	
6	58.38	249.24	54.00	289.00	40.00	1	14	

16	15	243.871	5
1	81.00	44.00	77.64	54.87	11.38	2	1	16	
2	77.64	54.87	75.39	62.15	7.62	1	16	
3	75.39	62.15	23.24	230.91	176.63	0	
4	23.24	230.91	16.09	254.07	24.25	1	7	
5	16.09	254.07	9.00	277.00	24.00	2	7	15	

16	16	0	0

16	17	184.835	4
1	81.00	44.00	83.76	55.83	12.14	2	1	16	
2	83.76	55.83	85.32	62.50	6.86	1	16	
3	85.32	62.50	114.59	187.97	128.83	0	
4	114.59	187.97	123.00	224.00	37.00	1	17	

16	18	253.600	6
1	81.00	44.00	90.14	50.84	11.42	2	1	16	
2	90.14	50.84	96.21	55.39	7.58	1	16	
3	96.21	55.39	156.63	100.63	75.48	0	
4	156.63	100.63	205.16	136.97	60.62	1	13	
5	205.16	136.97	281.60	194.20	95.49	0	
6	281.60	194.20	284.00	196.00	3.00	1	18	

16	19	222.800	7
1	81.00	44.00	86.12	55.00	12.13	2	1	16	
2	86.12	55.00	89.02	61.23	6.87	1	16	
3	89.02	61.23	96.44	77.18	17.59	0	
4	96.44	77.18	99.10	82.90	6.31	1	9	
5	99.10	82.90	165.72	226.05	157.90	0	
6	165.72	226.05	172.72	241.11	16.61	1	19	
7	172.72	241.11	175.00	246.00	5.39	2	11	19	

16	20	151.585	4
1	81.00	44.00	90.99	46.51	10.30	2	1	16	
2	90.99	46.51	99.43	48.64	8.70	1	16	
3	99.43	48.64	187.27	70.75	90.58	0	
4	187.27	70.75	228.00	81.00	42.00	1	20	

17	0	78.772	2
1	123.00	224.00	135.68	189.24	37.00	1	17	
2	135.68	189.24	150.00	150.00	41.77	0	

17	1	181.687	4
1	123.00	224.00	114.65	187.95	37.00	1	17	
2	114.65	187.95	85.58	62.44	128.84	0	
3	85.58	62.44	84.03	55.77	6.85	1	16	
4	84.03	55.77	82.00	47.00	9.00	2	1	16	

17	2	154.201	3
1	123.00	224.00	93.49	201.69	37.00	1	17	
2	93.49	201.69	4.79	134.62	111.20	0	
3	4.79	134.62	0.00	131.00	6.00	1	2	

17	3	153.942	3
1	123.00	224.00	153.52	203.09	37.00	1	17	
2	153.52	203.09	235.15	147.17	98.94	0	
3	235.15	147.17	250.00	137.00	18.00	1	3	

17	4	167.872	9
1	123.00	224.00	148.27	227.81	25.56	1	17	
2	148.27	227.81	159.59	229.51	11.44	2	6	17	
3	159.59	229.51	160.31	229.62	0.73	1	6	
4	160.31	229.62	165.99	230.47	5.74	2	6	19	
5	165.99	230.47	191.58	234.33	25.88	1	19	
6	191.58	234.33	193.86	234.67	2.31	2	11	19	
7	193.86	234.67	215.34	237.91	21.72	1	11	
8	215.34	237.91	252.41	243.49	37.49	0	
9	252.41	243.49	289.00	249.00	37.00	1	4	

17	5	73.926	3
1	123.00	224.00	88.97	209.49	37.00	1	17	
2	88.97	209.49	68.80	200.88	21.93	0	
3	68.80	200.88	55.00	195.00	15.00	1	5	

17	6	34.525	2
1	123.00	224.00	148.14	228.44	25.53	1	17	
2	148.14	228.44	157.00	230.00	9.00	2	6	17	

17	7	116.619	6
1	123.00	224.00	88.73	237.96	37.00	1	17	
2	88.73	237.96	60.38	249.51	30.62	0	
3	60.38	249.51	50.19	253.66	11.00	1	14	
4	50.19	253.66	28.21	262.62	23.73	2	7	14	
5	28.21	262.62	21.84	265.21	6.88	3	7	14	15	
6	21.84	265.21	15.00	268.00	7.39	2	7	15	

17	8	192.302	3
1	123.00	224.00	106.45	190.91	37.00	1	17	
2	106.45	190.91	46.39	70.78	134.30	0	
3	46.39	70.78	37.00	52.00	21.00	1	8	

17	9	146.813	3
1	123.00	224.00	117.20	187.46	37.00	1	17	
2	117.20	187.46	100.63	82.95	105.81	0	
3	100.63	82.95	100.00	79.00	4.00	1	9	

17	10	214.981	6
1	123.00	224.00	146.92	195.77	37.00	1	17	
2	146.92	195.77	181.80	154.63	53.94	0	
3	181.80	154.63	208.00	123.71	40.52	1	13	
4	208.00	123.71	211.47	119.61	5.38	0	
5	211.47	119.61	254.89	68.39	67.14	1	20	
6	254.89	68.39	262.00	60.00	11.00	2	10	20	

17	11	92.201	5
1	123.00	224.00	152.70	246.07	37.00	1	17	
2	152.70	246.07	153.00	246.30	0.38	0	
3	153.00	246.30	160.88	252.16	9.82	1	19	
4	160.88	252.16	181.06	267.15	25.13	2	11	19	
5	181.06	267.15	197.00	279.00	19.87	1	11	

17	12	119.954	6
1	123.00	224.00	153.60	240.90	34.96	1	17	
2	153.60	240.90	155.39	241.89	2.04	2	17	19	
3	155.39	241.89	165.10	247.26	11.10	1	19	
4	165.10	247.26	190.71	261.40	29.25	2	11	19	
5	190.71	261.40	220.12	277.65	33.60	1	11	
6	220.12	277.65	228.00	282.00	9.00	2	11	12	

17	13	113.649	3
1	123.00	224.00	140.58	191.44	37.00	1	17	
2	140.58	191.44	162.27	151.28	45.65	0	
3	162.27	151.28	177.00	124.00	31.00	1	13	

17	14	94.795	3
1	123.00	224.00	96.07	249.37	37.00	1	17	
2	96.07	249.37	83.12	261.57	17.79	0	
3	83.12	261.57	54.00	289.00	40.00	1	14	

17	15	125.718	6
1	123.00	224.00	89.45	239.60	37.00	1	17	
2	89.45	239.60	65.56	250.71	26.35	0	
3	65.56	250.71	51.45	257.26	15.56	1	14	
4	51.45	257.26	30.76	266.88	22.82	2	7	14	
5	30.76	266.88	17.27	273.15	14.88	3	7	14	15	
6	17.27	273.15	9.00	277.00	9.12	2	7	15	

17	16	184.835	4
1	123.00	224.00	114.59	187.97	37.00	1	17	
2	114.59	187.97	85.32	62.50	128.83	0	
3	85.32	62.50	83.76	55.83	6.86	1	16	
4	83.76	55.83	81.00	44.00	12.14	2	1	16	

17	17	0	0

17	18	163.417	3
1	123.00	224.00	159.45	217.66	37.00	1	17	
2	159.45	217.66	281.04	196.51	123.42	0	
3	281.04	196.51	284.00	196.00	3.00	1	18	

17	19	56.462	6
1	123.00	224.00	149.73	235.31	29.03	1	17	
2	149.73	235.31	154.74	237.43	5.43	2	6	17	
3	154.74	237.43	157.08	238.42	2.54	3	6	17	19	
4	157.08	238.42	158.25	238.91	1.27	2	6	19	
5	158.25	238.91	169.26	243.57	11.95	1	19	
6	169.26	243.57	175.00	246.00	6.24	2	11	19	

17	20	177.409	5
1	123.00	224.00	144.90	194.18	37.00	1	17	
2	144.90	194.18	173.79	154.83	48.81	0	
3	173.79	154.83	203.14	114.85	49.60	1	13	
4	203.14	114.85	205.46	111.70	3.91	2	13	20	
5	205.46	111.70	228.00	81.00	38.09	1	20	

18	0	141.676	2
1	284.00	196.00	281.16	195.03	3.00	1	18	
2	281.16	195.03	150.00	150.00	138.68	0	

18	1	251.008	6
1	284.00	196.00	281.59	194.22	3.00	1	18	
2	281.59	194.22	204.85	137.62	95.35	0	
3	204.85	137.62	155.77	101.41	60.99	1	13	
4	155.77	101.41	95.14	56.69	75.34	0	
5	95.14	56.69	89.24	52.34	7.33	1	16	
6	89.24	52.34	82.00	47.00	9.00	2	1	16	

18	2	291.343	3
1	284.00	196.00	281.08	195.33	3.00	1	18	
2	281.08	195.33	5.85	132.34	282.34	0	
3	5.85	132.34	0.00	131.00	6.00	1	2	

18	3	68.096	3
1	284.00	196.00	282.50	193.40	3.00	1	18	
2	282.50	193.40	258.99	152.60	47.10	0	
3	258.99	152.60	250.00	137.00	18.00	1	3	

18	4	53.235	3
1	284.00	196.00	284.28	198.99	3.00	1	18	
2	284.28	198.99	285.52	212.16	13.24	0	
3	285.52	212.16	289.00	249.00	37.00	1	4	

18	5	229.002	5
1	284.00	196.00	281.00	195.99	3.00	1	18	
2	281.00	195.99	146.47	195.40	134.53	0	
3	146.47	195.40	99.78	195.20	46.70	1	17	
4	99.78	195.20	70.00	195.07	29.78	0	
5	70.00	195.07	55.00	195.00	15.00	1	5	

18	6	131.472	6
1	284.00	196.00	281.10	196.78	3.00	1	18	
2	281.10	196.78	178.42	224.27	106.30	0	
3	178.42	224.27	165.69	227.67	13.17	1	19	
4	165.69	227.67	161.18	228.88	4.67	2	6	19	
5	161.18	228.88	159.62	229.30	1.62	1	6	
6	159.62	229.30	157.00	230.00	2.71	2	6	17	

18	7	278.469	12
1	284.00	196.00	281.10	196.78	3.00	1	18	
2	281.10	196.78	178.40	224.26	106.32	0	
3	178.40	224.26	165.69	227.67	13.16	1	19	
4	165.69	227.67	161.20	228.87	4.65	2	6	19	
5	161.20	228.87	159.62	229.29	1.63	1	6	
6	159.62	229.29	148.30	232.32	11.71	2	6	17	
7	148.30	232.32	93.92	246.88	56.30	1	17	
8	93.92	246.88	71.29	252.93	23.42	0	
9	71.29	252.93	51.71	258.17	20.28	1	14	
10	51.71	258.17	29.29	264.18	23.21	2	7	14	
11	29.29	264.18	21.00	266.39	8.58	3	7	14	15	
12	21.00	266.39	15.00	268.00	6.21	2	7	15	

18	8	285.911	5
1	284.00	196.00	281.41	194.49	3.00	1	18	
2	281.41	194.49	198.62	146.22	95.84	0	
3	198.62	146.22	147.01	116.14	59.73	1	13	
4	147.01	116.14	55.14	62.58	106.34	0	
5	55.14	62.58	37.00	52.00	21.00	1	8	

18	9	218.048	5
1	284.00	196.00	281.47	194.39	3.00	1	18	
2	281.47	194.39	201.21	143.36	95.11	0	
3	201.21	143.36	149.20	110.28	61.64	1	13	
4	149.20	110.28	103.38	81.15	54.30	0	
5	103.38	81.15	100.00	79.00	4.00	1	9	

18	10	137.768	4
1	284.00	196.00	283.52	193.04	3.00	1	18	
2	283.52	193.04	267.64	94.88	99.44	0	
3	267.64	94.88	263.76	70.86	24.33	1	20	
4	263.76	70.86	262.00	60.00	11.00	2	10	20	

18	11	120.241	3
1	284.00	196.00	281.83	198.07	3.00	1	18	
2	281.83	198.07	229.56	247.94	72.24	0	
3	229.56	247.94	197.00	279.00	45.00	1	11	

18	12	102.626	6
1	284.00	196.00	282.36	198.51	3.00	1	18	
2	282.36	198.51	270.26	217.09	22.17	0	
3	270.26	217.09	252.24	244.77	33.03	1	4	
4	252.24	244.77	239.53	264.29	23.30	0	
5	239.53	264.29	232.91	274.46	12.13	1	11	
6	232.91	274.46	228.00	282.00	9.00	2	11	12	

18	13	128.969	3
1	284.00	196.00	281.51	194.33	3.00	1	18	
2	281.51	194.33	202.72	141.31	94.97	0	
3	202.72	141.31	177.00	124.00	31.00	1	13	

18	14	248.091	9
1	284.00	196.00	281.22	197.12	3.00	1	18	
2	281.22	197.12	192.69	232.92	95.49	0	
3	192.69	232.92	187.53	235.01	5.57	1	19	
4	187.53	235.01	173.23	240.79	15.42	2	11	19	
5	173.23	240.79	153.19	248.89	21.62	1	19	
6	153.19	248.89	148.54	250.77	5.02	0	
7	148.54	250.77	123.25	261.00	27.28	1	17	
8	123.25	261.00	91.08	274.01	34.70	0	
9	91.08	274.01	54.00	289.00	40.00	1	14	

18	15	286.681	12
1	284.00	196.00	281.12	196.85	3.00	1	18	
2	281.12	196.85	183.35	225.65	101.93	0	
3	183.35	225.65	165.97	230.77	18.12	1	19	
4	165.97	230.77	158.93	232.84	7.34	2	6	19	
5	158.93	232.84	156.95	233.42	2.06	3	6	17	19	
6	156.95	233.42	149.88	235.50	7.37	2	6	17	
7	149.88	235.50	97.60	250.90	54.50	1	17	
8	97.60	250.90	77.69	256.77	20.76	0	
9	77.69	256.77	52.80	264.10	25.95	1	14	
10	52.80	264.10	32.02	270.22	21.66	2	7	14	
11	32.02	270.22	16.62	274.75	16.05	3	7	14	15	
12	16.62	274.75	9.00	277.00	7.95	2	7	15	

18	16	253.600	6
1	284.00	196.00	281.60	194.20	3.00	1	18	
2	281.60	194.20	205.16	136.97	95.49	0	
3	205.16	136.97	156.63	100.63	60.62	1	13	
4	156.63	100.63	96.21	55.39	75.48	0	
5	96.21	55.39	90.14	50.84	7.58	1	16	
6	90.14	50.84	81.00	44.00	11.42	2	1	16	

18	17	163.417	3
1	284.00	196.00	281.04	196.51	3.00	1	18	
2	281.04	196.51	159.45	217.66	123.42	0	
3	159.45	217.66	123.00	224.00	37.00	1	17	

18	18	0	0

18	19	119.921	4
1	284.00	196.00	281.27	197.25	3.00	1	18	
2	281.27	197.25	200.81	234.16	88.53	0	
3	200.81	234.16	195.00	236.83	6.39	1	11	
4	195.00	236.83	175.00	246.00	22.00	2	11	19	

18	20	127.910	5
1	284.00	196.00	282.69	193.30	3.00	1	18	
2	282.69	193.30	261.86	150.54	47.57	0	
3	261.86	150.54	246.66	119.31	34.73	1	3	
4	246.66	119.31	246.39	118.76	0.61	0	
5	246.39	118.76	228.00	81.00	42.00	1	20	

19	0	99.202	3
1	175.00	246.00	173.59	240.57	5.61	2	11	19	
2	173.59	240.57	169.46	224.71	16.39	1	19	
3	169.46	224.71	150.00	150.00	77.20	0	

19	1	219.659	7
1	175.00	246.00	172.72	241.11	5.39	1	19	
2	172.72	241.11	165.69	226.07	16.61	1	19	
3	165.69	226.07	98.73	82.79	158.15	0	
4	98.73	82.79	96.27	77.54	5.79	1	9	
5	96.27	77.54	88.71	61.36	17.86	0	
6	88.71	61.36	85.81	55.15	6.86	1	16	
7	85.81	55.15	82.00	47.00	9.00	2	1	16	

19	2	209.404	8
1	175.00	246.00	170.20	242.85	5.74	2	11	19	
2	170.20	242.85	162.02	237.47	9.79	1	19	
3	162.02	237.47	158.32	235.04	4.43	2	6	19	
4	158.32	235.04	156.61	233.92	2.04	3	6	17	19	
5	156.61	233.92	148.15	228.36	10.13	2	6	17	
6	148.15	228.36	98.86	195.96	58.99	1	17	
7	98.86	195.96	5.01	134.29	112.29	0	
8	5.01	134.29	0.00	131.00	6.00	1	2	

19	3	132.310	4
1	175.00	246.00	181.32	236.82	11.14	2	11	19	
2	181.32	236.82	187.47	227.88	10.86	1	19	
3	187.47	227.88	239.80	151.83	92.31	0	
4	239.80	151.83	250.00	137.00	18.00	1	3	

19	4	114.039	4
1	175.00	246.00	196.99	246.58	22.00	2	11	19	
2	196.99	246.58	229.06	247.42	32.08	1	11	
3	229.06	247.42	252.01	248.03	22.96	0	
4	252.01	248.03	289.00	249.00	37.00	1	4	

19	5	130.388	8
1	175.00	246.00	169.27	243.56	6.23	2	11	19	
2	169.27	243.56	158.31	238.90	11.91	1	19	
3	158.31	238.90	157.09	238.39	1.32	2	6	19	
4	157.09	238.39	154.75	237.39	2.54	3	6	17	19	
5	154.75	237.39	149.68	235.24	5.51	2	6	17	
6	149.68	235.24	88.98	209.44	65.95	1	17	
7	88.98	209.44	68.81	200.87	21.93	0	
8	68.81	200.87	55.00	195.00	15.00	1	5	

19	6	24.083	5
1	175.00	246.00	170.89	242.35	5.50	2	11	19	
2	170.89	242.35	163.73	235.98	9.59	1	19	
3	163.73	235.98	159.15	231.91	6.13	2	6	19	
4	159.15	231.91	158.56	231.38	0.79	3	6	17	19	
5	158.56	231.38	157.00	230.00	2.08	2	6	17	

19	7	161.505	9
1	175.00	246.00	164.98	247.38	10.11	2	11	19	
2	164.98	247.38	153.21	249.00	11.89	1	19	
3	153.21	249.00	149.85	249.46	3.39	0	
4	149.85	249.46	104.02	255.76	46.26	1	17	
5	104.02	255.76	80.46	259.00	23.78	0	
6	80.46	259.00	52.65	262.82	28.07	1	14	
7	52.65	262.82	30.28	265.90	22.58	2	7	14	
8	30.28	265.90	20.43	267.25	9.94	3	7	14	15	
9	20.43	267.25	15.00	268.00	5.48	2	7	15	

19	8	238.076	8
1	175.00	246.00	171.90	241.65	5.34	2	11	19	
2	171.90	241.65	165.57	232.75	10.93	1	19	
3	165.57	232.75	162.25	228.07	5.73	2	6	19	
4	162.25	228.07	159.99	224.90	3.90	1	6	
5	159.99	224.90	157.22	221.00	4.78	2	6	17	
6	157.22	221.00	134.28	188.76	39.56	1	17	
7	134.28	188.76	49.17	69.11	146.83	0	
8	49.17	69.11	37.00	52.00	21.00	1	8	

19	9	183.068	4
1	175.00	246.00	172.79	241.07	5.40	2	11	19	
2	172.79	241.07	165.99	225.93	16.60	1	19	
3	165.99	225.93	101.64	82.65	157.07	0	
4	101.64	82.65	100.00	79.00	4.00	1	9	

19	10	205.341	5
1	175.00	246.00	178.82	237.84	9.01	2	11	19	
2	178.82	237.84	184.32	226.07	12.99	1	19	
3	184.32	226.07	232.65	122.74	114.08	0	
4	232.65	122.74	257.34	69.96	58.27	1	20	
5	257.34	69.96	262.00	60.00	11.00	2	10	20	

19	11	39.661	2
1	175.00	246.00	187.20	264.31	22.00	2	11	19	
2	187.20	264.31	197.00	279.00	17.66	1	11	

19	12	64.070	3
1	175.00	246.00	193.20	258.36	22.00	2	11	19	
2	193.20	258.36	220.56	276.94	33.07	1	11	
3	220.56	276.94	228.00	282.00	9.00	2	11	12	

19	13	122.016	4
1	175.00	246.00	175.10	239.69	6.31	2	11	19	
2	175.10	239.69	175.36	224.00	15.69	1	19	
3	175.36	224.00	176.49	154.99	69.02	0	
4	176.49	154.99	177.00	124.00	31.00	1	13	

19	14	128.413	4
1	175.00	246.00	162.11	250.58	13.68	2	11	19	
2	162.11	250.58	154.27	253.37	8.32	1	19	
3	154.27	253.37	91.69	275.61	66.41	0	
4	91.69	275.61	54.00	289.00	40.00	1	14	

19	15	168.870	9
1	175.00	246.00	164.40	247.98	10.78	2	11	19	
2	164.40	247.98	153.37	250.04	11.22	1	19	
3	153.37	250.04	148.32	250.98	5.15	0	
4	148.32	250.98	109.13	258.30	39.87	1	17	
5	109.13	258.30	84.34	262.93	25.22	0	
6	84.34	262.93	52.99	268.78	31.89	1	14	
7	52.99	268.78	32.59	272.59	20.75	2	7	14	
8	32.59	272.59	16.30	275.64	16.58	3	7	14	15	
9	16.30	275.64	9.00	277.00	7.42	2	7	15	

19	16	222.800	7
1	175.00	246.00	172.72	241.11	5.39	2	11	19	
2	172.72	241.11	165.72	226.05	16.61	1	19	
3	165.72	226.05	99.10	82.90	157.90	0	
4	99.10	82.90	96.44	77.18	6.31	1	9	
5	96.44	77.18	89.02	61.23	17.59	0	
6	89.02	61.23	86.12	55.00	6.87	1	16	
7	86.12	55.00	81.00	44.00	12.13	2	1	16	

19	17	56.462	6
1	175.00	246.00	169.26	243.57	6.24	2	11	19	
2	169.26	243.57	158.25	238.91	11.95	1	19	
3	158.25	238.91	157.08	238.42	1.27	2	6	19	
4	157.08	238.42	154.74	237.43	2.54	3	6	17	19	
5	154.74	237.43	149.73	235.31	5.43	2	6	17	
6	149.73	235.31	123.00	224.00	29.03	1	17	

19	18	119.921	4
1	175.00	246.00	195.00	236.83	22.00	2	11	19	
2	195.00	236.83	200.81	234.16	6.39	1	11	
3	200.81	234.16	281.27	197.25	88.53	0	
4	281.27	197.25	284.00	196.00	3.00	1	18	

19	19	0	0

19	20	173.303	4
1	175.00	246.00	177.41	238.49	7.89	2	11	19	
2	177.41	238.49	181.73	225.05	14.11	1	19	
3	181.73	225.05	215.16	120.99	109.30	0	
4	215.16	120.99	228.00	81.00	42.00	1	20	

20	0	104.139	4
1	228.00	81.00	201.24	104.67	35.73	1	20	
2	201.24	104.67	196.54	108.83	6.27	2	13	20	
3	196.54	108.83	154.86	145.70	55.65	1	13	
4	154.86	145.70	150.00	150.00	6.49	0	

20	1	149.907	4
1	228.00	81.00	187.09	71.47	42.00	1	20	
2	187.09	71.47	98.71	50.89	90.75	0	
3	98.71	50.89	90.77	49.04	8.15	1	16	
4	90.77	49.04	82.00	47.00	9.00	2	1	16	

20	2	233.418	3
1	228.00	81.00	186.97	90.00	42.00	1	20	
2	186.97	90.00	5.86	129.71	185.42	0	
3	5.86	129.71	0.00	131.00	6.00	1	2	

20	3	60.166	3
1	228.00	81.00	243.36	120.09	42.00	1	20	
2	243.36	120.09	243.42	120.25	0.17	0	
3	243.42	120.25	250.00	137.00	18.00	1	3	

20	4	178.732	5
1	228.00	81.00	242.33	120.48	42.00	1	20	
2	242.33	120.48	242.41	120.68	0.21	0	
3	242.41	120.68	254.65	154.39	35.86	1	3	
4	254.65	154.39	276.37	214.22	63.65	0	
5	276.37	214.22	289.00	249.00	37.00	1	4	

20	5	207.183	5
1	228.00	81.00	197.73	100.95	36.25	1	20	
2	197.73	100.95	192.93	104.11	5.75	2	13	20	
3	192.93	104.11	147.64	133.95	54.24	1	13	
4	147.64	133.95	67.53	186.75	95.95	0	
5	67.53	186.75	55.00	195.00	15.00	1	5	

20	6	165.052	6
1	228.00	81.00	209.93	118.92	42.00	1	20	
2	209.93	118.92	207.98	123.01	4.53	0	
3	207.98	123.01	195.74	148.69	28.45	1	13	
4	195.74	148.69	160.87	221.88	81.07	0	
5	160.87	221.88	160.00	223.71	2.03	1	6	
6	160.00	223.71	157.00	230.00	6.97	2	6	17	

20	7	283.440	6
1	228.00	81.00	201.15	104.57	35.72	1	20	
2	201.15	104.57	196.44	108.71	6.28	2	13	20	
3	196.44	108.71	154.61	145.44	55.67	1	13	
4	154.61	145.44	43.56	242.93	147.77	0	
5	43.56	242.93	25.06	259.17	24.61	1	7	
6	25.06	259.17	15.00	268.00	13.39	2	7	15	

20	8	193.189	5
1	228.00	81.00	186.48	74.70	42.00	1	20	
2	186.48	74.70	90.94	60.19	96.63	0	
3	90.94	60.19	66.70	56.51	24.52	1	16	
4	66.70	56.51	57.76	55.15	9.04	0	
5	57.76	55.15	37.00	52.00	21.00	1	8	

20	9	128.016	3
1	228.00	81.00	186.01	80.34	42.00	1	20	
2	186.01	80.34	104.00	79.06	82.02	0	
3	104.00	79.06	100.00	79.00	4.00	1	9	

20	10	39.962	2
1	228.00	81.00	252.64	65.78	28.96	1	20	
2	252.64	65.78	262.00	60.00	11.00	2	10	20	

20	11	200.412	3
1	228.00	81.00	221.50	122.49	42.00	1	20	
2	221.50	122.49	203.96	234.54	113.41	0	
3	203.96	234.54	197.00	279.00	45.00	0	

20	12	201.000	4
1	228.00	81.00	228.00	123.00	42.00	1	20	
2	228.00	123.00	228.00	246.38	123.38	0	
3	228.00	246.38	228.00	273.00	26.62	1	11	
4	228.00	273.00	228.00	282.00	9.00	2	11	12	

20	13	66.708	3
1	228.00	81.00	200.70	104.02	35.71	1	20	
2	200.70	104.02	195.89	108.07	6.29	2	13	20	
3	195.89	108.07	177.00	124.00	24.71	1	13	

20	14	271.183	7
1	228.00	81.00	204.31	109.32	36.93	1	20	
2	204.31	109.32	201.05	113.21	5.07	2	13	20	
3	201.05	113.21	167.38	153.47	52.48	1	13	
4	167.38	153.47	137.02	189.76	47.31	0	
5	137.02	189.76	91.77	243.85	70.52	1	17	
6	91.77	243.85	79.67	258.32	18.87	0	
7	79.67	258.32	54.00	289.00	40.00	1	14	

20	15	293.900	10
1	228.00	81.00	201.37	104.84	35.74	1	20	
2	201.37	104.84	196.70	109.01	6.26	2	13	20	
3	196.70	109.01	155.26	146.10	55.62	1	13	
4	155.26	146.10	103.00	192.87	70.13	0	
5	103.00	192.87	94.27	200.69	11.72	1	17	
6	94.27	200.69	45.05	244.74	66.06	0	
7	45.05	244.74	34.80	253.91	13.75	1	7	
8	34.80	253.91	26.88	260.99	10.62	2	7	14	
9	26.88	260.99	21.25	266.04	7.57	3	7	14	15	
10	21.25	266.04	9.00	277.00	16.43	2	7	15	

20	16	151.585	4
1	228.00	81.00	187.27	70.75	42.00	1	20	
2	187.27	70.75	99.43	48.64	90.58	0	
3	99.43	48.64	90.99	46.51	8.70	1	16	
4	90.99	46.51	81.00	44.00	10.30	2	1	16	

20	17	177.409	5
1	228.00	81.00	205.46	111.70	38.09	1	20	
2	205.46	111.70	203.14	114.85	3.91	2	13	20	
3	203.14	114.85	173.79	154.83	49.60	1	13	
4	173.79	154.83	144.90	194.18	48.81	0	
5	144.90	194.18	123.00	224.00	37.00	1	17	

20	18	127.910	5
1	228.00	81.00	246.39	118.76	42.00	1	20	
2	246.39	118.76	246.66	119.31	0.61	0	
3	246.66	119.31	261.86	150.54	34.73	1	3	
4	261.86	150.54	282.69	193.30	47.57	0	
5	282.69	193.30	284.00	196.00	3.00	1	18	

20	19	173.303	4
1	228.00	81.00	215.16	120.99	42.00	1	20	
2	215.16	120.99	181.73	225.05	109.30	0	
3	181.73	225.05	177.41	238.49	14.11	1	19	
4	177.41	238.49	175.00	246.00	7.89	2	11	19	

20	20	0	0
