7	63	2	0.001	40.0
93.000	67.000	0.000	5.000	0.000
54.000	202.000	41.000	5.000	11.000
38.000	108.000	37.000	2.000	20.000
149.000	199.000	14.000	5.000	14.000
149.000	232.000	45.000	5.000	16.000
252.000	131.000	4.000	6.000	1.000
15.000	264.000	13.000	8.000	13.000
 


0	0	0	0

0	1	140.520	2
1	93.00	67.00	65.38	162.61	99.52	0	
2	65.38	162.61	54.00	202.00	41.00	1	1	

0	2	68.600	2
1	93.00	67.00	67.66	85.89	31.60	0	
2	67.66	85.89	38.00	108.00	37.00	1	2	

0	3	143.388	3
1	93.00	67.00	143.53	186.11	129.39	0	
2	143.53	186.11	144.03	187.28	1.26	1	3	
3	144.03	187.28	149.00	199.00	12.74	2	3	4	

0	4	174.244	4
1	93.00	67.00	134.54	189.39	129.24	0	
2	134.54	189.39	136.02	193.75	4.61	1	4	
3	136.02	193.75	141.89	211.06	18.28	2	3	4	
4	141.89	211.06	149.00	232.00	22.11	1	4	

0	5	171.397	2
1	93.00	67.00	248.29	129.51	167.40	0	
2	248.29	129.51	252.00	131.00	4.00	1	5	

0	6	211.880	6
1	93.00	67.00	74.59	113.50	50.01	0	
2	74.59	113.50	68.44	129.04	16.71	1	2	
3	68.44	129.04	55.77	161.04	34.42	0	
4	55.77	161.04	27.25	233.07	77.47	1	1	
5	27.25	233.07	19.79	251.91	20.27	0	
6	19.79	251.91	15.00	264.00	13.00	1	6	

1	0	140.520	2
1	54.00	202.00	65.38	162.61	41.00	1	1	
2	65.38	162.61	93.00	67.00	99.52	0	

1	1	0	0

1	2	95.352	3
1	54.00	202.00	47.12	161.58	41.00	0	
2	47.12	161.58	44.21	144.48	17.35	0	
3	44.21	144.48	38.00	108.00	37.00	1	2	

1	3	95.047	4
1	54.00	202.00	94.98	200.71	41.00	1	1	
2	94.98	200.71	117.36	200.00	22.39	0	
3	117.36	200.00	135.01	199.44	17.65	1	4	
4	135.01	199.44	149.00	199.00	14.00	2	3	4	

1	4	99.624	3
1	54.00	202.00	93.10	214.35	41.00	1	1	
2	93.10	214.35	106.09	218.45	13.62	0	
3	106.09	218.45	149.00	232.00	45.00	1	4	

1	5	210.345	3
1	54.00	202.00	92.59	188.16	41.00	1	1	
2	92.59	188.16	248.23	132.35	165.35	0	
3	248.23	132.35	252.00	131.00	4.00	1	5	

1	6	73.246	3
1	54.00	202.00	32.17	236.70	41.00	1	1	
2	32.17	236.70	21.92	253.00	19.25	0	
3	21.92	253.00	15.00	264.00	13.00	1	6	

2	0	68.600	2
1	38.00	108.00	67.66	85.89	37.00	1	2	
2	67.66	85.89	93.00	67.00	31.60	0	

2	1	95.352	3
1	38.00	108.00	44.21	144.48	37.00	1	2	
2	44.21	144.48	47.12	161.58	17.35	0	
3	47.12	161.58	54.00	202.00	41.00	0	

2	2	0	0

2	3	143.534	4
1	38.00	108.00	66.61	131.46	37.00	1	2	
2	66.61	131.46	136.52	188.77	90.39	0	
3	136.52	188.77	138.17	190.12	2.14	1	4	
4	138.17	190.12	149.00	199.00	14.00	2	3	4	

2	4	166.424	3
1	38.00	108.00	62.68	135.57	37.00	1	2	
2	62.68	135.57	118.99	198.47	84.42	0	
3	118.99	198.47	149.00	232.00	45.00	1	4	

2	5	215.232	3
1	38.00	108.00	74.79	111.95	37.00	1	2	
2	74.79	111.95	248.02	130.57	174.23	0	
3	248.02	130.57	252.00	131.00	4.00	1	5	

2	6	157.686	5
1	38.00	108.00	32.60	144.60	37.00	1	2	
2	32.60	144.60	28.92	169.56	25.23	0	
3	28.92	169.56	20.63	225.82	56.87	1	1	
4	20.63	225.82	16.90	251.14	25.59	0	
5	16.90	251.14	15.00	264.00	13.00	1	6	

3	0	143.388	3
1	149.00	199.00	144.03	187.28	12.74	2	3	4	
2	144.03	187.28	143.53	186.11	1.26	1	3	
3	143.53	186.11	93.00	67.00	129.39	0	

3	1	95.047	4
1	149.00	199.00	135.01	199.44	14.00	2	3	4	
2	135.01	199.44	117.36	200.00	17.65	1	4	
3	117.36	200.00	94.98	200.71	22.39	0	
4	94.98	200.71	54.00	202.00	41.00	1	1	

3	2	143.534	4
1	149.00	199.00	138.17	190.12	14.00	2	3	4	
2	138.17	190.12	136.52	188.77	2.14	1	4	
3	136.52	188.77	66.61	131.46	90.39	0	
4	66.61	131.46	38.00	108.00	37.00	1	2	

3	3	0	0

3	4	33.000	2
1	149.00	199.00	149.00	213.00	14.00	2	3	4	
2	149.00	213.00	149.00	232.00	19.00	1	4	

3	5	123.422	4
1	149.00	199.00	160.68	191.29	14.00	2	3	4	
2	160.68	191.29	163.53	189.41	3.41	1	4	
3	163.53	189.41	248.66	133.20	102.01	0	
4	248.66	133.20	252.00	131.00	4.00	1	5	

3	6	148.933	6
1	149.00	199.00	136.40	205.11	14.00	2	3	4	
2	136.40	205.11	105.62	220.04	34.22	1	4	
3	105.62	220.04	82.94	231.05	25.21	0	
4	82.94	231.05	58.90	242.71	26.72	1	1	
5	58.90	242.71	26.70	258.33	35.79	0	
6	26.70	258.33	15.00	264.00	13.00	1	6	

4	0	174.244	4
1	149.00	232.00	141.89	211.06	22.11	1	4	
2	141.89	211.06	136.02	193.75	18.28	2	3	4	
3	136.02	193.75	134.54	189.39	4.61	1	4	
4	134.54	189.39	93.00	67.00	129.24	0	

4	1	99.624	3
1	149.00	232.00	106.09	218.45	45.00	1	4	
2	106.09	218.45	93.10	214.35	13.62	0	
3	93.10	214.35	54.00	202.00	41.00	1	1	

4	2	166.424	3
1	149.00	232.00	118.99	198.47	45.00	1	4	
2	118.99	198.47	62.68	135.57	84.42	0	
3	62.68	135.57	38.00	108.00	37.00	1	2	

4	3	33.000	2
1	149.00	232.00	149.00	213.00	19.00	1	4	
2	149.00	213.00	149.00	199.00	14.00	2	3	4	

4	4	0	0

4	5	144.257	3
1	149.00	232.00	181.13	200.49	45.00	1	4	
2	181.13	200.49	249.14	133.80	95.26	0	
3	249.14	133.80	252.00	131.00	4.00	1	5	

4	6	137.768	3
1	149.00	232.00	105.23	242.45	45.00	1	4	
2	105.23	242.45	27.64	260.98	79.77	0	
3	27.64	260.98	15.00	264.00	13.00	1	6	

5	0	171.397	2
1	252.00	131.00	248.29	129.51	4.00	1	5	
2	248.29	129.51	93.00	67.00	167.40	0	

5	1	210.345	3
1	252.00	131.00	248.23	132.35	4.00	1	5	
2	248.23	132.35	92.59	188.16	165.35	0	
3	92.59	188.16	54.00	202.00	41.00	1	1	

5	2	215.232	3
1	252.00	131.00	248.02	130.57	4.00	1	5	
2	248.02	130.57	74.79	111.95	174.23	0	
3	74.79	111.95	38.00	108.00	37.00	1	2	

5	3	123.422	4
1	252.00	131.00	248.66	133.20	4.00	1	5	
2	248.66	133.20	163.53	189.41	102.01	0	
3	163.53	189.41	160.68	191.29	3.41	1	4	
4	160.68	191.29	149.00	199.00	14.00	2	3	4	

5	4	144.257	3
1	252.00	131.00	249.14	133.80	4.00	1	5	
2	249.14	133.80	181.13	200.49	95.26	0	
3	181.13	200.49	149.00	232.00	45.00	1	4	

5	5	0	0

5	6	271.768	9
1	252.00	131.00	248.51	132.96	4.00	1	5	
2	248.51	132.96	154.08	185.95	108.29	0	
3	154.08	185.95	152.03	187.10	2.35	1	3	
4	152.03	187.10	135.22	196.54	19.28	2	3	4	
5	135.22	196.54	109.10	211.19	29.95	1	4	
6	109.10	211.19	89.77	222.04	22.17	0	
7	89.77	222.04	52.47	242.97	42.77	1	1	
8	52.47	242.97	26.34	257.64	29.97	0	
9	26.34	257.64	15.00	264.00	13.00	1	6	

6	0	211.880	6
1	15.00	264.00	19.79	251.91	13.00	1	6	
2	19.79	251.91	27.25	233.07	20.27	0	
3	27.25	233.07	55.77	161.04	77.47	1	1	
4	55.77	161.04	68.44	129.04	34.42	0	
5	68.44	129.04	74.59	113.50	16.71	1	2	
6	74.59	113.50	93.00	67.00	50.01	0	

6	1	73.246	3
1	15.00	264.00	21.92	253.00	13.00	1	6	
2	21.92	253.00	32.17	236.70	19.25	0	
3	32.17	236.70	54.00	202.00	41.00	1	1	

6	2	157.686	5
1	15.00	264.00	16.90	251.14	13.00	1	6	
2	16.90	251.14	20.63	225.82	25.59	0	
3	20.63	225.82	28.92	169.56	56.87	1	1	
4	28.92	169.56	32.60	144.60	25.23	0	
5	32.60	144.60	38.00	108.00	37.00	1	2	

6	3	148.933	6
1	15.00	264.00	26.70	258.33	13.00	1	6	
2	26.70	258.33	58.90	242.71	35.79	0	
3	58.90	242.71	82.94	231.05	26.72	1	1	
4	82.94	231.05	105.62	220.04	25.21	0	
5	105.62	220.04	136.40	205.11	34.22	1	4	
6	136.40	205.11	149.00	199.00	14.00	2	3	4	

6	4	137.768	3
1	15.00	264.00	27.64	260.98	13.00	1	6	
2	27.64	260.98	105.23	242.45	79.77	0	
3	105.23	242.45	149.00	232.00	45.00	1	4	

6	5	271.768	9
1	15.00	264.00	26.34	257.64	13.00	1	6	
2	26.34	257.64	52.47	242.97	29.97	0	
3	52.47	242.97	89.77	222.04	42.77	1	1	
4	89.77	222.04	109.10	211.19	22.17	0	
5	109.10	211.19	135.22	196.54	29.95	1	4	
6	135.22	196.54	152.03	187.10	19.28	2	3	4	
7	152.03	187.10	154.08	185.95	2.35	1	3	
8	154.08	185.95	248.51	132.96	108.29	0	
9	248.51	132.96	252.00	131.00	4.00	1	5	

6	6	0	0
