8	111	2	0.001	100.0
184.000	165.000	0.000	10.000	0.000
89.000	17.000	21.000	8.000	18.000
289.000	298.000	50.000	9.000	17.000
121.000	19.000	24.000	8.000	2.000
245.000	225.000	15.000	7.000	12.000
262.000	35.000	31.000	3.000	5.000
194.000	114.000	39.000	4.000	8.000
208.000	157.000	47.000	3.000	5.000
 


0	0	0	0

0	1	175.866	5
1	184.00	165.00	171.88	146.12	22.43	1	7	
2	171.88	146.12	165.71	136.50	11.43	2	6	7	
3	165.71	136.50	155.59	120.73	18.74	1	6	
4	155.59	120.73	100.34	34.67	102.27	0	
5	100.34	34.67	89.00	17.00	21.00	1	1	

0	2	169.452	5
1	184.00	165.00	214.44	203.56	49.12	1	7	
2	214.44	203.56	230.09	223.38	25.25	0	
3	230.09	223.38	243.12	239.88	21.03	1	4	
4	243.12	239.88	258.02	258.76	24.05	0	
5	258.02	258.76	289.00	298.00	50.00	1	2	

0	3	159.013	5
1	184.00	165.00	177.18	149.18	17.23	1	7	
2	177.18	149.18	169.14	130.56	20.28	2	6	7	
3	169.14	130.56	156.86	102.10	31.00	1	6	
4	156.86	102.10	130.51	41.04	66.51	0	
5	130.51	41.04	121.00	19.00	24.00	1	3	

0	4	85.563	3
1	184.00	165.00	221.60	201.99	52.75	1	7	
2	221.60	201.99	234.31	214.48	17.82	0	
3	234.31	214.48	245.00	225.00	15.00	1	4	

0	5	151.605	5
1	184.00	165.00	191.26	152.90	14.11	1	7	
2	191.26	152.90	216.53	110.78	49.12	2	6	7	
3	216.53	110.78	227.04	93.27	20.42	1	6	
4	227.04	93.27	246.05	61.58	36.96	0	
5	246.05	61.58	262.00	35.00	31.00	1	5	

0	6	51.971	2
1	184.00	165.00	186.50	152.27	12.97	1	7	
2	186.50	152.27	194.00	114.00	39.00	1	7	

0	7	25.298	1
1	184.00	165.00	208.00	157.00	25.30	1	7	

1	0	175.866	5
1	89.00	17.00	100.34	34.67	21.00	1	1	
2	100.34	34.67	155.59	120.73	102.27	0	
3	155.59	120.73	165.71	136.50	18.74	1	6	
4	165.71	136.50	171.88	146.12	11.43	2	6	7	
5	171.88	146.12	184.00	165.00	22.43	1	7	

1	1	0	0

1	2	344.907	9
1	89.00	17.00	101.18	34.11	21.00	1	1	
2	101.18	34.11	155.20	110.02	93.17	0	
3	155.20	110.02	169.48	130.07	24.62	1	6	
4	169.48	130.07	185.06	151.96	26.87	2	6	7	
5	185.06	151.96	220.83	202.22	61.68	1	7	
6	220.83	202.22	231.87	217.74	19.05	0	
7	231.87	217.74	247.56	239.78	27.05	1	4	
8	247.56	239.78	260.01	257.26	21.46	0	
9	260.01	257.26	289.00	298.00	50.00	1	2	

1	3	32.062	3
1	89.00	17.00	97.05	17.50	8.06	1	1	
2	97.05	17.50	109.96	18.31	12.94	2	1	3	
3	109.96	18.31	121.00	19.00	11.06	1	3	

1	4	260.000	7
1	89.00	17.00	101.60	33.80	21.00	1	1	
2	101.60	33.80	155.81	106.08	90.35	0	
3	155.81	106.08	171.65	127.20	26.40	1	6	
4	171.65	127.20	190.91	152.88	32.09	2	6	7	
5	190.91	152.88	226.43	200.24	59.20	1	7	
6	226.43	200.24	236.00	213.00	15.95	0	
7	236.00	213.00	245.00	225.00	15.00	1	4	

1	5	173.934	5
1	89.00	17.00	97.03	17.84	8.07	1	1	
2	97.03	17.84	109.89	19.17	12.93	2	1	3	
3	109.89	19.17	144.70	22.80	35.00	1	3	
4	144.70	22.80	231.17	31.79	86.94	0	
5	231.17	31.79	262.00	35.00	31.00	1	5	

1	6	142.948	6
1	89.00	17.00	97.79	25.12	11.97	1	1	
2	97.79	25.12	104.43	31.25	9.03	2	1	3	
3	104.43	31.25	116.73	42.62	16.75	1	3	
4	116.73	42.62	165.35	87.54	66.20	0	
5	165.35	87.54	192.51	112.63	36.97	1	6	
6	192.51	112.63	194.00	114.00	2.03	2	6	7	

1	7	183.742	7
1	89.00	17.00	99.16	28.96	15.69	1	1	
2	99.16	28.96	102.60	33.00	5.31	2	1	3	
3	102.60	33.00	107.66	38.95	7.81	1	3	
4	107.66	38.95	158.23	98.45	78.09	0	
5	158.23	98.45	177.56	121.19	29.84	1	6	
6	177.56	121.19	203.58	151.80	40.18	2	6	7	
7	203.58	151.80	208.00	157.00	6.82	1	7	

2	0	169.452	5
1	289.00	298.00	258.02	258.76	50.00	1	2	
2	258.02	258.76	243.12	239.88	24.05	0	
3	243.12	239.88	230.09	223.38	21.03	1	4	
4	230.09	223.38	214.44	203.56	25.25	0	
5	214.44	203.56	184.00	165.00	49.12	1	7	

2	1	344.907	9
1	289.00	298.00	260.01	257.26	50.00	1	2	
2	260.01	257.26	247.56	239.78	21.46	0	
3	247.56	239.78	231.87	217.74	27.05	1	4	
4	231.87	217.74	220.83	202.22	19.05	0	
5	220.83	202.22	185.06	151.96	61.68	1	7	
6	185.06	151.96	169.48	130.07	26.87	2	6	7	
7	169.48	130.07	155.20	110.02	24.62	1	6	
8	155.20	110.02	101.18	34.11	93.17	0	
9	101.18	34.11	89.00	17.00	21.00	1	1	

2	2	0	0

2	3	325.676	9
1	289.00	298.00	263.21	255.17	50.00	1	2	
2	263.21	255.17	252.77	237.83	20.23	0	
3	252.77	237.83	237.29	212.13	30.00	1	4	
4	237.29	212.13	229.32	198.89	15.46	0	
5	229.32	198.89	201.28	152.32	54.36	1	7	
6	201.28	152.32	180.95	118.56	39.40	2	6	7	
7	180.95	118.56	163.54	89.65	33.76	1	6	
8	163.54	89.65	133.38	39.56	58.46	0	
9	133.38	39.56	121.00	19.00	24.00	1	3	

2	4	85.235	3
1	289.00	298.00	263.19	255.18	50.00	1	2	
2	263.19	255.18	252.74	237.85	20.24	0	
3	252.74	237.85	245.00	225.00	15.00	1	4	

2	5	264.382	3
1	289.00	298.00	283.89	248.26	50.00	1	2	
2	283.89	248.26	265.17	65.84	183.38	0	
3	265.17	65.84	262.00	35.00	31.00	0	

2	6	207.077	6
1	289.00	298.00	266.06	253.57	50.00	1	2	
2	266.06	253.57	256.36	234.79	21.14	0	
3	256.36	234.79	243.60	210.07	27.83	1	4	
4	243.60	210.07	235.78	194.91	17.05	0	
5	235.78	194.91	211.89	148.65	52.06	1	7	
6	211.89	148.65	194.00	114.00	39.00	2	6	7	

2	7	162.610	5
1	289.00	298.00	264.09	254.64	50.00	1	2	
2	264.09	254.64	253.97	237.02	20.32	0	
3	253.97	237.02	239.13	211.19	29.79	1	4	
4	239.13	211.19	231.41	197.75	15.50	0	
5	231.41	197.75	208.00	157.00	47.00	1	7	

3	0	159.013	5
1	121.00	19.00	130.51	41.04	24.00	1	3	
2	130.51	41.04	156.86	102.10	66.51	0	
3	156.86	102.10	169.14	130.56	31.00	1	6	
4	169.14	130.56	177.18	149.18	20.28	2	6	7	
5	177.18	149.18	184.00	165.00	17.23	1	7	

3	1	32.062	3
1	121.00	19.00	109.96	18.31	11.06	1	3	
2	109.96	18.31	97.05	17.50	12.94	2	1	3	
3	97.05	17.50	89.00	17.00	8.06	1	1	

3	2	325.676	9
1	121.00	19.00	133.38	39.56	24.00	1	3	
2	133.38	39.56	163.54	89.65	58.46	0	
3	163.54	89.65	180.95	118.56	33.76	1	6	
4	180.95	118.56	201.28	152.32	39.40	2	6	7	
5	201.28	152.32	229.32	198.89	54.36	1	7	
6	229.32	198.89	237.29	212.13	15.46	0	
7	237.29	212.13	252.77	237.83	30.00	1	4	
8	252.77	237.83	263.21	255.17	20.23	0	
9	263.21	255.17	289.00	298.00	50.00	1	2	

3	3	0	0

3	4	240.441	7
1	121.00	19.00	133.38	39.56	24.00	1	3	
2	133.38	39.56	163.53	89.66	58.47	0	
3	163.53	89.66	180.94	118.57	33.75	1	6	
4	180.94	118.57	201.25	152.32	39.39	2	6	7	
5	201.25	152.32	229.29	198.90	54.37	1	7	
6	229.29	198.90	237.26	212.15	15.46	0	
7	237.26	212.15	245.00	225.00	15.00	1	4	

3	5	141.905	3
1	121.00	19.00	144.85	21.71	24.00	1	3	
2	144.85	21.71	231.20	31.50	86.90	0	
3	231.20	31.50	262.00	35.00	31.00	1	5	

3	6	119.808	4
1	121.00	19.00	135.62	38.03	24.00	1	3	
2	135.62	38.03	170.24	83.08	56.81	0	
3	170.24	83.08	192.85	112.51	37.12	1	6	
4	192.85	112.51	194.00	114.00	1.88	2	6	7	

3	7	163.135	5
1	121.00	19.00	133.80	39.30	24.00	1	3	
2	133.80	39.30	164.68	88.28	57.90	0	
3	164.68	88.28	182.93	117.24	34.23	1	6	
4	182.93	117.24	204.56	151.54	40.55	2	6	7	
5	204.56	151.54	208.00	157.00	6.45	1	7	

4	0	85.563	3
1	245.00	225.00	234.31	214.48	15.00	1	4	
2	234.31	214.48	221.60	201.99	17.82	0	
3	221.60	201.99	184.00	165.00	52.75	1	7	

4	1	260.000	7
1	245.00	225.00	236.00	213.00	15.00	1	4	
2	236.00	213.00	226.43	200.24	15.95	0	
3	226.43	200.24	190.91	152.88	59.20	1	7	
4	190.91	152.88	171.65	127.20	32.09	2	6	7	
5	171.65	127.20	155.81	106.08	26.40	1	6	
6	155.81	106.08	101.60	33.80	90.35	0	
7	101.60	33.80	89.00	17.00	21.00	1	1	

4	2	85.235	3
1	245.00	225.00	252.74	237.85	15.00	1	4	
2	252.74	237.85	263.19	255.18	20.24	0	
3	263.19	255.18	289.00	298.00	50.00	1	2	

4	3	240.441	7
1	245.00	225.00	237.26	212.15	15.00	1	4	
2	237.26	212.15	229.29	198.90	15.46	0	
3	229.29	198.90	201.25	152.32	54.37	1	7	
4	201.25	152.32	180.94	118.57	39.39	2	6	7	
5	180.94	118.57	163.53	89.66	33.75	1	6	
6	163.53	89.66	133.38	39.56	58.47	0	
7	133.38	39.56	121.00	19.00	24.00	1	3	

4	4	0	0

4	5	190.759	5
1	245.00	225.00	246.34	210.06	15.00	0	
2	246.34	210.06	249.03	179.92	30.26	0	
3	249.03	179.92	252.45	141.73	38.34	0	
4	252.45	141.73	259.24	65.88	76.16	0	
5	259.24	65.88	262.00	35.00	31.00	1	5	

4	6	122.156	4
1	245.00	225.00	238.74	211.37	15.00	1	4	
2	238.74	211.37	232.25	197.26	15.53	0	
3	232.25	197.26	210.28	149.44	52.63	1	7	
4	210.28	149.44	194.00	114.00	39.00	2	6	7	

4	7	77.414	3
1	245.00	225.00	237.83	211.82	15.00	1	4	
2	237.83	211.82	230.46	198.28	15.41	0	
3	230.46	198.28	208.00	157.00	47.00	1	7	

5	0	151.605	5
1	262.00	35.00	246.05	61.58	31.00	1	5	
2	246.05	61.58	227.04	93.27	36.96	0	
3	227.04	93.27	216.53	110.78	20.42	1	6	
4	216.53	110.78	191.26	152.90	49.12	2	6	7	
5	191.26	152.90	184.00	165.00	14.11	1	7	

5	1	173.934	5
1	262.00	35.00	231.17	31.79	31.00	1	5	
2	231.17	31.79	144.70	22.80	86.94	0	
3	144.70	22.80	109.89	19.17	35.00	1	3	
4	109.89	19.17	97.03	17.84	12.93	2	1	3	
5	97.03	17.84	89.00	17.00	8.07	1	1	

5	2	264.382	3
1	262.00	35.00	265.17	65.84	31.00	0	
2	265.17	65.84	283.89	248.26	183.38	0	
3	283.89	248.26	289.00	298.00	50.00	1	2	

5	3	141.905	3
1	262.00	35.00	231.20	31.50	31.00	1	5	
2	231.20	31.50	144.85	21.71	86.90	0	
3	144.85	21.71	121.00	19.00	24.00	1	3	

5	4	190.759	5
1	262.00	35.00	259.24	65.88	31.00	1	5	
2	259.24	65.88	252.45	141.73	76.16	0	
3	252.45	141.73	249.03	179.92	38.34	0	
4	249.03	179.92	246.34	210.06	30.26	0	
5	246.34	210.06	245.00	225.00	15.00	0	

5	5	0	0

5	6	104.235	4
1	262.00	35.00	241.78	58.49	31.00	1	5	
2	241.78	58.49	219.44	84.44	34.24	0	
3	219.44	84.44	196.13	111.52	35.73	1	6	
4	196.13	111.52	194.00	114.00	3.27	2	6	7	

5	7	133.417	5
1	262.00	35.00	249.45	63.35	31.00	1	5	
2	249.45	63.35	231.61	103.67	44.09	0	
3	231.61	103.67	227.02	114.02	11.32	1	6	
4	227.02	114.02	211.64	148.78	38.02	2	6	7	
5	211.64	148.78	208.00	157.00	8.98	1	7	

6	0	51.971	2
1	194.00	114.00	186.50	152.27	39.00	1	7	
2	186.50	152.27	184.00	165.00	12.97	1	7	

6	1	142.948	6
1	194.00	114.00	192.51	112.63	2.03	2	6	7	
2	192.51	112.63	165.35	87.54	36.97	1	6	
3	165.35	87.54	116.73	42.62	66.20	0	
4	116.73	42.62	104.43	31.25	16.75	1	3	
5	104.43	31.25	97.79	25.12	9.03	2	1	3	
6	97.79	25.12	89.00	17.00	11.97	1	1	

6	2	207.077	6
1	194.00	114.00	211.89	148.65	39.00	2	6	7	
2	211.89	148.65	235.78	194.91	52.06	1	7	
3	235.78	194.91	243.60	210.07	17.05	0	
4	243.60	210.07	256.36	234.79	27.83	1	4	
5	256.36	234.79	266.06	253.57	21.14	0	
6	266.06	253.57	289.00	298.00	50.00	1	2	

6	3	119.808	4
1	194.00	114.00	192.85	112.51	1.88	2	6	7	
2	192.85	112.51	170.24	83.08	37.12	1	6	
3	170.24	83.08	135.62	38.03	56.81	0	
4	135.62	38.03	121.00	19.00	24.00	1	3	

6	4	122.156	4
1	194.00	114.00	210.28	149.44	39.00	2	6	7	
2	210.28	149.44	232.25	197.26	52.63	1	7	
3	232.25	197.26	238.74	211.37	15.53	0	
4	238.74	211.37	245.00	225.00	15.00	1	4	

6	5	104.235	4
1	194.00	114.00	196.13	111.52	3.27	2	6	7	
2	196.13	111.52	219.44	84.44	35.73	1	6	
3	219.44	84.44	241.78	58.49	34.24	0	
4	241.78	58.49	262.00	35.00	31.00	1	5	

6	6	0	0

6	7	45.222	2
1	194.00	114.00	206.07	151.08	39.00	2	6	7	
2	206.07	151.08	208.00	157.00	6.22	1	7	

7	0	25.298	1
1	208.00	157.00	184.00	165.00	25.30	1	7	

7	1	183.742	7
1	208.00	157.00	203.58	151.80	6.82	1	7	
2	203.58	151.80	177.56	121.19	40.18	2	6	7	
3	177.56	121.19	158.23	98.45	29.84	1	6	
4	158.23	98.45	107.66	38.95	78.09	0	
5	107.66	38.95	102.60	33.00	7.81	1	3	
6	102.60	33.00	99.16	28.96	5.31	2	1	3	
7	99.16	28.96	89.00	17.00	15.69	1	1	

7	2	162.610	5
1	208.00	157.00	231.41	197.75	47.00	1	7	
2	231.41	197.75	239.13	211.19	15.50	0	
3	239.13	211.19	253.97	237.02	29.79	1	4	
4	253.97	237.02	264.09	254.64	20.32	0	
5	264.09	254.64	289.00	298.00	50.00	1	2	

7	3	163.135	5
1	208.00	157.00	204.56	151.54	6.45	1	7	
2	204.56	151.54	182.93	117.24	40.55	2	6	7	
3	182.93	117.24	164.68	88.28	34.23	1	6	
4	164.68	88.28	133.80	39.30	57.90	0	
5	133.80	39.30	121.00	19.00	24.00	1	3	

7	4	77.414	3
1	208.00	157.00	230.46	198.28	47.00	1	7	
2	230.46	198.28	237.83	211.82	15.41	0	
3	237.83	211.82	245.00	225.00	15.00	1	4	

7	5	133.417	5
1	208.00	157.00	211.64	148.78	8.98	1	7	
2	211.64	148.78	227.02	114.02	38.02	2	6	7	
3	227.02	114.02	231.61	103.67	11.32	1	6	
4	231.61	103.67	249.45	63.35	44.09	0	
5	249.45	63.35	262.00	35.00	31.00	1	5	

7	6	45.222	2
1	208.00	157.00	206.07	151.08	6.22	1	7	
2	206.07	151.08	194.00	114.00	39.00	2	6	7	

7	7	0	0
