9	111	2	0.001	70.0
277.000	47.000	0.000	10.000	0.000
34.000	81.000	2.000	10.000	18.000
187.000	246.000	11.000	4.000	15.000
237.000	191.000	41.000	10.000	10.000
158.000	284.000	27.000	8.000	8.000
87.000	272.000	14.000	1.000	5.000
172.000	186.000	21.000	10.000	11.000
55.000	47.000	48.000	6.000	16.000
135.000	196.000	44.000	8.000	11.000

0	0	0	0

0	1	245.367	3
1	277.00	47.00	95.75	72.36	183.01	0	
2	95.75	72.36	35.98	80.72	60.36	1	7	
3	35.98	80.72	34.00	81.00	2.00	2	1	7	

0	2	218.406	4
1	277.00	47.00	230.16	150.58	113.68	0	
2	230.16	150.58	202.12	212.56	68.03	1	3	
3	202.12	212.56	191.53	235.98	25.70	0	
4	191.53	235.98	187.00	246.00	11.00	1	2	

0	3	149.452	2
1	277.00	47.00	247.97	151.50	108.45	0	
2	247.97	151.50	237.00	191.00	41.00	1	3	

0	4	265.198	6
1	277.00	47.00	224.26	152.03	117.52	0	
2	224.26	152.03	198.14	204.06	58.23	1	3	
3	198.14	204.06	182.00	236.20	35.96	0	
4	182.00	236.20	176.16	247.84	13.02	1	2	
5	176.16	247.84	170.12	259.87	13.46	0	
6	170.12	259.87	158.00	284.00	27.00	1	4	

0	5	294.491	6
1	277.00	47.00	176.87	165.57	155.19	0	
2	176.87	165.57	171.69	171.71	8.03	1	6	
3	171.69	171.71	152.68	194.22	29.47	2	6	8	
4	152.68	194.22	117.20	236.24	54.99	1	8	
5	117.20	236.24	96.03	261.30	32.81	0	
6	96.03	261.30	87.00	272.00	14.00	1	5	

0	6	174.201	3
1	277.00	47.00	184.66	169.24	153.20	0	
2	184.66	169.24	176.17	180.48	14.08	1	6	
3	176.17	180.48	172.00	186.00	6.92	2	6	8	

0	7	222.000	2
1	277.00	47.00	103.00	47.00	174.00	0	
2	103.00	47.00	55.00	47.00	48.00	1	7	

0	8	205.828	4
1	277.00	47.00	165.36	164.15	161.83	0	
2	165.36	164.15	162.26	167.39	4.48	1	8	
3	162.26	167.39	152.95	177.17	13.50	2	6	8	
4	152.95	177.17	135.00	196.00	26.02	1	8	

1	0	245.367	3
1	34.00	81.00	35.98	80.72	2.00	2	1	7	
2	35.98	80.72	95.75	72.36	60.36	1	7	
3	95.75	72.36	277.00	47.00	183.01	0	

1	1	0	0

1	2	225.020	6
1	34.00	81.00	35.36	82.47	2.00	2	1	7	
2	35.36	82.47	46.23	94.19	15.99	1	7	
3	46.23	94.19	108.25	161.07	91.20	0	
4	108.25	161.07	167.82	225.31	87.61	1	8	
5	167.82	225.31	179.52	237.93	17.21	0	
6	179.52	237.93	187.00	246.00	11.00	1	2	

1	3	230.887	4
1	34.00	81.00	35.76	81.95	2.00	2	1	7	
2	35.76	81.95	59.45	94.79	26.95	1	7	
3	59.45	94.79	200.95	171.47	160.94	0	
4	200.95	171.47	237.00	191.00	41.00	1	3	

1	4	237.876	6
1	34.00	81.00	35.04	82.71	2.00	2	1	7	
2	35.04	82.71	41.34	93.02	12.08	1	7	
3	41.34	93.02	94.19	179.54	101.39	0	
4	94.19	179.54	131.01	239.82	70.63	1	8	
5	131.01	239.82	143.93	260.96	24.77	0	
6	143.93	260.96	158.00	284.00	27.00	1	4	

1	5	198.217	4
1	34.00	81.00	34.53	82.93	2.00	2	1	7	
2	34.53	82.93	36.90	91.46	8.85	1	7	
3	36.90	91.46	83.26	258.51	173.36	0	
4	83.26	258.51	87.00	272.00	14.00	1	5	

1	6	173.404	5
1	34.00	81.00	35.59	82.21	2.00	2	1	7	
2	35.59	82.21	52.30	94.92	20.99	1	7	
3	52.30	94.92	128.04	152.55	95.17	0	
4	128.04	152.55	155.29	173.28	34.24	1	8	
5	155.29	173.28	172.00	186.00	21.00	2	6	8	

1	7	39.962	2
1	34.00	81.00	35.05	79.30	2.00	2	1	7	
2	35.05	79.30	55.00	47.00	37.96	1	7	

1	8	153.056	4
1	34.00	81.00	35.32	82.50	2.00	2	1	7	
2	35.32	82.50	45.45	94.04	15.36	1	7	
3	45.45	94.04	105.96	162.94	91.70	0	
4	105.96	162.94	135.00	196.00	44.00	1	8	

2	0	218.406	4
1	187.00	246.00	191.53	235.98	11.00	1	2	
2	191.53	235.98	202.12	212.56	25.70	0	
3	202.12	212.56	230.16	150.58	68.03	1	3	
4	230.16	150.58	277.00	47.00	113.68	0	

2	1	225.020	6
1	187.00	246.00	179.52	237.93	11.00	1	2	
2	179.52	237.93	167.82	225.31	17.21	0	
3	167.82	225.31	108.25	161.07	87.61	1	8	
4	108.25	161.07	46.23	94.19	91.20	0	
5	46.23	94.19	35.36	82.47	15.99	1	7	
6	35.36	82.47	34.00	81.00	2.00	2	1	7	

2	2	0	0

2	3	74.330	3
1	187.00	246.00	194.40	237.86	11.00	1	2	
2	194.40	237.86	209.42	221.34	22.33	0	
3	209.42	221.34	237.00	191.00	41.00	1	3	

2	4	47.802	3
1	187.00	246.00	180.33	254.74	11.00	1	2	
2	180.33	254.74	174.38	262.54	9.80	0	
3	174.38	262.54	158.00	284.00	27.00	1	4	

2	5	103.325	3
1	187.00	246.00	176.35	248.77	11.00	1	2	
2	176.35	248.77	100.55	268.48	78.32	0	
3	100.55	268.48	87.00	272.00	14.00	1	5	

2	6	61.847	4
1	187.00	246.00	184.33	235.33	11.00	1	2	
2	184.33	235.33	177.42	207.68	28.50	0	
3	177.42	207.68	177.09	206.37	1.35	1	8	
4	177.09	206.37	172.00	186.00	21.00	2	6	8	

2	7	238.799	7
1	187.00	246.00	180.92	236.83	11.00	1	2	
2	180.92	236.83	170.80	221.58	18.31	0	
3	170.80	221.58	156.84	200.53	25.26	1	8	
4	156.84	200.53	152.72	194.31	7.46	2	6	8	
5	152.72	194.31	125.36	153.07	49.49	1	8	
6	125.36	153.07	81.53	87.00	79.28	0	
7	81.53	87.00	55.00	47.00	48.00	1	7	

2	8	72.139	3
1	187.00	246.00	179.07	238.38	11.00	1	2	
2	179.07	238.38	166.72	226.50	17.14	0	
3	166.72	226.50	135.00	196.00	44.00	1	8	

3	0	149.452	2
1	237.00	191.00	247.97	151.50	41.00	1	3	
2	247.97	151.50	277.00	47.00	108.45	0	

3	1	230.887	4
1	237.00	191.00	200.95	171.47	41.00	1	3	
2	200.95	171.47	59.45	94.79	160.94	0	
3	59.45	94.79	35.76	81.95	26.95	1	7	
4	35.76	81.95	34.00	81.00	2.00	2	1	7	

3	2	74.330	3
1	237.00	191.00	209.42	221.34	41.00	1	3	
2	209.42	221.34	194.40	237.86	22.33	0	
3	194.40	237.86	187.00	246.00	11.00	1	2	

3	3	0	0

3	4	122.025	5
1	237.00	191.00	210.46	222.25	41.00	1	3	
2	210.46	222.25	195.84	239.45	22.58	0	
3	195.84	239.45	181.97	255.78	21.42	1	2	
4	181.97	255.78	175.48	263.42	10.02	0	
5	175.48	263.42	158.00	284.00	27.00	1	4	

3	5	170.473	3
1	237.00	191.00	200.92	210.48	41.00	1	3	
2	200.92	210.48	99.32	265.35	115.47	0	
3	99.32	265.35	87.00	272.00	14.00	1	5	

3	6	65.192	4
1	237.00	191.00	196.12	187.86	41.00	1	3	
2	196.12	187.86	192.94	187.61	3.19	0	
3	192.94	187.61	177.95	186.46	15.03	1	6	
4	177.95	186.46	172.00	186.00	5.97	2	6	8	

3	7	232.078	3
1	237.00	191.00	204.85	165.56	41.00	1	3	
2	204.85	165.56	92.64	76.78	143.08	0	
3	92.64	76.78	55.00	47.00	48.00	1	7	

3	8	102.122	5
1	237.00	191.00	196.05	193.01	41.00	1	3	
2	196.05	193.01	191.72	193.22	4.33	0	
3	191.72	193.22	178.95	193.85	12.79	1	6	
4	178.95	193.85	153.08	195.11	25.90	2	6	8	
5	153.08	195.11	135.00	196.00	18.10	1	8	

4	0	265.198	6
1	158.00	284.00	170.12	259.87	27.00	1	4	
2	170.12	259.87	176.16	247.84	13.46	0	
3	176.16	247.84	182.00	236.20	13.02	1	2	
4	182.00	236.20	198.14	204.06	35.96	0	
5	198.14	204.06	224.26	152.03	58.23	1	3	
6	224.26	152.03	277.00	47.00	117.52	0	

4	1	237.876	6
1	158.00	284.00	143.93	260.96	27.00	1	4	
2	143.93	260.96	131.01	239.82	24.77	0	
3	131.01	239.82	94.19	179.54	70.63	1	8	
4	94.19	179.54	41.34	93.02	101.39	0	
5	41.34	93.02	35.04	82.71	12.08	1	7	
6	35.04	82.71	34.00	81.00	2.00	2	1	7	

4	2	47.802	3
1	158.00	284.00	174.38	262.54	27.00	1	4	
2	174.38	262.54	180.33	254.74	9.80	0	
3	180.33	254.74	187.00	246.00	11.00	1	2	

4	3	122.025	5
1	158.00	284.00	175.48	263.42	27.00	1	4	
2	175.48	263.42	181.97	255.78	10.02	0	
3	181.97	255.78	195.84	239.45	21.42	1	2	
4	195.84	239.45	210.46	222.25	22.58	0	
5	210.46	222.25	237.00	191.00	41.00	1	3	

4	4	0	0

4	5	72.007	3
1	158.00	284.00	131.38	279.50	27.00	1	4	
2	131.38	279.50	100.80	274.33	31.01	0	
3	100.80	274.33	87.00	272.00	14.00	1	5	

4	6	98.995	4
1	158.00	284.00	161.82	257.27	27.00	1	4	
2	161.82	257.27	166.13	227.10	30.48	0	
3	166.13	227.10	169.03	206.79	20.51	1	8	
4	169.03	206.79	172.00	186.00	21.00	2	6	8	

4	7	258.414	5
1	158.00	284.00	147.24	259.24	27.00	1	4	
2	147.24	259.24	138.81	239.84	21.16	0	
3	138.81	239.84	105.55	163.31	83.44	0	
4	105.55	163.31	74.13	91.02	78.82	0	
5	74.13	91.02	55.00	47.00	48.00	1	7	

4	8	90.956	3
1	158.00	284.00	151.17	257.88	27.00	1	4	
2	151.17	257.88	146.13	238.57	19.96	0	
3	146.13	238.57	135.00	196.00	44.00	0	

5	0	294.491	6
1	87.00	272.00	96.03	261.30	14.00	1	5	
2	96.03	261.30	117.20	236.24	32.81	0	
3	117.20	236.24	152.68	194.22	54.99	1	8	
4	152.68	194.22	171.69	171.71	29.47	2	6	8	
5	171.69	171.71	176.87	165.57	8.03	1	6	
6	176.87	165.57	277.00	47.00	155.19	0	

5	1	198.217	4
1	87.00	272.00	83.26	258.51	14.00	1	5	
2	83.26	258.51	36.90	91.46	173.36	0	
3	36.90	91.46	34.53	82.93	8.85	1	7	
4	34.53	82.93	34.00	81.00	2.00	2	1	7	

5	2	103.325	3
1	87.00	272.00	100.55	268.48	14.00	1	5	
2	100.55	268.48	176.35	248.77	78.32	0	
3	176.35	248.77	187.00	246.00	11.00	1	2	

5	3	170.473	3
1	87.00	272.00	99.32	265.35	14.00	1	5	
2	99.32	265.35	200.92	210.48	115.47	0	
3	200.92	210.48	237.00	191.00	41.00	1	3	

5	4	72.007	3
1	87.00	272.00	100.80	274.33	14.00	1	5	
2	100.80	274.33	131.38	279.50	31.01	0	
3	131.38	279.50	158.00	284.00	27.00	1	4	

5	5	0	0

5	6	120.917	4
1	87.00	272.00	96.84	262.04	14.00	1	5	
2	96.84	262.04	120.92	237.69	34.25	0	
3	120.92	237.69	157.24	200.94	51.67	1	8	
4	157.24	200.94	172.00	186.00	21.00	2	6	8	

5	7	227.264	3
1	87.00	272.00	85.03	258.14	14.00	1	5	
2	85.03	258.14	61.76	94.52	165.26	0	
3	61.76	94.52	55.00	47.00	48.00	0	

5	8	89.889	3
1	87.00	272.00	94.48	260.16	14.00	1	5	
2	94.48	260.16	111.50	233.20	31.89	0	
3	111.50	233.20	135.00	196.00	44.00	1	8	

6	0	174.201	3
1	172.00	186.00	176.17	180.48	6.92	2	6	8	
2	176.17	180.48	184.66	169.24	14.08	1	6	
3	184.66	169.24	277.00	47.00	153.20	0	

6	1	173.404	5
1	172.00	186.00	155.29	173.28	21.00	2	6	8	
2	155.29	173.28	128.04	152.55	34.24	1	8	
3	128.04	152.55	52.30	94.92	95.17	0	
4	52.30	94.92	35.59	82.21	20.99	1	7	
5	35.59	82.21	34.00	81.00	2.00	2	1	7	

6	2	61.847	4
1	172.00	186.00	177.09	206.37	21.00	2	6	8	
2	177.09	206.37	177.42	207.68	1.35	1	8	
3	177.42	207.68	184.33	235.33	28.50	0	
4	184.33	235.33	187.00	246.00	11.00	1	2	

6	3	65.192	4
1	172.00	186.00	177.95	186.46	5.97	2	6	8	
2	177.95	186.46	192.94	187.61	15.03	1	6	
3	192.94	187.61	196.12	187.86	3.19	0	
4	196.12	187.86	237.00	191.00	41.00	1	3	

6	4	98.995	4
1	172.00	186.00	169.03	206.79	21.00	2	6	8	
2	169.03	206.79	166.13	227.10	20.51	1	8	
3	166.13	227.10	161.82	257.27	30.48	0	
4	161.82	257.27	158.00	284.00	27.00	1	4	

6	5	120.917	4
1	172.00	186.00	157.24	200.94	21.00	2	6	8	
2	157.24	200.94	120.92	237.69	51.67	1	8	
3	120.92	237.69	96.84	262.04	34.25	0	
4	96.84	262.04	87.00	272.00	14.00	1	5	

6	6	0	0

6	7	181.687	4
1	172.00	186.00	158.48	169.93	21.00	2	6	8	
2	158.48	169.93	144.20	152.97	22.17	1	8	
3	144.20	152.97	85.91	83.72	90.52	0	
4	85.91	83.72	55.00	47.00	48.00	1	7	

6	8	38.328	2
1	172.00	186.00	151.73	191.48	21.00	2	6	8	
2	151.73	191.48	135.00	196.00	17.33	1	8	

7	0	222.000	2
1	55.00	47.00	103.00	47.00	48.00	1	7	
2	103.00	47.00	277.00	47.00	174.00	0	

7	1	39.962	2
1	55.00	47.00	35.05	79.30	37.96	1	7	
2	35.05	79.30	34.00	81.00	2.00	2	1	7	

7	2	238.799	7
1	55.00	47.00	81.53	87.00	48.00	1	7	
2	81.53	87.00	125.36	153.07	79.28	0	
3	125.36	153.07	152.72	194.31	49.49	1	8	
4	152.72	194.31	156.84	200.53	7.46	2	6	8	
5	156.84	200.53	170.80	221.58	25.26	1	8	
6	170.80	221.58	180.92	236.83	18.31	0	
7	180.92	236.83	187.00	246.00	11.00	1	2	

7	3	232.078	3
1	55.00	47.00	92.64	76.78	48.00	1	7	
2	92.64	76.78	204.85	165.56	143.08	0	
3	204.85	165.56	237.00	191.00	41.00	1	3	

7	4	258.414	5
1	55.00	47.00	74.13	91.02	48.00	1	7	
2	74.13	91.02	105.55	163.31	78.82	0	
3	105.55	163.31	138.81	239.84	83.44	0	
4	138.81	239.84	147.24	259.24	21.16	0	
5	147.24	259.24	158.00	284.00	27.00	1	4	

7	5	227.264	3
1	55.00	47.00	61.76	94.52	48.00	0	
2	61.76	94.52	85.03	258.14	165.26	0	
3	85.03	258.14	87.00	272.00	14.00	1	5	

7	6	181.687	4
1	55.00	47.00	85.91	83.72	48.00	1	7	
2	85.91	83.72	144.20	152.97	90.52	0	
3	144.20	152.97	158.48	169.93	22.17	1	8	
4	158.48	169.93	172.00	186.00	21.00	2	6	8	

7	7	0	0

7	8	169.118	3
1	55.00	47.00	77.71	89.29	48.00	1	7	
2	77.71	89.29	114.19	157.23	77.12	0	
3	114.19	157.23	135.00	196.00	44.00	1	8	

8	0	205.828	4
1	135.00	196.00	152.95	177.17	26.02	1	8	
2	152.95	177.17	162.26	167.39	13.50	2	6	8	
3	162.26	167.39	165.36	164.15	4.48	1	8	
4	165.36	164.15	277.00	47.00	161.83	0	

8	1	153.056	4
1	135.00	196.00	105.96	162.94	44.00	1	8	
2	105.96	162.94	45.45	94.04	91.70	0	
3	45.45	94.04	35.32	82.50	15.36	1	7	
4	35.32	82.50	34.00	81.00	2.00	2	1	7	

8	2	72.139	3
1	135.00	196.00	166.72	226.50	44.00	1	8	
2	166.72	226.50	179.07	238.38	17.14	0	
3	179.07	238.38	187.00	246.00	11.00	1	2	

8	3	102.122	5
1	135.00	196.00	153.08	195.11	18.10	1	8	
2	153.08	195.11	178.95	193.85	25.90	2	6	8	
3	178.95	193.85	191.72	193.22	12.79	1	6	
4	191.72	193.22	196.05	193.01	4.33	0	
5	196.05	193.01	237.00	191.00	41.00	1	3	

8	4	90.956	3
1	135.00	196.00	146.13	238.57	44.00	0	
2	146.13	238.57	151.17	257.88	19.96	0	
3	151.17	257.88	158.00	284.00	27.00	1	4	

8	5	89.889	3
1	135.00	196.00	111.50	233.20	44.00	1	8	
2	111.50	233.20	94.48	260.16	31.89	0	
3	94.48	260.16	87.00	272.00	14.00	1	5	

8	6	38.328	2
1	135.00	196.00	151.73	191.48	17.33	1	8	
2	151.73	191.48	172.00	186.00	21.00	2	6	8	

8	7	169.118	3
1	135.00	196.00	114.19	157.23	44.00	1	8	
2	114.19	157.23	77.71	89.29	77.12	0	
3	77.71	89.29	55.00	47.00	48.00	1	7	

8	8	0	0