9	109	2	0.001	40.0
297.000	18.000	0.000	6.000	0.000
108.000	189.000	7.000	1.000	9.000
98.000	84.000	12.000	1.000	6.000
79.000	102.000	35.000	10.000	19.000
121.000	66.000	23.000	3.000	6.000
276.000	198.000	18.000	2.000	13.000
103.000	140.000	26.000	6.000	8.000
212.000	5.000	35.000	1.000	17.000
285.000	108.000	13.000	4.000	15.000

0	0	0	0

0	1	254.876	2
1	297.00	18.00	113.19	184.30	247.88	0	
2	113.19	184.30	108.00	189.00	7.00	1	1	

0	2	209.659	5
1	297.00	18.00	143.83	68.80	161.38	0	
2	143.83	68.80	109.39	80.22	36.28	1	4	
3	109.39	80.22	107.01	81.01	2.51	2	2	4	
4	107.01	81.01	104.37	81.89	2.78	3	2	3	4	
5	104.37	81.89	98.00	84.00	6.71	2	2	3	

0	3	233.624	6
1	297.00	18.00	140.41	78.34	167.81	0	
2	140.41	78.34	114.89	88.17	27.35	1	4	
3	114.89	88.17	111.66	89.42	3.46	0	
4	111.66	89.42	107.82	90.89	4.11	1	3	
5	107.82	90.89	95.34	95.70	13.37	2	2	3	
6	95.34	95.70	79.00	102.00	17.52	1	3	

0	4	182.428	4
1	297.00	18.00	223.65	38.01	76.03	0	
2	223.65	38.01	218.72	39.35	5.10	1	7	
3	218.72	39.35	143.19	59.95	78.29	0	
4	143.19	59.95	121.00	66.00	23.00	1	4	

0	5	181.221	4
1	297.00	18.00	287.98	95.35	77.87	0	
2	287.98	95.35	284.98	121.00	25.83	1	8	
3	284.98	121.00	278.09	180.12	59.52	0	
4	278.09	180.12	276.00	198.00	18.00	0	

0	6	229.172	2
1	297.00	18.00	125.01	126.16	203.17	0	
2	125.01	126.16	103.00	140.00	26.00	1	6	

0	7	85.988	2
1	297.00	18.00	246.60	10.29	50.99	0	
2	246.60	10.29	212.00	5.00	35.00	1	7	

0	8	90.796	2
1	297.00	18.00	286.72	95.11	77.80	0	
2	286.72	95.11	285.00	108.00	13.00	1	8	

1	0	254.876	2
1	108.00	189.00	113.19	184.30	7.00	1	1	
2	113.19	184.30	297.00	18.00	247.88	0	

1	1	0	0

1	2	105.475	6
1	108.00	189.00	107.34	182.03	7.00	1	1	
2	107.34	182.03	105.80	165.85	16.25	0	
3	105.80	165.85	102.21	128.20	37.82	0	
4	102.21	128.20	100.87	114.09	14.17	2	3	6	
5	100.87	114.09	99.14	95.95	18.22	1	3	
6	99.14	95.95	98.00	84.00	12.00	2	2	3	

1	3	91.706	5
1	108.00	189.00	105.79	182.36	7.00	1	1	
2	105.79	182.36	100.29	165.86	17.39	0	
3	100.29	165.86	90.07	135.20	32.31	1	6	
4	90.07	135.20	85.31	120.94	15.03	2	3	6	
5	85.31	120.94	79.00	102.00	19.97	1	3	

1	4	123.685	5
1	108.00	189.00	108.74	182.04	7.00	1	1	
2	108.74	182.04	110.55	164.88	17.25	0	
3	110.55	164.88	115.58	117.25	47.90	1	6	
4	115.58	117.25	118.58	88.87	28.53	0	
5	118.58	88.87	121.00	66.00	23.00	1	4	

1	5	168.241	3
1	108.00	189.00	114.99	189.37	7.00	1	1	
2	114.99	189.37	258.03	197.04	143.24	0	
3	258.03	197.04	276.00	198.00	18.00	1	5	

1	6	49.254	3
1	108.00	189.00	107.29	182.04	7.00	1	1	
2	107.29	182.04	105.64	165.87	16.25	0	
3	105.64	165.87	103.00	140.00	26.00	0	

1	7	211.358	3
1	108.00	189.00	111.44	182.91	7.00	1	1	
2	111.44	182.91	194.78	35.47	169.36	0	
3	194.78	35.47	212.00	5.00	35.00	1	7	

1	8	194.654	3
1	108.00	189.00	114.37	186.09	7.00	1	1	
2	114.37	186.09	273.18	113.41	174.65	0	
3	273.18	113.41	285.00	108.00	13.00	1	8	

2	0	209.659	5
1	98.00	84.00	104.37	81.89	6.71	2	2	3	
2	104.37	81.89	107.01	81.01	2.78	3	2	3	4	
3	107.01	81.01	109.39	80.22	2.51	2	2	4	
4	109.39	80.22	143.83	68.80	36.28	1	4	
5	143.83	68.80	297.00	18.00	161.38	0	

2	1	105.475	6
1	98.00	84.00	99.14	95.95	12.00	2	2	3	
2	99.14	95.95	100.87	114.09	18.22	1	3	
3	100.87	114.09	102.21	128.20	14.17	2	3	6	
4	102.21	128.20	105.80	165.85	37.82	0	
5	105.80	165.85	107.34	182.03	16.25	0	
6	107.34	182.03	108.00	189.00	7.00	1	1	

2	2	0	0

2	3	26.173	2
1	98.00	84.00	89.29	92.25	12.00	2	2	3	
2	89.29	92.25	79.00	102.00	14.17	1	3	

2	4	29.206	4
1	98.00	84.00	102.89	80.18	6.21	2	2	3	
2	102.89	80.18	104.97	78.54	2.65	3	2	3	4	
3	104.97	78.54	107.45	76.60	3.14	2	2	4	
4	107.45	76.60	121.00	66.00	17.21	1	4	

2	5	211.376	4
1	98.00	84.00	108.11	90.47	12.00	2	2	3	
2	108.11	90.47	112.97	93.59	5.78	1	3	
3	112.97	93.59	260.84	188.29	175.59	0	
4	260.84	188.29	276.00	198.00	18.00	1	5	

2	6	56.223	4
1	98.00	84.00	99.07	95.95	12.00	2	2	3	
2	99.07	95.95	100.69	114.10	18.22	1	3	
3	100.69	114.10	101.97	128.41	14.37	1	6	
4	101.97	128.41	103.00	140.00	11.63	1	6	

2	7	138.698	6
1	98.00	84.00	103.11	80.46	6.22	2	2	3	
2	103.11	80.46	105.32	78.93	2.69	3	2	3	4	
3	105.32	78.93	107.86	77.17	3.10	2	2	4	
4	107.86	77.17	140.82	54.33	40.09	1	4	
5	140.82	54.33	183.23	24.94	51.60	0	
6	183.23	24.94	212.00	5.00	35.00	1	7	

2	8	188.534	6
1	98.00	84.00	108.58	85.36	10.67	2	2	3	
2	108.58	85.36	109.88	85.52	1.31	3	2	3	4	
3	109.88	85.52	109.90	85.53	0.02	2	2	4	
4	109.90	85.53	128.13	87.87	18.38	1	4	
5	128.13	87.87	272.11	106.35	145.16	0	
6	272.11	106.35	285.00	108.00	13.00	1	8	

3	0	233.624	6
1	79.00	102.00	95.34	95.70	17.52	1	3	
2	95.34	95.70	107.82	90.89	13.37	2	2	3	
3	107.82	90.89	111.66	89.42	4.11	1	3	
4	111.66	89.42	114.89	88.17	3.46	0	
5	114.89	88.17	140.41	78.34	27.35	1	4	
6	140.41	78.34	297.00	18.00	167.81	0	

3	1	91.706	5
1	79.00	102.00	85.31	120.94	19.97	1	3	
2	85.31	120.94	90.07	135.20	15.03	2	3	6	
3	90.07	135.20	100.29	165.86	32.31	1	6	
4	100.29	165.86	105.79	182.36	17.39	0	
5	105.79	182.36	108.00	189.00	7.00	1	1	

3	2	26.173	2
1	79.00	102.00	89.29	92.25	14.17	1	3	
2	89.29	92.25	98.00	84.00	12.00	2	2	3	

3	3	0	0

3	4	55.317	5
1	79.00	102.00	89.79	92.75	14.21	1	3	
2	89.79	92.75	103.54	80.97	18.11	2	2	3	
3	103.54	80.97	105.57	79.22	2.68	3	2	3	4	
4	105.57	79.22	107.90	77.22	3.07	2	2	4	
5	107.90	77.22	121.00	66.00	17.25	1	4	

3	5	219.146	5
1	79.00	102.00	103.64	114.01	27.41	1	3	
2	103.64	114.01	110.46	117.33	7.59	2	3	6	
3	110.46	117.33	123.08	123.48	14.03	1	6	
4	123.08	123.48	259.82	190.11	152.12	0	
5	259.82	190.11	276.00	198.00	18.00	1	5	

3	6	44.944	3
1	79.00	102.00	89.12	118.02	18.94	1	3	
2	89.12	118.02	97.69	131.59	16.06	2	3	6	
3	97.69	131.59	103.00	140.00	9.94	1	6	

3	7	164.615	7
1	79.00	102.00	90.66	93.49	14.43	1	3	
2	90.66	93.49	105.31	82.81	18.13	2	2	3	
3	105.31	82.81	107.28	81.38	2.44	3	2	3	4	
4	107.28	81.38	109.28	79.91	2.48	2	2	4	
5	109.28	79.91	141.81	56.19	40.25	1	4	
6	141.81	56.19	183.72	25.62	51.88	0	
7	183.72	25.62	212.00	5.00	35.00	1	7	

3	8	206.087	3
1	79.00	102.00	113.99	103.02	35.00	1	3	
2	113.99	103.02	272.01	107.62	158.09	0	
3	272.01	107.62	285.00	108.00	13.00	1	8	

4	0	182.428	4
1	121.00	66.00	143.19	59.95	23.00	1	4	
2	143.19	59.95	218.72	39.35	78.29	0	
3	218.72	39.35	223.65	38.01	5.10	1	7	
4	223.65	38.01	297.00	18.00	76.03	0	

4	1	123.685	5
1	121.00	66.00	118.58	88.87	23.00	1	4	
2	118.58	88.87	115.58	117.25	28.53	0	
3	115.58	117.25	110.55	164.88	47.90	1	6	
4	110.55	164.88	108.74	182.04	17.25	0	
5	108.74	182.04	108.00	189.00	7.00	1	1	

4	2	29.206	4
1	121.00	66.00	107.45	76.60	17.21	1	4	
2	107.45	76.60	104.97	78.54	3.14	2	2	4	
3	104.97	78.54	102.89	80.18	2.65	3	2	3	4	
4	102.89	80.18	98.00	84.00	6.21	2	2	3	

4	3	55.317	5
1	121.00	66.00	107.90	77.22	17.25	1	4	
2	107.90	77.22	105.57	79.22	3.07	2	2	4	
3	105.57	79.22	103.54	80.97	2.68	3	2	3	4	
4	103.54	80.97	89.79	92.75	18.11	2	2	3	
5	89.79	92.75	79.00	102.00	14.21	1	3	

4	4	0	0

4	5	203.590	3
1	121.00	66.00	138.51	80.91	23.00	1	4	
2	138.51	80.91	262.30	186.33	162.59	0	
3	262.30	186.33	276.00	198.00	18.00	1	5	

4	6	76.158	5
1	121.00	66.00	115.56	88.35	23.00	1	4	
2	115.56	88.35	113.57	96.54	8.43	0	
3	113.57	96.54	109.15	114.74	18.73	1	3	
4	109.15	114.74	107.20	122.73	8.23	2	3	6	
5	107.20	122.73	103.00	140.00	17.77	1	6	

4	7	109.554	3
1	121.00	66.00	140.10	53.19	23.00	1	4	
2	140.10	53.19	182.93	24.49	51.55	0	
3	182.93	24.49	212.00	5.00	35.00	1	7	

4	8	169.293	3
1	121.00	66.00	143.28	71.71	23.00	1	4	
2	143.28	71.71	272.41	104.77	133.29	0	
3	272.41	104.77	285.00	108.00	13.00	1	8	

5	0	181.221	4
1	276.00	198.00	278.09	180.12	18.00	0	
2	278.09	180.12	284.98	121.00	59.52	0	
3	284.98	121.00	287.98	95.35	25.83	1	8	
4	287.98	95.35	297.00	18.00	77.87	0	

5	1	168.241	3
1	276.00	198.00	258.03	197.04	18.00	1	5	
2	258.03	197.04	114.99	189.37	143.24	0	
3	114.99	189.37	108.00	189.00	7.00	1	1	

5	2	211.376	4
1	276.00	198.00	260.84	188.29	18.00	1	5	
2	260.84	188.29	112.97	93.59	175.59	0	
3	112.97	93.59	108.11	90.47	5.78	1	3	
4	108.11	90.47	98.00	84.00	12.00	2	2	3	

5	3	219.146	5
1	276.00	198.00	259.82	190.11	18.00	1	5	
2	259.82	190.11	123.08	123.48	152.12	0	
3	123.08	123.48	110.46	117.33	14.03	1	6	
4	110.46	117.33	103.64	114.01	7.59	2	3	6	
5	103.64	114.01	79.00	102.00	27.41	1	3	

5	4	203.590	3
1	276.00	198.00	262.30	186.33	18.00	1	5	
2	262.30	186.33	138.51	80.91	162.59	0	
3	138.51	80.91	121.00	66.00	23.00	1	4	

5	5	0	0

5	6	182.464	3
1	276.00	198.00	258.93	192.28	18.00	1	5	
2	258.93	192.28	127.65	148.26	138.46	0	
3	127.65	148.26	103.00	140.00	26.00	1	6	

5	7	203.335	3
1	276.00	198.00	270.33	180.91	18.00	1	5	
2	270.33	180.91	223.02	38.22	150.33	0	
3	223.02	38.22	212.00	5.00	35.00	1	7	

5	8	90.449	3
1	276.00	198.00	277.79	180.09	18.00	0	
2	277.79	180.09	283.71	120.94	59.45	0	
3	283.71	120.94	285.00	108.00	13.00	1	8	

6	0	229.172	2
1	103.00	140.00	125.01	126.16	26.00	1	6	
2	125.01	126.16	297.00	18.00	203.17	0	

6	1	49.254	3
1	103.00	140.00	105.64	165.87	26.00	0	
2	105.64	165.87	107.29	182.04	16.25	0	
3	107.29	182.04	108.00	189.00	7.00	1	1	

6	2	56.223	4
1	103.00	140.00	101.97	128.41	11.63	1	6	
2	101.97	128.41	100.69	114.10	14.37	1	6	
3	100.69	114.10	99.07	95.95	18.22	1	3	
4	99.07	95.95	98.00	84.00	12.00	2	2	3	

6	3	44.944	3
1	103.00	140.00	97.69	131.59	9.94	1	6	
2	97.69	131.59	89.12	118.02	16.06	2	3	6	
3	89.12	118.02	79.00	102.00	18.94	1	3	

6	4	76.158	5
1	103.00	140.00	107.20	122.73	17.77	1	6	
2	107.20	122.73	109.15	114.74	8.23	2	3	6	
3	109.15	114.74	113.57	96.54	18.73	1	3	
4	113.57	96.54	115.56	88.35	8.43	0	
5	115.56	88.35	121.00	66.00	23.00	1	4	

6	5	182.464	3
1	103.00	140.00	127.65	148.26	26.00	1	6	
2	127.65	148.26	258.93	192.28	138.46	0	
3	258.93	192.28	276.00	198.00	18.00	1	5	

6	6	0	0

6	7	173.511	3
1	103.00	140.00	119.33	119.77	26.00	1	6	
2	119.33	119.77	190.01	32.23	112.51	0	
3	190.01	32.23	212.00	5.00	35.00	1	7	

6	8	184.792	3
1	103.00	140.00	128.61	135.50	26.00	1	6	
2	128.61	135.50	272.20	110.25	145.79	0	
3	272.20	110.25	285.00	108.00	13.00	1	8	

7	0	85.988	2
1	212.00	5.00	246.60	10.29	35.00	1	7	
2	246.60	10.29	297.00	18.00	50.99	0	

7	1	211.358	3
1	212.00	5.00	194.78	35.47	35.00	1	7	
2	194.78	35.47	111.44	182.91	169.36	0	
3	111.44	182.91	108.00	189.00	7.00	1	1	

7	2	138.698	6
1	212.00	5.00	183.23	24.94	35.00	1	7	
2	183.23	24.94	140.82	54.33	51.60	0	
3	140.82	54.33	107.86	77.17	40.09	1	4	
4	107.86	77.17	105.32	78.93	3.10	2	2	4	
5	105.32	78.93	103.11	80.46	2.69	3	2	3	4	
6	103.11	80.46	98.00	84.00	6.22	2	2	3	

7	3	164.615	7
1	212.00	5.00	183.72	25.62	35.00	1	7	
2	183.72	25.62	141.81	56.19	51.88	0	
3	141.81	56.19	109.28	79.91	40.25	1	4	
4	109.28	79.91	107.28	81.38	2.48	2	2	4	
5	107.28	81.38	105.31	82.81	2.44	3	2	3	4	
6	105.31	82.81	90.66	93.49	18.13	2	2	3	
7	90.66	93.49	79.00	102.00	14.43	1	3	

7	4	109.554	3
1	212.00	5.00	182.93	24.49	35.00	1	7	
2	182.93	24.49	140.10	53.19	51.55	0	
3	140.10	53.19	121.00	66.00	23.00	1	4	

7	5	203.335	3
1	212.00	5.00	223.02	38.22	35.00	1	7	
2	223.02	38.22	270.33	180.91	150.33	0	
3	270.33	180.91	276.00	198.00	18.00	1	5	

7	6	173.511	3
1	212.00	5.00	190.01	32.23	35.00	1	7	
2	190.01	32.23	119.33	119.77	112.51	0	
3	119.33	119.77	103.00	140.00	26.00	1	6	

7	7	0	0

7	8	126.246	3
1	212.00	5.00	232.24	33.56	35.00	1	7	
2	232.24	33.56	277.48	97.39	78.25	0	
3	277.48	97.39	285.00	108.00	13.00	1	8	

8	0	90.796	2
1	285.00	108.00	286.72	95.11	13.00	1	8	
2	286.72	95.11	297.00	18.00	77.80	0	

8	1	194.654	3
1	285.00	108.00	273.18	113.41	13.00	1	8	
2	273.18	113.41	114.37	186.09	174.65	0	
3	114.37	186.09	108.00	189.00	7.00	1	1	

8	2	188.534	6
1	285.00	108.00	272.11	106.35	13.00	1	8	
2	272.11	106.35	128.13	87.87	145.16	0	
3	128.13	87.87	109.90	85.53	18.38	1	4	
4	109.90	85.53	109.88	85.52	0.02	2	2	4	
5	109.88	85.52	108.58	85.36	1.31	3	2	3	4	
6	108.58	85.36	98.00	84.00	10.67	2	2	3	

8	3	206.087	3
1	285.00	108.00	272.01	107.62	13.00	1	8	
2	272.01	107.62	113.99	103.02	158.09	0	
3	113.99	103.02	79.00	102.00	35.00	1	3	

8	4	169.293	3
1	285.00	108.00	272.41	104.77	13.00	1	8	
2	272.41	104.77	143.28	71.71	133.29	0	
3	143.28	71.71	121.00	66.00	23.00	1	4	

8	5	90.449	3
1	285.00	108.00	283.71	120.94	13.00	1	8	
2	283.71	120.94	277.79	180.09	59.45	0	
3	277.79	180.09	276.00	198.00	18.00	0	

8	6	184.792	3
1	285.00	108.00	272.20	110.25	13.00	1	8	
2	272.20	110.25	128.61	135.50	145.79	0	
3	128.61	135.50	103.00	140.00	26.00	1	6	

8	7	126.246	3
1	285.00	108.00	277.48	97.39	13.00	1	8	
2	277.48	97.39	232.24	33.56	78.25	0	
3	232.24	33.56	212.00	5.00	35.00	1	7	

8	8	0	0