9	123	2	0.001	40.0
229.000	149.000	0.000	5.000	0.000
199.000	271.000	25.000	6.000	20.000
67.000	236.000	37.000	7.000	6.000
179.000	67.000	11.000	6.000	4.000
74.000	225.000	24.000	7.000	6.000
287.000	193.000	20.000	10.000	14.000
80.000	218.000	18.000	3.000	17.000
116.000	18.000	18.000	2.000	13.000
176.000	258.000	26.000	5.000	16.000

0	0	0	0

0	1	125.634	4
1	229.00	149.00	204.97	246.72	100.63	0	
2	204.97	246.72	201.99	258.86	12.50	1	1	
3	201.99	258.86	199.42	269.29	10.75	2	1	8	
4	199.42	269.29	199.00	271.00	1.76	1	1	

0	2	183.883	5
1	229.00	149.00	99.60	218.49	146.88	0	
2	99.60	218.49	97.95	219.38	1.87	1	2	
3	97.95	219.38	97.40	219.67	0.62	2	2	6	
4	97.40	219.67	71.24	233.72	29.70	3	2	4	6	
5	71.24	233.72	67.00	236.00	4.81	2	2	4	

0	3	96.042	2
1	229.00	149.00	184.73	76.39	85.04	0	
2	184.73	76.39	179.00	67.00	11.00	1	3	

0	4	172.630	4
1	229.00	149.00	97.43	213.51	146.53	0	
2	97.43	213.51	96.66	213.89	0.85	1	6	
3	96.66	213.89	95.55	214.43	1.24	2	2	6	
4	95.55	214.43	74.00	225.00	24.00	3	2	4	6	

0	5	72.801	2
1	229.00	149.00	271.07	180.91	52.80	0	
2	271.07	180.91	287.00	193.00	20.00	1	5	

0	6	164.201	4
1	229.00	149.00	96.33	210.44	146.20	0	
2	96.33	210.44	94.52	211.27	1.99	1	6	
3	94.52	211.27	93.89	211.57	0.70	2	2	6	
4	93.89	211.57	80.00	218.00	15.31	3	2	4	6	

0	7	173.003	2
1	229.00	149.00	127.76	31.63	155.00	0	
2	127.76	31.63	116.00	18.00	18.00	1	7	

0	8	121.202	2
1	229.00	149.00	187.37	234.62	95.20	0	
2	187.37	234.62	176.00	258.00	26.00	1	8	

1	0	125.634	4
1	199.00	271.00	199.42	269.29	1.76	1	1	
2	199.42	269.29	201.99	258.86	10.75	2	1	8	
3	201.99	258.86	204.97	246.72	12.50	1	1	
4	204.97	246.72	229.00	149.00	100.63	0	

1	1	0	0

1	2	136.561	6
1	199.00	271.00	198.58	270.89	0.43	1	1	
2	198.58	270.89	174.84	264.59	24.57	2	1	8	
3	174.84	264.59	150.00	258.01	25.69	1	8	
4	150.00	258.01	102.76	245.48	48.87	0	
5	102.76	245.48	90.66	242.27	12.52	1	2	
6	90.66	242.27	67.00	236.00	24.48	2	2	4	

1	3	204.978	5
1	199.00	271.00	198.93	270.26	0.74	1	1	
2	198.93	270.26	196.56	246.12	24.26	2	1	8	
3	196.56	246.12	196.11	241.52	4.62	1	8	
4	196.11	241.52	180.07	77.95	164.36	0	
5	180.07	77.95	179.00	67.00	11.00	1	3	

1	4	133.195	7
1	199.00	271.00	198.60	270.85	0.43	1	1	
2	198.60	270.85	175.54	262.37	24.57	2	1	8	
3	175.54	262.37	150.46	253.14	26.72	1	8	
4	150.46	253.14	104.00	236.04	49.50	0	
5	104.00	236.04	96.52	233.29	7.97	1	2	
6	96.52	233.29	91.83	231.56	5.00	2	2	4	
7	91.83	231.56	74.00	225.00	19.00	3	2	4	6	

1	5	117.593	3
1	199.00	271.00	217.71	254.42	25.00	1	1	
2	217.71	254.42	272.03	206.27	72.59	0	
3	272.03	206.27	287.00	193.00	20.00	1	5	

1	6	130.269	7
1	199.00	271.00	198.61	270.83	0.42	1	1	
2	198.61	270.83	176.16	260.83	24.58	2	1	8	
3	176.16	260.83	151.34	249.77	27.18	1	8	
4	151.34	249.77	103.20	228.33	52.70	0	
5	103.20	228.33	97.98	226.01	5.71	1	2	
6	97.98	226.01	96.44	225.32	1.68	2	2	4	
7	96.44	225.32	80.00	218.00	18.00	3	2	4	6	

1	7	266.267	5
1	199.00	271.00	198.82	270.46	0.57	1	1	
2	198.82	270.46	191.21	247.25	24.43	2	1	8	
3	191.21	247.25	187.01	234.45	13.47	1	8	
4	187.01	234.45	121.61	35.10	209.80	0	
5	121.61	35.10	116.00	18.00	18.00	1	7	

1	8	26.420	3
1	199.00	271.00	198.63	270.79	0.42	1	1	
2	198.63	270.79	177.24	258.70	24.58	2	1	8	
3	177.24	258.70	176.00	258.00	1.42	1	8	

2	0	183.883	5
1	67.00	236.00	71.24	233.72	4.81	2	2	4	
2	71.24	233.72	97.40	219.67	29.70	3	2	4	6	
3	97.40	219.67	97.95	219.38	0.62	2	2	6	
4	97.95	219.38	99.60	218.49	1.87	1	2	
5	99.60	218.49	229.00	149.00	146.88	0	

2	1	136.561	6
1	67.00	236.00	90.66	242.27	24.48	2	2	4	
2	90.66	242.27	102.76	245.48	12.52	1	2	
3	102.76	245.48	150.00	258.01	48.87	0	
4	150.00	258.01	174.84	264.59	25.69	1	8	
5	174.84	264.59	198.58	270.89	24.57	2	1	8	
6	198.58	270.89	199.00	271.00	0.43	1	1	

2	2	0	0

2	3	202.744	6
1	67.00	236.00	69.32	232.49	4.21	2	2	4	
2	69.32	232.49	87.44	205.16	32.79	3	2	4	6	
3	87.44	205.16	87.46	205.13	0.03	2	4	6	
4	87.46	205.13	89.19	202.52	3.13	1	6	
5	89.19	202.52	172.92	76.17	151.58	0	
6	172.92	76.17	179.00	67.00	11.00	1	3	

2	4	13.038	2
1	67.00	236.00	69.26	232.45	4.21	2	2	4	
2	69.26	232.45	74.00	225.00	8.83	3	2	4	6	

2	5	224.163	6
1	67.00	236.00	73.40	234.75	6.53	2	2	4	
2	73.40	234.75	92.42	231.03	19.37	3	2	4	6	
3	92.42	231.03	97.46	230.05	5.14	2	2	4	
4	97.46	230.05	103.31	228.90	5.96	1	2	
5	103.31	228.90	267.37	196.84	167.16	0	
6	267.37	196.84	287.00	193.00	20.00	1	5	

2	6	22.204	2
1	67.00	236.00	69.46	232.59	4.20	2	2	4	
2	69.46	232.59	80.00	218.00	18.00	3	2	4	6	

2	7	223.439	6
1	67.00	236.00	68.03	231.44	4.67	2	2	4	
2	68.03	231.44	74.86	201.02	31.18	3	2	4	6	
3	74.86	201.02	74.93	200.73	0.29	2	2	6	
4	74.93	200.73	75.11	199.90	0.85	0	
5	75.11	199.90	112.05	35.56	168.44	0	
6	112.05	35.56	116.00	18.00	18.00	1	7	

2	8	111.198	4
1	67.00	236.00	91.87	241.02	25.37	2	2	4	
2	91.87	241.02	103.27	243.32	11.63	1	2	
3	103.27	243.32	150.51	252.86	48.20	0	
4	150.51	252.86	176.00	258.00	26.00	1	8	

3	0	96.042	2
1	179.00	67.00	184.73	76.39	11.00	1	3	
2	184.73	76.39	229.00	149.00	85.04	0	

3	1	204.978	5
1	179.00	67.00	180.07	77.95	11.00	1	3	
2	180.07	77.95	196.11	241.52	164.36	0	
3	196.11	241.52	196.56	246.12	4.62	1	8	
4	196.56	246.12	198.93	270.26	24.26	2	1	8	
5	198.93	270.26	199.00	271.00	0.74	1	1	

3	2	202.744	6
1	179.00	67.00	172.92	76.17	11.00	1	3	
2	172.92	76.17	89.19	202.52	151.58	0	
3	89.19	202.52	87.46	205.13	3.13	1	6	
4	87.46	205.13	87.44	205.16	0.03	2	4	6	
5	87.44	205.16	69.32	232.49	32.79	3	2	4	6	
6	69.32	232.49	67.00	236.00	4.21	2	2	4	

3	3	0	0

3	4	189.708	5
1	179.00	67.00	172.91	76.16	11.00	1	3	
2	172.91	76.16	89.01	202.42	151.59	0	
3	89.01	202.42	87.28	205.01	3.12	1	6	
4	87.28	205.01	87.26	205.04	0.04	2	4	6	
5	87.26	205.04	74.00	225.00	23.96	3	2	4	6	

3	5	165.952	3
1	179.00	67.00	186.16	75.35	11.00	1	3	
2	186.16	75.35	273.98	177.81	134.95	0	
3	273.98	177.81	287.00	193.00	20.00	1	5	

3	6	180.560	5
1	179.00	67.00	172.97	76.20	11.00	1	3	
2	172.97	76.20	89.87	202.95	151.56	0	
3	89.87	202.95	88.13	205.60	3.17	1	6	
4	88.13	205.60	88.12	205.62	0.02	2	4	6	
5	88.12	205.62	80.00	218.00	14.81	3	2	4	6	

3	7	79.812	3
1	179.00	67.00	170.32	60.25	11.00	1	3	
2	170.32	60.25	130.21	29.05	50.81	0	
3	130.21	29.05	116.00	18.00	18.00	1	7	

3	8	191.024	3
1	179.00	67.00	178.83	78.00	11.00	0	
2	178.83	78.00	176.41	232.00	154.02	0	
3	176.41	232.00	176.00	258.00	26.00	1	8	

4	0	172.630	4
1	74.00	225.00	95.55	214.43	24.00	3	2	4	6	
2	95.55	214.43	96.66	213.89	1.24	2	2	6	
3	96.66	213.89	97.43	213.51	0.85	1	6	
4	97.43	213.51	229.00	149.00	146.53	0	

4	1	133.195	7
1	74.00	225.00	91.83	231.56	19.00	3	2	4	6	
2	91.83	231.56	96.52	233.29	5.00	2	2	4	
3	96.52	233.29	104.00	236.04	7.97	1	2	
4	104.00	236.04	150.46	253.14	49.50	0	
5	150.46	253.14	175.54	262.37	26.72	1	8	
6	175.54	262.37	198.60	270.85	24.57	2	1	8	
7	198.60	270.85	199.00	271.00	0.43	1	1	

4	2	13.038	2
1	74.00	225.00	69.26	232.45	8.83	3	2	4	6	
2	69.26	232.45	67.00	236.00	4.21	2	2	4	

4	3	189.708	5
1	74.00	225.00	87.26	205.04	23.96	3	2	4	6	
2	87.26	205.04	87.28	205.01	0.04	2	4	6	
3	87.28	205.01	89.01	202.42	3.12	1	6	
4	89.01	202.42	172.91	76.16	151.59	0	
5	172.91	76.16	179.00	67.00	11.00	1	3	

4	4	0	0

4	5	215.390	5
1	74.00	225.00	97.67	221.44	23.93	3	2	4	6	
2	97.67	221.44	97.73	221.43	0.07	2	2	4	
3	97.73	221.43	100.81	220.97	3.11	1	2	
4	100.81	220.97	267.22	195.97	168.28	0	
5	267.22	195.97	287.00	193.00	20.00	1	5	

4	6	9.220	1
1	74.00	225.00	80.00	218.00	9.22	3	2	4	6	

4	7	211.218	5
1	74.00	225.00	78.77	201.48	24.00	3	2	4	6	
2	78.77	201.48	78.88	200.96	0.53	2	2	6	
3	78.88	200.96	79.07	200.02	0.95	1	6	
4	79.07	200.02	112.42	35.64	167.73	0	
5	112.42	35.64	116.00	18.00	18.00	1	7	

4	8	107.205	5
1	74.00	225.00	92.47	230.98	19.42	3	2	4	6	
2	92.47	230.98	96.83	232.39	4.58	2	2	4	
3	96.83	232.39	103.98	234.70	7.51	1	2	
4	103.98	234.70	151.26	250.00	49.70	0	
5	151.26	250.00	176.00	258.00	26.00	1	8	

5	0	72.801	2
1	287.00	193.00	271.07	180.91	20.00	1	5	
2	271.07	180.91	229.00	149.00	52.80	0	

5	1	117.593	3
1	287.00	193.00	272.03	206.27	20.00	1	5	
2	272.03	206.27	217.71	254.42	72.59	0	
3	217.71	254.42	199.00	271.00	25.00	1	1	

5	2	224.163	6
1	287.00	193.00	267.37	196.84	20.00	1	5	
2	267.37	196.84	103.31	228.90	167.16	0	
3	103.31	228.90	97.46	230.05	5.96	1	2	
4	97.46	230.05	92.42	231.03	5.14	2	2	4	
5	92.42	231.03	73.40	234.75	19.37	3	2	4	6	
6	73.40	234.75	67.00	236.00	6.53	2	2	4	

5	3	165.952	3
1	287.00	193.00	273.98	177.81	20.00	1	5	
2	273.98	177.81	186.16	75.35	134.95	0	
3	186.16	75.35	179.00	67.00	11.00	1	3	

5	4	215.390	5
1	287.00	193.00	267.22	195.97	20.00	1	5	
2	267.22	195.97	100.81	220.97	168.28	0	
3	100.81	220.97	97.73	221.43	3.11	1	2	
4	97.73	221.43	97.67	221.44	0.07	2	2	4	
5	97.67	221.44	74.00	225.00	23.93	3	2	4	6	

5	5	0	0

5	6	208.504	5
1	287.00	193.00	267.14	195.40	20.00	1	5	
2	267.14	195.40	98.02	215.82	170.36	0	
3	98.02	215.82	97.87	215.84	0.15	1	2	
4	97.87	215.84	96.26	216.04	1.62	2	2	6	
5	96.26	216.04	80.00	218.00	16.38	3	2	4	6	

5	7	244.675	5
1	287.00	193.00	273.02	178.70	20.00	1	5	
2	273.02	178.70	172.67	76.00	143.59	0	
3	172.67	76.00	169.86	73.12	4.02	1	3	
4	169.86	73.12	128.58	30.87	59.06	0	
5	128.58	30.87	116.00	18.00	18.00	1	7	

5	8	128.631	5
1	287.00	193.00	269.74	203.11	20.00	1	5	
2	269.74	203.11	198.44	244.86	82.63	0	
3	198.44	244.86	196.23	246.15	2.56	1	8	
4	196.23	246.15	178.69	256.43	20.33	2	1	8	
5	178.69	256.43	176.00	258.00	3.11	1	8	

6	0	164.201	4
1	80.00	218.00	93.89	211.57	15.31	3	2	4	6	
2	93.89	211.57	94.52	211.27	0.70	2	2	6	
3	94.52	211.27	96.33	210.44	1.99	1	6	
4	96.33	210.44	229.00	149.00	146.20	0	

6	1	130.269	7
1	80.00	218.00	96.44	225.32	18.00	3	2	4	6	
2	96.44	225.32	97.98	226.01	1.68	2	2	4	
3	97.98	226.01	103.20	228.33	5.71	1	2	
4	103.20	228.33	151.34	249.77	52.70	0	
5	151.34	249.77	176.16	260.83	27.18	1	8	
6	176.16	260.83	198.61	270.83	24.58	2	1	8	
7	198.61	270.83	199.00	271.00	0.42	1	1	

6	2	22.204	2
1	80.00	218.00	69.46	232.59	18.00	3	2	4	6	
2	69.46	232.59	67.00	236.00	4.20	2	2	4	

6	3	180.560	5
1	80.00	218.00	88.12	205.62	14.81	3	2	4	6	
2	88.12	205.62	88.13	205.60	0.02	2	4	6	
3	88.13	205.60	89.87	202.95	3.17	1	6	
4	89.87	202.95	172.97	76.20	151.56	0	
5	172.97	76.20	179.00	67.00	11.00	1	3	

6	4	9.220	1
1	80.00	218.00	74.00	225.00	9.22	3	2	4	6	

6	5	208.504	5
1	80.00	218.00	96.26	216.04	16.38	3	2	4	6	
2	96.26	216.04	97.87	215.84	1.62	2	2	6	
3	97.87	215.84	98.02	215.82	0.15	1	2	
4	98.02	215.82	267.14	195.40	170.36	0	
5	267.14	195.40	287.00	193.00	20.00	1	5	

6	6	0	0

6	7	203.214	5
1	80.00	218.00	82.76	202.66	15.59	3	2	4	6	
2	82.76	202.66	82.78	202.54	0.12	2	2	6	
3	82.78	202.54	83.19	200.28	2.29	0	
4	83.19	200.28	112.81	35.72	167.21	0	
5	112.81	35.72	116.00	18.00	18.00	0	

6	8	104.000	5
1	80.00	218.00	96.62	224.92	18.00	3	2	4	6	
2	96.62	224.92	97.99	225.50	1.49	2	2	4	
3	97.99	225.50	103.03	227.60	5.46	1	2	
4	103.03	227.60	152.00	248.00	53.05	0	
5	152.00	248.00	176.00	258.00	26.00	1	8	

7	0	173.003	2
1	116.00	18.00	127.76	31.63	18.00	1	7	
2	127.76	31.63	229.00	149.00	155.00	0	

7	1	266.267	5
1	116.00	18.00	121.61	35.10	18.00	1	7	
2	121.61	35.10	187.01	234.45	209.80	0	
3	187.01	234.45	191.21	247.25	13.47	1	8	
4	191.21	247.25	198.82	270.46	24.43	2	1	8	
5	198.82	270.46	199.00	271.00	0.57	1	1	

7	2	223.439	6
1	116.00	18.00	112.05	35.56	18.00	1	7	
2	112.05	35.56	75.11	199.90	168.44	0	
3	75.11	199.90	74.93	200.73	0.85	0	
4	74.93	200.73	74.86	201.02	0.29	2	2	6	
5	74.86	201.02	68.03	231.44	31.18	3	2	4	6	
6	68.03	231.44	67.00	236.00	4.67	2	2	4	

7	3	79.812	3
1	116.00	18.00	130.21	29.05	18.00	1	7	
2	130.21	29.05	170.32	60.25	50.81	0	
3	170.32	60.25	179.00	67.00	11.00	1	3	

7	4	211.218	5
1	116.00	18.00	112.42	35.64	18.00	1	7	
2	112.42	35.64	79.07	200.02	167.73	0	
3	79.07	200.02	78.88	200.96	0.95	1	6	
4	78.88	200.96	78.77	201.48	0.53	2	2	6	
5	78.77	201.48	74.00	225.00	24.00	3	2	4	6	

7	5	244.675	5
1	116.00	18.00	128.58	30.87	18.00	1	7	
2	128.58	30.87	169.86	73.12	59.06	0	
3	169.86	73.12	172.67	76.00	4.02	1	3	
4	172.67	76.00	273.02	178.70	143.59	0	
5	273.02	178.70	287.00	193.00	20.00	1	5	

7	6	203.214	5
1	116.00	18.00	112.81	35.72	18.00	0	
2	112.81	35.72	83.19	200.28	167.21	0	
3	83.19	200.28	82.78	202.54	2.29	0	
4	82.78	202.54	82.76	202.66	0.12	2	2	6	
5	82.76	202.66	80.00	218.00	15.59	3	2	4	6	

7	7	0	0

7	8	247.386	3
1	116.00	18.00	120.37	35.46	18.00	1	7	
2	120.37	35.46	169.69	232.78	203.39	0	
3	169.69	232.78	176.00	258.00	26.00	1	8	

8	0	121.202	2
1	176.00	258.00	187.37	234.62	26.00	1	8	
2	187.37	234.62	229.00	149.00	95.20	0	

8	1	26.420	3
1	176.00	258.00	177.24	258.70	1.42	1	8	
2	177.24	258.70	198.63	270.79	24.58	2	1	8	
3	198.63	270.79	199.00	271.00	0.42	1	1	

8	2	111.198	4
1	176.00	258.00	150.51	252.86	26.00	1	8	
2	150.51	252.86	103.27	243.32	48.20	0	
3	103.27	243.32	91.87	241.02	11.63	1	2	
4	91.87	241.02	67.00	236.00	25.37	2	2	4	

8	3	191.024	3
1	176.00	258.00	176.41	232.00	26.00	1	8	
2	176.41	232.00	178.83	78.00	154.02	0	
3	178.83	78.00	179.00	67.00	11.00	0	

8	4	107.205	5
1	176.00	258.00	151.26	250.00	26.00	1	8	
2	151.26	250.00	103.98	234.70	49.70	0	
3	103.98	234.70	96.83	232.39	7.51	1	2	
4	96.83	232.39	92.47	230.98	4.58	2	2	4	
5	92.47	230.98	74.00	225.00	19.42	3	2	4	6	

8	5	128.631	5
1	176.00	258.00	178.69	256.43	3.11	1	8	
2	178.69	256.43	196.23	246.15	20.33	2	1	8	
3	196.23	246.15	198.44	244.86	2.56	1	8	
4	198.44	244.86	269.74	203.11	82.63	0	
5	269.74	203.11	287.00	193.00	20.00	1	5	

8	6	104.000	5
1	176.00	258.00	152.00	248.00	26.00	1	8	
2	152.00	248.00	103.03	227.60	53.05	0	
3	103.03	227.60	97.99	225.50	5.46	1	2	
4	97.99	225.50	96.62	224.92	1.49	2	2	4	
5	96.62	224.92	80.00	218.00	18.00	3	2	4	6	

8	7	247.386	3
1	176.00	258.00	169.69	232.78	26.00	1	8	
2	169.69	232.78	120.37	35.46	203.39	0	
3	120.37	35.46	116.00	18.00	18.00	1	7	

8	8	0	0