9	115	2	0.001	60.0
188.000	0.000	0.000	1.000	0.000
220.000	121.000	6.000	1.000	18.000
200.000	147.000	37.000	5.000	14.000
284.000	24.000	23.000	8.000	20.000
30.000	269.000	46.000	6.000	5.000
147.000	30.000	37.000	5.000	11.000
294.000	218.000	5.000	10.000	5.000
176.000	133.000	7.000	3.000	17.000
259.000	66.000	46.000	2.000	20.000
 


0	0	0	0

0	1	125.160	3
1	188.00	0.00	218.38	114.89	118.84	0	
2	218.38	114.89	218.47	115.20	0.32	1	2	
3	218.47	115.20	220.00	121.00	6.00	2	1	2	

0	2	147.489	2
1	188.00	0.00	196.99	110.12	110.49	0	
2	196.99	110.12	200.00	147.00	37.00	1	2	

0	3	98.955	2
1	188.00	0.00	261.69	18.42	75.95	0	
2	261.69	18.42	284.00	24.00	23.00	1	3	

0	4	311.970	4
1	188.00	0.00	180.10	13.46	15.61	0	
2	180.10	13.46	148.67	66.96	62.05	1	5	
3	148.67	66.96	53.30	229.34	188.31	0	
4	53.30	229.34	30.00	269.00	46.00	1	4	

0	5	50.804	2
1	188.00	0.00	176.86	8.15	13.80	0	
2	176.86	8.15	147.00	30.00	37.00	1	5	

0	6	242.405	4
1	188.00	0.00	214.47	54.45	60.54	0	
2	214.47	54.45	240.59	108.15	59.72	1	8	
3	240.59	108.15	291.81	213.50	117.14	0	
4	291.81	213.50	294.00	218.00	5.00	1	6	

0	7	133.540	3
1	188.00	0.00	177.38	117.72	118.20	0	
2	177.38	117.72	176.63	126.03	8.34	0	
3	176.63	126.03	176.00	133.00	7.00	2	2	7	

0	8	96.938	2
1	188.00	0.00	225.31	34.68	50.94	0	
2	225.31	34.68	259.00	66.00	46.00	1	8	

1	0	125.160	3
1	220.00	121.00	218.47	115.20	6.00	2	1	2	
2	218.47	115.20	218.38	114.89	0.32	1	2	
3	218.38	114.89	188.00	0.00	118.84	0	

1	1	0	0

1	2	32.802	2
1	220.00	121.00	216.34	125.76	6.00	2	1	2	
2	216.34	125.76	200.00	147.00	26.80	1	2	

1	3	116.211	6
1	220.00	121.00	222.32	117.49	4.21	2	1	2	
2	222.32	117.49	223.30	115.99	1.79	1	1	
3	223.30	115.99	231.81	103.10	15.44	0	
4	231.81	103.10	271.33	43.20	71.77	1	8	
5	271.33	43.20	282.41	26.40	20.12	2	3	8	
6	282.41	26.40	284.00	24.00	2.88	1	3	

1	4	240.840	4
1	220.00	121.00	215.27	124.69	6.00	2	1	2	
2	215.27	124.69	166.49	162.68	61.83	1	2	
3	166.49	162.68	66.29	240.73	127.01	0	
4	66.29	240.73	30.00	269.00	46.00	1	4	

1	5	116.662	4
1	220.00	121.00	216.25	116.32	6.00	2	1	2	
2	216.25	116.32	213.10	112.40	5.03	1	2	
3	213.10	112.40	170.15	58.86	68.63	0	
4	170.15	58.86	147.00	30.00	37.00	1	5	

1	6	122.004	4
1	220.00	121.00	223.64	125.77	6.00	2	1	2	
2	223.64	125.77	236.78	143.00	21.67	1	2	
3	236.78	143.00	290.97	214.02	89.33	0	
4	290.97	214.02	294.00	218.00	5.00	1	6	

1	7	45.607	3
1	220.00	121.00	214.21	122.58	6.00	2	1	2	
2	214.21	122.58	182.75	131.16	32.61	1	2	
3	182.75	131.16	176.00	133.00	7.00	2	2	7	

1	8	67.424	4
1	220.00	121.00	222.43	117.57	4.20	2	1	2	
2	222.43	117.57	223.47	116.11	1.80	1	1	
3	223.47	116.11	232.39	103.52	15.42	0	
4	232.39	103.52	259.00	66.00	46.00	1	8	

2	0	147.489	2
1	200.00	147.00	196.99	110.12	37.00	1	2	
2	196.99	110.12	188.00	0.00	110.49	0	

2	1	32.802	2
1	200.00	147.00	216.34	125.76	26.80	1	2	
2	216.34	125.76	220.00	121.00	6.00	2	1	2	

2	2	0	0

2	3	148.946	7
1	200.00	147.00	215.25	124.67	27.04	1	2	
2	215.25	124.67	220.87	116.45	9.96	2	1	2	
3	220.87	116.45	221.69	115.24	1.46	1	1	
4	221.69	115.24	230.60	102.19	15.81	0	
5	230.60	102.19	271.03	42.99	71.68	1	8	
6	271.03	42.99	282.37	26.38	20.12	2	3	8	
7	282.37	26.38	284.00	24.00	2.88	1	3	

2	4	209.246	3
1	200.00	147.00	169.94	168.57	37.00	1	2	
2	169.94	168.57	67.37	242.18	126.25	0	
3	67.37	242.18	30.00	269.00	46.00	1	4	

2	5	128.445	3
1	200.00	147.00	184.73	113.30	37.00	1	2	
2	184.73	113.30	162.27	63.70	54.44	0	
3	162.27	63.70	147.00	30.00	37.00	1	5	

2	6	117.801	3
1	200.00	147.00	229.52	169.30	37.00	1	2	
2	229.52	169.30	290.01	214.99	75.80	0	
3	290.01	214.99	294.00	218.00	5.00	1	6	

2	7	27.785	2
1	200.00	147.00	182.05	136.53	20.78	1	2	
2	182.05	136.53	176.00	133.00	7.00	2	2	7	

2	8	100.210	5
1	200.00	147.00	215.81	125.29	26.85	1	2	
2	215.81	125.29	221.78	117.09	10.15	2	1	2	
3	221.78	117.09	222.80	115.69	1.73	1	1	
4	222.80	115.69	231.92	103.18	15.48	0	
5	231.92	103.18	259.00	66.00	46.00	1	8	

3	0	98.955	2
1	284.00	24.00	261.69	18.42	23.00	1	3	
2	261.69	18.42	188.00	0.00	75.95	0	

3	1	116.211	6
1	284.00	24.00	282.41	26.40	2.88	1	3	
2	282.41	26.40	271.33	43.20	20.12	2	3	8	
3	271.33	43.20	231.81	103.10	71.77	1	8	
4	231.81	103.10	223.30	115.99	15.44	0	
5	223.30	115.99	222.32	117.49	1.79	1	1	
6	222.32	117.49	220.00	121.00	4.21	2	1	2	

3	2	148.946	7
1	284.00	24.00	282.37	26.38	2.88	1	3	
2	282.37	26.38	271.03	42.99	20.12	2	3	8	
3	271.03	42.99	230.60	102.19	71.68	1	8	
4	230.60	102.19	221.69	115.24	15.81	0	
5	221.69	115.24	220.87	116.45	1.46	1	1	
6	220.87	116.45	215.25	124.67	9.96	2	1	2	
7	215.25	124.67	200.00	147.00	27.04	1	2	

3	3	0	0

3	4	352.904	9
1	284.00	24.00	281.85	26.08	2.99	1	3	
2	281.85	26.08	267.45	39.97	20.01	2	3	8	
3	267.45	39.97	218.28	87.39	68.31	1	8	
4	218.28	87.39	194.40	110.43	33.18	0	
5	194.40	110.43	177.96	126.28	22.84	1	2	
6	177.96	126.28	169.21	134.72	12.15	2	2	7	
7	169.21	134.72	163.65	140.08	7.73	1	2	
8	163.65	140.08	63.11	237.06	139.69	0	
9	63.11	237.06	30.00	269.00	46.00	1	4	

3	5	137.131	5
1	284.00	24.00	278.31	24.25	5.70	1	3	
2	278.31	24.25	261.02	25.01	17.30	2	3	8	
3	261.02	25.01	236.11	26.10	24.93	1	8	
4	236.11	26.10	183.96	28.38	52.20	0	
5	183.96	28.38	147.00	30.00	37.00	1	5	

3	6	194.258	5
1	284.00	24.00	284.18	27.50	3.51	1	3	
2	284.18	27.50	285.18	46.97	19.49	1	3	
3	285.18	46.97	288.01	101.70	54.81	1	8	
4	288.01	101.70	293.74	213.01	111.45	0	
5	293.74	213.01	294.00	218.00	5.00	1	6	

3	7	153.444	6
1	284.00	24.00	281.91	26.11	2.97	1	3	
2	281.91	26.11	267.81	40.34	20.03	2	3	8	
3	267.81	40.34	219.32	89.28	68.89	1	8	
4	219.32	89.28	198.77	110.02	29.20	0	
5	198.77	110.02	180.93	128.03	25.35	1	2	
6	180.93	128.03	176.00	133.00	7.00	2	2	7	

3	8	48.877	3
1	284.00	24.00	282.53	26.47	2.88	1	3	
2	282.53	26.47	272.24	43.76	20.12	2	3	8	
3	272.24	43.76	259.00	66.00	25.88	1	8	

4	0	311.970	4
1	30.00	269.00	53.30	229.34	46.00	1	4	
2	53.30	229.34	148.67	66.96	188.31	0	
3	148.67	66.96	180.10	13.46	62.05	1	5	
4	180.10	13.46	188.00	0.00	15.61	0	

4	1	240.840	4
1	30.00	269.00	66.29	240.73	46.00	1	4	
2	66.29	240.73	166.49	162.68	127.01	0	
3	166.49	162.68	215.27	124.69	61.83	1	2	
4	215.27	124.69	220.00	121.00	6.00	2	1	2	

4	2	209.246	3
1	30.00	269.00	67.37	242.18	46.00	1	4	
2	67.37	242.18	169.94	168.57	126.25	0	
3	169.94	168.57	200.00	147.00	37.00	1	2	

4	3	352.904	9
1	30.00	269.00	63.11	237.06	46.00	1	4	
2	63.11	237.06	163.65	140.08	139.69	0	
3	163.65	140.08	169.21	134.72	7.73	1	2	
4	169.21	134.72	177.96	126.28	12.15	2	2	7	
5	177.96	126.28	194.40	110.43	22.84	1	2	
6	194.40	110.43	218.28	87.39	33.18	0	
7	218.28	87.39	267.45	39.97	68.31	1	8	
8	267.45	39.97	281.85	26.08	20.01	2	3	8	
9	281.85	26.08	284.00	24.00	2.99	1	3	

4	4	0	0

4	5	266.101	3
1	30.00	269.00	50.23	227.68	46.00	1	4	
2	50.23	227.68	130.73	63.23	183.10	0	
3	130.73	63.23	147.00	30.00	37.00	1	5	

4	6	268.881	3
1	30.00	269.00	75.17	260.27	46.00	1	4	
2	75.17	260.27	289.09	218.95	217.88	0	
3	289.09	218.95	294.00	218.00	5.00	1	6	

4	7	199.529	4
1	30.00	269.00	63.66	237.65	46.00	1	4	
2	63.66	237.65	163.05	145.06	135.83	0	
3	163.05	145.06	170.88	137.77	10.70	1	2	
4	170.88	137.77	176.00	133.00	7.00	2	2	7	

4	8	306.023	7
1	30.00	269.00	64.42	238.49	46.00	1	4	
2	64.42	238.49	163.21	150.92	132.01	0	
3	163.21	150.92	175.54	139.98	16.48	1	2	
4	175.54	139.98	182.99	133.38	9.96	2	2	7	
5	182.99	133.38	208.30	110.94	33.82	1	2	
6	208.30	110.94	224.58	96.51	21.75	0	
7	224.58	96.51	259.00	66.00	46.00	1	8	

5	0	50.804	2
1	147.00	30.00	176.86	8.15	37.00	1	5	
2	176.86	8.15	188.00	0.00	13.80	0	

5	1	116.662	4
1	147.00	30.00	170.15	58.86	37.00	1	5	
2	170.15	58.86	213.10	112.40	68.63	0	
3	213.10	112.40	216.25	116.32	5.03	1	2	
4	216.25	116.32	220.00	121.00	6.00	2	1	2	

5	2	128.445	3
1	147.00	30.00	162.27	63.70	37.00	1	5	
2	162.27	63.70	184.73	113.30	54.44	0	
3	184.73	113.30	200.00	147.00	37.00	1	2	

5	3	137.131	5
1	147.00	30.00	183.96	28.38	37.00	1	5	
2	183.96	28.38	236.11	26.10	52.20	0	
3	236.11	26.10	261.02	25.01	24.93	1	8	
4	261.02	25.01	278.31	24.25	17.30	2	3	8	
5	278.31	24.25	284.00	24.00	5.70	1	3	

5	4	266.101	3
1	147.00	30.00	130.73	63.23	37.00	1	5	
2	130.73	63.23	50.23	227.68	183.10	0	
3	50.23	227.68	30.00	269.00	46.00	1	4	

5	5	0	0

5	6	238.648	7
1	147.00	30.00	169.79	59.15	37.00	1	5	
2	169.79	59.15	210.82	111.62	66.60	0	
3	210.82	111.62	215.27	117.31	7.23	1	2	
4	215.27	117.31	222.44	126.48	11.64	2	1	2	
5	222.44	126.48	236.95	145.04	23.55	1	2	
6	236.95	145.04	290.92	214.06	87.62	0	
7	290.92	214.06	294.00	218.00	5.00	1	6	

5	7	107.005	4
1	147.00	30.00	157.03	65.62	37.00	1	5	
2	157.03	65.62	172.86	121.85	58.42	0	
3	172.86	121.85	174.10	126.26	4.58	1	2	
4	174.10	126.26	176.00	133.00	7.00	2	2	7	

5	8	117.644	3
1	147.00	30.00	182.23	41.32	37.00	1	5	
2	182.23	41.32	215.21	51.92	34.64	0	
3	215.21	51.92	259.00	66.00	46.00	1	8	

6	0	242.405	4
1	294.00	218.00	291.81	213.50	5.00	1	6	
2	291.81	213.50	240.59	108.15	117.14	0	
3	240.59	108.15	214.47	54.45	59.72	1	8	
4	214.47	54.45	188.00	0.00	60.54	0	

6	1	122.004	4
1	294.00	218.00	290.97	214.02	5.00	1	6	
2	290.97	214.02	236.78	143.00	89.33	0	
3	236.78	143.00	223.64	125.77	21.67	1	2	
4	223.64	125.77	220.00	121.00	6.00	2	1	2	

6	2	117.801	3
1	294.00	218.00	290.01	214.99	5.00	1	6	
2	290.01	214.99	229.52	169.30	75.80	0	
3	229.52	169.30	200.00	147.00	37.00	1	2	

6	3	194.258	5
1	294.00	218.00	293.74	213.01	5.00	1	6	
2	293.74	213.01	288.01	101.70	111.45	0	
3	288.01	101.70	285.18	46.97	54.81	1	8	
4	285.18	46.97	284.18	27.50	19.49	1	3	
5	284.18	27.50	284.00	24.00	3.51	1	3	

6	4	268.881	3
1	294.00	218.00	289.09	218.95	5.00	1	6	
2	289.09	218.95	75.17	260.27	217.88	0	
3	75.17	260.27	30.00	269.00	46.00	1	4	

6	5	238.648	7
1	294.00	218.00	290.92	214.06	5.00	1	6	
2	290.92	214.06	236.95	145.04	87.62	0	
3	236.95	145.04	222.44	126.48	23.55	1	2	
4	222.44	126.48	215.27	117.31	11.64	2	1	2	
5	215.27	117.31	210.82	111.62	7.23	1	2	
6	210.82	111.62	169.79	59.15	66.60	0	
7	169.79	59.15	147.00	30.00	37.00	1	5	

6	6	0	0

6	7	145.427	4
1	294.00	218.00	289.94	215.08	5.00	1	6	
2	289.94	215.08	228.38	170.73	75.87	0	
3	228.38	170.73	181.68	137.09	57.56	1	2	
4	181.68	137.09	176.00	133.00	7.00	2	2	7	

6	8	155.978	3
1	294.00	218.00	292.88	213.13	5.00	1	6	
2	292.88	213.13	269.32	110.83	104.98	0	
3	269.32	110.83	259.00	66.00	46.00	1	8	

7	0	133.540	3
1	176.00	133.00	176.63	126.03	7.00	2	2	7	
2	176.63	126.03	177.38	117.72	8.34	0	
3	177.38	117.72	188.00	0.00	118.20	0	

7	1	45.607	3
1	176.00	133.00	182.75	131.16	7.00	2	2	7	
2	182.75	131.16	214.21	122.58	32.61	1	2	
3	214.21	122.58	220.00	121.00	6.00	2	1	2	

7	2	27.785	2
1	176.00	133.00	182.05	136.53	7.00	2	2	7	
2	182.05	136.53	200.00	147.00	20.78	1	2	

7	3	153.444	6
1	176.00	133.00	180.93	128.03	7.00	2	2	7	
2	180.93	128.03	198.77	110.02	25.35	1	2	
3	198.77	110.02	219.32	89.28	29.20	0	
4	219.32	89.28	267.81	40.34	68.89	1	8	
5	267.81	40.34	281.91	26.11	20.03	2	3	8	
6	281.91	26.11	284.00	24.00	2.97	1	3	

7	4	199.529	4
1	176.00	133.00	170.88	137.77	7.00	2	2	7	
2	170.88	137.77	163.05	145.06	10.70	1	2	
3	163.05	145.06	63.66	237.65	135.83	0	
4	63.66	237.65	30.00	269.00	46.00	1	4	

7	5	107.005	4
1	176.00	133.00	174.10	126.26	7.00	2	2	7	
2	174.10	126.26	172.86	121.85	4.58	1	2	
3	172.86	121.85	157.03	65.62	58.42	0	
4	157.03	65.62	147.00	30.00	37.00	1	5	

7	6	145.427	4
1	176.00	133.00	181.68	137.09	7.00	2	2	7	
2	181.68	137.09	228.38	170.73	57.56	1	2	
3	228.38	170.73	289.94	215.08	75.87	0	
4	289.94	215.08	294.00	218.00	5.00	1	6	

7	7	0	0

7	8	106.668	4
1	176.00	133.00	181.45	128.60	7.00	2	2	7	
2	181.45	128.60	204.20	110.24	29.24	1	2	
3	204.20	110.24	223.21	94.89	24.43	0	
4	223.21	94.89	259.00	66.00	46.00	1	8	

8	0	96.938	2
1	259.00	66.00	225.31	34.68	46.00	1	8	
2	225.31	34.68	188.00	0.00	50.94	0	

8	1	67.424	4
1	259.00	66.00	232.39	103.52	46.00	1	8	
2	232.39	103.52	223.47	116.11	15.42	0	
3	223.47	116.11	222.43	117.57	1.80	1	1	
4	222.43	117.57	220.00	121.00	4.20	2	1	2	

8	2	100.210	5
1	259.00	66.00	231.92	103.18	46.00	1	8	
2	231.92	103.18	222.80	115.69	15.48	0	
3	222.80	115.69	221.78	117.09	1.73	1	1	
4	221.78	117.09	215.81	125.29	10.15	2	1	2	
5	215.81	125.29	200.00	147.00	26.85	1	2	

8	3	48.877	3
1	259.00	66.00	272.24	43.76	25.88	1	8	
2	272.24	43.76	282.53	26.47	20.12	2	3	8	
3	282.53	26.47	284.00	24.00	2.88	1	3	

8	4	306.023	7
1	259.00	66.00	224.58	96.51	46.00	1	8	
2	224.58	96.51	208.30	110.94	21.75	0	
3	208.30	110.94	182.99	133.38	33.82	1	2	
4	182.99	133.38	175.54	139.98	9.96	2	2	7	
5	175.54	139.98	163.21	150.92	16.48	1	2	
6	163.21	150.92	64.42	238.49	132.01	0	
7	64.42	238.49	30.00	269.00	46.00	1	4	

8	5	117.644	3
1	259.00	66.00	215.21	51.92	46.00	1	8	
2	215.21	51.92	182.23	41.32	34.64	0	
3	182.23	41.32	147.00	30.00	37.00	1	5	

8	6	155.978	3
1	259.00	66.00	269.32	110.83	46.00	1	8	
2	269.32	110.83	292.88	213.13	104.98	0	
3	292.88	213.13	294.00	218.00	5.00	1	6	

8	7	106.668	4
1	259.00	66.00	223.21	94.89	46.00	1	8	
2	223.21	94.89	204.20	110.24	24.43	0	
3	204.20	110.24	181.45	128.60	29.24	1	2	
4	181.45	128.60	176.00	133.00	7.00	2	2	7	

8	8	0	0
