9	117	2	0.001	120.0
149.000	92.000	0.000	3.000	0.000
43.000	238.000	47.000	9.000	12.000
6.000	277.000	28.000	3.000	19.000
200.000	19.000	43.000	2.000	6.000
204.000	245.000	17.000	10.000	5.000
275.000	183.000	31.000	2.000	19.000
283.000	80.000	30.000	6.000	13.000
236.000	225.000	30.000	10.000	4.000
272.000	158.000	47.000	2.000	9.000

0	0	0	0

0	1	180.422	2
1	149.00	92.00	70.61	199.97	133.42	0	
2	70.61	199.97	43.00	238.00	47.00	1	1	

0	2	233.825	4
1	149.00	92.00	67.26	197.75	133.65	0	
2	67.26	197.75	23.12	254.85	72.17	1	1	
3	23.12	254.85	10.16	271.62	21.20	2	1	2	
4	10.16	271.62	6.00	277.00	6.80	1	2	

0	3	89.051	2
1	149.00	92.00	175.37	54.25	46.05	0	
2	175.37	54.25	200.00	19.00	43.00	1	3	

0	4	162.585	2
1	149.00	92.00	198.25	229.00	145.59	0	
2	198.25	229.00	204.00	245.00	17.00	1	4	

0	5	155.425	3
1	149.00	92.00	226.14	147.71	95.15	0	
2	226.14	147.71	249.87	164.85	29.27	1	8	
3	249.87	164.85	275.00	183.00	31.00	2	5	8	

0	6	134.536	2
1	149.00	92.00	253.12	82.68	104.54	0	
2	253.12	82.68	283.00	80.00	30.00	1	6	

0	7	158.928	2
1	149.00	92.00	219.58	199.89	128.93	0	
2	219.58	199.89	236.00	225.00	30.00	1	7	

0	8	139.589	3
1	149.00	92.00	230.59	135.78	92.59	0	
2	230.59	135.78	264.34	153.89	38.31	1	8	
3	264.34	153.89	272.00	158.00	8.69	2	5	8	

1	0	180.422	2
1	43.00	238.00	70.61	199.97	47.00	1	1	
2	70.61	199.97	149.00	92.00	133.42	0	

1	1	0	0

1	2	53.759	3
1	43.00	238.00	25.27	256.69	25.76	1	1	
2	25.27	256.69	10.65	272.10	21.24	2	1	2	
3	10.65	272.10	6.00	277.00	6.76	1	2	

1	3	269.462	3
1	43.00	238.00	70.38	199.80	47.00	1	1	
2	70.38	199.80	174.95	53.95	179.46	0	
3	174.95	53.95	200.00	19.00	43.00	1	3	

1	4	161.152	3
1	43.00	238.00	89.96	240.04	47.00	1	1	
2	89.96	240.04	187.02	244.26	97.15	0	
3	187.02	244.26	204.00	245.00	17.00	1	4	

1	5	238.430	4
1	43.00	238.00	88.73	227.16	47.00	1	1	
2	88.73	227.16	239.06	191.52	154.49	0	
3	239.06	191.52	244.84	190.15	5.94	1	8	
4	244.84	190.15	275.00	183.00	31.00	2	5	8	

1	6	287.340	3
1	43.00	238.00	82.26	212.16	47.00	1	1	
2	82.26	212.16	257.94	96.50	210.34	0	
3	257.94	96.50	283.00	80.00	30.00	1	6	

1	7	193.437	3
1	43.00	238.00	89.89	234.84	47.00	1	1	
2	89.89	234.84	206.07	227.02	116.44	0	
3	206.07	227.02	236.00	225.00	30.00	1	7	

1	8	242.572	4
1	43.00	238.00	87.37	222.50	47.00	1	1	
2	87.37	222.50	227.63	173.50	148.57	0	
3	227.63	173.50	249.07	166.01	22.71	1	8	
4	249.07	166.01	272.00	158.00	24.29	2	5	8	

2	0	233.825	4
1	6.00	277.00	10.16	271.62	6.80	1	2	
2	10.16	271.62	23.12	254.85	21.20	2	1	2	
3	23.12	254.85	67.26	197.75	72.17	1	1	
4	67.26	197.75	149.00	92.00	133.65	0	

2	1	53.759	3
1	6.00	277.00	10.65	272.10	6.76	1	2	
2	10.65	272.10	25.27	256.69	21.24	2	1	2	
3	25.27	256.69	43.00	238.00	25.76	1	1	

2	2	0	0

2	3	322.800	5
1	6.00	277.00	10.09	271.56	6.81	1	2	
2	10.09	271.56	22.83	254.62	21.19	2	1	2	
3	22.83	254.62	66.10	197.07	72.01	1	1	
4	66.10	197.07	174.16	53.37	179.79	0	
5	174.16	53.37	200.00	19.00	43.00	1	3	

2	4	200.569	5
1	6.00	277.00	14.78	275.58	8.89	1	2	
2	14.78	275.58	33.64	272.53	19.11	2	1	2	
3	33.64	272.53	81.63	264.78	48.61	1	1	
4	81.63	264.78	187.22	247.71	106.96	0	
5	187.22	247.71	204.00	245.00	17.00	1	4	

2	5	284.951	8
1	6.00	277.00	13.32	274.44	7.75	1	2	
2	13.32	274.44	32.43	267.76	20.25	2	1	2	
3	32.43	267.76	88.92	248.02	59.84	1	1	
4	88.92	248.02	214.41	204.17	132.93	0	
5	214.41	204.17	239.92	195.26	27.03	1	7	
6	239.92	195.26	242.30	194.43	2.52	0	
7	242.30	194.43	245.74	193.23	3.64	1	8	
8	245.74	193.23	275.00	183.00	31.00	2	5	8	

2	6	339.909	5
1	6.00	277.00	11.63	273.00	6.91	1	2	
2	11.63	273.00	28.82	260.77	21.09	2	1	2	
3	28.82	260.77	86.36	219.85	70.60	1	1	
4	86.36	219.85	258.55	97.39	211.30	0	
5	258.55	97.39	283.00	80.00	30.00	1	6	

2	7	235.805	7
1	6.00	277.00	14.20	275.15	8.41	1	2	
2	14.20	275.15	33.31	270.83	19.59	2	1	2	
3	33.31	270.83	84.97	259.14	52.97	1	1	
4	84.97	259.14	189.96	235.41	107.64	0	
5	189.96	235.41	206.74	231.62	17.20	1	4	
6	206.74	231.62	212.54	230.30	5.95	2	4	7	
7	212.54	230.30	236.00	225.00	24.05	1	7	

2	8	291.405	6
1	6.00	277.00	12.76	273.98	7.40	1	2	
2	12.76	273.98	31.56	265.57	20.60	2	1	2	
3	31.56	265.57	89.98	239.43	64.00	1	1	
4	89.98	239.43	229.10	177.19	152.41	0	
5	229.10	177.19	247.32	169.04	19.96	1	8	
6	247.32	169.04	272.00	158.00	27.04	2	5	8	

3	0	89.051	2
1	200.00	19.00	175.37	54.25	43.00	1	3	
2	175.37	54.25	149.00	92.00	46.05	0	

3	1	269.462	3
1	200.00	19.00	174.95	53.95	43.00	1	3	
2	174.95	53.95	70.38	199.80	179.46	0	
3	70.38	199.80	43.00	238.00	47.00	1	1	

3	2	322.800	5
1	200.00	19.00	174.16	53.37	43.00	1	3	
2	174.16	53.37	66.10	197.07	179.79	0	
3	66.10	197.07	22.83	254.62	72.01	1	1	
4	22.83	254.62	10.09	271.56	21.19	2	1	2	
5	10.09	271.56	6.00	277.00	6.81	1	2	

3	3	0	0

3	4	226.035	3
1	200.00	19.00	200.76	61.99	43.00	1	3	
2	200.76	61.99	203.70	228.00	166.04	0	
3	203.70	228.00	204.00	245.00	17.00	1	4	

3	5	180.336	4
1	200.00	19.00	217.88	58.10	43.00	1	3	
2	217.88	58.10	245.74	119.02	66.98	0	
3	245.74	119.02	262.11	154.81	39.35	1	8	
4	262.11	154.81	275.00	183.00	31.00	2	5	8	

3	6	103.005	3
1	200.00	19.00	234.65	44.46	43.00	1	3	
2	234.65	44.46	258.83	62.23	30.00	0	
3	258.83	62.23	283.00	80.00	30.00	1	6	

3	7	209.122	5
1	200.00	19.00	207.40	61.36	43.00	0	
2	207.40	61.36	225.61	165.52	105.75	0	
3	225.61	165.52	225.80	166.66	1.15	1	8	
4	225.80	166.66	230.84	195.45	29.23	0	
5	230.84	195.45	236.00	225.00	30.00	0	

3	8	156.541	4
1	200.00	19.00	219.78	57.18	43.00	1	3	
2	219.78	57.18	250.38	116.27	66.54	0	
3	250.38	116.27	269.18	152.55	40.86	1	8	
4	269.18	152.55	272.00	158.00	6.14	2	5	8	

4	0	162.585	2
1	204.00	245.00	198.25	229.00	17.00	1	4	
2	198.25	229.00	149.00	92.00	145.59	0	

4	1	161.152	3
1	204.00	245.00	187.02	244.26	17.00	1	4	
2	187.02	244.26	89.96	240.04	97.15	0	
3	89.96	240.04	43.00	238.00	47.00	1	1	

4	2	200.569	5
1	204.00	245.00	187.22	247.71	17.00	1	4	
2	187.22	247.71	81.63	264.78	106.96	0	
3	81.63	264.78	33.64	272.53	48.61	1	1	
4	33.64	272.53	14.78	275.58	19.11	2	1	2	
5	14.78	275.58	6.00	277.00	8.89	1	2	

4	3	226.035	3
1	204.00	245.00	203.70	228.00	17.00	1	4	
2	203.70	228.00	200.76	61.99	166.04	0	
3	200.76	61.99	200.00	19.00	43.00	1	3	

4	4	0	0

4	5	94.260	6
1	204.00	245.00	209.92	239.83	7.86	1	4	
2	209.92	239.83	216.81	233.82	9.14	2	4	7	
3	216.81	233.82	251.65	203.39	46.26	1	7	
4	251.65	203.39	253.94	201.39	3.04	2	5	7	
5	253.94	201.39	254.21	201.16	0.36	3	5	7	8	
6	254.21	201.16	275.00	183.00	27.60	2	5	8	

4	6	182.937	7
1	204.00	245.00	208.19	236.25	9.70	1	4	
2	208.19	236.25	211.34	229.67	7.30	2	4	7	
3	211.34	229.67	227.33	196.28	37.01	1	7	
4	227.33	196.28	233.06	184.31	13.27	0	
5	233.06	184.31	268.08	111.16	81.10	1	8	
6	268.08	111.16	270.04	107.06	4.55	0	
7	270.04	107.06	283.00	80.00	30.00	1	6	

4	7	37.736	3
1	204.00	245.00	210.56	240.90	7.74	1	4	
2	210.56	240.90	218.42	235.99	9.26	2	4	7	
3	218.42	235.99	236.00	225.00	20.74	1	7	

4	8	110.422	6
1	204.00	245.00	209.16	238.40	8.38	1	4	
2	209.16	238.40	214.47	231.61	8.62	2	4	7	
3	214.47	231.61	242.52	195.72	45.55	1	7	
4	242.52	195.72	243.06	195.03	0.87	0	
5	243.06	195.03	245.36	192.08	3.74	1	8	
6	245.36	192.08	272.00	158.00	43.26	2	5	8	

5	0	155.425	3
1	275.00	183.00	249.87	164.85	31.00	2	5	8	
2	249.87	164.85	226.14	147.71	29.27	1	8	
3	226.14	147.71	149.00	92.00	95.15	0	

5	1	238.430	4
1	275.00	183.00	244.84	190.15	31.00	2	5	8	
2	244.84	190.15	239.06	191.52	5.94	1	8	
3	239.06	191.52	88.73	227.16	154.49	0	
4	88.73	227.16	43.00	238.00	47.00	1	1	

5	2	284.951	8
1	275.00	183.00	245.74	193.23	31.00	2	5	8	
2	245.74	193.23	242.30	194.43	3.64	1	8	
3	242.30	194.43	239.92	195.26	2.52	0	
4	239.92	195.26	214.41	204.17	27.03	1	7	
5	214.41	204.17	88.92	248.02	132.93	0	
6	88.92	248.02	32.43	267.76	59.84	1	1	
7	32.43	267.76	13.32	274.44	20.25	2	1	2	
8	13.32	274.44	6.00	277.00	7.75	1	2	

5	3	180.336	4
1	275.00	183.00	262.11	154.81	31.00	2	5	8	
2	262.11	154.81	245.74	119.02	39.35	1	8	
3	245.74	119.02	217.88	58.10	66.98	0	
4	217.88	58.10	200.00	19.00	43.00	1	3	

5	4	94.260	6
1	275.00	183.00	254.21	201.16	27.60	2	5	8	
2	254.21	201.16	253.94	201.39	0.36	3	5	7	8	
3	253.94	201.39	251.65	203.39	3.04	2	5	7	
4	251.65	203.39	216.81	233.82	46.26	1	7	
5	216.81	233.82	209.92	239.83	9.14	2	4	7	
6	209.92	239.83	204.00	245.00	7.86	1	4	

5	5	0	0

5	6	103.310	4
1	275.00	183.00	277.40	152.09	31.00	2	5	8	
2	277.40	152.09	280.53	111.78	40.43	0	
3	280.53	111.78	280.68	109.91	1.88	0	
4	280.68	109.91	283.00	80.00	30.00	1	6	

5	7	57.315	4
1	275.00	183.00	256.89	202.50	26.62	2	5	8	
2	256.89	202.50	256.41	203.02	0.70	1	5	
3	256.41	203.02	253.91	205.72	3.69	2	5	7	
4	253.91	205.72	236.00	225.00	26.31	1	7	

5	8	25.179	1
1	275.00	183.00	272.00	158.00	25.18	2	5	8	

6	0	134.536	2
1	283.00	80.00	253.12	82.68	30.00	1	6	
2	253.12	82.68	149.00	92.00	104.54	0	

6	1	287.340	3
1	283.00	80.00	257.94	96.50	30.00	1	6	
2	257.94	96.50	82.26	212.16	210.34	0	
3	82.26	212.16	43.00	238.00	47.00	1	1	

6	2	339.909	5
1	283.00	80.00	258.55	97.39	30.00	1	6	
2	258.55	97.39	86.36	219.85	211.30	0	
3	86.36	219.85	28.82	260.77	70.60	1	1	
4	28.82	260.77	11.63	273.00	21.09	2	1	2	
5	11.63	273.00	6.00	277.00	6.91	1	2	

6	3	103.005	3
1	283.00	80.00	258.83	62.23	30.00	1	6	
2	258.83	62.23	234.65	44.46	30.00	0	
3	234.65	44.46	200.00	19.00	43.00	1	3	

6	4	182.937	7
1	283.00	80.00	270.04	107.06	30.00	1	6	
2	270.04	107.06	268.08	111.16	4.55	0	
3	268.08	111.16	233.06	184.31	81.10	1	8	
4	233.06	184.31	227.33	196.28	13.27	0	
5	227.33	196.28	211.34	229.67	37.01	1	7	
6	211.34	229.67	208.19	236.25	7.30	2	4	7	
7	208.19	236.25	204.00	245.00	9.70	1	4	

6	5	103.310	4
1	283.00	80.00	280.68	109.91	30.00	1	6	
2	280.68	109.91	280.53	111.78	1.88	0	
3	280.53	111.78	277.40	152.09	40.43	0	
4	277.40	152.09	275.00	183.00	31.00	2	5	8	

6	6	0	0

6	7	152.427	7
1	283.00	80.00	273.75	108.54	30.00	1	6	
2	273.75	108.54	272.95	111.01	2.60	0	
3	272.95	111.01	258.02	157.06	48.41	1	8	
4	258.02	157.06	246.03	194.04	38.87	2	5	8	
5	246.03	194.04	245.25	196.46	2.54	1	8	
6	245.25	196.46	245.20	196.61	0.16	2	7	8	
7	245.20	196.61	236.00	225.00	29.84	1	7	

6	8	78.772	4
1	283.00	80.00	278.81	109.71	30.00	1	6	
2	278.81	109.71	278.56	111.46	1.77	0	
3	278.56	111.46	272.84	152.08	41.02	0	
4	272.84	152.08	272.00	158.00	5.98	2	5	8	

7	0	158.928	2
1	236.00	225.00	219.58	199.89	30.00	1	7	
2	219.58	199.89	149.00	92.00	128.93	0	

7	1	193.437	3
1	236.00	225.00	206.07	227.02	30.00	1	7	
2	206.07	227.02	89.89	234.84	116.44	0	
3	89.89	234.84	43.00	238.00	47.00	1	1	

7	2	235.805	7
1	236.00	225.00	212.54	230.30	24.05	1	7	
2	212.54	230.30	206.74	231.62	5.95	2	4	7	
3	206.74	231.62	189.96	235.41	17.20	1	4	
4	189.96	235.41	84.97	259.14	107.64	0	
5	84.97	259.14	33.31	270.83	52.97	1	1	
6	33.31	270.83	14.20	275.15	19.59	2	1	2	
7	14.20	275.15	6.00	277.00	8.41	1	2	

7	3	209.122	5
1	236.00	225.00	230.84	195.45	30.00	0	
2	230.84	195.45	225.80	166.66	29.23	0	
3	225.80	166.66	225.61	165.52	1.15	1	8	
4	225.61	165.52	207.40	61.36	105.75	0	
5	207.40	61.36	200.00	19.00	43.00	0	

7	4	37.736	3
1	236.00	225.00	218.42	235.99	20.74	1	7	
2	218.42	235.99	210.56	240.90	9.26	2	4	7	
3	210.56	240.90	204.00	245.00	7.74	1	4	

7	5	57.315	4
1	236.00	225.00	253.91	205.72	26.31	1	7	
2	253.91	205.72	256.41	203.02	3.69	2	5	7	
3	256.41	203.02	256.89	202.50	0.70	1	5	
4	256.89	202.50	275.00	183.00	26.62	2	5	8	

7	6	152.427	7
1	236.00	225.00	245.20	196.61	29.84	1	7	
2	245.20	196.61	245.25	196.46	0.16	2	7	8	
3	245.25	196.46	246.03	194.04	2.54	1	8	
4	246.03	194.04	258.02	157.06	38.87	2	5	8	
5	258.02	157.06	272.95	111.01	48.41	1	8	
6	272.95	111.01	273.75	108.54	2.60	0	
7	273.75	108.54	283.00	80.00	30.00	1	6	

7	7	0	0

7	8	76.059	4
1	236.00	225.00	249.27	200.30	28.04	1	7	
2	249.27	200.30	249.75	199.40	1.02	2	5	7	
3	249.75	199.40	250.20	198.57	0.94	3	5	7	8	
4	250.20	198.57	272.00	158.00	46.06	2	5	8	

8	0	139.589	3
1	272.00	158.00	264.34	153.89	8.69	2	5	8	
2	264.34	153.89	230.59	135.78	38.31	1	8	
3	230.59	135.78	149.00	92.00	92.59	0	

8	1	242.572	4
1	272.00	158.00	249.07	166.01	24.29	2	5	8	
2	249.07	166.01	227.63	173.50	22.71	1	8	
3	227.63	173.50	87.37	222.50	148.57	0	
4	87.37	222.50	43.00	238.00	47.00	1	1	

8	2	291.405	6
1	272.00	158.00	247.32	169.04	27.04	2	5	8	
2	247.32	169.04	229.10	177.19	19.96	1	8	
3	229.10	177.19	89.98	239.43	152.41	0	
4	89.98	239.43	31.56	265.57	64.00	1	1	
5	31.56	265.57	12.76	273.98	20.60	2	1	2	
6	12.76	273.98	6.00	277.00	7.40	1	2	

8	3	156.541	4
1	272.00	158.00	269.18	152.55	6.14	2	5	8	
2	269.18	152.55	250.38	116.27	40.86	1	8	
3	250.38	116.27	219.78	57.18	66.54	0	
4	219.78	57.18	200.00	19.00	43.00	1	3	

8	4	110.422	6
1	272.00	158.00	245.36	192.08	43.26	2	5	8	
2	245.36	192.08	243.06	195.03	3.74	1	8	
3	243.06	195.03	242.52	195.72	0.87	0	
4	242.52	195.72	214.47	231.61	45.55	1	7	
5	214.47	231.61	209.16	238.40	8.62	2	4	7	
6	209.16	238.40	204.00	245.00	8.38	1	4	

8	5	25.179	1
1	272.00	158.00	275.00	183.00	25.18	2	5	8	

8	6	78.772	4
1	272.00	158.00	272.84	152.08	5.98	2	5	8	
2	272.84	152.08	278.56	111.46	41.02	0	
3	278.56	111.46	278.81	109.71	1.77	0	
4	278.81	109.71	283.00	80.00	30.00	1	6	

8	7	76.059	4
1	272.00	158.00	250.20	198.57	46.06	2	5	8	
2	250.20	198.57	249.75	199.40	0.94	3	5	7	8	
3	249.75	199.40	249.27	200.30	1.02	2	5	7	
4	249.27	200.30	236.00	225.00	28.04	1	7	

8	8	0	0