6	33	2	0.001	40.0
150.000	150.000	0.000	10.000	0.000
14.000	137.000	29.000	1.000	13.000
260.000	277.000	47.000	6.000	8.000
116.000	134.000	4.000	3.000	17.000
154.000	224.000	27.000	1.000	3.000
185.000	12.000	29.000	9.000	18.000

0	0	0	0

0	1	136.620	2
1	150.00	150.00	42.87	139.76	107.62	0	
2	42.87	139.76	14.00	137.00	29.00	1	1	

0	2	168.015	2
1	150.00	150.00	229.23	241.47	121.01	0	
2	229.23	241.47	260.00	277.00	47.00	1	2	

0	3	37.577	2
1	150.00	150.00	119.62	135.70	33.58	0	
2	119.62	135.70	116.00	134.00	4.00	1	3	

0	4	74.108	2
1	150.00	150.00	152.54	197.04	47.11	0	
2	152.54	197.04	154.00	224.00	27.00	1	4	

0	5	142.369	2
1	150.00	150.00	177.87	40.11	113.37	0	
2	177.87	40.11	185.00	12.00	29.00	1	5	

1	0	136.620	2
1	14.00	137.00	42.87	139.76	29.00	1	1	
2	42.87	139.76	150.00	150.00	107.62	0	

1	1	0	0

1	2	283.048	5
1	14.00	137.00	39.20	151.34	29.00	1	1	
2	39.20	151.34	134.34	205.49	109.47	0	
3	134.34	205.49	179.95	231.44	52.48	1	4	
4	179.95	231.44	219.15	253.75	45.10	0	
5	219.15	253.75	260.00	277.00	47.00	1	2	

1	3	102.044	3
1	14.00	137.00	42.99	136.15	29.00	1	1	
2	42.99	136.15	112.00	134.12	69.04	0	
3	112.00	134.12	116.00	134.00	4.00	1	3	

1	4	164.830	3
1	14.00	137.00	38.63	152.31	29.00	1	1	
2	38.63	152.31	131.07	209.75	108.83	0	
3	131.07	209.75	154.00	224.00	27.00	1	4	

1	5	211.816	3
1	14.00	137.00	37.41	119.89	29.00	1	1	
2	37.41	119.89	161.59	29.11	153.82	0	
3	161.59	29.11	185.00	12.00	29.00	1	5	

2	0	168.015	2
1	260.00	277.00	229.23	241.47	47.00	1	2	
2	229.23	241.47	150.00	150.00	121.01	0	

2	1	283.048	5
1	260.00	277.00	219.15	253.75	47.00	1	2	
2	219.15	253.75	179.95	231.44	45.10	0	
3	179.95	231.44	134.34	205.49	52.48	1	4	
4	134.34	205.49	39.20	151.34	109.47	0	
5	39.20	151.34	14.00	137.00	29.00	1	1	

2	2	0	0

2	3	202.941	3
1	260.00	277.00	226.65	243.88	47.00	1	2	
2	226.65	243.88	118.84	136.82	151.94	0	
3	118.84	136.82	116.00	134.00	4.00	1	3	

2	4	118.512	3
1	260.00	277.00	217.96	255.98	47.00	1	2	
2	217.96	255.98	178.15	236.07	44.51	0	
3	178.15	236.07	154.00	224.00	27.00	1	4	

2	5	275.409	3
1	260.00	277.00	247.20	231.78	47.00	0	
2	247.20	231.78	192.90	39.90	199.41	0	
3	192.90	39.90	185.00	12.00	29.00	1	5	

3	0	37.577	2
1	116.00	134.00	119.62	135.70	4.00	1	3	
2	119.62	135.70	150.00	150.00	33.58	0	

3	1	102.044	3
1	116.00	134.00	112.00	134.12	4.00	1	3	
2	112.00	134.12	42.99	136.15	69.04	0	
3	42.99	136.15	14.00	137.00	29.00	1	1	

3	2	202.941	3
1	116.00	134.00	118.84	136.82	4.00	1	3	
2	118.84	136.82	226.65	243.88	151.94	0	
3	226.65	243.88	260.00	277.00	47.00	1	2	

3	3	0	0

3	4	97.693	3
1	116.00	134.00	117.56	137.69	4.00	1	3	
2	117.56	137.69	143.50	199.13	66.69	0	
3	143.50	199.13	154.00	224.00	27.00	1	4	

3	5	140.161	3
1	116.00	134.00	117.97	130.52	4.00	1	3	
2	117.97	130.52	170.72	37.24	107.16	0	
3	170.72	37.24	185.00	12.00	29.00	1	5	

4	0	74.108	2
1	154.00	224.00	152.54	197.04	27.00	1	4	
2	152.54	197.04	150.00	150.00	47.11	0	

4	1	164.830	3
1	154.00	224.00	131.07	209.75	27.00	1	4	
2	131.07	209.75	38.63	152.31	108.83	0	
3	38.63	152.31	14.00	137.00	29.00	1	1	

4	2	118.512	3
1	154.00	224.00	178.15	236.07	27.00	1	4	
2	178.15	236.07	217.96	255.98	44.51	0	
3	217.96	255.98	260.00	277.00	47.00	1	2	

4	3	97.693	3
1	154.00	224.00	143.50	199.13	27.00	1	4	
2	143.50	199.13	117.56	137.69	66.69	0	
3	117.56	137.69	116.00	134.00	4.00	1	3	

4	4	0	0

4	5	214.255	3
1	154.00	224.00	157.91	197.28	27.00	0	
2	157.91	197.28	180.80	40.69	158.25	0	
3	180.80	40.69	185.00	12.00	29.00	1	5	

5	0	142.369	2
1	185.00	12.00	177.87	40.11	29.00	1	5	
2	177.87	40.11	150.00	150.00	113.37	0	

5	1	211.816	3
1	185.00	12.00	161.59	29.11	29.00	1	5	
2	161.59	29.11	37.41	119.89	153.82	0	
3	37.41	119.89	14.00	137.00	29.00	1	1	

5	2	275.409	3
1	185.00	12.00	192.90	39.90	29.00	1	5	
2	192.90	39.90	247.20	231.78	199.41	0	
3	247.20	231.78	260.00	277.00	47.00	0	

5	3	140.161	3
1	185.00	12.00	170.72	37.24	29.00	1	5	
2	170.72	37.24	117.97	130.52	107.16	0	
3	117.97	130.52	116.00	134.00	4.00	1	3	

5	4	214.255	3
1	185.00	12.00	180.80	40.69	29.00	1	5	
2	180.80	40.69	157.91	197.28	158.25	0	
3	157.91	197.28	154.00	224.00	27.00	0	

5	5	0	0
