6	40	2	0.001	30.0
150.000	150.000	0.000	3.000	0.000
246.000	161.000	28.000	8.000	19.000
241.000	193.000	43.000	2.000	7.000
101.000	259.000	48.000	6.000	11.000
292.000	55.000	36.000	1.000	17.000
205.000	263.000	14.000	1.000	9.000

0	0	0	0

0	1	96.628	3
1	150.00	150.00	216.55	157.63	66.99	0	
2	216.55	157.63	218.18	157.81	1.64	1	2	
3	218.18	157.81	246.00	161.00	28.00	2	1	2	

0	2	100.648	2
1	150.00	150.00	202.12	174.63	57.65	0	
2	202.12	174.63	241.00	193.00	43.00	1	2	

0	3	119.507	2
1	150.00	150.00	120.68	215.22	71.51	0	
2	120.68	215.22	101.00	259.00	48.00	1	3	

0	4	170.848	2
1	150.00	150.00	262.08	75.02	134.85	0	
2	262.08	75.02	292.00	55.00	36.00	1	4	

0	5	125.674	2
1	150.00	150.00	198.87	250.41	111.67	0	
2	198.87	250.41	205.00	263.00	14.00	1	5	

1	0	96.628	3
1	246.00	161.00	218.18	157.81	28.00	2	1	2	
2	218.18	157.81	216.55	157.63	1.64	1	2	
3	216.55	157.63	150.00	150.00	66.99	0	

1	1	0	0

1	2	32.388	2
1	246.00	161.00	241.68	188.66	28.00	1	2	
2	241.68	188.66	241.00	193.00	4.39	1	2	

1	3	175.011	4
1	246.00	161.00	222.80	176.68	28.00	2	1	2	
2	222.80	176.68	198.00	193.44	29.93	1	2	
3	198.00	193.44	140.77	232.12	69.08	0	
4	140.77	232.12	101.00	259.00	48.00	1	3	

1	4	115.551	4
1	246.00	161.00	250.33	151.02	10.87	2	1	2	
2	250.33	151.02	257.15	135.31	17.13	1	1	
3	257.15	135.31	277.67	88.02	51.55	0	
4	277.67	88.02	292.00	55.00	36.00	1	4	

1	5	109.932	4
1	246.00	161.00	235.56	186.98	28.00	2	1	2	
2	235.56	186.98	218.43	229.60	45.93	1	2	
3	218.43	229.60	210.22	250.01	22.00	0	
4	210.22	250.01	205.00	263.00	14.00	1	5	

2	0	100.648	2
1	241.00	193.00	202.12	174.63	43.00	1	2	
2	202.12	174.63	150.00	150.00	57.65	0	

2	1	32.388	2
1	241.00	193.00	241.68	188.66	4.39	1	2	
2	241.68	188.66	246.00	161.00	28.00	1	2	

2	2	0	0

2	3	154.777	3
1	241.00	193.00	202.11	211.34	43.00	1	2	
2	202.11	211.34	144.42	238.53	63.78	0	
3	144.42	238.53	101.00	259.00	48.00	1	3	

2	4	147.122	5
1	241.00	193.00	242.56	188.79	4.49	1	2	
2	242.56	188.79	255.91	152.67	38.51	1	1	
3	255.91	152.67	261.45	137.65	16.01	1	1	
4	261.45	137.65	279.52	88.77	52.12	0	
5	279.52	88.77	292.00	55.00	36.00	1	4	

2	5	78.715	3
1	241.00	193.00	221.33	231.24	43.00	1	2	
2	221.33	231.24	211.40	250.55	21.71	0	
3	211.40	250.55	205.00	263.00	14.00	1	5	

3	0	119.507	2
1	101.00	259.00	120.68	215.22	48.00	1	3	
2	120.68	215.22	150.00	150.00	71.51	0	

3	1	175.011	4
1	101.00	259.00	140.77	232.12	48.00	1	3	
2	140.77	232.12	198.00	193.44	69.08	0	
3	198.00	193.44	222.80	176.68	29.93	1	2	
4	222.80	176.68	246.00	161.00	28.00	2	1	2	

3	2	154.777	3
1	101.00	259.00	144.42	238.53	48.00	1	3	
2	144.42	238.53	202.11	211.34	63.78	0	
3	202.11	211.34	241.00	193.00	43.00	1	2	

3	3	0	0

3	4	279.458	3
1	101.00	259.00	133.81	223.96	48.00	1	3	
2	133.81	223.96	267.40	81.28	195.46	0	
3	267.40	81.28	292.00	55.00	36.00	1	4	

3	5	104.077	3
1	101.00	259.00	148.96	260.84	48.00	1	3	
2	148.96	260.84	191.01	262.46	42.08	0	
3	191.01	262.46	205.00	263.00	14.00	1	5	

4	0	170.848	2
1	292.00	55.00	262.08	75.02	36.00	1	4	
2	262.08	75.02	150.00	150.00	134.85	0	

4	1	115.551	4
1	292.00	55.00	277.67	88.02	36.00	1	4	
2	277.67	88.02	257.15	135.31	51.55	0	
3	257.15	135.31	250.33	151.02	17.13	1	1	
4	250.33	151.02	246.00	161.00	10.87	2	1	2	

4	2	147.122	5
1	292.00	55.00	279.52	88.77	36.00	1	4	
2	279.52	88.77	261.45	137.65	52.12	0	
3	261.45	137.65	255.91	152.67	16.01	1	1	
4	255.91	152.67	242.56	188.79	38.51	1	1	
5	242.56	188.79	241.00	193.00	4.49	1	2	

4	3	279.458	3
1	292.00	55.00	267.40	81.28	36.00	1	4	
2	267.40	81.28	133.81	223.96	195.46	0	
3	133.81	223.96	101.00	259.00	48.00	1	3	

4	4	0	0

4	5	225.462	7
1	292.00	55.00	278.11	88.21	36.00	1	4	
2	278.11	88.21	258.20	135.80	51.58	0	
3	258.20	135.80	251.70	151.35	16.86	1	1	
4	251.70	151.35	236.63	187.38	39.06	2	1	2	
5	236.63	187.38	218.86	229.86	46.04	1	2	
6	218.86	229.86	210.40	250.08	21.92	0	
7	210.40	250.08	205.00	263.00	14.00	1	5	

5	0	125.674	2
1	205.00	263.00	198.87	250.41	14.00	1	5	
2	198.87	250.41	150.00	150.00	111.67	0	

5	1	109.932	4
1	205.00	263.00	210.22	250.01	14.00	1	5	
2	210.22	250.01	218.43	229.60	22.00	0	
3	218.43	229.60	235.56	186.98	45.93	1	2	
4	235.56	186.98	246.00	161.00	28.00	2	1	2	

5	2	78.715	3
1	205.00	263.00	211.40	250.55	14.00	1	5	
2	211.40	250.55	221.33	231.24	21.71	0	
3	221.33	231.24	241.00	193.00	43.00	1	2	

5	3	104.077	3
1	205.00	263.00	191.01	262.46	14.00	1	5	
2	191.01	262.46	148.96	260.84	42.08	0	
3	148.96	260.84	101.00	259.00	48.00	1	3	

5	4	225.462	7
1	205.00	263.00	210.40	250.08	14.00	1	5	
2	210.40	250.08	218.86	229.86	21.92	0	
3	218.86	229.86	236.63	187.38	46.04	1	2	
4	236.63	187.38	251.70	151.35	39.06	2	1	2	
5	251.70	151.35	258.20	135.80	16.86	1	1	
6	258.20	135.80	278.11	88.21	51.58	0	
7	278.11	88.21	292.00	55.00	36.00	1	4	

5	5	0	0
