6	42	2	0.001	45.0
150.000	150.000	0.000	10.000	0.000
228.000	71.000	42.000	1.000	15.000
70.000	54.000	44.000	8.000	8.000
219.000	116.000	33.000	3.000	13.000
236.000	184.000	15.000	5.000	5.000
248.000	42.000	35.000	3.000	17.000

0	0	0	0

0	1	111.018	4
1	150.00	150.00	186.10	113.44	51.38	0	
2	186.10	113.44	198.49	100.89	17.64	1	3	
3	198.49	100.89	216.02	83.13	24.95	2	1	3	
4	216.02	83.13	228.00	71.00	17.05	1	1	

0	2	124.964	2
1	150.00	150.00	98.17	87.80	80.96	0	
2	98.17	87.80	70.00	54.00	44.00	1	2	

0	3	76.922	2
1	150.00	150.00	189.40	130.59	43.92	0	
2	189.40	130.59	219.00	116.00	33.00	1	3	

0	4	92.477	2
1	150.00	150.00	222.05	178.49	77.48	0	
2	222.05	178.49	236.00	184.00	15.00	1	4	

0	5	145.836	5
1	150.00	150.00	186.62	109.65	54.49	0	
2	186.62	109.65	196.49	98.77	14.69	1	3	
3	196.49	98.77	209.54	84.39	19.42	2	1	3	
4	209.54	84.39	224.48	67.92	22.23	1	1	
5	224.48	67.92	248.00	42.00	35.00	2	1	5	

1	0	111.018	4
1	228.00	71.00	216.02	83.13	17.05	1	1	
2	216.02	83.13	198.49	100.89	24.95	2	1	3	
3	198.49	100.89	186.10	113.44	17.64	1	3	
4	186.10	113.44	150.00	150.00	51.38	0	

1	1	0	0

1	2	158.912	3
1	228.00	71.00	186.24	66.51	42.00	1	1	
2	186.24	66.51	113.75	58.71	72.91	0	
3	113.75	58.71	70.00	54.00	44.00	1	2	

1	3	45.891	3
1	228.00	71.00	225.47	83.64	12.89	1	1	
2	225.47	83.64	219.76	112.18	29.11	2	1	3	
3	219.76	112.18	219.00	116.00	3.89	1	3	

1	4	113.283	5
1	228.00	71.00	228.96	84.54	13.57	1	1	
2	228.96	84.54	230.97	112.89	28.43	2	1	3	
3	230.97	112.89	233.29	145.75	32.93	0	
4	233.29	145.75	234.94	169.04	23.35	0	
5	234.94	169.04	236.00	184.00	15.00	1	4	

1	5	35.228	2
1	228.00	71.00	228.13	70.81	0.23	1	1	
2	228.13	70.81	248.00	42.00	35.00	2	1	5	

2	0	124.964	2
1	70.00	54.00	98.17	87.80	44.00	1	2	
2	98.17	87.80	150.00	150.00	80.96	0	

2	1	158.912	3
1	70.00	54.00	113.75	58.71	44.00	1	2	
2	113.75	58.71	186.24	66.51	72.91	0	
3	186.24	66.51	228.00	71.00	42.00	1	1	

2	2	0	0

2	3	161.385	3
1	70.00	54.00	110.62	70.90	44.00	1	2	
2	110.62	70.90	188.53	103.32	84.38	0	
3	188.53	103.32	219.00	116.00	33.00	1	3	

2	4	210.846	3
1	70.00	54.00	104.64	81.13	44.00	1	2	
2	104.64	81.13	224.19	174.75	151.85	0	
3	224.19	174.75	236.00	184.00	15.00	1	4	

2	5	178.404	4
1	70.00	54.00	113.90	51.04	44.00	1	2	
2	113.90	51.04	194.55	45.60	80.83	0	
3	194.55	45.60	213.08	44.35	18.57	1	1	
4	213.08	44.35	248.00	42.00	35.00	2	1	5	

3	0	76.922	2
1	219.00	116.00	189.40	130.59	33.00	1	3	
2	189.40	130.59	150.00	150.00	43.92	0	

3	1	45.891	3
1	219.00	116.00	219.76	112.18	3.89	1	3	
2	219.76	112.18	225.47	83.64	29.11	2	1	3	
3	225.47	83.64	228.00	71.00	12.89	1	1	

3	2	161.385	3
1	219.00	116.00	188.53	103.32	33.00	1	3	
2	188.53	103.32	110.62	70.90	84.38	0	
3	110.62	70.90	70.00	54.00	44.00	1	2	

3	3	0	0

3	4	70.093	3
1	219.00	116.00	227.00	148.01	33.00	1	3	
2	227.00	148.01	232.36	169.45	22.09	0	
3	232.36	169.45	236.00	184.00	15.00	1	4	

3	5	79.480	4
1	219.00	116.00	220.44	112.31	3.96	1	3	
2	220.44	112.31	231.04	85.28	29.04	2	1	3	
3	231.04	85.28	235.23	74.59	11.48	1	1	
4	235.23	74.59	248.00	42.00	35.00	2	1	5	

4	0	92.477	2
1	236.00	184.00	222.05	178.49	15.00	1	4	
2	222.05	178.49	150.00	150.00	77.48	0	

4	1	113.283	5
1	236.00	184.00	234.94	169.04	15.00	1	4	
2	234.94	169.04	233.29	145.75	23.35	0	
3	233.29	145.75	230.97	112.89	32.93	0	
4	230.97	112.89	228.96	84.54	28.43	2	1	3	
5	228.96	84.54	228.00	71.00	13.57	1	1	

4	2	210.846	3
1	236.00	184.00	224.19	174.75	15.00	1	4	
2	224.19	174.75	104.64	81.13	151.85	0	
3	104.64	81.13	70.00	54.00	44.00	1	2	

4	3	70.093	3
1	236.00	184.00	232.36	169.45	15.00	1	4	
2	232.36	169.45	227.00	148.01	22.09	0	
3	227.00	148.01	219.00	116.00	33.00	1	3	

4	4	0	0

4	5	142.506	6
1	236.00	184.00	237.26	169.05	15.00	1	4	
2	237.26	169.05	239.57	141.81	27.34	0	
3	239.57	141.81	242.21	110.52	31.40	1	3	
4	242.21	110.52	243.60	94.01	16.57	1	1	
5	243.60	94.01	245.05	76.88	17.19	1	1	
6	245.05	76.88	248.00	42.00	35.00	2	1	5	

5	0	145.836	5
1	248.00	42.00	224.48	67.92	35.00	2	1	5	
2	224.48	67.92	209.54	84.39	22.23	1	1	
3	209.54	84.39	196.49	98.77	19.42	2	1	3	
4	196.49	98.77	186.62	109.65	14.69	1	3	
5	186.62	109.65	150.00	150.00	54.49	0	

5	1	35.228	2
1	248.00	42.00	228.13	70.81	35.00	2	1	5	
2	228.13	70.81	228.00	71.00	0.23	1	1	

5	2	178.404	4
1	248.00	42.00	213.08	44.35	35.00	2	1	5	
2	213.08	44.35	194.55	45.60	18.57	1	1	
3	194.55	45.60	113.90	51.04	80.83	0	
4	113.90	51.04	70.00	54.00	44.00	1	2	

5	3	79.480	4
1	248.00	42.00	235.23	74.59	35.00	2	1	5	
2	235.23	74.59	231.04	85.28	11.48	1	1	
3	231.04	85.28	220.44	112.31	29.04	2	1	3	
4	220.44	112.31	219.00	116.00	3.96	1	3	

5	4	142.506	6
1	248.00	42.00	245.05	76.88	35.00	2	1	5	
2	245.05	76.88	243.60	94.01	17.19	1	1	
3	243.60	94.01	242.21	110.52	16.57	1	1	
4	242.21	110.52	239.57	141.81	31.40	1	3	
5	239.57	141.81	237.26	169.05	27.34	0	
6	237.26	169.05	236.00	184.00	15.00	1	4	

5	5	0	0
