6	45	2	0.001	70.0
150.000	150.000	0.000	8.000	0.000
151.000	91.000	20.000	5.000	9.000
54.000	183.000	19.000	4.000	6.000
87.000	155.000	28.000	6.000	5.000
14.000	179.000	36.000	9.000	14.000
105.000	103.000	1.000	4.000	5.000

0	0	0	0

0	1	59.008	2
1	150.00	150.00	150.66	111.00	39.01	0	
2	150.66	111.00	151.00	91.00	20.00	1	1	

0	2	101.514	4
1	150.00	150.00	114.01	162.37	38.05	0	
2	114.01	162.37	71.97	176.82	44.46	1	3	
3	71.97	176.82	70.23	177.42	1.84	2	2	3	
4	70.23	177.42	54.00	183.00	17.16	1	2	

0	3	63.198	2
1	150.00	150.00	114.91	152.78	35.20	0	
2	114.91	152.78	87.00	155.00	28.00	1	3	

0	4	139.058	6
1	150.00	150.00	114.89	157.49	35.90	0	
2	114.89	157.49	65.65	167.99	50.35	1	3	
3	65.65	167.99	62.55	168.65	3.16	2	2	3	
4	62.55	168.65	49.21	171.49	13.64	1	2	
5	49.21	171.49	37.24	174.04	12.23	2	2	4	
6	37.24	174.04	14.00	179.00	23.77	1	4	

0	5	65.069	2
1	150.00	150.00	105.69	103.72	64.07	0	
2	105.69	103.72	105.00	103.00	1.00	1	5	

1	0	59.008	2
1	151.00	91.00	150.66	111.00	20.00	1	1	
2	150.66	111.00	150.00	150.00	39.01	0	

1	1	0	0

1	2	133.690	5
1	151.00	91.00	136.49	104.76	20.00	1	1	
2	136.49	104.76	105.59	134.07	42.58	0	
3	105.59	134.07	67.79	169.93	52.11	1	3	
4	67.79	169.93	65.11	172.46	3.69	2	2	3	
5	65.11	172.46	54.00	183.00	15.31	1	2	

1	3	90.510	3
1	151.00	91.00	136.86	105.14	20.00	1	1	
2	136.86	105.14	106.80	135.20	42.51	0	
3	106.80	135.20	87.00	155.00	28.00	1	3	

1	4	162.828	5
1	151.00	91.00	134.17	101.81	20.00	1	1	
2	134.17	101.81	93.69	127.81	48.11	0	
3	93.69	127.81	59.49	149.78	40.65	1	3	
4	59.49	149.78	44.29	159.54	18.07	0	
5	44.29	159.54	14.00	179.00	36.00	1	4	

1	5	47.539	3
1	151.00	91.00	131.65	96.05	20.00	1	1	
2	131.65	96.05	105.97	102.75	26.54	0	
3	105.97	102.75	105.00	103.00	1.00	1	5	

2	0	101.514	4
1	54.00	183.00	70.23	177.42	17.16	1	2	
2	70.23	177.42	71.97	176.82	1.84	2	2	3	
3	71.97	176.82	114.01	162.37	44.46	1	3	
4	114.01	162.37	150.00	150.00	38.05	0	

2	1	133.690	5
1	54.00	183.00	65.11	172.46	15.31	1	2	
2	65.11	172.46	67.79	169.93	3.69	2	2	3	
3	67.79	169.93	105.59	134.07	52.11	1	3	
4	105.59	134.07	136.49	104.76	42.58	0	
5	136.49	104.76	151.00	91.00	20.00	1	1	

2	2	0	0

2	3	43.278	3
1	54.00	183.00	65.65	173.12	15.28	1	2	
2	65.65	173.12	68.49	170.71	3.72	2	2	3	
3	68.49	170.71	87.00	155.00	24.28	1	3	

2	4	40.200	3
1	54.00	183.00	49.82	182.58	4.20	1	2	
2	49.82	182.58	35.09	181.11	14.80	2	2	4	
3	35.09	181.11	14.00	179.00	21.20	1	4	

2	5	94.874	5
1	54.00	183.00	62.83	169.14	16.43	1	2	
2	62.83	169.14	64.21	166.98	2.57	2	2	3	
3	64.21	166.98	89.62	127.12	47.27	1	3	
4	89.62	127.12	104.46	103.84	27.61	0	
5	104.46	103.84	105.00	103.00	1.00	1	5	

3	0	63.198	2
1	87.00	155.00	114.91	152.78	28.00	1	3	
2	114.91	152.78	150.00	150.00	35.20	0	

3	1	90.510	3
1	87.00	155.00	106.80	135.20	28.00	1	3	
2	106.80	135.20	136.86	105.14	42.51	0	
3	136.86	105.14	151.00	91.00	20.00	1	1	

3	2	43.278	3
1	87.00	155.00	68.49	170.71	24.28	1	3	
2	68.49	170.71	65.65	173.12	3.72	2	2	3	
3	65.65	173.12	54.00	183.00	15.28	1	2	

3	3	0	0

3	4	76.844	5
1	87.00	155.00	60.40	163.75	28.00	1	3	
2	60.40	163.75	58.20	164.47	2.32	0	
3	58.20	164.47	48.20	167.76	10.52	1	2	
4	48.20	167.76	39.63	170.58	9.03	2	2	4	
5	39.63	170.58	14.00	179.00	26.97	1	4	

3	5	55.027	3
1	87.00	155.00	96.16	128.54	28.00	1	3	
2	96.16	128.54	104.67	103.94	26.03	0	
3	104.67	103.94	105.00	103.00	1.00	1	5	

4	0	139.058	6
1	14.00	179.00	37.24	174.04	23.77	1	4	
2	37.24	174.04	49.21	171.49	12.23	2	2	4	
3	49.21	171.49	62.55	168.65	13.64	1	2	
4	62.55	168.65	65.65	167.99	3.16	2	2	3	
5	65.65	167.99	114.89	157.49	50.35	1	3	
6	114.89	157.49	150.00	150.00	35.90	0	

4	1	162.828	5
1	14.00	179.00	44.29	159.54	36.00	1	4	
2	44.29	159.54	59.49	149.78	18.07	0	
3	59.49	149.78	93.69	127.81	40.65	1	3	
4	93.69	127.81	134.17	101.81	48.11	0	
5	134.17	101.81	151.00	91.00	20.00	1	1	

4	2	40.200	3
1	14.00	179.00	35.09	181.11	21.20	1	4	
2	35.09	181.11	49.82	182.58	14.80	2	2	4	
3	49.82	182.58	54.00	183.00	4.20	1	2	

4	3	76.844	5
1	14.00	179.00	39.63	170.58	26.97	1	4	
2	39.63	170.58	48.20	167.76	9.03	2	2	4	
3	48.20	167.76	58.20	164.47	10.52	1	2	
4	58.20	164.47	60.40	163.75	2.32	0	
5	60.40	163.75	87.00	155.00	28.00	1	3	

4	4	0	0

4	5	118.562	3
1	14.00	179.00	41.63	155.92	36.00	1	4	
2	41.63	155.92	104.23	103.64	81.56	0	
3	104.23	103.64	105.00	103.00	1.00	1	5	

5	0	65.069	2
1	105.00	103.00	105.69	103.72	1.00	1	5	
2	105.69	103.72	150.00	150.00	64.07	0	

5	1	47.539	3
1	105.00	103.00	105.97	102.75	1.00	1	5	
2	105.97	102.75	131.65	96.05	26.54	0	
3	131.65	96.05	151.00	91.00	20.00	1	1	

5	2	94.874	5
1	105.00	103.00	104.46	103.84	1.00	1	5	
2	104.46	103.84	89.62	127.12	27.61	0	
3	89.62	127.12	64.21	166.98	47.27	1	3	
4	64.21	166.98	62.83	169.14	2.57	2	2	3	
5	62.83	169.14	54.00	183.00	16.43	1	2	

5	3	55.027	3
1	105.00	103.00	104.67	103.94	1.00	1	5	
2	104.67	103.94	96.16	128.54	26.03	0	
3	96.16	128.54	87.00	155.00	28.00	1	3	

5	4	118.562	3
1	105.00	103.00	104.23	103.64	1.00	1	5	
2	104.23	103.64	41.63	155.92	81.56	0	
3	41.63	155.92	14.00	179.00	36.00	1	4	

5	5	0	0
