11	193	2	0.001	80.0
235.000	186.000	0.000	9.000	0.000
198.000	238.000	11.000	1.000	18.000
115.000	13.000	18.000	10.000	18.000
19.000	158.000	49.000	6.000	4.000
0.000	143.000	11.000	1.000	2.000
5.000	74.000	23.000	6.000	3.000
245.000	182.000	49.000	3.000	2.000
172.000	179.000	23.000	10.000	10.000
60.000	182.000	50.000	1.000	19.000
173.000	112.000	9.000	10.000	9.000
125.000	77.000	38.000	3.000	5.000
 


0	0	0	0

0	1	63.820	3
1	235.00	186.00	212.04	218.26	39.60	1	6	
2	212.04	218.26	204.38	229.04	13.22	0	
3	204.38	229.04	198.00	238.00	11.00	1	1	

0	2	210.545	7
1	235.00	186.00	209.10	148.65	45.45	1	6	
2	209.10	148.65	181.36	108.67	48.66	0	
3	181.36	108.67	179.05	105.33	4.06	1	9	
4	179.05	105.33	162.70	81.77	28.68	0	
5	162.70	81.77	133.74	40.02	50.81	1	10	
6	133.74	40.02	125.26	27.79	14.88	0	
7	125.26	27.79	115.00	13.00	18.00	1	2	

0	3	217.807	6
1	235.00	186.00	196.01	180.95	39.31	1	6	
2	196.01	180.95	194.93	180.81	1.09	0	
3	194.93	180.81	149.37	174.90	45.94	1	7	
4	149.37	174.90	108.44	169.59	41.27	0	
5	108.44	169.59	67.59	164.30	41.18	1	8	
6	67.59	164.30	19.00	158.00	49.00	2	3	8	

0	4	238.902	8
1	235.00	186.00	196.10	178.88	39.55	1	6	
2	196.10	178.88	195.00	178.68	1.12	0	
3	195.00	178.68	150.61	170.56	45.13	1	7	
4	150.61	170.56	106.00	162.40	45.35	0	
5	106.00	162.40	67.93	155.43	38.70	1	8	
6	67.93	155.43	23.93	147.38	44.74	2	3	8	
7	23.93	147.38	10.82	144.98	13.32	1	3	
8	10.82	144.98	0.00	143.00	11.00	2	3	4	

0	5	255.820	5
1	235.00	186.00	198.04	168.00	41.11	1	6	
2	198.04	168.00	189.15	163.67	9.89	0	
3	189.15	163.67	173.49	156.05	17.41	1	7	
4	173.49	156.05	25.68	84.07	164.41	0	
5	25.68	84.07	5.00	74.00	23.00	1	5	

0	6	10.770	1
1	235.00	186.00	245.00	182.00	10.77	1	6	

0	7	63.388	3
1	235.00	186.00	196.00	181.67	39.24	1	6	
2	196.00	181.67	194.86	181.54	1.15	0	
3	194.86	181.54	172.00	179.00	23.00	1	7	

0	8	175.046	6
1	235.00	186.00	196.10	185.11	38.91	1	6	
2	196.10	185.11	194.19	185.07	1.91	0	
3	194.19	185.07	149.56	184.05	44.64	1	7	
4	149.56	184.05	109.99	183.14	39.58	0	
5	109.99	183.14	61.70	182.04	48.30	1	8	
6	61.70	182.04	60.00	182.00	1.70	2	3	8	

0	9	96.540	3
1	235.00	186.00	206.38	151.84	44.56	1	6	
2	206.38	151.84	178.78	118.90	42.98	0	
3	178.78	118.90	173.00	112.00	9.00	1	9	

0	10	154.858	5
1	235.00	186.00	203.95	155.24	43.71	1	6	
2	203.95	155.24	167.55	119.16	51.26	0	
3	167.55	119.16	165.89	117.52	2.33	1	9	
4	165.89	117.52	151.99	103.75	19.57	0	
5	151.99	103.75	125.00	77.00	38.00	1	10	

1	0	63.820	3
1	198.00	238.00	204.38	229.04	11.00	1	1	
2	204.38	229.04	212.04	218.26	13.22	0	
3	212.04	218.26	235.00	186.00	39.60	1	6	

1	1	0	0

1	2	239.821	7
1	198.00	238.00	194.19	227.68	11.00	1	1	
2	194.19	227.68	183.57	198.88	30.70	0	
3	183.57	198.88	167.89	156.37	45.31	1	7	
4	167.89	156.37	149.37	106.16	53.52	0	
5	149.37	106.16	124.59	39.00	71.58	1	10	
6	124.59	39.00	121.23	29.89	9.71	0	
7	121.23	29.89	115.00	13.00	18.00	1	2	

1	3	196.064	4
1	198.00	238.00	187.96	233.51	11.00	1	1	
2	187.96	233.51	107.52	197.56	88.11	0	
3	107.52	197.56	63.74	177.99	47.96	1	8	
4	63.74	177.99	19.00	158.00	49.00	2	3	8	

1	4	219.611	6
1	198.00	238.00	188.08	233.24	11.00	1	1	
2	188.08	233.24	108.29	194.96	88.50	0	
3	108.29	194.96	65.21	174.29	47.78	1	8	
4	65.21	174.29	19.67	152.44	50.51	2	3	8	
5	19.67	152.44	9.92	147.76	10.82	1	3	
6	9.92	147.76	0.00	143.00	11.00	2	3	4	

1	5	253.269	5
1	198.00	238.00	189.62	230.88	11.00	1	1	
2	189.62	230.88	103.87	158.02	112.52	0	
3	103.87	158.02	76.59	134.83	35.80	1	8	
4	76.59	134.83	22.53	88.89	70.94	0	
5	22.53	88.89	5.00	74.00	23.00	1	5	

1	6	73.110	3
1	198.00	238.00	205.07	229.57	11.00	1	1	
2	205.07	229.57	213.50	219.53	13.11	0	
3	213.50	219.53	245.00	182.00	49.00	1	6	

1	7	64.475	3
1	198.00	238.00	193.56	227.93	11.00	1	1	
2	193.56	227.93	181.27	200.05	30.47	0	
3	181.27	200.05	172.00	179.00	23.00	1	7	

1	8	148.930	4
1	198.00	238.00	187.81	233.86	11.00	1	1	
2	187.81	233.86	106.33	200.80	87.93	0	
3	106.33	200.80	61.40	182.57	48.49	1	8	
4	61.40	182.57	60.00	182.00	1.51	2	3	8	

1	9	128.456	5
1	198.00	238.00	195.86	227.21	11.00	1	1	
2	195.86	227.21	189.30	194.16	33.70	0	
3	189.30	194.16	182.20	158.39	36.47	1	7	
4	182.20	158.39	174.75	120.83	38.29	0	
5	174.75	120.83	173.00	112.00	9.00	1	9	

1	10	176.777	5
1	198.00	238.00	193.46	227.98	11.00	1	1	
2	193.46	227.98	180.87	200.22	30.48	0	
3	180.87	200.22	161.88	158.34	45.98	1	7	
4	161.88	158.34	140.69	111.61	51.32	0	
5	140.69	111.61	125.00	77.00	38.00	1	10	

2	0	210.545	7
1	115.00	13.00	125.26	27.79	18.00	1	2	
2	125.26	27.79	133.74	40.02	14.88	0	
3	133.74	40.02	162.70	81.77	50.81	1	10	
4	162.70	81.77	179.05	105.33	28.68	0	
5	179.05	105.33	181.36	108.67	4.06	1	9	
6	181.36	108.67	209.10	148.65	48.66	0	
7	209.10	148.65	235.00	186.00	45.45	1	6	

2	1	239.821	7
1	115.00	13.00	121.23	29.89	18.00	1	2	
2	121.23	29.89	124.59	39.00	9.71	0	
3	124.59	39.00	149.37	106.16	71.58	1	10	
4	149.37	106.16	167.89	156.37	53.52	0	
5	167.89	156.37	183.57	198.88	45.31	1	7	
6	183.57	198.88	194.19	227.68	30.70	0	
7	194.19	227.68	198.00	238.00	11.00	1	1	

2	2	0	0

2	3	173.899	4
1	115.00	13.00	105.06	28.01	18.00	1	2	
2	105.06	28.01	46.05	117.14	106.90	0	
3	46.05	117.14	29.17	142.63	30.57	1	3	
4	29.17	142.63	19.00	158.00	18.43	2	3	8	

2	4	173.566	4
1	115.00	13.00	103.07	26.48	18.00	1	2	
2	103.07	26.48	29.14	110.06	111.59	0	
3	29.14	110.06	7.29	134.76	32.98	1	3	
4	7.29	134.76	0.00	143.00	11.00	2	3	4	

2	5	125.782	3
1	115.00	13.00	99.26	21.73	18.00	1	2	
2	99.26	21.73	25.11	62.85	84.78	0	
3	25.11	62.85	5.00	74.00	23.00	1	5	

2	6	213.216	5
1	115.00	13.00	125.97	27.27	18.00	1	2	
2	125.97	27.27	136.33	40.73	16.98	0	
3	136.33	40.73	162.96	75.35	43.68	1	10	
4	162.96	75.35	215.12	143.16	85.55	0	
5	215.12	143.16	245.00	182.00	49.00	1	6	

2	7	175.514	5
1	115.00	13.00	120.85	30.02	18.00	1	2	
2	120.85	30.02	123.93	39.02	9.51	0	
3	123.93	39.02	147.49	107.63	72.55	0	
4	147.49	107.63	164.53	157.25	52.46	0	
5	164.53	157.25	172.00	179.00	23.00	1	7	

2	8	177.725	6
1	115.00	13.00	109.43	30.12	18.00	1	2	
2	109.43	30.12	104.61	44.94	15.58	0	
3	104.61	44.94	89.64	90.92	48.36	1	10	
4	89.64	90.92	75.47	134.45	45.78	0	
5	75.47	134.45	68.00	157.43	24.16	1	8	
6	68.00	157.43	60.00	182.00	25.84	2	3	8	

2	9	114.739	5
1	115.00	13.00	124.10	28.53	18.00	1	2	
2	124.10	28.53	130.46	39.39	12.59	0	
3	130.46	39.39	160.47	90.62	59.37	1	10	
4	160.47	90.62	168.45	104.23	15.78	0	
5	168.45	104.23	173.00	112.00	9.00	1	9	

2	10	64.777	3
1	115.00	13.00	117.78	30.78	18.00	1	2	
2	117.78	30.78	119.13	39.46	8.78	0	
3	119.13	39.46	125.00	77.00	38.00	1	10	

3	0	217.807	6
1	19.00	158.00	67.59	164.30	49.00	2	3	8	
2	67.59	164.30	108.44	169.59	41.18	1	8	
3	108.44	169.59	149.37	174.90	41.27	0	
4	149.37	174.90	194.93	180.81	45.94	1	7	
5	194.93	180.81	196.01	180.95	1.09	0	
6	196.01	180.95	235.00	186.00	39.31	1	6	

3	1	196.064	4
1	19.00	158.00	63.74	177.99	49.00	2	3	8	
2	63.74	177.99	107.52	197.56	47.96	1	8	
3	107.52	197.56	187.96	233.51	88.11	0	
4	187.96	233.51	198.00	238.00	11.00	1	1	

3	2	173.899	4
1	19.00	158.00	29.17	142.63	18.43	2	3	8	
2	29.17	142.63	46.05	117.14	30.57	1	3	
3	46.05	117.14	105.06	28.01	106.90	0	
4	105.06	28.01	115.00	13.00	18.00	1	2	

3	3	0	0

3	4	24.207	3
1	19.00	158.00	17.03	156.44	2.52	2	3	8	
2	17.03	156.44	8.63	149.82	10.69	1	3	
3	8.63	149.82	0.00	143.00	11.00	2	3	4	

3	5	85.159	4
1	19.00	158.00	18.38	154.29	3.76	2	3	8	
2	18.38	154.29	10.94	109.67	45.24	0	
3	10.94	109.67	8.78	96.69	13.16	0	
4	8.78	96.69	5.00	74.00	23.00	1	5	

3	6	227.271	6
1	19.00	158.00	67.73	163.17	49.00	2	3	8	
2	67.73	163.17	107.83	167.43	40.33	1	8	
3	107.83	167.43	150.12	171.92	42.52	0	
4	150.12	171.92	194.88	176.68	45.02	1	7	
5	194.88	176.68	196.27	176.83	1.40	0	
6	196.27	176.83	245.00	182.00	49.00	1	6	

3	7	154.434	4
1	19.00	158.00	67.54	164.66	49.00	2	3	8	
2	67.54	164.66	108.61	170.30	41.45	1	8	
3	108.61	170.30	149.21	175.87	40.98	0	
4	149.21	175.87	172.00	179.00	23.00	1	7	

3	8	47.508	1
1	19.00	158.00	60.00	182.00	47.51	2	3	8	

3	9	160.723	4
1	19.00	158.00	65.95	143.98	49.00	2	3	8	
2	65.95	143.98	84.52	138.43	19.39	1	8	
3	84.52	138.43	164.38	114.58	83.34	0	
4	164.38	114.58	173.00	112.00	9.00	1	9	

3	10	133.405	4
1	19.00	158.00	52.23	132.61	41.82	2	3	8	
2	52.23	132.61	57.93	128.25	7.18	1	3	
3	57.93	128.25	94.81	100.07	46.41	0	
4	94.81	100.07	125.00	77.00	38.00	1	10	

4	0	238.902	8
1	0.00	143.00	10.82	144.98	11.00	2	3	4	
2	10.82	144.98	23.93	147.38	13.32	1	3	
3	23.93	147.38	67.93	155.43	44.74	2	3	8	
4	67.93	155.43	106.00	162.40	38.70	1	8	
5	106.00	162.40	150.61	170.56	45.35	0	
6	150.61	170.56	195.00	178.68	45.13	1	7	
7	195.00	178.68	196.10	178.88	1.12	0	
8	196.10	178.88	235.00	186.00	39.55	1	6	

4	1	219.611	6
1	0.00	143.00	9.92	147.76	11.00	2	3	4	
2	9.92	147.76	19.67	152.44	10.82	1	3	
3	19.67	152.44	65.21	174.29	50.51	2	3	8	
4	65.21	174.29	108.29	194.96	47.78	1	8	
5	108.29	194.96	188.08	233.24	88.50	0	
6	188.08	233.24	198.00	238.00	11.00	1	1	

4	2	173.566	4
1	0.00	143.00	7.29	134.76	11.00	2	3	4	
2	7.29	134.76	29.14	110.06	32.98	1	3	
3	29.14	110.06	103.07	26.48	111.59	0	
4	103.07	26.48	115.00	13.00	18.00	1	2	

4	3	24.207	3
1	0.00	143.00	8.63	149.82	11.00	2	3	4	
2	8.63	149.82	17.03	156.44	10.69	1	3	
3	17.03	156.44	19.00	158.00	2.52	2	3	8	

4	4	0	0

4	5	69.181	4
1	0.00	143.00	0.80	132.03	11.00	2	3	4	
2	0.80	132.03	2.25	111.95	20.13	0	
3	2.25	111.95	3.34	96.94	15.05	0	
4	3.34	96.94	5.00	74.00	23.00	1	5	

4	6	248.085	8
1	0.00	143.00	10.86	144.73	11.00	2	3	4	
2	10.86	144.73	24.41	146.88	13.71	1	3	
3	24.41	146.88	67.82	153.80	43.96	2	3	8	
4	67.82	153.80	104.74	159.67	37.38	1	8	
5	104.74	159.67	152.24	167.23	48.10	0	
6	152.24	167.23	194.44	173.95	42.73	1	7	
7	194.44	173.95	196.61	174.30	2.20	0	
8	196.61	174.30	245.00	182.00	49.00	1	6	

4	7	175.727	6
1	0.00	143.00	10.77	145.25	11.00	2	3	4	
2	10.77	145.25	23.43	147.90	12.94	1	3	
3	23.43	147.90	67.99	157.23	45.53	2	3	8	
4	67.99	157.23	107.18	165.43	40.03	1	8	
5	107.18	165.43	149.49	174.29	43.23	0	
6	149.49	174.29	172.00	179.00	23.00	1	7	

4	8	71.561	3
1	0.00	143.00	9.22	148.99	11.00	2	3	4	
2	9.22	148.99	18.08	154.75	10.56	1	3	
3	18.08	154.75	60.00	182.00	50.00	2	3	8	

4	9	175.756	6
1	0.00	143.00	10.83	141.06	11.00	2	3	4	
2	10.83	141.06	41.43	135.58	31.09	1	3	
3	41.43	135.58	60.62	132.14	19.49	2	3	8	
4	60.62	132.14	61.29	132.02	0.69	1	8	
5	61.29	132.02	164.14	113.59	104.49	0	
6	164.14	113.59	173.00	112.00	9.00	1	9	

4	10	141.354	4
1	0.00	143.00	9.73	137.86	11.00	2	3	4	
2	9.73	137.86	47.32	118.01	42.51	1	3	
3	47.32	118.01	91.40	94.74	49.84	0	
4	91.40	94.74	125.00	77.00	38.00	1	10	

5	0	255.820	5
1	5.00	74.00	25.68	84.07	23.00	1	5	
2	25.68	84.07	173.49	156.05	164.41	0	
3	173.49	156.05	189.15	163.67	17.41	1	7	
4	189.15	163.67	198.04	168.00	9.89	0	
5	198.04	168.00	235.00	186.00	41.11	1	6	

5	1	253.269	5
1	5.00	74.00	22.53	88.89	23.00	1	5	
2	22.53	88.89	76.59	134.83	70.94	0	
3	76.59	134.83	103.87	158.02	35.80	1	8	
4	103.87	158.02	189.62	230.88	112.52	0	
5	189.62	230.88	198.00	238.00	11.00	1	1	

5	2	125.782	3
1	5.00	74.00	25.11	62.85	23.00	1	5	
2	25.11	62.85	99.26	21.73	84.78	0	
3	99.26	21.73	115.00	13.00	18.00	1	2	

5	3	85.159	4
1	5.00	74.00	8.78	96.69	23.00	1	5	
2	8.78	96.69	10.94	109.67	13.16	0	
3	10.94	109.67	18.38	154.29	45.24	0	
4	18.38	154.29	19.00	158.00	3.76	2	3	8	

5	4	69.181	4
1	5.00	74.00	3.34	96.94	23.00	1	5	
2	3.34	96.94	2.25	111.95	15.05	0	
3	2.25	111.95	0.80	132.03	20.13	0	
4	0.80	132.03	0.00	143.00	11.00	2	3	4	

5	5	0	0

5	6	263.181	3
1	5.00	74.00	25.97	83.44	23.00	1	5	
2	25.97	83.44	200.32	161.89	191.18	0	
3	200.32	161.89	245.00	182.00	49.00	1	6	

5	7	197.266	3
1	5.00	74.00	24.47	86.24	23.00	1	5	
2	24.47	86.24	152.53	166.76	151.27	0	
3	152.53	166.76	172.00	179.00	23.00	1	7	

5	8	121.198	4
1	5.00	74.00	15.44	94.50	23.00	1	5	
2	15.44	94.50	22.90	109.16	16.45	0	
3	22.90	109.16	37.31	137.44	31.75	1	3	
4	37.31	137.44	60.00	182.00	50.00	2	3	8	

5	9	172.244	5
1	5.00	74.00	27.43	79.07	23.00	1	5	
2	27.43	79.07	90.72	93.39	64.88	0	
3	90.72	93.39	148.89	106.55	59.65	1	10	
4	148.89	106.55	164.22	110.01	15.71	0	
5	164.22	110.01	173.00	112.00	9.00	1	9	

5	10	120.037	3
1	5.00	74.00	27.99	74.57	23.00	1	5	
2	27.99	74.57	87.01	76.05	59.04	0	
3	87.01	76.05	125.00	77.00	38.00	1	10	

6	0	10.770	1
1	245.00	182.00	235.00	186.00	10.77	1	6	

6	1	73.110	3
1	245.00	182.00	213.50	219.53	49.00	1	6	
2	213.50	219.53	205.07	229.57	13.11	0	
3	205.07	229.57	198.00	238.00	11.00	1	1	

6	2	213.216	5
1	245.00	182.00	215.12	143.16	49.00	1	6	
2	215.12	143.16	162.96	75.35	85.55	0	
3	162.96	75.35	136.33	40.73	43.68	1	10	
4	136.33	40.73	125.97	27.27	16.98	0	
5	125.97	27.27	115.00	13.00	18.00	1	2	

6	3	227.271	6
1	245.00	182.00	196.27	176.83	49.00	1	6	
2	196.27	176.83	194.88	176.68	1.40	0	
3	194.88	176.68	150.12	171.92	45.02	1	7	
4	150.12	171.92	107.83	167.43	42.52	0	
5	107.83	167.43	67.73	163.17	40.33	1	8	
6	67.73	163.17	19.00	158.00	49.00	2	3	8	

6	4	248.085	8
1	245.00	182.00	196.61	174.30	49.00	1	6	
2	196.61	174.30	194.44	173.95	2.20	0	
3	194.44	173.95	152.24	167.23	42.73	1	7	
4	152.24	167.23	104.74	159.67	48.10	0	
5	104.74	159.67	67.82	153.80	37.38	1	8	
6	67.82	153.80	24.41	146.88	43.96	2	3	8	
7	24.41	146.88	10.86	144.73	13.71	1	3	
8	10.86	144.73	0.00	143.00	11.00	2	3	4	

6	5	263.181	3
1	245.00	182.00	200.32	161.89	49.00	1	6	
2	200.32	161.89	25.97	83.44	191.18	0	
3	25.97	83.44	5.00	74.00	23.00	1	5	

6	6	0	0

6	7	73.062	3
1	245.00	182.00	196.04	179.99	49.00	1	6	
2	196.04	179.99	194.98	179.94	1.06	0	
3	194.98	179.94	172.00	179.00	23.00	1	7	

6	8	185.000	6
1	245.00	182.00	196.00	182.00	49.00	1	6	
2	196.00	182.00	194.80	182.00	1.20	0	
3	194.80	182.00	149.20	182.00	45.61	1	7	
4	149.20	182.00	110.00	182.00	39.20	0	
5	110.00	182.00	61.72	182.00	48.28	1	8	
6	61.72	182.00	60.00	182.00	1.72	2	3	8	

6	9	100.419	3
1	245.00	182.00	209.87	147.84	49.00	1	6	
2	209.87	147.84	179.45	118.27	42.42	0	
3	179.45	118.27	173.00	112.00	9.00	1	9	

6	10	159.452	5
1	245.00	182.00	208.12	149.73	49.00	1	6	
2	208.12	149.73	175.02	120.77	43.98	0	
3	175.02	120.77	164.04	111.16	14.59	1	9	
4	164.04	111.16	153.60	102.02	13.87	0	
5	153.60	102.02	125.00	77.00	38.00	1	10	

7	0	63.388	3
1	172.00	179.00	194.86	181.54	23.00	1	7	
2	194.86	181.54	196.00	181.67	1.15	0	
3	196.00	181.67	235.00	186.00	39.24	1	6	

7	1	64.475	3
1	172.00	179.00	181.27	200.05	23.00	1	7	
2	181.27	200.05	193.56	227.93	30.47	0	
3	193.56	227.93	198.00	238.00	11.00	1	1	

7	2	175.514	5
1	172.00	179.00	164.53	157.25	23.00	1	7	
2	164.53	157.25	147.49	107.63	52.46	0	
3	147.49	107.63	123.93	39.02	72.55	0	
4	123.93	39.02	120.85	30.02	9.51	0	
5	120.85	30.02	115.00	13.00	18.00	1	2	

7	3	154.434	4
1	172.00	179.00	149.21	175.87	23.00	1	7	
2	149.21	175.87	108.61	170.30	40.98	0	
3	108.61	170.30	67.54	164.66	41.45	1	8	
4	67.54	164.66	19.00	158.00	49.00	2	3	8	

7	4	175.727	6
1	172.00	179.00	149.49	174.29	23.00	1	7	
2	149.49	174.29	107.18	165.43	43.23	0	
3	107.18	165.43	67.99	157.23	40.03	1	8	
4	67.99	157.23	23.43	147.90	45.53	2	3	8	
5	23.43	147.90	10.77	145.25	12.94	1	3	
6	10.77	145.25	0.00	143.00	11.00	2	3	4	

7	5	197.266	3
1	172.00	179.00	152.53	166.76	23.00	1	7	
2	152.53	166.76	24.47	86.24	151.27	0	
3	24.47	86.24	5.00	74.00	23.00	1	5	

7	6	73.062	3
1	172.00	179.00	194.98	179.94	23.00	1	7	
2	194.98	179.94	196.04	179.99	1.06	0	
3	196.04	179.99	245.00	182.00	49.00	1	6	

7	7	0	0

7	8	112.040	4
1	172.00	179.00	149.01	179.62	23.00	1	7	
2	149.01	179.62	109.98	180.66	39.04	0	
3	109.98	180.66	61.75	181.95	48.25	1	8	
4	61.75	181.95	60.00	182.00	1.75	2	3	8	

7	9	67.007	3
1	172.00	179.00	172.34	156.01	23.00	1	7	
2	172.34	156.01	172.87	121.00	35.01	0	
3	172.87	121.00	173.00	112.00	9.00	1	9	

7	10	112.308	3
1	172.00	179.00	162.37	158.11	23.00	1	7	
2	162.37	158.11	140.90	111.51	51.31	0	
3	140.90	111.51	125.00	77.00	38.00	0	

8	0	175.046	6
1	60.00	182.00	61.70	182.04	1.70	2	3	8	
2	61.70	182.04	109.99	183.14	48.30	1	8	
3	109.99	183.14	149.56	184.05	39.58	0	
4	149.56	184.05	194.19	185.07	44.64	1	7	
5	194.19	185.07	196.10	185.11	1.91	0	
6	196.10	185.11	235.00	186.00	38.91	1	6	

8	1	148.930	4
1	60.00	182.00	61.40	182.57	1.51	2	3	8	
2	61.40	182.57	106.33	200.80	48.49	1	8	
3	106.33	200.80	187.81	233.86	87.93	0	
4	187.81	233.86	198.00	238.00	11.00	1	1	

8	2	177.725	6
1	60.00	182.00	68.00	157.43	25.84	2	3	8	
2	68.00	157.43	75.47	134.45	24.16	1	8	
3	75.47	134.45	89.64	90.92	45.78	0	
4	89.64	90.92	104.61	44.94	48.36	1	10	
5	104.61	44.94	109.43	30.12	15.58	0	
6	109.43	30.12	115.00	13.00	18.00	1	2	

8	3	47.508	1
1	60.00	182.00	19.00	158.00	47.51	2	3	8	

8	4	71.561	3
1	60.00	182.00	18.08	154.75	50.00	2	3	8	
2	18.08	154.75	9.22	148.99	10.56	1	3	
3	9.22	148.99	0.00	143.00	11.00	2	3	4	

8	5	121.198	4
1	60.00	182.00	37.31	137.44	50.00	2	3	8	
2	37.31	137.44	22.90	109.16	31.75	1	3	
3	22.90	109.16	15.44	94.50	16.45	0	
4	15.44	94.50	5.00	74.00	23.00	1	5	

8	6	185.000	6
1	60.00	182.00	61.72	182.00	1.72	2	3	8	
2	61.72	182.00	110.00	182.00	48.28	1	8	
3	110.00	182.00	149.20	182.00	39.20	0	
4	149.20	182.00	194.80	182.00	45.61	1	7	
5	194.80	182.00	196.00	182.00	1.20	0	
6	196.00	182.00	245.00	182.00	49.00	1	6	

8	7	112.040	4
1	60.00	182.00	61.75	181.95	1.75	2	3	8	
2	61.75	181.95	109.98	180.66	48.25	1	8	
3	109.98	180.66	149.01	179.62	39.04	0	
4	149.01	179.62	172.00	179.00	23.00	1	7	

8	8	0	0

8	9	132.925	4
1	60.00	182.00	62.58	180.40	3.03	2	3	8	
2	62.58	180.40	102.51	155.67	46.97	1	8	
3	102.51	155.67	165.35	116.74	73.92	0	
4	165.35	116.74	173.00	112.00	9.00	1	9	

8	10	123.491	4
1	60.00	182.00	65.73	172.75	10.88	2	3	8	
2	65.73	172.75	86.32	139.49	39.12	1	8	
3	86.32	139.49	105.00	109.31	35.49	0	
4	105.00	109.31	125.00	77.00	38.00	1	10	

9	0	96.540	3
1	173.00	112.00	178.78	118.90	9.00	1	9	
2	178.78	118.90	206.38	151.84	42.98	0	
3	206.38	151.84	235.00	186.00	44.56	1	6	

9	1	128.456	5
1	173.00	112.00	174.75	120.83	9.00	1	9	
2	174.75	120.83	182.20	158.39	38.29	0	
3	182.20	158.39	189.30	194.16	36.47	1	7	
4	189.30	194.16	195.86	227.21	33.70	0	
5	195.86	227.21	198.00	238.00	11.00	1	1	

9	2	114.739	5
1	173.00	112.00	168.45	104.23	9.00	1	9	
2	168.45	104.23	160.47	90.62	15.78	0	
3	160.47	90.62	130.46	39.39	59.37	1	10	
4	130.46	39.39	124.10	28.53	12.59	0	
5	124.10	28.53	115.00	13.00	18.00	1	2	

9	3	160.723	4
1	173.00	112.00	164.38	114.58	9.00	1	9	
2	164.38	114.58	84.52	138.43	83.34	0	
3	84.52	138.43	65.95	143.98	19.39	1	8	
4	65.95	143.98	19.00	158.00	49.00	2	3	8	

9	4	175.756	6
1	173.00	112.00	164.14	113.59	9.00	1	9	
2	164.14	113.59	61.29	132.02	104.49	0	
3	61.29	132.02	60.62	132.14	0.69	1	8	
4	60.62	132.14	41.43	135.58	19.49	2	3	8	
5	41.43	135.58	10.83	141.06	31.09	1	3	
6	10.83	141.06	0.00	143.00	11.00	2	3	4	

9	5	172.244	5
1	173.00	112.00	164.22	110.01	9.00	1	9	
2	164.22	110.01	148.89	106.55	15.71	0	
3	148.89	106.55	90.72	93.39	59.65	1	10	
4	90.72	93.39	27.43	79.07	64.88	0	
5	27.43	79.07	5.00	74.00	23.00	1	5	

9	6	100.419	3
1	173.00	112.00	179.45	118.27	9.00	1	9	
2	179.45	118.27	209.87	147.84	42.42	0	
3	209.87	147.84	245.00	182.00	49.00	1	6	

9	7	67.007	3
1	173.00	112.00	172.87	121.00	9.00	1	9	
2	172.87	121.00	172.34	156.01	35.01	0	
3	172.34	156.01	172.00	179.00	23.00	1	7	

9	8	132.925	4
1	173.00	112.00	165.35	116.74	9.00	1	9	
2	165.35	116.74	102.51	155.67	73.92	0	
3	102.51	155.67	62.58	180.40	46.97	1	8	
4	62.58	180.40	60.00	182.00	3.03	2	3	8	

9	9	0	0

9	10	59.405	3
1	173.00	112.00	165.73	106.70	9.00	1	9	
2	165.73	106.70	155.70	99.39	12.41	0	
3	155.70	99.39	125.00	77.00	38.00	1	10	

10	0	154.858	5
1	125.00	77.00	151.99	103.75	38.00	1	10	
2	151.99	103.75	165.89	117.52	19.57	0	
3	165.89	117.52	167.55	119.16	2.33	1	9	
4	167.55	119.16	203.95	155.24	51.26	0	
5	203.95	155.24	235.00	186.00	43.71	1	6	

10	1	176.777	5
1	125.00	77.00	140.69	111.61	38.00	1	10	
2	140.69	111.61	161.88	158.34	51.32	0	
3	161.88	158.34	180.87	200.22	45.98	1	7	
4	180.87	200.22	193.46	227.98	30.48	0	
5	193.46	227.98	198.00	238.00	11.00	1	1	

10	2	64.777	3
1	125.00	77.00	119.13	39.46	38.00	1	10	
2	119.13	39.46	117.78	30.78	8.78	0	
3	117.78	30.78	115.00	13.00	18.00	1	2	

10	3	133.405	4
1	125.00	77.00	94.81	100.07	38.00	1	10	
2	94.81	100.07	57.93	128.25	46.41	0	
3	57.93	128.25	52.23	132.61	7.18	1	3	
4	52.23	132.61	19.00	158.00	41.82	2	3	8	

10	4	141.354	4
1	125.00	77.00	91.40	94.74	38.00	1	10	
2	91.40	94.74	47.32	118.01	49.84	0	
3	47.32	118.01	9.73	137.86	42.51	1	3	
4	9.73	137.86	0.00	143.00	11.00	2	3	4	

10	5	120.037	3
1	125.00	77.00	87.01	76.05	38.00	1	10	
2	87.01	76.05	27.99	74.57	59.04	0	
3	27.99	74.57	5.00	74.00	23.00	1	5	

10	6	159.452	5
1	125.00	77.00	153.60	102.02	38.00	1	10	
2	153.60	102.02	164.04	111.16	13.87	0	
3	164.04	111.16	175.02	120.77	14.59	1	9	
4	175.02	120.77	208.12	149.73	43.98	0	
5	208.12	149.73	245.00	182.00	49.00	1	6	

10	7	112.308	3
1	125.00	77.00	140.90	111.51	38.00	0	
2	140.90	111.51	162.37	158.11	51.31	0	
3	162.37	158.11	172.00	179.00	23.00	1	7	

10	8	123.491	4
1	125.00	77.00	105.00	109.31	38.00	1	10	
2	105.00	109.31	86.32	139.49	35.49	0	
3	86.32	139.49	65.73	172.75	39.12	1	8	
4	65.73	172.75	60.00	182.00	10.88	2	3	8	

10	9	59.405	3
1	125.00	77.00	155.70	99.39	38.00	1	10	
2	155.70	99.39	165.73	106.70	12.41	0	
3	165.73	106.70	173.00	112.00	9.00	1	9	

10	10	0	0
