21	775	2	0.001	80.0
98.000	262.000	0.000	8.000	0.000
87.000	54.000	37.000	10.000	10.000
26.000	130.000	7.000	9.000	13.000
11.000	98.000	29.000	1.000	12.000
37.000	94.000	13.000	4.000	16.000
248.000	267.000	19.000	8.000	3.000
263.000	93.000	1.000	6.000	18.000
233.000	256.000	21.000	4.000	17.000
79.000	161.000	1.000	8.000	19.000
216.000	286.000	8.000	1.000	15.000
168.000	214.000	9.000	1.000	12.000
64.000	136.000	6.000	10.000	2.000
283.000	17.000	18.000	4.000	12.000
36.000	285.000	46.000	9.000	20.000
131.000	95.000	9.000	1.000	17.000
51.000	28.000	33.000	9.000	3.000
242.000	32.000	1.000	4.000	11.000
70.000	160.000	5.000	10.000	11.000
126.000	262.000	23.000	9.000	11.000
151.000	77.000	43.000	2.000	7.000
146.000	61.000	18.000	3.000	15.000

0	0	0	0

0	1	208.291	2
1	98.00	262.00	88.95	90.95	171.29	0	
2	88.95	90.95	87.00	54.00	37.00	1	1	

0	2	150.360	2
1	98.00	262.00	29.35	136.15	143.36	0	
2	29.35	136.15	26.00	130.00	7.00	1	2	

0	3	185.648	4
1	98.00	262.00	30.72	135.17	143.57	0	
2	30.72	135.17	24.59	123.62	13.08	1	2	
3	24.59	123.62	24.36	123.19	0.48	2	2	3	
4	24.36	123.19	11.00	98.00	28.52	1	3	

0	4	178.732	3
1	98.00	262.00	41.44	106.22	165.73	0	
2	41.44	106.22	39.77	101.63	4.88	1	4	
3	39.77	101.63	37.00	94.00	8.12	2	3	4	

0	5	150.083	5
1	98.00	262.00	103.00	262.17	5.00	0	
2	103.00	262.17	148.94	263.70	45.96	1	18	
3	148.94	263.70	214.47	265.88	65.57	0	
4	214.47	265.88	229.01	266.37	14.55	1	7	
5	229.01	266.37	248.00	267.00	19.00	2	5	7	

0	6	236.191	4
1	98.00	262.00	103.77	256.09	8.26	0	
2	103.77	256.09	119.56	239.92	22.59	1	18	
3	119.56	239.92	262.30	93.72	204.33	0	
4	262.30	93.72	263.00	93.00	1.00	1	6	

0	7	135.133	5
1	98.00	262.00	103.00	261.78	5.01	0	
2	103.00	261.78	148.89	259.74	45.93	1	18	
3	148.89	259.74	212.02	256.93	63.19	0	
4	212.02	256.93	232.49	256.02	20.49	1	7	
5	232.49	256.02	233.00	256.00	0.51	2	5	7	

0	8	102.772	2
1	98.00	262.00	79.18	161.98	101.77	0	
2	79.18	161.98	79.00	161.00	1.00	1	8	

0	9	120.416	4
1	98.00	262.00	103.02	263.02	5.13	0	
2	103.02	263.02	146.75	271.92	44.63	1	18	
3	146.75	271.92	208.16	284.41	62.66	0	
4	208.16	284.41	216.00	286.00	8.00	1	9	

0	10	84.876	4
1	98.00	262.00	103.29	258.37	6.41	0	
2	103.29	258.37	130.80	239.51	33.36	1	18	
3	130.80	239.51	160.58	219.09	36.10	0	
4	160.58	219.09	168.00	214.00	9.00	1	10	

0	11	130.507	4
1	98.00	262.00	71.74	164.69	100.79	0	
2	71.74	164.69	69.15	155.07	9.96	1	17	
3	69.15	155.07	65.56	141.79	13.76	0	
4	65.56	141.79	64.00	136.00	6.00	1	11	

0	12	307.002	4
1	98.00	262.00	104.88	252.88	11.42	0	
2	104.88	252.88	111.45	244.19	10.90	1	18	
3	111.45	244.19	272.15	31.36	266.68	0	
4	272.15	31.36	283.00	17.00	18.00	1	12	

0	13	66.129	2
1	98.00	262.00	79.13	269.00	20.13	0	
2	79.13	269.00	36.00	285.00	46.00	1	13	

0	14	170.229	3
1	98.00	262.00	127.45	112.98	151.91	0	
2	127.45	112.98	129.26	103.83	9.32	1	19	
3	129.26	103.83	131.00	95.00	9.00	2	14	19	

0	15	238.673	4
1	98.00	262.00	61.63	80.93	184.68	0	
2	61.63	80.93	57.50	60.35	20.99	1	1	
3	57.50	60.35	53.20	38.95	21.83	2	1	15	
4	53.20	38.95	51.00	28.00	11.17	1	15	

0	16	271.360	2
1	98.00	262.00	241.47	32.85	270.36	0	
2	241.47	32.85	242.00	32.00	1.00	1	16	

0	17	105.773	2
1	98.00	262.00	71.32	164.82	100.77	0	
2	71.32	164.82	70.00	160.00	5.00	1	17	

0	18	28.000	2
1	98.00	262.00	103.00	262.00	5.00	0	
2	103.00	262.00	126.00	262.00	23.00	1	18	

0	19	192.442	3
1	98.00	262.00	139.16	118.34	149.44	0	
2	139.16	118.34	150.60	78.40	41.54	1	19	
3	150.60	78.40	151.00	77.00	1.46	2	19	20	

0	20	206.652	5
1	98.00	262.00	132.87	115.99	150.12	0	
2	132.87	115.99	136.11	102.41	13.96	0	
3	136.11	102.41	138.91	90.70	12.04	2	14	19	
4	138.91	90.70	141.82	78.51	12.54	1	19	
5	141.82	78.51	146.00	61.00	18.00	2	19	20	

1	0	208.291	2
1	87.00	54.00	88.95	90.95	37.00	1	1	
2	88.95	90.95	98.00	262.00	171.29	0	

1	1	0	0

1	2	97.453	3
1	87.00	54.00	63.84	82.86	37.00	1	1	
2	63.84	82.86	30.38	124.54	53.45	0	
3	30.38	124.54	26.00	130.00	7.00	1	2	

1	3	87.818	5
1	87.00	54.00	54.98	72.54	37.00	1	1	
2	54.98	72.54	39.83	81.31	17.51	0	
3	39.83	81.31	36.10	83.47	4.31	1	4	
4	36.10	83.47	24.59	90.13	13.30	2	3	4	
5	24.59	90.13	11.00	98.00	15.70	1	3	

1	4	64.031	4
1	87.00	54.00	58.11	77.11	37.00	1	1	
2	58.11	77.11	47.15	85.88	14.03	0	
3	47.15	85.88	39.39	92.09	9.94	1	4	
4	39.39	92.09	37.00	94.00	3.06	2	3	4	

1	5	267.002	6
1	87.00	54.00	108.32	82.20	35.35	1	1	
2	108.32	82.20	109.31	83.52	1.65	2	1	19	
3	109.31	83.52	134.35	116.65	41.53	1	19	
4	134.35	116.65	225.01	236.58	150.34	0	
5	225.01	236.58	236.54	251.84	19.13	1	7	
6	236.54	251.84	248.00	267.00	19.00	2	5	7	

1	6	180.269	7
1	87.00	54.00	111.73	59.48	25.33	1	1	
2	111.73	59.48	123.12	62.00	11.67	2	1	19	
3	123.12	62.00	128.12	63.11	5.12	1	19	
4	128.12	63.11	161.31	70.47	33.99	2	19	20	
5	161.31	70.47	193.99	77.71	33.48	1	19	
6	193.99	77.71	262.02	92.78	69.68	0	
7	262.02	92.78	263.00	93.00	1.00	1	6	

1	7	249.239	6
1	87.00	54.00	108.54	83.80	36.77	1	1	
2	108.54	83.80	108.67	83.99	0.23	2	1	19	
3	108.67	83.99	131.22	115.18	38.49	1	19	
4	131.22	115.18	220.70	238.98	152.75	0	
5	220.70	238.98	232.75	255.66	20.58	1	7	
6	232.75	255.66	233.00	256.00	0.42	2	5	7	

1	8	107.299	3
1	87.00	54.00	84.24	90.90	37.00	0	
2	84.24	90.90	79.07	160.00	69.30	0	
3	79.07	160.00	79.00	161.00	1.00	1	8	

1	9	265.452	5
1	87.00	54.00	104.98	86.34	37.00	1	1	
2	104.98	86.34	171.31	205.63	136.50	0	
3	171.31	205.63	176.86	215.60	11.41	1	10	
4	176.86	215.60	212.11	279.01	72.55	0	
5	212.11	279.01	216.00	286.00	8.00	1	9	

1	10	179.335	3
1	87.00	54.00	103.71	87.01	37.00	0	
2	103.71	87.01	163.94	205.97	133.33	0	
3	163.94	205.97	168.00	214.00	9.00	1	10	

1	11	85.165	3
1	87.00	54.00	77.01	89.63	37.00	1	1	
2	77.01	89.63	65.62	130.22	42.16	0	
3	65.62	130.22	64.00	136.00	6.00	1	11	

1	12	199.462	7
1	87.00	54.00	119.35	47.89	32.92	1	1	
2	119.35	47.89	123.36	47.14	4.08	2	1	19	
3	123.36	47.14	140.22	43.95	17.16	1	19	
4	140.22	43.95	145.17	43.02	5.04	2	19	20	
5	145.17	43.02	169.86	38.36	25.13	1	19	
6	169.86	38.36	265.31	20.34	97.14	0	
7	265.31	20.34	283.00	17.00	18.00	1	12	

1	13	236.563	5
1	87.00	54.00	79.02	90.13	37.00	1	1	
2	79.02	90.13	69.45	133.49	44.41	0	
3	69.45	133.49	67.89	140.57	7.25	1	11	
4	67.89	140.57	45.92	240.08	101.91	0	
5	45.92	240.08	36.00	285.00	46.00	1	13	

1	14	60.141	4
1	87.00	54.00	108.13	73.69	28.88	1	1	
2	108.13	73.69	114.07	79.22	8.12	2	1	19	
3	114.07	79.22	124.42	88.86	14.14	1	19	
4	124.42	88.86	131.00	95.00	9.00	2	14	19	

1	15	44.407	3
1	87.00	54.00	77.75	47.32	11.41	1	1	
2	77.75	47.32	57.00	32.34	25.59	2	1	15	
3	57.00	32.34	51.00	28.00	7.41	1	15	

1	16	156.554	7
1	87.00	54.00	117.84	49.62	31.15	1	1	
2	117.84	49.62	123.63	48.80	5.85	2	1	19	
3	123.63	48.80	134.35	47.28	10.82	1	19	
4	134.35	47.28	153.37	44.58	19.21	2	19	20	
5	153.37	44.58	175.23	41.48	22.08	1	19	
6	175.23	41.48	241.01	32.14	66.44	0	
7	241.01	32.14	242.00	32.00	1.00	1	16	

1	17	107.355	3
1	87.00	54.00	81.14	90.53	37.00	1	1	
2	81.14	90.53	70.79	155.06	65.35	0	
3	70.79	155.06	70.00	160.00	5.00	1	17	

1	18	211.625	3
1	87.00	54.00	93.82	90.37	37.00	1	1	
2	93.82	90.37	121.76	239.39	151.62	0	
3	121.76	239.39	126.00	262.00	23.00	1	18	

1	19	68.007	4
1	87.00	54.00	110.53	62.46	25.01	1	1	
2	110.53	62.46	121.82	66.51	11.99	2	1	19	
3	121.82	66.51	130.13	69.50	8.83	1	19	
4	130.13	69.50	151.00	77.00	22.17	2	19	20	

1	20	59.414	4
1	87.00	54.00	112.90	57.07	26.08	1	1	
2	112.90	57.07	123.74	58.36	10.92	2	1	19	
3	123.74	58.36	128.13	58.88	4.41	1	19	
4	128.13	58.88	146.00	61.00	18.00	2	19	20	

2	0	150.360	2
1	26.00	130.00	29.35	136.15	7.00	1	2	
2	29.35	136.15	98.00	262.00	143.36	0	

2	1	97.453	3
1	26.00	130.00	30.38	124.54	7.00	1	2	
2	30.38	124.54	63.84	82.86	53.45	0	
3	63.84	82.86	87.00	54.00	37.00	1	1	

2	2	0	0

2	3	35.341	3
1	26.00	130.00	23.31	124.26	6.34	1	2	
2	23.31	124.26	23.03	123.66	0.66	2	2	3	
3	23.03	123.66	11.00	98.00	28.34	1	3	

2	4	37.643	4
1	26.00	130.00	28.05	123.31	7.00	1	2	
2	28.05	123.31	28.78	120.91	2.50	0	
3	28.78	120.91	33.20	106.43	15.14	1	3	
4	33.20	106.43	37.00	94.00	13.00	2	3	4	

2	5	260.870	8
1	26.00	130.00	31.96	133.68	7.00	1	2	
2	31.96	133.68	67.55	155.64	41.83	0	
3	67.55	155.64	74.99	160.24	8.75	1	17	
4	74.99	160.24	159.18	212.19	98.93	0	
5	159.18	212.19	173.57	221.07	16.91	1	10	
6	173.57	221.07	214.39	246.26	47.97	0	
7	214.39	246.26	231.83	257.02	20.49	1	7	
8	231.83	257.02	248.00	267.00	19.00	2	5	7	

2	6	239.871	5
1	26.00	130.00	32.92	128.92	7.00	1	2	
2	32.92	128.92	128.97	113.93	97.21	0	
3	128.97	113.93	183.24	105.45	54.93	1	19	
4	183.24	105.45	262.01	93.15	79.72	0	
5	262.01	93.15	263.00	93.00	1.00	1	6	

2	7	242.332	8
1	26.00	130.00	31.98	133.64	7.00	1	2	
2	31.98	133.64	67.86	155.48	42.01	0	
3	67.86	155.48	75.00	159.82	8.35	1	17	
4	75.00	159.82	159.44	211.22	98.86	0	
5	159.44	211.22	174.40	220.33	17.51	1	10	
6	174.40	220.33	215.06	245.08	47.60	0	
7	215.06	245.08	232.66	255.79	20.60	1	7	
8	232.66	255.79	233.00	256.00	0.40	2	5	7	

2	8	61.400	5
1	26.00	130.00	32.04	133.53	7.00	1	2	
2	32.04	133.53	68.94	155.11	42.74	0	
3	68.94	155.11	74.78	158.53	6.77	1	17	
4	74.78	158.53	78.14	160.50	3.89	0	
5	78.14	160.50	79.00	161.00	1.00	1	8	

2	9	245.837	5
1	26.00	130.00	31.41	134.44	7.00	1	2	
2	31.41	134.44	65.75	162.64	44.44	0	
3	65.75	162.64	68.24	164.68	3.21	1	17	
4	68.24	164.68	209.82	280.92	183.19	0	
5	209.82	280.92	216.00	286.00	8.00	1	9	

2	10	164.985	7
1	26.00	130.00	32.02	133.56	7.00	1	2	
2	32.02	133.56	68.60	155.20	42.50	0	
3	68.60	155.20	74.88	158.92	7.30	1	17	
4	74.88	158.92	78.03	160.78	3.65	0	
5	78.03	160.78	79.67	161.75	1.91	1	8	
6	79.67	161.75	160.25	209.42	93.63	0	
7	160.25	209.42	168.00	214.00	9.00	1	10	

2	11	38.471	3
1	26.00	130.00	32.91	131.09	7.00	1	2	
2	32.91	131.09	58.07	135.06	25.47	0	
3	58.07	135.06	64.00	136.00	6.00	1	11	

2	12	280.745	7
1	26.00	130.00	32.41	127.18	7.00	1	2	
2	32.41	127.18	110.95	92.65	85.80	0	
3	110.95	92.65	142.69	78.69	34.67	1	19	
4	142.69	78.69	161.28	70.52	20.30	2	19	20	
5	161.28	70.52	189.61	58.06	30.95	1	19	
6	189.61	58.06	266.52	24.25	84.02	0	
7	266.52	24.25	283.00	17.00	18.00	1	12	

2	13	155.322	3
1	26.00	130.00	26.45	136.99	7.00	1	2	
2	26.45	136.99	33.04	239.10	102.32	0	
3	33.04	239.10	36.00	285.00	46.00	0	

2	14	110.680	4
1	26.00	130.00	32.64	127.79	7.00	1	2	
2	32.64	127.79	114.90	100.37	86.71	0	
3	114.90	100.37	122.46	97.85	7.97	1	19	
4	122.46	97.85	131.00	95.00	9.00	2	14	19	

2	15	105.019	7
1	26.00	130.00	27.67	123.20	7.00	1	2	
2	27.67	123.20	28.10	121.42	1.83	0	
3	28.10	121.42	31.89	105.95	15.92	1	3	
4	31.89	105.95	36.99	85.14	21.43	2	3	4	
5	36.99	85.14	38.00	81.04	4.23	1	4	
6	38.00	81.04	43.14	60.05	21.61	0	
7	43.14	60.05	51.00	28.00	33.00	1	15	

2	16	237.192	7
1	26.00	130.00	32.37	127.11	7.00	1	2	
2	32.37	127.11	110.57	91.63	85.86	0	
3	110.57	91.63	140.39	78.10	32.75	1	19	
4	140.39	78.10	162.57	68.04	24.36	2	19	20	
5	162.57	68.04	188.64	56.21	28.63	1	19	
6	188.64	56.21	241.09	32.41	57.60	0	
7	241.09	32.41	242.00	32.00	1.00	1	16	

2	17	53.254	3
1	26.00	130.00	31.78	133.94	7.00	1	2	
2	31.78	133.94	65.87	157.18	41.25	0	
3	65.87	157.18	70.00	160.00	5.00	1	17	

2	18	165.602	3
1	26.00	130.00	30.23	135.58	7.00	1	2	
2	30.23	135.58	112.11	243.67	135.60	0	
3	112.11	243.67	126.00	262.00	23.00	1	18	

2	19	135.772	6
1	26.00	130.00	32.44	127.27	7.00	1	2	
2	32.44	127.27	111.41	93.79	85.77	0	
3	111.41	93.79	125.70	87.73	15.52	1	19	
4	125.70	87.73	129.46	86.13	4.09	2	14	19	
5	129.46	86.13	146.29	79.00	18.28	1	19	
6	146.29	79.00	151.00	77.00	5.12	2	19	20	

2	20	138.423	6
1	26.00	130.00	32.07	126.51	7.00	1	2	
2	32.07	126.51	95.58	89.99	73.26	0	
3	95.58	89.99	108.37	82.64	14.75	1	1	
4	108.37	82.64	113.79	79.52	6.25	2	1	19	
5	113.79	79.52	130.40	69.97	19.16	1	19	
6	130.40	69.97	146.00	61.00	18.00	2	19	20	

3	0	185.648	4
1	11.00	98.00	24.36	123.19	28.52	1	3	
2	24.36	123.19	24.59	123.62	0.48	2	2	3	
3	24.59	123.62	30.72	135.17	13.08	1	2	
4	30.72	135.17	98.00	262.00	143.57	0	

3	1	87.818	5
1	11.00	98.00	24.59	90.13	15.70	1	3	
2	24.59	90.13	36.10	83.47	13.30	2	3	4	
3	36.10	83.47	39.83	81.31	4.31	1	4	
4	39.83	81.31	54.98	72.54	17.51	0	
5	54.98	72.54	87.00	54.00	37.00	1	1	

3	2	35.341	3
1	11.00	98.00	23.03	123.66	28.34	1	3	
2	23.03	123.66	23.31	124.26	0.66	2	2	3	
3	23.31	124.26	26.00	130.00	6.34	1	2	

3	3	0	0

3	4	26.306	2
1	11.00	98.00	24.15	95.98	13.31	1	3	
2	24.15	95.98	37.00	94.00	13.00	2	3	4	

3	5	291.084	8
1	11.00	98.00	34.61	114.84	29.00	1	3	
2	34.61	114.84	59.21	132.38	30.22	0	
3	59.21	132.38	68.98	139.35	12.00	1	11	
4	68.98	139.35	163.09	206.45	115.59	0	
5	163.09	206.45	176.73	216.18	16.75	1	10	
6	176.73	216.18	215.76	244.01	47.93	0	
7	215.76	244.01	232.53	255.97	20.60	1	7	
8	232.53	255.97	248.00	267.00	19.00	2	5	7	

3	6	252.050	9
1	11.00	98.00	24.55	97.73	13.55	1	3	
2	24.55	97.73	39.99	97.42	15.45	2	3	4	
3	39.99	97.42	49.59	97.23	9.60	1	4	
4	49.59	97.23	112.42	95.99	62.84	0	
5	112.42	95.99	122.04	95.80	9.62	1	19	
6	122.04	95.80	139.99	95.44	17.96	2	14	19	
7	139.99	95.44	190.30	94.44	50.32	1	19	
8	190.30	94.44	262.00	93.02	71.71	0	
9	262.00	93.02	263.00	93.00	1.00	1	6	

3	7	272.485	8
1	11.00	98.00	34.63	114.82	29.00	1	3	
2	34.63	114.82	59.25	132.34	30.22	0	
3	59.25	132.34	69.02	139.29	11.99	1	11	
4	69.02	139.29	163.25	206.36	115.66	0	
5	163.25	206.36	176.78	215.99	16.61	1	10	
6	176.78	215.99	215.89	243.82	48.01	0	
7	215.89	243.82	232.68	255.77	20.60	1	7	
8	232.68	255.77	233.00	256.00	0.40	2	5	7	

3	8	92.698	3
1	11.00	98.00	32.27	117.71	29.00	1	3	
2	32.27	117.71	78.27	160.32	62.70	0	
3	78.27	160.32	79.00	161.00	1.00	1	8	

3	9	278.153	5
1	11.00	98.00	32.37	117.60	29.00	1	3	
2	32.37	117.60	78.67	160.06	62.82	0	
3	78.67	160.06	79.97	161.25	1.76	1	8	
4	79.97	161.25	210.10	280.59	176.57	0	
5	210.10	280.59	216.00	286.00	8.00	1	9	

3	10	195.205	5
1	11.00	98.00	34.32	115.23	29.00	1	3	
2	34.32	115.23	58.68	133.23	30.28	0	
3	58.68	133.23	68.21	140.27	11.85	1	11	
4	68.21	140.27	160.76	208.65	115.07	0	
5	160.76	208.65	168.00	214.00	9.00	1	10	

3	11	65.215	3
1	11.00	98.00	34.57	114.90	29.00	1	3	
2	34.57	114.90	59.12	132.50	30.21	0	
3	59.12	132.50	64.00	136.00	6.00	1	11	

3	12	283.805	11
1	11.00	98.00	24.00	94.13	13.56	1	3	
2	24.00	94.13	38.79	89.72	15.44	2	3	4	
3	38.79	89.72	47.95	87.00	9.56	1	4	
4	47.95	87.00	63.31	82.42	16.03	0	
5	63.31	82.42	108.77	68.88	47.44	1	1	
6	108.77	68.88	122.38	64.83	14.20	2	1	19	
7	122.38	64.83	128.13	63.12	6.00	1	19	
8	128.13	63.12	162.12	53.00	35.47	2	19	20	
9	162.12	53.00	181.91	47.10	20.64	1	19	
10	181.91	47.10	265.75	22.14	87.48	0	
11	265.75	22.14	283.00	17.00	18.00	1	12	

3	13	188.664	3
1	11.00	98.00	14.84	126.74	29.00	1	3	
2	14.84	126.74	29.90	239.41	113.66	0	
3	29.90	239.41	36.00	285.00	46.00	1	13	

3	14	120.037	6
1	11.00	98.00	24.53	97.66	13.53	1	3	
2	24.53	97.66	39.99	97.28	15.47	2	3	4	
3	39.99	97.28	49.64	97.03	9.65	1	4	
4	49.64	97.03	112.17	95.47	62.55	0	
5	112.17	95.47	122.00	95.22	9.84	1	19	
6	122.00	95.22	131.00	95.00	9.00	2	14	19	

3	15	80.623	3
1	11.00	98.00	25.39	72.82	29.00	1	3	
2	25.39	72.82	34.63	56.65	18.62	0	
3	34.63	56.65	51.00	28.00	33.00	1	15	

3	16	240.244	11
1	11.00	98.00	24.00	94.28	13.52	1	3	
2	24.00	94.28	38.88	90.03	15.48	2	3	4	
3	38.88	90.03	48.19	87.38	9.67	1	4	
4	48.19	87.38	63.88	82.89	16.33	0	
5	63.88	82.89	108.55	70.13	46.46	1	1	
6	108.55	70.13	121.89	66.32	13.87	2	1	19	
7	121.89	66.32	128.34	64.47	6.71	1	19	
8	128.34	64.47	162.83	54.62	35.87	2	19	20	
9	162.83	54.62	183.41	48.74	21.40	1	19	
10	183.41	48.74	241.04	32.27	59.93	0	
11	241.04	32.27	242.00	32.00	1.00	1	16	

3	17	85.586	3
1	11.00	98.00	30.99	119.01	29.00	1	3	
2	30.99	119.01	66.55	156.38	51.59	0	
3	66.55	156.38	70.00	160.00	5.00	1	17	

3	18	200.302	5
1	11.00	98.00	27.65	121.74	29.00	1	3	
2	27.65	121.74	29.01	123.68	2.36	0	
3	29.01	123.68	32.97	129.33	6.90	1	2	
4	32.97	129.33	112.80	243.17	139.04	0	
5	112.80	243.17	126.00	262.00	23.00	1	18	

3	19	141.566	8
1	11.00	98.00	24.16	96.03	13.31	1	3	
2	24.16	96.03	39.68	93.70	15.69	2	3	4	
3	39.68	93.70	49.87	92.17	10.31	1	4	
4	49.87	92.17	73.83	88.58	24.23	0	
5	73.83	88.58	108.48	83.38	35.04	1	1	
6	108.48	83.38	109.74	83.19	1.28	2	1	19	
7	109.74	83.19	141.49	78.43	32.11	1	19	
8	141.49	78.43	151.00	77.00	9.61	2	19	20	

3	20	139.979	8
1	11.00	98.00	24.01	94.44	13.49	1	3	
2	24.01	94.44	38.97	90.33	15.51	2	3	4	
3	38.97	90.33	48.40	87.75	9.78	1	4	
4	48.40	87.75	64.47	83.35	16.66	0	
5	64.47	83.35	108.38	71.31	45.53	1	1	
6	108.38	71.31	121.35	67.76	13.45	2	1	19	
7	121.35	67.76	128.64	65.76	7.56	1	19	
8	128.64	65.76	146.00	61.00	18.00	2	19	20	

4	0	178.732	3
1	37.00	94.00	39.77	101.63	8.12	2	3	4	
2	39.77	101.63	41.44	106.22	4.88	1	4	
3	41.44	106.22	98.00	262.00	165.73	0	

4	1	64.031	4
1	37.00	94.00	39.39	92.09	3.06	2	3	4	
2	39.39	92.09	47.15	85.88	9.94	1	4	
3	47.15	85.88	58.11	77.11	14.03	0	
4	58.11	77.11	87.00	54.00	37.00	1	1	

4	2	37.643	4
1	37.00	94.00	33.20	106.43	13.00	2	3	4	
2	33.20	106.43	28.78	120.91	15.14	1	3	
3	28.78	120.91	28.05	123.31	2.50	0	
4	28.05	123.31	26.00	130.00	7.00	1	2	

4	3	26.306	2
1	37.00	94.00	24.15	95.98	13.00	2	3	4	
2	24.15	95.98	11.00	98.00	13.31	1	3	

4	4	0	0

4	5	272.855	5
1	37.00	94.00	39.96	96.42	3.82	2	3	4	
2	39.96	96.42	47.05	102.24	9.18	1	4	
3	47.05	102.24	217.42	241.92	220.31	0	
4	217.42	241.92	233.31	254.95	20.55	1	7	
5	233.31	254.95	248.00	267.00	19.00	2	5	7	

4	6	226.002	8
1	37.00	94.00	39.72	93.99	2.72	2	3	4	
2	39.72	93.99	50.00	93.94	10.28	1	4	
3	50.00	93.94	111.36	93.67	61.36	0	
4	111.36	93.67	122.11	93.62	10.74	1	19	
5	122.11	93.62	139.88	93.54	17.78	2	14	19	
6	139.88	93.54	190.78	93.32	50.90	1	19	
7	190.78	93.32	262.00	93.00	71.22	0	
8	262.00	93.00	263.00	93.00	1.00	1	6	

4	7	254.283	5
1	37.00	94.00	39.96	96.45	3.84	2	3	4	
2	39.96	96.45	47.02	102.28	9.16	1	4	
3	47.02	102.28	216.81	242.62	220.28	0	
4	216.81	242.62	232.69	255.75	20.60	1	7	
5	232.69	255.75	233.00	256.00	0.40	2	5	7	

4	8	79.076	6
1	37.00	94.00	39.99	98.77	5.63	2	3	4	
2	39.99	98.77	43.90	105.01	7.37	1	4	
3	43.90	105.01	60.35	131.24	30.95	0	
4	60.35	131.24	66.69	141.36	11.95	1	11	
5	66.69	141.36	78.47	160.15	22.18	0	
6	78.47	160.15	79.00	161.00	1.00	1	8	

4	9	262.498	4
1	37.00	94.00	39.99	97.21	4.38	2	3	4	
2	39.99	97.21	45.86	103.51	8.62	1	4	
3	45.86	103.51	210.54	280.15	241.50	0	
4	210.54	280.15	216.00	286.00	8.00	1	9	

4	10	177.654	4
1	37.00	94.00	39.97	96.72	4.03	2	3	4	
2	39.97	96.72	46.59	102.78	8.97	1	4	
3	46.59	102.78	161.36	207.92	155.65	0	
4	161.36	207.92	168.00	214.00	9.00	1	10	

4	11	49.930	4
1	37.00	94.00	39.99	98.66	5.53	2	3	4	
2	39.99	98.66	44.03	104.94	7.47	1	4	
3	44.03	104.94	60.76	130.95	30.93	0	
4	60.76	130.95	64.00	136.00	6.00	1	11	

4	12	257.769	10
1	37.00	94.00	39.60	93.19	2.72	2	3	4	
2	39.60	93.19	49.41	90.12	10.28	1	4	
3	49.41	90.12	66.46	84.78	17.87	0	
4	66.46	84.78	108.33	71.67	43.87	1	1	
5	108.33	71.67	121.42	67.58	13.71	2	1	19	
6	121.42	67.58	128.53	65.35	7.45	1	19	
7	128.53	65.35	162.83	54.61	35.94	2	19	20	
8	162.83	54.61	183.02	48.30	21.15	1	19	
9	183.02	48.30	265.82	22.38	86.77	0	
10	265.82	22.38	283.00	17.00	18.00	1	12	

4	13	191.003	4
1	37.00	94.00	36.93	107.01	13.01	1	3	
2	36.93	107.01	36.91	111.02	4.01	1	3	
3	36.91	111.02	36.24	239.01	127.99	0	
4	36.24	239.01	36.00	285.00	45.99	1	13	

4	14	94.005	5
1	37.00	94.00	39.73	94.03	2.73	2	3	4	
2	39.73	94.03	50.00	94.14	10.27	1	4	
3	50.00	94.14	111.86	94.80	61.86	0	
4	111.86	94.80	122.00	94.90	10.15	1	19	
5	122.00	94.90	131.00	95.00	9.00	2	14	19	

4	15	67.469	4
1	37.00	94.00	38.25	88.09	6.04	2	3	4	
2	38.25	88.09	39.70	81.28	6.96	1	4	
3	39.70	81.28	44.15	60.28	21.47	0	
4	44.15	60.28	51.00	28.00	33.00	1	15	

4	16	214.170	10
1	37.00	94.00	39.60	93.21	2.72	2	3	4	
2	39.60	93.21	49.44	90.24	10.28	1	4	
3	49.44	90.24	66.79	84.99	18.12	0	
4	66.79	84.99	108.24	72.45	43.31	1	1	
5	108.24	72.45	121.00	68.60	13.33	2	1	19	
6	121.00	68.60	128.78	66.24	8.13	1	19	
7	128.78	66.24	163.24	55.82	36.00	2	19	20	
8	163.24	55.82	184.07	49.52	21.77	1	19	
9	184.07	49.52	241.04	32.29	59.52	0	
10	241.04	32.29	242.00	32.00	1.00	1	16	

4	17	73.790	6
1	37.00	94.00	39.94	99.88	6.57	2	3	4	
2	39.94	99.88	42.81	105.63	6.43	1	4	
3	42.81	105.63	58.00	136.00	33.96	0	
4	58.00	136.00	60.40	140.80	5.37	1	11	
5	60.40	140.80	67.76	155.53	16.47	0	
6	67.76	155.53	70.00	160.00	5.00	1	17	

4	18	190.118	8
1	37.00	94.00	39.96	99.58	6.32	2	3	4	
2	39.96	99.58	43.09	105.49	6.68	1	4	
3	43.09	105.49	58.28	134.18	32.47	0	
4	58.28	134.18	62.30	141.75	8.57	1	11	
5	62.30	141.75	69.34	155.04	15.04	0	
6	69.34	155.04	73.73	163.33	9.38	1	17	
7	73.73	163.33	115.23	241.68	88.66	0	
8	115.23	241.68	126.00	262.00	23.00	1	18	

4	19	115.261	7
1	37.00	94.00	39.66	93.60	2.69	2	3	4	
2	39.66	93.60	49.86	92.08	10.31	1	4	
3	49.86	92.08	73.70	88.53	24.11	0	
4	73.70	88.53	108.47	83.34	35.15	1	1	
5	108.47	83.34	109.79	83.14	1.34	2	1	19	
6	109.79	83.14	141.47	78.42	32.03	1	19	
7	141.47	78.42	151.00	77.00	9.63	2	19	20	

4	20	113.886	7
1	37.00	94.00	39.60	93.21	2.72	2	3	4	
2	39.60	93.21	49.44	90.23	10.28	1	4	
3	49.44	90.23	66.78	84.98	18.11	0	
4	66.78	84.98	108.24	72.43	43.32	1	1	
5	108.24	72.43	121.01	68.56	13.34	2	1	19	
6	121.01	68.56	128.77	66.22	8.11	1	19	
7	128.77	66.22	146.00	61.00	18.00	2	19	20	

5	0	150.083	5
1	248.00	267.00	229.01	266.37	19.00	2	5	7	
2	229.01	266.37	214.47	265.88	14.55	1	7	
3	214.47	265.88	148.94	263.70	65.57	0	
4	148.94	263.70	103.00	262.17	45.96	1	18	
5	103.00	262.17	98.00	262.00	5.00	0	

5	1	267.002	6
1	248.00	267.00	236.54	251.84	19.00	2	5	7	
2	236.54	251.84	225.01	236.58	19.13	1	7	
3	225.01	236.58	134.35	116.65	150.34	0	
4	134.35	116.65	109.31	83.52	41.53	1	19	
5	109.31	83.52	108.32	82.20	1.65	2	1	19	
6	108.32	82.20	87.00	54.00	35.35	1	1	

5	2	260.870	8
1	248.00	267.00	231.83	257.02	19.00	2	5	7	
2	231.83	257.02	214.39	246.26	20.49	1	7	
3	214.39	246.26	173.57	221.07	47.97	0	
4	173.57	221.07	159.18	212.19	16.91	1	10	
5	159.18	212.19	74.99	160.24	98.93	0	
6	74.99	160.24	67.55	155.64	8.75	1	17	
7	67.55	155.64	31.96	133.68	41.83	0	
8	31.96	133.68	26.00	130.00	7.00	1	2	

5	3	291.084	8
1	248.00	267.00	232.53	255.97	19.00	2	5	7	
2	232.53	255.97	215.76	244.01	20.60	1	7	
3	215.76	244.01	176.73	216.18	47.93	0	
4	176.73	216.18	163.09	206.45	16.75	1	10	
5	163.09	206.45	68.98	139.35	115.59	0	
6	68.98	139.35	59.21	132.38	12.00	1	11	
7	59.21	132.38	34.61	114.84	30.22	0	
8	34.61	114.84	11.00	98.00	29.00	1	3	

5	4	272.855	5
1	248.00	267.00	233.31	254.95	19.00	2	5	7	
2	233.31	254.95	217.42	241.92	20.55	1	7	
3	217.42	241.92	47.05	102.24	220.31	0	
4	47.05	102.24	39.96	96.42	9.18	1	4	
5	39.96	96.42	37.00	94.00	3.82	2	3	4	

5	5	0	0

5	6	174.645	4
1	248.00	267.00	249.63	248.07	19.00	2	5	7	
2	249.63	248.07	250.01	243.69	4.40	1	7	
3	250.01	243.69	262.91	94.00	150.24	0	
4	262.91	94.00	263.00	93.00	1.00	1	6	

5	7	18.601	1
1	248.00	267.00	233.00	256.00	18.60	2	5	7	

5	8	199.492	6
1	248.00	267.00	231.90	256.90	19.00	2	5	7	
2	231.90	256.90	214.53	246.01	20.51	1	7	
3	214.53	246.01	174.08	220.64	47.75	0	
4	174.08	220.64	159.38	211.42	17.35	1	10	
5	159.38	211.42	79.85	161.53	93.88	0	
6	79.85	161.53	79.00	161.00	1.00	1	8	

5	9	37.216	4
1	248.00	267.00	231.66	276.70	19.00	2	5	7	
2	231.66	276.70	231.28	276.93	0.45	1	7	
3	231.28	276.93	222.88	281.92	9.77	0	
4	222.88	281.92	216.00	286.00	8.00	1	9	

5	10	95.964	4
1	248.00	267.00	232.16	256.51	19.00	2	5	7	
2	232.16	256.51	215.02	245.15	20.56	1	7	
3	215.02	245.15	175.50	218.97	47.40	0	
4	175.50	218.97	168.00	214.00	9.00	1	10	

5	11	225.869	6
1	248.00	267.00	232.52	255.98	19.00	2	5	7	
2	232.52	255.98	215.74	244.03	20.60	1	7	
3	215.74	244.03	176.71	216.25	47.91	0	
4	176.71	216.25	163.02	206.50	16.81	1	10	
5	163.02	206.50	68.89	139.48	115.56	0	
6	68.89	139.48	64.00	136.00	6.00	1	11	

5	12	252.438	4
1	248.00	267.00	250.63	248.18	19.00	2	5	7	
2	250.63	248.18	251.04	245.26	2.96	1	7	
3	251.04	245.26	280.50	34.83	212.48	0	
4	280.50	34.83	283.00	17.00	18.00	1	12	

5	13	212.763	6
1	248.00	267.00	229.07	268.61	19.00	2	5	7	
2	229.07	268.61	217.02	269.63	12.09	1	7	
3	217.02	269.63	144.40	275.80	72.88	0	
4	144.40	275.80	110.19	278.70	34.34	1	18	
5	110.19	278.70	81.84	281.11	28.45	0	
6	81.84	281.11	36.00	285.00	46.00	1	13	

5	14	208.022	5
1	248.00	267.00	237.31	251.29	19.00	2	5	7	
2	237.31	251.29	226.86	235.92	18.59	1	7	
3	226.86	235.92	147.93	119.89	140.33	0	
4	147.93	119.89	136.06	102.44	21.10	1	19	
5	136.06	102.44	131.00	95.00	9.00	2	14	19	

5	15	309.726	6
1	248.00	267.00	235.92	252.34	19.00	2	5	7	
2	235.92	252.34	223.50	237.27	19.52	1	7	
3	223.50	237.27	100.75	88.35	192.99	0	
4	100.75	88.35	71.99	53.46	45.21	1	1	
5	71.99	53.46	55.90	33.95	25.29	2	1	15	
6	55.90	33.95	51.00	28.00	7.71	1	15	

5	16	235.077	4
1	248.00	267.00	247.52	248.01	19.00	2	5	7	
2	247.52	248.01	247.33	240.64	7.37	0	
3	247.33	240.64	242.03	33.00	207.71	0	
4	242.03	33.00	242.00	32.00	1.00	1	16	

5	17	207.685	6
1	248.00	267.00	231.72	257.21	19.00	2	5	7	
2	231.72	257.21	214.18	246.67	20.45	1	7	
3	214.18	246.67	172.65	221.71	48.46	0	
4	172.65	221.71	159.01	213.51	15.91	1	10	
5	159.01	213.51	74.29	162.58	98.86	0	
6	74.29	162.58	70.00	160.00	5.00	1	17	

5	18	122.102	4
1	248.00	267.00	229.02	266.22	19.00	2	5	7	
2	229.02	266.22	214.33	265.62	14.70	1	7	
3	214.33	265.62	148.98	262.94	65.41	0	
4	148.98	262.94	126.00	262.00	23.00	1	18	

5	19	213.328	5
1	248.00	267.00	239.36	250.08	19.00	2	5	7	
2	239.36	250.08	231.68	235.04	16.88	1	7	
3	231.68	235.04	170.55	115.30	134.45	0	
4	170.55	115.30	151.57	78.12	41.75	1	19	
5	151.57	78.12	151.00	77.00	1.25	2	19	20	

5	20	229.870	5
1	248.00	267.00	239.57	249.97	19.00	2	5	7	
2	239.57	249.97	232.16	235.02	16.69	1	7	
3	232.16	235.02	172.39	114.30	134.70	0	
4	172.39	114.30	153.99	77.13	41.48	1	19	
5	153.99	77.13	146.00	61.00	18.00	2	19	20	

6	0	236.191	4
1	263.00	93.00	262.30	93.72	1.00	1	6	
2	262.30	93.72	119.56	239.92	204.33	0	
3	119.56	239.92	103.77	256.09	22.59	1	18	
4	103.77	256.09	98.00	262.00	8.26	0	

6	1	180.269	7
1	263.00	93.00	262.02	92.78	1.00	1	6	
2	262.02	92.78	193.99	77.71	69.68	0	
3	193.99	77.71	161.31	70.47	33.48	1	19	
4	161.31	70.47	128.12	63.11	33.99	2	19	20	
5	128.12	63.11	123.12	62.00	5.12	1	19	
6	123.12	62.00	111.73	59.48	11.67	2	1	19	
7	111.73	59.48	87.00	54.00	25.33	1	1	

6	2	239.871	5
1	263.00	93.00	262.01	93.15	1.00	1	6	
2	262.01	93.15	183.24	105.45	79.72	0	
3	183.24	105.45	128.97	113.93	54.93	1	19	
4	128.97	113.93	32.92	128.92	97.21	0	
5	32.92	128.92	26.00	130.00	7.00	1	2	

6	3	252.050	9
1	263.00	93.00	262.00	93.02	1.00	1	6	
2	262.00	93.02	190.30	94.44	71.71	0	
3	190.30	94.44	139.99	95.44	50.32	1	19	
4	139.99	95.44	122.04	95.80	17.96	2	14	19	
5	122.04	95.80	112.42	95.99	9.62	1	19	
6	112.42	95.99	49.59	97.23	62.84	0	
7	49.59	97.23	39.99	97.42	9.60	1	4	
8	39.99	97.42	24.55	97.73	15.45	2	3	4	
9	24.55	97.73	11.00	98.00	13.55	1	3	

6	4	226.002	8
1	263.00	93.00	262.00	93.00	1.00	1	6	
2	262.00	93.00	190.78	93.32	71.22	0	
3	190.78	93.32	139.88	93.54	50.90	1	19	
4	139.88	93.54	122.11	93.62	17.78	2	14	19	
5	122.11	93.62	111.36	93.67	10.74	1	19	
6	111.36	93.67	50.00	93.94	61.36	0	
7	50.00	93.94	39.72	93.99	10.28	1	4	
8	39.72	93.99	37.00	94.00	2.72	2	3	4	

6	5	174.645	4
1	263.00	93.00	262.91	94.00	1.00	1	6	
2	262.91	94.00	250.01	243.69	150.24	0	
3	250.01	243.69	249.63	248.07	4.40	1	7	
4	249.63	248.07	248.00	267.00	19.00	2	5	7	

6	6	0	0

6	7	165.738	4
1	263.00	93.00	262.82	93.98	1.00	1	6	
2	262.82	93.98	236.80	235.35	143.74	0	
3	236.80	235.35	233.16	255.14	20.12	1	7	
4	233.16	255.14	233.00	256.00	0.88	2	5	7	

6	8	196.163	3
1	263.00	93.00	262.06	93.35	1.00	1	6	
2	262.06	93.35	79.94	160.65	194.16	0	
3	79.94	160.65	79.00	161.00	1.00	1	8	

6	9	198.640	5
1	263.00	93.00	262.76	93.97	1.00	1	6	
2	262.76	93.97	228.29	235.53	145.70	0	
3	228.29	235.53	219.41	272.01	37.54	1	7	
4	219.41	272.01	217.89	278.23	6.40	0	
5	217.89	278.23	216.00	286.00	8.00	1	9	

6	10	153.838	3
1	263.00	93.00	262.38	93.79	1.00	1	6	
2	262.38	93.79	173.56	206.92	143.84	0	
3	173.56	206.92	168.00	214.00	9.00	1	10	

6	11	203.593	5
1	263.00	93.00	262.02	93.21	1.00	1	6	
2	262.02	93.21	176.37	111.72	87.63	0	
3	176.37	111.72	142.23	119.10	34.93	1	19	
4	142.23	119.10	69.86	134.73	74.04	0	
5	69.86	134.73	64.00	136.00	6.00	1	11	

6	12	78.588	3
1	263.00	93.00	263.25	92.03	1.00	1	6	
2	263.25	92.03	278.42	34.41	59.59	0	
3	278.42	34.41	283.00	17.00	18.00	1	12	

6	13	297.310	3
1	263.00	93.00	262.24	93.65	1.00	1	6	
2	262.24	93.65	71.12	255.29	250.31	0	
3	71.12	255.29	36.00	285.00	46.00	1	13	

6	14	132.015	4
1	263.00	93.00	262.00	93.02	1.00	1	6	
2	262.00	93.02	190.45	94.10	71.55	0	
3	190.45	94.10	140.00	94.86	50.46	1	19	
4	140.00	94.86	131.00	95.00	9.00	2	14	19	

6	15	221.741	9
1	263.00	93.00	262.04	92.71	1.00	1	6	
2	262.04	92.71	193.68	71.75	71.51	0	
3	193.68	71.75	163.93	62.62	31.12	1	19	
4	163.93	62.62	130.24	52.30	35.23	2	19	20	
5	130.24	52.30	123.82	50.33	6.72	1	19	
6	123.82	50.33	118.60	48.73	5.45	2	1	19	
7	118.60	48.73	82.55	37.67	37.71	1	1	
8	82.55	37.67	58.57	30.32	25.08	2	1	15	
9	58.57	30.32	51.00	28.00	7.92	1	15	

6	16	64.514	3
1	263.00	93.00	262.67	92.05	1.00	1	6	
2	262.67	92.05	242.33	32.95	62.51	0	
3	242.33	32.95	242.00	32.00	1.00	1	16	

6	17	204.299	3
1	263.00	93.00	262.06	93.33	1.00	1	6	
2	262.06	93.33	74.72	158.36	198.30	0	
3	74.72	158.36	70.00	160.00	5.00	1	17	

6	18	217.555	5
1	263.00	93.00	262.37	93.78	1.00	1	6	
2	262.37	93.78	171.60	205.75	144.14	0	
3	171.60	205.75	160.67	219.23	17.35	1	10	
4	160.67	219.23	140.48	244.13	32.06	0	
5	140.48	244.13	126.00	262.00	23.00	1	18	

6	19	113.137	4
1	263.00	93.00	262.01	92.86	1.00	1	6	
2	262.01	92.86	193.57	83.08	69.14	0	
3	193.57	83.08	153.51	77.36	40.46	1	19	
4	153.51	77.36	151.00	77.00	2.54	2	19	20	

6	20	121.297	4
1	263.00	93.00	262.04	92.74	1.00	1	6	
2	262.04	92.74	193.90	74.10	70.64	0	
3	193.90	74.10	163.36	65.75	31.66	1	19	
4	163.36	65.75	146.00	61.00	18.00	2	19	20	

7	0	135.133	5
1	233.00	256.00	232.49	256.02	0.51	2	5	7	
2	232.49	256.02	212.02	256.93	20.49	1	7	
3	212.02	256.93	148.89	259.74	63.19	0	
4	148.89	259.74	103.00	261.78	45.93	1	18	
5	103.00	261.78	98.00	262.00	5.01	0	

7	1	249.239	6
1	233.00	256.00	232.75	255.66	0.42	2	5	7	
2	232.75	255.66	220.70	238.98	20.58	1	7	
3	220.70	238.98	131.22	115.18	152.75	0	
4	131.22	115.18	108.67	83.99	38.49	1	19	
5	108.67	83.99	108.54	83.80	0.23	2	1	19	
6	108.54	83.80	87.00	54.00	36.77	1	1	

7	2	242.332	8
1	233.00	256.00	232.66	255.79	0.40	2	5	7	
2	232.66	255.79	215.06	245.08	20.60	1	7	
3	215.06	245.08	174.40	220.33	47.60	0	
4	174.40	220.33	159.44	211.22	17.51	1	10	
5	159.44	211.22	75.00	159.82	98.86	0	
6	75.00	159.82	67.86	155.48	8.35	1	17	
7	67.86	155.48	31.98	133.64	42.01	0	
8	31.98	133.64	26.00	130.00	7.00	1	2	

7	3	272.485	8
1	233.00	256.00	232.68	255.77	0.40	2	5	7	
2	232.68	255.77	215.89	243.82	20.60	1	7	
3	215.89	243.82	176.78	215.99	48.01	0	
4	176.78	215.99	163.25	206.36	16.61	1	10	
5	163.25	206.36	69.02	139.29	115.66	0	
6	69.02	139.29	59.25	132.34	11.99	1	11	
7	59.25	132.34	34.63	114.82	30.22	0	
8	34.63	114.82	11.00	98.00	29.00	1	3	

7	4	254.283	5
1	233.00	256.00	232.69	255.75	0.40	2	5	7	
2	232.69	255.75	216.81	242.62	20.60	1	7	
3	216.81	242.62	47.02	102.28	220.28	0	
4	47.02	102.28	39.96	96.45	9.16	1	4	
5	39.96	96.45	37.00	94.00	3.84	2	3	4	

7	5	18.601	1
1	233.00	256.00	248.00	267.00	18.60	2	5	7	

7	6	165.738	4
1	233.00	256.00	233.16	255.14	0.88	2	5	7	
2	233.16	255.14	236.80	235.35	20.12	1	7	
3	236.80	235.35	262.82	93.98	143.74	0	
4	262.82	93.98	263.00	93.00	1.00	1	6	

7	7	0	0

7	8	180.945	6
1	233.00	256.00	232.66	255.79	0.40	2	5	7	
2	232.66	255.79	215.13	244.97	20.60	1	7	
3	215.13	244.97	174.68	220.03	47.52	0	
4	174.68	220.03	159.62	210.73	17.71	1	10	
5	159.62	210.73	79.85	161.53	93.72	0	
6	79.85	161.53	79.00	161.00	1.00	1	8	

7	9	34.482	4
1	233.00	256.00	229.74	261.76	6.62	2	5	7	
2	229.74	261.76	222.65	274.27	14.38	1	7	
3	222.65	274.27	219.94	279.04	5.48	0	
4	219.94	279.04	216.00	286.00	8.00	1	9	

7	10	77.389	4
1	233.00	256.00	232.66	255.78	0.40	2	5	7	
2	232.66	255.78	215.36	244.60	20.60	1	7	
3	215.36	244.60	175.56	218.88	47.39	0	
4	175.56	218.88	168.00	214.00	9.00	1	10	

7	11	207.270	6
1	233.00	256.00	232.67	255.77	0.40	2	5	7	
2	232.67	255.77	215.88	243.84	20.60	1	7	
3	215.88	243.84	176.76	216.07	47.98	0	
4	176.76	216.07	163.16	206.41	16.68	1	10	
5	163.16	206.41	68.89	139.47	115.62	0	
6	68.89	139.47	64.00	136.00	6.00	1	11	

7	12	244.174	4
1	233.00	256.00	233.19	255.10	0.92	2	5	7	
2	233.19	255.10	237.30	235.44	20.08	1	7	
3	237.30	235.44	279.31	34.62	205.17	0	
4	279.31	34.62	283.00	17.00	18.00	1	12	

7	13	199.123	6
1	233.00	256.00	232.45	256.08	0.55	2	5	7	
2	232.45	256.08	212.22	259.06	20.45	1	7	
3	212.22	259.06	148.06	268.50	64.85	0	
4	148.06	268.50	106.75	274.59	41.76	1	18	
5	106.75	274.59	81.51	278.30	25.51	0	
6	81.51	278.30	36.00	285.00	46.00	1	13	

7	14	190.591	5
1	233.00	256.00	232.77	255.64	0.43	2	5	7	
2	232.77	255.64	221.76	238.26	20.57	1	7	
3	221.76	238.26	146.70	119.78	140.25	0	
4	146.70	119.78	135.82	102.60	20.34	1	19	
5	135.82	102.60	131.00	95.00	9.00	2	14	19	

7	15	291.733	6
1	233.00	256.00	232.74	255.68	0.41	2	5	7	
2	232.74	255.68	219.90	239.59	20.59	1	7	
3	219.90	239.59	99.54	88.81	192.93	0	
4	99.54	88.81	71.59	53.79	44.81	1	1	
5	71.59	53.79	55.83	34.06	25.25	2	1	15	
6	55.83	34.06	51.00	28.00	7.75	1	15	

7	16	224.181	4
1	233.00	256.00	233.03	255.30	0.70	2	5	7	
2	233.03	255.30	233.84	235.02	20.30	0	
3	233.84	235.02	241.96	33.00	202.18	0	
4	241.96	33.00	242.00	32.00	1.00	1	16	

7	17	189.169	6
1	233.00	256.00	232.65	255.80	0.40	2	5	7	
2	232.65	255.80	214.91	245.34	20.60	1	7	
3	214.91	245.34	173.62	221.03	47.91	0	
4	173.62	221.03	159.13	212.49	16.82	1	10	
5	159.13	212.49	74.31	162.54	98.44	0	
6	74.31	162.54	70.00	160.00	5.00	1	17	

7	18	107.168	4
1	233.00	256.00	232.49	256.03	0.51	2	5	7	
2	232.49	256.03	212.03	257.18	20.49	1	7	
3	212.03	257.18	148.96	260.71	63.17	0	
4	148.96	260.71	126.00	262.00	23.00	1	18	

7	19	196.888	5
1	233.00	256.00	232.81	255.59	0.46	2	5	7	
2	232.81	255.59	224.25	236.91	20.54	1	7	
3	224.25	236.91	168.91	116.09	132.89	0	
4	168.91	116.09	151.52	78.13	41.75	1	19	
5	151.52	78.13	151.00	77.00	1.25	2	19	20	

7	20	213.528	5
1	233.00	256.00	232.81	255.58	0.46	2	5	7	
2	232.81	255.58	224.44	236.82	20.54	1	7	
3	224.44	236.82	170.29	115.43	132.92	0	
4	170.29	115.43	153.33	77.44	41.60	1	19	
5	153.33	77.44	146.00	61.00	18.00	2	19	20	

8	0	102.772	2
1	79.00	161.00	79.18	161.98	1.00	1	8	
2	79.18	161.98	98.00	262.00	101.77	0	

8	1	107.299	3
1	79.00	161.00	79.07	160.00	1.00	1	8	
2	79.07	160.00	84.24	90.90	69.30	0	
3	84.24	90.90	87.00	54.00	37.00	0	

8	2	61.400	5
1	79.00	161.00	78.14	160.50	1.00	1	8	
2	78.14	160.50	74.78	158.53	3.89	0	
3	74.78	158.53	68.94	155.11	6.77	1	17	
4	68.94	155.11	32.04	133.53	42.74	0	
5	32.04	133.53	26.00	130.00	7.00	1	2	

8	3	92.698	3
1	79.00	161.00	78.27	160.32	1.00	1	8	
2	78.27	160.32	32.27	117.71	62.70	0	
3	32.27	117.71	11.00	98.00	29.00	1	3	

8	4	79.076	6
1	79.00	161.00	78.47	160.15	1.00	1	8	
2	78.47	160.15	66.69	141.36	22.18	0	
3	66.69	141.36	60.35	131.24	11.95	1	11	
4	60.35	131.24	43.90	105.01	30.95	0	
5	43.90	105.01	39.99	98.77	7.37	1	4	
6	39.99	98.77	37.00	94.00	5.63	2	3	4	

8	5	199.492	6
1	79.00	161.00	79.85	161.53	1.00	1	8	
2	79.85	161.53	159.38	211.42	93.88	0	
3	159.38	211.42	174.08	220.64	17.35	1	10	
4	174.08	220.64	214.53	246.01	47.75	0	
5	214.53	246.01	231.90	256.90	20.51	1	7	
6	231.90	256.90	248.00	267.00	19.00	2	5	7	

8	6	196.163	3
1	79.00	161.00	79.94	160.65	1.00	1	8	
2	79.94	160.65	262.06	93.35	194.16	0	
3	262.06	93.35	263.00	93.00	1.00	1	6	

8	7	180.945	6
1	79.00	161.00	79.85	161.53	1.00	1	8	
2	79.85	161.53	159.62	210.73	93.72	0	
3	159.62	210.73	174.68	220.03	17.71	1	10	
4	174.68	220.03	215.13	244.97	47.52	0	
5	215.13	244.97	232.66	255.79	20.60	1	7	
6	232.66	255.79	233.00	256.00	0.40	2	5	7	

8	8	0	0

8	9	185.456	3
1	79.00	161.00	79.74	161.67	1.00	1	8	
2	79.74	161.67	210.09	280.61	176.46	0	
3	210.09	280.61	216.00	286.00	8.00	1	9	

8	10	103.586	3
1	79.00	161.00	79.86	161.51	1.00	1	8	
2	79.86	161.51	160.27	209.40	93.59	0	
3	160.27	209.40	168.00	214.00	9.00	1	10	

8	11	29.155	3
1	79.00	161.00	78.49	160.14	1.00	1	8	
2	78.49	160.14	67.09	141.15	22.15	0	
3	67.09	141.15	64.00	136.00	6.00	1	11	

8	12	249.704	5
1	79.00	161.00	79.82	160.42	1.00	1	8	
2	79.82	160.42	139.36	118.39	72.88	0	
3	139.36	118.39	193.90	79.89	66.76	1	19	
4	193.90	79.89	268.29	27.38	91.06	0	
5	268.29	27.38	283.00	17.00	18.00	1	12	

8	13	131.244	3
1	79.00	161.00	78.67	161.94	1.00	1	8	
2	78.67	161.94	51.07	241.54	84.24	0	
3	51.07	241.54	36.00	285.00	46.00	1	13	

8	14	84.024	4
1	79.00	161.00	79.62	160.21	1.00	1	8	
2	79.62	160.21	120.95	107.76	66.78	0	
3	120.95	107.76	125.43	102.07	7.24	1	19	
4	125.43	102.07	131.00	95.00	9.00	2	14	19	

8	15	135.915	5
1	79.00	161.00	78.79	160.02	1.00	1	8	
2	78.79	160.02	62.27	81.52	80.22	0	
3	62.27	81.52	57.80	60.29	21.69	1	1	
4	57.80	60.29	53.27	38.79	21.97	2	1	15	
5	53.27	38.79	51.00	28.00	11.03	1	15	

8	16	207.870	5
1	79.00	161.00	79.78	160.38	1.00	1	8	
2	79.78	160.38	134.81	116.83	70.17	0	
3	134.81	116.83	193.49	70.39	74.84	1	19	
4	193.49	70.39	241.22	32.62	60.86	0	
5	241.22	32.62	242.00	32.00	1.00	1	16	

8	17	9.055	3
1	79.00	161.00	78.01	160.89	1.00	1	8	
2	78.01	160.89	74.97	160.55	3.06	0	
3	74.97	160.55	70.00	160.00	5.00	1	17	

8	18	111.400	3
1	79.00	161.00	79.42	161.91	1.00	1	8	
2	79.42	161.91	116.30	241.15	87.40	0	
3	116.30	241.15	126.00	262.00	23.00	1	18	

8	19	110.635	6
1	79.00	161.00	79.65	160.24	1.00	1	8	
2	79.65	160.24	123.02	109.65	66.63	0	
3	123.02	109.65	128.23	103.56	8.01	1	19	
4	128.23	103.56	139.04	90.95	16.61	2	14	19	
5	139.04	90.95	149.60	78.64	16.22	1	19	
6	149.60	78.64	151.00	77.00	2.16	2	19	20	

8	20	120.370	6
1	79.00	161.00	79.56	160.17	1.00	1	8	
2	79.56	160.17	117.35	103.77	67.89	0	
3	117.35	103.77	122.14	96.61	8.62	1	19	
4	122.14	96.61	129.12	86.20	12.53	2	14	19	
5	129.12	86.20	135.98	75.95	12.33	1	19	
6	135.98	75.95	146.00	61.00	18.00	2	19	20	

9	0	120.416	4
1	216.00	286.00	208.16	284.41	8.00	1	9	
2	208.16	284.41	146.75	271.92	62.66	0	
3	146.75	271.92	103.02	263.02	44.63	1	18	
4	103.02	263.02	98.00	262.00	5.13	0	

9	1	265.452	5
1	216.00	286.00	212.11	279.01	8.00	1	9	
2	212.11	279.01	176.86	215.60	72.55	0	
3	176.86	215.60	171.31	205.63	11.41	1	10	
4	171.31	205.63	104.98	86.34	136.50	0	
5	104.98	86.34	87.00	54.00	37.00	1	1	

9	2	245.837	5
1	216.00	286.00	209.82	280.92	8.00	1	9	
2	209.82	280.92	68.24	164.68	183.19	0	
3	68.24	164.68	65.75	162.64	3.21	1	17	
4	65.75	162.64	31.41	134.44	44.44	0	
5	31.41	134.44	26.00	130.00	7.00	1	2	

9	3	278.153	5
1	216.00	286.00	210.10	280.59	8.00	1	9	
2	210.10	280.59	79.97	161.25	176.57	0	
3	79.97	161.25	78.67	160.06	1.76	1	8	
4	78.67	160.06	32.37	117.60	62.82	0	
5	32.37	117.60	11.00	98.00	29.00	1	3	

9	4	262.498	4
1	216.00	286.00	210.54	280.15	8.00	1	9	
2	210.54	280.15	45.86	103.51	241.50	0	
3	45.86	103.51	39.99	97.21	8.62	1	4	
4	39.99	97.21	37.00	94.00	4.38	2	3	4	

9	5	37.216	4
1	216.00	286.00	222.88	281.92	8.00	1	9	
2	222.88	281.92	231.28	276.93	9.77	0	
3	231.28	276.93	231.66	276.70	0.45	1	7	
4	231.66	276.70	248.00	267.00	19.00	2	5	7	

9	6	198.640	5
1	216.00	286.00	217.89	278.23	8.00	1	9	
2	217.89	278.23	219.41	272.01	6.40	0	
3	219.41	272.01	228.29	235.53	37.54	1	7	
4	228.29	235.53	262.76	93.97	145.70	0	
5	262.76	93.97	263.00	93.00	1.00	1	6	

9	7	34.482	4
1	216.00	286.00	219.94	279.04	8.00	1	9	
2	219.94	279.04	222.65	274.27	5.48	0	
3	222.65	274.27	229.74	261.76	14.38	1	7	
4	229.74	261.76	233.00	256.00	6.62	2	5	7	

9	8	185.456	3
1	216.00	286.00	210.09	280.61	8.00	1	9	
2	210.09	280.61	79.74	161.67	176.46	0	
3	79.74	161.67	79.00	161.00	1.00	1	8	

9	9	0	0

9	10	86.533	3
1	216.00	286.00	211.56	279.34	8.00	1	9	
2	211.56	279.34	172.99	221.49	69.53	0	
3	172.99	221.49	168.00	214.00	9.00	1	10	

9	11	213.551	3
1	216.00	286.00	210.31	280.38	8.00	1	9	
2	210.31	280.38	68.27	140.21	199.55	0	
3	68.27	140.21	64.00	136.00	6.00	1	11	

9	12	277.218	5
1	216.00	286.00	217.93	278.24	8.00	1	9	
2	217.93	278.24	219.47	272.06	6.36	0	
3	219.47	272.06	228.59	235.47	37.71	1	7	
4	228.59	235.47	278.65	34.47	207.14	0	
5	278.65	34.47	283.00	17.00	18.00	1	12	

9	13	180.003	3
1	216.00	286.00	208.00	285.96	8.00	1	9	
2	208.00	285.96	82.00	285.26	126.00	0	
3	82.00	285.26	36.00	285.00	46.00	1	13	

9	14	209.060	4
1	216.00	286.00	212.75	278.69	8.00	1	9	
2	212.75	278.69	141.67	118.98	174.82	0	
3	141.67	118.98	134.66	103.22	17.24	1	19	
4	134.66	103.22	131.00	95.00	9.00	2	14	19	

9	15	306.250	7
1	216.00	286.00	211.69	279.26	8.00	1	9	
2	211.69	279.26	174.15	220.57	69.67	0	
3	174.15	220.57	164.62	205.66	17.70	1	10	
4	164.62	205.66	91.14	90.77	136.38	0	
5	91.14	90.77	68.78	55.80	41.51	1	1	
6	68.78	55.80	55.36	34.82	24.91	2	1	15	
7	55.36	34.82	51.00	28.00	8.09	1	15	

9	16	255.327	5
1	216.00	286.00	216.81	278.04	8.00	1	9	
2	216.81	278.04	217.61	270.29	7.80	0	
3	217.61	270.29	220.82	238.89	31.56	1	7	
4	220.82	238.89	241.90	32.99	206.97	0	
5	241.90	32.99	242.00	32.00	1.00	1	16	

9	17	192.852	3
1	216.00	286.00	209.94	280.77	8.00	1	9	
2	209.94	280.77	73.79	163.27	179.85	0	
3	73.79	163.27	70.00	160.00	5.00	1	17	

9	18	93.145	3
1	216.00	286.00	208.27	283.94	8.00	1	9	
2	208.27	283.94	148.22	267.93	62.15	0	
3	148.22	267.93	126.00	262.00	23.00	1	18	

9	19	218.874	4
1	216.00	286.00	213.62	278.36	8.00	1	9	
2	213.62	278.36	163.77	118.06	167.87	0	
3	163.77	118.06	151.37	78.18	41.76	1	19	
4	151.37	78.18	151.00	77.00	1.24	2	19	20	

9	20	235.637	4
1	216.00	286.00	213.62	278.36	8.00	1	9	
2	213.62	278.36	163.75	118.07	167.87	0	
3	163.75	118.07	151.35	78.19	41.76	1	19	
4	151.35	78.19	146.00	61.00	18.00	2	19	20	

10	0	84.876	4
1	168.00	214.00	160.58	219.09	9.00	1	10	
2	160.58	219.09	130.80	239.51	36.10	0	
3	130.80	239.51	103.29	258.37	33.36	1	18	
4	103.29	258.37	98.00	262.00	6.41	0	

10	1	179.335	3
1	168.00	214.00	163.94	205.97	9.00	1	10	
2	163.94	205.97	103.71	87.01	133.33	0	
3	103.71	87.01	87.00	54.00	37.00	0	

10	2	164.985	7
1	168.00	214.00	160.25	209.42	9.00	1	10	
2	160.25	209.42	79.67	161.75	93.63	0	
3	79.67	161.75	78.03	160.78	1.91	1	8	
4	78.03	160.78	74.88	158.92	3.65	0	
5	74.88	158.92	68.60	155.20	7.30	1	17	
6	68.60	155.20	32.02	133.56	42.50	0	
7	32.02	133.56	26.00	130.00	7.00	1	2	

10	3	195.205	5
1	168.00	214.00	160.76	208.65	9.00	1	10	
2	160.76	208.65	68.21	140.27	115.07	0	
3	68.21	140.27	58.68	133.23	11.85	1	11	
4	58.68	133.23	34.32	115.23	30.28	0	
5	34.32	115.23	11.00	98.00	29.00	1	3	

10	4	177.654	4
1	168.00	214.00	161.36	207.92	9.00	1	10	
2	161.36	207.92	46.59	102.78	155.65	0	
3	46.59	102.78	39.97	96.72	8.97	1	4	
4	39.97	96.72	37.00	94.00	4.03	2	3	4	

10	5	95.964	4
1	168.00	214.00	175.50	218.97	9.00	1	10	
2	175.50	218.97	215.02	245.15	47.40	0	
3	215.02	245.15	232.16	256.51	20.56	1	7	
4	232.16	256.51	248.00	267.00	19.00	2	5	7	

10	6	153.838	3
1	168.00	214.00	173.56	206.92	9.00	1	10	
2	173.56	206.92	262.38	93.79	143.84	0	
3	262.38	93.79	263.00	93.00	1.00	1	6	

10	7	77.389	4
1	168.00	214.00	175.56	218.88	9.00	1	10	
2	175.56	218.88	215.36	244.60	47.39	0	
3	215.36	244.60	232.66	255.78	20.60	1	7	
4	232.66	255.78	233.00	256.00	0.40	2	5	7	

10	8	103.586	3
1	168.00	214.00	160.27	209.40	9.00	1	10	
2	160.27	209.40	79.86	161.51	93.59	0	
3	79.86	161.51	79.00	161.00	1.00	1	8	

10	9	86.533	3
1	168.00	214.00	172.99	221.49	9.00	1	10	
2	172.99	221.49	211.56	279.34	69.53	0	
3	211.56	279.34	216.00	286.00	8.00	1	9	

10	10	0	0

10	11	130.000	3
1	168.00	214.00	160.80	208.60	9.00	1	10	
2	160.80	208.60	68.80	139.60	115.00	0	
3	68.80	139.60	64.00	136.00	6.00	1	11	

10	12	228.110	3
1	168.00	214.00	172.54	206.23	9.00	1	10	
2	172.54	206.23	273.93	32.55	201.11	0	
3	273.93	32.55	283.00	17.00	18.00	1	12	

10	13	149.883	5
1	168.00	214.00	160.07	218.26	9.00	1	10	
2	160.07	218.26	120.08	239.77	45.41	0	
3	120.08	239.77	110.72	244.81	10.63	1	18	
4	110.72	244.81	76.51	263.21	38.84	0	
5	76.51	263.21	36.00	285.00	46.00	1	13	

10	14	124.619	4
1	168.00	214.00	165.33	205.41	9.00	1	10	
2	165.33	205.41	138.16	118.04	91.49	0	
3	138.16	118.04	133.67	103.59	15.13	1	19	
4	133.67	103.59	131.00	95.00	9.00	2	14	19	

10	15	219.738	5
1	168.00	214.00	163.21	206.38	9.00	1	10	
2	163.21	206.38	90.52	90.83	136.51	0	
3	90.52	90.83	68.57	55.93	41.23	1	1	
4	68.57	55.93	55.33	34.88	24.88	2	1	15	
5	55.33	34.88	51.00	28.00	8.12	1	15	

10	16	196.469	3
1	168.00	214.00	171.39	205.66	9.00	1	10	
2	171.39	205.66	241.62	32.93	186.47	0	
3	241.62	32.93	242.00	32.00	1.00	1	16	

10	17	111.893	3
1	168.00	214.00	160.12	209.66	9.00	1	10	
2	160.12	209.66	74.38	162.41	97.89	0	
3	74.38	162.41	70.00	160.00	5.00	1	17	

10	18	63.781	3
1	168.00	214.00	162.07	220.77	9.00	1	10	
2	162.07	220.77	141.15	244.69	31.78	0	
3	141.15	244.69	126.00	262.00	23.00	1	18	

10	19	138.051	4
1	168.00	214.00	166.89	205.07	9.00	1	10	
2	166.89	205.07	156.30	119.67	86.05	0	
3	156.30	119.67	151.15	78.25	41.74	0	
4	151.15	78.25	151.00	77.00	1.26	2	19	20	

10	20	154.574	4
1	168.00	214.00	166.72	205.09	9.00	1	10	
2	166.72	205.09	154.46	119.86	86.11	0	
3	154.46	119.86	148.56	78.82	41.47	0	
4	148.56	78.82	146.00	61.00	18.00	2	19	20	

11	0	130.507	4
1	64.00	136.00	65.56	141.79	6.00	1	11	
2	65.56	141.79	69.15	155.07	13.76	0	
3	69.15	155.07	71.74	164.69	9.96	1	17	
4	71.74	164.69	98.00	262.00	100.79	0	

11	1	85.165	3
1	64.00	136.00	65.62	130.22	6.00	1	11	
2	65.62	130.22	77.01	89.63	42.16	0	
3	77.01	89.63	87.00	54.00	37.00	1	1	

11	2	38.471	3
1	64.00	136.00	58.07	135.06	6.00	1	11	
2	58.07	135.06	32.91	131.09	25.47	0	
3	32.91	131.09	26.00	130.00	7.00	1	2	

11	3	65.215	3
1	64.00	136.00	59.12	132.50	6.00	1	11	
2	59.12	132.50	34.57	114.90	30.21	0	
3	34.57	114.90	11.00	98.00	29.00	1	3	

11	4	49.930	4
1	64.00	136.00	60.76	130.95	6.00	1	11	
2	60.76	130.95	44.03	104.94	30.93	0	
3	44.03	104.94	39.99	98.66	7.47	1	4	
4	39.99	98.66	37.00	94.00	5.53	2	3	4	

11	5	225.869	6
1	64.00	136.00	68.89	139.48	6.00	1	11	
2	68.89	139.48	163.02	206.50	115.56	0	
3	163.02	206.50	176.71	216.25	16.81	1	10	
4	176.71	216.25	215.74	244.03	47.91	0	
5	215.74	244.03	232.52	255.98	20.60	1	7	
6	232.52	255.98	248.00	267.00	19.00	2	5	7	

11	6	203.593	5
1	64.00	136.00	69.86	134.73	6.00	1	11	
2	69.86	134.73	142.23	119.10	74.04	0	
3	142.23	119.10	176.37	111.72	34.93	1	19	
4	176.37	111.72	262.02	93.21	87.63	0	
5	262.02	93.21	263.00	93.00	1.00	1	6	

11	7	207.270	6
1	64.00	136.00	68.89	139.47	6.00	1	11	
2	68.89	139.47	163.16	206.41	115.62	0	
3	163.16	206.41	176.76	216.07	16.68	1	10	
4	176.76	216.07	215.88	243.84	47.98	0	
5	215.88	243.84	232.67	255.77	20.60	1	7	
6	232.67	255.77	233.00	256.00	0.40	2	5	7	

11	8	29.155	3
1	64.00	136.00	67.09	141.15	6.00	1	11	
2	67.09	141.15	78.49	160.14	22.15	0	
3	78.49	160.14	79.00	161.00	1.00	1	8	

11	9	213.551	3
1	64.00	136.00	68.27	140.21	6.00	1	11	
2	68.27	140.21	210.31	280.38	199.55	0	
3	210.31	280.38	216.00	286.00	8.00	1	9	

11	10	130.000	3
1	64.00	136.00	68.80	139.60	6.00	1	11	
2	68.80	139.60	160.80	208.60	115.00	0	
3	160.80	208.60	168.00	214.00	9.00	1	10	

11	11	0	0

11	12	249.243	7
1	64.00	136.00	69.27	133.14	6.00	1	11	
2	69.27	133.14	119.24	105.99	56.87	0	
3	119.24	105.99	125.86	102.39	7.54	1	19	
4	125.86	102.39	140.00	94.71	16.09	2	14	19	
5	140.00	94.71	192.60	66.12	59.87	1	19	
6	192.60	66.12	267.18	25.59	84.88	0	
7	267.18	25.59	283.00	17.00	18.00	1	12	

11	13	151.608	3
1	64.00	136.00	62.89	141.90	6.00	1	11	
2	62.89	141.90	44.50	239.79	99.61	0	
3	44.50	239.79	36.00	285.00	46.00	1	13	

11	14	78.549	4
1	64.00	136.00	69.12	132.87	6.00	1	11	
2	69.12	132.87	117.13	103.49	56.29	0	
3	117.13	103.49	123.32	99.70	7.26	1	19	
4	123.32	99.70	131.00	95.00	9.00	2	14	19	

11	15	108.780	5
1	64.00	136.00	63.28	130.04	6.00	1	11	
2	63.28	130.04	56.68	75.21	55.23	0	
3	56.68	75.21	54.94	60.76	14.55	1	1	
4	54.94	60.76	52.52	40.59	20.32	1	1	
5	52.52	40.59	51.00	28.00	12.68	1	15	

11	16	206.155	7
1	64.00	136.00	69.18	132.97	6.00	1	11	
2	69.18	132.97	117.93	104.49	56.46	0	
3	117.93	104.49	124.16	100.85	7.21	1	19	
4	124.16	100.85	139.45	91.91	17.71	2	14	19	
5	139.45	91.91	191.18	61.69	59.91	1	19	
6	191.18	61.69	241.14	32.50	57.86	0	
7	241.14	32.50	242.00	32.00	1.00	1	16	

11	17	24.739	3
1	64.00	136.00	65.46	141.82	6.00	1	11	
2	65.46	141.82	68.79	155.15	13.74	0	
3	68.79	155.15	70.00	160.00	5.00	1	17	

11	18	140.428	3
1	64.00	136.00	66.65	141.38	6.00	1	11	
2	66.65	141.38	115.85	241.36	111.43	0	
3	115.85	241.36	126.00	262.00	23.00	1	18	

11	19	105.119	6
1	64.00	136.00	68.97	132.63	6.00	1	11	
2	68.97	132.63	115.41	101.13	56.12	0	
3	115.41	101.13	122.14	96.57	8.13	1	19	
4	122.14	96.57	135.74	87.35	16.43	2	14	19	
5	135.74	87.35	148.26	78.86	15.13	1	19	
6	148.26	78.86	151.00	77.00	3.31	2	19	20	

11	20	111.126	4
1	64.00	136.00	68.43	131.95	6.00	1	11	
2	68.43	131.95	111.07	92.95	57.79	0	
3	111.07	92.95	132.72	73.15	29.34	1	19	
4	132.72	73.15	146.00	61.00	18.00	2	19	20	

12	0	307.002	4
1	283.00	17.00	272.15	31.36	18.00	1	12	
2	272.15	31.36	111.45	244.19	266.68	0	
3	111.45	244.19	104.88	252.88	10.90	1	18	
4	104.88	252.88	98.00	262.00	11.42	0	

12	1	199.462	7
1	283.00	17.00	265.31	20.34	18.00	1	12	
2	265.31	20.34	169.86	38.36	97.14	0	
3	169.86	38.36	145.17	43.02	25.13	1	19	
4	145.17	43.02	140.22	43.95	5.04	2	19	20	
5	140.22	43.95	123.36	47.14	17.16	1	19	
6	123.36	47.14	119.35	47.89	4.08	2	1	19	
7	119.35	47.89	87.00	54.00	32.92	1	1	

12	2	280.745	7
1	283.00	17.00	266.52	24.25	18.00	1	12	
2	266.52	24.25	189.61	58.06	84.02	0	
3	189.61	58.06	161.28	70.52	30.95	1	19	
4	161.28	70.52	142.69	78.69	20.30	2	19	20	
5	142.69	78.69	110.95	92.65	34.67	1	19	
6	110.95	92.65	32.41	127.18	85.80	0	
7	32.41	127.18	26.00	130.00	7.00	1	2	

12	3	283.805	11
1	283.00	17.00	265.75	22.14	18.00	1	12	
2	265.75	22.14	181.91	47.10	87.48	0	
3	181.91	47.10	162.12	53.00	20.64	1	19	
4	162.12	53.00	128.13	63.12	35.47	2	19	20	
5	128.13	63.12	122.38	64.83	6.00	1	19	
6	122.38	64.83	108.77	68.88	14.20	2	1	19	
7	108.77	68.88	63.31	82.42	47.44	1	1	
8	63.31	82.42	47.95	87.00	16.03	0	
9	47.95	87.00	38.79	89.72	9.56	1	4	
10	38.79	89.72	24.00	94.13	15.44	2	3	4	
11	24.00	94.13	11.00	98.00	13.56	1	3	

12	4	257.769	10
1	283.00	17.00	265.82	22.38	18.00	1	12	
2	265.82	22.38	183.02	48.30	86.77	0	
3	183.02	48.30	162.83	54.61	21.15	1	19	
4	162.83	54.61	128.53	65.35	35.94	2	19	20	
5	128.53	65.35	121.42	67.58	7.45	1	19	
6	121.42	67.58	108.33	71.67	13.71	2	1	19	
7	108.33	71.67	66.46	84.78	43.87	1	1	
8	66.46	84.78	49.41	90.12	17.87	0	
9	49.41	90.12	39.60	93.19	10.28	1	4	
10	39.60	93.19	37.00	94.00	2.72	2	3	4	

12	5	252.438	4
1	283.00	17.00	280.50	34.83	18.00	1	12	
2	280.50	34.83	251.04	245.26	212.48	0	
3	251.04	245.26	250.63	248.18	2.96	1	7	
4	250.63	248.18	248.00	267.00	19.00	2	5	7	

12	6	78.588	3
1	283.00	17.00	278.42	34.41	18.00	1	12	
2	278.42	34.41	263.25	92.03	59.59	0	
3	263.25	92.03	263.00	93.00	1.00	1	6	

12	7	244.174	4
1	283.00	17.00	279.31	34.62	18.00	1	12	
2	279.31	34.62	237.30	235.44	205.17	0	
3	237.30	235.44	233.19	255.10	20.08	1	7	
4	233.19	255.10	233.00	256.00	0.92	2	5	7	

12	8	249.704	5
1	283.00	17.00	268.29	27.38	18.00	1	12	
2	268.29	27.38	193.90	79.89	91.06	0	
3	193.90	79.89	139.36	118.39	66.76	1	19	
4	139.36	118.39	79.82	160.42	72.88	0	
5	79.82	160.42	79.00	161.00	1.00	1	8	

12	9	277.218	5
1	283.00	17.00	278.65	34.47	18.00	1	12	
2	278.65	34.47	228.59	235.47	207.14	0	
3	228.59	235.47	219.47	272.06	37.71	1	7	
4	219.47	272.06	217.93	278.24	6.36	0	
5	217.93	278.24	216.00	286.00	8.00	1	9	

12	10	228.110	3
1	283.00	17.00	273.93	32.55	18.00	1	12	
2	273.93	32.55	172.54	206.23	201.11	0	
3	172.54	206.23	168.00	214.00	9.00	1	10	

12	11	249.243	7
1	283.00	17.00	267.18	25.59	18.00	1	12	
2	267.18	25.59	192.60	66.12	84.88	0	
3	192.60	66.12	140.00	94.71	59.87	1	19	
4	140.00	94.71	125.86	102.39	16.09	2	14	19	
5	125.86	102.39	119.24	105.99	7.54	1	19	
6	119.24	105.99	69.27	133.14	56.87	0	
7	69.27	133.14	64.00	136.00	6.00	1	11	

12	12	0	0

12	13	364.463	3
1	283.00	17.00	270.80	30.24	18.00	1	12	
2	270.80	30.24	67.17	251.17	300.46	0	
3	67.17	251.17	36.00	285.00	46.00	1	13	

12	14	170.845	4
1	283.00	17.00	266.99	25.22	18.00	1	12	
2	266.99	25.22	191.91	63.75	84.39	0	
3	191.91	63.75	139.01	90.89	59.46	1	19	
4	139.01	90.89	131.00	95.00	9.00	2	14	19	

12	15	232.261	5
1	283.00	17.00	265.02	17.85	18.00	1	12	
2	265.02	17.85	110.22	25.19	154.98	0	
3	110.22	25.19	83.96	26.44	26.29	1	1	
4	83.96	26.44	61.16	27.52	22.83	2	1	15	
5	61.16	27.52	51.00	28.00	10.17	1	15	

12	16	43.658	3
1	283.00	17.00	266.10	23.18	18.00	1	12	
2	266.10	23.18	242.94	31.66	24.66	0	
3	242.94	31.66	242.00	32.00	1.00	1	16	

12	17	256.550	5
1	283.00	17.00	268.06	27.03	18.00	1	12	
2	268.06	27.03	194.00	76.75	89.20	0	
3	194.00	76.75	134.49	116.70	71.68	1	19	
4	134.49	116.70	74.15	157.21	72.68	0	
5	74.15	157.21	70.00	160.00	5.00	1	17	

12	18	290.988	3
1	283.00	17.00	273.29	32.16	18.00	1	12	
2	273.29	32.16	138.41	242.63	249.99	0	
3	138.41	242.63	126.00	262.00	23.00	1	18	

12	19	144.997	4
1	283.00	17.00	266.61	24.45	18.00	1	12	
2	266.61	24.45	190.15	59.21	84.00	0	
3	190.15	59.21	159.14	73.30	34.05	1	19	
4	159.14	73.30	151.00	77.00	8.95	2	19	20	

12	20	143.892	4
1	283.00	17.00	265.86	22.50	18.00	1	12	
2	265.86	22.50	183.58	48.93	86.43	0	
3	183.58	48.93	163.14	55.50	21.47	1	19	
4	163.14	55.50	146.00	61.00	18.00	2	19	20	

13	0	66.129	2
1	36.00	285.00	79.13	269.00	46.00	1	13	
2	79.13	269.00	98.00	262.00	20.13	0	

13	1	236.563	5
1	36.00	285.00	45.92	240.08	46.00	1	13	
2	45.92	240.08	67.89	140.57	101.91	0	
3	67.89	140.57	69.45	133.49	7.25	1	11	
4	69.45	133.49	79.02	90.13	44.41	0	
5	79.02	90.13	87.00	54.00	37.00	1	1	

13	2	155.322	3
1	36.00	285.00	33.04	239.10	46.00	0	
2	33.04	239.10	26.45	136.99	102.32	0	
3	26.45	136.99	26.00	130.00	7.00	1	2	

13	3	188.664	3
1	36.00	285.00	29.90	239.41	46.00	1	13	
2	29.90	239.41	14.84	126.74	113.66	0	
3	14.84	126.74	11.00	98.00	29.00	1	3	

13	4	191.003	4
1	36.00	285.00	36.24	239.01	45.99	1	13	
2	36.24	239.01	36.91	111.02	127.99	0	
3	36.91	111.02	36.93	107.01	4.01	1	3	
4	36.93	107.01	37.00	94.00	13.01	1	3	

13	5	212.763	6
1	36.00	285.00	81.84	281.11	46.00	1	13	
2	81.84	281.11	110.19	278.70	28.45	0	
3	110.19	278.70	144.40	275.80	34.34	1	18	
4	144.40	275.80	217.02	269.63	72.88	0	
5	217.02	269.63	229.07	268.61	12.09	1	7	
6	229.07	268.61	248.00	267.00	19.00	2	5	7	

13	6	297.310	3
1	36.00	285.00	71.12	255.29	46.00	1	13	
2	71.12	255.29	262.24	93.65	250.31	0	
3	262.24	93.65	263.00	93.00	1.00	1	6	

13	7	199.123	6
1	36.00	285.00	81.51	278.30	46.00	1	13	
2	81.51	278.30	106.75	274.59	25.51	0	
3	106.75	274.59	148.06	268.50	41.76	1	18	
4	148.06	268.50	212.22	259.06	64.85	0	
5	212.22	259.06	232.45	256.08	20.45	1	7	
6	232.45	256.08	233.00	256.00	0.55	2	5	7	

13	8	131.244	3
1	36.00	285.00	51.07	241.54	46.00	1	13	
2	51.07	241.54	78.67	161.94	84.24	0	
3	78.67	161.94	79.00	161.00	1.00	1	8	

13	9	180.003	3
1	36.00	285.00	82.00	285.26	46.00	1	13	
2	82.00	285.26	208.00	285.96	126.00	0	
3	208.00	285.96	216.00	286.00	8.00	1	9	

13	10	149.883	5
1	36.00	285.00	76.51	263.21	46.00	1	13	
2	76.51	263.21	110.72	244.81	38.84	0	
3	110.72	244.81	120.08	239.77	10.63	1	18	
4	120.08	239.77	160.07	218.26	45.41	0	
5	160.07	218.26	168.00	214.00	9.00	1	10	

13	11	151.608	3
1	36.00	285.00	44.50	239.79	46.00	1	13	
2	44.50	239.79	62.89	141.90	99.61	0	
3	62.89	141.90	64.00	136.00	6.00	1	11	

13	12	364.463	3
1	36.00	285.00	67.17	251.17	46.00	1	13	
2	67.17	251.17	270.80	30.24	300.46	0	
3	270.80	30.24	283.00	17.00	18.00	1	12	

13	13	0	0

13	14	212.426	4
1	36.00	285.00	56.57	243.86	46.00	1	13	
2	56.57	243.86	123.48	110.04	149.61	0	
3	123.48	110.04	126.98	103.05	7.82	1	19	
4	126.98	103.05	131.00	95.00	9.00	2	14	19	

13	15	257.437	5
1	36.00	285.00	38.68	239.08	46.00	0	
2	38.68	239.08	46.64	102.72	136.59	0	
3	46.64	102.72	47.59	86.46	16.29	1	4	
4	47.59	86.46	49.08	60.94	25.56	0	
5	49.08	60.94	51.00	28.00	33.00	1	15	

13	16	326.259	5
1	36.00	285.00	65.04	249.33	46.00	1	13	
2	65.04	249.33	178.33	110.20	179.42	0	
3	178.33	110.20	189.05	97.03	16.98	1	19	
4	189.05	97.03	241.37	32.78	82.86	0	
5	241.37	32.78	242.00	32.00	1.00	1	16	

13	17	129.541	3
1	36.00	285.00	48.07	240.61	46.00	0	
2	48.07	240.61	68.69	164.82	78.54	0	
3	68.69	164.82	70.00	160.00	5.00	1	17	

13	18	92.892	3
1	36.00	285.00	80.57	273.61	46.00	1	13	
2	80.57	273.61	103.72	267.69	23.89	0	
3	103.72	267.69	126.00	262.00	23.00	1	18	

13	19	237.674	6
1	36.00	285.00	58.26	244.74	46.00	1	13	
2	58.26	244.74	130.19	114.63	148.67	0	
3	130.19	114.63	137.77	100.93	15.65	1	19	
4	137.77	100.93	139.62	97.58	3.83	2	14	19	
5	139.62	97.58	150.16	78.51	21.79	1	19	
6	150.16	78.51	151.00	77.00	1.73	2	19	20	

13	20	249.552	6
1	36.00	285.00	56.28	243.71	46.00	1	13	
2	56.28	243.71	122.38	109.09	149.97	0	
3	122.38	109.09	125.72	102.29	7.58	1	19	
4	125.72	102.29	133.54	86.37	17.74	2	14	19	
5	133.54	86.37	138.07	77.16	10.26	1	19	
6	138.07	77.16	146.00	61.00	18.00	2	19	20	

14	0	170.229	3
1	131.00	95.00	129.26	103.83	9.00	2	14	19	
2	129.26	103.83	127.45	112.98	9.32	1	19	
3	127.45	112.98	98.00	262.00	151.91	0	

14	1	60.141	4
1	131.00	95.00	124.42	88.86	9.00	2	14	19	
2	124.42	88.86	114.07	79.22	14.14	1	19	
3	114.07	79.22	108.13	73.69	8.12	2	1	19	
4	108.13	73.69	87.00	54.00	28.88	1	1	

14	2	110.680	4
1	131.00	95.00	122.46	97.85	9.00	2	14	19	
2	122.46	97.85	114.90	100.37	7.97	1	19	
3	114.90	100.37	32.64	127.79	86.71	0	
4	32.64	127.79	26.00	130.00	7.00	1	2	

14	3	120.037	6
1	131.00	95.00	122.00	95.22	9.00	2	14	19	
2	122.00	95.22	112.17	95.47	9.84	1	19	
3	112.17	95.47	49.64	97.03	62.55	0	
4	49.64	97.03	39.99	97.28	9.65	1	4	
5	39.99	97.28	24.53	97.66	15.47	2	3	4	
6	24.53	97.66	11.00	98.00	13.53	1	3	

14	4	94.005	5
1	131.00	95.00	122.00	94.90	9.00	2	14	19	
2	122.00	94.90	111.86	94.80	10.15	1	19	
3	111.86	94.80	50.00	94.14	61.86	0	
4	50.00	94.14	39.73	94.03	10.27	1	4	
5	39.73	94.03	37.00	94.00	2.73	2	3	4	

14	5	208.022	5
1	131.00	95.00	136.06	102.44	9.00	2	14	19	
2	136.06	102.44	147.93	119.89	21.10	1	19	
3	147.93	119.89	226.86	235.92	140.33	0	
4	226.86	235.92	237.31	251.29	18.59	1	7	
5	237.31	251.29	248.00	267.00	19.00	2	5	7	

14	6	132.015	4
1	131.00	95.00	140.00	94.86	9.00	2	14	19	
2	140.00	94.86	190.45	94.10	50.46	1	19	
3	190.45	94.10	262.00	93.02	71.55	0	
4	262.00	93.02	263.00	93.00	1.00	1	6	

14	7	190.591	5
1	131.00	95.00	135.82	102.60	9.00	2	14	19	
2	135.82	102.60	146.70	119.78	20.34	1	19	
3	146.70	119.78	221.76	238.26	140.25	0	
4	221.76	238.26	232.77	255.64	20.57	1	7	
5	232.77	255.64	233.00	256.00	0.43	2	5	7	

14	8	84.024	4
1	131.00	95.00	125.43	102.07	9.00	2	14	19	
2	125.43	102.07	120.95	107.76	7.24	1	19	
3	120.95	107.76	79.62	160.21	66.78	0	
4	79.62	160.21	79.00	161.00	1.00	1	8	

14	9	209.060	4
1	131.00	95.00	134.66	103.22	9.00	2	14	19	
2	134.66	103.22	141.67	118.98	17.24	1	19	
3	141.67	118.98	212.75	278.69	174.82	0	
4	212.75	278.69	216.00	286.00	8.00	1	9	

14	10	124.619	4
1	131.00	95.00	133.67	103.59	9.00	2	14	19	
2	133.67	103.59	138.16	118.04	15.13	1	19	
3	138.16	118.04	165.33	205.41	91.49	0	
4	165.33	205.41	168.00	214.00	9.00	1	10	

14	11	78.549	4
1	131.00	95.00	123.32	99.70	9.00	2	14	19	
2	123.32	99.70	117.13	103.49	7.26	1	19	
3	117.13	103.49	69.12	132.87	56.29	0	
4	69.12	132.87	64.00	136.00	6.00	1	11	

14	12	170.845	4
1	131.00	95.00	139.01	90.89	9.00	2	14	19	
2	139.01	90.89	191.91	63.75	59.46	1	19	
3	191.91	63.75	266.99	25.22	84.39	0	
4	266.99	25.22	283.00	17.00	18.00	1	12	

14	13	212.426	4
1	131.00	95.00	126.98	103.05	9.00	2	14	19	
2	126.98	103.05	123.48	110.04	7.82	1	19	
3	123.48	110.04	56.57	243.86	149.61	0	
4	56.57	243.86	36.00	285.00	46.00	1	13	

14	14	0	0

14	15	104.350	6
1	131.00	95.00	124.10	89.22	9.00	2	14	19	
2	124.10	89.22	113.22	80.11	14.19	1	19	
3	113.22	80.11	108.02	75.75	6.78	2	1	19	
4	108.02	75.75	76.30	49.19	41.37	1	1	
5	76.30	49.19	56.70	32.77	25.57	2	1	15	
6	56.70	32.77	51.00	28.00	7.43	1	15	

14	16	127.632	4
1	131.00	95.00	138.83	90.56	9.00	2	14	19	
2	138.83	90.56	190.91	61.00	59.89	1	19	
3	190.91	61.00	241.13	32.49	57.74	0	
4	241.13	32.49	242.00	32.00	1.00	1	16	

14	17	89.140	4
1	131.00	95.00	124.84	101.56	9.00	2	14	19	
2	124.84	101.56	119.96	106.76	7.13	1	19	
3	119.96	106.76	73.42	156.35	68.01	0	
4	73.42	156.35	70.00	160.00	5.00	1	17	

14	18	167.075	4
1	131.00	95.00	130.73	103.99	9.00	2	14	19	
2	130.73	103.99	130.41	114.75	10.76	0	
3	130.41	114.75	126.69	239.01	124.32	0	
4	126.69	239.01	126.00	262.00	23.00	1	18	

14	19	26.907	3
1	131.00	95.00	137.69	88.98	9.00	2	14	19	
2	137.69	88.98	149.07	78.74	15.31	1	19	
3	149.07	78.74	151.00	77.00	2.60	2	19	20	

14	20	37.162	3
1	131.00	95.00	134.63	86.77	9.00	2	14	19	
2	134.63	86.77	138.73	77.47	10.16	1	19	
3	138.73	77.47	146.00	61.00	18.00	2	19	20	

15	0	238.673	4
1	51.00	28.00	53.20	38.95	11.17	1	15	
2	53.20	38.95	57.50	60.35	21.83	2	1	15	
3	57.50	60.35	61.63	80.93	20.99	1	1	
4	61.63	80.93	98.00	262.00	184.68	0	

15	1	44.407	3
1	51.00	28.00	57.00	32.34	7.41	1	15	
2	57.00	32.34	77.75	47.32	25.59	2	1	15	
3	77.75	47.32	87.00	54.00	11.41	1	1	

15	2	105.019	7
1	51.00	28.00	43.14	60.05	33.00	1	15	
2	43.14	60.05	38.00	81.04	21.61	0	
3	38.00	81.04	36.99	85.14	4.23	1	4	
4	36.99	85.14	31.89	105.95	21.43	2	3	4	
5	31.89	105.95	28.10	121.42	15.92	1	3	
6	28.10	121.42	27.67	123.20	1.83	0	
7	27.67	123.20	26.00	130.00	7.00	1	2	

15	3	80.623	3
1	51.00	28.00	34.63	56.65	33.00	1	15	
2	34.63	56.65	25.39	72.82	18.62	0	
3	25.39	72.82	11.00	98.00	29.00	1	3	

15	4	67.469	4
1	51.00	28.00	44.15	60.28	33.00	1	15	
2	44.15	60.28	39.70	81.28	21.47	0	
3	39.70	81.28	38.25	88.09	6.96	1	4	
4	38.25	88.09	37.00	94.00	6.04	2	3	4	

15	5	309.726	6
1	51.00	28.00	55.90	33.95	7.71	1	15	
2	55.90	33.95	71.99	53.46	25.29	2	1	15	
3	71.99	53.46	100.75	88.35	45.21	1	1	
4	100.75	88.35	223.50	237.27	192.99	0	
5	223.50	237.27	235.92	252.34	19.52	1	7	
6	235.92	252.34	248.00	267.00	19.00	2	5	7	

15	6	221.741	9
1	51.00	28.00	58.57	30.32	7.92	1	15	
2	58.57	30.32	82.55	37.67	25.08	2	1	15	
3	82.55	37.67	118.60	48.73	37.71	1	1	
4	118.60	48.73	123.82	50.33	5.45	2	1	19	
5	123.82	50.33	130.24	52.30	6.72	1	19	
6	130.24	52.30	163.93	62.62	35.23	2	19	20	
7	163.93	62.62	193.68	71.75	31.12	1	19	
8	193.68	71.75	262.04	92.71	71.51	0	
9	262.04	92.71	263.00	93.00	1.00	1	6	

15	7	291.733	6
1	51.00	28.00	55.83	34.06	7.75	1	15	
2	55.83	34.06	71.59	53.79	25.25	2	1	15	
3	71.59	53.79	99.54	88.81	44.81	1	1	
4	99.54	88.81	219.90	239.59	192.93	0	
5	219.90	239.59	232.74	255.68	20.59	1	7	
6	232.74	255.68	233.00	256.00	0.41	2	5	7	

15	8	135.915	5
1	51.00	28.00	53.27	38.79	11.03	1	15	
2	53.27	38.79	57.80	60.29	21.97	2	1	15	
3	57.80	60.29	62.27	81.52	21.69	1	1	
4	62.27	81.52	78.79	160.02	80.22	0	
5	78.79	160.02	79.00	161.00	1.00	1	8	

15	9	306.250	7
1	51.00	28.00	55.36	34.82	8.09	1	15	
2	55.36	34.82	68.78	55.80	24.91	2	1	15	
3	68.78	55.80	91.14	90.77	41.51	1	1	
4	91.14	90.77	164.62	205.66	136.38	0	
5	164.62	205.66	174.15	220.57	17.70	1	10	
6	174.15	220.57	211.69	279.26	69.67	0	
7	211.69	279.26	216.00	286.00	8.00	1	9	

15	10	219.738	5
1	51.00	28.00	55.33	34.88	8.12	1	15	
2	55.33	34.88	68.57	55.93	24.88	2	1	15	
3	68.57	55.93	90.52	90.83	41.23	1	1	
4	90.52	90.83	163.21	206.38	136.51	0	
5	163.21	206.38	168.00	214.00	9.00	1	10	

15	11	108.780	5
1	51.00	28.00	52.52	40.59	12.68	1	15	
2	52.52	40.59	54.94	60.76	20.32	1	1	
3	54.94	60.76	56.68	75.21	14.55	1	1	
4	56.68	75.21	63.28	130.04	55.23	0	
5	63.28	130.04	64.00	136.00	6.00	1	11	

15	12	232.261	5
1	51.00	28.00	61.16	27.52	10.17	1	15	
2	61.16	27.52	83.96	26.44	22.83	2	1	15	
3	83.96	26.44	110.22	25.19	26.29	1	1	
4	110.22	25.19	265.02	17.85	154.98	0	
5	265.02	17.85	283.00	17.00	18.00	1	12	

15	13	257.437	5
1	51.00	28.00	49.08	60.94	33.00	1	15	
2	49.08	60.94	47.59	86.46	25.56	0	
3	47.59	86.46	46.64	102.72	16.29	1	4	
4	46.64	102.72	38.68	239.08	136.59	0	
5	38.68	239.08	36.00	285.00	46.00	0	

15	14	104.350	6
1	51.00	28.00	56.70	32.77	7.43	1	15	
2	56.70	32.77	76.30	49.19	25.57	2	1	15	
3	76.30	49.19	108.02	75.75	41.37	1	1	
4	108.02	75.75	113.22	80.11	6.78	2	1	19	
5	113.22	80.11	124.10	89.22	14.19	1	19	
6	124.10	89.22	131.00	95.00	9.00	2	14	19	

15	15	0	0

15	16	191.042	5
1	51.00	28.00	60.48	28.20	9.48	1	15	
2	60.48	28.20	83.99	28.69	23.52	2	1	15	
3	83.99	28.69	114.58	29.33	30.59	1	1	
4	114.58	29.33	241.00	31.98	126.45	0	
5	241.00	31.98	242.00	32.00	1.00	1	16	

15	17	133.360	7
1	51.00	28.00	52.73	40.04	12.17	1	15	
2	52.73	40.04	55.70	60.66	20.83	2	1	15	
3	55.70	60.66	58.06	77.05	16.56	1	1	
4	58.06	77.05	65.72	130.25	53.74	0	
5	65.72	130.25	67.27	141.03	10.89	1	11	
6	67.27	141.03	69.29	155.05	14.16	0	
7	69.29	155.05	70.00	160.00	5.00	1	17	

15	18	245.725	5
1	51.00	28.00	53.98	37.30	9.77	1	15	
2	53.98	37.30	61.07	59.43	23.23	2	1	15	
3	61.07	59.43	69.84	86.78	28.73	1	1	
4	69.84	86.78	118.98	240.10	161.00	0	
5	118.98	240.10	126.00	262.00	23.00	1	18	

15	19	111.360	6
1	51.00	28.00	57.77	31.32	7.54	1	15	
2	57.77	31.32	80.63	42.52	25.46	2	1	15	
3	80.63	42.52	112.39	58.08	35.36	1	1	
4	112.39	58.08	122.84	63.20	11.64	2	1	19	
5	122.84	63.20	128.73	66.09	6.57	1	19	
6	128.73	66.09	151.00	77.00	24.79	2	19	20	

15	20	100.568	6
1	51.00	28.00	58.37	30.56	7.80	1	15	
2	58.37	30.56	82.17	38.83	25.20	2	1	15	
3	82.17	38.83	116.85	50.87	36.71	1	1	
4	116.85	50.87	123.99	53.36	7.57	2	1	19	
5	123.99	53.36	129.00	55.09	5.30	1	19	
6	129.00	55.09	146.00	61.00	18.00	2	19	20	

16	0	271.360	2
1	242.00	32.00	241.47	32.85	1.00	1	16	
2	241.47	32.85	98.00	262.00	270.36	0	

16	1	156.554	7
1	242.00	32.00	241.01	32.14	1.00	1	16	
2	241.01	32.14	175.23	41.48	66.44	0	
3	175.23	41.48	153.37	44.58	22.08	1	19	
4	153.37	44.58	134.35	47.28	19.21	2	19	20	
5	134.35	47.28	123.63	48.80	10.82	1	19	
6	123.63	48.80	117.84	49.62	5.85	2	1	19	
7	117.84	49.62	87.00	54.00	31.15	1	1	

16	2	237.192	7
1	242.00	32.00	241.09	32.41	1.00	1	16	
2	241.09	32.41	188.64	56.21	57.60	0	
3	188.64	56.21	162.57	68.04	28.63	1	19	
4	162.57	68.04	140.39	78.10	24.36	2	19	20	
5	140.39	78.10	110.57	91.63	32.75	1	19	
6	110.57	91.63	32.37	127.11	85.86	0	
7	32.37	127.11	26.00	130.00	7.00	1	2	

16	3	240.244	11
1	242.00	32.00	241.04	32.27	1.00	1	16	
2	241.04	32.27	183.41	48.74	59.93	0	
3	183.41	48.74	162.83	54.62	21.40	1	19	
4	162.83	54.62	128.34	64.47	35.87	2	19	20	
5	128.34	64.47	121.89	66.32	6.71	1	19	
6	121.89	66.32	108.55	70.13	13.87	2	1	19	
7	108.55	70.13	63.88	82.89	46.46	1	1	
8	63.88	82.89	48.19	87.38	16.33	0	
9	48.19	87.38	38.88	90.03	9.67	1	4	
10	38.88	90.03	24.00	94.28	15.48	2	3	4	
11	24.00	94.28	11.00	98.00	13.52	1	3	

16	4	214.170	10
1	242.00	32.00	241.04	32.29	1.00	1	16	
2	241.04	32.29	184.07	49.52	59.52	0	
3	184.07	49.52	163.24	55.82	21.77	1	19	
4	163.24	55.82	128.78	66.24	36.00	2	19	20	
5	128.78	66.24	121.00	68.60	8.13	1	19	
6	121.00	68.60	108.24	72.45	13.33	2	1	19	
7	108.24	72.45	66.79	84.99	43.31	1	1	
8	66.79	84.99	49.44	90.24	18.12	0	
9	49.44	90.24	39.60	93.21	10.28	1	4	
10	39.60	93.21	37.00	94.00	2.72	2	3	4	

16	5	235.077	4
1	242.00	32.00	242.03	33.00	1.00	1	16	
2	242.03	33.00	247.33	240.64	207.71	0	
3	247.33	240.64	247.52	248.01	7.37	0	
4	247.52	248.01	248.00	267.00	19.00	2	5	7	

16	6	64.514	3
1	242.00	32.00	242.33	32.95	1.00	1	16	
2	242.33	32.95	262.67	92.05	62.51	0	
3	262.67	92.05	263.00	93.00	1.00	1	6	

16	7	224.181	4
1	242.00	32.00	241.96	33.00	1.00	1	16	
2	241.96	33.00	233.84	235.02	202.18	0	
3	233.84	235.02	233.03	255.30	20.30	0	
4	233.03	255.30	233.00	256.00	0.70	2	5	7	

16	8	207.870	5
1	242.00	32.00	241.22	32.62	1.00	1	16	
2	241.22	32.62	193.49	70.39	60.86	0	
3	193.49	70.39	134.81	116.83	74.84	1	19	
4	134.81	116.83	79.78	160.38	70.17	0	
5	79.78	160.38	79.00	161.00	1.00	1	8	

16	9	255.327	5
1	242.00	32.00	241.90	32.99	1.00	1	16	
2	241.90	32.99	220.82	238.89	206.97	0	
3	220.82	238.89	217.61	270.29	31.56	1	7	
4	217.61	270.29	216.81	278.04	7.80	0	
5	216.81	278.04	216.00	286.00	8.00	1	9	

16	10	196.469	3
1	242.00	32.00	241.62	32.93	1.00	1	16	
2	241.62	32.93	171.39	205.66	186.47	0	
3	171.39	205.66	168.00	214.00	9.00	1	10	

16	11	206.155	7
1	242.00	32.00	241.14	32.50	1.00	1	16	
2	241.14	32.50	191.18	61.69	57.86	0	
3	191.18	61.69	139.45	91.91	59.91	1	19	
4	139.45	91.91	124.16	100.85	17.71	2	14	19	
5	124.16	100.85	117.93	104.49	7.21	1	19	
6	117.93	104.49	69.18	132.97	56.46	0	
7	69.18	132.97	64.00	136.00	6.00	1	11	

16	12	43.658	3
1	242.00	32.00	242.94	31.66	1.00	1	16	
2	242.94	31.66	266.10	23.18	24.66	0	
3	266.10	23.18	283.00	17.00	18.00	1	12	

16	13	326.259	5
1	242.00	32.00	241.37	32.78	1.00	1	16	
2	241.37	32.78	189.05	97.03	82.86	0	
3	189.05	97.03	178.33	110.20	16.98	1	19	
4	178.33	110.20	65.04	249.33	179.42	0	
5	65.04	249.33	36.00	285.00	46.00	1	13	

16	14	127.632	4
1	242.00	32.00	241.13	32.49	1.00	1	16	
2	241.13	32.49	190.91	61.00	57.74	0	
3	190.91	61.00	138.83	90.56	59.89	1	19	
4	138.83	90.56	131.00	95.00	9.00	2	14	19	

16	15	191.042	5
1	242.00	32.00	241.00	31.98	1.00	1	16	
2	241.00	31.98	114.58	29.33	126.45	0	
3	114.58	29.33	83.99	28.69	30.59	1	1	
4	83.99	28.69	60.48	28.20	23.52	2	1	15	
5	60.48	28.20	51.00	28.00	9.48	1	15	

16	16	0	0

16	17	214.401	5
1	242.00	32.00	241.20	32.60	1.00	1	16	
2	241.20	32.60	193.13	68.37	59.92	0	
3	193.13	68.37	130.64	114.87	77.89	1	19	
4	130.64	114.87	74.01	157.01	70.59	0	
5	74.01	157.01	70.00	160.00	5.00	1	17	

16	18	257.597	3
1	242.00	32.00	241.55	32.89	1.00	1	16	
2	241.55	32.89	136.36	241.46	233.60	0	
3	136.36	241.46	126.00	262.00	23.00	1	18	

16	19	101.518	4
1	242.00	32.00	241.10	32.44	1.00	1	16	
2	241.10	32.44	189.54	57.94	57.52	0	
3	189.54	57.94	159.67	72.71	33.33	1	19	
4	159.67	72.71	151.00	77.00	9.67	2	19	20	

16	20	100.285	4
1	242.00	32.00	241.04	32.29	1.00	1	16	
2	241.04	32.29	184.06	49.50	59.53	0	
3	184.06	49.50	163.23	55.79	21.76	1	19	
4	163.23	55.79	146.00	61.00	18.00	2	19	20	

17	0	105.773	2
1	70.00	160.00	71.32	164.82	5.00	1	17	
2	71.32	164.82	98.00	262.00	100.77	0	

17	1	107.355	3
1	70.00	160.00	70.79	155.06	5.00	1	17	
2	70.79	155.06	81.14	90.53	65.35	0	
3	81.14	90.53	87.00	54.00	37.00	1	1	

17	2	53.254	3
1	70.00	160.00	65.87	157.18	5.00	1	17	
2	65.87	157.18	31.78	133.94	41.25	0	
3	31.78	133.94	26.00	130.00	7.00	1	2	

17	3	85.586	3
1	70.00	160.00	66.55	156.38	5.00	1	17	
2	66.55	156.38	30.99	119.01	51.59	0	
3	30.99	119.01	11.00	98.00	29.00	1	3	

17	4	73.790	6
1	70.00	160.00	67.76	155.53	5.00	1	17	
2	67.76	155.53	60.40	140.80	16.47	0	
3	60.40	140.80	58.00	136.00	5.37	1	11	
4	58.00	136.00	42.81	105.63	33.96	0	
5	42.81	105.63	39.94	99.88	6.43	1	4	
6	39.94	99.88	37.00	94.00	6.57	2	3	4	

17	5	207.685	6
1	70.00	160.00	74.29	162.58	5.00	1	17	
2	74.29	162.58	159.01	213.51	98.86	0	
3	159.01	213.51	172.65	221.71	15.91	1	10	
4	172.65	221.71	214.18	246.67	48.46	0	
5	214.18	246.67	231.72	257.21	20.45	1	7	
6	231.72	257.21	248.00	267.00	19.00	2	5	7	

17	6	204.299	3
1	70.00	160.00	74.72	158.36	5.00	1	17	
2	74.72	158.36	262.06	93.33	198.30	0	
3	262.06	93.33	263.00	93.00	1.00	1	6	

17	7	189.169	6
1	70.00	160.00	74.31	162.54	5.00	1	17	
2	74.31	162.54	159.13	212.49	98.44	0	
3	159.13	212.49	173.62	221.03	16.82	1	10	
4	173.62	221.03	214.91	245.34	47.91	0	
5	214.91	245.34	232.65	255.80	20.60	1	7	
6	232.65	255.80	233.00	256.00	0.40	2	5	7	

17	8	9.055	3
1	70.00	160.00	74.97	160.55	5.00	1	17	
2	74.97	160.55	78.01	160.89	3.06	0	
3	78.01	160.89	79.00	161.00	1.00	1	8	

17	9	192.852	3
1	70.00	160.00	73.79	163.27	5.00	1	17	
2	73.79	163.27	209.94	280.77	179.85	0	
3	209.94	280.77	216.00	286.00	8.00	1	9	

17	10	111.893	3
1	70.00	160.00	74.38	162.41	5.00	1	17	
2	74.38	162.41	160.12	209.66	97.89	0	
3	160.12	209.66	168.00	214.00	9.00	1	10	

17	11	24.739	3
1	70.00	160.00	68.79	155.15	5.00	1	17	
2	68.79	155.15	65.46	141.82	13.74	0	
3	65.46	141.82	64.00	136.00	6.00	1	11	

17	12	256.550	5
1	70.00	160.00	74.15	157.21	5.00	1	17	
2	74.15	157.21	134.49	116.70	72.68	0	
3	134.49	116.70	194.00	76.75	71.68	1	19	
4	194.00	76.75	268.06	27.03	89.20	0	
5	268.06	27.03	283.00	17.00	18.00	1	12	

17	13	129.541	3
1	70.00	160.00	68.69	164.82	5.00	1	17	
2	68.69	164.82	48.07	240.61	78.54	0	
3	48.07	240.61	36.00	285.00	46.00	0	

17	14	89.140	4
1	70.00	160.00	73.42	156.35	5.00	1	17	
2	73.42	156.35	119.96	106.76	68.01	0	
3	119.96	106.76	124.84	101.56	7.13	1	19	
4	124.84	101.56	131.00	95.00	9.00	2	14	19	

17	15	133.360	7
1	70.00	160.00	69.29	155.05	5.00	1	17	
2	69.29	155.05	67.27	141.03	14.16	0	
3	67.27	141.03	65.72	130.25	10.89	1	11	
4	65.72	130.25	58.06	77.05	53.74	0	
5	58.06	77.05	55.70	60.66	16.56	1	1	
6	55.70	60.66	52.73	40.04	20.83	2	1	15	
7	52.73	40.04	51.00	28.00	12.17	1	15	

17	16	214.401	5
1	70.00	160.00	74.01	157.01	5.00	1	17	
2	74.01	157.01	130.64	114.87	70.59	0	
3	130.64	114.87	193.13	68.37	77.89	1	19	
4	193.13	68.37	241.20	32.60	59.92	0	
5	241.20	32.60	242.00	32.00	1.00	1	16	

17	17	0	0

17	18	116.362	3
1	70.00	160.00	72.41	164.38	5.00	1	17	
2	72.41	164.38	114.93	241.84	88.36	0	
3	114.93	241.84	126.00	262.00	23.00	1	18	

17	19	115.974	6
1	70.00	160.00	73.49	156.42	5.00	1	17	
2	73.49	156.42	120.97	107.77	67.97	0	
3	120.97	107.77	126.08	102.54	7.32	1	19	
4	126.08	102.54	138.41	89.90	17.66	2	14	19	
5	138.41	89.90	149.36	78.68	15.67	1	19	
6	149.36	78.68	151.00	77.00	2.35	2	19	20	

17	20	124.808	6
1	70.00	160.00	73.04	156.03	5.00	1	17	
2	73.04	156.03	115.31	100.98	69.40	0	
3	115.31	100.98	122.88	91.11	12.44	1	19	
4	122.88	91.11	125.15	88.16	3.72	2	14	19	
5	125.15	88.16	135.04	75.28	16.24	1	19	
6	135.04	75.28	146.00	61.00	18.00	2	19	20	

18	0	28.000	2
1	126.00	262.00	103.00	262.00	23.00	1	18	
2	103.00	262.00	98.00	262.00	5.00	0	

18	1	211.625	3
1	126.00	262.00	121.76	239.39	23.00	1	18	
2	121.76	239.39	93.82	90.37	151.62	0	
3	93.82	90.37	87.00	54.00	37.00	1	1	

18	2	165.602	3
1	126.00	262.00	112.11	243.67	23.00	1	18	
2	112.11	243.67	30.23	135.58	135.60	0	
3	30.23	135.58	26.00	130.00	7.00	1	2	

18	3	200.302	5
1	126.00	262.00	112.80	243.17	23.00	1	18	
2	112.80	243.17	32.97	129.33	139.04	0	
3	32.97	129.33	29.01	123.68	6.90	1	2	
4	29.01	123.68	27.65	121.74	2.36	0	
5	27.65	121.74	11.00	98.00	29.00	1	3	

18	4	190.118	8
1	126.00	262.00	115.23	241.68	23.00	1	18	
2	115.23	241.68	73.73	163.33	88.66	0	
3	73.73	163.33	69.34	155.04	9.38	1	17	
4	69.34	155.04	62.30	141.75	15.04	0	
5	62.30	141.75	58.28	134.18	8.57	1	11	
6	58.28	134.18	43.09	105.49	32.47	0	
7	43.09	105.49	39.96	99.58	6.68	1	4	
8	39.96	99.58	37.00	94.00	6.32	2	3	4	

18	5	122.102	4
1	126.00	262.00	148.98	262.94	23.00	1	18	
2	148.98	262.94	214.33	265.62	65.41	0	
3	214.33	265.62	229.02	266.22	14.70	1	7	
4	229.02	266.22	248.00	267.00	19.00	2	5	7	

18	6	217.555	5
1	126.00	262.00	140.48	244.13	23.00	1	18	
2	140.48	244.13	160.67	219.23	32.06	0	
3	160.67	219.23	171.60	205.75	17.35	1	10	
4	171.60	205.75	262.37	93.78	144.14	0	
5	262.37	93.78	263.00	93.00	1.00	1	6	

18	7	107.168	4
1	126.00	262.00	148.96	260.71	23.00	1	18	
2	148.96	260.71	212.03	257.18	63.17	0	
3	212.03	257.18	232.49	256.03	20.49	1	7	
4	232.49	256.03	233.00	256.00	0.51	2	5	7	

18	8	111.400	3
1	126.00	262.00	116.30	241.15	23.00	1	18	
2	116.30	241.15	79.42	161.91	87.40	0	
3	79.42	161.91	79.00	161.00	1.00	1	8	

18	9	93.145	3
1	126.00	262.00	148.22	267.93	23.00	1	18	
2	148.22	267.93	208.27	283.94	62.15	0	
3	208.27	283.94	216.00	286.00	8.00	1	9	

18	10	63.781	3
1	126.00	262.00	141.15	244.69	23.00	1	18	
2	141.15	244.69	162.07	220.77	31.78	0	
3	162.07	220.77	168.00	214.00	9.00	1	10	

18	11	140.428	3
1	126.00	262.00	115.85	241.36	23.00	1	18	
2	115.85	241.36	66.65	141.38	111.43	0	
3	66.65	141.38	64.00	136.00	6.00	1	11	

18	12	290.988	3
1	126.00	262.00	138.41	242.63	23.00	1	18	
2	138.41	242.63	273.29	32.16	249.99	0	
3	273.29	32.16	283.00	17.00	18.00	1	12	

18	13	92.892	3
1	126.00	262.00	103.72	267.69	23.00	1	18	
2	103.72	267.69	80.57	273.61	23.89	0	
3	80.57	273.61	36.00	285.00	46.00	1	13	

18	14	167.075	4
1	126.00	262.00	126.69	239.01	23.00	1	18	
2	126.69	239.01	130.41	114.75	124.32	0	
3	130.41	114.75	130.73	103.99	10.76	0	
4	130.73	103.99	131.00	95.00	9.00	2	14	19	

18	15	245.725	5
1	126.00	262.00	118.98	240.10	23.00	1	18	
2	118.98	240.10	69.84	86.78	161.00	0	
3	69.84	86.78	61.07	59.43	28.73	1	1	
4	61.07	59.43	53.98	37.30	23.23	2	1	15	
5	53.98	37.30	51.00	28.00	9.77	1	15	

18	16	257.597	3
1	126.00	262.00	136.36	241.46	23.00	1	18	
2	136.36	241.46	241.55	32.89	233.60	0	
3	241.55	32.89	242.00	32.00	1.00	1	16	

18	17	116.362	3
1	126.00	262.00	114.93	241.84	23.00	1	18	
2	114.93	241.84	72.41	164.38	88.36	0	
3	72.41	164.38	70.00	160.00	5.00	1	17	

18	18	0	0

18	19	186.682	4
1	126.00	262.00	129.08	239.21	23.00	1	18	
2	129.08	239.21	145.24	119.61	120.68	0	
3	145.24	119.61	150.82	78.34	41.64	0	
4	150.82	78.34	151.00	77.00	1.36	2	19	20	

18	20	201.993	4
1	126.00	262.00	128.28	239.11	23.00	1	18	
2	128.28	239.11	140.26	118.64	121.07	0	
3	140.26	118.64	144.22	78.91	39.92	0	
4	144.22	78.91	146.00	61.00	18.00	2	19	20	

19	0	192.442	3
1	151.00	77.00	150.60	78.40	1.46	2	19	20	
2	150.60	78.40	139.16	118.34	41.54	1	19	
3	139.16	118.34	98.00	262.00	149.44	0	

19	1	68.007	4
1	151.00	77.00	130.13	69.50	22.17	2	19	20	
2	130.13	69.50	121.82	66.51	8.83	1	19	
3	121.82	66.51	110.53	62.46	11.99	2	1	19	
4	110.53	62.46	87.00	54.00	25.01	1	1	

19	2	135.772	6
1	151.00	77.00	146.29	79.00	5.12	2	19	20	
2	146.29	79.00	129.46	86.13	18.28	1	19	
3	129.46	86.13	125.70	87.73	4.09	2	14	19	
4	125.70	87.73	111.41	93.79	15.52	1	19	
5	111.41	93.79	32.44	127.27	85.77	0	
6	32.44	127.27	26.00	130.00	7.00	1	2	

19	3	141.566	8
1	151.00	77.00	141.49	78.43	9.61	2	19	20	
2	141.49	78.43	109.74	83.19	32.11	1	19	
3	109.74	83.19	108.48	83.38	1.28	2	1	19	
4	108.48	83.38	73.83	88.58	35.04	1	1	
5	73.83	88.58	49.87	92.17	24.23	0	
6	49.87	92.17	39.68	93.70	10.31	1	4	
7	39.68	93.70	24.16	96.03	15.69	2	3	4	
8	24.16	96.03	11.00	98.00	13.31	1	3	

19	4	115.261	7
1	151.00	77.00	141.47	78.42	9.63	2	19	20	
2	141.47	78.42	109.79	83.14	32.03	1	19	
3	109.79	83.14	108.47	83.34	1.34	2	1	19	
4	108.47	83.34	73.70	88.53	35.15	1	1	
5	73.70	88.53	49.86	92.08	24.11	0	
6	49.86	92.08	39.66	93.60	10.31	1	4	
7	39.66	93.60	37.00	94.00	2.69	2	3	4	

19	5	213.328	5
1	151.00	77.00	151.57	78.12	1.25	2	19	20	
2	151.57	78.12	170.55	115.30	41.75	1	19	
3	170.55	115.30	231.68	235.04	134.45	0	
4	231.68	235.04	239.36	250.08	16.88	1	7	
5	239.36	250.08	248.00	267.00	19.00	2	5	7	

19	6	113.137	4
1	151.00	77.00	153.51	77.36	2.54	2	19	20	
2	153.51	77.36	193.57	83.08	40.46	1	19	
3	193.57	83.08	262.01	92.86	69.14	0	
4	262.01	92.86	263.00	93.00	1.00	1	6	

19	7	196.888	5
1	151.00	77.00	151.52	78.13	1.25	2	19	20	
2	151.52	78.13	168.91	116.09	41.75	1	19	
3	168.91	116.09	224.25	236.91	132.89	0	
4	224.25	236.91	232.81	255.59	20.54	1	7	
5	232.81	255.59	233.00	256.00	0.46	2	5	7	

19	8	110.635	6
1	151.00	77.00	149.60	78.64	2.16	2	19	20	
2	149.60	78.64	139.04	90.95	16.22	1	19	
3	139.04	90.95	128.23	103.56	16.61	2	14	19	
4	128.23	103.56	123.02	109.65	8.01	1	19	
5	123.02	109.65	79.65	160.24	66.63	0	
6	79.65	160.24	79.00	161.00	1.00	1	8	

19	9	218.874	4
1	151.00	77.00	151.37	78.18	1.24	2	19	20	
2	151.37	78.18	163.77	118.06	41.76	1	19	
3	163.77	118.06	213.62	278.36	167.87	0	
4	213.62	278.36	216.00	286.00	8.00	1	9	

19	10	138.051	4
1	151.00	77.00	151.15	78.25	1.26	2	19	20	
2	151.15	78.25	156.30	119.67	41.74	0	
3	156.30	119.67	166.89	205.07	86.05	0	
4	166.89	205.07	168.00	214.00	9.00	1	10	

19	11	105.119	6
1	151.00	77.00	148.26	78.86	3.31	2	19	20	
2	148.26	78.86	135.74	87.35	15.13	1	19	
3	135.74	87.35	122.14	96.57	16.43	2	14	19	
4	122.14	96.57	115.41	101.13	8.13	1	19	
5	115.41	101.13	68.97	132.63	56.12	0	
6	68.97	132.63	64.00	136.00	6.00	1	11	

19	12	144.997	4
1	151.00	77.00	159.14	73.30	8.95	2	19	20	
2	159.14	73.30	190.15	59.21	34.05	1	19	
3	190.15	59.21	266.61	24.45	84.00	0	
4	266.61	24.45	283.00	17.00	18.00	1	12	

19	13	237.674	6
1	151.00	77.00	150.16	78.51	1.73	2	19	20	
2	150.16	78.51	139.62	97.58	21.79	1	19	
3	139.62	97.58	137.77	100.93	3.83	2	14	19	
4	137.77	100.93	130.19	114.63	15.65	1	19	
5	130.19	114.63	58.26	244.74	148.67	0	
6	58.26	244.74	36.00	285.00	46.00	1	13	

19	14	26.907	3
1	151.00	77.00	149.07	78.74	2.60	2	19	20	
2	149.07	78.74	137.69	88.98	15.31	1	19	
3	137.69	88.98	131.00	95.00	9.00	2	14	19	

19	15	111.360	6
1	151.00	77.00	128.73	66.09	24.79	2	19	20	
2	128.73	66.09	122.84	63.20	6.57	1	19	
3	122.84	63.20	112.39	58.08	11.64	2	1	19	
4	112.39	58.08	80.63	42.52	35.36	1	1	
5	80.63	42.52	57.77	31.32	25.46	2	1	15	
6	57.77	31.32	51.00	28.00	7.54	1	15	

19	16	101.518	4
1	151.00	77.00	159.67	72.71	9.67	2	19	20	
2	159.67	72.71	189.54	57.94	33.33	1	19	
3	189.54	57.94	241.10	32.44	57.52	0	
4	241.10	32.44	242.00	32.00	1.00	1	16	

19	17	115.974	6
1	151.00	77.00	149.36	78.68	2.35	2	19	20	
2	149.36	78.68	138.41	89.90	15.67	1	19	
3	138.41	89.90	126.08	102.54	17.66	2	14	19	
4	126.08	102.54	120.97	107.77	7.32	1	19	
5	120.97	107.77	73.49	156.42	67.97	0	
6	73.49	156.42	70.00	160.00	5.00	1	17	

19	18	186.682	4
1	151.00	77.00	150.82	78.34	1.36	2	19	20	
2	150.82	78.34	145.24	119.61	41.64	0	
3	145.24	119.61	129.08	239.21	120.68	0	
4	129.08	239.21	126.00	262.00	23.00	1	18	

19	19	0	0

19	20	16.763	1
1	151.00	77.00	146.00	61.00	16.76	2	19	20	

20	0	206.652	5
1	146.00	61.00	141.82	78.51	18.00	2	19	20	
2	141.82	78.51	138.91	90.70	12.54	1	19	
3	138.91	90.70	136.11	102.41	12.04	2	14	19	
4	136.11	102.41	132.87	115.99	13.96	0	
5	132.87	115.99	98.00	262.00	150.12	0	

20	1	59.414	4
1	146.00	61.00	128.13	58.88	18.00	2	19	20	
2	128.13	58.88	123.74	58.36	4.41	1	19	
3	123.74	58.36	112.90	57.07	10.92	2	1	19	
4	112.90	57.07	87.00	54.00	26.08	1	1	

20	2	138.423	6
1	146.00	61.00	130.40	69.97	18.00	2	19	20	
2	130.40	69.97	113.79	79.52	19.16	1	19	
3	113.79	79.52	108.37	82.64	6.25	2	1	19	
4	108.37	82.64	95.58	89.99	14.75	1	1	
5	95.58	89.99	32.07	126.51	73.26	0	
6	32.07	126.51	26.00	130.00	7.00	1	2	

20	3	139.979	8
1	146.00	61.00	128.64	65.76	18.00	2	19	20	
2	128.64	65.76	121.35	67.76	7.56	1	19	
3	121.35	67.76	108.38	71.31	13.45	2	1	19	
4	108.38	71.31	64.47	83.35	45.53	1	1	
5	64.47	83.35	48.40	87.75	16.66	0	
6	48.40	87.75	38.97	90.33	9.78	1	4	
7	38.97	90.33	24.01	94.44	15.51	2	3	4	
8	24.01	94.44	11.00	98.00	13.49	1	3	

20	4	113.886	7
1	146.00	61.00	128.77	66.22	18.00	2	19	20	
2	128.77	66.22	121.01	68.56	8.11	1	19	
3	121.01	68.56	108.24	72.43	13.34	2	1	19	
4	108.24	72.43	66.78	84.98	43.32	1	1	
5	66.78	84.98	49.44	90.23	18.11	0	
6	49.44	90.23	39.60	93.21	10.28	1	4	
7	39.60	93.21	37.00	94.00	2.72	2	3	4	

20	5	229.870	5
1	146.00	61.00	153.99	77.13	18.00	2	19	20	
2	153.99	77.13	172.39	114.30	41.48	1	19	
3	172.39	114.30	232.16	235.02	134.70	0	
4	232.16	235.02	239.57	249.97	16.69	1	7	
5	239.57	249.97	248.00	267.00	19.00	2	5	7	

20	6	121.297	4
1	146.00	61.00	163.36	65.75	18.00	2	19	20	
2	163.36	65.75	193.90	74.10	31.66	1	19	
3	193.90	74.10	262.04	92.74	70.64	0	
4	262.04	92.74	263.00	93.00	1.00	1	6	

20	7	213.528	5
1	146.00	61.00	153.33	77.44	18.00	2	19	20	
2	153.33	77.44	170.29	115.43	41.60	1	19	
3	170.29	115.43	224.44	236.82	132.92	0	
4	224.44	236.82	232.81	255.58	20.54	1	7	
5	232.81	255.58	233.00	256.00	0.46	2	5	7	

20	8	120.370	6
1	146.00	61.00	135.98	75.95	18.00	2	19	20	
2	135.98	75.95	129.12	86.20	12.33	1	19	
3	129.12	86.20	122.14	96.61	12.53	2	14	19	
4	122.14	96.61	117.35	103.77	8.62	1	19	
5	117.35	103.77	79.56	160.17	67.89	0	
6	79.56	160.17	79.00	161.00	1.00	1	8	

20	9	235.637	4
1	146.00	61.00	151.35	78.19	18.00	2	19	20	
2	151.35	78.19	163.75	118.07	41.76	1	19	
3	163.75	118.07	213.62	278.36	167.87	0	
4	213.62	278.36	216.00	286.00	8.00	1	9	

20	10	154.574	4
1	146.00	61.00	148.56	78.82	18.00	2	19	20	
2	148.56	78.82	154.46	119.86	41.47	0	
3	154.46	119.86	166.72	205.09	86.11	0	
4	166.72	205.09	168.00	214.00	9.00	1	10	

20	11	111.126	4
1	146.00	61.00	132.72	73.15	18.00	2	19	20	
2	132.72	73.15	111.07	92.95	29.34	1	19	
3	111.07	92.95	68.43	131.95	57.79	0	
4	68.43	131.95	64.00	136.00	6.00	1	11	

20	12	143.892	4
1	146.00	61.00	163.14	55.50	18.00	2	19	20	
2	163.14	55.50	183.58	48.93	21.47	1	19	
3	183.58	48.93	265.86	22.50	86.43	0	
4	265.86	22.50	283.00	17.00	18.00	1	12	

20	13	249.552	6
1	146.00	61.00	138.07	77.16	18.00	2	19	20	
2	138.07	77.16	133.54	86.37	10.26	1	19	
3	133.54	86.37	125.72	102.29	17.74	2	14	19	
4	125.72	102.29	122.38	109.09	7.58	1	19	
5	122.38	109.09	56.28	243.71	149.97	0	
6	56.28	243.71	36.00	285.00	46.00	1	13	

20	14	37.162	3
1	146.00	61.00	138.73	77.47	18.00	2	19	20	
2	138.73	77.47	134.63	86.77	10.16	1	19	
3	134.63	86.77	131.00	95.00	9.00	2	14	19	

20	15	100.568	6
1	146.00	61.00	129.00	55.09	18.00	2	19	20	
2	129.00	55.09	123.99	53.36	5.30	1	19	
3	123.99	53.36	116.85	50.87	7.57	2	1	19	
4	116.85	50.87	82.17	38.83	36.71	1	1	
5	82.17	38.83	58.37	30.56	25.20	2	1	15	
6	58.37	30.56	51.00	28.00	7.80	1	15	

20	16	100.285	4
1	146.00	61.00	163.23	55.79	18.00	2	19	20	
2	163.23	55.79	184.06	49.50	21.76	1	19	
3	184.06	49.50	241.04	32.29	59.53	0	
4	241.04	32.29	242.00	32.00	1.00	1	16	

20	17	124.808	6
1	146.00	61.00	135.04	75.28	18.00	2	19	20	
2	135.04	75.28	125.15	88.16	16.24	1	19	
3	125.15	88.16	122.88	91.11	3.72	2	14	19	
4	122.88	91.11	115.31	100.98	12.44	1	19	
5	115.31	100.98	73.04	156.03	69.40	0	
6	73.04	156.03	70.00	160.00	5.00	1	17	

20	18	201.993	4
1	146.00	61.00	144.22	78.91	18.00	2	19	20	
2	144.22	78.91	140.26	118.64	39.92	0	
3	140.26	118.64	128.28	239.11	121.07	0	
4	128.28	239.11	126.00	262.00	23.00	1	18	

20	19	16.763	1
1	146.00	61.00	151.00	77.00	16.76	2	19	20	

20	20	0	0