21	899	2	0.001	100.0
187.000	126.000	0.000	3.000	0.000
24.000	56.000	43.000	5.000	13.000
173.000	106.000	10.000	1.000	19.000
73.000	180.000	21.000	1.000	18.000
243.000	299.000	47.000	5.000	6.000
79.000	196.000	11.000	10.000	6.000
87.000	6.000	20.000	1.000	4.000
8.000	134.000	44.000	7.000	12.000
227.000	125.000	4.000	3.000	4.000
233.000	297.000	29.000	6.000	19.000
103.000	189.000	7.000	10.000	9.000
121.000	126.000	47.000	9.000	5.000
178.000	292.000	22.000	6.000	10.000
240.000	184.000	36.000	2.000	8.000
242.000	206.000	2.000	7.000	3.000
92.000	196.000	15.000	6.000	20.000
73.000	269.000	24.000	5.000	7.000
267.000	103.000	16.000	5.000	11.000
292.000	173.000	50.000	5.000	6.000
52.000	197.000	31.000	5.000	11.000
241.000	3.000	42.000	9.000	2.000

0	0	0	0

0	1	177.395	4
1	187.00	126.00	167.23	117.51	21.52	0	
2	167.23	117.51	95.33	86.63	78.25	1	11	
3	95.33	86.63	63.51	72.97	34.63	0	
4	63.51	72.97	24.00	56.00	43.00	1	1	

0	2	24.413	2
1	187.00	126.00	178.73	114.19	14.41	0	
2	178.73	114.19	173.00	106.00	10.00	1	2	

0	3	126.143	5
1	187.00	126.00	167.04	135.46	22.09	0	
2	167.04	135.46	99.15	167.61	75.12	1	11	
3	99.15	167.61	91.98	171.01	7.94	0	
4	91.98	171.01	76.69	178.25	16.92	1	3	
5	76.69	178.25	73.00	180.00	4.08	2	3	19	

0	4	181.838	5
1	187.00	126.00	204.29	179.42	56.15	0	
2	204.29	179.42	213.75	208.63	30.71	1	13	
3	213.75	208.63	228.53	254.28	47.98	0	
4	228.53	254.28	232.97	268.00	14.42	1	4	
5	232.97	268.00	243.00	299.00	32.58	2	4	9	

0	5	128.701	7
1	187.00	126.00	165.98	139.62	25.05	0	
2	165.98	139.62	115.07	172.62	60.68	1	11	
3	115.07	172.62	99.26	182.87	18.84	0	
4	99.26	182.87	92.77	187.07	7.73	1	15	
5	92.77	187.07	88.23	190.02	5.41	2	3	15	
6	88.23	190.02	82.81	193.53	6.46	3	3	5	15	
7	82.81	193.53	79.00	196.00	4.54	4	3	5	15	19	

0	6	156.205	4
1	187.00	126.00	177.69	114.83	14.54	0	
2	177.69	114.83	165.16	99.79	19.58	1	2	
3	165.16	99.79	99.80	21.36	102.09	0	
4	99.80	21.36	87.00	6.00	20.00	1	6	

0	7	179.179	4
1	187.00	126.00	167.99	126.85	19.03	0	
2	167.99	126.85	74.27	131.04	93.82	1	11	
3	74.27	131.04	51.96	132.04	22.34	0	
4	51.96	132.04	8.00	134.00	44.00	1	7	

0	8	40.012	2
1	187.00	126.00	223.00	125.10	36.01	0	
2	223.00	125.10	227.00	125.00	4.00	1	8	

0	9	177.079	3
1	187.00	126.00	222.20	256.85	135.50	0	
2	222.20	256.85	225.47	269.00	12.57	1	4	
3	225.47	269.00	233.00	297.00	29.00	2	4	9	

0	10	105.000	5
1	187.00	126.00	165.01	142.49	27.49	0	
2	165.01	142.49	124.51	172.87	50.63	1	11	
3	124.51	172.87	108.60	184.80	19.89	0	
4	108.60	184.80	104.57	187.82	5.03	1	10	
5	104.57	187.82	103.00	189.00	1.97	2	10	15	

0	11	66.000	2
1	187.00	126.00	168.00	126.00	19.00	0	
2	168.00	126.00	121.00	126.00	47.00	1	11	

0	12	166.244	2
1	187.00	126.00	179.19	270.03	144.24	0	
2	179.19	270.03	178.00	292.00	22.00	1	12	

0	13	78.568	2
1	187.00	126.00	215.72	157.42	42.57	0	
2	215.72	157.42	240.00	184.00	36.00	1	13	

0	14	97.082	3
1	187.00	126.00	211.63	161.83	43.48	0	
2	211.63	161.83	240.87	204.35	51.60	1	13	
3	240.87	204.35	242.00	206.00	2.00	2	13	14	

0	15	118.004	6
1	187.00	126.00	165.16	142.09	27.13	0	
2	165.16	142.09	123.29	172.94	52.01	1	11	
3	123.29	172.94	108.06	184.16	18.92	0	
4	108.06	184.16	104.08	187.10	4.95	1	10	
5	104.08	187.10	96.88	192.40	8.94	2	10	15	
6	96.88	192.40	92.00	196.00	6.06	1	15	

0	16	182.880	2
1	187.00	126.00	87.96	250.23	158.88	0	
2	87.96	250.23	73.00	269.00	24.00	1	16	

0	17	83.241	2
1	187.00	126.00	251.62	107.42	67.24	0	
2	251.62	107.42	267.00	103.00	16.00	1	17	

0	18	115.039	4
1	187.00	126.00	236.52	148.17	54.26	0	
2	236.52	148.17	246.36	152.57	10.78	1	13	
3	246.36	152.57	269.04	162.72	24.84	2	13	18	
4	269.04	162.72	292.00	173.00	25.16	1	18	

0	19	152.532	6
1	187.00	126.00	166.78	136.63	22.84	0	
2	166.78	136.63	103.82	169.75	71.14	1	11	
3	103.82	169.75	93.44	175.20	11.72	0	
4	93.44	175.20	79.44	182.57	15.83	1	3	
5	79.44	182.57	57.46	194.13	24.83	2	3	19	
6	57.46	194.13	52.00	197.00	6.17	1	19	

0	20	134.332	2
1	187.00	126.00	224.12	41.46	92.33	0	
2	224.12	41.46	241.00	3.00	42.00	1	20	

1	0	177.395	4
1	24.00	56.00	63.51	72.97	43.00	1	1	
2	63.51	72.97	95.33	86.63	34.63	0	
3	95.33	86.63	167.23	117.51	78.25	1	11	
4	167.23	117.51	187.00	126.00	21.52	0	

1	1	0	0

1	2	157.166	5
1	24.00	56.00	64.77	69.68	43.00	1	1	
2	64.77	69.68	103.10	82.54	40.43	0	
3	103.10	82.54	161.49	102.14	61.59	1	11	
4	161.49	102.14	163.52	102.82	2.14	0	
5	163.52	102.82	173.00	106.00	10.00	1	2	

1	3	133.330	6
1	24.00	56.00	39.80	95.99	43.00	1	1	
2	39.80	95.99	46.18	112.13	17.36	0	
3	46.18	112.13	50.82	123.86	12.61	1	7	
4	50.82	123.86	65.28	160.47	39.36	0	
5	65.28	160.47	69.65	171.51	11.87	1	3	
6	69.65	171.51	73.00	180.00	9.13	2	3	19	

1	4	327.124	6
1	24.00	56.00	52.79	87.94	43.00	1	1	
2	52.79	87.94	75.72	113.39	34.26	0	
3	75.72	113.39	128.85	172.34	79.36	1	11	
4	128.85	172.34	211.53	264.09	123.51	0	
5	211.53	264.09	218.54	271.86	10.47	1	4	
6	218.54	271.86	243.00	299.00	36.53	2	4	9	

1	5	150.416	8
1	24.00	56.00	39.72	96.02	43.00	1	1	
2	39.72	96.02	45.79	111.46	16.58	0	
3	45.79	111.46	51.03	124.79	14.33	1	7	
4	51.03	124.79	65.07	160.55	38.42	0	
5	65.07	160.55	69.28	171.26	11.51	1	3	
6	69.28	171.26	74.98	185.76	15.58	2	3	19	
7	74.98	185.76	77.50	192.17	6.89	3	3	5	19	
8	77.50	192.17	79.00	196.00	4.11	4	3	5	15	19	

1	6	80.430	3
1	24.00	56.00	57.68	29.27	43.00	1	1	
2	57.68	29.27	71.33	18.43	17.43	0	
3	71.33	18.43	87.00	6.00	20.00	1	6	

1	7	79.624	3
1	24.00	56.00	16.84	90.90	35.62	1	1	
2	16.84	90.90	15.36	98.12	7.38	2	1	7	
3	15.36	98.12	8.00	134.00	36.62	1	7	

1	8	214.406	7
1	24.00	56.00	64.71	69.84	43.00	1	1	
2	64.71	69.84	102.65	82.73	40.06	0	
3	102.65	82.73	161.92	102.88	62.60	1	11	
4	161.92	102.88	163.35	103.37	1.51	0	
5	163.35	103.37	182.25	109.79	19.96	1	2	
6	182.25	109.79	223.21	123.71	43.26	0	
7	223.21	123.71	227.00	125.00	4.00	1	8	

1	9	319.002	6
1	24.00	56.00	52.17	88.49	43.00	1	1	
2	52.17	88.49	75.28	115.13	35.26	0	
3	75.28	115.13	125.29	172.80	76.35	1	11	
4	125.29	172.80	207.76	267.90	125.87	0	
5	207.76	267.90	214.00	275.09	9.52	1	4	
6	214.00	275.09	233.00	297.00	29.00	2	4	9	

1	10	154.693	4
1	24.00	56.00	45.96	92.97	43.00	1	1	
2	45.96	92.97	99.41	182.96	104.67	0	
3	99.41	182.96	99.43	182.98	0.03	1	15	
4	99.43	182.98	103.00	189.00	7.00	2	10	15	

1	11	119.620	3
1	24.00	56.00	58.87	81.16	43.00	1	1	
2	58.87	81.16	82.89	98.50	29.62	0	
3	82.89	98.50	121.00	126.00	47.00	1	11	

1	12	281.801	7
1	24.00	56.00	47.50	92.01	43.00	1	1	
2	47.50	92.01	74.61	133.56	49.61	0	
3	74.61	133.56	95.40	165.41	38.03	1	11	
4	95.40	165.41	107.07	183.31	21.36	0	
5	107.07	183.31	109.85	187.56	5.08	1	10	
6	109.85	187.56	165.98	273.58	102.70	0	
7	165.98	273.58	178.00	292.00	22.00	1	12	

1	13	251.078	5
1	24.00	56.00	60.99	77.92	43.00	1	1	
2	60.99	77.92	87.13	93.41	30.39	0	
3	87.13	93.41	165.85	140.06	91.50	1	11	
4	165.85	140.06	209.03	165.65	50.19	0	
5	209.03	165.65	240.00	184.00	36.00	1	13	

1	14	264.620	6
1	24.00	56.00	59.42	80.37	43.00	1	1	
2	59.42	80.37	83.86	97.19	29.67	0	
3	83.86	97.19	161.18	150.39	93.85	1	11	
4	161.18	150.39	204.22	180.01	52.25	0	
5	204.22	180.01	240.35	204.87	43.86	1	13	
6	240.35	204.87	242.00	206.00	2.00	2	13	14	

1	15	155.641	5
1	24.00	56.00	42.79	94.68	43.00	1	1	
2	42.79	94.68	74.04	159.03	71.54	0	
3	74.04	159.03	85.45	182.51	26.10	1	3	
4	85.45	182.51	90.13	192.15	10.72	2	3	15	
5	90.13	192.15	92.00	196.00	4.28	1	15	

1	16	218.563	9
1	24.00	56.00	33.64	97.91	43.00	1	1	
2	33.64	97.91	33.73	98.31	0.41	0	
3	33.73	98.31	46.74	154.86	58.03	1	7	
4	46.74	154.86	49.33	166.11	11.55	0	
5	49.33	166.11	52.09	178.09	12.29	1	19	
6	52.09	178.09	55.02	190.85	13.10	2	3	19	
7	55.02	190.85	63.10	225.95	36.01	1	19	
8	63.10	225.95	67.62	245.61	20.18	0	
9	67.62	245.61	73.00	269.00	24.00	1	16	

1	17	247.504	3
1	24.00	56.00	66.22	64.17	43.00	1	1	
2	66.22	64.17	251.29	99.96	188.50	0	
3	251.29	99.96	267.00	103.00	16.00	1	17	

1	18	292.426	7
1	24.00	56.00	63.41	73.20	43.00	1	1	
2	63.41	73.20	94.86	86.94	34.32	0	
3	94.86	86.94	167.42	118.61	79.16	1	11	
4	167.42	118.61	235.41	148.29	74.19	0	
5	235.41	148.29	246.18	153.00	11.75	1	13	
6	246.18	153.00	269.31	163.09	25.24	2	13	18	
7	269.31	163.09	292.00	173.00	24.76	1	18	

1	19	143.753	5
1	24.00	56.00	32.19	97.25	42.05	1	1	
2	32.19	97.25	32.38	98.18	0.95	0	
3	32.38	98.18	44.40	158.72	61.73	0	
4	44.40	158.72	45.96	166.59	8.03	0	
5	45.96	166.59	52.00	197.00	31.00	1	19	

1	20	223.379	3
1	24.00	56.00	65.77	45.80	43.00	1	1	
2	65.77	45.80	200.20	12.97	138.38	0	
3	200.20	12.97	241.00	3.00	42.00	1	20	

2	0	24.413	2
1	173.00	106.00	178.73	114.19	10.00	1	2	
2	178.73	114.19	187.00	126.00	14.41	0	

2	1	157.166	5
1	173.00	106.00	163.52	102.82	10.00	1	2	
2	163.52	102.82	161.49	102.14	2.14	0	
3	161.49	102.14	103.10	82.54	61.59	1	11	
4	103.10	82.54	64.77	69.68	40.43	0	
5	64.77	69.68	24.00	56.00	43.00	1	1	

2	2	0	0

2	3	124.403	6
1	173.00	106.00	165.68	111.42	9.11	1	2	
2	165.68	111.42	164.96	111.95	0.89	2	2	11	
3	164.96	111.95	93.99	164.47	88.29	1	11	
4	93.99	164.47	89.88	167.51	5.12	0	
5	89.88	167.51	76.20	177.63	17.02	1	3	
6	76.20	177.63	73.00	180.00	3.98	2	3	19	

2	4	205.302	4
1	173.00	106.00	176.41	115.40	10.00	1	2	
2	176.41	115.40	226.97	254.82	148.30	0	
3	226.97	254.82	231.77	268.03	14.05	0	
4	231.77	268.03	243.00	299.00	32.95	2	4	9	

2	5	130.138	8
1	173.00	106.00	166.06	112.64	9.61	1	2	
2	166.06	112.64	165.78	112.92	0.39	2	2	11	
3	165.78	112.92	105.70	170.44	83.18	1	11	
4	105.70	170.44	94.46	181.20	15.56	0	
5	94.46	181.20	93.93	181.70	0.73	1	15	
6	93.93	181.70	86.95	188.39	9.67	2	3	15	
7	86.95	188.39	82.67	192.49	5.92	3	3	5	15	
8	82.67	192.49	79.00	196.00	5.08	4	3	5	15	19	

2	6	131.894	3
1	173.00	106.00	166.48	98.42	10.00	1	2	
2	166.48	98.42	100.04	21.16	101.89	0	
3	100.04	21.16	87.00	6.00	20.00	1	6	

2	7	167.359	5
1	173.00	106.00	164.20	107.49	8.92	1	2	
2	164.20	107.49	163.14	107.67	1.08	2	2	11	
3	163.14	107.67	74.11	122.78	90.30	1	11	
4	74.11	122.78	51.38	126.64	23.06	0	
5	51.38	126.64	8.00	134.00	44.00	1	7	

2	8	57.245	3
1	173.00	106.00	182.43	109.32	10.00	1	2	
2	182.43	109.32	223.23	123.67	43.25	0	
3	223.23	123.67	227.00	125.00	4.00	1	8	

2	9	200.202	4
1	173.00	106.00	176.00	115.54	10.00	1	2	
2	176.00	115.54	220.64	257.66	148.97	0	
3	220.64	257.66	224.31	269.33	12.24	1	4	
4	224.31	269.33	233.00	297.00	29.00	2	4	9	

2	10	108.577	6
1	173.00	106.00	166.55	113.64	10.00	1	2	
2	166.55	113.64	166.40	113.83	0.24	0	
3	166.40	113.83	116.66	172.80	77.14	1	11	
4	116.66	172.80	107.51	183.65	14.19	0	
5	107.51	183.65	104.32	187.44	4.96	1	10	
6	104.32	187.44	103.00	189.00	2.04	2	10	15	

2	11	55.714	3
1	173.00	106.00	164.87	109.13	8.71	1	2	
2	164.87	109.13	163.67	109.59	1.29	2	2	11	
3	163.67	109.59	121.00	126.00	45.71	1	11	

2	12	186.067	3
1	173.00	106.00	173.27	116.00	10.00	1	2	
2	173.27	116.00	177.41	270.01	154.07	0	
3	177.41	270.01	178.00	292.00	22.00	0	

2	13	102.825	3
1	173.00	106.00	179.52	113.59	10.00	1	2	
2	179.52	113.59	216.54	156.69	56.83	0	
3	216.54	156.69	240.00	184.00	36.00	1	13	

2	14	121.495	4
1	173.00	106.00	178.68	114.23	10.00	1	2	
2	178.68	114.23	211.58	161.91	57.92	0	
3	211.58	161.91	240.86	204.35	51.57	1	13	
4	240.86	204.35	242.00	206.00	2.00	2	13	14	

2	15	121.083	7
1	173.00	106.00	166.31	113.43	10.00	1	2	
2	166.31	113.43	166.29	113.45	0.02	0	
3	166.29	113.45	113.28	172.36	79.25	1	11	
4	113.28	172.36	104.46	182.15	13.18	0	
5	104.46	182.15	102.03	184.85	3.63	1	10	
6	102.03	184.85	96.35	191.17	8.50	2	10	15	
7	96.35	191.17	92.00	196.00	6.50	1	15	

2	16	191.230	5
1	173.00	106.00	167.77	114.52	10.00	1	2	
2	167.77	114.52	166.91	115.93	1.65	0	
3	166.91	115.93	132.82	171.49	65.18	1	11	
4	132.82	171.49	85.55	248.54	90.40	0	
5	85.55	248.54	73.00	269.00	24.00	1	16	

2	17	94.048	3
1	173.00	106.00	182.99	105.68	10.00	1	2	
2	182.99	105.68	251.01	103.51	68.05	0	
3	251.01	103.51	267.00	103.00	16.00	1	17	

2	18	136.565	5
1	173.00	106.00	181.71	110.91	10.00	1	2	
2	181.71	110.91	248.43	148.47	76.57	0	
3	248.43	148.47	250.24	149.49	2.07	1	18	
4	250.24	149.49	264.20	157.35	16.03	2	13	18	
5	264.20	157.35	292.00	173.00	31.90	1	18	

2	19	151.400	7
1	173.00	106.00	165.70	111.49	9.13	1	2	
2	165.70	111.49	165.01	112.01	0.87	2	2	11	
3	165.01	112.01	94.65	164.92	88.03	1	11	
4	94.65	164.92	90.35	168.16	5.39	0	
5	90.35	168.16	76.78	178.37	16.98	1	3	
6	76.78	178.37	56.81	193.38	24.98	2	3	19	
7	56.81	193.38	52.00	197.00	6.02	1	19	

2	20	123.422	3
1	173.00	106.00	178.51	97.65	10.00	1	2	
2	178.51	97.65	217.86	38.05	71.42	0	
3	217.86	38.05	241.00	3.00	42.00	1	20	

3	0	126.143	5
1	73.00	180.00	76.69	178.25	4.08	2	3	19	
2	76.69	178.25	91.98	171.01	16.92	1	3	
3	91.98	171.01	99.15	167.61	7.94	0	
4	99.15	167.61	167.04	135.46	75.12	1	11	
5	167.04	135.46	187.00	126.00	22.09	0	

3	1	133.330	6
1	73.00	180.00	69.65	171.51	9.13	2	3	19	
2	69.65	171.51	65.28	160.47	11.87	1	3	
3	65.28	160.47	50.82	123.86	39.36	0	
4	50.82	123.86	46.18	112.13	12.61	1	7	
5	46.18	112.13	39.80	95.99	17.36	0	
6	39.80	95.99	24.00	56.00	43.00	1	1	

3	2	124.403	6
1	73.00	180.00	76.20	177.63	3.98	2	3	19	
2	76.20	177.63	89.88	167.51	17.02	1	3	
3	89.88	167.51	93.99	164.47	5.12	0	
4	93.99	164.47	164.96	111.95	88.29	1	11	
5	164.96	111.95	165.68	111.42	0.89	2	2	11	
6	165.68	111.42	173.00	106.00	9.11	1	2	

3	3	0	0

3	4	207.511	9
1	73.00	180.00	80.24	185.07	8.84	2	3	19	
2	80.24	185.07	80.76	185.43	0.63	3	3	5	19	
3	80.76	185.43	81.11	185.68	0.43	2	3	5	
4	81.11	185.68	88.84	191.09	9.43	3	3	5	15	
5	88.84	191.09	90.20	192.04	1.66	2	3	15	
6	90.20	192.04	105.42	202.70	18.58	1	15	
7	105.42	202.70	204.50	272.05	120.93	0	
8	204.50	272.05	211.83	277.18	8.95	1	4	
9	211.83	277.18	243.00	299.00	38.05	2	4	9	

3	5	17.088	3
1	73.00	180.00	75.14	185.70	6.09	2	3	19	
2	75.14	185.70	77.52	192.07	6.80	3	3	5	19	
3	77.52	192.07	79.00	196.00	4.20	4	3	5	15	19	

3	6	174.562	6
1	73.00	180.00	73.43	174.60	5.41	1	3	
2	73.43	174.60	74.68	159.07	15.59	1	3	
3	74.68	159.07	76.20	140.21	18.91	0	
4	76.20	140.21	79.05	104.81	35.52	1	11	
5	79.05	104.81	85.40	25.94	79.13	0	
6	85.40	25.94	87.00	6.00	20.00	1	6	

3	7	79.630	4
1	73.00	180.00	55.86	167.87	21.00	2	3	19	
2	55.86	167.87	53.25	166.03	3.19	1	19	
3	53.25	166.03	43.92	159.42	11.44	0	
4	43.92	159.42	8.00	134.00	44.00	1	7	

3	8	163.527	6
1	73.00	180.00	76.94	178.59	4.19	2	3	19	
2	76.94	178.59	92.78	172.94	16.81	1	3	
3	92.78	172.94	102.83	169.35	10.68	0	
4	102.83	169.35	162.52	148.03	63.38	1	11	
5	162.52	148.03	223.23	126.35	64.47	0	
6	223.23	126.35	227.00	125.00	4.00	1	8	

3	9	198.215	9
1	73.00	180.00	79.89	185.04	8.53	2	3	19	
2	79.89	185.04	80.90	185.77	1.25	3	3	5	19	
3	80.90	185.77	80.97	185.83	0.10	2	3	5	
4	80.97	185.83	89.18	191.83	10.17	3	3	5	15	
5	89.18	191.83	89.95	192.40	0.96	2	3	15	
6	89.95	192.40	105.03	203.42	18.68	1	15	
7	105.03	203.42	202.69	274.83	120.98	0	
8	202.69	274.83	209.59	279.88	8.55	1	4	
9	209.59	279.88	233.00	297.00	29.00	2	4	9	

3	10	31.321	5
1	73.00	180.00	79.02	181.81	6.29	2	3	19	
2	79.02	181.81	84.01	183.30	5.21	1	3	
3	84.01	183.30	93.11	186.03	9.50	2	3	15	
4	93.11	186.03	96.30	186.99	3.32	1	15	
5	96.30	186.99	103.00	189.00	7.00	2	10	15	

3	11	72.250	4
1	73.00	180.00	75.68	176.99	4.03	2	3	19	
2	75.68	176.99	86.95	164.30	16.97	1	3	
3	86.95	164.30	89.77	161.13	4.25	0	
4	89.77	161.13	121.00	126.00	47.00	1	11	

3	12	153.522	8
1	73.00	180.00	77.75	185.07	6.95	2	3	19	
2	77.75	185.07	79.81	187.26	3.00	3	3	5	19	
3	79.81	187.26	82.14	189.75	3.41	4	3	5	15	19	
4	82.14	189.75	87.36	195.32	7.64	3	3	5	15	
5	87.36	195.32	89.83	197.95	3.60	2	5	15	
6	89.83	197.95	99.93	208.73	14.78	1	15	
7	99.93	208.73	162.95	275.95	92.14	0	
8	162.95	275.95	178.00	292.00	22.00	1	12	

3	13	167.048	4
1	73.00	180.00	78.00	180.12	5.00	2	3	19	
2	78.00	180.12	93.99	180.50	16.00	1	3	
3	93.99	180.50	204.01	183.14	110.05	0	
4	204.01	183.14	240.00	184.00	36.00	1	13	

3	14	170.988	9
1	73.00	180.00	78.45	180.84	5.52	2	3	19	
2	78.45	180.84	86.44	182.07	8.08	1	3	
3	86.44	182.07	93.76	183.19	7.40	2	3	15	
4	93.76	183.19	98.23	183.88	4.52	1	15	
5	98.23	183.88	101.49	184.38	3.30	2	10	15	
6	101.49	184.38	109.09	185.55	7.69	1	10	
7	109.09	185.55	208.16	200.79	100.23	0	
8	208.16	200.79	240.02	205.70	32.24	1	13	
9	240.02	205.70	242.00	206.00	2.00	2	13	14	

3	15	24.839	6
1	73.00	180.00	78.94	185.00	7.76	2	3	19	
2	78.94	185.00	80.53	186.34	2.08	3	3	5	19	
3	80.53	186.34	81.36	187.04	1.08	4	3	5	15	19	
4	81.36	187.04	89.06	193.53	10.08	3	3	5	15	
5	89.06	193.53	89.85	194.19	1.03	2	5	15	
6	89.85	194.19	92.00	196.00	2.81	1	15	

3	16	89.000	6
1	73.00	180.00	73.00	186.78	6.78	2	3	19	
2	73.00	186.78	73.00	201.00	14.22	3	3	5	19	
3	73.00	201.00	73.00	205.22	4.22	2	5	19	
4	73.00	205.22	73.00	219.80	14.58	1	19	
5	73.00	219.80	73.00	245.00	25.20	0	
6	73.00	245.00	73.00	269.00	24.00	1	16	

3	17	208.722	6
1	73.00	180.00	76.85	178.47	4.15	2	3	19	
2	76.85	178.47	92.52	172.25	16.85	1	3	
3	92.52	172.25	101.41	168.72	9.57	0	
4	101.41	168.72	164.56	143.66	67.94	1	11	
5	164.56	143.66	252.13	108.90	94.22	0	
6	252.13	108.90	267.00	103.00	16.00	1	17	

3	18	219.112	6
1	73.00	180.00	77.82	179.85	4.82	2	3	19	
2	77.82	179.85	93.99	179.33	16.18	1	3	
3	93.99	179.33	204.95	175.78	111.02	0	
4	204.95	175.78	242.03	174.60	37.09	1	13	
5	242.03	174.60	274.45	173.56	32.44	2	13	18	
6	274.45	173.56	292.00	173.00	17.56	1	18	

3	19	27.019	2
1	73.00	180.00	56.68	193.21	21.00	2	3	19	
2	56.68	193.21	52.00	197.00	6.02	1	19	

3	20	244.035	6
1	73.00	180.00	75.76	177.09	4.01	2	3	19	
2	75.76	177.09	87.46	164.77	16.99	1	3	
3	87.46	164.77	90.40	161.67	4.27	0	
4	90.40	161.67	155.03	93.58	93.88	1	11	
5	155.03	93.58	212.09	33.46	82.88	0	
6	212.09	33.46	241.00	3.00	42.00	1	20	

4	0	181.838	5
1	243.00	299.00	232.97	268.00	32.58	2	4	9	
2	232.97	268.00	228.53	254.28	14.42	1	4	
3	228.53	254.28	213.75	208.63	47.98	0	
4	213.75	208.63	204.29	179.42	30.71	1	13	
5	204.29	179.42	187.00	126.00	56.15	0	

4	1	327.124	6
1	243.00	299.00	218.54	271.86	36.53	2	4	9	
2	218.54	271.86	211.53	264.09	10.47	1	4	
3	211.53	264.09	128.85	172.34	123.51	0	
4	128.85	172.34	75.72	113.39	79.36	1	11	
5	75.72	113.39	52.79	87.94	34.26	0	
6	52.79	87.94	24.00	56.00	43.00	1	1	

4	2	205.302	4
1	243.00	299.00	231.77	268.03	32.95	2	4	9	
2	231.77	268.03	226.97	254.82	14.05	0	
3	226.97	254.82	176.41	115.40	148.30	0	
4	176.41	115.40	173.00	106.00	10.00	1	2	

4	3	207.511	9
1	243.00	299.00	211.83	277.18	38.05	2	4	9	
2	211.83	277.18	204.50	272.05	8.95	1	4	
3	204.50	272.05	105.42	202.70	120.93	0	
4	105.42	202.70	90.20	192.04	18.58	1	15	
5	90.20	192.04	88.84	191.09	1.66	2	3	15	
6	88.84	191.09	81.11	185.68	9.43	3	3	5	15	
7	81.11	185.68	80.76	185.43	0.43	2	3	5	
8	80.76	185.43	80.24	185.07	0.63	3	3	5	19	
9	80.24	185.07	73.00	180.00	8.84	2	3	19	

4	4	0	0

4	5	193.662	7
1	243.00	299.00	210.56	278.63	38.30	2	4	9	
2	210.56	278.63	203.20	274.00	8.70	1	4	
3	203.20	274.00	99.60	208.93	122.34	0	
4	99.60	208.93	88.32	201.85	13.32	1	15	
5	88.32	201.85	82.96	198.49	6.32	2	5	15	
6	82.96	198.49	82.96	198.49	0.00	3	5	15	19	
7	82.96	198.49	79.00	196.00	4.68	4	3	5	15	19	

4	6	331.941	6
1	243.00	299.00	226.85	268.66	34.37	2	4	9	
2	226.85	268.66	220.91	257.51	12.63	1	4	
3	220.91	257.51	162.57	147.93	124.14	0	
4	162.57	147.93	126.01	79.27	77.79	1	11	
5	126.01	79.27	96.40	23.65	63.01	0	
6	96.40	23.65	87.00	6.00	20.00	1	6	

4	7	287.141	12
1	243.00	299.00	211.87	277.14	38.04	2	4	9	
2	211.87	277.14	204.53	271.99	8.96	1	4	
3	204.53	271.99	105.53	202.48	120.97	0	
4	105.53	202.48	90.36	191.82	18.54	1	15	
5	90.36	191.82	88.56	190.57	2.19	2	3	15	
6	88.56	190.57	81.31	185.47	8.86	3	3	5	15	
7	81.31	185.47	80.86	185.16	0.55	2	3	5	
8	80.86	185.16	80.56	184.95	0.37	1	3	
9	80.56	184.95	55.99	167.69	30.03	2	3	19	
10	55.99	167.69	53.64	166.04	2.87	1	19	
11	53.64	166.04	44.01	159.28	11.76	0	
12	44.01	159.28	8.00	134.00	44.00	1	7	

4	8	174.734	6
1	243.00	299.00	240.23	268.92	30.21	2	4	9	
2	240.23	268.92	238.70	252.20	16.79	0	
3	238.70	252.20	235.71	219.74	32.59	0	
4	235.71	219.74	229.27	149.64	70.40	0	
5	229.27	149.64	227.37	128.98	20.74	0	
6	227.37	128.98	227.00	125.00	4.00	1	8	

4	9	10.198	1
1	243.00	299.00	233.00	297.00	10.20	2	4	9	

4	10	178.045	5
1	243.00	299.00	213.33	275.69	37.73	2	4	9	
2	213.33	275.69	206.04	269.96	9.27	1	4	
3	206.04	269.96	108.50	193.32	124.04	0	
4	108.50	193.32	106.35	191.63	2.74	1	10	
5	106.35	191.63	103.00	189.00	4.26	2	10	15	

4	11	211.691	4
1	243.00	299.00	222.52	269.96	35.54	2	4	9	
2	222.52	269.96	215.91	260.59	11.46	1	4	
3	215.91	260.59	148.09	164.41	117.69	0	
4	148.09	164.41	121.00	126.00	47.00	1	11	

4	12	65.376	4
1	243.00	299.00	204.08	294.81	39.14	2	4	9	
2	204.08	294.81	199.87	294.36	4.23	1	4	
3	199.87	294.36	196.27	293.97	3.62	2	4	12	
4	196.27	293.97	178.00	292.00	18.38	1	12	

4	13	115.039	6
1	243.00	299.00	242.23	269.51	29.50	2	4	9	
2	242.23	269.51	241.77	252.01	17.50	0	
3	241.77	252.01	240.94	219.99	32.04	0	
4	240.94	219.99	240.61	207.44	12.55	1	13	
5	240.61	207.44	240.54	204.63	2.81	2	13	14	
6	240.54	204.63	240.00	184.00	20.64	1	13	

4	14	93.005	5
1	243.00	299.00	242.68	269.67	29.33	2	4	9	
2	242.68	269.67	242.49	252.01	17.66	1	4	
3	242.49	252.01	242.15	219.93	32.08	0	
4	242.15	219.93	242.02	208.00	11.93	1	13	
5	242.02	208.00	242.00	206.00	2.00	2	13	14	

4	15	182.784	4
1	243.00	299.00	211.51	277.52	38.11	2	4	9	
2	211.51	277.52	204.17	272.52	8.89	1	4	
3	204.17	272.52	104.39	204.45	120.78	0	
4	104.39	204.45	92.00	196.00	15.00	1	15	

4	16	172.627	6
1	243.00	299.00	204.40	292.19	39.19	2	4	9	
2	204.40	292.19	199.99	291.41	4.48	1	4	
3	199.99	291.41	196.72	290.83	3.33	2	4	12	
4	196.72	290.83	157.54	283.92	39.78	1	12	
5	157.54	283.92	96.63	273.17	61.84	0	
6	96.63	273.17	73.00	269.00	24.00	1	16	

4	17	197.464	8
1	243.00	299.00	246.39	271.28	27.93	1	4	
2	246.39	271.28	248.71	252.35	19.07	1	4	
3	248.71	252.35	252.97	217.58	35.03	0	
4	252.97	217.58	254.39	205.95	11.72	1	13	
5	254.39	205.95	260.69	154.54	51.80	2	13	18	
6	260.69	154.54	263.46	131.95	22.76	1	18	
7	263.46	131.95	265.06	118.88	13.17	0	
8	265.06	118.88	267.00	103.00	16.00	0	

4	18	135.192	4
1	243.00	299.00	252.22	275.29	25.44	2	4	9	
2	252.22	275.29	260.04	255.20	21.56	1	4	
3	260.04	255.20	273.88	219.60	38.19	0	
4	273.88	219.60	292.00	173.00	50.00	1	18	

4	19	216.529	4
1	243.00	299.00	208.94	280.81	38.61	2	4	9	
2	208.94	280.81	201.54	276.86	8.39	1	4	
3	201.54	276.86	79.34	211.60	138.53	0	
4	79.34	211.60	52.00	197.00	31.00	1	19	

4	20	296.007	10
1	243.00	299.00	242.80	269.71	29.29	2	4	9	
2	242.80	269.71	242.68	252.00	17.72	0	
3	242.68	252.00	242.47	219.91	32.09	0	
4	242.47	219.91	242.38	207.97	11.94	1	13	
5	242.38	207.97	242.36	204.03	3.94	1	13	
6	242.36	204.03	242.18	177.21	26.82	1	13	
7	242.18	177.21	242.12	169.47	7.74	1	13	
8	242.12	169.47	241.98	148.05	21.42	1	13	
9	241.98	148.05	241.28	45.00	103.05	0	
10	241.28	45.00	241.00	3.00	42.00	0	

5	0	128.701	7
1	79.00	196.00	82.81	193.53	4.54	4	3	5	15	19	
2	82.81	193.53	88.23	190.02	6.46	3	3	5	15	
3	88.23	190.02	92.77	187.07	5.41	2	3	15	
4	92.77	187.07	99.26	182.87	7.73	1	15	
5	99.26	182.87	115.07	172.62	18.84	0	
6	115.07	172.62	165.98	139.62	60.68	1	11	
7	165.98	139.62	187.00	126.00	25.05	0	

5	1	150.416	8
1	79.00	196.00	77.50	192.17	4.11	4	3	5	15	19	
2	77.50	192.17	74.98	185.76	6.89	3	3	5	19	
3	74.98	185.76	69.28	171.26	15.58	2	3	19	
4	69.28	171.26	65.07	160.55	11.51	1	3	
5	65.07	160.55	51.03	124.79	38.42	0	
6	51.03	124.79	45.79	111.46	14.33	1	7	
7	45.79	111.46	39.72	96.02	16.58	0	
8	39.72	96.02	24.00	56.00	43.00	1	1	

5	2	130.138	8
1	79.00	196.00	82.67	192.49	5.08	4	3	5	15	19	
2	82.67	192.49	86.95	188.39	5.92	3	3	5	15	
3	86.95	188.39	93.93	181.70	9.67	2	3	15	
4	93.93	181.70	94.46	181.20	0.73	1	15	
5	94.46	181.20	105.70	170.44	15.56	0	
6	105.70	170.44	165.78	112.92	83.18	1	11	
7	165.78	112.92	166.06	112.64	0.39	2	2	11	
8	166.06	112.64	173.00	106.00	9.61	1	2	

5	3	17.088	3
1	79.00	196.00	77.52	192.07	4.20	4	3	5	15	19	
2	77.52	192.07	75.14	185.70	6.80	3	3	5	19	
3	75.14	185.70	73.00	180.00	6.09	2	3	19	

5	4	193.662	7
1	79.00	196.00	82.96	198.49	4.68	4	3	5	15	19	
2	82.96	198.49	82.96	198.49	0.00	3	5	15	19	
3	82.96	198.49	88.32	201.85	6.32	2	5	15	
4	88.32	201.85	99.60	208.93	13.32	1	15	
5	99.60	208.93	203.20	274.00	122.34	0	
6	203.20	274.00	210.56	278.63	8.70	1	4	
7	210.56	278.63	243.00	299.00	38.30	2	4	9	

5	5	0	0

5	6	190.168	8
1	79.00	196.00	79.34	187.96	8.05	3	3	5	19	
2	79.34	187.96	79.46	185.01	2.95	3	3	5	19	
3	79.46	185.01	79.56	182.80	2.21	2	3	19	
4	79.56	182.80	80.50	160.38	22.44	0	
5	80.50	160.38	80.91	150.54	9.86	0	
6	80.91	150.54	83.12	98.18	52.41	0	
7	83.12	98.18	86.16	25.98	72.26	0	
8	86.16	25.98	87.00	6.00	20.00	0	

5	7	94.260	6
1	79.00	196.00	77.09	194.33	2.53	4	3	5	15	19	
2	77.09	194.33	70.71	188.76	8.47	3	3	5	19	
3	70.71	188.76	53.08	173.36	23.42	2	3	19	
4	53.08	173.36	45.45	166.70	10.13	1	19	
5	45.45	166.70	41.14	162.94	5.72	0	
6	41.14	162.94	8.00	134.00	44.00	1	7	

5	8	164.149	10
1	79.00	196.00	82.87	194.14	4.29	4	3	5	15	19	
2	82.87	194.14	88.92	191.24	6.71	3	3	5	15	
3	88.92	191.24	91.45	190.03	2.81	2	3	15	
4	91.45	190.03	96.10	187.79	5.16	1	15	
5	96.10	187.79	102.11	184.92	6.66	2	10	15	
6	102.11	184.92	106.38	182.87	4.73	1	10	
7	106.38	182.87	128.05	172.47	24.04	0	
8	128.05	172.47	152.83	160.58	27.48	1	11	
9	152.83	160.58	223.39	126.73	78.26	0	
10	223.39	126.73	227.00	125.00	4.00	1	8	

5	9	184.166	7
1	79.00	196.00	82.87	198.54	4.63	4	3	5	15	19	
2	82.87	198.54	82.96	198.60	0.11	3	5	15	19	
3	82.96	198.60	88.20	202.03	6.27	2	5	15	
4	88.20	202.03	99.13	209.20	13.07	1	15	
5	99.13	209.20	201.74	276.50	122.71	0	
6	201.74	276.50	208.75	281.10	8.39	1	4	
7	208.75	281.10	233.00	297.00	29.00	2	4	9	

5	10	25.000	5
1	79.00	196.00	82.93	194.85	4.09	4	3	5	15	19	
2	82.93	194.85	89.55	192.92	6.90	3	3	5	15	
3	89.55	192.92	89.56	192.92	0.01	2	5	15	
4	89.56	192.92	96.28	190.96	7.00	1	15	
5	96.28	190.96	103.00	189.00	7.00	2	10	15	

5	11	81.633	6
1	79.00	196.00	82.31	190.49	6.43	4	3	5	15	19	
2	82.31	190.49	84.66	186.57	4.57	3	3	5	15	
3	84.66	186.57	87.61	181.66	5.73	2	3	15	
4	87.61	181.66	92.80	173.00	10.10	1	3	
5	92.80	173.00	96.82	166.30	7.81	0	
6	96.82	166.30	121.00	126.00	47.00	1	11	

5	12	137.902	6
1	79.00	196.00	82.04	198.95	4.24	4	3	5	15	19	
2	82.04	198.95	82.88	199.76	1.16	3	5	15	19	
3	82.88	199.76	86.90	203.66	5.60	2	5	15	
4	86.90	203.66	94.29	210.82	10.30	1	15	
5	94.29	210.82	162.21	276.68	94.61	0	
6	162.21	276.68	178.00	292.00	22.00	1	12	

5	13	161.447	8
1	79.00	196.00	82.97	195.70	3.98	4	3	5	15	19	
2	82.97	195.70	87.30	195.38	4.34	3	3	5	15	
3	87.30	195.38	89.97	195.18	2.68	2	5	15	
4	89.97	195.18	98.71	194.53	8.76	1	15	
5	98.71	194.53	106.86	193.92	8.17	2	10	15	
6	106.86	193.92	108.06	193.83	1.21	1	10	
7	108.06	193.83	204.10	186.68	96.30	0	
8	204.10	186.68	240.00	184.00	36.00	1	13	

5	14	163.306	7
1	79.00	196.00	82.99	196.24	4.00	4	3	5	15	19	
2	82.99	196.24	86.07	196.43	3.09	3	3	5	15	
3	86.07	196.43	89.98	196.67	3.91	2	5	15	
4	89.98	196.67	106.90	197.71	16.95	1	15	
5	106.90	197.71	210.10	204.04	103.39	0	
6	210.10	204.04	240.00	205.88	29.96	1	13	
7	240.00	205.88	242.00	206.00	2.00	2	13	14	

5	15	13.000	4
1	79.00	196.00	82.98	196.00	3.98	4	3	5	15	19	
2	82.98	196.00	86.60	196.00	3.62	3	3	5	15	
3	86.60	196.00	90.00	196.00	3.40	2	5	15	
4	90.00	196.00	92.00	196.00	2.00	1	15	

5	16	73.246	6
1	79.00	196.00	78.65	200.23	4.24	3	5	15	19	
2	78.65	200.23	78.47	202.47	2.25	3	5	15	19	
3	78.47	202.47	78.10	206.96	4.51	2	5	19	
4	78.10	206.96	77.46	214.68	7.74	0	
5	77.46	214.68	74.97	245.08	30.50	0	
6	74.97	245.08	73.00	269.00	24.00	0	

5	17	209.745	12
1	79.00	196.00	82.86	194.09	4.31	4	3	5	15	19	
2	82.86	194.09	88.86	191.12	6.69	3	3	5	15	
3	88.86	191.12	91.59	189.77	3.04	2	3	15	
4	91.59	189.77	96.16	187.51	5.10	1	15	
5	96.16	187.51	101.86	184.69	6.36	2	10	15	
6	101.86	184.69	105.97	182.66	4.59	1	10	
7	105.97	182.66	126.04	172.73	22.40	0	
8	126.04	172.73	155.08	158.36	32.40	1	11	
9	155.08	158.36	223.01	124.76	75.78	0	
10	223.01	124.76	229.23	121.68	6.95	1	8	
11	229.23	121.68	252.66	110.09	26.13	0	
12	252.66	110.09	267.00	103.00	16.00	1	17	

5	18	214.238	10
1	79.00	196.00	82.97	195.57	3.99	4	3	5	15	19	
2	82.97	195.57	87.63	195.07	4.69	3	3	5	15	
3	87.63	195.07	89.94	194.82	2.32	2	5	15	
4	89.94	194.82	98.04	193.94	8.15	1	15	
5	98.04	193.94	106.70	193.01	8.71	2	10	15	
6	106.70	193.01	108.90	192.77	2.21	1	10	
7	108.90	192.77	204.03	182.50	95.69	0	
8	204.03	182.50	242.29	178.37	38.48	1	13	
9	242.29	178.37	274.82	174.86	32.72	2	13	18	
10	274.82	174.86	292.00	173.00	17.28	1	18	

5	19	27.019	4
1	79.00	196.00	77.00	196.07	2.00	4	3	5	15	19	
2	77.00	196.07	68.01	196.41	9.00	3	3	5	19	
3	68.01	196.41	60.26	196.69	7.75	2	3	19	
4	60.26	196.69	52.00	197.00	8.27	1	19	

5	20	251.978	8
1	79.00	196.00	82.55	191.76	5.53	4	3	5	15	19	
2	82.55	191.76	86.07	187.57	5.47	3	3	5	15	
3	86.07	187.57	91.59	181.01	8.58	2	3	15	
4	91.59	181.01	93.92	178.22	3.64	1	3	
5	93.92	178.22	101.76	168.88	12.19	0	
6	101.76	168.88	159.90	99.62	90.43	1	11	
7	159.90	99.62	214.00	35.17	84.15	0	
8	214.00	35.17	241.00	3.00	42.00	1	20	

6	0	156.205	4
1	87.00	6.00	99.80	21.36	20.00	1	6	
2	99.80	21.36	165.16	99.79	102.09	0	
3	165.16	99.79	177.69	114.83	19.58	1	2	
4	177.69	114.83	187.00	126.00	14.54	0	

6	1	80.430	3
1	87.00	6.00	71.33	18.43	20.00	1	6	
2	71.33	18.43	57.68	29.27	17.43	0	
3	57.68	29.27	24.00	56.00	43.00	1	1	

6	2	131.894	3
1	87.00	6.00	100.04	21.16	20.00	1	6	
2	100.04	21.16	166.48	98.42	101.89	0	
3	166.48	98.42	173.00	106.00	10.00	1	2	

6	3	174.562	6
1	87.00	6.00	85.40	25.94	20.00	1	6	
2	85.40	25.94	79.05	104.81	79.13	0	
3	79.05	104.81	76.20	140.21	35.52	1	11	
4	76.20	140.21	74.68	159.07	18.91	0	
5	74.68	159.07	73.43	174.60	15.59	1	3	
6	73.43	174.60	73.00	180.00	5.41	1	3	

6	4	331.941	6
1	87.00	6.00	96.40	23.65	20.00	1	6	
2	96.40	23.65	126.01	79.27	63.01	0	
3	126.01	79.27	162.57	147.93	77.79	1	11	
4	162.57	147.93	220.91	257.51	124.14	0	
5	220.91	257.51	226.85	268.66	12.63	1	4	
6	226.85	268.66	243.00	299.00	34.37	2	4	9	

6	5	190.168	8
1	87.00	6.00	86.16	25.98	20.00	0	
2	86.16	25.98	83.12	98.18	72.26	0	
3	83.12	98.18	80.91	150.54	52.41	0	
4	80.91	150.54	80.50	160.38	9.86	0	
5	80.50	160.38	79.56	182.80	22.44	0	
6	79.56	182.80	79.46	185.01	2.21	2	3	19	
7	79.46	185.01	79.34	187.96	2.95	3	3	5	19	
8	79.34	187.96	79.00	196.00	8.05	3	3	5	19	

6	6	0	0

6	7	150.416	5
1	87.00	6.00	76.50	23.02	20.00	1	6	
2	76.50	23.02	64.70	42.13	22.46	0	
3	64.70	42.13	31.11	96.56	63.96	1	1	
4	31.11	96.56	29.85	98.60	2.40	2	1	7	
5	29.85	98.60	8.00	134.00	41.60	1	7	

6	8	183.742	3
1	87.00	6.00	102.24	18.95	20.00	1	6	
2	102.24	18.95	223.95	122.41	159.74	0	
3	223.95	122.41	227.00	125.00	4.00	1	8	

6	9	325.572	6
1	87.00	6.00	95.97	23.88	20.00	1	6	
2	95.97	23.88	123.66	79.08	61.76	0	
3	123.66	79.08	160.21	151.92	81.49	1	11	
4	160.21	151.92	215.05	261.22	122.29	0	
5	215.05	261.22	220.00	271.08	11.03	1	4	
6	220.00	271.08	233.00	297.00	29.00	2	4	9	

6	10	183.698	6
1	87.00	6.00	88.74	25.92	20.00	1	6	
2	88.74	25.92	94.12	87.44	61.75	0	
3	94.12	87.44	101.22	168.63	81.50	0	
4	101.22	168.63	102.39	182.03	13.44	0	
5	102.39	182.03	102.69	185.48	3.47	1	10	
6	102.69	185.48	103.00	189.00	3.53	2	10	15	

6	11	124.724	3
1	87.00	6.00	92.45	25.24	20.00	1	6	
2	92.45	25.24	108.19	80.78	57.72	0	
3	108.19	80.78	121.00	126.00	47.00	1	11	

6	12	300.128	5
1	87.00	6.00	93.06	25.06	20.00	1	6	
2	93.06	25.06	110.60	80.17	57.83	0	
3	110.60	80.17	139.00	169.42	93.66	1	11	
4	139.00	169.42	171.33	271.04	106.64	0	
5	171.33	271.04	178.00	292.00	22.00	1	12	

6	13	234.719	5
1	87.00	6.00	100.04	21.17	20.00	1	6	
2	100.04	21.17	166.46	98.44	101.89	0	
3	166.46	98.44	179.49	113.61	20.00	1	2	
4	179.49	113.61	216.53	156.70	56.83	0	
5	216.53	156.70	240.00	184.00	36.00	1	13	

6	14	253.032	8
1	87.00	6.00	99.25	21.81	20.00	1	6	
2	99.25	21.81	154.28	92.81	89.83	0	
3	154.28	92.81	161.44	102.06	11.70	1	11	
4	161.44	102.06	163.15	104.26	2.79	0	
5	163.15	104.26	172.23	115.97	14.81	1	2	
6	172.23	115.97	209.78	164.43	61.31	0	
7	209.78	164.43	240.77	204.42	50.59	1	13	
8	240.77	204.42	242.00	206.00	2.00	2	13	14	

6	15	190.066	7
1	87.00	6.00	87.53	25.99	20.00	1	6	
2	87.53	25.99	89.25	91.35	65.38	0	
3	89.25	91.35	91.11	162.27	70.95	0	
4	91.11	162.27	91.31	169.72	7.45	0	
5	91.31	169.72	91.61	181.01	11.29	1	3	
6	91.61	181.01	91.82	189.31	8.31	2	3	15	
7	91.82	189.31	92.00	196.00	6.69	1	15	

6	16	263.372	11
1	87.00	6.00	85.94	25.97	20.00	1	6	
2	85.94	25.97	82.01	99.76	73.89	0	
3	82.01	99.76	79.44	147.96	48.27	0	
4	79.44	147.96	78.81	159.82	11.88	0	
5	78.81	159.82	77.75	179.74	19.95	1	3	
6	77.75	179.74	77.47	185.11	5.37	2	3	19	
7	77.47	185.11	76.64	200.68	15.60	2	3	19	
8	76.64	200.68	76.32	206.67	5.99	2	5	19	
9	76.32	206.67	75.77	216.90	10.24	0	
10	75.77	216.90	74.28	245.03	28.18	0	
11	74.28	245.03	73.00	269.00	24.00	0	

6	17	204.472	3
1	87.00	6.00	104.61	15.49	20.00	1	6	
2	104.61	15.49	252.91	95.41	168.47	0	
3	252.91	95.41	267.00	103.00	16.00	1	17	

6	18	264.413	5
1	87.00	6.00	102.51	18.63	20.00	1	6	
2	102.51	18.63	228.55	121.31	162.58	0	
3	228.55	121.31	230.30	122.73	2.25	1	8	
4	230.30	122.73	253.23	141.42	29.59	0	
5	253.23	141.42	292.00	173.00	50.00	1	18	

6	19	194.180	5
1	87.00	6.00	83.40	25.67	20.00	1	6	
2	83.40	25.67	57.76	165.55	142.20	0	
3	57.76	165.55	57.59	166.51	0.98	1	3	
4	57.59	166.51	53.63	188.11	21.96	2	3	19	
5	53.63	188.11	52.00	197.00	9.04	1	19	

6	20	154.029	3
1	87.00	6.00	107.00	5.61	20.00	1	6	
2	107.00	5.61	199.01	3.82	92.03	0	
3	199.01	3.82	241.00	3.00	42.00	1	20	

7	0	179.179	4
1	8.00	134.00	51.96	132.04	44.00	1	7	
2	51.96	132.04	74.27	131.04	22.34	0	
3	74.27	131.04	167.99	126.85	93.82	1	11	
4	167.99	126.85	187.00	126.00	19.03	0	

7	1	79.624	3
1	8.00	134.00	15.36	98.12	36.62	1	7	
2	15.36	98.12	16.84	90.90	7.38	2	1	7	
3	16.84	90.90	24.00	56.00	35.62	1	1	

7	2	167.359	5
1	8.00	134.00	51.38	126.64	44.00	1	7	
2	51.38	126.64	74.11	122.78	23.06	0	
3	74.11	122.78	163.14	107.67	90.30	1	11	
4	163.14	107.67	164.20	107.49	1.08	2	2	11	
5	164.20	107.49	173.00	106.00	8.92	1	2	

7	3	79.630	4
1	8.00	134.00	43.92	159.42	44.00	1	7	
2	43.92	159.42	53.25	166.03	11.44	0	
3	53.25	166.03	55.86	167.87	3.19	1	19	
4	55.86	167.87	73.00	180.00	21.00	2	3	19	

7	4	287.141	12
1	8.00	134.00	44.01	159.28	44.00	1	7	
2	44.01	159.28	53.64	166.04	11.76	0	
3	53.64	166.04	55.99	167.69	2.87	1	19	
4	55.99	167.69	80.56	184.95	30.03	2	3	19	
5	80.56	184.95	80.86	185.16	0.37	1	3	
6	80.86	185.16	81.31	185.47	0.55	2	3	5	
7	81.31	185.47	88.56	190.57	8.86	3	3	5	15	
8	88.56	190.57	90.36	191.82	2.19	2	3	15	
9	90.36	191.82	105.53	202.48	18.54	1	15	
10	105.53	202.48	204.53	271.99	120.97	0	
11	204.53	271.99	211.87	277.14	8.96	1	4	
12	211.87	277.14	243.00	299.00	38.04	2	4	9	

7	5	94.260	6
1	8.00	134.00	41.14	162.94	44.00	1	7	
2	41.14	162.94	45.45	166.70	5.72	0	
3	45.45	166.70	53.08	173.36	10.13	1	19	
4	53.08	173.36	70.71	188.76	23.42	2	3	19	
5	70.71	188.76	77.09	194.33	8.47	3	3	5	19	
6	77.09	194.33	79.00	196.00	2.53	4	3	5	15	19	

7	6	150.416	5
1	8.00	134.00	29.85	98.60	41.60	1	7	
2	29.85	98.60	31.11	96.56	2.40	2	1	7	
3	31.11	96.56	64.70	42.13	63.96	1	1	
4	64.70	42.13	76.50	23.02	22.46	0	
5	76.50	23.02	87.00	6.00	20.00	1	6	

7	7	0	0

7	8	219.185	5
1	8.00	134.00	51.96	132.19	44.00	1	7	
2	51.96	132.19	74.30	131.28	22.35	0	
3	74.30	131.28	167.98	127.43	93.76	1	11	
4	167.98	127.43	223.00	125.16	55.07	0	
5	223.00	125.16	227.00	125.00	4.00	1	8	

7	9	277.838	12
1	8.00	134.00	43.63	159.81	44.00	1	7	
2	43.63	159.81	52.17	166.00	10.55	0	
3	52.17	166.00	55.49	168.40	4.10	1	19	
4	55.49	168.40	78.42	185.02	28.31	2	3	19	
5	78.42	185.02	80.42	186.46	2.47	3	3	5	19	
6	80.42	186.46	81.40	187.18	1.21	4	3	5	15	19	
7	81.40	187.18	89.47	193.02	9.97	3	3	5	15	
8	89.47	193.02	89.62	193.13	0.18	2	5	15	
9	89.62	193.13	104.67	204.03	18.58	1	15	
10	104.67	204.03	202.60	274.98	120.93	0	
11	202.60	274.98	209.52	279.99	8.54	1	4	
12	209.52	279.99	233.00	297.00	29.00	2	4	9	

7	10	109.772	6
1	8.00	134.00	46.08	156.05	44.00	1	7	
2	46.08	156.05	59.57	163.86	15.59	0	
3	59.57	163.86	89.53	181.20	34.62	1	3	
4	89.53	181.20	93.69	183.61	4.80	2	3	15	
5	93.69	183.61	96.94	185.49	3.76	1	15	
6	96.94	185.49	103.00	189.00	7.00	2	10	15	

7	11	113.283	3
1	8.00	134.00	51.89	130.89	44.00	1	7	
2	51.89	130.89	74.12	129.32	22.28	0	
3	74.12	129.32	121.00	126.00	47.00	1	11	

7	12	232.086	11
1	8.00	134.00	40.23	163.95	44.00	1	7	
2	40.23	163.95	43.66	167.14	4.68	0	
3	43.66	167.14	52.52	175.37	12.09	1	19	
4	52.52	175.37	69.24	190.92	22.84	2	3	19	
5	69.24	190.92	77.18	198.29	10.83	3	3	5	19	
6	77.18	198.29	79.11	200.09	2.64	4	3	5	15	19	
7	79.11	200.09	82.39	203.14	4.47	3	5	15	19	
8	82.39	203.14	84.78	205.36	3.27	2	5	15	
9	84.78	205.36	90.80	210.95	8.21	1	15	
10	90.80	210.95	161.89	277.02	97.05	0	
11	161.89	277.02	178.00	292.00	22.00	1	12	

7	13	237.327	5
1	8.00	134.00	51.01	143.27	44.00	1	7	
2	51.01	143.27	80.35	149.59	30.01	0	
3	80.35	149.59	148.32	164.24	69.53	1	11	
4	148.32	164.24	204.81	176.42	57.78	0	
5	204.81	176.42	240.00	184.00	36.00	1	13	

7	14	244.826	6
1	8.00	134.00	50.05	146.94	44.00	1	7	
2	50.05	146.94	86.81	158.25	38.46	0	
3	86.81	158.25	131.15	171.89	46.39	1	11	
4	131.15	171.89	205.66	194.82	77.96	0	
5	205.66	194.82	240.09	205.41	36.02	1	13	
6	240.09	205.41	242.00	206.00	2.00	2	13	14	

7	15	104.403	9
1	8.00	134.00	43.40	160.13	44.00	1	7	
2	43.40	160.13	51.36	166.01	9.90	0	
3	51.36	166.01	55.21	168.84	4.78	1	19	
4	55.21	168.84	77.28	185.14	27.43	2	3	19	
5	77.28	185.14	79.93	187.09	3.30	3	3	5	19	
6	79.93	187.09	81.80	188.47	2.33	4	3	5	15	19	
7	81.80	188.47	88.90	193.71	8.82	3	3	5	15	
8	88.90	193.71	89.89	194.44	1.23	2	5	15	
9	89.89	194.44	92.00	196.00	2.62	1	15	

7	16	149.833	5
1	8.00	134.00	27.09	173.64	44.00	1	7	
2	27.09	173.64	28.56	176.71	3.40	0	
3	28.56	176.71	53.25	227.97	56.90	1	19	
4	53.25	227.97	62.59	247.38	21.53	0	
5	62.59	247.38	73.00	269.00	24.00	1	16	

7	17	260.849	7
1	8.00	134.00	51.69	128.77	44.00	1	7	
2	51.69	128.77	74.00	126.10	22.47	0	
3	74.00	126.10	166.70	115.01	93.36	1	11	
4	166.70	115.01	168.28	114.82	1.60	0	
5	168.28	114.82	179.67	113.45	11.47	1	2	
6	179.67	113.45	251.11	104.90	71.96	0	
7	251.11	104.90	267.00	103.00	16.00	1	17	

7	18	286.665	7
1	8.00	134.00	51.59	139.99	44.00	1	7	
2	51.59	139.99	77.39	143.53	26.04	0	
3	77.39	143.53	158.27	154.64	81.64	1	11	
4	158.27	154.64	211.54	161.95	53.77	0	
5	211.54	161.95	242.46	166.20	31.21	1	13	
6	242.46	166.20	273.35	170.44	31.17	2	13	18	
7	273.35	170.44	292.00	173.00	18.83	1	18	

7	19	76.844	3
1	8.00	134.00	33.19	170.07	44.00	1	7	
2	33.19	170.07	34.25	171.58	1.84	0	
3	34.25	171.58	52.00	197.00	31.00	1	19	

7	20	267.301	3
1	8.00	134.00	46.35	112.44	44.00	1	7	
2	46.35	112.44	204.39	23.58	181.30	0	
3	204.39	23.58	241.00	3.00	42.00	1	20	

8	0	40.012	2
1	227.00	125.00	223.00	125.10	4.00	1	8	
2	223.00	125.10	187.00	126.00	36.01	0	

8	1	214.406	7
1	227.00	125.00	223.21	123.71	4.00	1	8	
2	223.21	123.71	182.25	109.79	43.26	0	
3	182.25	109.79	163.35	103.37	19.96	1	2	
4	163.35	103.37	161.92	102.88	1.51	0	
5	161.92	102.88	102.65	82.73	62.60	1	11	
6	102.65	82.73	64.71	69.84	40.06	0	
7	64.71	69.84	24.00	56.00	43.00	1	1	

8	2	57.245	3
1	227.00	125.00	223.23	123.67	4.00	1	8	
2	223.23	123.67	182.43	109.32	43.25	0	
3	182.43	109.32	173.00	106.00	10.00	1	2	

8	3	163.527	6
1	227.00	125.00	223.23	126.35	4.00	1	8	
2	223.23	126.35	162.52	148.03	64.47	0	
3	162.52	148.03	102.83	169.35	63.38	1	11	
4	102.83	169.35	92.78	172.94	10.68	0	
5	92.78	172.94	76.94	178.59	16.81	1	3	
6	76.94	178.59	73.00	180.00	4.19	2	3	19	

8	4	174.734	6
1	227.00	125.00	227.37	128.98	4.00	1	8	
2	227.37	128.98	229.27	149.64	20.74	0	
3	229.27	149.64	235.71	219.74	70.40	0	
4	235.71	219.74	238.70	252.20	32.59	0	
5	238.70	252.20	240.23	268.92	16.79	0	
6	240.23	268.92	243.00	299.00	30.21	2	4	9	

8	5	164.149	10
1	227.00	125.00	223.39	126.73	4.00	1	8	
2	223.39	126.73	152.83	160.58	78.26	0	
3	152.83	160.58	128.05	172.47	27.48	1	11	
4	128.05	172.47	106.38	182.87	24.04	0	
5	106.38	182.87	102.11	184.92	4.73	1	10	
6	102.11	184.92	96.10	187.79	6.66	2	10	15	
7	96.10	187.79	91.45	190.03	5.16	1	15	
8	91.45	190.03	88.92	191.24	2.81	2	3	15	
9	88.92	191.24	82.87	194.14	6.71	3	3	5	15	
10	82.87	194.14	79.00	196.00	4.29	4	3	5	15	19	

8	6	183.742	3
1	227.00	125.00	223.95	122.41	4.00	1	8	
2	223.95	122.41	102.24	18.95	159.74	0	
3	102.24	18.95	87.00	6.00	20.00	1	6	

8	7	219.185	5
1	227.00	125.00	223.00	125.16	4.00	1	8	
2	223.00	125.16	167.98	127.43	55.07	0	
3	167.98	127.43	74.30	131.28	93.76	1	11	
4	74.30	131.28	51.96	132.19	22.35	0	
5	51.96	132.19	8.00	134.00	44.00	1	7	

8	8	0	0

8	9	172.105	6
1	227.00	125.00	227.14	129.00	4.00	0	
2	227.14	129.00	227.88	150.10	21.12	0	
3	227.88	150.10	230.27	218.66	68.60	0	
4	230.27	218.66	231.48	253.43	34.79	0	
5	231.48	253.43	231.99	268.02	14.59	0	
6	231.99	268.02	233.00	297.00	29.00	2	4	9	

8	10	139.542	4
1	227.00	125.00	223.45	126.83	4.00	1	8	
2	223.45	126.83	109.22	185.79	128.54	0	
3	109.22	185.79	104.75	188.10	5.03	1	10	
4	104.75	188.10	103.00	189.00	1.97	2	10	15	

8	11	106.005	3
1	227.00	125.00	223.00	125.04	4.00	1	8	
2	223.00	125.04	168.00	125.56	55.00	0	
3	168.00	125.56	121.00	126.00	47.00	1	11	

8	12	174.040	5
1	227.00	125.00	225.87	128.84	4.00	1	8	
2	225.87	128.84	218.06	155.46	27.74	0	
3	218.06	155.46	206.12	196.17	42.43	1	13	
4	206.12	196.17	184.19	270.89	77.87	0	
5	184.19	270.89	178.00	292.00	22.00	1	12	

8	13	60.415	3
1	227.00	125.00	227.86	128.91	4.00	1	8	
2	227.86	128.91	232.25	148.84	20.42	0	
3	232.25	148.84	240.00	184.00	36.00	1	13	

8	14	82.377	4
1	227.00	125.00	227.73	128.93	4.00	1	8	
2	227.73	128.93	231.45	149.03	20.44	0	
3	231.45	149.03	241.64	204.03	55.94	1	13	
4	241.64	204.03	242.00	206.00	2.00	2	13	14	

8	15	152.532	5
1	227.00	125.00	223.46	126.86	4.00	1	8	
2	223.46	126.86	109.62	186.73	128.62	0	
3	109.62	186.73	105.28	189.02	4.91	1	10	
4	105.28	189.02	97.38	193.17	8.92	2	10	15	
5	97.38	193.17	92.00	196.00	6.08	1	15	

8	16	210.836	3
1	227.00	125.00	224.08	127.73	4.00	1	8	
2	224.08	127.73	90.53	252.61	182.84	0	
3	90.53	252.61	73.00	269.00	24.00	1	16	

8	17	45.651	3
1	227.00	125.00	230.50	123.07	4.00	1	8	
2	230.50	123.07	252.98	110.71	25.65	0	
3	252.98	110.71	267.00	103.00	16.00	1	17	

8	18	80.802	3
1	227.00	125.00	230.22	127.38	4.00	1	8	
2	230.22	127.38	251.78	143.30	26.80	0	
3	251.78	143.30	292.00	173.00	50.00	1	18	

8	19	189.233	11
1	227.00	125.00	223.30	126.52	4.00	1	8	
2	223.30	126.52	159.68	152.70	68.79	0	
3	159.68	152.70	112.31	172.19	51.23	1	11	
4	112.31	172.19	94.00	179.72	19.80	0	
5	94.00	179.72	90.77	181.05	3.50	1	3	
6	90.77	181.05	82.36	184.51	9.09	2	3	15	
7	82.36	184.51	80.80	185.15	1.68	1	3	
8	80.80	185.15	80.67	185.21	0.15	2	3	5	
9	80.67	185.21	70.08	189.56	11.45	3	3	5	19	
10	70.08	189.56	57.89	194.58	13.19	2	3	19	
11	57.89	194.58	52.00	197.00	6.36	1	19	

8	20	122.801	3
1	227.00	125.00	227.46	121.03	4.00	1	8	
2	227.46	121.03	236.21	44.73	76.80	0	
3	236.21	44.73	241.00	3.00	42.00	1	20	

9	0	177.079	3
1	233.00	297.00	225.47	269.00	29.00	2	4	9	
2	225.47	269.00	222.20	256.85	12.57	1	4	
3	222.20	256.85	187.00	126.00	135.50	0	

9	1	319.002	6
1	233.00	297.00	214.00	275.09	29.00	2	4	9	
2	214.00	275.09	207.76	267.90	9.52	1	4	
3	207.76	267.90	125.29	172.80	125.87	0	
4	125.29	172.80	75.28	115.13	76.35	1	11	
5	75.28	115.13	52.17	88.49	35.26	0	
6	52.17	88.49	24.00	56.00	43.00	1	1	

9	2	200.202	4
1	233.00	297.00	224.31	269.33	29.00	2	4	9	
2	224.31	269.33	220.64	257.66	12.24	1	4	
3	220.64	257.66	176.00	115.54	148.97	0	
4	176.00	115.54	173.00	106.00	10.00	1	2	

9	3	198.215	9
1	233.00	297.00	209.59	279.88	29.00	2	4	9	
2	209.59	279.88	202.69	274.83	8.55	1	4	
3	202.69	274.83	105.03	203.42	120.98	0	
4	105.03	203.42	89.95	192.40	18.68	1	15	
5	89.95	192.40	89.18	191.83	0.96	2	3	15	
6	89.18	191.83	80.97	185.83	10.17	3	3	5	15	
7	80.97	185.83	80.90	185.77	0.10	2	3	5	
8	80.90	185.77	79.89	185.04	1.25	3	3	5	19	
9	79.89	185.04	73.00	180.00	8.53	2	3	19	

9	4	10.198	1
1	233.00	297.00	243.00	299.00	10.20	2	4	9	

9	5	184.166	7
1	233.00	297.00	208.75	281.10	29.00	2	4	9	
2	208.75	281.10	201.74	276.50	8.39	1	4	
3	201.74	276.50	99.13	209.20	122.71	0	
4	99.13	209.20	88.20	202.03	13.07	1	15	
5	88.20	202.03	82.96	198.60	6.27	2	5	15	
6	82.96	198.60	82.87	198.54	0.11	3	5	15	19	
7	82.87	198.54	79.00	196.00	4.63	4	3	5	15	19	

9	6	325.572	6
1	233.00	297.00	220.00	271.08	29.00	2	4	9	
2	220.00	271.08	215.05	261.22	11.03	1	4	
3	215.05	261.22	160.21	151.92	122.29	0	
4	160.21	151.92	123.66	79.08	81.49	1	11	
5	123.66	79.08	95.97	23.88	61.76	0	
6	95.97	23.88	87.00	6.00	20.00	1	6	

9	7	277.838	12
1	233.00	297.00	209.52	279.99	29.00	2	4	9	
2	209.52	279.99	202.60	274.98	8.54	1	4	
3	202.60	274.98	104.67	204.03	120.93	0	
4	104.67	204.03	89.62	193.13	18.58	1	15	
5	89.62	193.13	89.47	193.02	0.18	2	5	15	
6	89.47	193.02	81.40	187.18	9.97	3	3	5	15	
7	81.40	187.18	80.42	186.46	1.21	4	3	5	15	19	
8	80.42	186.46	78.42	185.02	2.47	3	3	5	19	
9	78.42	185.02	55.49	168.40	28.31	2	3	19	
10	55.49	168.40	52.17	166.00	4.10	1	19	
11	52.17	166.00	43.63	159.81	10.55	0	
12	43.63	159.81	8.00	134.00	44.00	1	7	

9	8	172.105	6
1	233.00	297.00	231.99	268.02	29.00	2	4	9	
2	231.99	268.02	231.48	253.43	14.59	0	
3	231.48	253.43	230.27	218.66	34.79	0	
4	230.27	218.66	227.88	150.10	68.60	0	
5	227.88	150.10	227.14	129.00	21.12	0	
6	227.14	129.00	227.00	125.00	4.00	0	

9	9	0	0

9	10	169.009	5
1	233.00	297.00	210.69	278.47	29.00	2	4	9	
2	210.69	278.47	203.94	272.86	8.78	1	4	
3	203.94	272.86	108.38	193.47	124.23	0	
4	108.38	193.47	106.41	191.83	2.57	1	10	
5	106.41	191.83	103.00	189.00	4.43	2	10	15	

9	11	204.414	4
1	233.00	297.00	217.11	272.74	29.00	2	4	9	
2	217.11	272.74	211.48	264.14	10.28	1	4	
3	211.48	264.14	146.75	165.32	118.13	0	
4	146.75	165.32	121.00	126.00	47.00	1	11	

9	12	55.227	4
1	233.00	297.00	204.12	294.37	29.00	2	4	9	
2	204.12	294.37	199.91	293.99	4.23	1	4	
3	199.91	293.99	196.30	293.66	3.62	2	4	12	
4	196.30	293.66	178.00	292.00	18.38	1	12	

9	13	113.217	4
1	233.00	297.00	234.79	268.06	29.00	2	4	9	
2	234.79	268.06	235.75	252.56	15.52	0	
3	235.75	252.56	237.77	219.93	32.69	0	
4	237.77	219.93	240.00	184.00	36.00	1	13	

9	14	91.444	5
1	233.00	297.00	235.85	268.14	29.00	2	4	9	
2	235.85	268.14	237.42	252.33	15.88	1	4	
3	237.42	252.33	240.62	219.99	32.50	0	
4	240.62	219.99	241.80	207.99	12.06	1	13	
5	241.80	207.99	242.00	206.00	2.00	2	13	14	

9	15	173.442	4
1	233.00	297.00	209.42	280.11	29.00	2	4	9	
2	209.42	280.11	202.50	275.15	8.52	1	4	
3	202.50	275.15	104.19	204.73	120.92	0	
4	104.19	204.73	92.00	196.00	15.00	1	15	

9	16	162.432	6
1	233.00	297.00	204.43	292.00	29.00	2	4	9	
2	204.43	292.00	199.99	291.22	4.52	1	4	
3	199.99	291.22	196.75	290.66	3.29	2	4	12	
4	196.75	290.66	157.58	283.80	39.76	1	12	
5	157.58	283.80	96.64	273.14	61.87	0	
6	96.64	273.14	73.00	269.00	24.00	1	16	

9	17	196.957	8
1	233.00	297.00	238.01	268.44	29.00	2	4	9	
2	238.01	268.44	240.88	252.05	16.64	1	4	
3	240.88	252.05	246.60	219.39	33.16	0	
4	246.60	219.39	249.98	200.10	19.58	0	
5	249.98	200.10	258.24	152.96	47.86	2	13	18	
6	258.24	152.96	261.70	133.22	20.04	1	18	
7	261.70	133.22	264.24	118.76	14.69	0	
8	264.24	118.76	267.00	103.00	16.00	1	17	

9	18	137.321	4
1	233.00	297.00	245.46	270.81	29.00	2	4	9	
2	245.46	270.81	253.81	253.26	19.44	1	4	
3	253.81	253.26	270.52	218.15	38.88	0	
4	270.52	218.15	292.00	173.00	50.00	1	18	

9	19	206.787	4
1	233.00	297.00	207.62	282.98	29.00	2	4	9	
2	207.62	282.98	200.46	279.02	8.18	1	4	
3	200.46	279.02	79.13	211.99	138.61	0	
4	79.13	211.99	52.00	197.00	31.00	1	19	

9	20	294.109	6
1	233.00	297.00	233.79	268.01	29.00	2	4	9	
2	233.79	268.01	234.20	252.83	15.19	0	
3	234.20	252.83	235.10	219.67	33.18	0	
4	235.10	219.67	237.05	148.12	71.57	0	
5	237.05	148.12	239.86	44.98	103.18	0	
6	239.86	44.98	241.00	3.00	42.00	1	20	

10	0	105.000	5
1	103.00	189.00	104.57	187.82	1.97	2	10	15	
2	104.57	187.82	108.60	184.80	5.03	1	10	
3	108.60	184.80	124.51	172.87	19.89	0	
4	124.51	172.87	165.01	142.49	50.63	1	11	
5	165.01	142.49	187.00	126.00	27.49	0	

10	1	154.693	4
1	103.00	189.00	99.43	182.98	7.00	2	10	15	
2	99.43	182.98	99.41	182.96	0.03	1	15	
3	99.41	182.96	45.96	92.97	104.67	0	
4	45.96	92.97	24.00	56.00	43.00	1	1	

10	2	108.577	6
1	103.00	189.00	104.32	187.44	2.04	2	10	15	
2	104.32	187.44	107.51	183.65	4.96	1	10	
3	107.51	183.65	116.66	172.80	14.19	0	
4	116.66	172.80	166.40	113.83	77.14	1	11	
5	166.40	113.83	166.55	113.64	0.24	0	
6	166.55	113.64	173.00	106.00	10.00	1	2	

10	3	31.321	5
1	103.00	189.00	96.30	186.99	7.00	2	10	15	
2	96.30	186.99	93.11	186.03	3.32	1	15	
3	93.11	186.03	84.01	183.30	9.50	2	3	15	
4	84.01	183.30	79.02	181.81	5.21	1	3	
5	79.02	181.81	73.00	180.00	6.29	2	3	19	

10	4	178.045	5
1	103.00	189.00	106.35	191.63	4.26	2	10	15	
2	106.35	191.63	108.50	193.32	2.74	1	10	
3	108.50	193.32	206.04	269.96	124.04	0	
4	206.04	269.96	213.33	275.69	9.27	1	4	
5	213.33	275.69	243.00	299.00	37.73	2	4	9	

10	5	25.000	5
1	103.00	189.00	96.28	190.96	7.00	2	10	15	
2	96.28	190.96	89.56	192.92	7.00	1	15	
3	89.56	192.92	89.55	192.92	0.01	2	5	15	
4	89.55	192.92	82.93	194.85	6.90	3	3	5	15	
5	82.93	194.85	79.00	196.00	4.09	4	3	5	15	19	

10	6	183.698	6
1	103.00	189.00	102.69	185.48	3.53	2	10	15	
2	102.69	185.48	102.39	182.03	3.47	1	10	
3	102.39	182.03	101.22	168.63	13.44	0	
4	101.22	168.63	94.12	87.44	81.50	0	
5	94.12	87.44	88.74	25.92	61.75	0	
6	88.74	25.92	87.00	6.00	20.00	1	6	

10	7	109.772	6
1	103.00	189.00	96.94	185.49	7.00	2	10	15	
2	96.94	185.49	93.69	183.61	3.76	1	15	
3	93.69	183.61	89.53	181.20	4.80	2	3	15	
4	89.53	181.20	59.57	163.86	34.62	1	3	
5	59.57	163.86	46.08	156.05	15.59	0	
6	46.08	156.05	8.00	134.00	44.00	1	7	

10	8	139.542	4
1	103.00	189.00	104.75	188.10	1.97	2	10	15	
2	104.75	188.10	109.22	185.79	5.03	1	10	
3	109.22	185.79	223.45	126.83	128.54	0	
4	223.45	126.83	227.00	125.00	4.00	1	8	

10	9	169.009	5
1	103.00	189.00	106.41	191.83	4.43	2	10	15	
2	106.41	191.83	108.38	193.47	2.57	1	10	
3	108.38	193.47	203.94	272.86	124.23	0	
4	203.94	272.86	210.69	278.47	8.78	1	4	
5	210.69	278.47	233.00	297.00	29.00	2	4	9	

10	10	0	0

10	11	65.521	4
1	103.00	189.00	103.69	186.60	2.50	2	10	15	
2	103.69	186.60	104.92	182.27	4.50	1	10	
3	104.92	182.27	108.09	171.19	11.52	0	
4	108.09	171.19	121.00	126.00	47.00	1	11	

10	12	127.413	4
1	103.00	189.00	106.91	194.37	6.64	2	10	15	
2	106.91	194.37	107.12	194.66	0.36	1	10	
3	107.12	194.66	165.05	274.22	98.41	0	
4	165.05	274.22	178.00	292.00	22.00	1	12	

10	13	137.091	4
1	103.00	189.00	105.22	188.92	2.22	2	10	15	
2	105.22	188.92	110.00	188.74	4.78	1	10	
3	110.00	188.74	204.02	185.31	94.09	0	
4	204.02	185.31	240.00	184.00	36.00	1	13	

10	14	140.036	5
1	103.00	189.00	105.42	189.30	2.44	2	10	15	
2	105.42	189.30	109.95	189.85	4.56	1	10	
3	109.95	189.85	208.79	201.94	99.58	0	
4	208.79	201.94	240.01	205.76	31.46	1	13	
5	240.01	205.76	242.00	206.00	2.00	2	13	14	

10	15	13.038	2
1	103.00	189.00	97.09	192.76	7.00	2	10	15	
2	97.09	192.76	92.00	196.00	6.04	1	15	

10	16	85.440	4
1	103.00	189.00	100.54	195.55	7.00	2	10	15	
2	100.54	195.55	94.85	210.73	16.20	1	15	
3	94.85	210.73	81.43	246.53	38.24	0	
4	81.43	246.53	73.00	269.00	24.00	1	16	

10	17	185.181	6
1	103.00	189.00	104.74	188.09	1.97	2	10	15	
2	104.74	188.09	109.20	185.75	5.03	1	10	
3	109.20	185.75	223.13	126.01	128.64	0	
4	223.13	126.01	230.03	122.39	7.79	1	8	
5	230.03	122.39	252.83	110.43	25.75	0	
6	252.83	110.43	267.00	103.00	16.00	1	17	

10	18	189.676	6
1	103.00	189.00	105.17	188.82	2.18	2	10	15	
2	105.17	188.82	109.98	188.41	4.82	1	10	
3	109.98	188.41	204.18	180.43	94.54	0	
4	204.18	180.43	242.18	177.22	38.14	1	13	
5	242.18	177.22	274.71	174.46	32.65	2	13	18	
6	274.71	174.46	292.00	173.00	17.35	1	18	

10	19	51.624	8
1	103.00	189.00	96.08	190.08	7.00	2	10	15	
2	96.08	190.08	90.96	190.89	5.19	1	15	
3	90.96	190.89	88.90	191.21	2.08	2	3	15	
4	88.90	191.21	82.63	192.20	6.35	3	3	5	15	
5	82.63	192.20	77.30	193.03	5.39	4	3	5	15	19	
6	77.30	193.03	68.11	194.47	9.30	3	3	5	19	
7	68.11	194.47	59.24	195.86	8.97	2	3	19	
8	59.24	195.86	52.00	197.00	7.33	1	19	

10	20	231.603	8
1	103.00	189.00	104.24	187.33	2.08	2	10	15	
2	104.24	187.33	107.17	183.38	4.92	1	10	
3	107.17	183.38	115.14	172.63	13.38	0	
4	115.14	172.63	163.18	107.89	80.62	1	11	
5	163.18	107.89	163.93	106.87	1.26	2	2	11	
6	163.93	106.87	171.96	96.05	13.47	1	2	
7	171.96	96.05	215.97	36.73	73.87	0	
8	215.97	36.73	241.00	3.00	42.00	1	20	

11	0	66.000	2
1	121.00	126.00	168.00	126.00	47.00	1	11	
2	168.00	126.00	187.00	126.00	19.00	0	

11	1	119.620	3
1	121.00	126.00	82.89	98.50	47.00	1	11	
2	82.89	98.50	58.87	81.16	29.62	0	
3	58.87	81.16	24.00	56.00	43.00	1	1	

11	2	55.714	3
1	121.00	126.00	163.67	109.59	45.71	1	11	
2	163.67	109.59	164.87	109.13	1.29	2	2	11	
3	164.87	109.13	173.00	106.00	8.71	1	2	

11	3	72.250	4
1	121.00	126.00	89.77	161.13	47.00	1	11	
2	89.77	161.13	86.95	164.30	4.25	0	
3	86.95	164.30	75.68	176.99	16.97	1	3	
4	75.68	176.99	73.00	180.00	4.03	2	3	19	

11	4	211.691	4
1	121.00	126.00	148.09	164.41	47.00	1	11	
2	148.09	164.41	215.91	260.59	117.69	0	
3	215.91	260.59	222.52	269.96	11.46	1	4	
4	222.52	269.96	243.00	299.00	35.54	2	4	9	

11	5	81.633	6
1	121.00	126.00	96.82	166.30	47.00	1	11	
2	96.82	166.30	92.80	173.00	7.81	0	
3	92.80	173.00	87.61	181.66	10.10	1	3	
4	87.61	181.66	84.66	186.57	5.73	2	3	15	
5	84.66	186.57	82.31	190.49	4.57	3	3	5	15	
6	82.31	190.49	79.00	196.00	6.43	4	3	5	15	19	

11	6	124.724	3
1	121.00	126.00	108.19	80.78	47.00	1	11	
2	108.19	80.78	92.45	25.24	57.72	0	
3	92.45	25.24	87.00	6.00	20.00	1	6	

11	7	113.283	3
1	121.00	126.00	74.12	129.32	47.00	1	11	
2	74.12	129.32	51.89	130.89	22.28	0	
3	51.89	130.89	8.00	134.00	44.00	1	7	

11	8	106.005	3
1	121.00	126.00	168.00	125.56	47.00	1	11	
2	168.00	125.56	223.00	125.04	55.00	0	
3	223.00	125.04	227.00	125.00	4.00	1	8	

11	9	204.414	4
1	121.00	126.00	146.75	165.32	47.00	1	11	
2	146.75	165.32	211.48	264.14	118.13	0	
3	211.48	264.14	217.11	272.74	10.28	1	4	
4	217.11	272.74	233.00	297.00	29.00	2	4	9	

11	10	65.521	4
1	121.00	126.00	108.09	171.19	47.00	1	11	
2	108.09	171.19	104.92	182.27	11.52	0	
3	104.92	182.27	103.69	186.60	4.50	1	10	
4	103.69	186.60	103.00	189.00	2.50	2	10	15	

11	11	0	0

11	12	175.514	3
1	121.00	126.00	136.26	170.45	47.00	1	11	
2	136.26	170.45	170.86	271.19	106.51	0	
3	170.86	271.19	178.00	292.00	22.00	1	12	

11	13	132.382	3
1	121.00	126.00	163.25	146.59	47.00	1	11	
2	163.25	146.59	207.64	168.23	49.38	0	
3	207.64	168.23	240.00	184.00	36.00	1	13	

11	14	145.055	4
1	121.00	126.00	160.21	151.92	47.00	1	11	
2	160.21	151.92	204.13	180.96	52.65	0	
3	204.13	180.96	240.33	204.90	43.40	1	13	
4	240.33	204.90	242.00	206.00	2.00	2	13	14	

11	15	75.769	3
1	121.00	126.00	103.01	169.42	47.00	1	11	
2	103.01	169.42	97.74	182.14	13.77	0	
3	97.74	182.14	92.00	196.00	15.00	1	15	

11	16	150.841	7
1	121.00	126.00	106.04	170.56	47.00	1	11	
2	106.04	170.56	102.19	182.05	12.12	0	
3	102.19	182.05	101.42	184.33	2.41	1	10	
4	101.42	184.33	98.16	194.05	10.26	2	10	15	
5	98.16	194.05	92.47	210.99	17.87	1	15	
6	92.47	210.99	80.64	246.25	37.19	0	
7	80.64	246.25	73.00	269.00	24.00	1	16	

11	17	147.801	3
1	121.00	126.00	167.43	118.69	47.00	1	11	
2	167.43	118.69	251.19	105.49	84.80	0	
3	251.19	105.49	267.00	103.00	16.00	1	17	

11	18	177.341	5
1	121.00	126.00	166.32	138.46	47.00	1	11	
2	166.32	138.46	220.93	153.47	56.64	0	
3	220.93	153.47	243.79	159.75	23.71	1	13	
4	243.79	159.75	272.00	167.50	29.26	2	13	18	
5	272.00	167.50	292.00	173.00	20.74	1	18	

11	19	99.005	5
1	121.00	126.00	88.24	159.71	47.00	1	11	
2	88.24	159.71	85.16	162.88	4.43	0	
3	85.16	162.88	73.61	174.77	16.58	1	3	
4	73.61	174.77	56.23	192.64	24.93	2	3	19	
5	56.23	192.64	52.00	197.00	6.07	1	19	

11	20	171.840	3
1	121.00	126.00	153.82	92.36	47.00	1	11	
2	153.82	92.36	211.67	33.06	82.84	0	
3	211.67	33.06	241.00	3.00	42.00	1	20	

12	0	166.244	2
1	178.00	292.00	179.19	270.03	22.00	1	12	
2	179.19	270.03	187.00	126.00	144.24	0	

12	1	281.801	7
1	178.00	292.00	165.98	273.58	22.00	1	12	
2	165.98	273.58	109.85	187.56	102.70	0	
3	109.85	187.56	107.07	183.31	5.08	1	10	
4	107.07	183.31	95.40	165.41	21.36	0	
5	95.40	165.41	74.61	133.56	38.03	1	11	
6	74.61	133.56	47.50	92.01	49.61	0	
7	47.50	92.01	24.00	56.00	43.00	1	1	

12	2	186.067	3
1	178.00	292.00	177.41	270.01	22.00	0	
2	177.41	270.01	173.27	116.00	154.07	0	
3	173.27	116.00	173.00	106.00	10.00	1	2	

12	3	153.522	8
1	178.00	292.00	162.95	275.95	22.00	1	12	
2	162.95	275.95	99.93	208.73	92.14	0	
3	99.93	208.73	89.83	197.95	14.78	1	15	
4	89.83	197.95	87.36	195.32	3.60	2	5	15	
5	87.36	195.32	82.14	189.75	7.64	3	3	5	15	
6	82.14	189.75	79.81	187.26	3.41	4	3	5	15	19	
7	79.81	187.26	77.75	185.07	3.00	3	3	5	19	
8	77.75	185.07	73.00	180.00	6.95	2	3	19	

12	4	65.376	4
1	178.00	292.00	196.27	293.97	18.38	1	12	
2	196.27	293.97	199.87	294.36	3.62	2	4	12	
3	199.87	294.36	204.08	294.81	4.23	1	4	
4	204.08	294.81	243.00	299.00	39.14	2	4	9	

12	5	137.902	6
1	178.00	292.00	162.21	276.68	22.00	1	12	
2	162.21	276.68	94.29	210.82	94.61	0	
3	94.29	210.82	86.90	203.66	10.30	1	15	
4	86.90	203.66	82.88	199.76	5.60	2	5	15	
5	82.88	199.76	82.04	198.95	1.16	3	5	15	19	
6	82.04	198.95	79.00	196.00	4.24	4	3	5	15	19	

12	6	300.128	5
1	178.00	292.00	171.33	271.04	22.00	1	12	
2	171.33	271.04	139.00	169.42	106.64	0	
3	139.00	169.42	110.60	80.17	93.66	1	11	
4	110.60	80.17	93.06	25.06	57.83	0	
5	93.06	25.06	87.00	6.00	20.00	1	6	

12	7	232.086	11
1	178.00	292.00	161.89	277.02	22.00	1	12	
2	161.89	277.02	90.80	210.95	97.05	0	
3	90.80	210.95	84.78	205.36	8.21	1	15	
4	84.78	205.36	82.39	203.14	3.27	2	5	15	
5	82.39	203.14	79.11	200.09	4.47	3	5	15	19	
6	79.11	200.09	77.18	198.29	2.64	4	3	5	15	19	
7	77.18	198.29	69.24	190.92	10.83	3	3	5	19	
8	69.24	190.92	52.52	175.37	22.84	2	3	19	
9	52.52	175.37	43.66	167.14	12.09	1	19	
10	43.66	167.14	40.23	163.95	4.68	0	
11	40.23	163.95	8.00	134.00	44.00	1	7	

12	8	174.040	5
1	178.00	292.00	184.19	270.89	22.00	1	12	
2	184.19	270.89	206.12	196.17	77.87	0	
3	206.12	196.17	218.06	155.46	42.43	1	13	
4	218.06	155.46	225.87	128.84	27.74	0	
5	225.87	128.84	227.00	125.00	4.00	1	8	

12	9	55.227	4
1	178.00	292.00	196.30	293.66	18.38	1	12	
2	196.30	293.66	199.91	293.99	3.62	2	4	12	
3	199.91	293.99	204.12	294.37	4.23	1	4	
4	204.12	294.37	233.00	297.00	29.00	2	4	9	

12	10	127.413	4
1	178.00	292.00	165.05	274.22	22.00	1	12	
2	165.05	274.22	107.12	194.66	98.41	0	
3	107.12	194.66	106.91	194.37	0.36	1	10	
4	106.91	194.37	103.00	189.00	6.64	2	10	15	

12	11	175.514	3
1	178.00	292.00	170.86	271.19	22.00	1	12	
2	170.86	271.19	136.26	170.45	106.51	0	
3	136.26	170.45	121.00	126.00	47.00	1	11	

12	12	0	0

12	13	124.531	3
1	178.00	292.00	188.95	272.92	22.00	1	12	
2	188.95	272.92	222.08	215.22	66.53	0	
3	222.08	215.22	240.00	184.00	36.00	1	13	

12	14	107.201	4
1	178.00	292.00	191.13	274.35	22.00	1	12	
2	191.13	274.35	232.22	219.15	68.81	0	
3	232.22	219.15	240.81	207.60	14.39	1	13	
4	240.81	207.60	242.00	206.00	2.00	2	13	14	

12	15	128.888	3
1	178.00	292.00	163.32	275.61	22.00	1	12	
2	163.32	275.61	102.01	207.17	91.89	0	
3	102.01	207.17	92.00	196.00	15.00	1	15	

12	16	107.490	3
1	178.00	292.00	156.51	287.29	22.00	1	12	
2	156.51	287.29	96.44	274.14	61.49	0	
3	96.44	274.14	73.00	269.00	24.00	1	16	

12	17	208.907	5
1	178.00	292.00	187.37	272.10	22.00	1	12	
2	187.37	272.10	216.16	210.97	67.56	0	
3	216.16	210.97	245.60	148.44	69.12	1	13	
4	245.60	148.44	260.18	117.48	34.22	0	
5	260.18	117.48	267.00	103.00	16.00	1	17	

12	18	164.794	5
1	178.00	292.00	193.22	276.11	22.00	1	12	
2	193.22	276.11	247.79	219.15	78.89	0	
3	247.79	219.15	257.41	209.11	13.90	1	13	
4	257.41	209.11	275.45	190.28	26.07	2	13	18	
5	275.45	190.28	292.00	173.00	23.93	1	18	

12	19	157.801	3
1	178.00	292.00	160.43	278.76	22.00	1	12	
2	160.43	278.76	76.75	215.66	104.80	0	
3	76.75	215.66	52.00	197.00	31.00	1	19	

12	20	295.787	3
1	178.00	292.00	182.69	270.50	22.00	1	12	
2	182.69	270.50	232.05	44.04	231.79	0	
3	232.05	44.04	241.00	3.00	42.00	1	20	

13	0	78.568	2
1	240.00	184.00	215.72	157.42	36.00	1	13	
2	215.72	157.42	187.00	126.00	42.57	0	

13	1	251.078	5
1	240.00	184.00	209.03	165.65	36.00	1	13	
2	209.03	165.65	165.85	140.06	50.19	0	
3	165.85	140.06	87.13	93.41	91.50	1	11	
4	87.13	93.41	60.99	77.92	30.39	0	
5	60.99	77.92	24.00	56.00	43.00	1	1	

13	2	102.825	3
1	240.00	184.00	216.54	156.69	36.00	1	13	
2	216.54	156.69	179.52	113.59	56.83	0	
3	179.52	113.59	173.00	106.00	10.00	1	2	

13	3	167.048	4
1	240.00	184.00	204.01	183.14	36.00	1	13	
2	204.01	183.14	93.99	180.50	110.05	0	
3	93.99	180.50	78.00	180.12	16.00	1	3	
4	78.00	180.12	73.00	180.00	5.00	2	3	19	

13	4	115.039	6
1	240.00	184.00	240.54	204.63	20.64	1	13	
2	240.54	204.63	240.61	207.44	2.81	2	13	14	
3	240.61	207.44	240.94	219.99	12.55	1	13	
4	240.94	219.99	241.77	252.01	32.04	0	
5	241.77	252.01	242.23	269.51	17.50	0	
6	242.23	269.51	243.00	299.00	29.50	2	4	9	

13	5	161.447	8
1	240.00	184.00	204.10	186.68	36.00	1	13	
2	204.10	186.68	108.06	193.83	96.30	0	
3	108.06	193.83	106.86	193.92	1.21	1	10	
4	106.86	193.92	98.71	194.53	8.17	2	10	15	
5	98.71	194.53	89.97	195.18	8.76	1	15	
6	89.97	195.18	87.30	195.38	2.68	2	5	15	
7	87.30	195.38	82.97	195.70	4.34	3	3	5	15	
8	82.97	195.70	79.00	196.00	3.98	4	3	5	15	19	

13	6	234.719	5
1	240.00	184.00	216.53	156.70	36.00	1	13	
2	216.53	156.70	179.49	113.61	56.83	0	
3	179.49	113.61	166.46	98.44	20.00	1	2	
4	166.46	98.44	100.04	21.17	101.89	0	
5	100.04	21.17	87.00	6.00	20.00	1	6	

13	7	237.327	5
1	240.00	184.00	204.81	176.42	36.00	1	13	
2	204.81	176.42	148.32	164.24	57.78	0	
3	148.32	164.24	80.35	149.59	69.53	1	11	
4	80.35	149.59	51.01	143.27	30.01	0	
5	51.01	143.27	8.00	134.00	44.00	1	7	

13	8	60.415	3
1	240.00	184.00	232.25	148.84	36.00	1	13	
2	232.25	148.84	227.86	128.91	20.42	0	
3	227.86	128.91	227.00	125.00	4.00	1	8	

13	9	113.217	4
1	240.00	184.00	237.77	219.93	36.00	1	13	
2	237.77	219.93	235.75	252.56	32.69	0	
3	235.75	252.56	234.79	268.06	15.52	0	
4	234.79	268.06	233.00	297.00	29.00	2	4	9	

13	10	137.091	4
1	240.00	184.00	204.02	185.31	36.00	1	13	
2	204.02	185.31	110.00	188.74	94.09	0	
3	110.00	188.74	105.22	188.92	4.78	1	10	
4	105.22	188.92	103.00	189.00	2.22	2	10	15	

13	11	132.382	3
1	240.00	184.00	207.64	168.23	36.00	1	13	
2	207.64	168.23	163.25	146.59	49.38	0	
3	163.25	146.59	121.00	126.00	47.00	1	11	

13	12	124.531	3
1	240.00	184.00	222.08	215.22	36.00	1	13	
2	222.08	215.22	188.95	272.92	66.53	0	
3	188.95	272.92	178.00	292.00	22.00	1	12	

13	13	0	0

13	14	22.091	2
1	240.00	184.00	241.82	204.01	20.09	1	13	
2	241.82	204.01	242.00	206.00	2.00	2	13	14	

13	15	148.486	5
1	240.00	184.00	204.12	186.91	36.00	1	13	
2	204.12	186.91	106.95	194.79	97.49	0	
3	106.95	194.79	106.94	194.79	0.02	1	15	
4	106.94	194.79	100.05	195.35	6.91	2	10	15	
5	100.05	195.35	92.00	196.00	8.08	1	15	

13	16	187.387	3
1	240.00	184.00	207.92	200.33	36.00	1	13	
2	207.92	200.33	94.39	258.11	127.39	0	
3	94.39	258.11	73.00	269.00	24.00	1	16	

13	17	85.381	5
1	240.00	184.00	242.20	177.41	6.94	1	13	
2	242.20	177.41	251.38	149.85	29.06	2	13	18	
3	251.38	149.85	254.80	139.59	10.82	1	18	
4	254.80	139.59	261.94	118.18	22.56	0	
5	261.94	118.18	267.00	103.00	16.00	1	17	

13	18	53.151	3
1	240.00	184.00	243.08	183.35	3.15	1	13	
2	243.08	183.35	275.22	176.55	32.85	2	13	18	
3	275.22	176.55	292.00	173.00	17.15	1	18	

13	19	188.449	11
1	240.00	184.00	204.09	186.48	36.00	1	13	
2	204.09	186.48	108.69	193.08	95.63	0	
3	108.69	193.08	106.74	193.21	1.95	1	10	
4	106.74	193.21	97.93	193.82	8.83	2	10	15	
5	97.93	193.82	89.88	194.38	8.07	1	15	
6	89.88	194.38	88.19	194.50	1.69	2	5	15	
7	88.19	194.50	82.93	194.86	5.28	3	3	5	15	
8	82.93	194.86	77.02	195.27	5.92	4	3	5	15	19	
9	77.02	195.27	68.00	195.89	9.04	3	3	5	19	
10	68.00	195.89	59.95	196.45	8.07	2	3	19	
11	59.95	196.45	52.00	197.00	7.97	1	19	

13	20	181.003	3
1	240.00	184.00	240.20	148.00	36.00	0	
2	240.20	148.00	240.77	44.99	103.01	0	
3	240.77	44.99	241.00	3.00	41.99	1	20	

14	0	97.082	3
1	242.00	206.00	240.87	204.35	2.00	2	13	14	
2	240.87	204.35	211.63	161.83	51.60	1	13	
3	211.63	161.83	187.00	126.00	43.48	0	

14	1	264.620	6
1	242.00	206.00	240.35	204.87	2.00	2	13	14	
2	240.35	204.87	204.22	180.01	43.86	1	13	
3	204.22	180.01	161.18	150.39	52.25	0	
4	161.18	150.39	83.86	97.19	93.85	1	11	
5	83.86	97.19	59.42	80.37	29.67	0	
6	59.42	80.37	24.00	56.00	43.00	1	1	

14	2	121.495	4
1	242.00	206.00	240.86	204.35	2.00	2	13	14	
2	240.86	204.35	211.58	161.91	51.57	1	13	
3	211.58	161.91	178.68	114.23	57.92	0	
4	178.68	114.23	173.00	106.00	10.00	1	2	

14	3	170.988	9
1	242.00	206.00	240.02	205.70	2.00	2	13	14	
2	240.02	205.70	208.16	200.79	32.24	1	13	
3	208.16	200.79	109.09	185.55	100.23	0	
4	109.09	185.55	101.49	184.38	7.69	1	10	
5	101.49	184.38	98.23	183.88	3.30	2	10	15	
6	98.23	183.88	93.76	183.19	4.52	1	15	
7	93.76	183.19	86.44	182.07	7.40	2	3	15	
8	86.44	182.07	78.45	180.84	8.08	1	3	
9	78.45	180.84	73.00	180.00	5.52	2	3	19	

14	4	93.005	5
1	242.00	206.00	242.02	208.00	2.00	2	13	14	
2	242.02	208.00	242.15	219.93	11.93	1	13	
3	242.15	219.93	242.49	252.01	32.08	0	
4	242.49	252.01	242.68	269.67	17.66	1	4	
5	242.68	269.67	243.00	299.00	29.33	2	4	9	

14	5	163.306	7
1	242.00	206.00	240.00	205.88	2.00	2	13	14	
2	240.00	205.88	210.10	204.04	29.96	1	13	
3	210.10	204.04	106.90	197.71	103.39	0	
4	106.90	197.71	89.98	196.67	16.95	1	15	
5	89.98	196.67	86.07	196.43	3.91	2	5	15	
6	86.07	196.43	82.99	196.24	3.09	3	3	5	15	
7	82.99	196.24	79.00	196.00	4.00	4	3	5	15	19	

14	6	253.032	8
1	242.00	206.00	240.77	204.42	2.00	2	13	14	
2	240.77	204.42	209.78	164.43	50.59	1	13	
3	209.78	164.43	172.23	115.97	61.31	0	
4	172.23	115.97	163.15	104.26	14.81	1	2	
5	163.15	104.26	161.44	102.06	2.79	0	
6	161.44	102.06	154.28	92.81	11.70	1	11	
7	154.28	92.81	99.25	21.81	89.83	0	
8	99.25	21.81	87.00	6.00	20.00	1	6	

14	7	244.826	6
1	242.00	206.00	240.09	205.41	2.00	2	13	14	
2	240.09	205.41	205.66	194.82	36.02	1	13	
3	205.66	194.82	131.15	171.89	77.96	0	
4	131.15	171.89	86.81	158.25	46.39	1	11	
5	86.81	158.25	50.05	146.94	38.46	0	
6	50.05	146.94	8.00	134.00	44.00	1	7	

14	8	82.377	4
1	242.00	206.00	241.64	204.03	2.00	2	13	14	
2	241.64	204.03	231.45	149.03	55.94	1	13	
3	231.45	149.03	227.73	128.93	20.44	0	
4	227.73	128.93	227.00	125.00	4.00	1	8	

14	9	91.444	5
1	242.00	206.00	241.80	207.99	2.00	2	13	14	
2	241.80	207.99	240.62	219.99	12.06	1	13	
3	240.62	219.99	237.42	252.33	32.50	0	
4	237.42	252.33	235.85	268.14	15.88	1	4	
5	235.85	268.14	233.00	297.00	29.00	2	4	9	

14	10	140.036	5
1	242.00	206.00	240.01	205.76	2.00	2	13	14	
2	240.01	205.76	208.79	201.94	31.46	1	13	
3	208.79	201.94	109.95	189.85	99.58	0	
4	109.95	189.85	105.42	189.30	4.56	1	10	
5	105.42	189.30	103.00	189.00	2.44	2	10	15	

14	11	145.055	4
1	242.00	206.00	240.33	204.90	2.00	2	13	14	
2	240.33	204.90	204.13	180.96	43.40	1	13	
3	204.13	180.96	160.21	151.92	52.65	0	
4	160.21	151.92	121.00	126.00	47.00	1	11	

14	12	107.201	4
1	242.00	206.00	240.81	207.60	2.00	2	13	14	
2	240.81	207.60	232.22	219.15	14.39	1	13	
3	232.22	219.15	191.13	274.35	68.81	0	
4	191.13	274.35	178.00	292.00	22.00	1	12	

14	13	22.091	2
1	242.00	206.00	241.82	204.01	2.00	2	13	14	
2	241.82	204.01	240.00	184.00	20.09	1	13	

14	14	0	0

14	15	150.333	4
1	242.00	206.00	240.00	205.87	2.00	2	13	14	
2	240.00	205.87	209.98	203.87	30.09	1	13	
3	209.98	203.87	106.97	197.00	103.24	0	
4	106.97	197.00	92.00	196.00	15.00	1	15	

14	16	180.361	4
1	242.00	206.00	240.13	206.70	2.00	2	13	14	
2	240.13	206.70	220.26	214.10	21.20	1	13	
3	220.26	214.10	95.49	260.62	133.16	0	
4	95.49	260.62	73.00	269.00	24.00	1	16	

14	17	105.991	6
1	242.00	206.00	242.47	204.06	2.00	2	13	14	
2	242.47	204.06	245.53	191.45	12.97	1	13	
3	245.53	191.45	255.25	151.39	41.23	2	13	18	
4	255.25	151.39	259.16	135.30	16.56	1	18	
5	259.16	135.30	263.23	118.55	17.23	0	
6	263.23	118.55	267.00	103.00	16.00	1	17	

14	18	59.908	4
1	242.00	206.00	243.67	204.90	2.00	2	13	14	
2	243.67	204.90	250.27	200.54	7.91	1	13	
3	250.27	200.54	276.00	183.56	30.83	2	13	18	
4	276.00	183.56	292.00	173.00	19.17	1	18	

14	19	190.213	10
1	242.00	206.00	240.00	205.91	2.00	2	13	14	
2	240.00	205.91	210.41	204.50	29.63	1	13	
3	210.41	204.50	106.57	199.58	103.96	0	
4	106.57	199.58	89.64	198.78	16.94	1	15	
5	89.64	198.78	83.00	198.47	6.65	2	5	15	
6	83.00	198.47	82.97	198.47	0.03	3	3	5	15	
7	82.97	198.47	77.16	198.19	5.81	4	3	5	15	19	
8	77.16	198.19	68.14	197.76	9.03	3	3	5	19	
9	68.14	197.76	61.30	197.44	6.85	2	3	19	
10	61.30	197.44	52.00	197.00	9.31	1	19	

14	20	203.002	4
1	242.00	206.00	241.99	203.99	2.01	1	13	
2	241.99	203.99	241.71	148.04	55.95	1	13	
3	241.71	148.04	241.21	45.00	103.04	0	
4	241.21	45.00	241.00	3.00	42.00	0	

15	0	118.004	6
1	92.00	196.00	96.88	192.40	6.06	1	15	
2	96.88	192.40	104.08	187.10	8.94	2	10	15	
3	104.08	187.10	108.06	184.16	4.95	1	10	
4	108.06	184.16	123.29	172.94	18.92	0	
5	123.29	172.94	165.16	142.09	52.01	1	11	
6	165.16	142.09	187.00	126.00	27.13	0	

15	1	155.641	5
1	92.00	196.00	90.13	192.15	4.28	1	15	
2	90.13	192.15	85.45	182.51	10.72	2	3	15	
3	85.45	182.51	74.04	159.03	26.10	1	3	
4	74.04	159.03	42.79	94.68	71.54	0	
5	42.79	94.68	24.00	56.00	43.00	1	1	

15	2	121.083	7
1	92.00	196.00	96.35	191.17	6.50	1	15	
2	96.35	191.17	102.03	184.85	8.50	2	10	15	
3	102.03	184.85	104.46	182.15	3.63	1	10	
4	104.46	182.15	113.28	172.36	13.18	0	
5	113.28	172.36	166.29	113.45	79.25	1	11	
6	166.29	113.45	166.31	113.43	0.02	0	
7	166.31	113.43	173.00	106.00	10.00	1	2	

15	3	24.839	6
1	92.00	196.00	89.85	194.19	2.81	1	15	
2	89.85	194.19	89.06	193.53	1.03	2	5	15	
3	89.06	193.53	81.36	187.04	10.08	3	3	5	15	
4	81.36	187.04	80.53	186.34	1.08	4	3	5	15	19	
5	80.53	186.34	78.94	185.00	2.08	3	3	5	19	
6	78.94	185.00	73.00	180.00	7.76	2	3	19	

15	4	182.784	4
1	92.00	196.00	104.39	204.45	15.00	1	15	
2	104.39	204.45	204.17	272.52	120.78	0	
3	204.17	272.52	211.51	277.52	8.89	1	4	
4	211.51	277.52	243.00	299.00	38.11	2	4	9	

15	5	13.000	4
1	92.00	196.00	90.00	196.00	2.00	1	15	
2	90.00	196.00	86.60	196.00	3.40	2	5	15	
3	86.60	196.00	82.98	196.00	3.62	3	3	5	15	
4	82.98	196.00	79.00	196.00	3.98	4	3	5	15	19	

15	6	190.066	7
1	92.00	196.00	91.82	189.31	6.69	1	15	
2	91.82	189.31	91.61	181.01	8.31	2	3	15	
3	91.61	181.01	91.31	169.72	11.29	1	3	
4	91.31	169.72	91.11	162.27	7.45	0	
5	91.11	162.27	89.25	91.35	70.95	0	
6	89.25	91.35	87.53	25.99	65.38	0	
7	87.53	25.99	87.00	6.00	20.00	1	6	

15	7	104.403	9
1	92.00	196.00	89.89	194.44	2.62	1	15	
2	89.89	194.44	88.90	193.71	1.23	2	5	15	
3	88.90	193.71	81.80	188.47	8.82	3	3	5	15	
4	81.80	188.47	79.93	187.09	2.33	4	3	5	15	19	
5	79.93	187.09	77.28	185.14	3.30	3	3	5	19	
6	77.28	185.14	55.21	168.84	27.43	2	3	19	
7	55.21	168.84	51.36	166.01	4.78	1	19	
8	51.36	166.01	43.40	160.13	9.90	0	
9	43.40	160.13	8.00	134.00	44.00	1	7	

15	8	152.532	5
1	92.00	196.00	97.38	193.17	6.08	1	15	
2	97.38	193.17	105.28	189.02	8.92	2	10	15	
3	105.28	189.02	109.62	186.73	4.91	1	10	
4	109.62	186.73	223.46	126.86	128.62	0	
5	223.46	126.86	227.00	125.00	4.00	1	8	

15	9	173.442	4
1	92.00	196.00	104.19	204.73	15.00	1	15	
2	104.19	204.73	202.50	275.15	120.92	0	
3	202.50	275.15	209.42	280.11	8.52	1	4	
4	209.42	280.11	233.00	297.00	29.00	2	4	9	

15	10	13.038	2
1	92.00	196.00	97.09	192.76	6.04	1	15	
2	97.09	192.76	103.00	189.00	7.00	2	10	15	

15	11	75.769	3
1	92.00	196.00	97.74	182.14	15.00	1	15	
2	97.74	182.14	103.01	169.42	13.77	0	
3	103.01	169.42	121.00	126.00	47.00	1	11	

15	12	128.888	3
1	92.00	196.00	102.01	207.17	15.00	1	15	
2	102.01	207.17	163.32	275.61	91.89	0	
3	163.32	275.61	178.00	292.00	22.00	1	12	

15	13	148.486	5
1	92.00	196.00	100.05	195.35	8.08	1	15	
2	100.05	195.35	106.94	194.79	6.91	2	10	15	
3	106.94	194.79	106.95	194.79	0.02	1	15	
4	106.95	194.79	204.12	186.91	97.49	0	
5	204.12	186.91	240.00	184.00	36.00	1	13	

15	14	150.333	4
1	92.00	196.00	106.97	197.00	15.00	1	15	
2	106.97	197.00	209.98	203.87	103.24	0	
3	209.98	203.87	240.00	205.87	30.09	1	13	
4	240.00	205.87	242.00	206.00	2.00	2	13	14	

15	15	0	0

15	16	75.432	3
1	92.00	196.00	88.22	210.52	15.00	1	15	
2	88.22	210.52	79.05	245.77	36.43	0	
3	79.05	245.77	73.00	269.00	24.00	1	16	

15	17	198.177	7
1	92.00	196.00	97.36	193.15	6.07	1	15	
2	97.36	193.15	105.25	188.96	8.93	2	10	15	
3	105.25	188.96	109.59	186.65	4.92	1	10	
4	109.59	186.65	223.21	126.27	128.66	0	
5	223.21	126.27	230.18	122.57	7.89	1	8	
6	230.18	122.57	252.87	110.51	25.70	0	
7	252.87	110.51	267.00	103.00	16.00	1	17	

15	18	201.318	7
1	92.00	196.00	99.61	195.12	7.66	1	15	
2	99.61	195.12	106.90	194.29	7.34	2	10	15	
3	106.90	194.29	107.69	194.20	0.79	1	10	
4	107.69	194.20	204.01	183.12	96.95	0	
5	204.01	183.12	242.33	178.71	38.57	1	13	
6	242.33	178.71	274.85	174.97	32.74	2	13	18	
7	274.85	174.97	292.00	173.00	17.26	1	18	

15	19	40.012	7
1	92.00	196.00	90.00	196.05	2.00	1	15	
2	90.00	196.05	86.44	196.14	3.56	2	5	15	
3	86.44	196.14	82.99	196.23	3.45	3	3	5	15	
4	82.99	196.23	77.00	196.37	5.99	4	3	5	15	19	
5	77.00	196.37	68.02	196.60	8.99	3	3	5	19	
6	68.02	196.60	60.39	196.79	7.63	2	3	19	
7	60.39	196.79	52.00	197.00	8.39	1	19	

15	20	243.824	9
1	92.00	196.00	96.18	190.58	6.84	1	15	
2	96.18	190.58	101.17	184.13	8.16	2	10	15	
3	101.17	184.13	102.81	182.00	2.68	1	10	
4	102.81	182.00	110.65	171.85	12.83	0	
5	110.65	171.85	162.73	104.38	85.23	1	11	
6	162.73	104.38	163.27	103.68	0.88	0	
7	163.27	103.68	168.29	97.18	8.22	1	2	
8	168.29	97.18	215.33	36.25	76.98	0	
9	215.33	36.25	241.00	3.00	42.00	1	20	

16	0	182.880	2
1	73.00	269.00	87.96	250.23	24.00	1	16	
2	87.96	250.23	187.00	126.00	158.88	0	

16	1	218.563	9
1	73.00	269.00	67.62	245.61	24.00	1	16	
2	67.62	245.61	63.10	225.95	20.18	0	
3	63.10	225.95	55.02	190.85	36.01	1	19	
4	55.02	190.85	52.09	178.09	13.10	2	3	19	
5	52.09	178.09	49.33	166.11	12.29	1	19	
6	49.33	166.11	46.74	154.86	11.55	0	
7	46.74	154.86	33.73	98.31	58.03	1	7	
8	33.73	98.31	33.64	97.91	0.41	0	
9	33.64	97.91	24.00	56.00	43.00	1	1	

16	2	191.230	5
1	73.00	269.00	85.55	248.54	24.00	1	16	
2	85.55	248.54	132.82	171.49	90.40	0	
3	132.82	171.49	166.91	115.93	65.18	1	11	
4	166.91	115.93	167.77	114.52	1.65	0	
5	167.77	114.52	173.00	106.00	10.00	1	2	

16	3	89.000	6
1	73.00	269.00	73.00	245.00	24.00	1	16	
2	73.00	245.00	73.00	219.80	25.20	0	
3	73.00	219.80	73.00	205.22	14.58	1	19	
4	73.00	205.22	73.00	201.00	4.22	2	5	19	
5	73.00	201.00	73.00	186.78	14.22	3	3	5	19	
6	73.00	186.78	73.00	180.00	6.78	2	3	19	

16	4	172.627	6
1	73.00	269.00	96.63	273.17	24.00	1	16	
2	96.63	273.17	157.54	283.92	61.84	0	
3	157.54	283.92	196.72	290.83	39.78	1	12	
4	196.72	290.83	199.99	291.41	3.33	2	4	12	
5	199.99	291.41	204.40	292.19	4.48	1	4	
6	204.40	292.19	243.00	299.00	39.19	2	4	9	

16	5	73.246	6
1	73.00	269.00	74.97	245.08	24.00	0	
2	74.97	245.08	77.46	214.68	30.50	0	
3	77.46	214.68	78.10	206.96	7.74	0	
4	78.10	206.96	78.47	202.47	4.51	2	5	19	
5	78.47	202.47	78.65	200.23	2.25	3	5	15	19	
6	78.65	200.23	79.00	196.00	4.24	3	5	15	19	

16	6	263.372	11
1	73.00	269.00	74.28	245.03	24.00	0	
2	74.28	245.03	75.77	216.90	28.18	0	
3	75.77	216.90	76.32	206.67	10.24	0	
4	76.32	206.67	76.64	200.68	5.99	2	5	19	
5	76.64	200.68	77.47	185.11	15.60	2	3	19	
6	77.47	185.11	77.75	179.74	5.37	2	3	19	
7	77.75	179.74	78.81	159.82	19.95	1	3	
8	78.81	159.82	79.44	147.96	11.88	0	
9	79.44	147.96	82.01	99.76	48.27	0	
10	82.01	99.76	85.94	25.97	73.89	0	
11	85.94	25.97	87.00	6.00	20.00	1	6	

16	7	149.833	5
1	73.00	269.00	62.59	247.38	24.00	1	16	
2	62.59	247.38	53.25	227.97	21.53	0	
3	53.25	227.97	28.56	176.71	56.90	1	19	
4	28.56	176.71	27.09	173.64	3.40	0	
5	27.09	173.64	8.00	134.00	44.00	1	7	

16	8	210.836	3
1	73.00	269.00	90.53	252.61	24.00	1	16	
2	90.53	252.61	224.08	127.73	182.84	0	
3	224.08	127.73	227.00	125.00	4.00	1	8	

16	9	162.432	6
1	73.00	269.00	96.64	273.14	24.00	1	16	
2	96.64	273.14	157.58	283.80	61.87	0	
3	157.58	283.80	196.75	290.66	39.76	1	12	
4	196.75	290.66	199.99	291.22	3.29	2	4	12	
5	199.99	291.22	204.43	292.00	4.52	1	4	
6	204.43	292.00	233.00	297.00	29.00	2	4	9	

16	10	85.440	4
1	73.00	269.00	81.43	246.53	24.00	1	16	
2	81.43	246.53	94.85	210.73	38.24	0	
3	94.85	210.73	100.54	195.55	16.20	1	15	
4	100.54	195.55	103.00	189.00	7.00	2	10	15	

16	11	150.841	7
1	73.00	269.00	80.64	246.25	24.00	1	16	
2	80.64	246.25	92.47	210.99	37.19	0	
3	92.47	210.99	98.16	194.05	17.87	1	15	
4	98.16	194.05	101.42	184.33	10.26	2	10	15	
5	101.42	184.33	102.19	182.05	2.41	1	10	
6	102.19	182.05	106.04	170.56	12.12	0	
7	106.04	170.56	121.00	126.00	47.00	1	11	

16	12	107.490	3
1	73.00	269.00	96.44	274.14	24.00	1	16	
2	96.44	274.14	156.51	287.29	61.49	0	
3	156.51	287.29	178.00	292.00	22.00	1	12	

16	13	187.387	3
1	73.00	269.00	94.39	258.11	24.00	1	16	
2	94.39	258.11	207.92	200.33	127.39	0	
3	207.92	200.33	240.00	184.00	36.00	1	13	

16	14	180.361	4
1	73.00	269.00	95.49	260.62	24.00	1	16	
2	95.49	260.62	220.26	214.10	133.16	0	
3	220.26	214.10	240.13	206.70	21.20	1	13	
4	240.13	206.70	242.00	206.00	2.00	2	13	14	

16	15	75.432	3
1	73.00	269.00	79.05	245.77	24.00	1	16	
2	79.05	245.77	88.22	210.52	36.43	0	
3	88.22	210.52	92.00	196.00	15.00	1	15	

16	16	0	0

16	17	255.327	3
1	73.00	269.00	91.24	253.40	24.00	1	16	
2	91.24	253.40	254.84	113.40	215.33	0	
3	254.84	113.40	267.00	103.00	16.00	1	17	

16	18	239.117	5
1	73.00	269.00	94.98	259.36	24.00	1	16	
2	94.98	259.36	212.88	207.68	128.73	0	
3	212.88	207.68	246.21	193.07	36.38	1	13	
4	246.21	193.07	275.79	180.11	32.30	2	13	18	
5	275.79	180.11	292.00	173.00	17.70	1	18	

16	19	75.000	3
1	73.00	269.00	66.28	245.96	24.00	1	16	
2	66.28	245.96	60.68	226.76	20.00	0	
3	60.68	226.76	52.00	197.00	31.00	1	19	

16	20	314.611	7
1	73.00	269.00	85.82	248.71	24.00	1	16	
2	85.82	248.71	134.97	170.87	92.06	0	
3	134.97	170.87	167.53	119.34	60.96	1	11	
4	167.53	119.34	169.94	115.52	4.51	0	
5	169.94	115.52	180.28	99.14	19.37	1	2	
6	180.28	99.14	218.57	38.51	71.71	0	
7	218.57	38.51	241.00	3.00	42.00	1	20	

17	0	83.241	2
1	267.00	103.00	251.62	107.42	16.00	1	17	
2	251.62	107.42	187.00	126.00	67.24	0	

17	1	247.504	3
1	267.00	103.00	251.29	99.96	16.00	1	17	
2	251.29	99.96	66.22	64.17	188.50	0	
3	66.22	64.17	24.00	56.00	43.00	1	1	

17	2	94.048	3
1	267.00	103.00	251.01	103.51	16.00	1	17	
2	251.01	103.51	182.99	105.68	68.05	0	
3	182.99	105.68	173.00	106.00	10.00	1	2	

17	3	208.722	6
1	267.00	103.00	252.13	108.90	16.00	1	17	
2	252.13	108.90	164.56	143.66	94.22	0	
3	164.56	143.66	101.41	168.72	67.94	1	11	
4	101.41	168.72	92.52	172.25	9.57	0	
5	92.52	172.25	76.85	178.47	16.85	1	3	
6	76.85	178.47	73.00	180.00	4.15	2	3	19	

17	4	197.464	8
1	267.00	103.00	265.06	118.88	16.00	0	
2	265.06	118.88	263.46	131.95	13.17	0	
3	263.46	131.95	260.69	154.54	22.76	1	18	
4	260.69	154.54	254.39	205.95	51.80	2	13	18	
5	254.39	205.95	252.97	217.58	11.72	1	13	
6	252.97	217.58	248.71	252.35	35.03	0	
7	248.71	252.35	246.39	271.28	19.07	1	4	
8	246.39	271.28	243.00	299.00	27.93	1	4	

17	5	209.745	12
1	267.00	103.00	252.66	110.09	16.00	1	17	
2	252.66	110.09	229.23	121.68	26.13	0	
3	229.23	121.68	223.01	124.76	6.95	1	8	
4	223.01	124.76	155.08	158.36	75.78	0	
5	155.08	158.36	126.04	172.73	32.40	1	11	
6	126.04	172.73	105.97	182.66	22.40	0	
7	105.97	182.66	101.86	184.69	4.59	1	10	
8	101.86	184.69	96.16	187.51	6.36	2	10	15	
9	96.16	187.51	91.59	189.77	5.10	1	15	
10	91.59	189.77	88.86	191.12	3.04	2	3	15	
11	88.86	191.12	82.86	194.09	6.69	3	3	5	15	
12	82.86	194.09	79.00	196.00	4.31	4	3	5	15	19	

17	6	204.472	3
1	267.00	103.00	252.91	95.41	16.00	1	17	
2	252.91	95.41	104.61	15.49	168.47	0	
3	104.61	15.49	87.00	6.00	20.00	1	6	

17	7	260.849	7
1	267.00	103.00	251.11	104.90	16.00	1	17	
2	251.11	104.90	179.67	113.45	71.96	0	
3	179.67	113.45	168.28	114.82	11.47	1	2	
4	168.28	114.82	166.70	115.01	1.60	0	
5	166.70	115.01	74.00	126.10	93.36	1	11	
6	74.00	126.10	51.69	128.77	22.47	0	
7	51.69	128.77	8.00	134.00	44.00	1	7	

17	8	45.651	3
1	267.00	103.00	252.98	110.71	16.00	1	17	
2	252.98	110.71	230.50	123.07	25.65	0	
3	230.50	123.07	227.00	125.00	4.00	1	8	

17	9	196.957	8
1	267.00	103.00	264.24	118.76	16.00	1	17	
2	264.24	118.76	261.70	133.22	14.69	0	
3	261.70	133.22	258.24	152.96	20.04	1	18	
4	258.24	152.96	249.98	200.10	47.86	2	13	18	
5	249.98	200.10	246.60	219.39	19.58	0	
6	246.60	219.39	240.88	252.05	33.16	0	
7	240.88	252.05	238.01	268.44	16.64	1	4	
8	238.01	268.44	233.00	297.00	29.00	2	4	9	

17	10	185.181	6
1	267.00	103.00	252.83	110.43	16.00	1	17	
2	252.83	110.43	230.03	122.39	25.75	0	
3	230.03	122.39	223.13	126.01	7.79	1	8	
4	223.13	126.01	109.20	185.75	128.64	0	
5	109.20	185.75	104.74	188.09	5.03	1	10	
6	104.74	188.09	103.00	189.00	1.97	2	10	15	

17	11	147.801	3
1	267.00	103.00	251.19	105.49	16.00	1	17	
2	251.19	105.49	167.43	118.69	84.80	0	
3	167.43	118.69	121.00	126.00	47.00	1	11	

17	12	208.907	5
1	267.00	103.00	260.18	117.48	16.00	1	17	
2	260.18	117.48	245.60	148.44	34.22	0	
3	245.60	148.44	216.16	210.97	69.12	1	13	
4	216.16	210.97	187.37	272.10	67.56	0	
5	187.37	272.10	178.00	292.00	22.00	1	12	

17	13	85.381	5
1	267.00	103.00	261.94	118.18	16.00	1	17	
2	261.94	118.18	254.80	139.59	22.56	0	
3	254.80	139.59	251.38	149.85	10.82	1	18	
4	251.38	149.85	242.20	177.41	29.06	2	13	18	
5	242.20	177.41	240.00	184.00	6.94	1	13	

17	14	105.991	6
1	267.00	103.00	263.23	118.55	16.00	1	17	
2	263.23	118.55	259.16	135.30	17.23	0	
3	259.16	135.30	255.25	151.39	16.56	1	18	
4	255.25	151.39	245.53	191.45	41.23	2	13	18	
5	245.53	191.45	242.47	204.06	12.97	1	13	
6	242.47	204.06	242.00	206.00	2.00	2	13	14	

17	15	198.177	7
1	267.00	103.00	252.87	110.51	16.00	1	17	
2	252.87	110.51	230.18	122.57	25.70	0	
3	230.18	122.57	223.21	126.27	7.89	1	8	
4	223.21	126.27	109.59	186.65	128.66	0	
5	109.59	186.65	105.25	188.96	4.92	1	10	
6	105.25	188.96	97.36	193.15	8.93	2	10	15	
7	97.36	193.15	92.00	196.00	6.07	1	15	

17	16	255.327	3
1	267.00	103.00	254.84	113.40	16.00	1	17	
2	254.84	113.40	91.24	253.40	215.33	0	
3	91.24	253.40	73.00	269.00	24.00	1	16	

17	17	0	0

17	18	74.330	3
1	267.00	103.00	272.38	118.07	16.00	1	17	
2	272.38	118.07	275.18	125.91	8.33	0	
3	275.18	125.91	292.00	173.00	50.00	1	18	

17	19	234.651	9
1	267.00	103.00	252.34	109.41	16.00	1	17	
2	252.34	109.41	162.05	148.88	98.54	0	
3	162.05	148.88	109.92	171.68	56.90	1	11	
4	109.92	171.68	93.96	178.66	17.42	0	
5	93.96	178.66	80.40	184.58	14.79	1	3	
6	80.40	184.58	79.43	185.01	1.07	2	3	19	
7	79.43	185.01	70.64	188.85	9.59	3	3	5	19	
8	70.64	188.85	57.78	194.47	14.03	2	3	19	
9	57.78	194.47	52.00	197.00	6.31	1	19	

17	20	103.325	3
1	267.00	103.00	262.97	87.52	16.00	1	17	
2	262.97	87.52	251.57	43.65	45.32	0	
3	251.57	43.65	241.00	3.00	42.00	1	20	

18	0	115.039	4
1	292.00	173.00	269.04	162.72	25.16	1	18	
2	269.04	162.72	246.36	152.57	24.84	2	13	18	
3	246.36	152.57	236.52	148.17	10.78	1	13	
4	236.52	148.17	187.00	126.00	54.26	0	

18	1	292.426	7
1	292.00	173.00	269.31	163.09	24.76	1	18	
2	269.31	163.09	246.18	153.00	25.24	2	13	18	
3	246.18	153.00	235.41	148.29	11.75	1	13	
4	235.41	148.29	167.42	118.61	74.19	0	
5	167.42	118.61	94.86	86.94	79.16	1	11	
6	94.86	86.94	63.41	73.20	34.32	0	
7	63.41	73.20	24.00	56.00	43.00	1	1	

18	2	136.565	5
1	292.00	173.00	264.20	157.35	31.90	1	18	
2	264.20	157.35	250.24	149.49	16.03	2	13	18	
3	250.24	149.49	248.43	148.47	2.07	1	18	
4	248.43	148.47	181.71	110.91	76.57	0	
5	181.71	110.91	173.00	106.00	10.00	1	2	

18	3	219.112	6
1	292.00	173.00	274.45	173.56	17.56	1	18	
2	274.45	173.56	242.03	174.60	32.44	2	13	18	
3	242.03	174.60	204.95	175.78	37.09	1	13	
4	204.95	175.78	93.99	179.33	111.02	0	
5	93.99	179.33	77.82	179.85	16.18	1	3	
6	77.82	179.85	73.00	180.00	4.82	2	3	19	

18	4	135.192	4
1	292.00	173.00	273.88	219.60	50.00	1	18	
2	273.88	219.60	260.04	255.20	38.19	0	
3	260.04	255.20	252.22	275.29	21.56	1	4	
4	252.22	275.29	243.00	299.00	25.44	2	4	9	

18	5	214.238	10
1	292.00	173.00	274.82	174.86	17.28	1	18	
2	274.82	174.86	242.29	178.37	32.72	2	13	18	
3	242.29	178.37	204.03	182.50	38.48	1	13	
4	204.03	182.50	108.90	192.77	95.69	0	
5	108.90	192.77	106.70	193.01	2.21	1	10	
6	106.70	193.01	98.04	193.94	8.71	2	10	15	
7	98.04	193.94	89.94	194.82	8.15	1	15	
8	89.94	194.82	87.63	195.07	2.32	2	5	15	
9	87.63	195.07	82.97	195.57	4.69	3	3	5	15	
10	82.97	195.57	79.00	196.00	3.99	4	3	5	15	19	

18	6	264.413	5
1	292.00	173.00	253.23	141.42	50.00	1	18	
2	253.23	141.42	230.30	122.73	29.59	0	
3	230.30	122.73	228.55	121.31	2.25	1	8	
4	228.55	121.31	102.51	18.63	162.58	0	
5	102.51	18.63	87.00	6.00	20.00	1	6	

18	7	286.665	7
1	292.00	173.00	273.35	170.44	18.83	1	18	
2	273.35	170.44	242.46	166.20	31.17	2	13	18	
3	242.46	166.20	211.54	161.95	31.21	1	13	
4	211.54	161.95	158.27	154.64	53.77	0	
5	158.27	154.64	77.39	143.53	81.64	1	11	
6	77.39	143.53	51.59	139.99	26.04	0	
7	51.59	139.99	8.00	134.00	44.00	1	7	

18	8	80.802	3
1	292.00	173.00	251.78	143.30	50.00	1	18	
2	251.78	143.30	230.22	127.38	26.80	0	
3	230.22	127.38	227.00	125.00	4.00	1	8	

18	9	137.321	4
1	292.00	173.00	270.52	218.15	50.00	1	18	
2	270.52	218.15	253.81	253.26	38.88	0	
3	253.81	253.26	245.46	270.81	19.44	1	4	
4	245.46	270.81	233.00	297.00	29.00	2	4	9	

18	10	189.676	6
1	292.00	173.00	274.71	174.46	17.35	1	18	
2	274.71	174.46	242.18	177.22	32.65	2	13	18	
3	242.18	177.22	204.18	180.43	38.14	1	13	
4	204.18	180.43	109.98	188.41	94.54	0	
5	109.98	188.41	105.17	188.82	4.82	1	10	
6	105.17	188.82	103.00	189.00	2.18	2	10	15	

18	11	177.341	5
1	292.00	173.00	272.00	167.50	20.74	1	18	
2	272.00	167.50	243.79	159.75	29.26	2	13	18	
3	243.79	159.75	220.93	153.47	23.71	1	13	
4	220.93	153.47	166.32	138.46	56.64	0	
5	166.32	138.46	121.00	126.00	47.00	1	11	

18	12	164.794	5
1	292.00	173.00	275.45	190.28	23.93	1	18	
2	275.45	190.28	257.41	209.11	26.07	2	13	18	
3	257.41	209.11	247.79	219.15	13.90	1	13	
4	247.79	219.15	193.22	276.11	78.89	0	
5	193.22	276.11	178.00	292.00	22.00	1	12	

18	13	53.151	3
1	292.00	173.00	275.22	176.55	17.15	1	18	
2	275.22	176.55	243.08	183.35	32.85	2	13	18	
3	243.08	183.35	240.00	184.00	3.15	1	13	

18	14	59.908	4
1	292.00	173.00	276.00	183.56	19.17	1	18	
2	276.00	183.56	250.27	200.54	30.83	2	13	18	
3	250.27	200.54	243.67	204.90	7.91	1	13	
4	243.67	204.90	242.00	206.00	2.00	2	13	14	

18	15	201.318	7
1	292.00	173.00	274.85	174.97	17.26	1	18	
2	274.85	174.97	242.33	178.71	32.74	2	13	18	
3	242.33	178.71	204.01	183.12	38.57	1	13	
4	204.01	183.12	107.69	194.20	96.95	0	
5	107.69	194.20	106.90	194.29	0.79	1	10	
6	106.90	194.29	99.61	195.12	7.34	2	10	15	
7	99.61	195.12	92.00	196.00	7.66	1	15	

18	16	239.117	5
1	292.00	173.00	275.79	180.11	17.70	1	18	
2	275.79	180.11	246.21	193.07	32.30	2	13	18	
3	246.21	193.07	212.88	207.68	36.38	1	13	
4	212.88	207.68	94.98	259.36	128.73	0	
5	94.98	259.36	73.00	269.00	24.00	1	16	

18	17	74.330	3
1	292.00	173.00	275.18	125.91	50.00	1	18	
2	275.18	125.91	272.38	118.07	8.33	0	
3	272.38	118.07	267.00	103.00	16.00	1	17	

18	18	0	0

18	19	241.197	13
1	292.00	173.00	274.78	174.72	17.30	1	18	
2	274.78	174.72	242.25	177.98	32.70	2	13	18	
3	242.25	177.98	204.07	181.79	38.37	1	13	
4	204.07	181.79	109.63	191.24	94.91	0	
5	109.63	191.24	106.33	191.57	3.32	1	10	
6	106.33	191.57	96.94	192.51	9.44	2	10	15	
7	96.94	192.51	89.65	193.24	7.33	1	15	
8	89.65	193.24	89.27	193.27	0.37	2	5	15	
9	89.27	193.27	82.85	193.92	6.46	3	3	5	15	
10	82.85	193.92	77.08	194.49	5.80	4	3	5	15	19	
11	77.08	194.49	68.02	195.40	9.10	3	3	5	19	
12	68.02	195.40	59.68	196.23	8.38	2	3	19	
13	59.68	196.23	52.00	197.00	7.71	1	19	

18	20	177.485	5
1	292.00	173.00	277.63	125.11	50.00	1	18	
2	277.63	125.11	275.13	116.78	8.70	0	
3	275.13	116.78	266.21	87.02	31.07	1	17	
4	266.21	87.02	253.07	43.23	45.72	0	
5	253.07	43.23	241.00	3.00	42.00	1	20	

19	0	152.532	6
1	52.00	197.00	57.46	194.13	6.17	1	19	
2	57.46	194.13	79.44	182.57	24.83	2	3	19	
3	79.44	182.57	93.44	175.20	15.83	1	3	
4	93.44	175.20	103.82	169.75	11.72	0	
5	103.82	169.75	166.78	136.63	71.14	1	11	
6	166.78	136.63	187.00	126.00	22.84	0	

19	1	143.753	5
1	52.00	197.00	45.96	166.59	31.00	1	19	
2	45.96	166.59	44.40	158.72	8.03	0	
3	44.40	158.72	32.38	98.18	61.73	0	
4	32.38	98.18	32.19	97.25	0.95	0	
5	32.19	97.25	24.00	56.00	42.05	1	1	

19	2	151.400	7
1	52.00	197.00	56.81	193.38	6.02	1	19	
2	56.81	193.38	76.78	178.37	24.98	2	3	19	
3	76.78	178.37	90.35	168.16	16.98	1	3	
4	90.35	168.16	94.65	164.92	5.39	0	
5	94.65	164.92	165.01	112.01	88.03	1	11	
6	165.01	112.01	165.70	111.49	0.87	2	2	11	
7	165.70	111.49	173.00	106.00	9.13	1	2	

19	3	27.019	2
1	52.00	197.00	56.68	193.21	6.02	1	19	
2	56.68	193.21	73.00	180.00	21.00	2	3	19	

19	4	216.529	4
1	52.00	197.00	79.34	211.60	31.00	1	19	
2	79.34	211.60	201.54	276.86	138.53	0	
3	201.54	276.86	208.94	280.81	8.39	1	4	
4	208.94	280.81	243.00	299.00	38.61	2	4	9	

19	5	27.019	4
1	52.00	197.00	60.26	196.69	8.27	1	19	
2	60.26	196.69	68.01	196.41	7.75	2	3	19	
3	68.01	196.41	77.00	196.07	9.00	3	3	5	19	
4	77.00	196.07	79.00	196.00	2.00	4	3	5	15	19	

19	6	194.180	5
1	52.00	197.00	53.63	188.11	9.04	1	19	
2	53.63	188.11	57.59	166.51	21.96	2	3	19	
3	57.59	166.51	57.76	165.55	0.98	1	3	
4	57.76	165.55	83.40	25.67	142.20	0	
5	83.40	25.67	87.00	6.00	20.00	1	6	

19	7	76.844	3
1	52.00	197.00	34.25	171.58	31.00	1	19	
2	34.25	171.58	33.19	170.07	1.84	0	
3	33.19	170.07	8.00	134.00	44.00	1	7	

19	8	189.233	11
1	52.00	197.00	57.89	194.58	6.36	1	19	
2	57.89	194.58	70.08	189.56	13.19	2	3	19	
3	70.08	189.56	80.67	185.21	11.45	3	3	5	19	
4	80.67	185.21	80.80	185.15	0.15	2	3	5	
5	80.80	185.15	82.36	184.51	1.68	1	3	
6	82.36	184.51	90.77	181.05	9.09	2	3	15	
7	90.77	181.05	94.00	179.72	3.50	1	3	
8	94.00	179.72	112.31	172.19	19.80	0	
9	112.31	172.19	159.68	152.70	51.23	1	11	
10	159.68	152.70	223.30	126.52	68.79	0	
11	223.30	126.52	227.00	125.00	4.00	1	8	

19	9	206.787	4
1	52.00	197.00	79.13	211.99	31.00	1	19	
2	79.13	211.99	200.46	279.02	138.61	0	
3	200.46	279.02	207.62	282.98	8.18	1	4	
4	207.62	282.98	233.00	297.00	29.00	2	4	9	

19	10	51.624	8
1	52.00	197.00	59.24	195.86	7.33	1	19	
2	59.24	195.86	68.11	194.47	8.97	2	3	19	
3	68.11	194.47	77.30	193.03	9.30	3	3	5	19	
4	77.30	193.03	82.63	192.20	5.39	4	3	5	15	19	
5	82.63	192.20	88.90	191.21	6.35	3	3	5	15	
6	88.90	191.21	90.96	190.89	2.08	2	3	15	
7	90.96	190.89	96.08	190.08	5.19	1	15	
8	96.08	190.08	103.00	189.00	7.00	2	10	15	

19	11	99.005	5
1	52.00	197.00	56.23	192.64	6.07	1	19	
2	56.23	192.64	73.61	174.77	24.93	2	3	19	
3	73.61	174.77	85.16	162.88	16.58	1	3	
4	85.16	162.88	88.24	159.71	4.43	0	
5	88.24	159.71	121.00	126.00	47.00	1	11	

19	12	157.801	3
1	52.00	197.00	76.75	215.66	31.00	1	19	
2	76.75	215.66	160.43	278.76	104.80	0	
3	160.43	278.76	178.00	292.00	22.00	1	12	

19	13	188.449	11
1	52.00	197.00	59.95	196.45	7.97	1	19	
2	59.95	196.45	68.00	195.89	8.07	2	3	19	
3	68.00	195.89	77.02	195.27	9.04	3	3	5	19	
4	77.02	195.27	82.93	194.86	5.92	4	3	5	15	19	
5	82.93	194.86	88.19	194.50	5.28	3	3	5	15	
6	88.19	194.50	89.88	194.38	1.69	2	5	15	
7	89.88	194.38	97.93	193.82	8.07	1	15	
8	97.93	193.82	106.74	193.21	8.83	2	10	15	
9	106.74	193.21	108.69	193.08	1.95	1	10	
10	108.69	193.08	204.09	186.48	95.63	0	
11	204.09	186.48	240.00	184.00	36.00	1	13	

19	14	190.213	10
1	52.00	197.00	61.30	197.44	9.31	1	19	
2	61.30	197.44	68.14	197.76	6.85	2	3	19	
3	68.14	197.76	77.16	198.19	9.03	3	3	5	19	
4	77.16	198.19	82.97	198.47	5.81	4	3	5	15	19	
5	82.97	198.47	83.00	198.47	0.03	3	3	5	15	
6	83.00	198.47	89.64	198.78	6.65	2	5	15	
7	89.64	198.78	106.57	199.58	16.94	1	15	
8	106.57	199.58	210.41	204.50	103.96	0	
9	210.41	204.50	240.00	205.91	29.63	1	13	
10	240.00	205.91	242.00	206.00	2.00	2	13	14	

19	15	40.012	7
1	52.00	197.00	60.39	196.79	8.39	1	19	
2	60.39	196.79	68.02	196.60	7.63	2	3	19	
3	68.02	196.60	77.00	196.37	8.99	3	3	5	19	
4	77.00	196.37	82.99	196.23	5.99	4	3	5	15	19	
5	82.99	196.23	86.44	196.14	3.45	3	3	5	15	
6	86.44	196.14	90.00	196.05	3.56	2	5	15	
7	90.00	196.05	92.00	196.00	2.00	1	15	

19	16	75.000	3
1	52.00	197.00	60.68	226.76	31.00	1	19	
2	60.68	226.76	66.28	245.96	20.00	0	
3	66.28	245.96	73.00	269.00	24.00	1	16	

19	17	234.651	9
1	52.00	197.00	57.78	194.47	6.31	1	19	
2	57.78	194.47	70.64	188.85	14.03	2	3	19	
3	70.64	188.85	79.43	185.01	9.59	3	3	5	19	
4	79.43	185.01	80.40	184.58	1.07	2	3	19	
5	80.40	184.58	93.96	178.66	14.79	1	3	
6	93.96	178.66	109.92	171.68	17.42	0	
7	109.92	171.68	162.05	148.88	56.90	1	11	
8	162.05	148.88	252.34	109.41	98.54	0	
9	252.34	109.41	267.00	103.00	16.00	1	17	

19	18	241.197	13
1	52.00	197.00	59.68	196.23	7.71	1	19	
2	59.68	196.23	68.02	195.40	8.38	2	3	19	
3	68.02	195.40	77.08	194.49	9.10	3	3	5	19	
4	77.08	194.49	82.85	193.92	5.80	4	3	5	15	19	
5	82.85	193.92	89.27	193.27	6.46	3	3	5	15	
6	89.27	193.27	89.65	193.24	0.37	2	5	15	
7	89.65	193.24	96.94	192.51	7.33	1	15	
8	96.94	192.51	106.33	191.57	9.44	2	10	15	
9	106.33	191.57	109.63	191.24	3.32	1	10	
10	109.63	191.24	204.07	181.79	94.91	0	
11	204.07	181.79	242.25	177.98	38.37	1	13	
12	242.25	177.98	274.78	174.72	32.70	2	13	18	
13	274.78	174.72	292.00	173.00	17.30	1	18	

19	19	0	0

19	20	270.845	7
1	52.00	197.00	56.24	192.65	6.07	1	19	
2	56.24	192.65	73.63	174.80	24.93	2	3	19	
3	73.63	174.80	85.21	162.91	16.59	1	3	
4	85.21	162.91	88.29	159.75	4.42	0	
5	88.29	159.75	153.88	92.42	94.00	1	11	
6	153.88	92.42	211.69	33.08	82.84	0	
7	211.69	33.08	241.00	3.00	42.00	1	20	

20	0	134.332	2
1	241.00	3.00	224.12	41.46	42.00	1	20	
2	224.12	41.46	187.00	126.00	92.33	0	

20	1	223.379	3
1	241.00	3.00	200.20	12.97	42.00	1	20	
2	200.20	12.97	65.77	45.80	138.38	0	
3	65.77	45.80	24.00	56.00	43.00	1	1	

20	2	123.422	3
1	241.00	3.00	217.86	38.05	42.00	1	20	
2	217.86	38.05	178.51	97.65	71.42	0	
3	178.51	97.65	173.00	106.00	10.00	1	2	

20	3	244.035	6
1	241.00	3.00	212.09	33.46	42.00	1	20	
2	212.09	33.46	155.03	93.58	82.88	0	
3	155.03	93.58	90.40	161.67	93.88	1	11	
4	90.40	161.67	87.46	164.77	4.27	0	
5	87.46	164.77	75.76	177.09	16.99	1	3	
6	75.76	177.09	73.00	180.00	4.01	2	3	19	

20	4	296.007	10
1	241.00	3.00	241.28	45.00	42.00	0	
2	241.28	45.00	241.98	148.05	103.05	0	
3	241.98	148.05	242.12	169.47	21.42	1	13	
4	242.12	169.47	242.18	177.21	7.74	1	13	
5	242.18	177.21	242.36	204.03	26.82	1	13	
6	242.36	204.03	242.38	207.97	3.94	1	13	
7	242.38	207.97	242.47	219.91	11.94	1	13	
8	242.47	219.91	242.68	252.00	32.09	0	
9	242.68	252.00	242.80	269.71	17.72	0	
10	242.80	269.71	243.00	299.00	29.29	2	4	9	

20	5	251.978	8
1	241.00	3.00	214.00	35.17	42.00	1	20	
2	214.00	35.17	159.90	99.62	84.15	0	
3	159.90	99.62	101.76	168.88	90.43	1	11	
4	101.76	168.88	93.92	178.22	12.19	0	
5	93.92	178.22	91.59	181.01	3.64	1	3	
6	91.59	181.01	86.07	187.57	8.58	2	3	15	
7	86.07	187.57	82.55	191.76	5.47	3	3	5	15	
8	82.55	191.76	79.00	196.00	5.53	4	3	5	15	19	

20	6	154.029	3
1	241.00	3.00	199.01	3.82	42.00	1	20	
2	199.01	3.82	107.00	5.61	92.03	0	
3	107.00	5.61	87.00	6.00	20.00	1	6	

20	7	267.301	3
1	241.00	3.00	204.39	23.58	42.00	1	20	
2	204.39	23.58	46.35	112.44	181.30	0	
3	46.35	112.44	8.00	134.00	44.00	1	7	

20	8	122.801	3
1	241.00	3.00	236.21	44.73	42.00	1	20	
2	236.21	44.73	227.46	121.03	76.80	0	
3	227.46	121.03	227.00	125.00	4.00	1	8	

20	9	294.109	6
1	241.00	3.00	239.86	44.98	42.00	1	20	
2	239.86	44.98	237.05	148.12	103.18	0	
3	237.05	148.12	235.10	219.67	71.57	0	
4	235.10	219.67	234.20	252.83	33.18	0	
5	234.20	252.83	233.79	268.01	15.19	0	
6	233.79	268.01	233.00	297.00	29.00	2	4	9	

20	10	231.603	8
1	241.00	3.00	215.97	36.73	42.00	1	20	
2	215.97	36.73	171.96	96.05	73.87	0	
3	171.96	96.05	163.93	106.87	13.47	1	2	
4	163.93	106.87	163.18	107.89	1.26	2	2	11	
5	163.18	107.89	115.14	172.63	80.62	1	11	
6	115.14	172.63	107.17	183.38	13.38	0	
7	107.17	183.38	104.24	187.33	4.92	1	10	
8	104.24	187.33	103.00	189.00	2.08	2	10	15	

20	11	171.840	3
1	241.00	3.00	211.67	33.06	42.00	1	20	
2	211.67	33.06	153.82	92.36	82.84	0	
3	153.82	92.36	121.00	126.00	47.00	1	11	

20	12	295.787	3
1	241.00	3.00	232.05	44.04	42.00	1	20	
2	232.05	44.04	182.69	270.50	231.79	0	
3	182.69	270.50	178.00	292.00	22.00	1	12	

20	13	181.003	3
1	241.00	3.00	240.77	44.99	41.99	1	20	
2	240.77	44.99	240.20	148.00	103.01	0	
3	240.20	148.00	240.00	184.00	36.00	0	

20	14	203.002	4
1	241.00	3.00	241.21	45.00	42.00	0	
2	241.21	45.00	241.71	148.04	103.04	0	
3	241.71	148.04	241.99	203.99	55.95	1	13	
4	241.99	203.99	242.00	206.00	2.01	1	13	

20	15	243.824	9
1	241.00	3.00	215.33	36.25	42.00	1	20	
2	215.33	36.25	168.29	97.18	76.98	0	
3	168.29	97.18	163.27	103.68	8.22	1	2	
4	163.27	103.68	162.73	104.38	0.88	0	
5	162.73	104.38	110.65	171.85	85.23	1	11	
6	110.65	171.85	102.81	182.00	12.83	0	
7	102.81	182.00	101.17	184.13	2.68	1	10	
8	101.17	184.13	96.18	190.58	8.16	2	10	15	
9	96.18	190.58	92.00	196.00	6.84	1	15	

20	16	314.611	7
1	241.00	3.00	218.57	38.51	42.00	1	20	
2	218.57	38.51	180.28	99.14	71.71	0	
3	180.28	99.14	169.94	115.52	19.37	1	2	
4	169.94	115.52	167.53	119.34	4.51	0	
5	167.53	119.34	134.97	170.87	60.96	1	11	
6	134.97	170.87	85.82	248.71	92.06	0	
7	85.82	248.71	73.00	269.00	24.00	1	16	

20	17	103.325	3
1	241.00	3.00	251.57	43.65	42.00	1	20	
2	251.57	43.65	262.97	87.52	45.32	0	
3	262.97	87.52	267.00	103.00	16.00	1	17	

20	18	177.485	5
1	241.00	3.00	253.07	43.23	42.00	1	20	
2	253.07	43.23	266.21	87.02	45.72	0	
3	266.21	87.02	275.13	116.78	31.07	1	17	
4	275.13	116.78	277.63	125.11	8.70	0	
5	277.63	125.11	292.00	173.00	50.00	1	18	

20	19	270.845	7
1	241.00	3.00	211.69	33.08	42.00	1	20	
2	211.69	33.08	153.88	92.42	82.84	0	
3	153.88	92.42	88.29	159.75	94.00	1	11	
4	88.29	159.75	85.21	162.91	4.42	0	
5	85.21	162.91	73.63	174.80	16.59	1	3	
6	73.63	174.80	56.24	192.65	24.93	2	3	19	
7	56.24	192.65	52.00	197.00	6.07	1	19	

20	20	0	0