6	39	2	0.001	35.0
239.000	173.000	0.000	8.000	0.000
244.000	127.000	16.000	8.000	14.000
281.000	247.000	3.000	3.000	19.000
218.000	259.000	50.000	2.000	6.000
128.000	184.000	36.000	8.000	18.000
3.000	206.000	18.000	10.000	20.000

0	0	0	0

0	1	46.271	2
1	239.00	173.00	242.27	142.91	30.27	0	
2	242.27	142.91	244.00	127.00	16.00	1	1	

0	2	85.088	2
1	239.00	173.00	279.52	244.39	82.09	0	
2	279.52	244.39	281.00	247.00	3.00	1	2	

0	3	88.527	2
1	239.00	173.00	229.86	210.43	38.53	0	
2	229.86	210.43	218.00	259.00	50.00	1	3	

0	4	111.544	2
1	239.00	173.00	163.82	180.45	75.54	0	
2	163.82	180.45	128.00	184.00	36.00	1	4	

0	5	238.296	4
1	239.00	173.00	164.00	183.49	75.73	0	
2	164.00	183.49	93.24	193.38	71.44	1	4	
3	93.24	193.38	20.83	203.51	73.12	0	
4	20.83	203.51	3.00	206.00	18.00	1	5	

1	0	46.271	2
1	244.00	127.00	242.27	142.91	16.00	1	1	
2	242.27	142.91	239.00	173.00	30.27	0	

1	1	0	0

1	2	125.575	3
1	244.00	127.00	248.71	142.29	16.00	1	1	
2	248.71	142.29	280.12	244.13	106.57	0	
3	280.12	244.13	281.00	247.00	3.00	1	2	

1	3	134.536	3
1	244.00	127.00	240.91	142.70	16.00	1	1	
2	240.91	142.70	227.66	209.94	68.54	0	
3	227.66	209.94	218.00	259.00	50.00	1	3	

1	4	129.248	3
1	244.00	127.00	229.64	134.06	16.00	1	1	
2	229.64	134.06	160.31	168.12	77.25	0	
3	160.31	168.12	128.00	184.00	36.00	1	4	

1	5	253.618	5
1	244.00	127.00	228.80	131.98	16.00	1	1	
2	228.80	131.98	151.99	157.16	80.82	0	
3	151.99	157.16	92.77	176.57	62.32	1	4	
4	92.77	176.57	20.10	200.39	76.47	0	
5	20.10	200.39	3.00	206.00	18.00	1	5	

2	0	85.088	2
1	281.00	247.00	279.52	244.39	3.00	1	2	
2	279.52	244.39	239.00	173.00	82.09	0	

2	1	125.575	3
1	281.00	247.00	280.12	244.13	3.00	1	2	
2	280.12	244.13	248.71	142.29	106.57	0	
3	248.71	142.29	244.00	127.00	16.00	1	1	

2	2	0	0

2	3	64.133	3
1	281.00	247.00	278.05	247.56	3.00	1	2	
2	278.05	247.56	267.12	249.64	11.13	0	
3	267.12	249.64	218.00	259.00	50.00	1	3	

2	4	165.463	5
1	281.00	247.00	278.23	245.86	3.00	1	2	
2	278.23	245.86	264.30	240.12	15.06	0	
3	264.30	240.12	198.42	212.99	71.25	1	3	
4	198.42	212.99	161.29	197.71	40.15	0	
5	161.29	197.71	128.00	184.00	36.00	1	4	

2	5	281.007	5
1	281.00	247.00	278.03	246.56	3.00	1	2	
2	278.03	246.56	265.93	244.78	12.23	0	
3	265.93	244.78	176.21	231.55	90.69	1	3	
4	176.21	231.55	20.81	208.63	157.09	0	
5	20.81	208.63	3.00	206.00	18.00	1	5	

3	0	88.527	2
1	218.00	259.00	229.86	210.43	50.00	1	3	
2	229.86	210.43	239.00	173.00	38.53	0	

3	1	134.536	3
1	218.00	259.00	227.66	209.94	50.00	1	3	
2	227.66	209.94	240.91	142.70	68.54	0	
3	240.91	142.70	244.00	127.00	16.00	1	1	

3	2	64.133	3
1	218.00	259.00	267.12	249.64	50.00	1	3	
2	267.12	249.64	278.05	247.56	11.13	0	
3	278.05	247.56	281.00	247.00	3.00	1	2	

3	3	0	0

3	4	117.154	3
1	218.00	259.00	179.59	226.99	50.00	1	3	
2	179.59	226.99	155.66	207.05	31.15	0	
3	155.66	207.05	128.00	184.00	36.00	1	4	

3	5	221.436	3
1	218.00	259.00	169.45	247.03	50.00	1	3	
2	169.45	247.03	20.48	210.31	153.44	0	
3	20.48	210.31	3.00	206.00	18.00	1	5	

4	0	111.544	2
1	128.00	184.00	163.82	180.45	36.00	1	4	
2	163.82	180.45	239.00	173.00	75.54	0	

4	1	129.248	3
1	128.00	184.00	160.31	168.12	36.00	1	4	
2	160.31	168.12	229.64	134.06	77.25	0	
3	229.64	134.06	244.00	127.00	16.00	1	1	

4	2	165.463	5
1	128.00	184.00	161.29	197.71	36.00	1	4	
2	161.29	197.71	198.42	212.99	40.15	0	
3	198.42	212.99	264.30	240.12	71.25	1	3	
4	264.30	240.12	278.23	245.86	15.06	0	
5	278.23	245.86	281.00	247.00	3.00	1	2	

4	3	117.154	3
1	128.00	184.00	155.66	207.05	36.00	1	4	
2	155.66	207.05	179.59	226.99	31.15	0	
3	179.59	226.99	218.00	259.00	50.00	1	3	

4	4	0	0

4	5	126.921	3
1	128.00	184.00	92.54	190.24	36.00	1	4	
2	92.54	190.24	20.73	202.88	72.92	0	
3	20.73	202.88	3.00	206.00	18.00	1	5	

5	0	238.296	4
1	3.00	206.00	20.83	203.51	18.00	1	5	
2	20.83	203.51	93.24	193.38	73.12	0	
3	93.24	193.38	164.00	183.49	71.44	1	4	
4	164.00	183.49	239.00	173.00	75.73	0	

5	1	253.618	5
1	3.00	206.00	20.10	200.39	18.00	1	5	
2	20.10	200.39	92.77	176.57	76.47	0	
3	92.77	176.57	151.99	157.16	62.32	1	4	
4	151.99	157.16	228.80	131.98	80.82	0	
5	228.80	131.98	244.00	127.00	16.00	1	1	

5	2	281.007	5
1	3.00	206.00	20.81	208.63	18.00	1	5	
2	20.81	208.63	176.21	231.55	157.09	0	
3	176.21	231.55	265.93	244.78	90.69	1	3	
4	265.93	244.78	278.03	246.56	12.23	0	
5	278.03	246.56	281.00	247.00	3.00	1	2	

5	3	221.436	3
1	3.00	206.00	20.48	210.31	18.00	1	5	
2	20.48	210.31	169.45	247.03	153.44	0	
3	169.45	247.03	218.00	259.00	50.00	1	3	

5	4	126.921	3
1	3.00	206.00	20.73	202.88	18.00	1	5	
2	20.73	202.88	92.54	190.24	72.92	0	
3	92.54	190.24	128.00	184.00	36.00	1	4	

5	5	0	0
