6	43	2	0.001	25.0
9.000	154.000	0.000	5.000	0.000
99.000	23.000	4.000	4.000	8.000
241.000	157.000	21.000	10.000	16.000
59.000	27.000	43.000	2.000	18.000
104.000	193.000	46.000	4.000	17.000
46.000	146.000	50.000	6.000	17.000

0	0	0	0

0	1	158.937	4
1	9.00	154.00	48.79	96.08	70.27	1	5	
2	48.79	96.08	67.26	69.20	32.61	0	
3	67.26	69.20	96.73	26.30	52.05	1	3	
4	96.73	26.30	99.00	23.00	4.00	2	1	3	

0	2	232.019	5
1	9.00	154.00	78.23	154.90	69.24	1	5	
2	78.23	154.90	95.16	155.11	16.93	2	4	5	
3	95.16	155.11	130.75	155.57	35.59	1	4	
4	130.75	155.57	220.00	156.73	89.26	0	
5	220.00	156.73	241.00	157.00	21.00	1	2	

0	3	136.488	3
1	9.00	154.00	30.92	98.33	59.83	1	5	
2	30.92	98.33	43.25	67.01	33.66	0	
3	43.25	67.01	59.00	27.00	43.00	1	3	

0	4	102.694	3
1	9.00	154.00	61.45	175.53	56.69	1	5	
2	61.45	175.53	79.63	183.00	19.66	2	4	5	
3	79.63	183.00	104.00	193.00	26.34	1	4	

0	5	37.855	1
1	9.00	154.00	46.00	146.00	37.85	1	5	

1	0	158.937	4
1	99.00	23.00	96.73	26.30	4.00	2	1	3	
2	96.73	26.30	67.26	69.20	52.05	1	3	
3	67.26	69.20	48.79	96.08	32.61	0	
4	48.79	96.08	9.00	154.00	70.27	1	5	

1	1	0	0

1	2	195.243	4
1	99.00	23.00	101.91	25.75	4.00	2	1	3	
2	101.91	25.75	101.98	25.82	0.10	1	3	
3	101.98	25.82	225.73	142.59	170.14	0	
4	225.73	142.59	241.00	157.00	21.00	1	2	

1	3	40.200	2
1	99.00	23.00	95.02	23.40	4.00	2	1	3	
2	95.02	23.40	59.00	27.00	36.20	1	3	

1	4	170.074	4
1	99.00	23.00	99.12	27.00	4.00	2	1	3	
2	99.12	27.00	99.54	41.34	14.34	1	3	
3	99.54	41.34	102.65	147.02	105.73	0	
4	102.65	147.02	104.00	193.00	46.00	0	

1	5	133.933	4
1	99.00	23.00	97.42	26.67	4.00	2	1	3	
2	97.42	26.67	81.48	63.65	40.27	1	3	
3	81.48	63.65	65.79	100.08	39.66	0	
4	65.79	100.08	46.00	146.00	50.00	1	5	

2	0	232.019	5
1	241.00	157.00	220.00	156.73	21.00	1	2	
2	220.00	156.73	130.75	155.57	89.26	0	
3	130.75	155.57	95.16	155.11	35.59	1	4	
4	95.16	155.11	78.23	154.90	16.93	2	4	5	
5	78.23	154.90	9.00	154.00	69.24	1	5	

2	1	195.243	4
1	241.00	157.00	225.73	142.59	21.00	1	2	
2	225.73	142.59	101.98	25.82	170.14	0	
3	101.98	25.82	101.91	25.75	0.10	1	3	
4	101.91	25.75	99.00	23.00	4.00	2	1	3	

2	2	0	0

2	3	223.660	3
1	241.00	157.00	223.91	144.79	21.00	1	2	
2	223.91	144.79	93.99	51.99	159.66	0	
3	93.99	51.99	59.00	27.00	43.00	1	3	

2	4	141.651	3
1	241.00	157.00	220.69	162.34	21.00	1	2	
2	220.69	162.34	148.49	181.31	74.65	0	
3	148.49	181.31	104.00	193.00	46.00	1	4	

2	5	195.310	5
1	241.00	157.00	220.03	155.82	21.00	1	2	
2	220.03	155.82	120.92	150.23	99.27	0	
3	120.92	150.23	95.92	148.82	25.04	1	4	
4	95.92	148.82	91.99	148.59	3.93	2	4	5	
5	91.99	148.59	46.00	146.00	46.07	1	5	

3	0	136.488	3
1	59.00	27.00	43.25	67.01	43.00	1	3	
2	43.25	67.01	30.92	98.33	33.66	0	
3	30.92	98.33	9.00	154.00	59.83	1	5	

3	1	40.200	2
1	59.00	27.00	95.02	23.40	36.20	1	3	
2	95.02	23.40	99.00	23.00	4.00	2	1	3	

3	2	223.660	3
1	59.00	27.00	93.99	51.99	43.00	1	3	
2	93.99	51.99	223.91	144.79	159.66	0	
3	223.91	144.79	241.00	157.00	21.00	1	2	

3	3	0	0

3	4	171.991	5
1	59.00	27.00	70.25	68.50	43.00	1	3	
2	70.25	68.50	81.80	111.09	44.13	0	
3	81.80	111.09	91.96	148.60	38.87	1	5	
4	91.96	148.60	94.53	158.05	9.79	2	4	5	
5	94.53	158.05	104.00	193.00	36.21	1	4	

3	5	119.708	3
1	59.00	27.00	54.33	69.75	43.00	1	3	
2	54.33	69.75	51.43	96.30	26.71	0	
3	51.43	96.30	46.00	146.00	50.00	0	

4	0	102.694	3
1	104.00	193.00	79.63	183.00	26.34	1	4	
2	79.63	183.00	61.45	175.53	19.66	2	4	5	
3	61.45	175.53	9.00	154.00	56.69	1	5	

4	1	170.074	4
1	104.00	193.00	102.65	147.02	46.00	0	
2	102.65	147.02	99.54	41.34	105.73	0	
3	99.54	41.34	99.12	27.00	14.34	1	3	
4	99.12	27.00	99.00	23.00	4.00	2	1	3	

4	2	141.651	3
1	104.00	193.00	148.49	181.31	46.00	1	4	
2	148.49	181.31	220.69	162.34	74.65	0	
3	220.69	162.34	241.00	157.00	21.00	1	2	

4	3	171.991	5
1	104.00	193.00	94.53	158.05	36.21	1	4	
2	94.53	158.05	91.96	148.60	9.79	2	4	5	
3	91.96	148.60	81.80	111.09	38.87	1	5	
4	81.80	111.09	70.25	68.50	44.13	0	
5	70.25	68.50	59.00	27.00	43.00	1	3	

4	4	0	0

4	5	74.653	3
1	104.00	193.00	84.85	177.48	24.65	1	4	
2	84.85	177.48	68.26	164.04	21.35	2	4	5	
3	68.26	164.04	46.00	146.00	28.65	1	5	

5	0	37.855	1
1	46.00	146.00	9.00	154.00	37.85	1	5	

5	1	133.933	4
1	46.00	146.00	65.79	100.08	50.00	1	5	
2	65.79	100.08	81.48	63.65	39.66	0	
3	81.48	63.65	97.42	26.67	40.27	1	3	
4	97.42	26.67	99.00	23.00	4.00	2	1	3	

5	2	195.310	5
1	46.00	146.00	91.99	148.59	46.07	1	5	
2	91.99	148.59	95.92	148.82	3.93	2	4	5	
3	95.92	148.82	120.92	150.23	25.04	1	4	
4	120.92	150.23	220.03	155.82	99.27	0	
5	220.03	155.82	241.00	157.00	21.00	1	2	

5	3	119.708	3
1	46.00	146.00	51.43	96.30	50.00	0	
2	51.43	96.30	54.33	69.75	26.71	0	
3	54.33	69.75	59.00	27.00	43.00	1	3	

5	4	74.653	3
1	46.00	146.00	68.26	164.04	28.65	1	5	
2	68.26	164.04	84.85	177.48	21.35	2	4	5	
3	84.85	177.48	104.00	193.00	24.65	1	4	

5	5	0	0
