6	39	2	0.001	25.0
252.000	270.000	0.000	4.000	0.000
95.000	19.000	10.000	2.000	20.000
197.000	104.000	16.000	2.000	14.000
204.000	87.000	13.000	5.000	6.000
248.000	192.000	35.000	4.000	14.000
93.000	73.000	26.000	7.000	8.000

0	0	0	0

0	1	296.057	2
1	252.00	270.00	100.30	27.48	286.06	0	
2	100.30	27.48	95.00	19.00	10.00	1	1	

0	2	174.874	4
1	252.00	270.00	237.19	225.29	47.10	0	
2	237.19	225.29	219.45	171.76	56.39	1	4	
3	219.45	171.76	202.03	119.19	55.38	0	
4	202.03	119.19	197.00	104.00	16.00	1	2	

0	3	189.190	6
1	252.00	270.00	240.51	226.19	45.29	0	
2	240.51	226.19	224.69	165.89	62.34	1	4	
3	224.69	165.89	210.65	112.35	55.35	0	
4	210.65	112.35	207.30	99.57	13.21	1	2	
5	207.30	99.57	204.79	90.03	9.87	2	2	3	
6	204.79	90.03	204.00	87.00	3.13	1	3	

0	4	78.102	2
1	252.00	270.00	249.79	226.95	43.10	0	
2	249.79	226.95	248.00	192.00	35.00	1	4	

0	5	253.160	2
1	252.00	270.00	109.33	93.23	227.16	0	
2	109.33	93.23	93.00	73.00	26.00	1	5	

1	0	296.057	2
1	95.00	19.00	100.30	27.48	10.00	1	1	
2	100.30	27.48	252.00	270.00	286.06	0	

1	1	0	0

1	2	132.774	3
1	95.00	19.00	102.68	25.40	10.00	1	1	
2	102.68	25.40	184.71	93.76	106.77	0	
3	184.71	93.76	197.00	104.00	16.00	1	2	

1	3	128.472	3
1	95.00	19.00	103.48	24.29	10.00	1	1	
2	103.48	24.29	192.97	80.12	105.47	0	
3	192.97	80.12	204.00	87.00	13.00	1	3	

1	4	230.950	3
1	95.00	19.00	101.62	26.49	10.00	1	1	
2	101.62	26.49	224.81	165.78	185.95	0	
3	224.81	165.78	248.00	192.00	35.00	1	4	

1	5	54.037	3
1	95.00	19.00	94.63	28.99	10.00	1	1	
2	94.63	28.99	93.96	47.02	18.04	0	
3	93.96	47.02	93.00	73.00	26.00	1	5	

2	0	174.874	4
1	197.00	104.00	202.03	119.19	16.00	1	2	
2	202.03	119.19	219.45	171.76	55.38	0	
3	219.45	171.76	237.19	225.29	56.39	1	4	
4	237.19	225.29	252.00	270.00	47.10	0	

2	1	132.774	3
1	197.00	104.00	184.71	93.76	16.00	1	2	
2	184.71	93.76	102.68	25.40	106.77	0	
3	102.68	25.40	95.00	19.00	10.00	1	1	

2	2	0	0

2	3	18.385	3
1	197.00	104.00	199.05	99.02	5.38	1	2	
2	199.05	99.02	203.09	89.21	10.62	2	2	3	
3	203.09	89.21	204.00	87.00	2.38	1	3	

2	4	101.710	3
1	197.00	104.00	205.02	117.84	16.00	1	2	
2	205.02	117.84	230.45	161.72	50.71	0	
3	230.45	161.72	248.00	192.00	35.00	1	4	

2	5	108.522	3
1	197.00	104.00	181.67	99.43	16.00	1	2	
2	181.67	99.43	117.92	80.43	66.52	0	
3	117.92	80.43	93.00	73.00	26.00	1	5	

3	0	189.190	6
1	204.00	87.00	204.79	90.03	3.13	1	3	
2	204.79	90.03	207.30	99.57	9.87	2	2	3	
3	207.30	99.57	210.65	112.35	13.21	1	2	
4	210.65	112.35	224.69	165.89	55.35	0	
5	224.69	165.89	240.51	226.19	62.34	1	4	
6	240.51	226.19	252.00	270.00	45.29	0	

3	1	128.472	3
1	204.00	87.00	192.97	80.12	13.00	1	3	
2	192.97	80.12	103.48	24.29	105.47	0	
3	103.48	24.29	95.00	19.00	10.00	1	1	

3	2	18.385	3
1	204.00	87.00	203.09	89.21	2.38	1	3	
2	203.09	89.21	199.05	99.02	10.62	2	2	3	
3	199.05	99.02	197.00	104.00	5.38	1	2	

3	3	0	0

3	4	113.846	5
1	204.00	87.00	205.42	90.40	3.68	1	3	
2	205.42	90.40	209.02	98.99	9.32	2	2	3	
3	209.02	98.99	212.60	107.53	9.26	1	2	
4	212.60	107.53	234.47	159.72	56.58	0	
5	234.47	159.72	248.00	192.00	35.00	1	4	

3	5	111.879	3
1	204.00	87.00	191.10	85.37	13.00	1	3	
2	191.10	85.37	118.80	76.25	72.88	0	
3	118.80	76.25	93.00	73.00	26.00	1	5	

4	0	78.102	2
1	248.00	192.00	249.79	226.95	35.00	1	4	
2	249.79	226.95	252.00	270.00	43.10	0	

4	1	230.950	3
1	248.00	192.00	224.81	165.78	35.00	1	4	
2	224.81	165.78	101.62	26.49	185.95	0	
3	101.62	26.49	95.00	19.00	10.00	1	1	

4	2	101.710	3
1	248.00	192.00	230.45	161.72	35.00	1	4	
2	230.45	161.72	205.02	117.84	50.71	0	
3	205.02	117.84	197.00	104.00	16.00	1	2	

4	3	113.846	5
1	248.00	192.00	234.47	159.72	35.00	1	4	
2	234.47	159.72	212.60	107.53	56.58	0	
3	212.60	107.53	209.02	98.99	9.26	1	2	
4	209.02	98.99	205.42	90.40	9.32	2	2	3	
5	205.42	90.40	204.00	87.00	3.68	1	3	

4	4	0	0

4	5	195.412	3
1	248.00	192.00	220.24	170.69	35.00	1	4	
2	220.24	170.69	113.62	88.83	134.41	0	
3	113.62	88.83	93.00	73.00	26.00	1	5	

5	0	253.160	2
1	93.00	73.00	109.33	93.23	26.00	1	5	
2	109.33	93.23	252.00	270.00	227.16	0	

5	1	54.037	3
1	93.00	73.00	93.96	47.02	26.00	1	5	
2	93.96	47.02	94.63	28.99	18.04	0	
3	94.63	28.99	95.00	19.00	10.00	1	1	

5	2	108.522	3
1	93.00	73.00	117.92	80.43	26.00	1	5	
2	117.92	80.43	181.67	99.43	66.52	0	
3	181.67	99.43	197.00	104.00	16.00	1	2	

5	3	111.879	3
1	93.00	73.00	118.80	76.25	26.00	1	5	
2	118.80	76.25	191.10	85.37	72.88	0	
3	191.10	85.37	204.00	87.00	13.00	1	3	

5	4	195.412	3
1	93.00	73.00	113.62	88.83	26.00	1	5	
2	113.62	88.83	220.24	170.69	134.41	0	
3	220.24	170.69	248.00	192.00	35.00	1	4	

5	5	0	0
