6	35	2	0.001	25.0
25.000	177.000	0.000	6.000	0.000
27.000	87.000	5.000	4.000	15.000
113.000	134.000	14.000	7.000	12.000
53.000	56.000	14.000	3.000	17.000
298.000	37.000	26.000	2.000	8.000
253.000	101.000	30.000	4.000	6.000

0	0	0	0

0	1	90.022	2
1	25.00	177.00	26.89	92.00	85.02	0	
2	26.89	92.00	27.00	87.00	5.00	1	1	

0	2	97.944	2
1	25.00	177.00	100.42	140.15	83.94	0	
2	100.42	140.15	113.00	134.00	14.00	1	2	

0	3	124.197	2
1	25.00	177.00	49.84	69.64	110.20	0	
2	49.84	69.64	53.00	56.00	14.00	1	3	

0	4	306.804	4
1	25.00	177.00	99.79	138.64	84.05	0	
2	99.79	138.64	124.48	125.99	27.74	1	2	
3	124.48	125.99	274.86	48.86	169.01	0	
4	274.86	48.86	298.00	37.00	26.00	1	4	

0	5	240.333	4
1	25.00	177.00	112.09	147.97	91.80	0	
2	112.09	147.97	122.11	144.63	10.56	1	2	
3	122.11	144.63	224.54	110.49	107.97	0	
4	224.54	110.49	253.00	101.00	30.00	1	5	

1	0	90.022	2
1	27.00	87.00	26.89	92.00	5.00	1	1	
2	26.89	92.00	25.00	177.00	85.02	0	

1	1	0	0

1	2	98.005	3
1	27.00	87.00	31.39	89.40	5.00	1	1	
2	31.39	89.40	100.71	127.29	79.01	0	
3	100.71	127.29	113.00	134.00	14.00	1	2	

1	3	40.460	3
1	27.00	87.00	30.21	83.17	5.00	1	1	
2	30.21	83.17	44.00	66.73	21.46	0	
3	44.00	66.73	53.00	56.00	14.00	1	3	

1	4	275.574	3
1	27.00	87.00	31.92	86.09	5.00	1	1	
2	31.92	86.09	272.43	41.72	244.57	0	
3	272.43	41.72	298.00	37.00	26.00	1	4	

1	5	226.433	3
1	27.00	87.00	31.99	87.31	5.00	1	1	
2	31.99	87.31	223.06	99.15	191.43	0	
3	223.06	99.15	253.00	101.00	30.00	1	5	

2	0	97.944	2
1	113.00	134.00	100.42	140.15	14.00	1	2	
2	100.42	140.15	25.00	177.00	83.94	0	

2	1	98.005	3
1	113.00	134.00	100.71	127.29	14.00	1	2	
2	100.71	127.29	31.39	89.40	79.01	0	
3	31.39	89.40	27.00	87.00	5.00	1	1	

2	2	0	0

2	3	98.407	3
1	113.00	134.00	104.46	122.90	14.00	1	2	
2	104.46	122.90	61.54	67.10	70.41	0	
3	61.54	67.10	53.00	56.00	14.00	1	3	

2	4	208.888	3
1	113.00	134.00	125.40	127.50	14.00	1	2	
2	125.40	127.50	274.97	49.07	168.89	0	
3	274.97	49.07	298.00	37.00	26.00	1	4	

2	5	143.837	3
1	113.00	134.00	126.63	130.79	14.00	1	2	
2	126.63	130.79	223.80	107.88	99.84	0	
3	223.80	107.88	253.00	101.00	30.00	1	5	

3	0	124.197	2
1	53.00	56.00	49.84	69.64	14.00	1	3	
2	49.84	69.64	25.00	177.00	110.20	0	

3	1	40.460	3
1	53.00	56.00	44.00	66.73	14.00	1	3	
2	44.00	66.73	30.21	83.17	21.46	0	
3	30.21	83.17	27.00	87.00	5.00	1	1	

3	2	98.407	3
1	53.00	56.00	61.54	67.10	14.00	1	3	
2	61.54	67.10	104.46	122.90	70.41	0	
3	104.46	122.90	113.00	134.00	14.00	1	2	

3	3	0	0

3	4	245.736	3
1	53.00	56.00	66.96	54.92	14.00	1	3	
2	66.96	54.92	272.08	39.01	205.74	0	
3	272.08	39.01	298.00	37.00	26.00	1	4	

3	5	205.000	3
1	53.00	56.00	66.66	59.07	14.00	1	3	
2	66.66	59.07	223.73	94.41	161.00	0	
3	223.73	94.41	253.00	101.00	30.00	1	5	

4	0	306.804	4
1	298.00	37.00	274.86	48.86	26.00	1	4	
2	274.86	48.86	124.48	125.99	169.01	0	
3	124.48	125.99	99.79	138.64	27.74	1	2	
4	99.79	138.64	25.00	177.00	84.05	0	

4	1	275.574	3
1	298.00	37.00	272.43	41.72	26.00	1	4	
2	272.43	41.72	31.92	86.09	244.57	0	
3	31.92	86.09	27.00	87.00	5.00	1	1	

4	2	208.888	3
1	298.00	37.00	274.97	49.07	26.00	1	4	
2	274.97	49.07	125.40	127.50	168.89	0	
3	125.40	127.50	113.00	134.00	14.00	1	2	

4	3	245.736	3
1	298.00	37.00	272.08	39.01	26.00	1	4	
2	272.08	39.01	66.96	54.92	205.74	0	
3	66.96	54.92	53.00	56.00	14.00	1	3	

4	4	0	0

4	5	78.237	3
1	298.00	37.00	283.05	58.27	26.00	1	4	
2	283.05	58.27	270.26	76.46	22.24	0	
3	270.26	76.46	253.00	101.00	30.00	1	5	

5	0	240.333	4
1	253.00	101.00	224.54	110.49	30.00	1	5	
2	224.54	110.49	122.11	144.63	107.97	0	
3	122.11	144.63	112.09	147.97	10.56	1	2	
4	112.09	147.97	25.00	177.00	91.80	0	

5	1	226.433	3
1	253.00	101.00	223.06	99.15	30.00	1	5	
2	223.06	99.15	31.99	87.31	191.43	0	
3	31.99	87.31	27.00	87.00	5.00	1	1	

5	2	143.837	3
1	253.00	101.00	223.80	107.88	30.00	1	5	
2	223.80	107.88	126.63	130.79	99.84	0	
3	126.63	130.79	113.00	134.00	14.00	1	2	

5	3	205.000	3
1	253.00	101.00	223.73	94.41	30.00	1	5	
2	223.73	94.41	66.66	59.07	161.00	0	
3	66.66	59.07	53.00	56.00	14.00	1	3	

5	4	78.237	3
1	253.00	101.00	270.26	76.46	30.00	1	5	
2	270.26	76.46	283.05	58.27	22.24	0	
3	283.05	58.27	298.00	37.00	26.00	1	4	

5	5	0	0
