6	35	2	0.001	20.0
179.000	141.000	0.000	5.000	0.000
145.000	288.000	6.000	2.000	7.000
264.000	287.000	24.000	5.000	17.000
151.000	167.000	26.000	2.000	17.000
0.000	56.000	17.000	3.000	3.000
267.000	134.000	14.000	6.000	17.000

0	0	0	0

0	1	150.881	4
1	179.00	141.00	175.19	157.47	16.90	0	
2	175.19	157.47	168.55	186.18	29.47	1	3	
3	168.55	186.18	146.35	282.15	98.50	0	
4	146.35	282.15	145.00	288.00	6.00	1	1	

0	2	168.941	2
1	179.00	141.00	251.92	266.26	144.94	0	
2	251.92	266.26	264.00	287.00	24.00	1	2	

0	3	38.210	2
1	179.00	141.00	170.05	149.31	12.21	0	
2	170.05	149.31	151.00	167.00	26.00	1	3	

0	4	198.157	2
1	179.00	141.00	15.36	63.29	181.16	0	
2	15.36	63.29	0.00	56.00	17.00	1	4	

0	5	88.278	2
1	179.00	141.00	253.04	135.11	74.28	0	
2	253.04	135.11	267.00	134.00	14.00	1	5	

1	0	150.881	4
1	145.00	288.00	146.35	282.15	6.00	1	1	
2	146.35	282.15	168.55	186.18	98.50	0	
3	168.55	186.18	175.19	157.47	29.47	1	3	
4	175.19	157.47	179.00	141.00	16.90	0	

1	1	0	0

1	2	119.004	3
1	145.00	288.00	151.00	287.95	6.00	1	1	
2	151.00	287.95	240.00	287.20	89.00	0	
3	240.00	287.20	264.00	287.00	24.00	1	2	

1	3	121.149	3
1	145.00	288.00	145.30	282.01	6.00	0	
2	145.30	282.01	149.71	192.97	89.15	0	
3	149.71	192.97	151.00	167.00	26.00	0	

1	4	273.585	3
1	145.00	288.00	141.82	282.91	6.00	1	1	
2	141.82	282.91	9.01	70.42	250.59	0	
3	9.01	70.42	0.00	56.00	17.00	1	4	

1	5	196.469	3
1	145.00	288.00	148.73	283.30	6.00	1	1	
2	148.73	283.30	258.31	144.97	176.47	0	
3	258.31	144.97	267.00	134.00	14.00	1	5	

2	0	168.941	2
1	264.00	287.00	251.92	266.26	24.00	1	2	
2	251.92	266.26	179.00	141.00	144.94	0	

2	1	119.004	3
1	264.00	287.00	240.00	287.20	24.00	1	2	
2	240.00	287.20	151.00	287.95	89.00	0	
3	151.00	287.95	145.00	288.00	6.00	1	1	

2	2	0	0

2	3	164.830	3
1	264.00	287.00	247.55	269.53	24.00	1	2	
2	247.55	269.53	168.82	185.93	114.83	0	
3	168.82	185.93	151.00	167.00	26.00	1	3	

2	4	350.795	5
1	264.00	287.00	245.94	271.20	24.00	1	2	
2	245.94	271.20	156.01	192.51	119.49	0	
3	156.01	192.51	125.05	165.42	41.15	1	3	
4	125.05	165.42	12.79	67.19	149.16	0	
5	12.79	67.19	0.00	56.00	17.00	1	4	

2	5	153.029	3
1	264.00	287.00	264.47	263.00	24.00	1	2	
2	264.47	263.00	266.73	148.00	115.03	0	
3	266.73	148.00	267.00	134.00	14.00	0	

3	0	38.210	2
1	151.00	167.00	170.05	149.31	26.00	1	3	
2	170.05	149.31	179.00	141.00	12.21	0	

3	1	121.149	3
1	151.00	167.00	149.71	192.97	26.00	0	
2	149.71	192.97	145.30	282.01	89.15	0	
3	145.30	282.01	145.00	288.00	6.00	0	

3	2	164.830	3
1	151.00	167.00	168.82	185.93	26.00	1	3	
2	168.82	185.93	247.55	269.53	114.83	0	
3	247.55	269.53	264.00	287.00	24.00	1	2	

3	3	0	0

3	4	187.409	3
1	151.00	167.00	130.05	151.60	26.00	1	3	
2	130.05	151.60	13.70	66.07	144.41	0	
3	13.70	66.07	0.00	56.00	17.00	1	4	

3	5	120.603	3
1	151.00	167.00	176.01	159.89	26.00	1	3	
2	176.01	159.89	253.53	137.83	80.60	0	
3	253.53	137.83	267.00	134.00	14.00	1	5	

4	0	198.157	2
1	0.00	56.00	15.36	63.29	17.00	1	4	
2	15.36	63.29	179.00	141.00	181.16	0	

4	1	273.585	3
1	0.00	56.00	9.01	70.42	17.00	1	4	
2	9.01	70.42	141.82	282.91	250.59	0	
3	141.82	282.91	145.00	288.00	6.00	1	1	

4	2	350.795	5
1	0.00	56.00	12.79	67.19	17.00	1	4	
2	12.79	67.19	125.05	165.42	149.16	0	
3	125.05	165.42	156.01	192.51	41.15	1	3	
4	156.01	192.51	245.94	271.20	119.49	0	
5	245.94	271.20	264.00	287.00	24.00	1	2	

4	3	187.409	3
1	0.00	56.00	13.70	66.07	17.00	1	4	
2	13.70	66.07	130.05	151.60	144.41	0	
3	130.05	151.60	151.00	167.00	26.00	1	3	

4	4	0	0

4	5	278.160	3
1	0.00	56.00	16.32	60.77	17.00	1	4	
2	16.32	60.77	253.56	130.07	247.16	0	
3	253.56	130.07	267.00	134.00	14.00	1	5	

5	0	88.278	2
1	267.00	134.00	253.04	135.11	14.00	1	5	
2	253.04	135.11	179.00	141.00	74.28	0	

5	1	196.469	3
1	267.00	134.00	258.31	144.97	14.00	1	5	
2	258.31	144.97	148.73	283.30	176.47	0	
3	148.73	283.30	145.00	288.00	6.00	1	1	

5	2	153.029	3
1	267.00	134.00	266.73	148.00	14.00	0	
2	266.73	148.00	264.47	263.00	115.03	0	
3	264.47	263.00	264.00	287.00	24.00	1	2	

5	3	120.603	3
1	267.00	134.00	253.53	137.83	14.00	1	5	
2	253.53	137.83	176.01	159.89	80.60	0	
3	176.01	159.89	151.00	167.00	26.00	1	3	

5	4	278.160	3
1	267.00	134.00	253.56	130.07	14.00	1	5	
2	253.56	130.07	16.32	60.77	247.16	0	
3	16.32	60.77	0.00	56.00	17.00	1	4	

5	5	0	0
