6	43	2	0.001	70.0
132.000	208.000	0.000	2.000	0.000
21.000	103.000	22.000	10.000	9.000
2.000	222.000	37.000	9.000	12.000
128.000	110.000	9.000	8.000	16.000
259.000	128.000	27.000	9.000	4.000
79.000	101.000	47.000	5.000	18.000

0	0	0	0

0	1	152.794	4
1	132.00	208.00	66.90	146.41	89.62	0	
2	66.90	146.41	36.98	118.12	41.18	1	5	
3	36.98	118.12	34.33	115.61	3.65	2	1	5	
4	34.33	115.61	21.00	103.00	18.35	1	1	

0	2	130.752	2
1	132.00	208.00	38.79	218.04	93.75	0	
2	38.79	218.04	2.00	222.00	37.00	1	2	

0	3	98.082	2
1	132.00	208.00	128.37	118.99	89.08	0	
2	128.37	118.99	128.00	110.00	9.00	1	3	

0	4	150.097	2
1	132.00	208.00	236.15	142.39	123.10	0	
2	236.15	142.39	259.00	128.00	27.00	1	4	

0	5	119.407	2
1	132.00	208.00	99.86	143.12	72.41	0	
2	99.86	143.12	79.00	101.00	47.00	1	5	

1	0	152.794	4
1	21.00	103.00	34.33	115.61	18.35	1	1	
2	34.33	115.61	36.98	118.12	3.65	2	1	5	
3	36.98	118.12	66.90	146.41	41.18	1	5	
4	66.90	146.41	132.00	208.00	89.62	0	

1	1	0	0

1	2	120.507	3
1	21.00	103.00	17.53	124.72	22.00	1	1	
2	17.53	124.72	7.83	185.46	61.51	0	
3	7.83	185.46	2.00	222.00	37.00	0	

1	3	107.229	5
1	21.00	103.00	32.08	103.72	11.10	1	1	
2	32.08	103.72	42.95	104.44	10.90	2	1	5	
3	42.95	104.44	119.02	109.41	76.23	1	5	
4	119.02	109.41	125.17	109.81	6.16	2	3	5	
5	125.17	109.81	128.00	110.00	2.84	1	3	

1	4	239.309	7
1	21.00	103.00	32.11	104.17	11.17	1	1	
2	32.11	104.17	42.88	105.30	10.83	2	1	5	
3	42.88	105.30	119.65	113.36	77.19	1	5	
4	119.65	113.36	124.21	113.84	4.58	2	3	5	
5	124.21	113.84	135.47	115.02	11.32	1	3	
6	135.47	115.02	232.15	125.18	97.21	0	
7	232.15	125.18	259.00	128.00	27.00	1	4	

1	5	58.034	3
1	21.00	103.00	32.03	102.62	11.03	1	1	
2	32.03	102.62	42.99	102.24	10.97	2	1	5	
3	42.99	102.24	79.00	101.00	36.03	1	5	

2	0	130.752	2
1	2.00	222.00	38.79	218.04	37.00	1	2	
2	38.79	218.04	132.00	208.00	93.75	0	

2	1	120.507	3
1	2.00	222.00	7.83	185.46	37.00	0	
2	7.83	185.46	17.53	124.72	61.51	0	
3	17.53	124.72	21.00	103.00	22.00	1	1	

2	2	0	0

2	3	168.582	5
1	2.00	222.00	29.65	197.42	37.00	1	2	
2	29.65	197.42	85.81	147.50	75.13	0	
3	85.81	147.50	121.27	115.98	47.45	1	5	
4	121.27	115.98	124.39	113.21	4.16	2	3	5	
5	124.39	113.21	128.00	110.00	4.84	1	3	

2	4	273.651	3
1	2.00	222.00	36.75	209.29	37.00	1	2	
2	36.75	209.29	233.64	137.27	209.65	0	
3	233.64	137.27	259.00	128.00	27.00	1	4	

2	5	143.422	3
1	2.00	222.00	21.86	190.78	37.00	1	2	
2	21.86	190.78	53.77	140.65	59.42	0	
3	53.77	140.65	79.00	101.00	47.00	1	5	

3	0	98.082	2
1	128.00	110.00	128.37	118.99	9.00	1	3	
2	128.37	118.99	132.00	208.00	89.08	0	

3	1	107.229	5
1	128.00	110.00	125.17	109.81	2.84	1	3	
2	125.17	109.81	119.02	109.41	6.16	2	3	5	
3	119.02	109.41	42.95	104.44	76.23	1	5	
4	42.95	104.44	32.08	103.72	10.90	2	1	5	
5	32.08	103.72	21.00	103.00	11.10	1	1	

3	2	168.582	5
1	128.00	110.00	124.39	113.21	4.84	1	3	
2	124.39	113.21	121.27	115.98	4.16	2	3	5	
3	121.27	115.98	85.81	147.50	47.45	1	5	
4	85.81	147.50	29.65	197.42	75.13	0	
5	29.65	197.42	2.00	222.00	37.00	1	2	

3	3	0	0

3	4	132.231	3
1	128.00	110.00	136.92	111.23	9.00	1	3	
2	136.92	111.23	232.25	124.32	96.23	0	
3	232.25	124.32	259.00	128.00	27.00	1	4	

3	5	49.820	3
1	128.00	110.00	125.23	109.49	2.82	1	3	
2	125.23	109.49	119.15	108.37	6.18	2	3	5	
3	119.15	108.37	79.00	101.00	40.82	1	5	

4	0	150.097	2
1	259.00	128.00	236.15	142.39	27.00	1	4	
2	236.15	142.39	132.00	208.00	123.10	0	

4	1	239.309	7
1	259.00	128.00	232.15	125.18	27.00	1	4	
2	232.15	125.18	135.47	115.02	97.21	0	
3	135.47	115.02	124.21	113.84	11.32	1	3	
4	124.21	113.84	119.65	113.36	4.58	2	3	5	
5	119.65	113.36	42.88	105.30	77.19	1	5	
6	42.88	105.30	32.11	104.17	10.83	2	1	5	
7	32.11	104.17	21.00	103.00	11.17	1	1	

4	2	273.651	3
1	259.00	128.00	233.64	137.27	27.00	1	4	
2	233.64	137.27	36.75	209.29	209.65	0	
3	36.75	209.29	2.00	222.00	37.00	1	2	

4	3	132.231	3
1	259.00	128.00	232.25	124.32	27.00	1	4	
2	232.25	124.32	136.92	111.23	96.23	0	
3	136.92	111.23	128.00	110.00	9.00	1	3	

4	4	0	0

4	5	182.014	5
1	259.00	128.00	232.30	123.99	27.00	1	4	
2	232.30	123.99	137.00	109.70	96.37	0	
3	137.00	109.70	125.48	107.97	11.64	1	3	
4	125.48	107.97	119.49	107.07	6.06	2	3	5	
5	119.49	107.07	79.00	101.00	40.94	1	5	

5	0	119.407	2
1	79.00	101.00	99.86	143.12	47.00	1	5	
2	99.86	143.12	132.00	208.00	72.41	0	

5	1	58.034	3
1	79.00	101.00	42.99	102.24	36.03	1	5	
2	42.99	102.24	32.03	102.62	10.97	2	1	5	
3	32.03	102.62	21.00	103.00	11.03	1	1	

5	2	143.422	3
1	79.00	101.00	53.77	140.65	47.00	1	5	
2	53.77	140.65	21.86	190.78	59.42	0	
3	21.86	190.78	2.00	222.00	37.00	1	2	

5	3	49.820	3
1	79.00	101.00	119.15	108.37	40.82	1	5	
2	119.15	108.37	125.23	109.49	6.18	2	3	5	
3	125.23	109.49	128.00	110.00	2.82	1	3	

5	4	182.014	5
1	79.00	101.00	119.49	107.07	40.94	1	5	
2	119.49	107.07	125.48	107.97	6.06	2	3	5	
3	125.48	107.97	137.00	109.70	11.64	1	3	
4	137.00	109.70	232.30	123.99	96.37	0	
5	232.30	123.99	259.00	128.00	27.00	1	4	

5	5	0	0
