6	40	2	0.001	120.0
273.000	208.000	0.000	6.000	0.000
142.000	101.000	30.000	4.000	2.000
175.000	171.000	5.000	7.000	15.000
118.000	209.000	36.000	3.000	6.000
161.000	186.000	38.000	10.000	2.000
0.000	79.000	15.000	5.000	14.000

0	0	0	0

0	1	169.145	2
1	273.00	208.00	165.23	119.98	139.14	0	
2	165.23	119.98	142.00	101.00	30.00	1	1	

0	2	104.752	3
1	273.00	208.00	198.50	179.87	79.63	0	
2	198.50	179.87	179.68	172.77	20.12	1	4	
3	179.68	172.77	175.00	171.00	5.00	2	2	4	

0	3	155.003	4
1	273.00	208.00	191.60	208.53	81.40	0	
2	191.60	208.53	154.00	208.77	37.61	1	4	
3	154.00	208.77	130.69	208.92	23.31	2	3	4	
4	130.69	208.92	118.00	209.00	12.69	1	3	

0	4	114.140	2
1	273.00	208.00	198.29	193.32	76.14	0	
2	198.29	193.32	161.00	186.00	38.00	1	4	

0	5	301.944	4
1	273.00	208.00	196.21	171.72	84.93	0	
2	196.21	171.72	149.68	149.73	51.47	1	4	
3	149.68	149.73	13.56	85.41	150.55	0	
4	13.56	85.41	0.00	79.00	15.00	1	5	

1	0	169.145	2
1	142.00	101.00	165.23	119.98	30.00	1	1	
2	165.23	119.98	273.00	208.00	139.14	0	

1	1	0	0

1	2	77.389	4
1	142.00	101.00	154.79	128.14	30.00	1	1	
2	154.79	128.14	164.22	148.14	22.11	0	
3	164.22	148.14	172.87	166.48	20.28	1	4	
4	172.87	166.48	175.00	171.00	5.00	2	2	4	

1	3	110.635	5
1	142.00	101.00	135.49	130.29	30.00	1	1	
2	135.49	130.29	126.79	169.47	40.14	0	
3	126.79	169.47	125.81	173.86	4.50	1	4	
4	125.81	173.86	123.00	186.49	12.94	2	3	4	
5	123.00	186.49	118.00	209.00	23.06	1	3	

1	4	87.098	3
1	142.00	101.00	148.54	130.28	30.00	1	1	
2	148.54	130.28	152.71	148.92	19.10	0	
3	152.71	148.92	161.00	186.00	38.00	1	4	

1	5	143.694	3
1	142.00	101.00	112.35	96.41	30.00	1	1	
2	112.35	96.41	14.82	81.30	98.69	0	
3	14.82	81.30	0.00	79.00	15.00	1	5	

2	0	104.752	3
1	175.00	171.00	179.68	172.77	5.00	2	2	4	
2	179.68	172.77	198.50	179.87	20.12	1	4	
3	198.50	179.87	273.00	208.00	79.63	0	

2	1	77.389	4
1	175.00	171.00	172.87	166.48	5.00	2	2	4	
2	172.87	166.48	164.22	148.14	20.28	1	4	
3	164.22	148.14	154.79	128.14	22.11	0	
4	154.79	128.14	142.00	101.00	30.00	1	1	

2	2	0	0

2	3	68.505	4
1	175.00	171.00	170.84	173.77	5.00	2	2	4	
2	170.84	173.77	147.95	189.03	27.51	1	4	
3	147.95	189.03	127.01	202.99	25.17	2	3	4	
4	127.01	202.99	118.00	209.00	10.83	1	3	

2	4	20.518	2
1	175.00	171.00	171.59	174.66	5.00	2	2	4	
2	171.59	174.66	161.00	186.00	15.52	1	4	

2	5	197.709	4
1	175.00	171.00	170.57	168.67	5.00	2	2	4	
2	170.57	168.67	141.50	153.39	32.85	1	4	
3	141.50	153.39	13.28	85.98	144.86	0	
4	13.28	85.98	0.00	79.00	15.00	1	5	

3	0	155.003	4
1	118.00	209.00	130.69	208.92	12.69	1	3	
2	130.69	208.92	154.00	208.77	23.31	2	3	4	
3	154.00	208.77	191.60	208.53	37.61	1	4	
4	191.60	208.53	273.00	208.00	81.40	0	

3	1	110.635	5
1	118.00	209.00	123.00	186.49	23.06	1	3	
2	123.00	186.49	125.81	173.86	12.94	2	3	4	
3	125.81	173.86	126.79	169.47	4.50	1	4	
4	126.79	169.47	135.49	130.29	40.14	0	
5	135.49	130.29	142.00	101.00	30.00	1	1	

3	2	68.505	4
1	118.00	209.00	127.01	202.99	10.83	1	3	
2	127.01	202.99	147.95	189.03	25.17	2	3	4	
3	147.95	189.03	170.84	173.77	27.51	1	4	
4	170.84	173.77	175.00	171.00	5.00	2	2	4	

3	3	0	0

3	4	48.765	3
1	118.00	209.00	127.49	203.92	10.76	1	3	
2	127.49	203.92	149.74	192.02	25.24	2	3	4	
3	149.74	192.02	161.00	186.00	12.76	1	4	

3	5	175.568	3
1	118.00	209.00	93.80	182.34	36.00	1	3	
2	93.80	182.34	10.08	90.11	124.57	0	
3	10.08	90.11	0.00	79.00	15.00	1	5	

4	0	114.140	2
1	161.00	186.00	198.29	193.32	38.00	1	4	
2	198.29	193.32	273.00	208.00	76.14	0	

4	1	87.098	3
1	161.00	186.00	152.71	148.92	38.00	1	4	
2	152.71	148.92	148.54	130.28	19.10	0	
3	148.54	130.28	142.00	101.00	30.00	1	1	

4	2	20.518	2
1	161.00	186.00	171.59	174.66	15.52	1	4	
2	171.59	174.66	175.00	171.00	5.00	2	2	4	

4	3	48.765	3
1	161.00	186.00	149.74	192.02	12.76	1	4	
2	149.74	192.02	127.49	203.92	25.24	2	3	4	
3	127.49	203.92	118.00	209.00	10.76	1	3	

4	4	0	0

4	5	193.313	3
1	161.00	186.00	129.35	164.97	38.00	1	4	
2	129.35	164.97	12.49	87.30	140.31	0	
3	12.49	87.30	0.00	79.00	15.00	1	5	

5	0	301.944	4
1	0.00	79.00	13.56	85.41	15.00	1	5	
2	13.56	85.41	149.68	149.73	150.55	0	
3	149.68	149.73	196.21	171.72	51.47	1	4	
4	196.21	171.72	273.00	208.00	84.93	0	

5	1	143.694	3
1	0.00	79.00	14.82	81.30	15.00	1	5	
2	14.82	81.30	112.35	96.41	98.69	0	
3	112.35	96.41	142.00	101.00	30.00	1	1	

5	2	197.709	4
1	0.00	79.00	13.28	85.98	15.00	1	5	
2	13.28	85.98	141.50	153.39	144.86	0	
3	141.50	153.39	170.57	168.67	32.85	1	4	
4	170.57	168.67	175.00	171.00	5.00	2	2	4	

5	3	175.568	3
1	0.00	79.00	10.08	90.11	15.00	1	5	
2	10.08	90.11	93.80	182.34	124.57	0	
3	93.80	182.34	118.00	209.00	36.00	1	3	

5	4	193.313	3
1	0.00	79.00	12.49	87.30	15.00	1	5	
2	12.49	87.30	129.35	164.97	140.31	0	
3	129.35	164.97	161.00	186.00	38.00	1	4	

5	5	0	0
