6	37	2	0.001	15.0
274.000	16.000	0.000	1.000	0.000
15.000	31.000	10.000	9.000	13.000
57.000	223.000	13.000	8.000	11.000
226.000	155.000	2.000	9.000	8.000
188.000	126.000	30.000	3.000	14.000
20.000	149.000	3.000	10.000	9.000

0	0	0	0

0	1	259.434	2
1	274.00	16.00	24.98	30.42	249.43	0	
2	24.98	30.42	15.00	31.00	10.00	1	1	

0	2	299.897	4
1	274.00	16.00	190.06	96.07	116.00	0	
2	190.06	96.07	158.01	126.65	44.30	1	4	
3	158.01	126.65	66.41	214.03	126.59	0	
4	66.41	214.03	57.00	223.00	13.00	1	2	

0	3	147.054	2
1	274.00	16.00	226.65	153.11	145.05	0	
2	226.65	153.11	226.00	155.00	2.00	1	3	

0	4	139.628	2
1	274.00	16.00	206.48	102.37	109.63	0	
2	206.48	102.37	188.00	126.00	30.00	1	4	

0	5	286.714	2
1	274.00	16.00	22.66	147.61	283.71	0	
2	22.66	147.61	20.00	149.00	3.00	1	5	

1	0	259.434	2
1	15.00	31.00	24.98	30.42	10.00	1	1	
2	24.98	30.42	274.00	16.00	249.43	0	

1	1	0	0

1	2	196.540	3
1	15.00	31.00	17.14	40.77	10.00	1	1	
2	17.14	40.77	54.22	210.30	173.54	0	
3	54.22	210.30	57.00	223.00	13.00	1	2	

1	3	244.739	5
1	15.00	31.00	23.62	36.07	10.00	1	1	
2	23.62	36.07	159.70	116.04	157.84	0	
3	159.70	116.04	210.47	145.87	58.89	1	4	
4	210.47	145.87	224.28	153.99	16.01	0	
5	224.28	153.99	226.00	155.00	2.00	1	3	

1	4	197.368	3
1	15.00	31.00	23.77	35.81	10.00	1	1	
2	23.77	35.81	161.70	111.56	157.37	0	
3	161.70	111.56	188.00	126.00	30.00	1	4	

1	5	118.106	3
1	15.00	31.00	15.42	40.99	10.00	1	1	
2	15.42	40.99	19.87	146.00	105.11	0	
3	19.87	146.00	20.00	149.00	3.00	1	5	

2	0	299.897	4
1	57.00	223.00	66.41	214.03	13.00	1	2	
2	66.41	214.03	158.01	126.65	126.59	0	
3	158.01	126.65	190.06	96.07	44.30	1	4	
4	190.06	96.07	274.00	16.00	116.00	0	

2	1	196.540	3
1	57.00	223.00	54.22	210.30	13.00	1	2	
2	54.22	210.30	17.14	40.77	173.54	0	
3	17.14	40.77	15.00	31.00	10.00	1	1	

2	2	0	0

2	3	182.168	3
1	57.00	223.00	69.06	218.15	13.00	1	2	
2	69.06	218.15	224.14	155.75	167.17	0	
3	224.14	155.75	226.00	155.00	2.00	1	3	

2	4	163.003	3
1	57.00	223.00	67.45	215.26	13.00	1	2	
2	67.45	215.26	163.89	143.85	120.00	0	
3	163.89	143.85	188.00	126.00	30.00	1	4	

2	5	82.735	3
1	57.00	223.00	51.19	211.37	13.00	1	2	
2	51.19	211.37	21.34	151.68	66.73	0	
3	21.34	151.68	20.00	149.00	3.00	1	5	

3	0	147.054	2
1	226.00	155.00	226.65	153.11	2.00	1	3	
2	226.65	153.11	274.00	16.00	145.05	0	

3	1	244.739	5
1	226.00	155.00	224.28	153.99	2.00	1	3	
2	224.28	153.99	210.47	145.87	16.01	0	
3	210.47	145.87	159.70	116.04	58.89	1	4	
4	159.70	116.04	23.62	36.07	157.84	0	
5	23.62	36.07	15.00	31.00	10.00	1	1	

3	2	182.168	3
1	226.00	155.00	224.14	155.75	2.00	1	3	
2	224.14	155.75	69.06	218.15	167.17	0	
3	69.06	218.15	57.00	223.00	13.00	1	2	

3	3	0	0

3	4	47.802	3
1	226.00	155.00	224.41	153.79	2.00	1	3	
2	224.41	153.79	211.85	144.20	15.80	0	
3	211.85	144.20	188.00	126.00	30.00	1	4	

3	5	206.087	5
1	226.00	155.00	224.00	154.94	2.00	1	3	
2	224.00	154.94	198.26	154.19	25.75	0	
3	198.26	154.19	176.12	153.55	22.15	1	4	
4	176.12	153.55	23.00	149.09	153.19	0	
5	23.00	149.09	20.00	149.00	3.00	1	5	

4	0	139.628	2
1	188.00	126.00	206.48	102.37	30.00	1	4	
2	206.48	102.37	274.00	16.00	109.63	0	

4	1	197.368	3
1	188.00	126.00	161.70	111.56	30.00	1	4	
2	161.70	111.56	23.77	35.81	157.37	0	
3	23.77	35.81	15.00	31.00	10.00	1	1	

4	2	163.003	3
1	188.00	126.00	163.89	143.85	30.00	1	4	
2	163.89	143.85	67.45	215.26	120.00	0	
3	67.45	215.26	57.00	223.00	13.00	1	2	

4	3	47.802	3
1	188.00	126.00	211.85	144.20	30.00	1	4	
2	211.85	144.20	224.41	153.79	15.80	0	
3	224.41	153.79	226.00	155.00	2.00	1	3	

4	4	0	0

4	5	169.567	3
1	188.00	126.00	158.28	130.07	30.00	1	4	
2	158.28	130.07	22.97	148.59	136.57	0	
3	22.97	148.59	20.00	149.00	3.00	1	5	

5	0	286.714	2
1	20.00	149.00	22.66	147.61	3.00	1	5	
2	22.66	147.61	274.00	16.00	283.71	0	

5	1	118.106	3
1	20.00	149.00	19.87	146.00	3.00	1	5	
2	19.87	146.00	15.42	40.99	105.11	0	
3	15.42	40.99	15.00	31.00	10.00	1	1	

5	2	82.735	3
1	20.00	149.00	21.34	151.68	3.00	1	5	
2	21.34	151.68	51.19	211.37	66.73	0	
3	51.19	211.37	57.00	223.00	13.00	1	2	

5	3	206.087	5
1	20.00	149.00	23.00	149.09	3.00	1	5	
2	23.00	149.09	176.12	153.55	153.19	0	
3	176.12	153.55	198.26	154.19	22.15	1	4	
4	198.26	154.19	224.00	154.94	25.75	0	
5	224.00	154.94	226.00	155.00	2.00	1	3	

5	4	169.567	3
1	20.00	149.00	22.97	148.59	3.00	1	5	
2	22.97	148.59	158.28	130.07	136.57	0	
3	158.28	130.07	188.00	126.00	30.00	1	4	

5	5	0	0
