6	35	2	0.001	25.0
266.000	166.000	0.000	9.000	0.000
84.000	216.000	50.000	5.000	16.000
69.000	47.000	23.000	9.000	14.000
7.000	52.000	26.000	10.000	2.000
266.000	95.000	6.000	7.000	2.000
174.000	274.000	31.000	7.000	18.000

0	0	0	0

0	1	188.743	2
1	266.00	166.00	132.21	202.75	138.74	0	
2	132.21	202.75	84.00	216.00	50.00	1	1	

0	2	230.152	2
1	266.00	166.00	88.69	58.89	207.15	0	
2	88.69	58.89	69.00	47.00	23.00	1	2	

0	3	282.979	2
1	266.00	166.00	30.80	62.47	256.98	0	
2	30.80	62.47	7.00	52.00	26.00	1	3	

0	4	71.000	2
1	266.00	166.00	266.00	101.00	65.00	0	
2	266.00	101.00	266.00	95.00	6.00	1	4	

0	5	141.873	2
1	266.00	166.00	194.10	250.40	110.87	0	
2	194.10	250.40	174.00	274.00	31.00	1	5	

1	0	188.743	2
1	84.00	216.00	132.21	202.75	50.00	1	1	
2	132.21	202.75	266.00	166.00	138.74	0	

1	1	0	0

1	2	169.664	3
1	84.00	216.00	79.58	166.20	50.00	1	1	
2	79.58	166.20	71.03	69.91	96.66	0	
3	71.03	69.91	69.00	47.00	23.00	1	2	

1	3	181.177	3
1	84.00	216.00	62.75	170.74	50.00	1	1	
2	62.75	170.74	18.05	75.54	105.18	0	
3	18.05	75.54	7.00	52.00	26.00	1	3	

1	4	218.552	3
1	84.00	216.00	125.64	188.32	50.00	1	1	
2	125.64	188.32	261.00	98.32	162.55	0	
3	261.00	98.32	266.00	95.00	6.00	1	4	

1	5	107.070	3
1	84.00	216.00	126.03	243.09	50.00	1	1	
2	126.03	243.09	147.94	257.21	26.07	0	
3	147.94	257.21	174.00	274.00	31.00	1	5	

2	0	230.152	2
1	69.00	47.00	88.69	58.89	23.00	1	2	
2	88.69	58.89	266.00	166.00	207.15	0	

2	1	169.664	3
1	69.00	47.00	71.03	69.91	23.00	1	2	
2	71.03	69.91	79.58	166.20	96.66	0	
3	79.58	166.20	84.00	216.00	50.00	1	1	

2	2	0	0

2	3	62.201	3
1	69.00	47.00	46.07	48.85	23.00	1	2	
2	46.07	48.85	32.92	49.91	13.20	0	
3	32.92	49.91	7.00	52.00	26.00	1	3	

2	4	202.763	3
1	69.00	47.00	91.35	52.44	23.00	1	2	
2	91.35	52.44	260.17	93.58	173.76	0	
3	260.17	93.58	266.00	95.00	6.00	1	4	

2	5	250.108	3
1	69.00	47.00	78.66	67.87	23.00	1	2	
2	78.66	67.87	160.99	245.86	196.11	0	
3	160.99	245.86	174.00	274.00	31.00	1	5	

3	0	282.979	2
1	7.00	52.00	30.80	62.47	26.00	1	3	
2	30.80	62.47	266.00	166.00	256.98	0	

3	1	181.177	3
1	7.00	52.00	18.05	75.54	26.00	1	3	
2	18.05	75.54	62.75	170.74	105.18	0	
3	62.75	170.74	84.00	216.00	50.00	1	1	

3	2	62.201	3
1	7.00	52.00	32.92	49.91	26.00	1	3	
2	32.92	49.91	46.07	48.85	13.20	0	
3	46.07	48.85	69.00	47.00	23.00	1	2	

3	3	0	0

3	4	262.545	5
1	7.00	52.00	32.65	56.26	26.00	1	3	
2	32.65	56.26	49.40	59.04	16.98	0	
3	49.40	59.04	83.66	64.73	34.72	1	2	
4	83.66	64.73	260.08	94.02	178.84	0	
5	260.08	94.02	266.00	95.00	6.00	1	4	

3	5	277.800	5
1	7.00	52.00	22.63	72.78	26.00	1	3	
2	22.63	72.78	93.43	166.90	117.78	0	
3	93.43	166.90	133.79	220.55	67.14	1	1	
4	133.79	220.55	155.36	249.23	35.88	0	
5	155.36	249.23	174.00	274.00	31.00	1	5	

4	0	71.000	2
1	266.00	95.00	266.00	101.00	6.00	1	4	
2	266.00	101.00	266.00	166.00	65.00	0	

4	1	218.552	3
1	266.00	95.00	261.00	98.32	6.00	1	4	
2	261.00	98.32	125.64	188.32	162.55	0	
3	125.64	188.32	84.00	216.00	50.00	1	1	

4	2	202.763	3
1	266.00	95.00	260.17	93.58	6.00	1	4	
2	260.17	93.58	91.35	52.44	173.76	0	
3	91.35	52.44	69.00	47.00	23.00	1	2	

4	3	262.545	5
1	266.00	95.00	260.08	94.02	6.00	1	4	
2	260.08	94.02	83.66	64.73	178.84	0	
3	83.66	64.73	49.40	59.04	34.72	1	2	
4	49.40	59.04	32.65	56.26	16.98	0	
5	32.65	56.26	7.00	52.00	26.00	1	3	

4	4	0	0

4	5	201.259	3
1	266.00	95.00	263.26	100.34	6.00	1	4	
2	263.26	100.34	188.17	246.43	164.26	0	
3	188.17	246.43	174.00	274.00	31.00	1	5	

5	0	141.873	2
1	174.00	274.00	194.10	250.40	31.00	1	5	
2	194.10	250.40	266.00	166.00	110.87	0	

5	1	107.070	3
1	174.00	274.00	147.94	257.21	31.00	1	5	
2	147.94	257.21	126.03	243.09	26.07	0	
3	126.03	243.09	84.00	216.00	50.00	1	1	

5	2	250.108	3
1	174.00	274.00	160.99	245.86	31.00	1	5	
2	160.99	245.86	78.66	67.87	196.11	0	
3	78.66	67.87	69.00	47.00	23.00	1	2	

5	3	277.800	5
1	174.00	274.00	155.36	249.23	31.00	1	5	
2	155.36	249.23	133.79	220.55	35.88	0	
3	133.79	220.55	93.43	166.90	67.14	1	1	
4	93.43	166.90	22.63	72.78	117.78	0	
5	22.63	72.78	7.00	52.00	26.00	1	3	

5	4	201.259	3
1	174.00	274.00	188.17	246.43	31.00	1	5	
2	188.17	246.43	263.26	100.34	164.26	0	
3	263.26	100.34	266.00	95.00	6.00	1	4	

5	5	0	0
