6	47	2	0.001	25.0
58.000	209.000	0.000	9.000	0.000
213.000	47.000	40.000	8.000	17.000
143.000	54.000	22.000	3.000	11.000
85.000	154.000	19.000	10.000	11.000
129.000	164.000	44.000	5.000	15.000
173.000	265.000	15.000	7.000	7.000

0	0	0	0

0	1	224.207	6
1	58.00	209.00	87.38	178.29	42.50	0	
2	87.38	178.29	95.43	169.88	11.63	1	4	
3	95.43	169.88	101.33	163.71	8.54	2	3	4	
4	101.33	163.71	141.44	121.79	58.02	1	4	
5	141.44	121.79	185.35	75.90	63.52	0	
6	185.35	75.90	213.00	47.00	40.00	1	1	

0	2	176.777	6
1	58.00	209.00	78.39	171.81	42.41	0	
2	78.39	171.81	85.25	159.31	14.26	1	3	
3	85.25	159.31	96.47	138.85	23.33	2	3	4	
4	96.47	138.85	101.52	129.63	10.51	1	4	
5	101.52	129.63	132.42	73.29	64.26	0	
6	132.42	73.29	143.00	54.00	22.00	1	2	

0	3	61.270	2
1	58.00	209.00	76.63	171.06	42.27	0	
2	76.63	171.06	85.00	154.00	19.00	1	3	

0	4	84.060	2
1	58.00	209.00	91.84	187.55	40.06	0	
2	91.84	187.55	129.00	164.00	44.00	1	4	

0	5	127.910	2
1	58.00	209.00	159.51	258.43	112.91	0	
2	159.51	258.43	173.00	265.00	15.00	1	5	

1	0	224.207	6
1	213.00	47.00	185.35	75.90	40.00	1	1	
2	185.35	75.90	141.44	121.79	63.52	0	
3	141.44	121.79	101.33	163.71	58.02	1	4	
4	101.33	163.71	95.43	169.88	8.54	2	3	4	
5	95.43	169.88	87.38	178.29	11.63	1	4	
6	87.38	178.29	58.00	209.00	42.50	0	

1	1	0	0

1	2	70.349	3
1	213.00	47.00	173.20	50.98	40.00	1	1	
2	173.20	50.98	164.89	51.81	8.35	0	
3	164.89	51.81	143.00	54.00	22.00	1	2	

1	3	166.832	5
1	213.00	47.00	182.31	72.65	40.00	1	1	
2	182.31	72.65	125.51	120.14	74.04	0	
3	125.51	120.14	99.58	141.81	33.80	1	4	
4	99.58	141.81	86.45	152.79	17.11	2	3	4	
5	86.45	152.79	85.00	154.00	1.89	1	3	

1	4	144.031	3
1	213.00	47.00	189.67	79.49	40.00	1	1	
2	189.67	79.49	154.66	128.26	60.03	0	
3	154.66	128.26	129.00	164.00	44.00	1	4	

1	5	221.639	3
1	213.00	47.00	205.78	86.34	40.00	1	1	
2	205.78	86.34	175.71	250.25	166.64	0	
3	175.71	250.25	173.00	265.00	15.00	1	5	

2	0	176.777	6
1	143.00	54.00	132.42	73.29	22.00	1	2	
2	132.42	73.29	101.52	129.63	64.26	0	
3	101.52	129.63	96.47	138.85	10.51	1	4	
4	96.47	138.85	85.25	159.31	23.33	2	3	4	
5	85.25	159.31	78.39	171.81	14.26	1	3	
6	78.39	171.81	58.00	209.00	42.41	0	

2	1	70.349	3
1	143.00	54.00	164.89	51.81	22.00	1	2	
2	164.89	51.81	173.20	50.98	8.35	0	
3	173.20	50.98	213.00	47.00	40.00	1	1	

2	2	0	0

2	3	115.603	5
1	143.00	54.00	131.96	73.03	22.00	1	2	
2	131.96	73.03	96.23	134.64	71.22	0	
3	96.23	134.64	94.53	137.56	3.38	1	4	
4	94.53	137.56	87.24	150.14	14.53	2	3	4	
5	87.24	150.14	85.00	154.00	4.47	1	3	

2	4	110.887	3
1	143.00	54.00	140.22	75.82	22.00	1	2	
2	140.22	75.82	134.56	120.35	44.89	0	
3	134.56	120.35	129.00	164.00	44.00	1	4	

2	5	213.122	5
1	143.00	54.00	146.10	75.78	22.00	1	2	
2	146.10	75.78	153.44	127.41	52.15	0	
3	153.44	127.41	162.67	192.33	65.57	1	4	
4	162.67	192.33	170.89	250.15	58.40	0	
5	170.89	250.15	173.00	265.00	15.00	1	5	

3	0	61.270	2
1	85.00	154.00	76.63	171.06	19.00	1	3	
2	76.63	171.06	58.00	209.00	42.27	0	

3	1	166.832	5
1	85.00	154.00	86.45	152.79	1.89	1	3	
2	86.45	152.79	99.58	141.81	17.11	2	3	4	
3	99.58	141.81	125.51	120.14	33.80	1	4	
4	125.51	120.14	182.31	72.65	74.04	0	
5	182.31	72.65	213.00	47.00	40.00	1	1	

3	2	115.603	5
1	85.00	154.00	87.24	150.14	4.47	1	3	
2	87.24	150.14	94.53	137.56	14.53	2	3	4	
3	94.53	137.56	96.23	134.64	3.38	1	4	
4	96.23	134.64	131.96	73.03	71.22	0	
5	131.96	73.03	143.00	54.00	22.00	1	2	

3	3	0	0

3	4	45.122	3
1	85.00	154.00	86.09	154.25	1.12	1	3	
2	86.09	154.25	103.53	158.21	17.88	2	3	4	
3	103.53	158.21	129.00	164.00	26.12	1	4	

3	5	141.651	5
1	85.00	154.00	85.90	155.14	1.45	1	3	
2	85.90	155.14	96.80	168.89	17.55	2	3	4	
3	96.80	168.89	127.80	207.98	49.89	1	4	
4	127.80	207.98	163.68	253.25	57.76	0	
5	163.68	253.25	173.00	265.00	15.00	1	5	

4	0	84.060	2
1	129.00	164.00	91.84	187.55	44.00	1	4	
2	91.84	187.55	58.00	209.00	40.06	0	

4	1	144.031	3
1	129.00	164.00	154.66	128.26	44.00	1	4	
2	154.66	128.26	189.67	79.49	60.03	0	
3	189.67	79.49	213.00	47.00	40.00	1	1	

4	2	110.887	3
1	129.00	164.00	134.56	120.35	44.00	1	4	
2	134.56	120.35	140.22	75.82	44.89	0	
3	140.22	75.82	143.00	54.00	22.00	1	2	

4	3	45.122	3
1	129.00	164.00	103.53	158.21	26.12	1	4	
2	103.53	158.21	86.09	154.25	17.88	2	3	4	
3	86.09	154.25	85.00	154.00	1.12	1	3	

4	4	0	0

4	5	110.168	3
1	129.00	164.00	146.57	204.34	44.00	0	
2	146.57	204.34	167.01	251.25	51.17	0	
3	167.01	251.25	173.00	265.00	15.00	1	5	

5	0	127.910	2
1	173.00	265.00	159.51	258.43	15.00	1	5	
2	159.51	258.43	58.00	209.00	112.91	0	

5	1	221.639	3
1	173.00	265.00	175.71	250.25	15.00	1	5	
2	175.71	250.25	205.78	86.34	166.64	0	
3	205.78	86.34	213.00	47.00	40.00	1	1	

5	2	213.122	5
1	173.00	265.00	170.89	250.15	15.00	1	5	
2	170.89	250.15	162.67	192.33	58.40	0	
3	162.67	192.33	153.44	127.41	65.57	1	4	
4	153.44	127.41	146.10	75.78	52.15	0	
5	146.10	75.78	143.00	54.00	22.00	1	2	

5	3	141.651	5
1	173.00	265.00	163.68	253.25	15.00	1	5	
2	163.68	253.25	127.80	207.98	57.76	0	
3	127.80	207.98	96.80	168.89	49.89	1	4	
4	96.80	168.89	85.90	155.14	17.55	2	3	4	
5	85.90	155.14	85.00	154.00	1.45	1	3	

5	4	110.168	3
1	173.00	265.00	167.01	251.25	15.00	1	5	
2	167.01	251.25	146.57	204.34	51.17	0	
3	146.57	204.34	129.00	164.00	44.00	0	

5	5	0	0
