16	449	2	0.001	100.0
289.000	101.000	0.000	1.000	0.000
5.000	67.000	1.000	3.000	13.000
262.000	101.000	17.000	9.000	4.000
148.000	186.000	17.000	8.000	1.000
282.000	138.000	33.000	10.000	1.000
199.000	135.000	1.000	8.000	5.000
211.000	22.000	43.000	9.000	10.000
0.000	105.000	34.000	1.000	16.000
55.000	147.000	46.000	6.000	2.000
215.000	45.000	24.000	7.000	18.000
146.000	292.000	23.000	8.000	15.000
178.000	39.000	5.000	7.000	14.000
177.000	186.000	44.000	3.000	17.000
74.000	295.000	3.000	8.000	18.000
17.000	296.000	9.000	9.000	10.000
102.000	141.000	5.000	8.000	18.000
 


0	0	0	0

0	1	286.028	4
1	289.00	101.00	278.96	99.80	10.11	0	
2	278.96	99.80	245.81	95.83	33.39	1	2	
3	245.81	95.83	5.99	67.12	241.53	0	
4	5.99	67.12	5.00	67.00	1.00	1	1	

0	2	27.000	2
1	289.00	101.00	279.00	101.00	10.00	0	
2	279.00	101.00	262.00	101.00	17.00	1	2	

0	3	164.639	7
1	289.00	101.00	282.36	105.00	7.75	0	
2	282.36	105.00	277.53	107.91	5.64	1	4	
3	277.53	107.91	260.86	117.96	19.46	2	2	4	
4	260.86	117.96	252.65	122.91	9.59	1	4	
5	252.65	122.91	204.70	151.82	55.99	0	
6	204.70	151.82	162.56	177.22	49.21	1	12	
7	162.56	177.22	148.00	186.00	17.00	2	3	12	

0	4	37.656	2
1	289.00	101.00	288.13	105.58	4.66	0	
2	288.13	105.58	282.00	138.00	33.00	1	4	

0	5	96.208	6
1	289.00	101.00	278.53	104.95	11.19	0	
2	278.53	104.95	277.65	105.29	0.95	1	2	
3	277.65	105.29	263.64	110.58	14.98	2	2	4	
4	263.64	110.58	252.21	114.90	12.21	1	2	
5	252.21	114.90	199.94	134.65	55.88	0	
6	199.94	134.65	199.00	135.00	1.00	1	5	

0	6	111.018	3
1	289.00	101.00	241.21	52.60	68.02	0	
2	241.21	52.60	238.50	49.86	3.85	1	6	
3	238.50	49.86	211.00	22.00	39.15	2	6	9	

0	7	289.028	6
1	289.00	101.00	279.00	101.14	10.00	0	
2	279.00	101.14	245.01	101.61	33.99	1	2	
3	245.01	101.61	71.37	104.01	173.66	0	
4	71.37	104.01	37.44	104.48	33.93	1	8	
5	37.44	104.48	34.00	104.53	3.45	0	
6	34.00	104.53	0.00	105.00	34.00	1	7	

0	8	238.479	6
1	289.00	101.00	278.88	102.99	10.31	0	
2	278.88	102.99	247.13	109.23	32.37	1	2	
3	247.13	109.23	105.17	137.14	144.67	0	
4	105.17	137.14	100.14	138.13	5.13	1	15	
5	100.14	138.13	97.60	138.63	2.58	2	8	15	
6	97.60	138.63	55.00	147.00	43.42	1	8	

0	9	92.801	5
1	289.00	101.00	275.70	90.94	16.68	0	
2	275.70	90.94	267.96	85.08	9.70	1	2	
3	267.96	85.08	234.14	59.48	42.42	0	
4	234.14	59.48	233.24	58.80	1.13	1	9	
5	233.24	58.80	215.00	45.00	22.87	2	6	9	

0	10	238.600	6
1	289.00	101.00	285.84	105.22	5.28	0	
2	285.84	105.22	251.63	150.91	57.07	1	4	
3	251.63	150.91	220.52	192.46	51.91	0	
4	220.52	192.46	195.46	225.94	41.82	1	12	
5	195.46	225.94	159.78	273.59	59.52	0	
6	159.78	273.59	146.00	292.00	23.00	1	10	

0	11	127.142	7
1	289.00	101.00	277.81	94.75	12.82	0	
2	277.81	94.75	259.03	84.26	21.51	1	2	
3	259.03	84.26	226.48	66.08	37.29	0	
4	226.48	66.08	221.99	63.57	5.14	1	9	
5	221.99	63.57	191.03	46.28	35.46	2	6	9	
6	191.03	46.28	182.37	41.44	9.93	1	6	
7	182.37	41.44	178.00	39.00	5.00	2	6	11	

0	12	140.602	6
1	289.00	101.00	283.67	105.04	6.69	0	
2	283.67	105.04	275.65	111.13	10.07	1	4	
3	275.65	111.13	268.08	116.87	9.50	2	2	4	
4	268.08	116.87	249.81	130.74	22.94	1	4	
5	249.81	130.74	212.05	159.40	47.40	0	
6	212.05	159.40	177.00	186.00	44.00	1	12	

0	13	289.588	6
1	289.00	101.00	284.46	105.09	6.11	0	
2	284.46	105.09	249.01	137.08	47.75	1	4	
3	249.01	137.08	216.43	166.48	43.88	0	
4	216.43	166.48	153.54	223.23	84.71	1	12	
5	153.54	223.23	76.23	292.99	104.14	0	
6	76.23	292.99	74.00	295.00	3.00	1	13	

0	14	334.677	10
1	289.00	101.00	283.38	105.03	6.91	0	
2	283.38	105.03	276.40	110.03	8.59	1	4	
3	276.40	110.03	265.93	117.54	12.89	2	2	4	
4	265.93	117.54	250.33	128.72	19.19	1	4	
5	250.33	128.72	210.40	157.35	49.14	0	
6	210.40	157.35	164.45	190.29	56.53	1	12	
7	164.45	190.29	146.78	202.96	21.74	2	3	12	
8	146.78	202.96	139.15	208.43	9.40	1	12	
9	139.15	208.43	24.31	290.76	141.29	0	
10	24.31	290.76	17.00	296.00	9.00	1	14	

0	15	191.230	4
1	289.00	101.00	278.86	103.17	10.37	0	
2	278.86	103.17	247.50	109.88	32.07	1	2	
3	247.50	109.88	106.89	139.95	143.79	0	
4	106.89	139.95	102.00	141.00	5.00	1	15	

1	0	286.028	4
1	5.00	67.00	5.99	67.12	1.00	1	1	
2	5.99	67.12	245.81	95.83	241.53	0	
3	245.81	95.83	278.96	99.80	33.39	1	2	
4	278.96	99.80	289.00	101.00	10.11	0	

1	1	0	0

1	2	259.239	3
1	5.00	67.00	5.99	67.13	1.00	1	1	
2	5.99	67.13	245.15	98.77	241.24	0	
3	245.15	98.77	262.00	101.00	17.00	1	2	

1	3	186.038	8
1	5.00	67.00	5.77	67.64	1.00	1	1	
2	5.77	67.64	12.82	73.51	9.18	0	
3	12.82	73.51	28.63	86.67	20.57	1	7	
4	28.63	86.67	46.75	101.75	23.57	0	
5	46.75	101.75	101.00	146.89	70.57	1	8	
6	101.00	146.89	134.47	174.74	43.54	0	
7	134.47	174.74	134.93	175.13	0.61	1	12	
8	134.93	175.13	148.00	186.00	17.00	2	3	12	

1	4	285.955	3
1	5.00	67.00	5.97	67.25	1.00	1	1	
2	5.97	67.25	250.03	129.81	251.95	0	
3	250.03	129.81	282.00	138.00	33.00	1	4	

1	5	205.572	3
1	5.00	67.00	5.94	67.33	1.00	1	1	
2	5.94	67.33	198.06	134.67	203.57	0	
3	198.06	134.67	199.00	135.00	1.00	1	5	

1	6	210.858	4
1	5.00	67.00	5.98	66.79	1.00	1	1	
2	5.98	66.79	168.99	31.18	166.86	0	
3	168.99	31.18	204.50	23.42	36.34	1	6	
4	204.50	23.42	211.00	22.00	6.66	2	6	9	

1	7	38.328	3
1	5.00	67.00	4.87	67.99	1.00	1	1	
2	4.87	67.99	4.44	71.29	3.33	0	
3	4.44	71.29	0.00	105.00	34.00	0	

1	8	94.340	5
1	5.00	67.00	5.53	67.85	1.00	1	1	
2	5.53	67.85	8.11	71.98	4.88	0	
3	8.11	71.98	30.62	107.99	42.46	1	7	
4	30.62	107.99	33.23	112.17	4.93	2	7	8	
5	33.23	112.17	55.00	147.00	41.07	1	8	

1	9	211.149	4
1	5.00	67.00	5.99	66.90	1.00	1	1	
2	5.99	66.90	177.48	48.93	172.42	0	
3	177.48	48.93	191.13	47.50	13.73	1	6	
4	191.13	47.50	215.00	45.00	24.00	2	6	9	

1	10	265.530	7
1	5.00	67.00	5.53	67.85	1.00	1	1	
2	5.53	67.85	8.12	71.98	4.88	0	
3	8.12	71.98	30.67	107.96	42.46	1	7	
4	30.67	107.96	33.25	112.09	4.87	2	7	8	
5	33.25	112.09	79.52	185.92	87.13	1	8	
6	79.52	185.92	133.79	272.51	102.19	0	
7	133.79	272.51	146.00	292.00	23.00	1	10	

1	11	175.251	4
1	5.00	67.00	5.99	66.84	1.00	1	1	
2	5.99	66.84	171.94	39.98	168.11	0	
3	171.94	39.98	173.06	39.80	1.14	1	6	
4	173.06	39.80	178.00	39.00	5.00	2	6	11	

1	12	209.153	7
1	5.00	67.00	5.82	67.57	1.00	1	1	
2	5.82	67.57	54.15	101.01	58.77	0	
3	54.15	101.01	98.34	131.58	53.73	1	8	
4	98.34	131.58	140.82	160.97	51.65	0	
5	140.82	160.97	154.02	170.10	16.06	1	12	
6	154.02	170.10	160.75	174.76	8.19	2	3	12	
7	160.75	174.76	177.00	186.00	19.76	1	12	

1	13	238.212	7
1	5.00	67.00	5.29	67.96	1.00	1	1	
2	5.29	67.96	6.39	71.61	3.81	0	
3	6.39	71.61	20.13	117.00	47.42	1	7	
4	20.13	117.00	23.84	129.24	12.80	2	7	8	
5	23.84	129.24	42.62	191.30	64.84	0	
6	42.62	191.30	73.13	292.13	105.34	0	
7	73.13	292.13	74.00	295.00	3.00	1	13	

1	14	229.314	7
1	5.00	67.00	5.05	68.00	1.00	1	1	
2	5.05	68.00	5.23	71.40	3.41	0	
3	5.23	71.40	8.71	137.86	66.55	0	
4	8.71	137.86	9.06	144.56	6.71	0	
5	9.06	144.56	9.57	154.22	9.67	1	8	
6	9.57	154.22	16.53	287.01	132.97	0	
7	16.53	287.01	17.00	296.00	9.00	1	14	

1	15	122.004	7
1	5.00	67.00	5.80	67.61	1.00	1	1	
2	5.80	67.61	14.50	74.25	10.95	0	
3	14.50	74.25	25.83	82.89	14.25	1	7	
4	25.83	82.89	49.93	101.28	30.32	0	
5	49.93	101.28	98.02	137.97	60.49	1	8	
6	98.02	137.97	100.43	139.81	3.03	2	8	15	
7	100.43	139.81	102.00	141.00	1.97	1	15	

2	0	27.000	2
1	262.00	101.00	279.00	101.00	17.00	1	2	
2	279.00	101.00	289.00	101.00	10.00	0	

2	1	259.239	3
1	262.00	101.00	245.15	98.77	17.00	1	2	
2	245.15	98.77	5.99	67.13	241.24	0	
3	5.99	67.13	5.00	67.00	1.00	1	1	

2	2	0	0

2	3	142.201	4
1	262.00	101.00	248.37	111.16	17.00	1	2	
2	248.37	111.16	199.06	147.93	61.51	0	
3	199.06	147.93	161.63	175.84	46.69	1	12	
4	161.63	175.84	148.00	186.00	17.00	2	3	12	

2	4	42.059	3
1	262.00	101.00	266.31	108.97	9.06	1	2	
2	266.31	108.97	270.08	115.95	7.94	2	2	4	
3	270.08	115.95	282.00	138.00	25.06	1	4	

2	5	71.589	3
1	262.00	101.00	247.04	109.07	17.00	1	2	
2	247.04	109.07	199.88	134.53	53.59	0	
3	199.88	134.53	199.00	135.00	1.00	1	5	

2	6	94.032	4
1	262.00	101.00	252.78	86.72	17.00	1	2	
2	252.78	86.72	234.70	58.71	33.34	0	
3	234.70	58.71	234.32	58.13	0.69	1	9	
4	234.32	58.13	211.00	22.00	43.00	2	6	9	

2	7	262.031	5
1	262.00	101.00	245.00	101.26	17.00	1	2	
2	245.00	101.26	71.11	103.91	173.91	0	
3	71.11	103.91	37.58	104.43	33.54	1	8	
4	37.58	104.43	34.00	104.48	3.58	0	
5	34.00	104.48	0.00	105.00	34.00	1	7	

2	8	212.050	5
1	262.00	101.00	245.40	104.69	17.00	1	2	
2	245.40	104.69	103.48	136.23	145.38	0	
3	103.48	136.23	99.90	137.02	3.67	1	15	
4	99.90	137.02	98.63	137.30	1.30	2	8	15	
5	98.63	137.30	55.00	147.00	44.70	1	8	

2	9	73.110	4
1	262.00	101.00	251.07	87.98	17.00	1	2	
2	251.07	87.98	230.43	63.38	32.11	0	
3	230.43	63.38	228.62	61.23	2.82	1	9	
4	228.62	61.23	215.00	45.00	21.18	2	6	9	

2	10	223.466	5
1	262.00	101.00	253.18	115.53	17.00	1	2	
2	253.18	115.53	218.77	172.18	66.28	0	
3	218.77	172.18	183.99	229.44	67.00	1	12	
4	183.99	229.44	157.94	272.34	50.19	0	
5	157.94	272.34	146.00	292.00	23.00	1	10	

2	11	104.403	6
1	262.00	101.00	248.32	90.90	17.00	1	2	
2	248.32	90.90	218.33	68.77	37.28	0	
3	218.33	68.77	213.15	64.95	6.44	1	9	
4	213.15	64.95	191.31	48.82	27.15	2	6	9	
5	191.31	48.82	182.02	41.97	11.54	1	6	
6	182.02	41.97	178.00	39.00	5.00	2	6	11	

2	12	120.208	3
1	262.00	101.00	249.98	113.02	17.00	1	2	
2	249.98	113.02	208.11	154.89	59.21	0	
3	208.11	154.89	177.00	186.00	44.00	1	12	

2	13	270.148	5
1	262.00	101.00	250.17	113.21	17.00	1	2	
2	250.17	113.21	208.95	155.75	59.23	0	
3	208.95	155.75	147.76	218.88	87.92	1	12	
4	147.76	218.88	76.09	292.85	103.00	0	
5	76.09	292.85	74.00	295.00	3.00	1	13	

2	14	313.129	7
1	262.00	101.00	248.70	111.59	17.00	1	2	
2	248.70	111.59	201.30	149.32	60.59	0	
3	201.30	149.32	163.62	179.30	48.15	1	12	
4	163.62	179.30	137.96	199.72	32.79	2	3	12	
5	137.96	199.72	135.80	201.44	2.77	1	12	
6	135.80	201.44	24.04	290.40	142.84	0	
7	24.04	290.40	17.00	296.00	9.00	1	14	

2	15	164.924	3
1	262.00	101.00	245.51	105.12	17.00	1	2	
2	245.51	105.12	106.85	139.79	142.92	0	
3	106.85	139.79	102.00	141.00	5.00	1	15	

3	0	164.639	7
1	148.00	186.00	162.56	177.22	17.00	2	3	12	
2	162.56	177.22	204.70	151.82	49.21	1	12	
3	204.70	151.82	252.65	122.91	55.99	0	
4	252.65	122.91	260.86	117.96	9.59	1	4	
5	260.86	117.96	277.53	107.91	19.46	2	2	4	
6	277.53	107.91	282.36	105.00	5.64	1	4	
7	282.36	105.00	289.00	101.00	7.75	0	

3	1	186.038	8
1	148.00	186.00	134.93	175.13	17.00	2	3	12	
2	134.93	175.13	134.47	174.74	0.61	1	12	
3	134.47	174.74	101.00	146.89	43.54	0	
4	101.00	146.89	46.75	101.75	70.57	1	8	
5	46.75	101.75	28.63	86.67	23.57	0	
6	28.63	86.67	12.82	73.51	20.57	1	7	
7	12.82	73.51	5.77	67.64	9.18	0	
8	5.77	67.64	5.00	67.00	1.00	1	1	

3	2	142.201	4
1	148.00	186.00	161.63	175.84	17.00	2	3	12	
2	161.63	175.84	199.06	147.93	46.69	1	12	
3	199.06	147.93	248.37	111.16	61.51	0	
4	248.37	111.16	262.00	101.00	17.00	1	2	

3	3	0	0

3	4	142.338	4
1	148.00	186.00	164.00	180.27	17.00	2	3	12	
2	164.00	180.27	214.09	162.33	53.20	1	12	
3	214.09	162.33	250.93	149.13	39.14	0	
4	250.93	149.13	282.00	138.00	33.00	1	4	

3	5	72.125	4
1	148.00	186.00	160.02	173.98	17.00	2	3	12	
2	160.02	173.98	190.03	143.97	42.44	1	12	
3	190.03	143.97	198.29	135.71	11.69	0	
4	198.29	135.71	199.00	135.00	1.00	1	5	

3	6	175.684	5
1	148.00	186.00	154.10	170.13	17.00	2	3	12	
2	154.10	170.13	164.17	143.91	28.09	1	12	
3	164.17	143.91	195.58	62.14	87.60	0	
4	195.58	62.14	196.36	60.12	2.17	1	6	
5	196.36	60.12	211.00	22.00	40.83	2	6	9	

3	7	168.716	6
1	148.00	186.00	133.70	178.17	16.30	2	3	12	
2	133.70	178.17	133.09	177.84	0.70	1	3	
3	133.09	177.84	99.31	159.35	38.50	0	
4	99.31	159.35	29.83	121.32	79.21	1	8	
5	29.83	121.32	20.71	116.34	10.39	2	7	8	
6	20.71	116.34	0.00	105.00	23.61	1	7	

3	8	100.846	4
1	148.00	186.00	133.43	179.89	15.80	2	3	12	
2	133.43	179.89	132.32	179.43	1.20	1	3	
3	132.32	179.43	97.42	164.79	37.85	0	
4	97.42	164.79	55.00	147.00	46.00	1	8	

3	9	156.109	5
1	148.00	186.00	155.30	170.65	17.00	2	3	12	
2	155.30	170.65	168.52	142.83	30.80	1	12	
3	168.52	142.83	204.70	66.68	84.31	0	
4	204.70	66.68	205.65	64.67	2.23	1	9	
5	205.65	64.67	215.00	45.00	21.77	2	6	9	

3	10	106.019	4
1	148.00	186.00	147.68	203.00	17.00	2	3	12	
2	147.68	203.00	147.39	218.54	15.55	1	12	
3	147.39	218.54	146.43	269.00	50.47	0	
4	146.43	269.00	146.00	292.00	23.00	0	

3	11	150.030	5
1	148.00	186.00	151.40	169.34	17.00	2	3	12	
2	151.40	169.34	155.88	147.40	22.39	1	12	
3	155.88	147.40	176.29	47.38	102.08	0	
4	176.29	47.38	177.00	43.90	3.55	1	6	
5	177.00	43.90	178.00	39.00	5.00	2	6	11	

3	12	29.000	2
1	148.00	186.00	165.00	186.00	17.00	2	3	12	
2	165.00	186.00	177.00	186.00	12.00	1	12	

3	13	131.746	4
1	148.00	186.00	138.45	200.06	17.00	2	3	12	
2	138.45	200.06	136.43	203.04	3.59	1	12	
3	136.43	203.04	75.69	292.52	108.15	0	
4	75.69	292.52	74.00	295.00	3.00	1	13	

3	14	171.058	4
1	148.00	186.00	134.98	196.93	17.00	2	3	12	
2	134.98	196.93	134.49	197.35	0.64	1	12	
3	134.49	197.35	23.89	290.21	144.41	0	
4	23.89	290.21	17.00	296.00	9.00	1	14	

3	15	64.351	4
1	148.00	186.00	135.85	174.11	17.00	2	3	12	
2	135.85	174.11	134.91	173.19	1.32	1	12	
3	134.91	173.19	105.57	144.50	41.03	0	
4	105.57	144.50	102.00	141.00	5.00	1	15	

4	0	37.656	2
1	282.00	138.00	288.13	105.58	33.00	1	4	
2	288.13	105.58	289.00	101.00	4.66	0	

4	1	285.955	3
1	282.00	138.00	250.03	129.81	33.00	1	4	
2	250.03	129.81	5.97	67.25	251.95	0	
3	5.97	67.25	5.00	67.00	1.00	1	1	

4	2	42.059	3
1	282.00	138.00	270.08	115.95	25.06	1	4	
2	270.08	115.95	266.31	108.97	7.94	2	2	4	
3	266.31	108.97	262.00	101.00	9.06	1	2	

4	3	142.338	4
1	282.00	138.00	250.93	149.13	33.00	1	4	
2	250.93	149.13	214.09	162.33	39.14	0	
3	214.09	162.33	164.00	180.27	53.20	1	12	
4	164.00	180.27	148.00	186.00	17.00	2	3	12	

4	4	0	0

4	5	83.054	3
1	282.00	138.00	249.02	136.81	33.00	1	4	
2	249.02	136.81	200.00	135.04	49.05	0	
3	200.00	135.04	199.00	135.00	1.00	1	5	

4	6	136.004	6
1	282.00	138.00	268.87	116.55	25.15	1	4	
2	268.87	116.55	264.77	109.85	7.85	2	2	4	
3	264.77	109.85	251.28	87.81	25.85	1	2	
4	251.28	87.81	234.03	59.62	33.04	0	
5	234.03	59.62	233.45	58.68	1.11	1	9	
6	233.45	58.68	211.00	22.00	43.00	2	6	9	

4	7	283.924	5
1	282.00	138.00	249.22	134.16	33.00	1	4	
2	249.22	134.16	88.37	115.34	161.95	0	
3	88.37	115.34	33.77	108.95	54.98	1	8	
4	33.77	108.95	29.84	108.49	3.96	2	7	8	
5	29.84	108.49	0.00	105.00	30.04	1	7	

4	8	227.178	7
1	282.00	138.00	249.03	139.31	33.00	1	4	
2	249.03	139.31	179.42	142.07	69.66	0	
3	179.42	142.07	171.10	142.40	8.33	1	12	
4	171.10	142.40	104.97	145.02	66.18	0	
5	104.97	145.02	100.96	145.18	4.01	1	15	
6	100.96	145.18	99.35	145.24	1.61	2	8	15	
7	99.35	145.24	55.00	147.00	44.39	1	8	

4	9	114.621	6
1	282.00	138.00	267.04	117.24	25.59	1	4	
2	267.04	117.24	262.71	111.22	7.41	2	2	4	
3	262.71	111.22	248.20	91.08	24.83	1	2	
4	248.20	91.08	229.03	64.47	32.79	0	
5	229.03	64.47	227.14	61.85	3.23	1	9	
6	227.14	61.85	215.00	45.00	20.77	2	6	9	

4	10	205.456	3
1	282.00	138.00	260.16	162.74	33.00	1	4	
2	260.16	162.74	161.22	274.76	149.46	0	
3	161.22	274.76	146.00	292.00	23.00	1	10	

4	11	143.586	8
1	282.00	138.00	260.96	117.97	29.05	1	4	
2	260.96	117.97	258.10	115.25	3.95	2	2	4	
3	258.10	115.25	245.10	102.88	17.94	1	2	
4	245.10	102.88	208.60	68.13	50.39	0	
5	208.60	68.13	204.85	64.56	5.18	1	9	
6	204.85	64.56	192.21	52.53	17.45	2	6	9	
7	192.21	52.53	181.62	42.45	14.62	1	6	
8	181.62	42.45	178.00	39.00	5.00	2	6	11	

4	12	115.451	3
1	282.00	138.00	251.99	151.72	33.00	1	4	
2	251.99	151.72	217.02	167.71	38.45	0	
3	217.02	167.71	177.00	186.00	44.00	1	12	

4	13	260.601	5
1	282.00	138.00	255.66	157.88	33.00	1	4	
2	255.66	157.88	220.96	184.07	43.48	0	
3	220.96	184.07	163.10	227.75	72.49	1	12	
4	163.10	227.75	76.39	293.19	108.63	0	
5	76.39	293.19	74.00	295.00	3.00	1	13	

4	14	308.527	5
1	282.00	138.00	253.66	154.90	33.00	1	4	
2	253.66	154.90	219.65	175.18	39.59	0	
3	219.65	175.18	147.20	218.37	84.35	1	12	
4	147.20	218.37	24.73	291.39	142.59	0	
5	24.73	291.39	17.00	296.00	9.00	1	14	

4	15	180.025	3
1	282.00	138.00	249.00	138.55	33.00	1	4	
2	249.00	138.55	107.00	140.92	142.03	0	
3	107.00	140.92	102.00	141.00	5.00	1	15	

5	0	96.208	6
1	199.00	135.00	199.94	134.65	1.00	1	5	
2	199.94	134.65	252.21	114.90	55.88	0	
3	252.21	114.90	263.64	110.58	12.21	1	2	
4	263.64	110.58	277.65	105.29	14.98	2	2	4	
5	277.65	105.29	278.53	104.95	0.95	1	2	
6	278.53	104.95	289.00	101.00	11.19	0	

5	1	205.572	3
1	199.00	135.00	198.06	134.67	1.00	1	5	
2	198.06	134.67	5.94	67.33	203.57	0	
3	5.94	67.33	5.00	67.00	1.00	1	1	

5	2	71.589	3
1	199.00	135.00	199.88	134.53	1.00	1	5	
2	199.88	134.53	247.04	109.07	53.59	0	
3	247.04	109.07	262.00	101.00	17.00	1	2	

5	3	72.125	4
1	199.00	135.00	198.29	135.71	1.00	1	5	
2	198.29	135.71	190.03	143.97	11.69	0	
3	190.03	143.97	160.02	173.98	42.44	1	12	
4	160.02	173.98	148.00	186.00	17.00	2	3	12	

5	4	83.054	3
1	199.00	135.00	200.00	135.04	1.00	1	5	
2	200.00	135.04	249.02	136.81	49.05	0	
3	249.02	136.81	282.00	138.00	33.00	1	4	

5	5	0	0

5	6	113.635	4
1	199.00	135.00	199.11	134.01	1.00	1	5	
2	199.11	134.01	206.19	67.32	67.06	0	
3	206.19	67.32	206.46	64.76	2.58	1	9	
4	206.46	64.76	211.00	22.00	43.00	2	6	9	

5	7	201.249	5
1	199.00	135.00	198.01	134.85	1.00	1	5	
2	198.01	134.85	91.32	118.77	107.90	0	
3	91.32	118.77	33.62	110.07	58.35	1	8	
4	33.62	110.07	28.62	109.31	5.06	2	7	8	
5	28.62	109.31	0.00	105.00	28.94	1	7	

5	8	144.499	5
1	199.00	135.00	198.00	135.08	1.00	1	5	
2	198.00	135.08	106.71	142.69	91.61	0	
3	106.71	142.69	100.84	143.18	5.88	1	15	
4	100.84	143.18	97.64	143.45	3.21	2	8	15	
5	97.64	143.45	55.00	147.00	42.79	1	8	

5	9	91.411	4
1	199.00	135.00	199.18	134.02	1.00	1	5	
2	199.18	134.02	210.80	68.63	66.41	0	
3	210.80	68.63	211.44	65.00	3.69	1	9	
4	211.44	65.00	215.00	45.00	20.31	2	6	9	

5	10	165.705	5
1	199.00	135.00	198.68	135.95	1.00	1	5	
2	198.68	135.95	195.29	145.98	10.59	0	
3	195.29	145.98	167.30	228.92	87.53	1	12	
4	167.30	228.92	153.36	270.21	43.58	0	
5	153.36	270.21	146.00	292.00	23.00	1	10	

5	11	98.270	4
1	199.00	135.00	198.79	134.02	1.00	1	5	
2	198.79	134.02	181.03	52.83	83.11	0	
3	181.03	52.83	179.07	43.88	9.16	1	6	
4	179.07	43.88	178.00	39.00	5.00	2	6	11	

5	12	55.543	3
1	199.00	135.00	198.60	135.92	1.00	1	5	
2	198.60	135.92	194.43	145.60	10.54	0	
3	194.43	145.60	177.00	186.00	44.00	1	12	

5	13	203.039	7
1	199.00	135.00	198.38	135.79	1.00	1	5	
2	198.38	135.79	191.59	144.49	11.04	0	
3	191.59	144.49	163.89	179.95	45.00	1	12	
4	163.89	179.95	145.97	202.88	29.10	2	3	12	
5	145.97	202.88	140.25	210.20	9.29	1	12	
6	140.25	210.20	75.85	292.64	104.61	0	
7	75.85	292.64	74.00	295.00	3.00	1	13	

5	14	242.992	7
1	199.00	135.00	198.25	135.66	1.00	1	5	
2	198.25	135.66	189.15	143.71	12.15	0	
3	189.15	143.71	157.38	171.82	42.42	1	12	
4	157.38	171.82	133.54	192.90	31.82	2	3	12	
5	133.54	192.90	132.78	193.58	1.02	1	3	
6	132.78	193.58	23.74	290.04	145.58	0	
7	23.74	290.04	17.00	296.00	9.00	1	14	

5	15	97.185	3
1	199.00	135.00	198.00	135.06	1.00	1	5	
2	198.00	135.06	106.99	140.69	91.19	0	
3	106.99	140.69	102.00	141.00	5.00	1	15	

6	0	111.018	3
1	211.00	22.00	238.50	49.86	39.15	2	6	9	
2	238.50	49.86	241.21	52.60	3.85	1	6	
3	241.21	52.60	289.00	101.00	68.02	0	

6	1	210.858	4
1	211.00	22.00	204.50	23.42	6.66	2	6	9	
2	204.50	23.42	168.99	31.18	36.34	1	6	
3	168.99	31.18	5.98	66.79	166.86	0	
4	5.98	66.79	5.00	67.00	1.00	1	1	

6	2	94.032	4
1	211.00	22.00	234.32	58.13	43.00	2	6	9	
2	234.32	58.13	234.70	58.71	0.69	1	9	
3	234.70	58.71	252.78	86.72	33.34	0	
4	252.78	86.72	262.00	101.00	17.00	1	2	

6	3	175.684	5
1	211.00	22.00	196.36	60.12	40.83	2	6	9	
2	196.36	60.12	195.58	62.14	2.17	1	6	
3	195.58	62.14	164.17	143.91	87.60	0	
4	164.17	143.91	154.10	170.13	28.09	1	12	
5	154.10	170.13	148.00	186.00	17.00	2	3	12	

6	4	136.004	6
1	211.00	22.00	233.45	58.68	43.00	2	6	9	
2	233.45	58.68	234.03	59.62	1.11	1	9	
3	234.03	59.62	251.28	87.81	33.04	0	
4	251.28	87.81	264.77	109.85	25.85	1	2	
5	264.77	109.85	268.87	116.55	7.85	2	2	4	
6	268.87	116.55	282.00	138.00	25.15	1	4	

6	5	113.635	4
1	211.00	22.00	206.46	64.76	43.00	2	6	9	
2	206.46	64.76	206.19	67.32	2.58	1	9	
3	206.19	67.32	199.11	134.01	67.06	0	
4	199.11	134.01	199.00	135.00	1.00	1	5	

6	6	0	0

6	7	226.738	6
1	211.00	22.00	199.85	26.39	11.98	2	6	9	
2	199.85	26.39	179.72	34.30	21.63	1	6	
3	179.72	34.30	173.54	36.73	6.64	2	6	11	
4	173.54	36.73	170.98	37.74	2.75	1	6	
5	170.98	37.74	31.64	92.55	149.74	0	
6	31.64	92.55	0.00	105.00	34.00	1	7	

6	8	199.902	4
1	211.00	22.00	192.41	36.90	23.82	2	6	9	
2	192.41	36.90	177.44	48.89	19.18	1	6	
3	177.44	48.89	90.90	118.24	110.90	0	
4	90.90	118.24	55.00	147.00	46.00	1	8	

6	9	23.345	1
1	211.00	22.00	215.00	45.00	23.35	2	6	9	

6	10	277.714	6
1	211.00	22.00	200.94	63.81	43.00	2	6	9	
2	200.94	63.81	200.80	64.35	0.56	1	9	
3	200.80	64.35	182.04	142.29	80.16	0	
4	182.04	142.29	161.60	227.22	87.35	0	
5	161.60	227.22	151.38	269.64	43.64	0	
6	151.38	269.64	146.00	292.00	23.00	1	10	

6	11	37.121	3
1	211.00	22.00	196.86	29.28	15.90	2	6	9	
2	196.86	29.28	182.44	36.71	16.22	1	6	
3	182.44	36.71	178.00	39.00	5.00	2	6	11	

6	12	167.487	4
1	211.00	22.00	202.27	64.10	43.00	2	6	9	
2	202.27	64.10	202.04	65.20	1.12	1	9	
3	202.04	65.20	185.93	142.92	79.37	0	
4	185.93	142.92	177.00	186.00	44.00	1	12	

6	13	305.447	6
1	211.00	22.00	193.81	56.26	38.33	2	6	9	
2	193.81	56.26	191.71	60.43	4.67	1	6	
3	191.71	60.43	142.23	159.03	110.32	0	
4	142.23	159.03	134.60	174.24	17.02	1	12	
5	134.60	174.24	75.35	292.32	132.11	0	
6	75.35	292.32	74.00	295.00	3.00	1	13	

6	14	335.726	4
1	211.00	22.00	191.45	49.61	33.84	2	6	9	
2	191.45	49.61	186.15	57.09	9.16	1	6	
3	186.15	57.09	22.20	288.65	283.73	0	
4	22.20	288.65	17.00	296.00	9.00	1	14	

6	15	161.375	4
1	211.00	22.00	191.03	43.80	29.57	2	6	9	
2	191.03	43.80	181.96	53.71	13.43	1	6	
3	181.96	53.71	105.38	137.31	113.38	0	
4	105.38	137.31	102.00	141.00	5.00	1	15	

7	0	289.028	6
1	0.00	105.00	34.00	104.53	34.00	1	7	
2	34.00	104.53	37.44	104.48	3.45	0	
3	37.44	104.48	71.37	104.01	33.93	1	8	
4	71.37	104.01	245.01	101.61	173.66	0	
5	245.01	101.61	279.00	101.14	33.99	1	2	
6	279.00	101.14	289.00	101.00	10.00	0	

7	1	38.328	3
1	0.00	105.00	4.44	71.29	34.00	0	
2	4.44	71.29	4.87	67.99	3.33	0	
3	4.87	67.99	5.00	67.00	1.00	1	1	

7	2	262.031	5
1	0.00	105.00	34.00	104.48	34.00	1	7	
2	34.00	104.48	37.58	104.43	3.58	0	
3	37.58	104.43	71.11	103.91	33.54	1	8	
4	71.11	103.91	245.00	101.26	173.91	0	
5	245.00	101.26	262.00	101.00	17.00	1	2	

7	3	168.716	6
1	0.00	105.00	20.71	116.34	23.61	1	7	
2	20.71	116.34	29.83	121.32	10.39	2	7	8	
3	29.83	121.32	99.31	159.35	79.21	1	8	
4	99.31	159.35	133.09	177.84	38.50	0	
5	133.09	177.84	133.70	178.17	0.70	1	3	
6	133.70	178.17	148.00	186.00	16.30	2	3	12	

7	4	283.924	5
1	0.00	105.00	29.84	108.49	30.04	1	7	
2	29.84	108.49	33.77	108.95	3.96	2	7	8	
3	33.77	108.95	88.37	115.34	54.98	1	8	
4	88.37	115.34	249.22	134.16	161.95	0	
5	249.22	134.16	282.00	138.00	33.00	1	4	

7	5	201.249	5
1	0.00	105.00	28.62	109.31	28.94	1	7	
2	28.62	109.31	33.62	110.07	5.06	2	7	8	
3	33.62	110.07	91.32	118.77	58.35	1	8	
4	91.32	118.77	198.01	134.85	107.90	0	
5	198.01	134.85	199.00	135.00	1.00	1	5	

7	6	226.738	6
1	0.00	105.00	31.64	92.55	34.00	1	7	
2	31.64	92.55	170.98	37.74	149.74	0	
3	170.98	37.74	173.54	36.73	2.75	1	6	
4	173.54	36.73	179.72	34.30	6.64	2	6	11	
5	179.72	34.30	199.85	26.39	21.63	1	6	
6	199.85	26.39	211.00	22.00	11.98	2	6	9	

7	7	0	0

7	8	69.203	3
1	0.00	105.00	18.44	119.08	23.20	1	7	
2	18.44	119.08	27.02	125.64	10.80	2	7	8	
3	27.02	125.64	55.00	147.00	35.20	1	8	

7	9	223.215	4
1	0.00	105.00	32.75	95.86	34.00	1	7	
2	32.75	95.86	182.39	54.10	155.36	0	
3	182.39	54.10	191.88	51.45	9.86	1	6	
4	191.88	51.45	215.00	45.00	24.00	2	6	9	

7	10	237.245	5
1	0.00	105.00	15.02	124.24	24.41	1	7	
2	15.02	124.24	20.92	131.80	9.59	2	7	8	
3	20.92	131.80	67.38	191.30	75.49	1	8	
4	67.38	191.30	131.85	273.87	104.75	0	
5	131.85	273.87	146.00	292.00	23.00	1	10	

7	11	189.842	4
1	0.00	105.00	31.88	93.18	34.00	1	7	
2	31.88	93.18	172.45	41.06	149.93	0	
3	172.45	41.06	173.31	40.74	0.92	1	6	
4	173.31	40.74	178.00	39.00	5.00	2	6	11	

7	12	194.654	7
1	0.00	105.00	21.92	115.03	24.11	1	7	
2	21.92	115.03	30.92	119.15	9.89	2	7	8	
3	30.92	119.15	100.81	151.14	76.87	1	8	
4	100.81	151.14	136.99	167.69	39.78	0	
5	136.99	167.69	142.13	170.04	5.66	1	12	
6	142.13	170.04	163.91	180.01	23.95	2	3	12	
7	163.91	180.01	177.00	186.00	14.40	1	12	

7	13	203.902	5
1	0.00	105.00	11.06	133.39	30.47	1	7	
2	11.06	133.39	12.34	136.68	3.53	2	7	8	
3	12.34	136.68	31.84	186.74	53.72	1	8	
4	31.84	186.74	72.91	292.20	113.18	0	
5	72.91	292.20	74.00	295.00	3.00	1	13	

7	14	191.755	3
1	0.00	105.00	3.01	138.87	34.00	0	
2	3.01	138.87	16.20	287.04	148.75	0	
3	16.20	287.04	17.00	296.00	9.00	1	14	

7	15	108.167	5
1	0.00	105.00	23.64	113.34	25.07	1	7	
2	23.64	113.34	32.06	116.32	8.93	2	7	8	
3	32.06	116.32	97.28	139.34	69.17	1	8	
4	97.28	139.34	100.54	140.48	3.45	2	8	15	
5	100.54	140.48	102.00	141.00	1.55	1	15	

8	0	238.479	6
1	55.00	147.00	97.60	138.63	43.42	1	8	
2	97.60	138.63	100.14	138.13	2.58	2	8	15	
3	100.14	138.13	105.17	137.14	5.13	1	15	
4	105.17	137.14	247.13	109.23	144.67	0	
5	247.13	109.23	278.88	102.99	32.37	1	2	
6	278.88	102.99	289.00	101.00	10.31	0	

8	1	94.340	5
1	55.00	147.00	33.23	112.17	41.07	1	8	
2	33.23	112.17	30.62	107.99	4.93	2	7	8	
3	30.62	107.99	8.11	71.98	42.46	1	7	
4	8.11	71.98	5.53	67.85	4.88	0	
5	5.53	67.85	5.00	67.00	1.00	1	1	

8	2	212.050	5
1	55.00	147.00	98.63	137.30	44.70	1	8	
2	98.63	137.30	99.90	137.02	1.30	2	8	15	
3	99.90	137.02	103.48	136.23	3.67	1	15	
4	103.48	136.23	245.40	104.69	145.38	0	
5	245.40	104.69	262.00	101.00	17.00	1	2	

8	3	100.846	4
1	55.00	147.00	97.42	164.79	46.00	1	8	
2	97.42	164.79	132.32	179.43	37.85	0	
3	132.32	179.43	133.43	179.89	1.20	1	3	
4	133.43	179.89	148.00	186.00	15.80	2	3	12	

8	4	227.178	7
1	55.00	147.00	99.35	145.24	44.39	1	8	
2	99.35	145.24	100.96	145.18	1.61	2	8	15	
3	100.96	145.18	104.97	145.02	4.01	1	15	
4	104.97	145.02	171.10	142.40	66.18	0	
5	171.10	142.40	179.42	142.07	8.33	1	12	
6	179.42	142.07	249.03	139.31	69.66	0	
7	249.03	139.31	282.00	138.00	33.00	1	4	

8	5	144.499	5
1	55.00	147.00	97.64	143.45	42.79	1	8	
2	97.64	143.45	100.84	143.18	3.21	2	8	15	
3	100.84	143.18	106.71	142.69	5.88	1	15	
4	106.71	142.69	198.00	135.08	91.61	0	
5	198.00	135.08	199.00	135.00	1.00	1	5	

8	6	199.902	4
1	55.00	147.00	90.90	118.24	46.00	1	8	
2	90.90	118.24	177.44	48.89	110.90	0	
3	177.44	48.89	192.41	36.90	19.18	1	6	
4	192.41	36.90	211.00	22.00	23.82	2	6	9	

8	7	69.203	3
1	55.00	147.00	27.02	125.64	35.20	1	8	
2	27.02	125.64	18.44	119.08	10.80	2	7	8	
3	18.44	119.08	0.00	105.00	23.20	1	7	

8	8	0	0

8	9	189.747	4
1	55.00	147.00	93.79	122.27	46.00	1	8	
2	93.79	122.27	191.20	60.17	115.52	0	
3	191.20	60.17	194.76	57.90	4.22	1	6	
4	194.76	57.90	215.00	45.00	24.00	2	6	9	

8	10	171.190	3
1	55.00	147.00	79.45	185.96	46.00	1	8	
2	79.45	185.96	133.77	272.52	102.19	0	
3	133.77	272.52	146.00	292.00	23.00	1	10	

8	11	163.686	4
1	55.00	147.00	89.57	116.65	46.00	1	8	
2	89.57	116.65	173.47	42.98	111.65	0	
3	173.47	42.98	174.24	42.30	1.03	1	6	
4	174.24	42.30	178.00	39.00	5.00	2	6	11	

8	12	128.082	5
1	55.00	147.00	98.82	161.01	46.00	1	8	
2	98.82	161.01	135.09	172.60	38.08	0	
3	135.09	172.60	136.85	173.17	1.85	1	12	
4	136.85	173.17	164.53	182.01	29.05	2	3	12	
5	164.53	182.01	177.00	186.00	13.10	1	12	

8	13	149.215	3
1	55.00	147.00	60.86	192.63	46.00	1	8	
2	60.86	192.63	73.62	292.02	100.21	0	
3	73.62	292.02	74.00	295.00	3.00	1	13	

8	14	153.769	3
1	55.00	147.00	43.63	191.57	46.00	0	
2	43.63	191.57	19.22	287.28	98.77	0	
3	19.22	287.28	17.00	296.00	9.00	1	14	

8	15	47.381	3
1	55.00	147.00	97.04	141.63	42.38	1	8	
2	97.04	141.63	100.63	141.17	3.62	2	8	15	
3	100.63	141.17	102.00	141.00	1.38	1	15	

9	0	92.801	5
1	215.00	45.00	233.24	58.80	22.87	2	6	9	
2	233.24	58.80	234.14	59.48	1.13	1	9	
3	234.14	59.48	267.96	85.08	42.42	0	
4	267.96	85.08	275.70	90.94	9.70	1	2	
5	275.70	90.94	289.00	101.00	16.68	0	

9	1	211.149	4
1	215.00	45.00	191.13	47.50	24.00	2	6	9	
2	191.13	47.50	177.48	48.93	13.73	1	6	
3	177.48	48.93	5.99	66.90	172.42	0	
4	5.99	66.90	5.00	67.00	1.00	1	1	

9	2	73.110	4
1	215.00	45.00	228.62	61.23	21.18	2	6	9	
2	228.62	61.23	230.43	63.38	2.82	1	9	
3	230.43	63.38	251.07	87.98	32.11	0	
4	251.07	87.98	262.00	101.00	17.00	1	2	

9	3	156.109	5
1	215.00	45.00	205.65	64.67	21.77	2	6	9	
2	205.65	64.67	204.70	66.68	2.23	1	9	
3	204.70	66.68	168.52	142.83	84.31	0	
4	168.52	142.83	155.30	170.65	30.80	1	12	
5	155.30	170.65	148.00	186.00	17.00	2	3	12	

9	4	114.621	6
1	215.00	45.00	227.14	61.85	20.77	2	6	9	
2	227.14	61.85	229.03	64.47	3.23	1	9	
3	229.03	64.47	248.20	91.08	32.79	0	
4	248.20	91.08	262.71	111.22	24.83	1	2	
5	262.71	111.22	267.04	117.24	7.41	2	2	4	
6	267.04	117.24	282.00	138.00	25.59	1	4	

9	5	91.411	4
1	215.00	45.00	211.44	65.00	20.31	2	6	9	
2	211.44	65.00	210.80	68.63	3.69	1	9	
3	210.80	68.63	199.18	134.02	66.41	0	
4	199.18	134.02	199.00	135.00	1.00	1	5	

9	6	23.345	1
1	215.00	45.00	211.00	22.00	23.35	2	6	9	

9	7	223.215	4
1	215.00	45.00	191.88	51.45	24.00	2	6	9	
2	191.88	51.45	182.39	54.10	9.86	1	6	
3	182.39	54.10	32.75	95.86	155.36	0	
4	32.75	95.86	0.00	105.00	34.00	1	7	

9	8	189.747	4
1	215.00	45.00	194.76	57.90	24.00	2	6	9	
2	194.76	57.90	191.20	60.17	4.22	1	6	
3	191.20	60.17	93.79	122.27	115.52	0	
4	93.79	122.27	55.00	147.00	46.00	1	8	

9	9	0	0

9	10	256.457	6
1	215.00	45.00	209.42	64.97	20.74	2	6	9	
2	209.42	64.97	208.54	68.11	3.26	1	9	
3	208.54	68.11	187.54	143.28	78.05	0	
4	187.54	143.28	163.88	228.00	87.96	1	12	
5	163.88	228.00	152.19	269.85	43.45	0	
6	152.19	269.85	146.00	292.00	23.00	1	10	

9	11	37.483	3
1	215.00	45.00	191.31	41.16	24.00	2	6	9	
2	191.31	41.16	182.94	39.80	8.48	1	6	
3	182.94	39.80	178.00	39.00	5.00	2	6	11	

9	12	146.031	4
1	215.00	45.00	209.62	64.98	20.69	2	6	9	
2	209.62	64.98	208.75	68.17	3.31	1	9	
3	208.75	68.17	188.45	143.52	78.03	0	
4	188.45	143.52	177.00	186.00	44.00	1	12	

9	13	287.021	8
1	215.00	45.00	204.04	64.43	22.31	2	6	9	
2	204.04	64.43	203.21	65.90	1.69	1	9	
3	203.21	65.90	157.81	146.41	92.42	0	
4	157.81	146.41	144.90	169.28	26.27	1	12	
5	144.90	169.28	133.19	190.06	23.85	2	3	12	
6	133.19	190.06	132.09	192.00	2.23	1	3	
7	132.09	192.00	75.47	292.39	115.25	0	
8	75.47	292.39	74.00	295.00	3.00	1	13	

9	14	319.695	4
1	215.00	45.00	200.29	63.65	23.75	2	6	9	
2	200.29	63.65	200.14	63.84	0.25	1	9	
3	200.14	63.84	22.57	288.93	286.70	0	
4	22.57	288.93	17.00	296.00	9.00	1	14	

9	15	148.273	4
1	215.00	45.00	196.71	60.54	24.00	2	6	9	
2	196.71	60.54	195.06	61.94	2.16	1	6	
3	195.06	61.94	105.81	137.76	117.11	0	
4	105.81	137.76	102.00	141.00	5.00	1	15	

10	0	238.600	6
1	146.00	292.00	159.78	273.59	23.00	1	10	
2	159.78	273.59	195.46	225.94	59.52	0	
3	195.46	225.94	220.52	192.46	41.82	1	12	
4	220.52	192.46	251.63	150.91	51.91	0	
5	251.63	150.91	285.84	105.22	57.07	1	4	
6	285.84	105.22	289.00	101.00	5.28	0	

10	1	265.530	7
1	146.00	292.00	133.79	272.51	23.00	1	10	
2	133.79	272.51	79.52	185.92	102.19	0	
3	79.52	185.92	33.25	112.09	87.13	1	8	
4	33.25	112.09	30.67	107.96	4.87	2	7	8	
5	30.67	107.96	8.12	71.98	42.46	1	7	
6	8.12	71.98	5.53	67.85	4.88	0	
7	5.53	67.85	5.00	67.00	1.00	1	1	

10	2	223.466	5
1	146.00	292.00	157.94	272.34	23.00	1	10	
2	157.94	272.34	183.99	229.44	50.19	0	
3	183.99	229.44	218.77	172.18	67.00	1	12	
4	218.77	172.18	253.18	115.53	66.28	0	
5	253.18	115.53	262.00	101.00	17.00	1	2	

10	3	106.019	4
1	146.00	292.00	146.43	269.00	23.00	0	
2	146.43	269.00	147.39	218.54	50.47	0	
3	147.39	218.54	147.68	203.00	15.55	1	12	
4	147.68	203.00	148.00	186.00	17.00	2	3	12	

10	4	205.456	3
1	146.00	292.00	161.22	274.76	23.00	1	10	
2	161.22	274.76	260.16	162.74	149.46	0	
3	260.16	162.74	282.00	138.00	33.00	1	4	

10	5	165.705	5
1	146.00	292.00	153.36	270.21	23.00	1	10	
2	153.36	270.21	167.30	228.92	43.58	0	
3	167.30	228.92	195.29	145.98	87.53	1	12	
4	195.29	145.98	198.68	135.95	10.59	0	
5	198.68	135.95	199.00	135.00	1.00	1	5	

10	6	277.714	6
1	146.00	292.00	151.38	269.64	23.00	1	10	
2	151.38	269.64	161.60	227.22	43.64	0	
3	161.60	227.22	182.04	142.29	87.35	0	
4	182.04	142.29	200.80	64.35	80.16	0	
5	200.80	64.35	200.94	63.81	0.56	1	9	
6	200.94	63.81	211.00	22.00	43.00	2	6	9	

10	7	237.245	5
1	146.00	292.00	131.85	273.87	23.00	1	10	
2	131.85	273.87	67.38	191.30	104.75	0	
3	67.38	191.30	20.92	131.80	75.49	1	8	
4	20.92	131.80	15.02	124.24	9.59	2	7	8	
5	15.02	124.24	0.00	105.00	24.41	1	7	

10	8	171.190	3
1	146.00	292.00	133.77	272.52	23.00	1	10	
2	133.77	272.52	79.45	185.96	102.19	0	
3	79.45	185.96	55.00	147.00	46.00	1	8	

10	9	256.457	6
1	146.00	292.00	152.19	269.85	23.00	1	10	
2	152.19	269.85	163.88	228.00	43.45	0	
3	163.88	228.00	187.54	143.28	87.96	1	12	
4	187.54	143.28	208.54	68.11	78.05	0	
5	208.54	68.11	209.42	64.97	3.26	1	9	
6	209.42	64.97	215.00	45.00	20.74	2	6	9	

10	10	0	0

10	11	255.016	8
1	146.00	292.00	148.89	269.18	23.00	1	10	
2	148.89	269.18	154.62	223.88	45.66	0	
3	154.62	223.88	157.64	200.01	24.07	1	12	
4	157.64	200.01	160.82	174.83	25.37	2	3	12	
5	160.82	174.83	164.75	143.74	31.34	0	
6	164.75	143.74	176.85	48.12	96.38	0	
7	176.85	48.12	177.37	43.96	4.20	1	6	
8	177.37	43.96	178.00	39.00	5.00	2	6	11	

10	12	110.440	3
1	146.00	292.00	152.46	269.92	23.00	1	10	
2	152.46	269.92	164.65	228.23	43.44	0	
3	164.65	228.23	177.00	186.00	44.00	1	12	

10	13	72.062	3
1	146.00	292.00	123.02	292.96	23.00	1	10	
2	123.02	292.96	77.00	294.88	46.06	0	
3	77.00	294.88	74.00	295.00	3.00	1	13	

10	14	129.062	5
1	146.00	292.00	123.01	292.71	23.00	1	10	
2	123.01	292.71	76.88	294.14	46.16	0	
3	76.88	294.14	71.08	294.32	5.80	1	13	
4	71.08	294.32	26.00	295.72	45.10	0	
5	26.00	295.72	17.00	296.00	9.00	1	14	

10	15	157.280	3
1	146.00	292.00	139.57	269.92	23.00	1	10	
2	139.57	269.92	103.40	145.80	129.28	0	
3	103.40	145.80	102.00	141.00	5.00	1	15	

11	0	127.142	7
1	178.00	39.00	182.37	41.44	5.00	2	6	11	
2	182.37	41.44	191.03	46.28	9.93	1	6	
3	191.03	46.28	221.99	63.57	35.46	2	6	9	
4	221.99	63.57	226.48	66.08	5.14	1	9	
5	226.48	66.08	259.03	84.26	37.29	0	
6	259.03	84.26	277.81	94.75	21.51	1	2	
7	277.81	94.75	289.00	101.00	12.82	0	

11	1	175.251	4
1	178.00	39.00	173.06	39.80	5.00	2	6	11	
2	173.06	39.80	171.94	39.98	1.14	1	6	
3	171.94	39.98	5.99	66.84	168.11	0	
4	5.99	66.84	5.00	67.00	1.00	1	1	

11	2	104.403	6
1	178.00	39.00	182.02	41.97	5.00	2	6	11	
2	182.02	41.97	191.31	48.82	11.54	1	6	
3	191.31	48.82	213.15	64.95	27.15	2	6	9	
4	213.15	64.95	218.33	68.77	6.44	1	9	
5	218.33	68.77	248.32	90.90	37.28	0	
6	248.32	90.90	262.00	101.00	17.00	1	2	

11	3	150.030	5
1	178.00	39.00	177.00	43.90	5.00	2	6	11	
2	177.00	43.90	176.29	47.38	3.55	1	6	
3	176.29	47.38	155.88	147.40	102.08	0	
4	155.88	147.40	151.40	169.34	22.39	1	12	
5	151.40	169.34	148.00	186.00	17.00	2	3	12	

11	4	143.586	8
1	178.00	39.00	181.62	42.45	5.00	2	6	11	
2	181.62	42.45	192.21	52.53	14.62	1	6	
3	192.21	52.53	204.85	64.56	17.45	2	6	9	
4	204.85	64.56	208.60	68.13	5.18	1	9	
5	208.60	68.13	245.10	102.88	50.39	0	
6	245.10	102.88	258.10	115.25	17.94	1	2	
7	258.10	115.25	260.96	117.97	3.95	2	2	4	
8	260.96	117.97	282.00	138.00	29.05	1	4	

11	5	98.270	4
1	178.00	39.00	179.07	43.88	5.00	2	6	11	
2	179.07	43.88	181.03	52.83	9.16	1	6	
3	181.03	52.83	198.79	134.02	83.11	0	
4	198.79	134.02	199.00	135.00	1.00	1	5	

11	6	37.121	3
1	178.00	39.00	182.44	36.71	5.00	2	6	11	
2	182.44	36.71	196.86	29.28	16.22	1	6	
3	196.86	29.28	211.00	22.00	15.90	2	6	9	

11	7	189.842	4
1	178.00	39.00	173.31	40.74	5.00	2	6	11	
2	173.31	40.74	172.45	41.06	0.92	1	6	
3	172.45	41.06	31.88	93.18	149.93	0	
4	31.88	93.18	0.00	105.00	34.00	1	7	

11	8	163.686	4
1	178.00	39.00	174.24	42.30	5.00	2	6	11	
2	174.24	42.30	173.47	42.98	1.03	1	6	
3	173.47	42.98	89.57	116.65	111.65	0	
4	89.57	116.65	55.00	147.00	46.00	1	8	

11	9	37.483	3
1	178.00	39.00	182.94	39.80	5.00	2	6	11	
2	182.94	39.80	191.31	41.16	8.48	1	6	
3	191.31	41.16	215.00	45.00	24.00	2	6	9	

11	10	255.016	8
1	178.00	39.00	177.37	43.96	5.00	2	6	11	
2	177.37	43.96	176.85	48.12	4.20	1	6	
3	176.85	48.12	164.75	143.74	96.38	0	
4	164.75	143.74	160.82	174.83	31.34	0	
5	160.82	174.83	157.64	200.01	25.37	2	3	12	
6	157.64	200.01	154.62	223.88	24.07	1	12	
7	154.62	223.88	148.89	269.18	45.66	0	
8	148.89	269.18	146.00	292.00	23.00	1	10	

11	11	0	0

11	12	147.003	4
1	178.00	39.00	177.97	44.00	5.00	2	6	11	
2	177.97	44.00	177.93	49.48	5.48	1	6	
3	177.93	49.48	177.30	142.00	92.52	0	
4	177.30	142.00	177.00	186.00	44.00	1	12	

11	13	276.319	4
1	178.00	39.00	176.12	43.63	5.00	2	6	11	
2	176.12	43.63	175.22	45.85	2.39	1	6	
3	175.22	45.85	75.13	292.22	265.93	0	
4	75.13	292.22	74.00	295.00	3.00	1	13	

11	14	303.266	4
1	178.00	39.00	175.35	43.24	5.00	2	6	11	
2	175.35	43.24	174.45	44.66	1.68	1	6	
3	174.45	44.66	21.78	288.37	287.59	0	
4	21.78	288.37	17.00	296.00	9.00	1	14	

11	15	127.201	4
1	178.00	39.00	175.01	43.01	5.00	2	6	11	
2	175.01	43.01	174.15	44.16	1.44	1	6	
3	174.15	44.16	104.99	136.99	115.76	0	
4	104.99	136.99	102.00	141.00	5.00	1	15	

12	0	140.602	6
1	177.00	186.00	212.05	159.40	44.00	1	12	
2	212.05	159.40	249.81	130.74	47.40	0	
3	249.81	130.74	268.08	116.87	22.94	1	4	
4	268.08	116.87	275.65	111.13	9.50	2	2	4	
5	275.65	111.13	283.67	105.04	10.07	1	4	
6	283.67	105.04	289.00	101.00	6.69	0	

12	1	209.153	7
1	177.00	186.00	160.75	174.76	19.76	1	12	
2	160.75	174.76	154.02	170.10	8.19	2	3	12	
3	154.02	170.10	140.82	160.97	16.06	1	12	
4	140.82	160.97	98.34	131.58	51.65	0	
5	98.34	131.58	54.15	101.01	53.73	1	8	
6	54.15	101.01	5.82	67.57	58.77	0	
7	5.82	67.57	5.00	67.00	1.00	1	1	

12	2	120.208	3
1	177.00	186.00	208.11	154.89	44.00	1	12	
2	208.11	154.89	249.98	113.02	59.21	0	
3	249.98	113.02	262.00	101.00	17.00	1	2	

12	3	29.000	2
1	177.00	186.00	165.00	186.00	12.00	1	12	
2	165.00	186.00	148.00	186.00	17.00	2	3	12	

12	4	115.451	3
1	177.00	186.00	217.02	167.71	44.00	1	12	
2	217.02	167.71	251.99	151.72	38.45	0	
3	251.99	151.72	282.00	138.00	33.00	1	4	

12	5	55.543	3
1	177.00	186.00	194.43	145.60	44.00	1	12	
2	194.43	145.60	198.60	135.92	10.54	0	
3	198.60	135.92	199.00	135.00	1.00	1	5	

12	6	167.487	4
1	177.00	186.00	185.93	142.92	44.00	1	12	
2	185.93	142.92	202.04	65.20	79.37	0	
3	202.04	65.20	202.27	64.10	1.12	1	9	
4	202.27	64.10	211.00	22.00	43.00	2	6	9	

12	7	194.654	7
1	177.00	186.00	163.91	180.01	14.40	1	12	
2	163.91	180.01	142.13	170.04	23.95	2	3	12	
3	142.13	170.04	136.99	167.69	5.66	1	12	
4	136.99	167.69	100.81	151.14	39.78	0	
5	100.81	151.14	30.92	119.15	76.87	1	8	
6	30.92	119.15	21.92	115.03	9.89	2	7	8	
7	21.92	115.03	0.00	105.00	24.11	1	7	

12	8	128.082	5
1	177.00	186.00	164.53	182.01	13.10	1	12	
2	164.53	182.01	136.85	173.17	29.05	2	3	12	
3	136.85	173.17	135.09	172.60	1.85	1	12	
4	135.09	172.60	98.82	161.01	38.08	0	
5	98.82	161.01	55.00	147.00	46.00	1	8	

12	9	146.031	4
1	177.00	186.00	188.45	143.52	44.00	1	12	
2	188.45	143.52	208.75	68.17	78.03	0	
3	208.75	68.17	209.62	64.98	3.31	1	9	
4	209.62	64.98	215.00	45.00	20.69	2	6	9	

12	10	110.440	3
1	177.00	186.00	164.65	228.23	44.00	1	12	
2	164.65	228.23	152.46	269.92	43.44	0	
3	152.46	269.92	146.00	292.00	23.00	1	10	

12	11	147.003	4
1	177.00	186.00	177.30	142.00	44.00	1	12	
2	177.30	142.00	177.93	49.48	92.52	0	
3	177.93	49.48	177.97	44.00	5.48	1	6	
4	177.97	44.00	178.00	39.00	5.00	2	6	11	

12	12	0	0

12	13	149.967	3
1	177.00	186.00	146.78	217.98	44.00	1	12	
2	146.78	217.98	76.06	292.82	102.97	0	
3	76.06	292.82	74.00	295.00	3.00	1	13	

12	14	194.165	5
1	177.00	186.00	160.91	197.06	19.53	1	12	
2	160.91	197.06	153.71	202.01	8.74	2	3	12	
3	153.71	202.01	140.74	210.93	15.73	1	12	
4	140.74	210.93	24.42	290.90	141.16	0	
5	24.42	290.90	17.00	296.00	9.00	1	14	

12	15	87.464	5
1	177.00	186.00	162.66	177.40	16.72	1	12	
2	162.66	177.40	148.69	169.01	16.30	2	3	12	
3	148.69	169.01	139.27	163.36	10.99	1	12	
4	139.27	163.36	106.29	143.57	38.46	0	
5	106.29	143.57	102.00	141.00	5.00	1	15	

13	0	289.588	6
1	74.00	295.00	76.23	292.99	3.00	1	13	
2	76.23	292.99	153.54	223.23	104.14	0	
3	153.54	223.23	216.43	166.48	84.71	1	12	
4	216.43	166.48	249.01	137.08	43.88	0	
5	249.01	137.08	284.46	105.09	47.75	1	4	
6	284.46	105.09	289.00	101.00	6.11	0	

13	1	238.212	7
1	74.00	295.00	73.13	292.13	3.00	1	13	
2	73.13	292.13	42.62	191.30	105.34	0	
3	42.62	191.30	23.84	129.24	64.84	0	
4	23.84	129.24	20.13	117.00	12.80	2	7	8	
5	20.13	117.00	6.39	71.61	47.42	1	7	
6	6.39	71.61	5.29	67.96	3.81	0	
7	5.29	67.96	5.00	67.00	1.00	1	1	

13	2	270.148	5
1	74.00	295.00	76.09	292.85	3.00	1	13	
2	76.09	292.85	147.76	218.88	103.00	0	
3	147.76	218.88	208.95	155.75	87.92	1	12	
4	208.95	155.75	250.17	113.21	59.23	0	
5	250.17	113.21	262.00	101.00	17.00	1	2	

13	3	131.746	4
1	74.00	295.00	75.69	292.52	3.00	1	13	
2	75.69	292.52	136.43	203.04	108.15	0	
3	136.43	203.04	138.45	200.06	3.59	1	12	
4	138.45	200.06	148.00	186.00	17.00	2	3	12	

13	4	260.601	5
1	74.00	295.00	76.39	293.19	3.00	1	13	
2	76.39	293.19	163.10	227.75	108.63	0	
3	163.10	227.75	220.96	184.07	72.49	1	12	
4	220.96	184.07	255.66	157.88	43.48	0	
5	255.66	157.88	282.00	138.00	33.00	1	4	

13	5	203.039	7
1	74.00	295.00	75.85	292.64	3.00	1	13	
2	75.85	292.64	140.25	210.20	104.61	0	
3	140.25	210.20	145.97	202.88	9.29	1	12	
4	145.97	202.88	163.89	179.95	29.10	2	3	12	
5	163.89	179.95	191.59	144.49	45.00	1	12	
6	191.59	144.49	198.38	135.79	11.04	0	
7	198.38	135.79	199.00	135.00	1.00	1	5	

13	6	305.447	6
1	74.00	295.00	75.35	292.32	3.00	1	13	
2	75.35	292.32	134.60	174.24	132.11	0	
3	134.60	174.24	142.23	159.03	17.02	1	12	
4	142.23	159.03	191.71	60.43	110.32	0	
5	191.71	60.43	193.81	56.26	4.67	1	6	
6	193.81	56.26	211.00	22.00	38.33	2	6	9	

13	7	203.902	5
1	74.00	295.00	72.91	292.20	3.00	1	13	
2	72.91	292.20	31.84	186.74	113.18	0	
3	31.84	186.74	12.34	136.68	53.72	1	8	
4	12.34	136.68	11.06	133.39	3.53	2	7	8	
5	11.06	133.39	0.00	105.00	30.47	1	7	

13	8	149.215	3
1	74.00	295.00	73.62	292.02	3.00	1	13	
2	73.62	292.02	60.86	192.63	100.21	0	
3	60.86	192.63	55.00	147.00	46.00	1	8	

13	9	287.021	8
1	74.00	295.00	75.47	292.39	3.00	1	13	
2	75.47	292.39	132.09	192.00	115.25	0	
3	132.09	192.00	133.19	190.06	2.23	1	3	
4	133.19	190.06	144.90	169.28	23.85	2	3	12	
5	144.90	169.28	157.81	146.41	26.27	1	12	
6	157.81	146.41	203.21	65.90	92.42	0	
7	203.21	65.90	204.04	64.43	1.69	1	9	
8	204.04	64.43	215.00	45.00	22.31	2	6	9	

13	10	72.062	3
1	74.00	295.00	77.00	294.88	3.00	1	13	
2	77.00	294.88	123.02	292.96	46.06	0	
3	123.02	292.96	146.00	292.00	23.00	1	10	

13	11	276.319	4
1	74.00	295.00	75.13	292.22	3.00	1	13	
2	75.13	292.22	175.22	45.85	265.93	0	
3	175.22	45.85	176.12	43.63	2.39	1	6	
4	176.12	43.63	178.00	39.00	5.00	2	6	11	

13	12	149.967	3
1	74.00	295.00	76.06	292.82	3.00	1	13	
2	76.06	292.82	146.78	217.98	102.97	0	
3	146.78	217.98	177.00	186.00	44.00	1	12	

13	13	0	0

13	14	57.009	3
1	74.00	295.00	71.00	295.05	3.00	1	13	
2	71.00	295.05	26.00	295.84	45.01	0	
3	26.00	295.84	17.00	296.00	9.00	1	14	

13	15	156.525	5
1	74.00	295.00	74.54	292.05	3.00	1	13	
2	74.54	292.05	97.88	163.65	130.51	0	
3	97.88	163.65	101.00	146.51	17.41	1	8	
4	101.00	146.51	101.11	145.92	0.60	0	
5	101.11	145.92	102.00	141.00	5.00	1	15	

14	0	334.677	10
1	17.00	296.00	24.31	290.76	9.00	1	14	
2	24.31	290.76	139.15	208.43	141.29	0	
3	139.15	208.43	146.78	202.96	9.40	1	12	
4	146.78	202.96	164.45	190.29	21.74	2	3	12	
5	164.45	190.29	210.40	157.35	56.53	1	12	
6	210.40	157.35	250.33	128.72	49.14	0	
7	250.33	128.72	265.93	117.54	19.19	1	4	
8	265.93	117.54	276.40	110.03	12.89	2	2	4	
9	276.40	110.03	283.38	105.03	8.59	1	4	
10	283.38	105.03	289.00	101.00	6.91	0	

14	1	229.314	7
1	17.00	296.00	16.53	287.01	9.00	1	14	
2	16.53	287.01	9.57	154.22	132.97	0	
3	9.57	154.22	9.06	144.56	9.67	1	8	
4	9.06	144.56	8.71	137.86	6.71	0	
5	8.71	137.86	5.23	71.40	66.55	0	
6	5.23	71.40	5.05	68.00	3.41	0	
7	5.05	68.00	5.00	67.00	1.00	1	1	

14	2	313.129	7
1	17.00	296.00	24.04	290.40	9.00	1	14	
2	24.04	290.40	135.80	201.44	142.84	0	
3	135.80	201.44	137.96	199.72	2.77	1	12	
4	137.96	199.72	163.62	179.30	32.79	2	3	12	
5	163.62	179.30	201.30	149.32	48.15	1	12	
6	201.30	149.32	248.70	111.59	60.59	0	
7	248.70	111.59	262.00	101.00	17.00	1	2	

14	3	171.058	4
1	17.00	296.00	23.89	290.21	9.00	1	14	
2	23.89	290.21	134.49	197.35	144.41	0	
3	134.49	197.35	134.98	196.93	0.64	1	12	
4	134.98	196.93	148.00	186.00	17.00	2	3	12	

14	4	308.527	5
1	17.00	296.00	24.73	291.39	9.00	1	14	
2	24.73	291.39	147.20	218.37	142.59	0	
3	147.20	218.37	219.65	175.18	84.35	1	12	
4	219.65	175.18	253.66	154.90	39.59	0	
5	253.66	154.90	282.00	138.00	33.00	1	4	

14	5	242.992	7
1	17.00	296.00	23.74	290.04	9.00	1	14	
2	23.74	290.04	132.78	193.58	145.58	0	
3	132.78	193.58	133.54	192.90	1.02	1	3	
4	133.54	192.90	157.38	171.82	31.82	2	3	12	
5	157.38	171.82	189.15	143.71	42.42	1	12	
6	189.15	143.71	198.25	135.66	12.15	0	
7	198.25	135.66	199.00	135.00	1.00	1	5	

14	6	335.726	4
1	17.00	296.00	22.20	288.65	9.00	1	14	
2	22.20	288.65	186.15	57.09	283.73	0	
3	186.15	57.09	191.45	49.61	9.16	1	6	
4	191.45	49.61	211.00	22.00	33.84	2	6	9	

14	7	191.755	3
1	17.00	296.00	16.20	287.04	9.00	1	14	
2	16.20	287.04	3.01	138.87	148.75	0	
3	3.01	138.87	0.00	105.00	34.00	0	

14	8	153.769	3
1	17.00	296.00	19.22	287.28	9.00	1	14	
2	19.22	287.28	43.63	191.57	98.77	0	
3	43.63	191.57	55.00	147.00	46.00	0	

14	9	319.695	4
1	17.00	296.00	22.57	288.93	9.00	1	14	
2	22.57	288.93	200.14	63.84	286.70	0	
3	200.14	63.84	200.29	63.65	0.25	1	9	
4	200.29	63.65	215.00	45.00	23.75	2	6	9	

14	10	129.062	5
1	17.00	296.00	26.00	295.72	9.00	1	14	
2	26.00	295.72	71.08	294.32	45.10	0	
3	71.08	294.32	76.88	294.14	5.80	1	13	
4	76.88	294.14	123.01	292.71	46.16	0	
5	123.01	292.71	146.00	292.00	23.00	1	10	

14	11	303.266	4
1	17.00	296.00	21.78	288.37	9.00	1	14	
2	21.78	288.37	174.45	44.66	287.59	0	
3	174.45	44.66	175.35	43.24	1.68	1	6	
4	175.35	43.24	178.00	39.00	5.00	2	6	11	

14	12	194.165	5
1	17.00	296.00	24.42	290.90	9.00	1	14	
2	24.42	290.90	140.74	210.93	141.16	0	
3	140.74	210.93	153.71	202.01	15.73	1	12	
4	153.71	202.01	160.91	197.06	8.74	2	3	12	
5	160.91	197.06	177.00	186.00	19.53	1	12	

14	13	57.009	3
1	17.00	296.00	26.00	295.84	9.00	1	14	
2	26.00	295.84	71.00	295.05	45.01	0	
3	71.00	295.05	74.00	295.00	3.00	1	13	

14	14	0	0

14	15	176.777	5
1	17.00	296.00	21.33	288.11	9.00	1	14	
2	21.33	288.11	76.37	187.73	114.48	0	
3	76.37	187.73	99.60	145.38	48.30	1	8	
4	99.60	145.38	100.84	143.12	2.58	2	8	15	
5	100.84	143.12	102.00	141.00	2.42	1	15	

15	0	191.230	4
1	102.00	141.00	106.89	139.95	5.00	1	15	
2	106.89	139.95	247.50	109.88	143.79	0	
3	247.50	109.88	278.86	103.17	32.07	1	2	
4	278.86	103.17	289.00	101.00	10.37	0	

15	1	122.004	7
1	102.00	141.00	100.43	139.81	1.97	1	15	
2	100.43	139.81	98.02	137.97	3.03	2	8	15	
3	98.02	137.97	49.93	101.28	60.49	1	8	
4	49.93	101.28	25.83	82.89	30.32	0	
5	25.83	82.89	14.50	74.25	14.25	1	7	
6	14.50	74.25	5.80	67.61	10.95	0	
7	5.80	67.61	5.00	67.00	1.00	1	1	

15	2	164.924	3
1	102.00	141.00	106.85	139.79	5.00	1	15	
2	106.85	139.79	245.51	105.12	142.92	0	
3	245.51	105.12	262.00	101.00	17.00	1	2	

15	3	64.351	4
1	102.00	141.00	105.57	144.50	5.00	1	15	
2	105.57	144.50	134.91	173.19	41.03	0	
3	134.91	173.19	135.85	174.11	1.32	1	12	
4	135.85	174.11	148.00	186.00	17.00	2	3	12	

15	4	180.025	3
1	102.00	141.00	107.00	140.92	5.00	1	15	
2	107.00	140.92	249.00	138.55	142.03	0	
3	249.00	138.55	282.00	138.00	33.00	1	4	

15	5	97.185	3
1	102.00	141.00	106.99	140.69	5.00	1	15	
2	106.99	140.69	198.00	135.06	91.19	0	
3	198.00	135.06	199.00	135.00	1.00	1	5	

15	6	161.375	4
1	102.00	141.00	105.38	137.31	5.00	1	15	
2	105.38	137.31	181.96	53.71	113.38	0	
3	181.96	53.71	191.03	43.80	13.43	1	6	
4	191.03	43.80	211.00	22.00	29.57	2	6	9	

15	7	108.167	5
1	102.00	141.00	100.54	140.48	1.55	1	15	
2	100.54	140.48	97.28	139.34	3.45	2	8	15	
3	97.28	139.34	32.06	116.32	69.17	1	8	
4	32.06	116.32	23.64	113.34	8.93	2	7	8	
5	23.64	113.34	0.00	105.00	25.07	1	7	

15	8	47.381	3
1	102.00	141.00	100.63	141.17	1.38	1	15	
2	100.63	141.17	97.04	141.63	3.62	2	8	15	
3	97.04	141.63	55.00	147.00	42.38	1	8	

15	9	148.273	4
1	102.00	141.00	105.81	137.76	5.00	1	15	
2	105.81	137.76	195.06	61.94	117.11	0	
3	195.06	61.94	196.71	60.54	2.16	1	6	
4	196.71	60.54	215.00	45.00	24.00	2	6	9	

15	10	157.280	3
1	102.00	141.00	103.40	145.80	5.00	1	15	
2	103.40	145.80	139.57	269.92	129.28	0	
3	139.57	269.92	146.00	292.00	23.00	1	10	

15	11	127.201	4
1	102.00	141.00	104.99	136.99	5.00	1	15	
2	104.99	136.99	174.15	44.16	115.76	0	
3	174.15	44.16	175.01	43.01	1.44	1	6	
4	175.01	43.01	178.00	39.00	5.00	2	6	11	

15	12	87.464	5
1	102.00	141.00	106.29	143.57	5.00	1	15	
2	106.29	143.57	139.27	163.36	38.46	0	
3	139.27	163.36	148.69	169.01	10.99	1	12	
4	148.69	169.01	162.66	177.40	16.30	2	3	12	
5	162.66	177.40	177.00	186.00	16.72	1	12	

15	13	156.525	5
1	102.00	141.00	101.11	145.92	5.00	1	15	
2	101.11	145.92	101.00	146.51	0.60	0	
3	101.00	146.51	97.88	163.65	17.41	1	8	
4	97.88	163.65	74.54	292.05	130.51	0	
5	74.54	292.05	74.00	295.00	3.00	1	13	

15	14	176.777	5
1	102.00	141.00	100.84	143.12	2.42	1	15	
2	100.84	143.12	99.60	145.38	2.58	2	8	15	
3	99.60	145.38	76.37	187.73	48.30	1	8	
4	76.37	187.73	21.33	288.11	114.48	0	
5	21.33	288.11	17.00	296.00	9.00	1	14	

15	15	0	0
