7	57	2	0.001	120.0
0.000	0.000	0.000	2.000	0.000
257.000	7.000	45.000	5.000	4.000
232.000	190.000	3.000	5.000	12.000
205.000	234.000	33.000	7.000	20.000
242.000	4.000	44.000	1.000	19.000
282.000	17.000	23.000	9.000	5.000
132.000	179.000	40.000	8.000	5.000
 


0	0	0	0

0	1	257.095	3
1	0.00	0.00	198.02	5.39	198.10	0	
2	198.02	5.39	212.02	5.77	14.00	1	4	
3	212.02	5.77	257.00	7.00	45.00	2	1	4	

0	2	299.873	2
1	0.00	0.00	229.68	188.10	296.87	0	
2	229.68	188.10	232.00	190.00	3.00	1	2	

0	3	311.096	4
1	0.00	0.00	122.73	140.09	186.25	0	
2	122.73	140.09	169.35	193.31	70.76	1	6	
3	169.35	193.31	183.25	209.18	21.10	0	
4	183.25	209.18	205.00	234.00	33.00	1	3	

0	4	242.033	3
1	0.00	0.00	198.01	3.27	198.03	0	
2	198.01	3.27	212.14	3.51	14.13	1	4	
3	212.14	3.51	242.00	4.00	29.87	2	1	4	

0	5	282.512	4
1	0.00	0.00	198.73	11.98	199.09	0	
2	198.73	11.98	212.38	12.80	13.67	1	4	
3	212.38	12.80	259.04	15.62	46.75	2	1	4	
4	259.04	15.62	282.00	17.00	23.00	3	1	4	5	

0	6	222.407	2
1	0.00	0.00	108.26	146.81	182.41	0	
2	108.26	146.81	132.00	179.00	40.00	1	6	

1	0	257.095	3
1	257.00	7.00	212.02	5.77	45.00	2	1	4	
2	212.02	5.77	198.02	5.39	14.00	1	4	
3	198.02	5.39	0.00	0.00	198.10	0	

1	1	0	0

1	2	184.700	4
1	257.00	7.00	251.54	46.95	40.32	2	1	4	
2	251.54	46.95	250.91	51.59	4.68	0	
3	250.91	51.59	232.41	187.03	136.70	0	
4	232.41	187.03	232.00	190.00	3.00	1	2	

1	3	232.880	4
1	257.00	7.00	247.69	47.63	41.68	1	1	
2	247.69	47.63	246.95	50.86	3.32	1	1	
3	246.95	50.86	212.37	201.83	154.88	0	
4	212.37	201.83	205.00	234.00	33.00	1	3	

1	4	15.297	1
1	257.00	7.00	242.00	4.00	15.30	2	1	4	

1	5	26.926	2
1	257.00	7.00	260.64	8.46	3.93	2	1	4	
2	260.64	8.46	282.00	17.00	23.00	3	1	4	5	

1	6	212.624	4
1	257.00	7.00	230.54	43.40	45.00	2	1	4	
2	230.54	43.40	228.70	45.94	3.14	1	4	
3	228.70	45.94	155.52	146.64	124.48	0	
4	155.52	146.64	132.00	179.00	40.00	1	6	

2	0	299.873	2
1	232.00	190.00	229.68	188.10	3.00	1	2	
2	229.68	188.10	0.00	0.00	296.87	0	

2	1	184.700	4
1	232.00	190.00	232.41	187.03	3.00	1	2	
2	232.41	187.03	250.91	51.59	136.70	0	
3	250.91	51.59	251.54	46.95	4.68	0	
4	251.54	46.95	257.00	7.00	40.32	2	1	4	

2	2	0	0

2	3	51.624	3
1	232.00	190.00	230.43	192.56	3.00	1	2	
2	230.43	192.56	222.26	205.87	15.62	0	
3	222.26	205.87	205.00	234.00	33.00	1	3	

2	4	186.269	4
1	232.00	190.00	232.16	187.00	3.00	1	2	
2	232.16	187.00	239.61	48.50	138.70	0	
3	239.61	48.50	239.64	47.94	0.57	1	1	
4	239.64	47.94	242.00	4.00	44.00	1	1	

2	5	180.081	5
1	232.00	190.00	232.83	187.12	3.00	1	2	
2	232.83	187.12	272.70	49.17	143.59	0	
3	272.70	49.17	275.61	39.10	10.49	1	1	
4	275.61	39.10	278.78	28.16	11.39	2	1	5	
5	278.78	28.16	282.00	17.00	11.61	3	1	4	5	

2	6	100.603	3
1	232.00	190.00	229.02	189.67	3.00	1	2	
2	229.02	189.67	171.76	183.37	57.60	0	
3	171.76	183.37	132.00	179.00	40.00	1	6	

3	0	311.096	4
1	205.00	234.00	183.25	209.18	33.00	1	3	
2	183.25	209.18	169.35	193.31	21.10	0	
3	169.35	193.31	122.73	140.09	70.76	1	6	
4	122.73	140.09	0.00	0.00	186.25	0	

3	1	232.880	4
1	205.00	234.00	212.37	201.83	33.00	1	3	
2	212.37	201.83	246.95	50.86	154.88	0	
3	246.95	50.86	247.69	47.63	3.32	1	1	
4	247.69	47.63	257.00	7.00	41.68	1	1	

3	2	51.624	3
1	205.00	234.00	222.26	205.87	33.00	1	3	
2	222.26	205.87	230.43	192.56	15.62	0	
3	230.43	192.56	232.00	190.00	3.00	1	2	

3	3	0	0

3	4	232.957	4
1	205.00	234.00	210.24	201.42	33.00	1	3	
2	210.24	201.42	235.01	47.44	155.96	0	
3	235.01	47.44	235.19	46.36	1.10	1	4	
4	235.19	46.36	242.00	4.00	42.90	1	4	

3	5	230.256	5
1	205.00	234.00	216.04	202.90	33.00	1	3	
2	216.04	202.90	270.29	49.99	162.25	0	
3	270.29	49.99	274.31	38.68	12.01	1	1	
4	274.31	38.68	277.29	30.28	8.90	2	1	5	
5	277.29	30.28	282.00	17.00	14.10	3	1	4	5	

3	6	91.400	3
1	205.00	234.00	178.64	214.14	33.00	1	3	
2	178.64	214.14	163.95	203.07	18.40	0	
3	163.95	203.07	132.00	179.00	40.00	1	6	

4	0	242.033	3
1	242.00	4.00	212.14	3.51	29.87	2	1	4	
2	212.14	3.51	198.01	3.27	14.13	1	4	
3	198.01	3.27	0.00	0.00	198.03	0	

4	1	15.297	1
1	242.00	4.00	257.00	7.00	15.30	2	1	4	

4	2	186.269	4
1	242.00	4.00	239.64	47.94	44.00	1	1	
2	239.64	47.94	239.61	48.50	0.57	1	1	
3	239.61	48.50	232.16	187.00	138.70	0	
4	232.16	187.00	232.00	190.00	3.00	1	2	

4	3	232.957	4
1	242.00	4.00	235.19	46.36	42.90	1	4	
2	235.19	46.36	235.01	47.44	1.10	1	4	
3	235.01	47.44	210.24	201.42	155.96	0	
4	210.24	201.42	205.00	234.00	33.00	1	3	

4	4	0	0

4	5	42.059	2
1	242.00	4.00	260.13	9.89	19.06	2	1	4	
2	260.13	9.89	282.00	17.00	23.00	3	1	4	5	

4	6	206.700	4
1	242.00	4.00	222.19	35.52	37.23	2	1	4	
2	222.19	35.52	218.58	41.25	6.77	1	4	
3	218.58	41.25	153.29	145.13	122.70	0	
4	153.29	145.13	132.00	179.00	40.00	1	6	

5	0	282.512	4
1	282.00	17.00	259.04	15.62	23.00	3	1	4	5	
2	259.04	15.62	212.38	12.80	46.75	2	1	4	
3	212.38	12.80	198.73	11.98	13.67	1	4	
4	198.73	11.98	0.00	0.00	199.09	0	

5	1	26.926	2
1	282.00	17.00	260.64	8.46	23.00	3	1	4	5	
2	260.64	8.46	257.00	7.00	3.93	2	1	4	

5	2	180.081	5
1	282.00	17.00	278.78	28.16	11.61	3	1	4	5	
2	278.78	28.16	275.61	39.10	11.39	2	1	5	
3	275.61	39.10	272.70	49.17	10.49	1	1	
4	272.70	49.17	232.83	187.12	143.59	0	
5	232.83	187.12	232.00	190.00	3.00	1	2	

5	3	230.256	5
1	282.00	17.00	277.29	30.28	14.10	3	1	4	5	
2	277.29	30.28	274.31	38.68	8.90	2	1	5	
3	274.31	38.68	270.29	49.99	12.01	1	1	
4	270.29	49.99	216.04	202.90	162.25	0	
5	216.04	202.90	205.00	234.00	33.00	1	3	

5	4	42.059	2
1	282.00	17.00	260.13	9.89	23.00	3	1	4	5	
2	260.13	9.89	242.00	4.00	19.06	2	1	4	

5	5	0	0

5	6	220.780	5
1	282.00	17.00	266.37	33.88	23.00	3	1	4	5	
2	266.37	33.88	255.16	45.99	16.50	2	1	4	
3	255.16	45.99	250.09	51.47	7.47	1	1	
4	250.09	51.47	159.18	149.65	133.81	0	
5	159.18	149.65	132.00	179.00	40.00	1	6	

6	0	222.407	2
1	132.00	179.00	108.26	146.81	40.00	1	6	
2	108.26	146.81	0.00	0.00	182.41	0	

6	1	212.624	4
1	132.00	179.00	155.52	146.64	40.00	1	6	
2	155.52	146.64	228.70	45.94	124.48	0	
3	228.70	45.94	230.54	43.40	3.14	1	4	
4	230.54	43.40	257.00	7.00	45.00	2	1	4	

6	2	100.603	3
1	132.00	179.00	171.76	183.37	40.00	1	6	
2	171.76	183.37	229.02	189.67	57.60	0	
3	229.02	189.67	232.00	190.00	3.00	1	2	

6	3	91.400	3
1	132.00	179.00	163.95	203.07	40.00	1	6	
2	163.95	203.07	178.64	214.14	18.40	0	
3	178.64	214.14	205.00	234.00	33.00	1	3	

6	4	206.700	4
1	132.00	179.00	153.29	145.13	40.00	1	6	
2	153.29	145.13	218.58	41.25	122.70	0	
3	218.58	41.25	222.19	35.52	6.77	1	4	
4	222.19	35.52	242.00	4.00	37.23	2	1	4	

6	5	220.780	5
1	132.00	179.00	159.18	149.65	40.00	1	6	
2	159.18	149.65	250.09	51.47	133.81	0	
3	250.09	51.47	255.16	45.99	7.47	1	1	
4	255.16	45.99	266.37	33.88	16.50	2	1	4	
5	266.37	33.88	282.00	17.00	23.00	3	1	4	5	

6	6	0	0
