9	99	2	0.001	70.0
0.000	0.000	0.000	5.000	0.000
7.000	159.000	32.000	8.000	4.000
272.000	227.000	47.000	10.000	17.000
66.000	139.000	7.000	4.000	6.000
9.000	36.000	43.000	3.000	14.000
278.000	281.000	43.000	6.000	11.000
2.000	95.000	26.000	8.000	9.000
166.000	293.000	30.000	1.000	4.000
206.000	28.000	6.000	7.000	6.000

0	0	0	0

0	1	159.154	5
1	0.00	0.00	3.04	69.02	69.09	1	4	
2	3.04	69.02	3.46	78.64	9.63	1	4	
3	3.46	78.64	5.32	120.79	42.19	0	
4	5.32	120.79	5.59	127.03	6.25	0	
5	5.59	127.03	7.00	159.00	32.00	1	1	

0	2	354.278	3
1	0.00	0.00	51.44	42.93	67.00	1	4	
2	51.44	42.93	235.92	196.89	240.28	0	
3	235.92	196.89	272.00	227.00	47.00	1	2	

0	3	153.873	3
1	0.00	0.00	33.78	71.14	78.75	1	4	
2	33.78	71.14	63.00	132.68	68.12	0	
3	63.00	132.68	66.00	139.00	7.00	1	3	

0	4	37.108	1
1	0.00	0.00	9.00	36.00	37.11	1	4	

0	5	395.278	5
1	0.00	0.00	49.61	50.14	70.54	1	4	
2	49.61	50.14	225.00	227.43	249.39	0	
3	225.00	227.43	247.76	250.43	32.36	1	2	
4	247.76	250.43	271.07	273.99	33.14	2	2	5	
5	271.07	273.99	278.00	281.00	9.86	1	5	

0	6	95.021	3
1	0.00	0.00	1.45	69.01	69.02	1	4	
2	1.45	69.01	1.65	78.37	9.36	2	4	6	
3	1.65	78.37	2.00	95.00	16.64	1	6	

0	7	336.757	3
1	0.00	0.00	38.25	67.52	77.60	1	4	
2	38.25	67.52	151.21	266.90	229.16	0	
3	151.21	266.90	166.00	293.00	30.00	1	7	

0	8	207.894	3
1	0.00	0.00	39.13	5.32	39.49	1	4	
2	39.13	5.32	200.05	27.19	162.41	0	
3	200.05	27.19	206.00	28.00	6.00	1	8	

1	0	159.154	5
1	7.00	159.00	5.59	127.03	32.00	1	1	
2	5.59	127.03	5.32	120.79	6.25	0	
3	5.32	120.79	3.46	78.64	42.19	0	
4	3.46	78.64	3.04	69.02	9.63	1	4	
5	3.04	69.02	0.00	0.00	69.09	1	4	

1	1	0	0

1	2	273.585	3
1	7.00	159.00	38.00	166.95	32.00	1	1	
2	38.00	166.95	226.47	215.32	194.59	0	
3	226.47	215.32	272.00	227.00	47.00	1	2	

1	3	62.298	3
1	7.00	159.00	37.31	148.73	32.00	1	1	
2	37.31	148.73	59.37	141.25	23.30	0	
3	59.37	141.25	66.00	139.00	7.00	1	3	

1	4	123.016	5
1	7.00	159.00	7.52	127.00	32.00	0	
2	7.52	127.00	7.63	120.38	6.62	0	
3	7.63	120.38	8.30	78.99	41.40	0	
4	8.30	78.99	8.45	69.81	9.18	1	6	
5	8.45	69.81	9.00	36.00	33.82	1	4	

1	5	297.195	5
1	7.00	159.00	36.18	172.14	32.00	1	1	
2	36.18	172.14	238.79	263.35	222.20	0	
3	238.79	263.35	248.63	267.78	10.79	1	5	
4	248.63	267.78	256.96	271.53	9.14	2	2	5	
5	256.96	271.53	278.00	281.00	23.07	1	5	

1	6	64.195	3
1	7.00	159.00	4.51	127.10	32.00	1	1	
2	4.51	127.10	4.03	120.92	6.19	0	
3	4.03	120.92	2.00	95.00	26.00	0	

1	7	207.935	3
1	7.00	159.00	31.47	179.62	32.00	1	1	
2	31.47	179.62	143.06	273.67	145.94	0	
3	143.06	273.67	166.00	293.00	30.00	1	7	

1	8	238.248	3
1	7.00	159.00	33.73	141.40	32.00	1	1	
2	33.73	141.40	200.99	31.30	200.25	0	
3	200.99	31.30	206.00	28.00	6.00	1	8	

2	0	354.278	3
1	272.00	227.00	235.92	196.89	47.00	1	2	
2	235.92	196.89	51.44	42.93	240.28	0	
3	51.44	42.93	0.00	0.00	67.00	1	4	

2	1	273.585	3
1	272.00	227.00	226.47	215.32	47.00	1	2	
2	226.47	215.32	38.00	166.95	194.59	0	
3	38.00	166.95	7.00	159.00	32.00	1	1	

2	2	0	0

2	3	224.009	3
1	272.00	227.00	228.78	208.54	47.00	1	2	
2	228.78	208.54	72.44	141.75	170.01	0	
3	72.44	141.75	66.00	139.00	7.00	1	3	

2	4	325.038	3
1	272.00	227.00	233.97	199.38	47.00	1	2	
2	233.97	199.38	43.79	61.27	235.04	0	
3	43.79	61.27	9.00	36.00	43.00	1	4	

2	5	54.332	3
1	272.00	227.00	273.25	238.26	11.33	1	2	
2	273.25	238.26	277.19	273.71	35.67	0	
3	277.19	273.71	278.00	281.00	7.33	1	5	

2	6	300.540	3
1	272.00	227.00	229.78	206.36	47.00	1	2	
2	229.78	206.36	25.36	106.42	227.54	0	
3	25.36	106.42	2.00	95.00	26.00	1	6	

2	7	124.868	3
1	272.00	227.00	232.10	251.84	47.00	1	2	
2	232.10	251.84	191.47	277.14	47.87	0	
3	191.47	277.14	166.00	293.00	30.00	1	7	

2	8	209.659	3
1	272.00	227.00	257.20	182.39	47.00	1	2	
2	257.20	182.39	207.89	33.70	156.66	0	
3	207.89	33.70	206.00	28.00	6.00	1	8	

3	0	153.873	3
1	66.00	139.00	63.00	132.68	7.00	1	3	
2	63.00	132.68	33.78	71.14	68.12	0	
3	33.78	71.14	0.00	0.00	78.75	1	4	

3	1	62.298	3
1	66.00	139.00	59.37	141.25	7.00	1	3	
2	59.37	141.25	37.31	148.73	23.30	0	
3	37.31	148.73	7.00	159.00	32.00	1	1	

3	2	224.009	3
1	66.00	139.00	72.44	141.75	7.00	1	3	
2	72.44	141.75	228.78	208.54	170.01	0	
3	228.78	208.54	272.00	227.00	47.00	1	2	

3	3	0	0

3	4	117.720	3
1	66.00	139.00	62.61	132.88	7.00	1	3	
2	62.61	132.88	29.82	73.62	67.72	0	
3	29.82	73.62	9.00	36.00	43.00	1	4	

3	5	255.163	5
1	66.00	139.00	71.82	142.90	7.00	1	3	
2	71.82	142.90	230.60	249.25	191.11	0	
3	230.60	249.25	242.27	257.07	14.05	1	2	
4	242.27	257.07	267.18	273.75	29.98	2	2	5	
5	267.18	273.75	278.00	281.00	13.02	1	5	

3	6	77.666	3
1	66.00	139.00	60.23	135.03	7.00	1	3	
2	60.23	135.03	23.43	109.73	44.67	0	
3	23.43	109.73	2.00	95.00	26.00	1	6	

3	7	183.619	3
1	66.00	139.00	69.81	144.87	7.00	1	3	
2	69.81	144.87	149.66	267.84	146.62	0	
3	149.66	267.84	166.00	293.00	30.00	1	7	

3	8	178.664	3
1	66.00	139.00	71.49	134.65	7.00	1	3	
2	71.49	134.65	201.30	31.73	165.66	0	
3	201.30	31.73	206.00	28.00	6.00	1	8	

4	0	37.108	1
1	9.00	36.00	0.00	0.00	37.11	1	4	

4	1	123.016	5
1	9.00	36.00	8.45	69.81	33.82	1	4	
2	8.45	69.81	8.30	78.99	9.18	1	6	
3	8.30	78.99	7.63	120.38	41.40	0	
4	7.63	120.38	7.52	127.00	6.62	0	
5	7.52	127.00	7.00	159.00	32.00	0	

4	2	325.038	3
1	9.00	36.00	43.79	61.27	43.00	1	4	
2	43.79	61.27	233.97	199.38	235.04	0	
3	233.97	199.38	272.00	227.00	47.00	1	2	

4	3	117.720	3
1	9.00	36.00	29.82	73.62	43.00	1	4	
2	29.82	73.62	62.61	132.88	67.72	0	
3	62.61	132.88	66.00	139.00	7.00	1	3	

4	4	0	0

4	5	363.849	5
1	9.00	36.00	40.79	64.95	43.00	1	4	
2	40.79	64.95	225.40	233.09	249.70	0	
3	225.40	233.09	246.21	252.05	28.15	1	2	
4	246.21	252.05	270.28	273.97	32.56	2	2	5	
5	270.28	273.97	278.00	281.00	10.44	1	5	

4	6	59.414	3
1	9.00	36.00	5.06	69.18	33.41	1	4	
2	5.06	69.18	3.93	78.70	9.59	0	
3	3.93	78.70	2.00	95.00	16.41	1	6	

4	7	301.161	5
1	9.00	36.00	31.42	72.69	43.00	1	4	
2	31.42	72.69	67.79	132.23	69.77	0	
3	67.79	132.23	72.84	140.50	9.69	1	3	
4	72.84	140.50	150.36	267.40	148.71	0	
5	150.36	267.40	166.00	293.00	30.00	1	7	

4	8	197.162	3
1	9.00	36.00	51.96	34.26	43.00	1	4	
2	51.96	34.26	200.00	28.24	148.16	0	
3	200.00	28.24	206.00	28.00	6.00	1	8	

5	0	395.278	5
1	278.00	281.00	271.07	273.99	9.86	1	5	
2	271.07	273.99	247.76	250.43	33.14	2	2	5	
3	247.76	250.43	225.00	227.43	32.36	1	2	
4	225.00	227.43	49.61	50.14	249.39	0	
5	49.61	50.14	0.00	0.00	70.54	1	4	

5	1	297.195	5
1	278.00	281.00	256.96	271.53	23.07	1	5	
2	256.96	271.53	248.63	267.78	9.14	2	2	5	
3	248.63	267.78	238.79	263.35	10.79	1	5	
4	238.79	263.35	36.18	172.14	222.20	0	
5	36.18	172.14	7.00	159.00	32.00	1	1	

5	2	54.332	3
1	278.00	281.00	277.19	273.71	7.33	1	5	
2	277.19	273.71	273.25	238.26	35.67	0	
3	273.25	238.26	272.00	227.00	11.33	1	2	

5	3	255.163	5
1	278.00	281.00	267.18	273.75	13.02	1	5	
2	267.18	273.75	242.27	257.07	29.98	2	2	5	
3	242.27	257.07	230.60	249.25	14.05	1	2	
4	230.60	249.25	71.82	142.90	191.11	0	
5	71.82	142.90	66.00	139.00	7.00	1	3	

5	4	363.849	5
1	278.00	281.00	270.28	273.97	10.44	1	5	
2	270.28	273.97	246.21	252.05	32.56	2	2	5	
3	246.21	252.05	225.40	233.09	28.15	1	2	
4	225.40	233.09	40.79	64.95	249.70	0	
5	40.79	64.95	9.00	36.00	43.00	1	4	

5	5	0	0

5	6	332.824	7
1	278.00	281.00	267.26	273.76	12.95	1	5	
2	267.26	273.76	242.34	256.97	30.05	2	2	5	
3	242.34	256.97	230.44	248.95	14.35	1	2	
4	230.44	248.95	72.18	142.29	190.85	0	
5	72.18	142.29	60.63	134.51	13.93	1	3	
6	60.63	134.51	23.56	109.53	44.70	0	
7	23.56	109.53	2.00	95.00	26.00	1	6	

5	7	112.641	3
1	278.00	281.00	235.24	285.58	43.00	1	5	
2	235.24	285.58	195.83	289.80	39.64	0	
3	195.83	289.80	166.00	293.00	30.00	1	7	

5	8	263.046	5
1	278.00	281.00	275.96	273.83	7.45	1	5	
2	275.96	273.83	266.23	239.64	35.55	2	2	5	
3	266.23	239.64	250.71	185.10	56.71	0	
4	250.71	185.10	207.64	33.77	157.34	0	
5	207.64	33.77	206.00	28.00	6.00	1	8	

6	0	95.021	3
1	2.00	95.00	1.65	78.37	16.64	1	6	
2	1.65	78.37	1.45	69.01	9.36	2	4	6	
3	1.45	69.01	0.00	0.00	69.02	1	4	

6	1	64.195	3
1	2.00	95.00	4.03	120.92	26.00	0	
2	4.03	120.92	4.51	127.10	6.19	0	
3	4.51	127.10	7.00	159.00	32.00	1	1	

6	2	300.540	3
1	2.00	95.00	25.36	106.42	26.00	1	6	
2	25.36	106.42	229.78	206.36	227.54	0	
3	229.78	206.36	272.00	227.00	47.00	1	2	

6	3	77.666	3
1	2.00	95.00	23.43	109.73	26.00	1	6	
2	23.43	109.73	60.23	135.03	44.67	0	
3	60.23	135.03	66.00	139.00	7.00	1	3	

6	4	59.414	3
1	2.00	95.00	3.93	78.70	16.41	1	6	
2	3.93	78.70	5.06	69.18	9.59	0	
3	5.06	69.18	9.00	36.00	33.41	1	4	

6	5	332.824	7
1	2.00	95.00	23.56	109.53	26.00	1	6	
2	23.56	109.53	60.63	134.51	44.70	0	
3	60.63	134.51	72.18	142.29	13.93	1	3	
4	72.18	142.29	230.44	248.95	190.85	0	
5	230.44	248.95	242.34	256.97	14.35	1	2	
6	242.34	256.97	267.26	273.76	30.05	2	2	5	
7	267.26	273.76	278.00	281.00	12.95	1	5	

6	6	0	0

6	7	257.099	3
1	2.00	95.00	18.59	115.02	26.00	1	6	
2	18.59	115.02	146.86	269.90	201.10	0	
3	146.86	269.90	166.00	293.00	30.00	1	7	

6	8	214.721	3
1	2.00	95.00	26.70	86.89	26.00	1	6	
2	26.70	86.89	200.30	29.87	182.72	0	
3	200.30	29.87	206.00	28.00	6.00	1	8	

7	0	336.757	3
1	166.00	293.00	151.21	266.90	30.00	1	7	
2	151.21	266.90	38.25	67.52	229.16	0	
3	38.25	67.52	0.00	0.00	77.60	1	4	

7	1	207.935	3
1	166.00	293.00	143.06	273.67	30.00	1	7	
2	143.06	273.67	31.47	179.62	145.94	0	
3	31.47	179.62	7.00	159.00	32.00	1	1	

7	2	124.868	3
1	166.00	293.00	191.47	277.14	30.00	1	7	
2	191.47	277.14	232.10	251.84	47.87	0	
3	232.10	251.84	272.00	227.00	47.00	1	2	

7	3	183.619	3
1	166.00	293.00	149.66	267.84	30.00	1	7	
2	149.66	267.84	69.81	144.87	146.62	0	
3	69.81	144.87	66.00	139.00	7.00	1	3	

7	4	301.161	5
1	166.00	293.00	150.36	267.40	30.00	1	7	
2	150.36	267.40	72.84	140.50	148.71	0	
3	72.84	140.50	67.79	132.23	9.69	1	3	
4	67.79	132.23	31.42	72.69	69.77	0	
5	31.42	72.69	9.00	36.00	43.00	1	4	

7	5	112.641	3
1	166.00	293.00	195.83	289.80	30.00	1	7	
2	195.83	289.80	235.24	285.58	39.64	0	
3	235.24	285.58	278.00	281.00	43.00	1	5	

7	6	257.099	3
1	166.00	293.00	146.86	269.90	30.00	1	7	
2	146.86	269.90	18.59	115.02	201.10	0	
3	18.59	115.02	2.00	95.00	26.00	1	6	

7	7	0	0

7	8	268.002	3
1	166.00	293.00	170.48	263.34	30.00	1	7	
2	170.48	263.34	205.10	33.93	232.00	0	
3	205.10	33.93	206.00	28.00	6.00	1	8	

8	0	207.894	3
1	206.00	28.00	200.05	27.19	6.00	1	8	
2	200.05	27.19	39.13	5.32	162.41	0	
3	39.13	5.32	0.00	0.00	39.49	1	4	

8	1	238.248	3
1	206.00	28.00	200.99	31.30	6.00	1	8	
2	200.99	31.30	33.73	141.40	200.25	0	
3	33.73	141.40	7.00	159.00	32.00	1	1	

8	2	209.659	3
1	206.00	28.00	207.89	33.70	6.00	1	8	
2	207.89	33.70	257.20	182.39	156.66	0	
3	257.20	182.39	272.00	227.00	47.00	1	2	

8	3	178.664	3
1	206.00	28.00	201.30	31.73	6.00	1	8	
2	201.30	31.73	71.49	134.65	165.66	0	
3	71.49	134.65	66.00	139.00	7.00	1	3	

8	4	197.162	3
1	206.00	28.00	200.00	28.24	6.00	1	8	
2	200.00	28.24	51.96	34.26	148.16	0	
3	51.96	34.26	9.00	36.00	43.00	1	4	

8	5	263.046	5
1	206.00	28.00	207.64	33.77	6.00	1	8	
2	207.64	33.77	250.71	185.10	157.34	0	
3	250.71	185.10	266.23	239.64	56.71	0	
4	266.23	239.64	275.96	273.83	35.55	2	2	5	
5	275.96	273.83	278.00	281.00	7.45	1	5	

8	6	214.721	3
1	206.00	28.00	200.30	29.87	6.00	1	8	
2	200.30	29.87	26.70	86.89	182.72	0	
3	26.70	86.89	2.00	95.00	26.00	1	6	

8	7	268.002	3
1	206.00	28.00	205.10	33.93	6.00	1	8	
2	205.10	33.93	170.48	263.34	232.00	0	
3	170.48	263.34	166.00	293.00	30.00	1	7	

8	8	0	0