9	93	2	0.001	45.0
0.000	0.000	0.000	5.000	0.000
176.000	95.000	15.000	1.000	2.000
233.000	78.000	37.000	6.000	17.000
14.000	170.000	4.000	3.000	6.000
179.000	213.000	43.000	4.000	4.000
40.000	64.000	11.000	5.000	8.000
1.000	36.000	1.000	7.000	9.000
66.000	64.000	11.000	10.000	5.000
60.000	182.000	20.000	7.000	17.000

0	0	0	0

0	1	200.002	2
1	0.00	0.00	162.80	87.88	185.00	0	
2	162.80	87.88	176.00	95.00	15.00	1	1	

0	2	245.709	2
1	0.00	0.00	197.91	66.25	208.71	0	
2	197.91	66.25	233.00	78.00	37.00	1	2	

0	3	170.575	2
1	0.00	0.00	13.67	166.01	166.58	0	
2	13.67	166.01	14.00	170.00	4.00	1	3	

0	4	278.227	6
1	0.00	0.00	46.08	54.83	71.63	0	
2	46.08	54.83	50.08	59.59	6.21	1	5	
3	50.08	59.59	55.11	65.58	7.83	0	
4	55.11	65.58	62.57	74.45	11.58	1	7	
5	62.57	74.45	151.34	180.08	137.98	0	
6	151.34	180.08	179.00	213.00	43.00	1	4	

0	5	75.472	2
1	0.00	0.00	34.17	54.67	64.47	0	
2	34.17	54.67	40.00	64.00	11.00	1	5	

0	6	36.014	2
1	0.00	0.00	0.97	35.00	35.01	0	
2	0.97	35.00	1.00	36.00	1.00	1	6	

0	7	91.935	2
1	0.00	0.00	58.10	56.34	80.93	0	
2	58.10	56.34	66.00	64.00	11.00	1	7	

0	8	191.635	2
1	0.00	0.00	53.74	163.01	171.64	0	
2	53.74	163.01	60.00	182.00	20.00	1	8	

1	0	200.002	2
1	176.00	95.00	162.80	87.88	15.00	1	1	
2	162.80	87.88	0.00	0.00	185.00	0	

1	1	0	0

1	2	59.481	3
1	176.00	95.00	190.37	90.71	15.00	1	1	
2	190.37	90.71	197.54	88.57	7.48	0	
3	197.54	88.57	233.00	78.00	37.00	1	2	

1	3	178.519	3
1	176.00	95.00	162.39	101.30	15.00	1	1	
2	162.39	101.30	17.63	168.32	159.52	0	
3	17.63	168.32	14.00	170.00	4.00	1	3	

1	4	118.038	3
1	176.00	95.00	176.38	109.99	15.00	1	1	
2	176.38	109.99	177.91	170.01	60.04	0	
3	177.91	170.01	179.00	213.00	43.00	0	

1	5	139.488	5
1	176.00	95.00	161.38	91.67	15.00	1	1	
2	161.38	91.67	73.84	71.71	89.78	0	
3	73.84	71.71	55.59	67.55	18.72	1	7	
4	55.59	67.55	50.72	66.44	4.99	0	
5	50.72	66.44	40.00	64.00	11.00	1	5	

1	6	184.678	5
1	176.00	95.00	161.79	90.21	15.00	1	1	
2	161.79	90.21	76.72	61.53	89.77	0	
3	76.72	61.53	58.97	55.54	18.73	1	7	
4	58.97	55.54	1.95	36.32	60.17	0	
5	1.95	36.32	1.00	36.00	1.00	1	6	

1	7	114.285	3
1	176.00	95.00	161.56	90.93	15.00	1	1	
2	161.56	90.93	76.59	66.98	88.28	0	
3	76.59	66.98	66.00	64.00	11.00	1	7	

1	8	145.000	3
1	176.00	95.00	164.00	104.00	15.00	1	1	
2	164.00	104.00	76.00	170.00	110.00	0	
3	76.00	170.00	60.00	182.00	20.00	1	8	

2	0	245.709	2
1	233.00	78.00	197.91	66.25	37.00	1	2	
2	197.91	66.25	0.00	0.00	208.71	0	

2	1	59.481	3
1	233.00	78.00	197.54	88.57	37.00	1	2	
2	197.54	88.57	190.37	90.71	7.48	0	
3	190.37	90.71	176.00	95.00	15.00	1	1	

2	2	0	0

2	3	237.539	5
1	233.00	78.00	198.89	92.33	37.00	1	2	
2	198.89	92.33	190.99	95.65	8.57	0	
3	190.99	95.65	165.97	106.16	27.13	1	1	
4	165.97	106.16	17.69	168.45	160.84	0	
5	17.69	168.45	14.00	170.00	4.00	1	3	

2	4	145.399	3
1	233.00	78.00	219.26	112.35	37.00	0	
2	219.26	112.35	194.97	173.08	65.40	0	
3	194.97	173.08	179.00	213.00	43.00	1	4	

2	5	193.507	5
1	233.00	78.00	196.10	75.32	37.00	1	2	
2	196.10	75.32	76.67	66.66	119.74	0	
3	76.67	66.66	55.05	65.09	21.68	1	7	
4	55.05	65.09	50.97	64.80	4.09	0	
5	50.97	64.80	40.00	64.00	11.00	1	5	

2	6	235.771	3
1	233.00	78.00	196.59	71.41	37.00	1	2	
2	196.59	71.41	1.98	36.18	197.77	0	
3	1.98	36.18	1.00	36.00	1.00	1	6	

2	7	167.586	3
1	233.00	78.00	196.13	74.91	37.00	1	2	
2	196.13	74.91	76.96	64.92	119.59	0	
3	76.96	64.92	66.00	64.00	11.00	1	7	

2	8	201.854	5
1	233.00	78.00	201.29	97.06	37.00	1	2	
2	201.29	97.06	185.73	106.42	18.16	0	
3	185.73	106.42	181.52	108.95	4.91	1	1	
4	181.52	108.95	77.14	171.70	121.79	0	
5	77.14	171.70	60.00	182.00	20.00	1	8	

3	0	170.575	2
1	14.00	170.00	13.67	166.01	4.00	1	3	
2	13.67	166.01	0.00	0.00	166.58	0	

3	1	178.519	3
1	14.00	170.00	17.63	168.32	4.00	1	3	
2	17.63	168.32	162.39	101.30	159.52	0	
3	162.39	101.30	176.00	95.00	15.00	1	1	

3	2	237.539	5
1	14.00	170.00	17.69	168.45	4.00	1	3	
2	17.69	168.45	165.97	106.16	160.84	0	
3	165.97	106.16	190.99	95.65	27.13	1	1	
4	190.99	95.65	198.89	92.33	8.57	0	
5	198.89	92.33	233.00	78.00	37.00	1	2	

3	3	0	0

3	4	170.511	5
1	14.00	170.00	17.87	171.01	4.00	1	3	
2	17.87	171.01	40.65	176.94	23.54	0	
3	40.65	176.94	79.36	187.03	40.00	1	8	
4	79.36	187.03	137.39	202.16	59.97	0	
5	137.39	202.16	179.00	213.00	43.00	1	4	

3	5	109.142	3
1	14.00	170.00	14.95	166.12	4.00	1	3	
2	14.95	166.12	37.38	74.68	94.14	0	
3	37.38	74.68	40.00	64.00	11.00	1	5	

3	6	134.629	3
1	14.00	170.00	13.61	166.02	4.00	1	3	
2	13.61	166.02	1.10	37.00	129.63	0	
3	1.10	37.00	1.00	36.00	1.00	1	6	

3	7	118.068	3
1	14.00	170.00	15.76	166.41	4.00	1	3	
2	15.76	166.41	61.16	73.88	103.07	0	
3	61.16	73.88	66.00	64.00	11.00	1	7	

3	8	47.539	3
1	14.00	170.00	17.87	171.01	4.00	1	3	
2	17.87	171.01	40.65	176.95	23.54	0	
3	40.65	176.95	60.00	182.00	20.00	1	8	

4	0	278.227	6
1	179.00	213.00	151.34	180.08	43.00	1	4	
2	151.34	180.08	62.57	74.45	137.98	0	
3	62.57	74.45	55.11	65.58	11.58	1	7	
4	55.11	65.58	50.08	59.59	7.83	0	
5	50.08	59.59	46.08	54.83	6.21	1	5	
6	46.08	54.83	0.00	0.00	71.63	0	

4	1	118.038	3
1	179.00	213.00	177.91	170.01	43.00	0	
2	177.91	170.01	176.38	109.99	60.04	0	
3	176.38	109.99	176.00	95.00	15.00	1	1	

4	2	145.399	3
1	179.00	213.00	194.97	173.08	43.00	1	4	
2	194.97	173.08	219.26	112.35	65.40	0	
3	219.26	112.35	233.00	78.00	37.00	0	

4	3	170.511	5
1	179.00	213.00	137.39	202.16	43.00	1	4	
2	137.39	202.16	79.36	187.03	59.97	0	
3	79.36	187.03	40.65	176.94	40.00	1	8	
4	40.65	176.94	17.87	171.01	23.54	0	
5	17.87	171.01	14.00	170.00	4.00	1	3	

4	4	0	0

4	5	203.769	3
1	179.00	213.00	149.67	181.56	43.00	1	4	
2	149.67	181.56	47.50	72.04	149.77	0	
3	47.50	72.04	40.00	64.00	11.00	1	5	

4	6	251.024	5
1	179.00	213.00	148.51	182.68	43.00	1	4	
2	148.51	182.68	40.22	75.00	152.72	0	
3	40.22	75.00	29.00	63.84	15.82	1	5	
4	29.00	63.84	1.71	36.71	38.49	0	
5	1.71	36.71	1.00	36.00	1.00	1	6	

4	7	187.003	3
1	179.00	213.00	153.02	178.74	43.00	1	4	
2	153.02	178.74	72.65	72.76	133.00	0	
3	72.65	72.76	66.00	64.00	11.00	1	7	

4	8	122.972	3
1	179.00	213.00	137.39	202.16	43.00	1	4	
2	137.39	202.16	79.35	187.04	59.97	0	
3	79.35	187.04	60.00	182.00	20.00	1	8	

5	0	75.472	2
1	40.00	64.00	34.17	54.67	11.00	1	5	
2	34.17	54.67	0.00	0.00	64.47	0	

5	1	139.488	5
1	40.00	64.00	50.72	66.44	11.00	1	5	
2	50.72	66.44	55.59	67.55	4.99	0	
3	55.59	67.55	73.84	71.71	18.72	1	7	
4	73.84	71.71	161.38	91.67	89.78	0	
5	161.38	91.67	176.00	95.00	15.00	1	1	

5	2	193.507	5
1	40.00	64.00	50.97	64.80	11.00	1	5	
2	50.97	64.80	55.05	65.09	4.09	0	
3	55.05	65.09	76.67	66.66	21.68	1	7	
4	76.67	66.66	196.10	75.32	119.74	0	
5	196.10	75.32	233.00	78.00	37.00	1	2	

5	3	109.142	3
1	40.00	64.00	37.38	74.68	11.00	1	5	
2	37.38	74.68	14.95	166.12	94.14	0	
3	14.95	166.12	14.00	170.00	4.00	1	3	

5	4	203.769	3
1	40.00	64.00	47.50	72.04	11.00	1	5	
2	47.50	72.04	149.67	181.56	149.77	0	
3	149.67	181.56	179.00	213.00	43.00	1	4	

5	5	0	0

5	6	48.010	3
1	40.00	64.00	31.06	57.58	11.00	1	5	
2	31.06	57.58	1.81	36.58	36.01	0	
3	1.81	36.58	1.00	36.00	1.00	1	6	

5	7	26.000	3
1	40.00	64.00	51.00	64.00	11.00	1	5	
2	51.00	64.00	55.00	64.00	4.00	0	
3	55.00	64.00	66.00	64.00	11.00	1	7	

5	8	119.683	3
1	40.00	64.00	41.84	74.85	11.00	1	5	
2	41.84	74.85	56.66	162.28	88.68	0	
3	56.66	162.28	60.00	182.00	20.00	1	8	

6	0	36.014	2
1	1.00	36.00	0.97	35.00	1.00	1	6	
2	0.97	35.00	0.00	0.00	35.01	0	

6	1	184.678	5
1	1.00	36.00	1.95	36.32	1.00	1	6	
2	1.95	36.32	58.97	55.54	60.17	0	
3	58.97	55.54	76.72	61.53	18.73	1	7	
4	76.72	61.53	161.79	90.21	89.77	0	
5	161.79	90.21	176.00	95.00	15.00	1	1	

6	2	235.771	3
1	1.00	36.00	1.98	36.18	1.00	1	6	
2	1.98	36.18	196.59	71.41	197.77	0	
3	196.59	71.41	233.00	78.00	37.00	1	2	

6	3	134.629	3
1	1.00	36.00	1.10	37.00	1.00	1	6	
2	1.10	37.00	13.61	166.02	129.63	0	
3	13.61	166.02	14.00	170.00	4.00	1	3	

6	4	251.024	5
1	1.00	36.00	1.71	36.71	1.00	1	6	
2	1.71	36.71	29.00	63.84	38.49	0	
3	29.00	63.84	40.22	75.00	15.82	1	5	
4	40.22	75.00	148.51	182.68	152.72	0	
5	148.51	182.68	179.00	213.00	43.00	1	4	

6	5	48.010	3
1	1.00	36.00	1.81	36.58	1.00	1	6	
2	1.81	36.58	31.06	57.58	36.01	0	
3	31.06	57.58	40.00	64.00	11.00	1	5	

6	6	0	0

6	7	70.774	5
1	1.00	36.00	1.92	36.40	1.00	1	6	
2	1.92	36.40	40.49	53.01	42.00	0	
3	40.49	53.01	47.65	56.10	7.80	1	5	
4	47.65	56.10	55.90	59.65	8.98	0	
5	55.90	59.65	66.00	64.00	11.00	1	7	

6	8	157.471	3
1	1.00	36.00	1.37	36.93	1.00	1	6	
2	1.37	36.93	52.51	163.46	136.47	0	
3	52.51	163.46	60.00	182.00	20.00	1	8	

7	0	91.935	2
1	66.00	64.00	58.10	56.34	11.00	1	7	
2	58.10	56.34	0.00	0.00	80.93	0	

7	1	114.285	3
1	66.00	64.00	76.59	66.98	11.00	1	7	
2	76.59	66.98	161.56	90.93	88.28	0	
3	161.56	90.93	176.00	95.00	15.00	1	1	

7	2	167.586	3
1	66.00	64.00	76.96	64.92	11.00	1	7	
2	76.96	64.92	196.13	74.91	119.59	0	
3	196.13	74.91	233.00	78.00	37.00	1	2	

7	3	118.068	3
1	66.00	64.00	61.16	73.88	11.00	1	7	
2	61.16	73.88	15.76	166.41	103.07	0	
3	15.76	166.41	14.00	170.00	4.00	1	3	

7	4	187.003	3
1	66.00	64.00	72.65	72.76	11.00	1	7	
2	72.65	72.76	153.02	178.74	133.00	0	
3	153.02	178.74	179.00	213.00	43.00	1	4	

7	5	26.000	3
1	66.00	64.00	55.00	64.00	11.00	1	7	
2	55.00	64.00	51.00	64.00	4.00	0	
3	51.00	64.00	40.00	64.00	11.00	1	5	

7	6	70.774	5
1	66.00	64.00	55.90	59.65	11.00	1	7	
2	55.90	59.65	47.65	56.10	8.98	0	
3	47.65	56.10	40.49	53.01	7.80	1	5	
4	40.49	53.01	1.92	36.40	42.00	0	
5	1.92	36.40	1.00	36.00	1.00	1	6	

7	7	0	0

7	8	118.152	3
1	66.00	64.00	65.44	74.99	11.00	1	7	
2	65.44	74.99	61.02	162.03	87.15	0	
3	61.02	162.03	60.00	182.00	20.00	1	8	

8	0	191.635	2
1	60.00	182.00	53.74	163.01	20.00	1	8	
2	53.74	163.01	0.00	0.00	171.64	0	

8	1	145.000	3
1	60.00	182.00	76.00	170.00	20.00	1	8	
2	76.00	170.00	164.00	104.00	110.00	0	
3	164.00	104.00	176.00	95.00	15.00	1	1	

8	2	201.854	5
1	60.00	182.00	77.14	171.70	20.00	1	8	
2	77.14	171.70	181.52	108.95	121.79	0	
3	181.52	108.95	185.73	106.42	4.91	1	1	
4	185.73	106.42	201.29	97.06	18.16	0	
5	201.29	97.06	233.00	78.00	37.00	1	2	

8	3	47.539	3
1	60.00	182.00	40.65	176.95	20.00	1	8	
2	40.65	176.95	17.87	171.01	23.54	0	
3	17.87	171.01	14.00	170.00	4.00	1	3	

8	4	122.972	3
1	60.00	182.00	79.35	187.04	20.00	1	8	
2	79.35	187.04	137.39	202.16	59.97	0	
3	137.39	202.16	179.00	213.00	43.00	1	4	

8	5	119.683	3
1	60.00	182.00	56.66	162.28	20.00	1	8	
2	56.66	162.28	41.84	74.85	88.68	0	
3	41.84	74.85	40.00	64.00	11.00	1	5	

8	6	157.471	3
1	60.00	182.00	52.51	163.46	20.00	1	8	
2	52.51	163.46	1.37	36.93	136.47	0	
3	1.37	36.93	1.00	36.00	1.00	1	6	

8	7	118.152	3
1	60.00	182.00	61.02	162.03	20.00	1	8	
2	61.02	162.03	65.44	74.99	87.15	0	
3	65.44	74.99	66.00	64.00	11.00	1	7	

8	8	0	0