9	103	2	0.001	40.0
0.000	0.000	0.000	6.000	0.000
197.000	263.000	16.000	3.000	6.000
179.000	131.000	9.000	7.000	15.000
56.000	287.000	48.000	2.000	12.000
82.000	239.000	16.000	9.000	15.000
266.000	168.000	31.000	2.000	7.000
77.000	196.000	32.000	7.000	10.000
92.000	291.000	22.000	3.000	14.000
227.000	101.000	49.000	1.000	18.000

0	0	0	0

0	1	328.600	2
1	0.00	0.00	187.41	250.19	312.60	0	
2	187.41	250.19	197.00	263.00	16.00	1	1	

0	2	221.815	2
1	0.00	0.00	171.74	125.68	212.82	0	
2	171.74	125.68	179.00	131.00	9.00	1	2	

0	3	292.412	2
1	0.00	0.00	46.81	239.89	244.41	0	
2	46.81	239.89	56.00	287.00	48.00	1	3	

0	4	252.676	4
1	0.00	0.00	58.33	170.01	179.74	0	
2	58.33	170.01	76.81	223.87	56.94	1	6	
3	76.81	223.87	78.22	227.98	4.35	2	4	6	
4	78.22	227.98	82.00	239.00	11.65	1	4	

0	5	314.611	4
1	0.00	0.00	179.60	113.43	212.43	0	
2	179.60	113.43	236.14	149.14	66.87	1	8	
3	236.14	149.14	239.79	151.45	4.32	0	
4	239.79	151.45	266.00	168.00	31.00	1	5	

0	6	210.583	2
1	0.00	0.00	65.30	166.22	178.58	0	
2	65.30	166.22	77.00	196.00	32.00	1	6	

0	7	305.197	7
1	0.00	0.00	54.71	173.04	181.48	0	
2	54.71	173.04	71.69	226.76	56.34	1	6	
3	71.69	226.76	71.96	227.60	0.88	2	4	6	
4	71.96	227.60	77.11	243.89	17.08	1	4	
5	77.11	243.89	80.60	254.94	11.59	2	3	4	
6	80.60	254.94	85.37	270.02	15.82	1	3	
7	85.37	270.02	92.00	291.00	22.00	2	3	7	

0	8	248.455	2
1	0.00	0.00	182.23	81.08	199.46	0	
2	182.23	81.08	227.00	101.00	49.00	1	8	

1	0	328.600	2
1	197.00	263.00	187.41	250.19	16.00	1	1	
2	187.41	250.19	0.00	0.00	312.60	0	

1	1	0	0

1	2	133.222	3
1	197.00	263.00	194.84	247.15	16.00	1	1	
2	194.84	247.15	180.22	139.92	108.22	0	
3	180.22	139.92	179.00	131.00	9.00	1	2	

1	3	143.028	5
1	197.00	263.00	181.23	265.68	16.00	1	1	
2	181.23	265.68	109.65	277.87	72.61	0	
3	109.65	277.87	103.32	278.95	6.42	1	7	
4	103.32	278.95	71.00	284.45	32.79	2	3	7	
5	71.00	284.45	56.00	287.00	15.21	1	3	

1	4	117.478	3
1	197.00	263.00	181.34	259.73	16.00	1	1	
2	181.34	259.73	97.66	242.27	85.48	0	
3	97.66	242.27	82.00	239.00	16.00	1	4	

1	5	117.414	3
1	197.00	263.00	206.40	250.05	16.00	1	1	
2	206.40	250.05	247.78	193.08	70.41	0	
3	247.78	193.08	266.00	168.00	31.00	1	5	

1	6	137.437	3
1	197.00	263.00	183.03	255.20	16.00	1	1	
2	183.03	255.20	104.94	211.60	89.44	0	
3	104.94	211.60	77.00	196.00	32.00	1	6	

1	7	108.669	4
1	197.00	263.00	181.54	267.12	16.00	1	1	
2	181.54	267.12	113.26	285.33	70.67	0	
3	113.26	285.33	103.99	287.80	9.59	1	7	
4	103.99	287.80	92.00	291.00	12.41	2	3	7	

1	8	164.754	3
1	197.00	263.00	199.91	247.27	16.00	1	1	
2	199.91	247.27	218.08	149.18	99.75	0	
3	218.08	149.18	227.00	101.00	49.00	0	

2	0	221.815	2
1	179.00	131.00	171.74	125.68	9.00	1	2	
2	171.74	125.68	0.00	0.00	212.82	0	

2	1	133.222	3
1	179.00	131.00	180.22	139.92	9.00	1	2	
2	180.22	139.92	194.84	247.15	108.22	0	
3	194.84	247.15	197.00	263.00	16.00	1	1	

2	2	0	0

2	3	198.658	5
1	179.00	131.00	173.43	138.07	9.00	1	2	
2	173.43	138.07	97.36	234.54	122.85	0	
3	97.36	234.54	85.72	249.31	18.81	1	4	
4	85.72	249.31	81.24	254.98	7.23	2	3	4	
5	81.24	254.98	56.00	287.00	40.77	1	3	

2	4	145.165	3
1	179.00	131.00	172.99	137.70	9.00	1	2	
2	172.99	137.70	92.69	227.10	120.17	0	
3	92.69	227.10	82.00	239.00	16.00	1	4	

2	5	94.541	5
1	179.00	131.00	187.28	134.52	9.00	1	2	
2	187.28	134.52	194.33	137.52	7.66	0	
3	194.33	137.52	223.36	149.86	31.54	1	8	
4	223.36	149.86	237.47	155.87	15.34	0	
5	237.47	155.87	266.00	168.00	31.00	1	5	

2	6	120.950	3
1	179.00	131.00	171.41	135.84	9.00	1	2	
2	171.41	135.84	103.99	178.80	79.95	0	
3	103.99	178.80	77.00	196.00	32.00	1	6	

2	7	182.124	4
1	179.00	131.00	174.70	138.91	9.00	1	2	
2	174.70	138.91	102.51	271.67	151.12	0	
3	102.51	271.67	101.87	272.85	1.34	1	7	
4	101.87	272.85	92.00	291.00	20.66	2	3	7	

2	8	56.604	3
1	179.00	131.00	185.45	126.97	7.60	1	2	
2	185.45	126.97	186.63	126.23	1.40	2	2	8	
3	186.63	126.23	227.00	101.00	47.60	1	8	

3	0	292.412	2
1	56.00	287.00	46.81	239.89	48.00	1	3	
2	46.81	239.89	0.00	0.00	244.41	0	

3	1	143.028	5
1	56.00	287.00	71.00	284.45	15.21	1	3	
2	71.00	284.45	103.32	278.95	32.79	2	3	7	
3	103.32	278.95	109.65	277.87	6.42	1	7	
4	109.65	277.87	181.23	265.68	72.61	0	
5	181.23	265.68	197.00	263.00	16.00	1	1	

3	2	198.658	5
1	56.00	287.00	81.24	254.98	40.77	1	3	
2	81.24	254.98	85.72	249.31	7.23	2	3	4	
3	85.72	249.31	97.36	234.54	18.81	1	4	
4	97.36	234.54	173.43	138.07	122.85	0	
5	173.43	138.07	179.00	131.00	9.00	1	2	

3	3	0	0

3	4	54.589	3
1	56.00	287.00	74.38	253.07	38.59	1	3	
2	74.38	253.07	78.86	244.79	9.41	2	3	4	
3	78.86	244.79	82.00	239.00	6.59	1	4	

3	5	241.373	5
1	56.00	287.00	76.51	275.38	23.57	1	3	
2	76.51	275.38	86.56	269.68	11.55	2	3	7	
3	86.56	269.68	97.76	263.34	12.88	1	3	
4	97.76	263.34	239.03	183.28	162.37	0	
5	239.03	183.28	266.00	168.00	31.00	1	5	

3	6	93.392	5
1	56.00	287.00	66.33	242.23	45.94	1	3	
2	66.33	242.23	66.79	240.23	2.06	1	4	
3	66.79	240.23	69.33	229.23	11.29	1	4	
4	69.33	229.23	69.80	227.18	2.10	0	
5	69.80	227.18	77.00	196.00	32.00	1	6	

3	7	36.222	2
1	56.00	287.00	70.13	288.57	14.22	1	3	
2	70.13	288.57	92.00	291.00	22.00	2	3	7	

3	8	252.660	5
1	56.00	287.00	85.85	254.53	44.11	1	3	
2	85.85	254.53	88.49	251.66	3.89	2	3	4	
3	88.49	251.66	97.80	241.54	13.76	1	4	
4	97.80	241.54	193.84	137.07	141.90	0	
5	193.84	137.07	227.00	101.00	49.00	1	8	

4	0	252.676	4
1	82.00	239.00	78.22	227.98	11.65	1	4	
2	78.22	227.98	76.81	223.87	4.35	2	4	6	
3	76.81	223.87	58.33	170.01	56.94	1	6	
4	58.33	170.01	0.00	0.00	179.74	0	

4	1	117.478	3
1	82.00	239.00	97.66	242.27	16.00	1	4	
2	97.66	242.27	181.34	259.73	85.48	0	
3	181.34	259.73	197.00	263.00	16.00	1	1	

4	2	145.165	3
1	82.00	239.00	92.69	227.10	16.00	1	4	
2	92.69	227.10	172.99	137.70	120.17	0	
3	172.99	137.70	179.00	131.00	9.00	1	2	

4	3	54.589	3
1	82.00	239.00	78.86	244.79	6.59	1	4	
2	78.86	244.79	74.38	253.07	9.41	2	3	4	
3	74.38	253.07	56.00	287.00	38.59	1	3	

4	4	0	0

4	5	197.223	3
1	82.00	239.00	96.93	233.24	16.00	1	4	
2	96.93	233.24	237.08	179.16	150.22	0	
3	237.08	179.16	266.00	168.00	31.00	1	5	

4	6	43.290	3
1	82.00	239.00	80.70	227.79	11.29	1	4	
2	80.70	227.79	80.15	223.11	4.71	2	4	6	
3	80.15	223.11	77.00	196.00	27.29	1	6	

4	7	52.953	4
1	82.00	239.00	83.69	247.79	8.95	1	4	
2	83.69	247.79	85.02	254.71	7.05	2	3	4	
3	85.02	254.71	87.85	269.40	14.95	1	3	
4	87.85	269.40	92.00	291.00	22.00	2	3	7	

4	8	200.172	3
1	82.00	239.00	93.59	227.97	16.00	1	4	
2	93.59	227.97	191.51	134.78	135.17	0	
3	191.51	134.78	227.00	101.00	49.00	1	8	

5	0	314.611	4
1	266.00	168.00	239.79	151.45	31.00	1	5	
2	239.79	151.45	236.14	149.14	4.32	0	
3	236.14	149.14	179.60	113.43	66.87	1	8	
4	179.60	113.43	0.00	0.00	212.43	0	

5	1	117.414	3
1	266.00	168.00	247.78	193.08	31.00	1	5	
2	247.78	193.08	206.40	250.05	70.41	0	
3	206.40	250.05	197.00	263.00	16.00	1	1	

5	2	94.541	5
1	266.00	168.00	237.47	155.87	31.00	1	5	
2	237.47	155.87	223.36	149.86	15.34	0	
3	223.36	149.86	194.33	137.52	31.54	1	8	
4	194.33	137.52	187.28	134.52	7.66	0	
5	187.28	134.52	179.00	131.00	9.00	1	2	

5	3	241.373	5
1	266.00	168.00	239.03	183.28	31.00	1	5	
2	239.03	183.28	97.76	263.34	162.37	0	
3	97.76	263.34	86.56	269.68	12.88	1	3	
4	86.56	269.68	76.51	275.38	11.55	2	3	7	
5	76.51	275.38	56.00	287.00	23.57	1	3	

5	4	197.223	3
1	266.00	168.00	237.08	179.16	31.00	1	5	
2	237.08	179.16	96.93	233.24	150.22	0	
3	96.93	233.24	82.00	239.00	16.00	1	4	

5	5	0	0

5	6	191.063	3
1	266.00	168.00	235.33	172.54	31.00	1	5	
2	235.33	172.54	108.65	191.31	128.06	0	
3	108.65	191.31	77.00	196.00	32.00	1	6	

5	7	213.084	4
1	266.00	168.00	240.69	185.89	31.00	1	5	
2	240.69	185.89	109.96	278.30	160.08	0	
3	109.96	278.30	103.80	282.66	7.55	1	7	
4	103.80	282.66	92.00	291.00	14.45	2	3	7	

5	8	77.524	3
1	266.00	168.00	251.65	143.35	28.52	1	5	
2	251.65	143.35	250.40	141.21	2.48	2	5	8	
3	250.40	141.21	227.00	101.00	46.52	1	8	

6	0	210.583	2
1	77.00	196.00	65.30	166.22	32.00	1	6	
2	65.30	166.22	0.00	0.00	178.58	0	

6	1	137.437	3
1	77.00	196.00	104.94	211.60	32.00	1	6	
2	104.94	211.60	183.03	255.20	89.44	0	
3	183.03	255.20	197.00	263.00	16.00	1	1	

6	2	120.950	3
1	77.00	196.00	103.99	178.80	32.00	1	6	
2	103.99	178.80	171.41	135.84	79.95	0	
3	171.41	135.84	179.00	131.00	9.00	1	2	

6	3	93.392	5
1	77.00	196.00	69.80	227.18	32.00	1	6	
2	69.80	227.18	69.33	229.23	2.10	0	
3	69.33	229.23	66.79	240.23	11.29	1	4	
4	66.79	240.23	66.33	242.23	2.06	1	4	
5	66.33	242.23	56.00	287.00	45.94	1	3	

6	4	43.290	3
1	77.00	196.00	80.15	223.11	27.29	1	6	
2	80.15	223.11	80.70	227.79	4.71	2	4	6	
3	80.70	227.79	82.00	239.00	11.29	1	4	

6	5	191.063	3
1	77.00	196.00	108.65	191.31	32.00	1	6	
2	108.65	191.31	235.33	172.54	128.06	0	
3	235.33	172.54	266.00	168.00	31.00	1	5	

6	6	0	0

6	7	96.177	6
1	77.00	196.00	81.27	223.02	27.35	1	6	
2	81.27	223.02	81.99	227.61	4.65	2	4	6	
3	81.99	227.61	85.37	249.04	21.69	1	4	
4	85.37	249.04	86.23	254.43	5.46	2	3	4	
5	86.23	254.43	88.57	269.27	15.02	1	3	
6	88.57	269.27	92.00	291.00	22.00	2	3	7	

6	8	177.553	5
1	77.00	196.00	104.03	178.88	32.00	1	6	
2	104.03	178.88	171.58	136.10	79.96	0	
3	171.58	136.10	185.60	127.22	16.60	1	2	
4	185.60	127.22	186.78	126.47	1.39	2	2	8	
5	186.78	126.47	227.00	101.00	47.61	1	8	

7	0	305.197	7
1	92.00	291.00	85.37	270.02	22.00	2	3	7	
2	85.37	270.02	80.60	254.94	15.82	1	3	
3	80.60	254.94	77.11	243.89	11.59	2	3	4	
4	77.11	243.89	71.96	227.60	17.08	1	4	
5	71.96	227.60	71.69	226.76	0.88	2	4	6	
6	71.69	226.76	54.71	173.04	56.34	1	6	
7	54.71	173.04	0.00	0.00	181.48	0	

7	1	108.669	4
1	92.00	291.00	103.99	287.80	12.41	2	3	7	
2	103.99	287.80	113.26	285.33	9.59	1	7	
3	113.26	285.33	181.54	267.12	70.67	0	
4	181.54	267.12	197.00	263.00	16.00	1	1	

7	2	182.124	4
1	92.00	291.00	101.87	272.85	20.66	2	3	7	
2	101.87	272.85	102.51	271.67	1.34	1	7	
3	102.51	271.67	174.70	138.91	151.12	0	
4	174.70	138.91	179.00	131.00	9.00	1	2	

7	3	36.222	2
1	92.00	291.00	70.13	288.57	22.00	2	3	7	
2	70.13	288.57	56.00	287.00	14.22	1	3	

7	4	52.953	4
1	92.00	291.00	87.85	269.40	22.00	2	3	7	
2	87.85	269.40	85.02	254.71	14.95	1	3	
3	85.02	254.71	83.69	247.79	7.05	2	3	4	
4	83.69	247.79	82.00	239.00	8.95	1	4	

7	5	213.084	4
1	92.00	291.00	103.80	282.66	14.45	2	3	7	
2	103.80	282.66	109.96	278.30	7.55	1	7	
3	109.96	278.30	240.69	185.89	160.08	0	
4	240.69	185.89	266.00	168.00	31.00	1	5	

7	6	96.177	6
1	92.00	291.00	88.57	269.27	22.00	2	3	7	
2	88.57	269.27	86.23	254.43	15.02	1	3	
3	86.23	254.43	85.37	249.04	5.46	2	3	4	
4	85.37	249.04	81.99	227.61	21.69	1	4	
5	81.99	227.61	81.27	223.02	4.65	2	4	6	
6	81.27	223.02	77.00	196.00	27.35	1	6	

7	7	0	0

7	8	233.077	4
1	92.00	291.00	102.71	275.93	18.48	2	3	7	
2	102.71	275.93	104.74	273.07	3.52	1	7	
3	104.74	273.07	198.62	140.94	162.08	0	
4	198.62	140.94	227.00	101.00	49.00	1	8	

8	0	248.455	2
1	227.00	101.00	182.23	81.08	49.00	1	8	
2	182.23	81.08	0.00	0.00	199.46	0	

8	1	164.754	3
1	227.00	101.00	218.08	149.18	49.00	0	
2	218.08	149.18	199.91	247.27	99.75	0	
3	199.91	247.27	197.00	263.00	16.00	1	1	

8	2	56.604	3
1	227.00	101.00	186.63	126.23	47.60	1	8	
2	186.63	126.23	185.45	126.97	1.40	2	2	8	
3	185.45	126.97	179.00	131.00	7.60	1	2	

8	3	252.660	5
1	227.00	101.00	193.84	137.07	49.00	1	8	
2	193.84	137.07	97.80	241.54	141.90	0	
3	97.80	241.54	88.49	251.66	13.76	1	4	
4	88.49	251.66	85.85	254.53	3.89	2	3	4	
5	85.85	254.53	56.00	287.00	44.11	1	3	

8	4	200.172	3
1	227.00	101.00	191.51	134.78	49.00	1	8	
2	191.51	134.78	93.59	227.97	135.17	0	
3	93.59	227.97	82.00	239.00	16.00	1	4	

8	5	77.524	3
1	227.00	101.00	250.40	141.21	46.52	1	8	
2	250.40	141.21	251.65	143.35	2.48	2	5	8	
3	251.65	143.35	266.00	168.00	28.52	1	5	

8	6	177.553	5
1	227.00	101.00	186.78	126.47	47.61	1	8	
2	186.78	126.47	185.60	127.22	1.39	2	2	8	
3	185.60	127.22	171.58	136.10	16.60	1	2	
4	171.58	136.10	104.03	178.88	79.96	0	
5	104.03	178.88	77.00	196.00	32.00	1	6	

8	7	233.077	4
1	227.00	101.00	198.62	140.94	49.00	1	8	
2	198.62	140.94	104.74	273.07	162.08	0	
3	104.74	273.07	102.71	275.93	3.52	1	7	
4	102.71	275.93	92.00	291.00	18.48	2	3	7	

8	8	0	0