9	125	2	0.001	70.0
0.000	0.000	0.000	9.000	0.000
282.000	236.000	43.000	6.000	13.000
276.000	138.000	46.000	7.000	14.000
6.000	263.000	16.000	4.000	5.000
200.000	162.000	45.000	9.000	18.000
185.000	135.000	20.000	1.000	7.000
160.000	136.000	32.000	9.000	7.000
68.000	193.000	31.000	7.000	19.000
260.000	13.000	27.000	1.000	4.000

0	0	0	0

0	1	367.723	8
1	0.00	0.00	136.52	114.25	178.02	0	
2	136.52	114.25	162.99	136.40	34.51	1	6	
3	162.99	136.40	165.28	138.32	2.98	2	4	6	
4	165.28	138.32	185.21	155.00	25.99	3	4	5	6	
5	185.21	155.00	185.54	155.28	0.43	2	4	6	
6	185.54	155.28	231.72	193.92	60.21	1	4	
7	231.72	193.92	249.02	208.40	22.57	0	
8	249.02	208.40	282.00	236.00	43.00	1	1	

0	2	308.577	2
1	0.00	0.00	234.86	117.43	262.58	0	
2	234.86	117.43	276.00	138.00	46.00	1	2	

0	3	263.068	2
1	0.00	0.00	5.64	247.01	247.07	0	
2	5.64	247.01	6.00	263.00	16.00	1	3	

0	4	257.379	6
1	0.00	0.00	138.57	112.24	178.32	0	
2	138.57	112.24	165.03	133.68	34.06	1	6	
3	165.03	133.68	165.04	133.69	0.01	2	4	6	
4	165.04	133.69	187.69	152.03	29.15	3	4	5	6	
5	187.69	152.03	190.43	154.25	3.52	2	4	5	
6	190.43	154.25	200.00	162.00	12.32	1	4	

0	5	229.020	4
1	0.00	0.00	146.57	106.96	181.44	0	
2	146.57	106.96	168.84	123.21	27.58	1	6	
3	168.84	123.21	172.84	126.12	4.94	2	5	6	
4	172.84	126.12	185.00	135.00	15.06	3	4	5	6	

0	6	209.990	2
1	0.00	0.00	135.62	115.28	177.99	0	
2	135.62	115.28	160.00	136.00	32.00	1	6	

0	7	204.629	2
1	0.00	0.00	57.70	163.76	173.63	0	
2	57.70	163.76	68.00	193.00	31.00	1	7	

0	8	260.325	2
1	0.00	0.00	233.03	11.65	233.32	0	
2	233.03	11.65	260.00	13.00	27.00	1	8	

1	0	367.723	8
1	282.00	236.00	249.02	208.40	43.00	1	1	
2	249.02	208.40	231.72	193.92	22.57	0	
3	231.72	193.92	185.54	155.28	60.21	1	4	
4	185.54	155.28	185.21	155.00	0.43	2	4	6	
5	185.21	155.00	165.28	138.32	25.99	3	4	5	6	
6	165.28	138.32	162.99	136.40	2.98	2	4	6	
7	162.99	136.40	136.52	114.25	34.51	1	6	
8	136.52	114.25	0.00	0.00	178.02	0	

1	1	0	0

1	2	98.184	3
1	282.00	236.00	279.37	193.08	43.00	1	1	
2	279.37	193.08	278.81	183.91	9.18	0	
3	278.81	183.91	276.00	138.00	46.00	0	

1	3	277.318	3
1	282.00	236.00	239.20	240.19	43.00	1	1	
2	239.20	240.19	21.92	261.44	218.32	0	
3	21.92	261.44	6.00	263.00	16.00	1	3	

1	4	110.454	3
1	282.00	236.00	250.08	207.19	43.00	1	1	
2	250.08	207.19	233.41	192.15	22.45	0	
3	233.41	192.15	200.00	162.00	45.00	1	4	

1	5	140.036	5
1	282.00	236.00	252.21	204.99	43.00	1	1	
2	252.21	204.99	236.37	188.49	22.87	0	
3	236.37	188.49	198.85	149.42	54.17	1	4	
4	198.85	149.42	191.48	141.75	10.65	2	4	5	
5	191.48	141.75	185.00	135.00	9.35	3	4	5	6	

1	6	157.747	7
1	282.00	236.00	248.74	208.74	43.00	1	1	
2	248.74	208.74	231.24	194.39	22.64	0	
3	231.24	194.39	184.75	156.29	60.11	1	4	
4	184.75	156.29	183.07	154.91	2.18	2	4	6	
5	183.07	154.91	165.86	140.80	22.25	3	4	5	6	
6	165.86	140.80	162.11	137.73	4.85	2	4	6	
7	162.11	137.73	160.00	136.00	2.73	1	6	

1	7	218.277	3
1	282.00	236.00	239.84	227.53	43.00	1	1	
2	239.84	227.53	98.39	199.11	144.28	0	
3	98.39	199.11	68.00	193.00	31.00	1	7	

1	8	224.083	5
1	282.00	236.00	277.78	193.21	43.00	0	
2	277.78	193.21	276.87	183.99	9.26	0	
3	276.87	183.99	267.87	92.72	91.71	0	
4	267.87	92.72	262.65	39.87	53.11	0	
5	262.65	39.87	260.00	13.00	27.00	1	8	

2	0	308.577	2
1	276.00	138.00	234.86	117.43	46.00	1	2	
2	234.86	117.43	0.00	0.00	262.58	0	

2	1	98.184	3
1	276.00	138.00	278.81	183.91	46.00	0	
2	278.81	183.91	279.37	193.08	9.18	0	
3	279.37	193.08	282.00	236.00	43.00	1	1	

2	2	0	0

2	3	297.532	5
1	276.00	138.00	244.05	152.79	35.21	1	2	
2	244.05	152.79	234.26	157.33	10.79	2	2	4	
3	234.26	157.33	164.48	189.63	76.89	1	4	
4	164.48	189.63	20.52	256.28	158.64	0	
5	20.52	256.28	6.00	263.00	16.00	1	3	

2	4	79.699	3
1	276.00	138.00	242.91	148.45	34.70	1	2	
2	242.91	148.45	232.14	151.85	11.30	2	2	4	
3	232.14	151.85	200.00	162.00	33.70	1	4	

2	5	91.049	5
1	276.00	138.00	237.23	136.72	38.79	1	2	
2	237.23	136.72	230.03	136.48	7.21	2	2	4	
3	230.03	136.48	204.99	135.66	25.05	1	4	
4	204.99	135.66	191.99	135.23	13.01	2	4	5	
5	191.99	135.23	185.00	135.00	6.99	3	4	5	6	

2	6	116.017	7
1	276.00	138.00	237.64	137.34	38.37	1	2	
2	237.64	137.34	230.01	137.21	7.63	2	2	4	
3	230.01	137.21	204.92	136.77	25.09	1	4	
4	204.92	136.77	192.00	136.55	12.93	2	4	5	
5	192.00	136.55	165.03	136.09	26.97	3	4	5	6	
6	165.03	136.09	163.23	136.06	1.80	2	4	6	
7	163.23	136.06	160.00	136.00	3.23	1	6	

2	7	215.149	7
1	276.00	138.00	242.39	146.89	34.77	1	2	
2	242.39	146.89	231.53	149.76	11.23	2	2	4	
3	231.53	149.76	173.03	165.23	60.51	1	4	
4	173.03	165.23	163.12	167.85	10.24	2	4	6	
5	163.12	167.85	155.68	169.81	7.70	1	4	
6	155.68	169.81	97.97	185.08	59.70	0	
7	97.97	185.08	68.00	193.00	31.00	1	7	

2	8	126.020	3
1	276.00	138.00	270.16	92.37	46.00	0	
2	270.16	92.37	263.43	39.78	53.02	0	
3	263.43	39.78	260.00	13.00	27.00	1	8	

3	0	263.068	2
1	6.00	263.00	5.64	247.01	16.00	1	3	
2	5.64	247.01	0.00	0.00	247.07	0	

3	1	277.318	3
1	6.00	263.00	21.92	261.44	16.00	1	3	
2	21.92	261.44	239.20	240.19	218.32	0	
3	239.20	240.19	282.00	236.00	43.00	1	1	

3	2	297.532	5
1	6.00	263.00	20.52	256.28	16.00	1	3	
2	20.52	256.28	164.48	189.63	158.64	0	
3	164.48	189.63	234.26	157.33	76.89	1	4	
4	234.26	157.33	244.05	152.79	10.79	2	2	4	
5	244.05	152.79	276.00	138.00	35.21	1	2	

3	3	0	0

3	4	218.717	3
1	6.00	263.00	20.19	255.61	16.00	1	3	
2	20.19	255.61	160.09	182.78	157.72	0	
3	160.09	182.78	200.00	162.00	45.00	1	4	

3	5	220.057	7
1	6.00	263.00	19.01	253.69	16.00	1	3	
2	19.01	253.69	61.50	223.31	52.23	0	
3	61.50	223.31	98.78	196.65	45.83	1	7	
4	98.78	196.65	144.47	163.98	56.17	0	
5	144.47	163.98	155.38	156.18	13.41	1	6	
6	155.38	156.18	168.73	146.63	16.42	2	4	6	
7	168.73	146.63	185.00	135.00	20.00	3	4	5	6	

3	6	199.612	5
1	6.00	263.00	18.34	252.82	16.00	1	3	
2	18.34	252.82	56.15	221.64	49.00	0	
3	56.15	221.64	98.38	186.82	54.74	1	7	
4	98.38	186.82	135.31	156.36	47.87	0	
5	135.31	156.36	160.00	136.00	32.00	1	6	

3	7	93.509	3
1	6.00	263.00	16.61	251.02	16.00	1	3	
2	16.61	251.02	47.45	216.21	46.51	0	
3	47.45	216.21	68.00	193.00	31.00	1	7	

3	8	356.393	7
1	6.00	263.00	17.40	251.78	16.00	1	3	
2	17.40	251.78	50.87	218.84	46.96	0	
3	50.87	218.84	94.11	176.28	60.67	1	7	
4	94.11	176.28	128.63	142.30	48.44	0	
5	128.63	142.30	166.80	104.73	53.56	1	6	
6	166.80	104.73	240.76	31.94	103.77	0	
7	240.76	31.94	260.00	13.00	27.00	1	8	

4	0	257.379	6
1	200.00	162.00	190.43	154.25	12.32	1	4	
2	190.43	154.25	187.69	152.03	3.52	2	4	5	
3	187.69	152.03	165.04	133.69	29.15	3	4	5	6	
4	165.04	133.69	165.03	133.68	0.01	2	4	6	
5	165.03	133.68	138.57	112.24	34.06	1	6	
6	138.57	112.24	0.00	0.00	178.32	0	

4	1	110.454	3
1	200.00	162.00	233.41	192.15	45.00	1	4	
2	233.41	192.15	250.08	207.19	22.45	0	
3	250.08	207.19	282.00	236.00	43.00	1	1	

4	2	79.699	3
1	200.00	162.00	232.14	151.85	33.70	1	4	
2	232.14	151.85	242.91	148.45	11.30	2	2	4	
3	242.91	148.45	276.00	138.00	34.70	1	2	

4	3	218.717	3
1	200.00	162.00	160.09	182.78	45.00	1	4	
2	160.09	182.78	20.19	255.61	157.72	0	
3	20.19	255.61	6.00	263.00	16.00	1	3	

4	4	0	0

4	5	30.887	3
1	200.00	162.00	194.71	152.48	10.89	1	4	
2	194.71	152.48	190.66	145.18	8.36	2	4	5	
3	190.66	145.18	185.00	135.00	11.64	3	4	5	6	

4	6	47.707	5
1	200.00	162.00	188.70	154.65	13.48	1	4	
2	188.70	154.65	186.83	153.44	2.23	2	4	5	
3	186.83	153.44	165.54	139.60	25.40	3	4	5	6	
4	165.54	139.60	162.27	137.48	3.90	2	4	6	
5	162.27	137.48	160.00	136.00	2.71	1	6	

4	7	135.591	3
1	200.00	162.00	156.19	172.29	45.00	1	4	
2	156.19	172.29	98.18	185.91	59.59	0	
3	98.18	185.91	68.00	193.00	31.00	1	7	

4	8	160.627	3
1	200.00	162.00	216.81	120.26	45.00	1	4	
2	216.81	120.26	249.91	38.05	88.63	0	
3	249.91	38.05	260.00	13.00	27.00	1	8	

5	0	229.020	4
1	185.00	135.00	172.84	126.12	15.06	3	4	5	6	
2	172.84	126.12	168.84	123.21	4.94	2	5	6	
3	168.84	123.21	146.57	106.96	27.58	1	6	
4	146.57	106.96	0.00	0.00	181.44	0	

5	1	140.036	5
1	185.00	135.00	191.48	141.75	9.35	3	4	5	6	
2	191.48	141.75	198.85	149.42	10.65	2	4	5	
3	198.85	149.42	236.37	188.49	54.17	1	4	
4	236.37	188.49	252.21	204.99	22.87	0	
5	252.21	204.99	282.00	236.00	43.00	1	1	

5	2	91.049	5
1	185.00	135.00	191.99	135.23	6.99	3	4	5	6	
2	191.99	135.23	204.99	135.66	13.01	2	4	5	
3	204.99	135.66	230.03	136.48	25.05	1	4	
4	230.03	136.48	237.23	136.72	7.21	2	2	4	
5	237.23	136.72	276.00	138.00	38.79	1	2	

5	3	220.057	7
1	185.00	135.00	168.73	146.63	20.00	3	4	5	6	
2	168.73	146.63	155.38	156.18	16.42	2	4	6	
3	155.38	156.18	144.47	163.98	13.41	1	6	
4	144.47	163.98	98.78	196.65	56.17	0	
5	98.78	196.65	61.50	223.31	45.83	1	7	
6	61.50	223.31	19.01	253.69	52.23	0	
7	19.01	253.69	6.00	263.00	16.00	1	3	

5	4	30.887	3
1	185.00	135.00	190.66	145.18	11.64	3	4	5	6	
2	190.66	145.18	194.71	152.48	8.36	2	4	5	
3	194.71	152.48	200.00	162.00	10.89	1	4	

5	5	0	0

5	6	25.020	3
1	185.00	135.00	165.02	135.80	20.00	3	4	5	6	
2	165.02	135.80	163.37	135.87	1.65	2	4	6	
3	163.37	135.87	160.00	136.00	3.37	1	6	

5	7	130.587	5
1	185.00	135.00	167.08	143.88	20.00	3	4	5	6	
2	167.08	143.88	156.95	148.91	11.31	2	4	6	
3	156.95	148.91	137.36	158.62	21.86	1	6	
4	137.36	158.62	95.77	179.23	46.42	0	
5	95.77	179.23	68.00	193.00	31.00	1	7	

5	8	143.210	5
1	185.00	135.00	190.44	126.14	10.40	3	4	5	6	
2	190.44	126.14	195.47	117.96	9.60	2	4	5	
3	195.47	117.96	195.95	117.18	0.92	1	4	
4	195.95	117.18	245.86	36.00	95.29	0	
5	245.86	36.00	260.00	13.00	27.00	1	8	

6	0	209.990	2
1	160.00	136.00	135.62	115.28	32.00	1	6	
2	135.62	115.28	0.00	0.00	177.99	0	

6	1	157.747	7
1	160.00	136.00	162.11	137.73	2.73	1	6	
2	162.11	137.73	165.86	140.80	4.85	2	4	6	
3	165.86	140.80	183.07	154.91	22.25	3	4	5	6	
4	183.07	154.91	184.75	156.29	2.18	2	4	6	
5	184.75	156.29	231.24	194.39	60.11	1	4	
6	231.24	194.39	248.74	208.74	22.64	0	
7	248.74	208.74	282.00	236.00	43.00	1	1	

6	2	116.017	7
1	160.00	136.00	163.23	136.06	3.23	1	6	
2	163.23	136.06	165.03	136.09	1.80	2	4	6	
3	165.03	136.09	192.00	136.55	26.97	3	4	5	6	
4	192.00	136.55	204.92	136.77	12.93	2	4	5	
5	204.92	136.77	230.01	137.21	25.09	1	4	
6	230.01	137.21	237.64	137.34	7.63	2	2	4	
7	237.64	137.34	276.00	138.00	38.37	1	2	

6	3	199.612	5
1	160.00	136.00	135.31	156.36	32.00	1	6	
2	135.31	156.36	98.38	186.82	47.87	0	
3	98.38	186.82	56.15	221.64	54.74	1	7	
4	56.15	221.64	18.34	252.82	49.00	0	
5	18.34	252.82	6.00	263.00	16.00	1	3	

6	4	47.707	5
1	160.00	136.00	162.27	137.48	2.71	1	6	
2	162.27	137.48	165.54	139.60	3.90	2	4	6	
3	165.54	139.60	186.83	153.44	25.40	3	4	5	6	
4	186.83	153.44	188.70	154.65	2.23	2	4	5	
5	188.70	154.65	200.00	162.00	13.48	1	4	

6	5	25.020	3
1	160.00	136.00	163.37	135.87	3.37	1	6	
2	163.37	135.87	165.02	135.80	1.65	2	4	6	
3	165.02	135.80	185.00	135.00	20.00	3	4	5	6	

6	6	0	0

6	7	108.227	3
1	160.00	136.00	132.80	152.85	32.00	1	6	
2	132.80	152.85	94.35	176.67	45.23	0	
3	94.35	176.67	68.00	193.00	31.00	1	7	

6	8	158.521	5
1	160.00	136.00	166.08	128.53	9.63	1	6	
2	166.08	128.53	174.80	117.80	13.83	2	5	6	
3	174.80	117.80	180.19	111.17	8.54	1	6	
4	180.19	111.17	242.97	33.95	99.52	0	
5	242.97	33.95	260.00	13.00	27.00	1	8	

7	0	204.629	2
1	68.00	193.00	57.70	163.76	31.00	1	7	
2	57.70	163.76	0.00	0.00	173.63	0	

7	1	218.277	3
1	68.00	193.00	98.39	199.11	31.00	1	7	
2	98.39	199.11	239.84	227.53	144.28	0	
3	239.84	227.53	282.00	236.00	43.00	1	1	

7	2	215.149	7
1	68.00	193.00	97.97	185.08	31.00	1	7	
2	97.97	185.08	155.68	169.81	59.70	0	
3	155.68	169.81	163.12	167.85	7.70	1	4	
4	163.12	167.85	173.03	165.23	10.24	2	4	6	
5	173.03	165.23	231.53	149.76	60.51	1	4	
6	231.53	149.76	242.39	146.89	11.23	2	2	4	
7	242.39	146.89	276.00	138.00	34.77	1	2	

7	3	93.509	3
1	68.00	193.00	47.45	216.21	31.00	1	7	
2	47.45	216.21	16.61	251.02	46.51	0	
3	16.61	251.02	6.00	263.00	16.00	1	3	

7	4	135.591	3
1	68.00	193.00	98.18	185.91	31.00	1	7	
2	98.18	185.91	156.19	172.29	59.59	0	
3	156.19	172.29	200.00	162.00	45.00	1	4	

7	5	130.587	5
1	68.00	193.00	95.77	179.23	31.00	1	7	
2	95.77	179.23	137.36	158.62	46.42	0	
3	137.36	158.62	156.95	148.91	21.86	1	6	
4	156.95	148.91	167.08	143.88	11.31	2	4	6	
5	167.08	143.88	185.00	135.00	20.00	3	4	5	6	

7	6	108.227	3
1	68.00	193.00	94.35	176.67	31.00	1	7	
2	94.35	176.67	132.80	152.85	45.23	0	
3	132.80	152.85	160.00	136.00	32.00	1	6	

7	7	0	0

7	8	263.181	5
1	68.00	193.00	90.62	171.80	31.00	1	7	
2	90.62	171.80	128.01	136.74	51.26	0	
3	128.01	136.74	162.80	104.12	47.69	1	6	
4	162.80	104.12	240.30	31.47	106.23	0	
5	240.30	31.47	260.00	13.00	27.00	1	8	

8	0	260.325	2
1	260.00	13.00	233.03	11.65	27.00	1	8	
2	233.03	11.65	0.00	0.00	233.32	0	

8	1	224.083	5
1	260.00	13.00	262.65	39.87	27.00	1	8	
2	262.65	39.87	267.87	92.72	53.11	0	
3	267.87	92.72	276.87	183.99	91.71	0	
4	276.87	183.99	277.78	193.21	9.26	0	
5	277.78	193.21	282.00	236.00	43.00	0	

8	2	126.020	3
1	260.00	13.00	263.43	39.78	27.00	1	8	
2	263.43	39.78	270.16	92.37	53.02	0	
3	270.16	92.37	276.00	138.00	46.00	0	

8	3	356.393	7
1	260.00	13.00	240.76	31.94	27.00	1	8	
2	240.76	31.94	166.80	104.73	103.77	0	
3	166.80	104.73	128.63	142.30	53.56	1	6	
4	128.63	142.30	94.11	176.28	48.44	0	
5	94.11	176.28	50.87	218.84	60.67	1	7	
6	50.87	218.84	17.40	251.78	46.96	0	
7	17.40	251.78	6.00	263.00	16.00	1	3	

8	4	160.627	3
1	260.00	13.00	249.91	38.05	27.00	1	8	
2	249.91	38.05	216.81	120.26	88.63	0	
3	216.81	120.26	200.00	162.00	45.00	1	4	

8	5	143.210	5
1	260.00	13.00	245.86	36.00	27.00	1	8	
2	245.86	36.00	195.95	117.18	95.29	0	
3	195.95	117.18	195.47	117.96	0.92	1	4	
4	195.47	117.96	190.44	126.14	9.60	2	4	5	
5	190.44	126.14	185.00	135.00	10.40	3	4	5	6	

8	6	158.521	5
1	260.00	13.00	242.97	33.95	27.00	1	8	
2	242.97	33.95	180.19	111.17	99.52	0	
3	180.19	111.17	174.80	117.80	8.54	1	6	
4	174.80	117.80	166.08	128.53	13.83	2	5	6	
5	166.08	128.53	160.00	136.00	9.63	1	6	

8	7	263.181	5
1	260.00	13.00	240.30	31.47	27.00	1	8	
2	240.30	31.47	162.80	104.12	106.23	0	
3	162.80	104.12	128.01	136.74	47.69	1	6	
4	128.01	136.74	90.62	171.80	51.26	0	
5	90.62	171.80	68.00	193.00	31.00	1	7	

8	8	0	0