9	123	2	0.001	50.0
0.000	0.000	0.000	6.000	0.000
59.000	218.000	1.000	9.000	3.000
189.000	176.000	42.000	3.000	15.000
20.000	96.000	16.000	10.000	7.000
94.000	76.000	1.000	8.000	8.000
171.000	173.000	28.000	10.000	17.000
189.000	203.000	36.000	2.000	5.000
34.000	146.000	25.000	10.000	12.000
288.000	128.000	50.000	4.000	20.000

0	0	0	0

0	1	225.843	6
1	0.00	0.00	21.68	80.09	82.97	0	
2	21.68	80.09	29.47	108.90	29.84	1	3	
3	29.47	108.90	32.76	121.03	12.57	0	
4	32.76	121.03	45.52	168.19	48.85	1	7	
5	45.52	168.19	58.74	217.03	50.60	0	
6	58.74	217.03	59.00	218.00	1.00	1	1	

0	2	258.258	4
1	0.00	0.00	158.26	147.38	216.26	0	
2	158.26	147.38	158.74	147.82	0.66	1	2	
3	158.74	147.82	180.44	168.03	29.65	2	2	5	
4	180.44	168.03	189.00	176.00	11.69	3	2	5	6	

0	3	98.061	2
1	0.00	0.00	16.74	80.34	82.06	0	
2	16.74	80.34	20.00	96.00	16.00	1	3	

0	4	120.880	2
1	0.00	0.00	93.22	75.37	119.88	0	
2	93.22	75.37	94.00	76.00	1.00	1	4	

0	5	243.249	4
1	0.00	0.00	151.32	153.09	215.25	0	
2	151.32	153.09	152.84	154.63	2.17	1	5	
3	152.84	154.63	170.27	172.26	24.79	2	2	5	
4	170.27	172.26	171.00	173.00	1.04	3	2	5	6	

0	6	277.363	5
1	0.00	0.00	147.25	158.16	216.10	0	
2	147.25	158.16	149.81	160.90	3.75	1	5	
3	149.81	160.90	164.47	176.65	21.52	2	2	5	
4	164.47	176.65	184.11	197.74	28.82	3	2	5	6	
5	184.11	197.74	189.00	203.00	7.18	2	2	6	

0	7	149.907	4
1	0.00	0.00	18.64	80.06	82.20	0	
2	18.64	80.06	25.83	110.90	31.67	1	3	
3	25.83	110.90	28.33	121.65	11.04	0	
4	28.33	121.65	34.00	146.00	25.00	1	7	

0	8	315.163	2
1	0.00	0.00	242.31	107.69	265.16	0	
2	242.31	107.69	288.00	128.00	50.00	1	8	

1	0	225.843	6
1	59.00	218.00	58.74	217.03	1.00	1	1	
2	58.74	217.03	45.52	168.19	50.60	0	
3	45.52	168.19	32.76	121.03	48.85	1	7	
4	32.76	121.03	29.47	108.90	12.57	0	
5	29.47	108.90	21.68	80.09	29.84	1	3	
6	21.68	80.09	0.00	0.00	82.97	0	

1	1	0	0

1	2	136.616	5
1	59.00	218.00	59.95	217.69	1.00	1	1	
2	59.95	217.69	148.16	189.19	92.70	0	
3	148.16	189.19	149.03	188.91	0.92	1	5	
4	149.03	188.91	157.11	186.30	8.48	2	2	5	
5	157.11	186.30	189.00	176.00	33.52	3	2	5	6	

1	3	128.082	5
1	59.00	218.00	58.70	217.05	1.00	1	1	
2	58.70	217.05	43.39	169.17	50.27	0	
3	43.39	169.17	28.21	121.68	49.86	1	7	
4	28.21	121.68	24.87	111.24	10.96	0	
5	24.87	111.24	20.00	96.00	16.00	1	3	

1	4	146.250	3
1	59.00	218.00	59.24	217.03	1.00	1	1	
2	59.24	217.03	93.76	76.97	144.25	0	
3	93.76	76.97	94.00	76.00	1.00	1	4	

1	5	120.702	5
1	59.00	218.00	59.93	217.63	1.00	1	1	
2	59.93	217.63	145.02	183.44	91.70	0	
3	145.02	183.44	147.50	182.44	2.67	1	5	
4	147.50	182.44	166.73	174.72	20.73	2	2	5	
5	166.73	174.72	171.00	173.00	4.60	3	2	5	6	

1	6	130.863	4
1	59.00	218.00	59.99	217.89	1.00	1	1	
2	59.99	217.89	153.24	207.13	93.86	0	
3	153.24	207.13	159.97	206.35	6.77	1	6	
4	159.97	206.35	189.00	203.00	29.23	2	2	6	

1	7	76.217	3
1	59.00	218.00	58.67	217.06	1.00	1	1	
2	58.67	217.06	42.20	169.62	50.22	0	
3	42.20	169.62	34.00	146.00	25.00	1	7	

1	8	246.051	9
1	59.00	218.00	59.93	217.63	1.00	1	1	
2	59.93	217.63	145.29	184.09	91.71	0	
3	145.29	184.09	147.62	183.17	2.50	1	5	
4	147.62	183.17	164.66	176.47	18.31	2	2	5	
5	164.66	176.47	188.76	167.00	25.90	3	2	5	6	
6	188.76	167.00	197.38	163.61	9.26	2	2	5	
7	197.38	163.61	224.19	153.08	28.81	1	2	
8	224.19	153.08	241.46	146.29	18.56	0	
9	241.46	146.29	288.00	128.00	50.00	1	8	

2	0	258.258	4
1	189.00	176.00	180.44	168.03	11.69	3	2	5	6	
2	180.44	168.03	158.74	147.82	29.65	2	2	5	
3	158.74	147.82	158.26	147.38	0.66	1	2	
4	158.26	147.38	0.00	0.00	216.26	0	

2	1	136.616	5
1	189.00	176.00	157.11	186.30	33.52	3	2	5	6	
2	157.11	186.30	149.03	188.91	8.48	2	2	5	
3	149.03	188.91	148.16	189.19	0.92	1	5	
4	148.16	189.19	59.95	217.69	92.70	0	
5	59.95	217.69	59.00	218.00	1.00	1	1	

2	2	0	0

2	3	186.979	5
1	189.00	176.00	175.52	169.62	14.91	3	2	5	6	
2	175.52	169.62	151.04	158.03	27.09	2	2	5	
3	151.04	158.03	148.23	156.70	3.10	1	5	
4	148.23	156.70	34.46	102.85	125.87	0	
5	34.46	102.85	20.00	96.00	16.00	1	3	

2	4	137.931	5
1	189.00	176.00	181.25	167.84	11.25	3	2	5	6	
2	181.25	167.84	161.22	146.76	29.08	2	2	5	
3	161.22	146.76	160.07	145.55	1.67	1	2	
4	160.07	145.55	94.69	76.72	94.93	0	
5	94.69	76.72	94.00	76.00	1.00	1	4	

2	5	18.248	1
1	189.00	176.00	171.00	173.00	18.25	3	2	5	6	

2	6	27.000	2
1	189.00	176.00	189.00	194.45	18.45	3	2	5	6	
2	189.00	194.45	189.00	203.00	8.55	2	2	6	

2	7	157.877	5
1	189.00	176.00	170.12	172.35	19.23	3	2	5	6	
2	170.12	172.35	147.77	168.02	22.77	2	2	5	
3	147.77	168.02	143.60	167.21	4.24	1	5	
4	143.60	167.21	58.54	150.75	86.64	0	
5	58.54	150.75	34.00	146.00	25.00	1	7	

2	8	110.023	5
1	189.00	176.00	198.94	171.18	11.05	3	2	5	6	
2	198.94	171.18	202.31	169.55	3.74	2	2	6	
3	202.31	169.55	226.79	157.68	27.21	1	2	
4	226.79	157.68	243.01	149.81	18.02	0	
5	243.01	149.81	288.00	128.00	50.00	1	8	

3	0	98.061	2
1	20.00	96.00	16.74	80.34	16.00	1	3	
2	16.74	80.34	0.00	0.00	82.06	0	

3	1	128.082	5
1	20.00	96.00	24.87	111.24	16.00	1	3	
2	24.87	111.24	28.21	121.68	10.96	0	
3	28.21	121.68	43.39	169.17	49.86	1	7	
4	43.39	169.17	58.70	217.05	50.27	0	
5	58.70	217.05	59.00	218.00	1.00	1	1	

3	2	186.979	5
1	20.00	96.00	34.46	102.85	16.00	1	3	
2	34.46	102.85	148.23	156.70	125.87	0	
3	148.23	156.70	151.04	158.03	3.10	1	5	
4	151.04	158.03	175.52	169.62	27.09	2	2	5	
5	175.52	169.62	189.00	176.00	14.91	3	2	5	6	

3	3	0	0

3	4	76.655	3
1	20.00	96.00	35.45	91.83	16.00	1	3	
2	35.45	91.83	93.03	76.26	59.66	0	
3	93.03	76.26	94.00	76.00	1.00	1	4	

3	5	169.499	5
1	20.00	96.00	34.25	103.27	16.00	1	3	
2	34.25	103.27	146.06	160.28	125.50	0	
3	146.06	160.28	149.41	161.99	3.76	1	5	
4	149.41	161.99	169.94	172.46	23.05	2	2	5	
5	169.94	172.46	171.00	173.00	1.19	3	2	5	6	

3	6	200.025	6
1	20.00	96.00	33.52	104.56	16.00	1	3	
2	33.52	104.56	143.01	173.88	129.60	0	
3	143.01	173.88	147.00	176.41	4.72	1	5	
4	147.00	176.41	158.58	183.74	13.71	2	2	5	
5	158.58	183.74	182.17	198.68	27.92	3	2	5	6	
6	182.17	198.68	189.00	203.00	8.08	2	2	6	

3	7	51.923	3
1	20.00	96.00	24.31	111.41	16.00	1	3	
2	24.31	111.41	27.26	121.93	10.92	0	
3	27.26	121.93	34.00	146.00	25.00	1	7	

3	8	269.904	3
1	20.00	96.00	35.89	97.90	16.00	1	3	
2	35.89	97.90	238.35	122.07	203.90	0	
3	238.35	122.07	288.00	128.00	50.00	1	8	

4	0	120.880	2
1	94.00	76.00	93.22	75.37	1.00	1	4	
2	93.22	75.37	0.00	0.00	119.88	0	

4	1	146.250	3
1	94.00	76.00	93.76	76.97	1.00	1	4	
2	93.76	76.97	59.24	217.03	144.25	0	
3	59.24	217.03	59.00	218.00	1.00	1	1	

4	2	137.931	5
1	94.00	76.00	94.69	76.72	1.00	1	4	
2	94.69	76.72	160.07	145.55	94.93	0	
3	160.07	145.55	161.22	146.76	1.67	1	2	
4	161.22	146.76	181.25	167.84	29.08	2	2	5	
5	181.25	167.84	189.00	176.00	11.25	3	2	5	6	

4	3	76.655	3
1	94.00	76.00	93.03	76.26	1.00	1	4	
2	93.03	76.26	35.45	91.83	59.66	0	
3	35.45	91.83	20.00	96.00	16.00	1	3	

4	4	0	0

4	5	123.847	5
1	94.00	76.00	94.62	76.78	1.00	1	4	
2	94.62	76.78	153.59	151.07	94.85	0	
3	153.59	151.07	154.44	152.14	1.36	1	5	
4	154.44	152.14	170.36	172.20	25.62	2	2	5	
5	170.36	172.20	171.00	173.00	1.02	3	2	5	6	

4	6	158.600	6
1	94.00	76.00	94.60	76.80	1.00	1	4	
2	94.60	76.80	151.52	152.89	95.02	0	
3	151.52	152.89	152.83	154.65	2.20	1	5	
4	152.83	154.65	167.44	174.17	24.38	2	2	5	
5	167.44	174.17	184.79	197.37	28.97	3	2	5	6	
6	184.79	197.37	189.00	203.00	7.03	2	2	6	

4	7	92.195	3
1	94.00	76.00	93.35	76.76	1.00	1	4	
2	93.35	76.76	50.27	127.02	66.20	0	
3	50.27	127.02	34.00	146.00	25.00	1	7	

4	8	200.848	3
1	94.00	76.00	94.97	76.26	1.00	1	4	
2	94.97	76.26	239.70	115.05	149.85	0	
3	239.70	115.05	288.00	128.00	50.00	1	8	

5	0	243.249	4
1	171.00	173.00	170.27	172.26	1.04	3	2	5	6	
2	170.27	172.26	152.84	154.63	24.79	2	2	5	
3	152.84	154.63	151.32	153.09	2.17	1	5	
4	151.32	153.09	0.00	0.00	215.25	0	

5	1	120.702	5
1	171.00	173.00	166.73	174.72	4.60	3	2	5	6	
2	166.73	174.72	147.50	182.44	20.73	2	2	5	
3	147.50	182.44	145.02	183.44	2.67	1	5	
4	145.02	183.44	59.93	217.63	91.70	0	
5	59.93	217.63	59.00	218.00	1.00	1	1	

5	2	18.248	1
1	171.00	173.00	189.00	176.00	18.25	3	2	5	6	

5	3	169.499	5
1	171.00	173.00	169.94	172.46	1.19	3	2	5	6	
2	169.94	172.46	149.41	161.99	23.05	2	2	5	
3	149.41	161.99	146.06	160.28	3.76	1	5	
4	146.06	160.28	34.25	103.27	125.50	0	
5	34.25	103.27	20.00	96.00	16.00	1	3	

5	4	123.847	5
1	171.00	173.00	170.36	172.20	1.02	3	2	5	6	
2	170.36	172.20	154.44	152.14	25.62	2	2	5	
3	154.44	152.14	153.59	151.07	1.36	1	5	
4	153.59	151.07	94.62	76.78	94.85	0	
5	94.62	76.78	94.00	76.00	1.00	1	4	

5	5	0	0

5	6	34.986	2
1	171.00	173.00	185.41	197.01	28.00	3	2	5	6	
2	185.41	197.01	189.00	203.00	6.99	2	2	6	

5	7	139.635	5
1	171.00	173.00	169.54	172.71	1.49	3	2	5	6	
2	169.54	172.71	147.69	168.41	22.27	2	2	5	
3	147.69	168.41	143.53	167.59	4.24	1	5	
4	143.53	167.59	58.53	150.83	86.64	0	
5	58.53	150.83	34.00	146.00	25.00	1	7	

5	8	125.355	5
1	171.00	173.00	186.35	167.10	16.44	3	2	5	6	
2	186.35	167.10	197.13	162.95	11.56	2	2	5	
3	197.13	162.95	223.91	152.65	28.69	1	2	
4	223.91	152.65	241.33	145.95	18.67	0	
5	241.33	145.95	288.00	128.00	50.00	1	8	

6	0	277.363	5
1	189.00	203.00	184.11	197.74	7.18	2	2	6	
2	184.11	197.74	164.47	176.65	28.82	3	2	5	6	
3	164.47	176.65	149.81	160.90	21.52	2	2	5	
4	149.81	160.90	147.25	158.16	3.75	1	5	
5	147.25	158.16	0.00	0.00	216.10	0	

6	1	130.863	4
1	189.00	203.00	159.97	206.35	29.23	2	2	6	
2	159.97	206.35	153.24	207.13	6.77	1	6	
3	153.24	207.13	59.99	217.89	93.86	0	
4	59.99	217.89	59.00	218.00	1.00	1	1	

6	2	27.000	2
1	189.00	203.00	189.00	194.45	8.55	2	2	6	
2	189.00	194.45	189.00	176.00	18.45	3	2	5	6	

6	3	200.025	6
1	189.00	203.00	182.17	198.68	8.08	2	2	6	
2	182.17	198.68	158.58	183.74	27.92	3	2	5	6	
3	158.58	183.74	147.00	176.41	13.71	2	2	5	
4	147.00	176.41	143.01	173.88	4.72	1	5	
5	143.01	173.88	33.52	104.56	129.60	0	
6	33.52	104.56	20.00	96.00	16.00	1	3	

6	4	158.600	6
1	189.00	203.00	184.79	197.37	7.03	2	2	6	
2	184.79	197.37	167.44	174.17	28.97	3	2	5	6	
3	167.44	174.17	152.83	154.65	24.38	2	2	5	
4	152.83	154.65	151.52	152.89	2.20	1	5	
5	151.52	152.89	94.60	76.80	95.02	0	
6	94.60	76.80	94.00	76.00	1.00	1	4	

6	5	34.986	2
1	189.00	203.00	185.41	197.01	6.99	2	2	6	
2	185.41	197.01	171.00	173.00	28.00	3	2	5	6	

6	6	0	0

6	7	165.148	6
1	189.00	203.00	179.75	199.60	9.86	2	2	6	
2	179.75	199.60	155.21	190.57	26.14	3	2	5	6	
3	155.21	190.57	148.82	188.22	6.81	2	2	5	
4	148.82	188.22	147.10	187.59	1.83	1	5	
5	147.10	187.59	57.46	154.63	95.51	0	
6	57.46	154.63	34.00	146.00	25.00	1	7	

6	8	124.201	4
1	189.00	203.00	217.70	181.26	36.00	2	2	6	
2	217.70	181.26	230.74	171.38	16.37	1	2	
3	230.74	171.38	248.15	158.19	21.83	0	
4	248.15	158.19	288.00	128.00	50.00	1	8	

7	0	149.907	4
1	34.00	146.00	28.33	121.65	25.00	1	7	
2	28.33	121.65	25.83	110.90	11.04	0	
3	25.83	110.90	18.64	80.06	31.67	1	3	
4	18.64	80.06	0.00	0.00	82.20	0	

7	1	76.217	3
1	34.00	146.00	42.20	169.62	25.00	1	7	
2	42.20	169.62	58.67	217.06	50.22	0	
3	58.67	217.06	59.00	218.00	1.00	1	1	

7	2	157.877	5
1	34.00	146.00	58.54	150.75	25.00	1	7	
2	58.54	150.75	143.60	167.21	86.64	0	
3	143.60	167.21	147.77	168.02	4.24	1	5	
4	147.77	168.02	170.12	172.35	22.77	2	2	5	
5	170.12	172.35	189.00	176.00	19.23	3	2	5	6	

7	3	51.923	3
1	34.00	146.00	27.26	121.93	25.00	1	7	
2	27.26	121.93	24.31	111.41	10.92	0	
3	24.31	111.41	20.00	96.00	16.00	1	3	

7	4	92.195	3
1	34.00	146.00	50.27	127.02	25.00	1	7	
2	50.27	127.02	93.35	76.76	66.20	0	
3	93.35	76.76	94.00	76.00	1.00	1	4	

7	5	139.635	5
1	34.00	146.00	58.53	150.83	25.00	1	7	
2	58.53	150.83	143.53	167.59	86.64	0	
3	143.53	167.59	147.69	168.41	4.24	1	5	
4	147.69	168.41	169.54	172.71	22.27	2	2	5	
5	169.54	172.71	171.00	173.00	1.49	3	2	5	6	

7	6	165.148	6
1	34.00	146.00	57.46	154.63	25.00	1	7	
2	57.46	154.63	147.10	187.59	95.51	0	
3	147.10	187.59	148.82	188.22	1.83	1	5	
4	148.82	188.22	155.21	190.57	6.81	2	2	5	
5	155.21	190.57	179.75	199.60	26.14	3	2	5	6	
6	179.75	199.60	189.00	203.00	9.86	2	2	6	

7	7	0	0

7	8	254.637	5
1	34.00	146.00	58.94	144.23	25.00	1	7	
2	58.94	144.23	176.51	135.90	117.86	0	
3	176.51	135.90	195.71	134.54	19.25	1	2	
4	195.71	134.54	238.13	131.53	42.52	0	
5	238.13	131.53	288.00	128.00	50.00	1	8	

8	0	315.163	2
1	288.00	128.00	242.31	107.69	50.00	1	8	
2	242.31	107.69	0.00	0.00	265.16	0	

8	1	246.051	9
1	288.00	128.00	241.46	146.29	50.00	1	8	
2	241.46	146.29	224.19	153.08	18.56	0	
3	224.19	153.08	197.38	163.61	28.81	1	2	
4	197.38	163.61	188.76	167.00	9.26	2	2	5	
5	188.76	167.00	164.66	176.47	25.90	3	2	5	6	
6	164.66	176.47	147.62	183.17	18.31	2	2	5	
7	147.62	183.17	145.29	184.09	2.50	1	5	
8	145.29	184.09	59.93	217.63	91.71	0	
9	59.93	217.63	59.00	218.00	1.00	1	1	

8	2	110.023	5
1	288.00	128.00	243.01	149.81	50.00	1	8	
2	243.01	149.81	226.79	157.68	18.02	0	
3	226.79	157.68	202.31	169.55	27.21	1	2	
4	202.31	169.55	198.94	171.18	3.74	2	2	6	
5	198.94	171.18	189.00	176.00	11.05	3	2	5	6	

8	3	269.904	3
1	288.00	128.00	238.35	122.07	50.00	1	8	
2	238.35	122.07	35.89	97.90	203.90	0	
3	35.89	97.90	20.00	96.00	16.00	1	3	

8	4	200.848	3
1	288.00	128.00	239.70	115.05	50.00	1	8	
2	239.70	115.05	94.97	76.26	149.85	0	
3	94.97	76.26	94.00	76.00	1.00	1	4	

8	5	125.355	5
1	288.00	128.00	241.33	145.95	50.00	1	8	
2	241.33	145.95	223.91	152.65	18.67	0	
3	223.91	152.65	197.13	162.95	28.69	1	2	
4	197.13	162.95	186.35	167.10	11.56	2	2	5	
5	186.35	167.10	171.00	173.00	16.44	3	2	5	6	

8	6	124.201	4
1	288.00	128.00	248.15	158.19	50.00	1	8	
2	248.15	158.19	230.74	171.38	21.83	0	
3	230.74	171.38	217.70	181.26	16.37	1	2	
4	217.70	181.26	189.00	203.00	36.00	2	2	6	

8	7	254.637	5
1	288.00	128.00	238.13	131.53	50.00	1	8	
2	238.13	131.53	195.71	134.54	42.52	0	
3	195.71	134.54	176.51	135.90	19.25	1	2	
4	176.51	135.90	58.94	144.23	117.86	0	
5	58.94	144.23	34.00	146.00	25.00	1	7	

8	8	0	0