6	35	2	0.001	100.0
32.000	91.000	0.000	1.000	0.000
293.000	232.000	42.000	8.000	2.000
274.000	77.000	48.000	9.000	5.000
223.000	281.000	31.000	2.000	5.000
196.000	201.000	24.000	2.000	1.000
155.000	31.000	23.000	2.000	13.000
 


0	0	0	0

0	1	296.651	4
1	32.00	91.00	191.86	177.36	181.69	0	
2	191.86	177.36	218.04	191.51	29.76	1	4	
3	218.04	191.51	256.05	212.04	43.20	0	
4	256.05	212.04	293.00	232.00	42.00	1	1	

0	2	242.405	2
1	32.00	91.00	226.08	79.77	194.40	0	
2	226.08	79.77	274.00	77.00	48.00	1	2	

0	3	269.409	2
1	32.00	91.00	201.02	259.14	238.41	0	
2	201.02	259.14	223.00	281.00	31.00	1	3	

0	4	197.474	2
1	32.00	91.00	176.07	187.63	173.47	0	
2	176.07	187.63	196.00	201.00	24.00	1	4	

0	5	136.854	2
1	32.00	91.00	134.33	41.08	113.85	0	
2	134.33	41.08	155.00	31.00	23.00	1	5	

1	0	296.651	4
1	293.00	232.00	256.05	212.04	42.00	1	1	
2	256.05	212.04	218.04	191.51	43.20	0	
3	218.04	191.51	191.86	177.36	29.76	1	4	
4	191.86	177.36	32.00	91.00	181.69	0	

1	1	0	0

1	2	156.160	3
1	293.00	232.00	287.89	190.31	42.00	1	1	
2	287.89	190.31	279.84	124.64	66.16	0	
3	279.84	124.64	274.00	77.00	48.00	0	

1	3	85.446	3
1	293.00	232.00	258.59	256.09	42.00	1	1	
2	258.59	256.09	248.40	263.22	12.45	0	
3	248.40	263.22	223.00	281.00	31.00	1	3	

1	4	101.833	3
1	293.00	232.00	252.99	219.21	42.00	1	1	
2	252.99	219.21	218.86	208.31	35.83	0	
3	218.86	208.31	196.00	201.00	24.00	1	4	

1	5	243.813	3
1	293.00	232.00	269.23	197.38	42.00	1	1	
2	269.23	197.38	168.02	49.96	178.81	0	
3	168.02	49.96	155.00	31.00	23.00	1	5	

2	0	242.405	2
1	274.00	77.00	226.08	79.77	48.00	1	2	
2	226.08	79.77	32.00	91.00	194.40	0	

2	1	156.160	3
1	274.00	77.00	279.84	124.64	48.00	0	
2	279.84	124.64	287.89	190.31	66.16	0	
3	287.89	190.31	293.00	232.00	42.00	1	1	

2	2	0	0

2	3	210.278	3
1	274.00	77.00	262.36	123.57	48.00	1	2	
2	262.36	123.57	230.52	250.93	131.28	0	
3	230.52	250.93	223.00	281.00	31.00	1	3	

2	4	146.492	3
1	274.00	77.00	248.44	117.63	48.00	1	2	
2	248.44	117.63	208.78	180.69	74.49	0	
3	208.78	180.69	196.00	201.00	24.00	1	4	

2	5	127.581	3
1	274.00	77.00	229.23	59.69	48.00	1	2	
2	229.23	59.69	176.45	39.29	56.58	0	
3	176.45	39.29	155.00	31.00	23.00	1	5	

3	0	269.409	2
1	223.00	281.00	201.02	259.14	31.00	1	3	
2	201.02	259.14	32.00	91.00	238.41	0	

3	1	85.446	3
1	223.00	281.00	248.40	263.22	31.00	1	3	
2	248.40	263.22	258.59	256.09	12.45	0	
3	258.59	256.09	293.00	232.00	42.00	1	1	

3	2	210.278	3
1	223.00	281.00	230.52	250.93	31.00	1	3	
2	230.52	250.93	262.36	123.57	131.28	0	
3	262.36	123.57	274.00	77.00	48.00	1	2	

3	3	0	0

3	4	84.433	3
1	223.00	281.00	213.09	251.63	31.00	1	3	
2	213.09	251.63	203.67	223.74	29.43	0	
3	203.67	223.74	196.00	201.00	24.00	1	4	

3	5	259.083	5
1	223.00	281.00	214.86	251.09	31.00	1	3	
2	214.86	251.09	207.04	222.31	29.82	0	
3	207.04	222.31	194.72	177.03	46.92	1	4	
4	194.72	177.03	161.04	53.19	128.34	0	
5	161.04	53.19	155.00	31.00	23.00	1	5	

4	0	197.474	2
1	196.00	201.00	176.07	187.63	24.00	1	4	
2	176.07	187.63	32.00	91.00	173.47	0	

4	1	101.833	3
1	196.00	201.00	218.86	208.31	24.00	1	4	
2	218.86	208.31	252.99	219.21	35.83	0	
3	252.99	219.21	293.00	232.00	42.00	1	1	

4	2	146.492	3
1	196.00	201.00	208.78	180.69	24.00	1	4	
2	208.78	180.69	248.44	117.63	74.49	0	
3	248.44	117.63	274.00	77.00	48.00	1	2	

4	3	84.433	3
1	196.00	201.00	203.67	223.74	24.00	1	4	
2	203.67	223.74	213.09	251.63	29.43	0	
3	213.09	251.63	223.00	281.00	31.00	1	3	

4	4	0	0

4	5	174.874	3
1	196.00	201.00	190.37	177.67	24.00	1	4	
2	190.37	177.67	160.39	53.36	127.87	0	
3	160.39	53.36	155.00	31.00	23.00	1	5	

5	0	136.854	2
1	155.00	31.00	134.33	41.08	23.00	1	5	
2	134.33	41.08	32.00	91.00	113.85	0	

5	1	243.813	3
1	155.00	31.00	168.02	49.96	23.00	1	5	
2	168.02	49.96	269.23	197.38	178.81	0	
3	269.23	197.38	293.00	232.00	42.00	1	1	

5	2	127.581	3
1	155.00	31.00	176.45	39.29	23.00	1	5	
2	176.45	39.29	229.23	59.69	56.58	0	
3	229.23	59.69	274.00	77.00	48.00	1	2	

5	3	259.083	5
1	155.00	31.00	161.04	53.19	23.00	1	5	
2	161.04	53.19	194.72	177.03	128.34	0	
3	194.72	177.03	207.04	222.31	46.92	1	4	
4	207.04	222.31	214.86	251.09	29.82	0	
5	214.86	251.09	223.00	281.00	31.00	1	3	

5	4	174.874	3
1	155.00	31.00	160.39	53.36	23.00	1	5	
2	160.39	53.36	190.37	177.67	127.87	0	
3	190.37	177.67	196.00	201.00	24.00	1	4	

5	5	0	0
