6	33	2	0.001	35.0
151.000	158.000	0.000	8.000	0.000
34.000	8.000	32.000	6.000	10.000
56.000	198.000	8.000	2.000	10.000
110.000	16.000	7.000	8.000	9.000
171.000	97.000	34.000	7.000	13.000
194.000	176.000	5.000	2.000	2.000
 


0	0	0	0

0	1	190.234	2
1	151.00	158.00	53.68	33.23	158.23	0	
2	53.68	33.23	34.00	8.00	32.00	1	1	

0	2	103.078	2
1	151.00	158.00	63.37	194.90	95.08	0	
2	63.37	194.90	56.00	198.00	8.00	1	2	

0	3	147.801	2
1	151.00	158.00	111.94	22.73	140.80	0	
2	111.94	22.73	110.00	16.00	7.00	1	3	

0	4	64.195	2
1	151.00	158.00	160.41	129.31	30.20	0	
2	160.41	129.31	171.00	97.00	34.00	1	4	

0	5	46.615	2
1	151.00	158.00	189.39	174.07	41.62	0	
2	189.39	174.07	194.00	176.00	5.00	1	5	

1	0	190.234	2
1	34.00	8.00	53.68	33.23	32.00	1	1	
2	53.68	33.23	151.00	158.00	158.23	0	

1	1	0	0

1	2	191.269	3
1	34.00	8.00	37.68	39.79	32.00	0	
2	37.68	39.79	55.08	190.05	151.27	0	
3	55.08	190.05	56.00	198.00	8.00	1	2	

1	3	76.420	3
1	34.00	8.00	65.82	11.35	32.00	1	1	
2	65.82	11.35	103.04	15.27	37.42	0	
3	103.04	15.27	110.00	16.00	7.00	1	3	

1	4	163.371	3
1	34.00	8.00	60.83	25.43	32.00	1	1	
2	60.83	25.43	142.49	78.48	97.37	0	
3	142.49	78.48	171.00	97.00	34.00	1	4	

1	5	232.000	3
1	34.00	8.00	56.07	31.17	32.00	1	1	
2	56.07	31.17	190.55	172.38	195.00	0	
3	190.55	172.38	194.00	176.00	5.00	1	5	

2	0	103.078	2
1	56.00	198.00	63.37	194.90	8.00	1	2	
2	63.37	194.90	151.00	158.00	95.08	0	

2	1	191.269	3
1	56.00	198.00	55.08	190.05	8.00	1	2	
2	55.08	190.05	37.68	39.79	151.27	0	
3	37.68	39.79	34.00	8.00	32.00	0	

2	2	0	0

2	3	189.842	3
1	56.00	198.00	58.28	190.33	8.00	1	2	
2	58.28	190.33	108.01	22.71	174.84	0	
3	108.01	22.71	110.00	16.00	7.00	1	3	

2	4	153.056	3
1	56.00	198.00	62.01	192.72	8.00	1	2	
2	62.01	192.72	145.45	119.44	111.06	0	
3	145.45	119.44	171.00	97.00	34.00	1	4	

2	5	139.743	3
1	56.00	198.00	63.90	196.74	8.00	1	2	
2	63.90	196.74	189.06	176.79	126.74	0	
3	189.06	176.79	194.00	176.00	5.00	1	5	

3	0	147.801	2
1	110.00	16.00	111.94	22.73	7.00	1	3	
2	111.94	22.73	151.00	158.00	140.80	0	

3	1	76.420	3
1	110.00	16.00	103.04	15.27	7.00	1	3	
2	103.04	15.27	65.82	11.35	37.42	0	
3	65.82	11.35	34.00	8.00	32.00	1	1	

3	2	189.842	3
1	110.00	16.00	108.01	22.71	7.00	1	3	
2	108.01	22.71	58.28	190.33	174.84	0	
3	58.28	190.33	56.00	198.00	8.00	1	2	

3	3	0	0

3	4	101.400	3
1	110.00	16.00	114.21	21.59	7.00	1	3	
2	114.21	21.59	150.55	69.84	60.40	0	
3	150.55	69.84	171.00	97.00	34.00	1	4	

3	5	180.710	5
1	110.00	16.00	113.25	22.20	7.00	1	3	
2	113.25	22.20	142.66	78.21	63.27	0	
3	142.66	78.21	170.37	130.99	59.61	1	4	
4	170.37	130.99	191.68	171.57	45.83	0	
5	191.68	171.57	194.00	176.00	5.00	1	5	

4	0	64.195	2
1	171.00	97.00	160.41	129.31	34.00	1	4	
2	160.41	129.31	151.00	158.00	30.20	0	

4	1	163.371	3
1	171.00	97.00	142.49	78.48	34.00	1	4	
2	142.49	78.48	60.83	25.43	97.37	0	
3	60.83	25.43	34.00	8.00	32.00	1	1	

4	2	153.056	3
1	171.00	97.00	145.45	119.44	34.00	1	4	
2	145.45	119.44	62.01	192.72	111.06	0	
3	62.01	192.72	56.00	198.00	8.00	1	2	

4	3	101.400	3
1	171.00	97.00	150.55	69.84	34.00	1	4	
2	150.55	69.84	114.21	21.59	60.40	0	
3	114.21	21.59	110.00	16.00	7.00	1	3	

4	4	0	0

4	5	82.280	3
1	171.00	97.00	180.50	129.64	34.00	1	4	
2	180.50	129.64	192.60	171.20	43.28	0	
3	192.60	171.20	194.00	176.00	5.00	1	5	

5	0	46.615	2
1	194.00	176.00	189.39	174.07	5.00	1	5	
2	189.39	174.07	151.00	158.00	41.62	0	

5	1	232.000	3
1	194.00	176.00	190.55	172.38	5.00	1	5	
2	190.55	172.38	56.07	31.17	195.00	0	
3	56.07	31.17	34.00	8.00	32.00	1	1	

5	2	139.743	3
1	194.00	176.00	189.06	176.79	5.00	1	5	
2	189.06	176.79	63.90	196.74	126.74	0	
3	63.90	196.74	56.00	198.00	8.00	1	2	

5	3	180.710	5
1	194.00	176.00	191.68	171.57	5.00	1	5	
2	191.68	171.57	170.37	130.99	45.83	0	
3	170.37	130.99	142.66	78.21	59.61	1	4	
4	142.66	78.21	113.25	22.20	63.27	0	
5	113.25	22.20	110.00	16.00	7.00	1	3	

5	4	82.280	3
1	194.00	176.00	192.60	171.20	5.00	1	5	
2	192.60	171.20	180.50	129.64	43.28	0	
3	180.50	129.64	171.00	97.00	34.00	1	4	

5	5	0	0
