16	539	2	0.001	120.0
168.000	249.000	0.000	1.000	0.000
112.000	203.000	31.000	9.000	8.000
169.000	242.000	35.000	6.000	9.000
56.000	234.000	36.000	2.000	19.000
298.000	11.000	20.000	2.000	12.000
106.000	270.000	35.000	1.000	2.000
37.000	161.000	40.000	6.000	3.000
13.000	41.000	20.000	6.000	13.000
8.000	81.000	3.000	1.000	13.000
284.000	83.000	20.000	3.000	14.000
77.000	106.000	14.000	6.000	14.000
40.000	199.000	14.000	4.000	19.000
262.000	33.000	2.000	9.000	9.000
55.000	135.000	42.000	7.000	13.000
49.000	30.000	17.000	7.000	3.000
71.000	87.000	46.000	9.000	13.000

0	0	0	0

0	1	72.471	3
1	168.00	249.00	138.52	224.79	38.14	1	2	
2	138.52	224.79	135.95	222.68	3.33	0	
3	135.95	222.68	112.00	203.00	31.00	1	1	

0	2	7.071	1
1	168.00	249.00	169.00	242.00	7.07	1	2	

0	3	113.000	4
1	168.00	249.00	134.09	244.46	34.22	1	2	
2	134.09	244.46	129.21	243.81	4.92	0	
3	129.21	243.81	90.50	238.62	39.06	1	5	
4	90.50	238.62	56.00	234.00	34.81	1	3	

0	4	271.190	3
1	168.00	249.00	187.91	212.55	41.53	1	2	
2	187.91	212.55	288.41	28.55	209.66	0	
3	288.41	28.55	298.00	11.00	20.00	1	4	

0	5	65.460	3
1	168.00	249.00	139.15	258.77	30.46	1	2	
2	139.15	258.77	138.42	259.02	0.77	2	2	5	
3	138.42	259.02	106.00	270.00	34.23	1	5	

0	6	157.813	6
1	168.00	249.00	136.88	228.10	37.49	1	2	
2	136.88	228.10	133.20	225.62	4.44	0	
3	133.20	225.62	83.04	191.93	60.42	1	1	
4	83.04	191.93	70.20	183.30	15.47	0	
5	70.20	183.30	60.32	176.66	11.91	1	6	
6	60.32	176.66	37.00	161.00	28.09	2	6	13	

0	7	259.401	11
1	168.00	249.00	144.30	217.20	39.66	1	2	
2	144.30	217.20	141.29	213.16	5.04	0	
3	141.29	213.16	110.64	172.03	51.29	1	1	
4	110.64	172.03	94.23	150.00	27.47	0	
5	94.23	150.00	80.77	131.95	22.52	1	13	
6	80.77	131.95	70.79	118.55	16.72	2	13	15	
7	70.79	118.55	63.20	108.37	12.69	3	10	13	15	
8	63.20	108.37	51.84	93.12	19.02	2	13	15	
9	51.84	93.12	30.72	64.78	35.34	1	15	
10	30.72	64.78	24.95	57.04	9.66	0	
11	24.95	57.04	13.00	41.00	20.00	1	7	

0	8	232.000	10
1	168.00	249.00	141.15	220.80	38.94	1	2	
2	141.15	220.80	138.89	218.43	3.28	0	
3	138.89	218.43	97.90	175.39	59.43	1	1	
4	97.90	175.39	86.20	163.11	16.96	0	
5	86.20	163.11	76.08	152.49	14.67	1	13	
6	76.08	152.49	54.67	130.00	31.05	2	6	13	
7	54.67	130.00	47.41	122.38	10.53	3	6	13	15	
8	47.41	122.38	28.44	102.46	27.50	2	13	15	
9	28.44	102.46	27.25	101.21	1.73	1	15	
10	27.25	101.21	8.00	81.00	27.91	0	

0	9	202.514	3
1	168.00	249.00	191.58	215.26	41.17	1	2	
2	191.58	215.26	272.54	99.39	141.35	0	
3	272.54	99.39	284.00	83.00	20.00	1	9	

0	10	169.499	7
1	168.00	249.00	146.49	215.20	40.06	1	2	
2	146.49	215.20	142.44	208.84	7.54	0	
3	142.44	208.84	119.60	172.95	42.55	1	1	
4	119.60	172.95	96.94	137.33	42.22	0	
5	96.94	137.33	91.21	128.32	10.67	1	13	
6	91.21	128.32	84.52	117.81	12.46	2	13	15	
7	84.52	117.81	77.00	106.00	14.00	3	10	13	15	

0	11	137.419	8
1	168.00	249.00	134.53	235.93	35.93	1	2	
2	134.53	235.93	123.72	231.70	11.61	0	
3	123.72	231.70	88.15	217.81	38.18	1	1	
4	88.15	217.81	83.93	216.16	4.53	2	1	3	
5	83.93	216.16	53.04	204.09	33.17	1	3	
6	53.04	204.09	43.68	200.44	10.05	2	3	11	
7	43.68	200.44	43.33	200.30	0.37	3	3	6	11	
8	43.33	200.30	40.00	199.00	3.58	2	6	11	

0	12	235.567	3
1	168.00	249.00	184.67	210.70	41.77	1	2	
2	184.67	210.70	261.20	34.83	191.80	0	
3	261.20	34.83	262.00	33.00	2.00	1	12	

0	13	160.515	6
1	168.00	249.00	140.68	221.44	38.81	1	2	
2	140.68	221.44	138.44	219.18	3.18	0	
3	138.44	219.18	96.05	176.42	60.21	1	1	
4	96.05	176.42	84.57	164.83	16.32	0	
5	84.57	164.83	76.80	156.99	11.04	1	13	
6	76.80	156.99	55.00	135.00	30.96	2	6	13	

0	14	249.243	9
1	168.00	249.00	148.70	213.49	40.42	1	2	
2	148.70	213.49	143.00	202.99	11.94	0	
3	143.00	202.99	128.87	176.99	29.59	1	1	
4	128.87	176.99	99.56	123.06	61.39	0	
5	99.56	123.06	90.95	107.20	18.05	1	15	
6	90.95	107.20	83.58	93.64	15.43	2	10	15	
7	83.58	93.64	57.12	44.94	55.43	1	15	
8	57.12	44.94	56.29	43.42	1.73	2	14	15	
9	56.29	43.42	49.00	30.00	15.27	1	14	

0	15	188.820	9
1	168.00	249.00	147.34	214.50	40.21	1	2	
2	147.34	214.50	142.76	206.85	8.92	0	
3	142.76	206.85	123.13	174.07	38.21	1	1	
4	123.13	174.07	96.69	129.90	51.48	0	
5	96.69	129.90	94.63	126.47	4.01	1	13	
6	94.63	126.47	87.75	114.97	13.40	2	13	15	
7	87.75	114.97	79.18	100.66	16.68	3	10	13	15	
8	79.18	100.66	74.17	92.29	9.75	2	10	15	
9	74.17	92.29	71.00	87.00	6.17	1	15	

1	0	72.471	3
1	112.00	203.00	135.95	222.68	31.00	1	1	
2	135.95	222.68	138.52	224.79	3.33	0	
3	138.52	224.79	168.00	249.00	38.14	1	2	

1	1	0	0

1	2	69.065	3
1	112.00	203.00	137.58	220.51	31.00	1	1	
2	137.58	220.51	140.11	222.24	3.07	0	
3	140.11	222.24	169.00	242.00	35.00	1	2	

1	3	64.008	3
1	112.00	203.00	87.50	216.56	28.01	1	1	
2	87.50	216.56	84.88	218.01	2.99	2	1	3	
3	84.88	218.01	56.00	234.00	33.01	1	3	

1	4	267.320	3
1	112.00	203.00	133.57	180.73	31.00	1	1	
2	133.57	180.73	284.08	25.36	216.32	0	
3	284.08	25.36	298.00	11.00	20.00	1	4	

1	5	67.268	3
1	112.00	203.00	109.23	233.88	31.00	0	
2	109.23	233.88	109.12	235.14	1.27	0	
3	109.12	235.14	106.00	270.00	35.00	1	5	

1	6	85.959	4
1	112.00	203.00	84.95	187.85	31.00	1	1	
2	84.95	187.85	71.90	180.54	14.96	0	
3	71.90	180.54	63.88	176.05	9.20	1	6	
4	63.88	176.05	37.00	161.00	30.80	2	6	13	

1	7	189.855	7
1	112.00	203.00	95.83	176.55	31.00	1	1	
2	95.83	176.55	87.04	162.16	16.87	0	
3	87.04	162.16	69.20	132.96	34.21	1	13	
4	69.20	132.96	45.45	94.10	45.55	2	13	15	
5	45.45	94.10	29.28	67.63	31.02	1	15	
6	29.28	67.63	23.43	58.07	11.21	0	
7	23.43	58.07	13.00	41.00	20.00	1	7	

1	8	160.312	9
1	112.00	203.00	91.89	179.41	31.00	1	1	
2	91.89	179.41	81.68	167.44	15.73	0	
3	81.68	167.44	76.99	161.93	7.23	1	13	
4	76.99	161.93	46.07	125.66	47.66	2	6	13	
5	46.07	125.66	42.41	121.37	5.64	3	6	13	15	
6	42.41	121.37	28.88	105.50	20.85	2	13	15	
7	28.88	105.50	27.20	103.52	2.60	1	13	
8	27.20	103.52	9.95	83.28	26.59	0	
9	9.95	83.28	8.00	81.00	3.00	1	8	

1	9	209.724	3
1	112.00	203.00	137.42	185.26	31.00	1	1	
2	137.42	185.26	267.60	94.44	158.72	0	
3	267.60	94.44	284.00	83.00	20.00	1	9	

1	10	103.121	5
1	112.00	203.00	101.48	173.84	31.00	1	1	
2	101.48	173.84	93.51	151.76	23.47	0	
3	93.51	151.76	85.85	130.54	22.56	1	13	
4	85.85	130.54	81.75	119.17	12.08	2	13	15	
5	81.75	119.17	77.00	106.00	14.00	3	10	13	15	

1	11	72.111	6
1	112.00	203.00	81.05	201.28	31.00	1	1	
2	81.05	201.28	69.53	200.64	11.53	0	
3	69.53	200.64	53.98	199.78	15.58	1	3	
4	53.98	199.78	48.04	199.45	5.95	2	3	11	
5	48.04	199.45	46.24	199.35	1.80	3	3	6	11	
6	46.24	199.35	40.00	199.00	6.25	2	6	11	

1	12	226.716	3
1	112.00	203.00	132.51	179.75	31.00	1	1	
2	132.51	179.75	260.68	34.50	193.72	0	
3	260.68	34.50	262.00	33.00	2.00	1	12	

1	13	88.730	4
1	112.00	203.00	92.09	179.24	31.00	1	1	
2	92.09	179.24	81.98	167.19	15.73	0	
3	81.98	167.19	77.00	161.24	7.75	1	13	
4	77.00	161.24	55.00	135.00	34.25	2	6	13	

1	14	184.114	9
1	112.00	203.00	101.39	173.87	31.00	1	1	
2	101.39	173.87	93.42	151.97	23.31	0	
3	93.42	151.97	85.64	130.61	22.74	1	13	
4	85.64	130.61	81.50	119.26	12.08	2	13	15	
5	81.50	119.26	73.51	97.30	23.37	3	10	13	15	
6	73.51	97.30	71.92	92.95	4.62	2	10	15	
7	71.92	92.95	54.82	45.97	50.00	1	15	
8	54.82	45.97	54.17	44.19	1.90	2	14	15	
9	54.17	44.19	49.00	30.00	15.10	1	14	

1	15	123.033	7
1	112.00	203.00	101.67	173.77	31.00	1	1	
2	101.67	173.77	93.72	151.28	23.86	0	
3	93.72	151.28	86.33	130.37	22.17	1	13	
4	86.33	130.37	82.30	118.96	12.10	2	13	15	
5	82.30	118.96	74.89	98.01	22.22	3	10	13	15	
6	74.89	98.01	72.98	92.59	5.75	2	10	15	
7	72.98	92.59	71.00	87.00	5.93	1	15	

2	0	7.071	1
1	169.00	242.00	168.00	249.00	7.07	1	2	

2	1	69.065	3
1	169.00	242.00	140.11	222.24	35.00	1	2	
2	140.11	222.24	137.58	220.51	3.07	0	
3	137.58	220.51	112.00	203.00	31.00	1	1	

2	2	0	0

2	3	113.283	5
1	169.00	242.00	134.09	239.53	35.00	1	2	
2	134.09	239.53	121.54	238.64	12.58	0	
3	121.54	238.64	95.03	236.76	26.58	1	5	
4	95.03	236.76	91.91	236.54	3.13	0	
5	91.91	236.54	56.00	234.00	36.00	1	3	

2	4	264.579	3
1	169.00	242.00	186.06	211.44	35.00	1	2	
2	186.06	211.44	288.25	28.46	209.58	0	
3	288.25	28.46	298.00	11.00	20.00	1	4	

2	5	68.942	3
1	169.00	242.00	137.98	255.79	33.94	1	2	
2	137.98	255.79	137.02	256.21	1.06	2	2	5	
3	137.02	256.21	106.00	270.00	33.94	1	5	

2	6	154.871	6
1	169.00	242.00	139.17	223.69	35.00	1	2	
2	139.17	223.69	136.47	222.04	3.17	0	
3	136.47	222.04	83.95	189.81	61.62	1	1	
4	83.95	189.81	71.09	181.92	15.08	0	
5	71.09	181.92	62.09	176.40	10.56	1	6	
6	62.09	176.40	37.00	161.00	29.44	2	6	13	

2	7	254.435	11
1	169.00	242.00	147.54	214.35	35.00	1	2	
2	147.54	214.35	142.60	207.98	8.06	0	
3	142.60	207.98	114.77	172.12	45.39	1	1	
4	114.77	172.12	95.25	146.98	31.83	0	
5	95.25	146.98	83.14	131.37	19.76	1	13	
6	83.14	131.37	74.07	119.69	14.78	2	13	15	
7	74.07	119.69	63.01	105.44	18.04	3	10	13	15	
8	63.01	105.44	53.38	93.03	15.70	2	13	15	
9	53.38	93.03	31.03	64.23	36.46	1	15	
10	31.03	64.23	25.26	56.80	9.41	0	
11	25.26	56.80	13.00	41.00	20.00	1	7	

2	8	227.688	11
1	169.00	242.00	144.25	217.25	35.00	1	2	
2	144.25	217.25	140.99	213.99	4.62	0	
3	140.99	213.99	101.01	174.01	56.53	1	1	
4	101.01	174.01	87.99	160.99	18.41	0	
5	87.99	160.99	74.74	147.74	18.74	1	13	
6	74.74	147.74	58.18	131.18	23.42	2	6	13	
7	58.18	131.18	50.26	123.26	11.19	3	6	13	15	
8	50.26	123.26	29.01	102.01	30.06	2	13	15	
9	29.01	102.01	26.82	99.82	3.09	1	15	
10	26.82	99.82	10.12	83.12	23.62	0	
11	10.12	83.12	8.00	81.00	3.00	1	8	

2	9	196.229	3
1	169.00	242.00	189.51	213.64	35.00	1	2	
2	189.51	213.64	272.28	99.21	141.23	0	
3	272.28	99.21	284.00	83.00	20.00	1	9	

2	10	164.195	7
1	169.00	242.00	149.39	213.01	35.00	1	2	
2	149.39	213.01	143.00	203.56	11.41	0	
3	143.00	203.56	123.02	174.02	35.66	1	1	
4	123.02	174.02	97.00	135.56	46.44	0	
5	97.00	135.56	91.88	127.99	9.14	1	13	
6	91.88	127.99	84.84	117.60	12.55	2	13	15	
7	84.84	117.60	77.00	106.00	14.00	3	10	13	15	

2	11	135.978	8
1	169.00	242.00	135.80	230.93	35.00	1	2	
2	135.80	230.93	129.26	228.75	6.89	0	
3	129.26	228.75	86.20	214.40	45.39	1	1	
4	86.20	214.40	82.74	213.25	3.64	2	1	3	
5	82.74	213.25	53.28	203.43	31.05	1	3	
6	53.28	203.43	44.10	200.37	9.68	2	3	11	
7	44.10	200.37	43.60	200.20	0.52	3	3	6	11	
8	43.60	200.20	40.00	199.00	3.80	2	6	11	

2	12	228.758	3
1	169.00	242.00	183.23	210.02	35.00	1	2	
2	183.23	210.02	261.19	34.83	191.76	0	
3	261.19	34.83	262.00	33.00	2.00	1	12	

2	13	156.349	6
1	169.00	242.00	143.48	218.05	35.00	1	2	
2	143.48	218.05	140.48	215.23	4.11	0	
3	140.48	215.23	97.99	175.35	58.28	1	1	
4	97.99	175.35	85.62	163.74	16.96	0	
5	85.62	163.74	76.59	155.26	12.40	1	13	
6	76.59	155.26	55.00	135.00	29.60	2	6	13	

2	14	243.606	9
1	169.00	242.00	151.76	211.54	35.00	1	2	
2	151.76	211.54	141.46	193.34	20.92	0	
3	141.46	193.34	135.44	182.72	12.21	1	1	
4	135.44	182.72	101.00	121.87	69.92	0	
5	101.00	121.87	90.85	103.93	20.62	1	15	
6	90.85	103.93	85.90	95.20	10.03	2	10	15	
7	85.90	95.20	57.37	44.79	57.92	1	15	
8	57.37	44.79	56.55	43.33	1.68	2	14	15	
9	56.55	43.33	49.00	30.00	15.32	1	14	

2	15	183.382	9
1	169.00	242.00	150.30	212.42	35.00	1	2	
2	150.30	212.42	142.92	200.75	13.81	0	
3	142.92	200.75	127.29	176.03	29.24	1	1	
4	127.29	176.03	96.20	126.86	58.17	0	
5	96.20	126.86	95.58	125.88	1.16	1	13	
6	95.58	125.88	88.27	114.31	13.69	2	13	15	
7	88.27	114.31	80.02	101.27	15.43	3	10	13	15	
8	80.02	101.27	74.32	92.26	10.66	2	10	15	
9	74.32	92.26	71.00	87.00	6.22	1	15	

3	0	113.000	4
1	56.00	234.00	90.50	238.62	34.81	1	3	
2	90.50	238.62	129.21	243.81	39.06	1	5	
3	129.21	243.81	134.09	244.46	4.92	0	
4	134.09	244.46	168.00	249.00	34.22	1	2	

3	1	64.008	3
1	56.00	234.00	84.88	218.01	33.01	1	3	
2	84.88	218.01	87.50	216.56	2.99	2	1	3	
3	87.50	216.56	112.00	203.00	28.01	1	1	

3	2	113.283	5
1	56.00	234.00	91.91	236.54	36.00	1	3	
2	91.91	236.54	95.03	236.76	3.13	0	
3	95.03	236.76	121.54	238.64	26.58	1	5	
4	121.54	238.64	134.09	239.53	12.58	0	
5	134.09	239.53	169.00	242.00	35.00	1	2	

3	3	0	0

3	4	329.079	5
1	56.00	234.00	81.84	210.19	35.14	1	3	
2	81.84	210.19	82.47	209.60	0.86	2	1	3	
3	82.47	209.60	121.62	173.53	53.23	1	1	
4	121.62	173.53	283.29	24.55	219.85	0	
5	283.29	24.55	298.00	11.00	20.00	1	4	

3	5	61.612	3
1	56.00	234.00	77.60	249.55	26.61	1	3	
2	77.60	249.55	85.22	255.03	9.39	2	3	5	
3	85.22	255.03	106.00	270.00	25.61	1	5	

3	6	75.432	6
1	56.00	234.00	49.55	209.23	25.59	1	3	
2	49.55	209.23	47.08	199.71	9.84	2	3	11	
3	47.08	199.71	46.93	199.16	0.57	3	3	6	11	
4	46.93	199.16	43.35	185.41	14.21	2	6	11	
5	43.35	185.41	40.49	174.41	11.36	1	6	
6	40.49	174.41	37.00	161.00	13.86	2	6	13	

3	7	197.732	9
1	56.00	234.00	50.31	208.47	26.16	1	3	
2	50.31	208.47	48.29	199.37	9.32	2	3	11	
3	48.29	199.37	48.17	198.86	0.53	2	6	11	
4	48.17	198.86	45.32	186.05	13.13	2	6	11	
5	45.32	186.05	42.90	175.22	11.09	1	6	
6	42.90	175.22	30.93	121.46	55.07	1	13	
7	30.93	121.46	26.97	103.72	18.18	1	13	
8	26.97	103.72	17.35	60.52	44.26	0	
9	17.35	60.52	13.00	41.00	20.00	1	7	

3	8	160.353	9
1	56.00	234.00	48.51	210.12	25.03	1	3	
2	48.51	210.12	45.37	200.11	10.48	2	3	11	
3	45.37	200.11	45.22	199.65	0.49	3	3	6	11	
4	45.22	199.65	40.63	185.01	15.34	2	6	11	
5	40.63	185.01	36.82	172.86	12.74	1	6	
6	36.82	172.86	21.53	124.11	51.09	1	13	
7	21.53	124.11	18.45	114.31	10.28	1	13	
8	18.45	114.31	8.90	83.86	31.91	0	
9	8.90	83.86	8.00	81.00	3.00	1	8	

3	9	273.468	5
1	56.00	234.00	83.70	215.65	33.22	1	3	
2	83.70	215.65	86.01	214.12	2.78	2	1	3	
3	86.01	214.12	134.69	181.88	58.39	1	1	
4	134.69	181.88	267.33	94.04	159.08	0	
5	267.33	94.04	284.00	83.00	20.00	1	9	

3	10	129.711	7
1	56.00	234.00	61.83	198.48	36.00	1	3	
2	61.83	198.48	62.99	191.41	7.16	0	
3	62.99	191.41	65.57	175.65	15.97	1	6	
4	65.57	175.65	71.34	140.49	35.63	2	6	13	
5	71.34	140.49	72.57	132.97	7.62	1	13	
6	72.57	132.97	74.73	119.82	13.33	1	13	
7	74.73	119.82	77.00	106.00	14.00	3	10	13	15	

3	11	38.484	4
1	56.00	234.00	45.82	211.73	24.48	1	3	
2	45.82	211.73	41.03	201.26	11.52	2	3	11	
3	41.03	201.26	40.83	200.82	0.49	1	11	
4	40.83	200.82	40.00	199.00	2.00	2	6	11	

3	12	287.814	5
1	56.00	234.00	81.59	209.03	35.76	1	3	
2	81.59	209.03	81.77	208.86	0.24	2	1	3	
3	81.77	208.86	118.77	172.75	51.71	1	1	
4	118.77	172.75	260.57	34.40	198.11	0	
5	260.57	34.40	262.00	33.00	2.00	1	12	

3	13	99.005	4
1	56.00	234.00	55.64	198.00	36.00	1	3	
2	55.64	198.00	55.62	196.40	1.60	0	
3	55.62	196.40	55.42	177.00	19.40	1	6	
4	55.42	177.00	55.00	135.00	42.00	2	6	13	

3	14	204.120	9
1	56.00	234.00	54.77	198.02	36.00	0	
2	54.77	198.02	54.73	196.86	1.16	0	
3	54.73	196.86	54.04	176.99	19.88	1	6	
4	54.04	176.99	52.40	129.07	47.94	2	6	13	
5	52.40	129.07	52.23	124.01	5.06	3	6	13	15	
6	52.23	124.01	51.17	93.18	30.85	2	13	15	
7	51.17	93.18	49.58	46.99	46.21	1	15	
8	49.58	46.99	49.56	46.30	0.69	1	15	
9	49.56	46.30	49.00	30.00	16.31	1	14	

3	15	147.763	9
1	56.00	234.00	59.65	198.19	36.00	1	3	
2	59.65	198.19	60.12	193.64	4.57	0	
3	60.12	193.64	61.87	176.43	17.30	1	6	
4	61.87	176.43	66.23	133.70	42.96	0	
5	66.23	133.70	66.33	132.76	0.94	1	13	
6	66.33	132.76	67.97	116.70	16.15	2	13	15	
7	67.97	116.70	70.10	95.81	21.00	3	10	13	15	
8	70.10	95.81	70.32	93.70	2.12	2	10	15	
9	70.32	93.70	71.00	87.00	6.73	1	15	

4	0	271.190	3
1	298.00	11.00	288.41	28.55	20.00	1	4	
2	288.41	28.55	187.91	212.55	209.66	0	
3	187.91	212.55	168.00	249.00	41.53	1	2	

4	1	267.320	3
1	298.00	11.00	284.08	25.36	20.00	1	4	
2	284.08	25.36	133.57	180.73	216.32	0	
3	133.57	180.73	112.00	203.00	31.00	1	1	

4	2	264.579	3
1	298.00	11.00	288.25	28.46	20.00	1	4	
2	288.25	28.46	186.06	211.44	209.58	0	
3	186.06	211.44	169.00	242.00	35.00	1	2	

4	3	329.079	5
1	298.00	11.00	283.29	24.55	20.00	1	4	
2	283.29	24.55	121.62	173.53	219.85	0	
3	121.62	173.53	82.47	209.60	53.23	1	1	
4	82.47	209.60	81.84	210.19	0.86	2	1	3	
5	81.84	210.19	56.00	234.00	35.14	1	3	

4	4	0	0

4	5	322.405	5
1	298.00	11.00	286.09	27.07	20.00	1	4	
2	286.09	27.07	146.84	214.91	233.83	0	
3	146.84	214.91	136.64	228.67	17.13	1	2	
4	136.64	228.67	126.84	241.88	16.45	0	
5	126.84	241.88	106.00	270.00	35.00	1	5	

4	6	301.033	6
1	298.00	11.00	280.66	20.97	20.00	1	4	
2	280.66	20.97	262.86	31.19	20.53	0	
3	262.86	31.19	260.01	32.84	3.29	1	12	
4	260.01	32.84	96.22	126.96	188.90	0	
5	96.22	126.96	71.68	141.07	28.31	1	13	
6	71.68	141.07	37.00	161.00	40.00	2	6	13	

4	7	286.575	5
1	298.00	11.00	278.11	13.09	20.00	1	4	
2	278.11	13.09	65.08	35.52	214.21	0	
3	65.08	35.52	34.42	38.75	30.83	1	14	
4	34.42	38.75	32.89	38.91	1.54	0	
5	32.89	38.91	13.00	41.00	20.00	1	7	

4	8	298.329	5
1	298.00	11.00	278.56	15.69	20.00	1	4	
2	278.56	15.69	106.14	57.31	177.37	0	
3	106.14	57.31	26.19	76.61	82.24	1	15	
4	26.19	76.61	10.92	80.30	15.71	0	
5	10.92	80.30	8.00	81.00	3.00	1	8	

4	9	73.348	3
1	298.00	11.00	294.18	30.63	20.00	1	4	
2	294.18	30.63	287.82	63.37	33.35	0	
3	287.82	63.37	284.00	83.00	20.00	1	9	

4	10	240.554	5
1	298.00	11.00	279.63	18.90	20.00	1	4	
2	279.63	18.90	116.96	88.82	177.05	0	
3	116.96	88.82	89.86	100.47	29.50	1	15	
4	89.86	100.47	82.79	103.51	7.70	2	10	15	
5	82.79	103.51	77.00	106.00	6.30	3	10	13	15	

4	11	319.230	4
1	298.00	11.00	281.84	22.78	20.00	1	4	
2	281.84	22.78	75.00	173.50	255.93	0	
3	75.00	173.50	51.31	190.76	29.30	1	6	
4	51.31	190.76	40.00	199.00	14.00	2	6	11	

4	12	42.190	3
1	298.00	11.00	280.93	21.43	20.00	1	4	
2	280.93	21.43	263.71	31.96	20.19	0	
3	263.71	31.96	262.00	33.00	2.00	1	12	

4	13	272.809	6
1	298.00	11.00	280.19	20.09	20.00	1	4	
2	280.19	20.09	113.20	105.30	187.47	0	
3	113.20	105.30	92.41	115.91	23.34	1	15	
4	92.41	115.91	63.23	130.80	32.76	2	13	15	
5	63.23	130.80	61.05	131.91	2.44	3	6	13	15	
6	61.05	131.91	55.00	135.00	6.79	2	6	13	

4	14	249.724	3
1	298.00	11.00	278.06	12.52	20.00	1	4	
2	278.06	12.52	65.95	28.71	212.72	0	
3	65.95	28.71	49.00	30.00	17.00	1	14	

4	15	239.385	3
1	298.00	11.00	279.03	17.35	20.00	1	4	
2	279.03	17.35	114.62	72.40	173.38	0	
3	114.62	72.40	71.00	87.00	46.00	1	15	

5	0	65.460	3
1	106.00	270.00	138.42	259.02	34.23	1	5	
2	138.42	259.02	139.15	258.77	0.77	2	2	5	
3	139.15	258.77	168.00	249.00	30.46	1	2	

5	1	67.268	3
1	106.00	270.00	109.12	235.14	35.00	1	5	
2	109.12	235.14	109.23	233.88	1.27	0	
3	109.23	233.88	112.00	203.00	31.00	0	

5	2	68.942	3
1	106.00	270.00	137.02	256.21	33.94	1	5	
2	137.02	256.21	137.98	255.79	1.06	2	2	5	
3	137.98	255.79	169.00	242.00	33.94	1	2	

5	3	61.612	3
1	106.00	270.00	85.22	255.03	25.61	1	5	
2	85.22	255.03	77.60	249.55	9.39	2	3	5	
3	77.60	249.55	56.00	234.00	26.61	1	3	

5	4	322.405	5
1	106.00	270.00	126.84	241.88	35.00	1	5	
2	126.84	241.88	136.64	228.67	16.45	0	
3	136.64	228.67	146.84	214.91	17.13	1	2	
4	146.84	214.91	286.09	27.07	233.83	0	
5	286.09	27.07	298.00	11.00	20.00	1	4	

5	5	0	0

5	6	129.004	6
1	106.00	270.00	90.24	245.11	29.46	1	5	
2	90.24	245.11	87.28	240.43	5.54	2	3	5	
3	87.28	240.43	60.61	198.30	49.86	1	3	
4	60.61	198.30	58.39	194.80	4.14	0	
5	58.39	194.80	46.59	176.15	22.07	1	6	
6	46.59	176.15	37.00	161.00	17.93	2	6	13	

5	7	247.164	13
1	106.00	270.00	92.83	237.57	35.00	1	5	
2	92.83	237.57	91.97	235.45	2.29	0	
3	91.97	235.45	84.91	218.08	18.76	1	3	
4	84.91	218.08	82.07	211.08	7.55	2	1	3	
5	82.07	211.08	80.77	207.88	3.45	1	3	
6	80.77	207.88	70.57	182.75	27.12	0	
7	70.57	182.75	67.46	175.11	8.25	1	6	
8	67.46	175.11	47.82	126.73	52.22	2	6	13	
9	47.82	126.73	45.90	122.00	5.10	3	6	13	15	
10	45.90	122.00	35.97	97.56	26.38	1	15	
11	35.97	97.56	26.68	74.68	24.69	1	15	
12	26.68	74.68	20.53	59.53	16.36	0	
13	20.53	59.53	13.00	41.00	20.00	1	7	

5	8	212.897	9
1	106.00	270.00	91.21	241.48	32.12	1	5	
2	91.21	241.48	89.89	238.93	2.88	2	3	5	
3	89.89	238.93	70.17	200.91	42.83	1	3	
4	70.17	200.91	64.53	190.02	12.26	0	
5	64.53	190.02	57.73	176.91	14.77	1	6	
6	57.73	176.91	29.14	121.78	62.10	2	6	13	
7	29.14	121.78	22.32	108.62	14.83	1	13	
8	22.32	108.62	9.38	83.66	28.11	0	
9	9.38	83.66	8.00	81.00	3.00	1	8	

5	9	258.172	5
1	106.00	270.00	130.13	244.65	35.00	1	5	
2	130.13	244.65	134.03	240.55	5.65	0	
3	134.03	240.55	165.83	207.14	46.12	1	2	
4	165.83	207.14	270.21	97.49	151.39	0	
5	270.21	97.49	284.00	83.00	20.00	1	9	

5	10	166.544	7
1	106.00	270.00	99.91	235.53	35.00	1	5	
2	99.91	235.53	99.14	231.21	4.40	0	
3	99.14	231.21	90.25	180.91	51.07	0	
4	90.25	180.91	86.95	162.26	18.94	0	
5	86.95	162.26	81.56	131.77	30.96	1	13	
6	81.56	131.77	79.44	119.79	12.17	1	13	
7	79.44	119.79	77.00	106.00	14.00	3	10	13	15	

5	11	96.938	6
1	106.00	270.00	87.95	250.58	26.51	1	5	
2	87.95	250.58	82.17	244.37	8.49	2	3	5	
3	82.17	244.37	49.53	209.25	47.94	1	3	
4	49.53	209.25	41.79	200.92	11.37	2	3	11	
5	41.79	200.92	41.61	200.73	0.26	1	11	
6	41.61	200.73	40.00	199.00	2.37	2	6	11	

5	12	283.734	3
1	106.00	270.00	125.24	240.76	35.00	1	5	
2	125.24	240.76	260.90	34.67	246.73	0	
3	260.90	34.67	262.00	33.00	2.00	1	12	

5	13	144.312	8
1	106.00	270.00	93.63	237.26	35.00	1	5	
2	93.63	237.26	91.98	232.90	4.66	0	
3	91.98	232.90	88.19	222.85	10.74	1	3	
4	88.19	222.85	83.72	211.04	12.63	2	1	3	
5	83.72	211.04	81.01	203.85	7.68	1	1	
6	81.01	203.85	72.08	180.22	25.27	0	
7	72.08	180.22	69.84	174.29	6.34	1	6	
8	69.84	174.29	55.00	135.00	42.00	2	6	13	

5	14	246.676	11
1	106.00	270.00	97.91	235.95	35.00	1	5	
2	97.91	235.95	96.46	229.82	6.30	0	
3	96.46	229.82	86.06	186.03	45.01	1	1	
4	86.06	186.03	81.65	167.46	19.08	0	
5	81.65	167.46	73.45	132.93	35.49	0	
6	73.45	132.93	69.92	118.08	15.27	2	13	15	
7	69.92	118.08	65.24	98.40	20.23	3	10	13	15	
8	65.24	98.40	64.20	94.02	4.50	2	13	15	
9	64.20	94.02	52.93	46.54	48.80	1	15	
10	52.93	46.54	52.53	44.87	1.72	2	14	15	
11	52.53	44.87	49.00	30.00	15.28	1	14	

5	15	186.317	9
1	106.00	270.00	99.43	235.62	35.00	1	5	
2	99.43	235.62	98.53	230.92	4.79	0	
3	98.53	230.92	89.17	182.02	49.78	1	1	
4	89.17	182.02	85.67	163.70	18.66	0	
5	85.67	163.70	79.64	132.18	32.09	0	
6	79.64	132.18	77.31	120.00	12.41	2	13	15	
7	77.31	120.00	72.91	97.01	23.40	2	10	15	
8	72.91	97.01	72.12	92.88	4.21	2	10	15	
9	72.12	92.88	71.00	87.00	5.98	1	15	

6	0	157.813	6
1	37.00	161.00	60.32	176.66	28.09	2	6	13	
2	60.32	176.66	70.20	183.30	11.91	1	6	
3	70.20	183.30	83.04	191.93	15.47	0	
4	83.04	191.93	133.20	225.62	60.42	1	1	
5	133.20	225.62	136.88	228.10	4.44	0	
6	136.88	228.10	168.00	249.00	37.49	1	2	

6	1	85.959	4
1	37.00	161.00	63.88	176.05	30.80	2	6	13	
2	63.88	176.05	71.90	180.54	9.20	1	6	
3	71.90	180.54	84.95	187.85	14.96	0	
4	84.95	187.85	112.00	203.00	31.00	1	1	

6	2	154.871	6
1	37.00	161.00	62.09	176.40	29.44	2	6	13	
2	62.09	176.40	71.09	181.92	10.56	1	6	
3	71.09	181.92	83.95	189.81	15.08	0	
4	83.95	189.81	136.47	222.04	61.62	1	1	
5	136.47	222.04	139.17	223.69	3.17	0	
6	139.17	223.69	169.00	242.00	35.00	1	2	

6	3	75.432	6
1	37.00	161.00	40.49	174.41	13.86	2	6	13	
2	40.49	174.41	43.35	185.41	11.36	1	6	
3	43.35	185.41	46.93	199.16	14.21	2	6	11	
4	46.93	199.16	47.08	199.71	0.57	3	3	6	11	
5	47.08	199.71	49.55	209.23	9.84	2	3	11	
6	49.55	209.23	56.00	234.00	25.59	1	3	

6	4	301.033	6
1	37.00	161.00	71.68	141.07	40.00	2	6	13	
2	71.68	141.07	96.22	126.96	28.31	1	13	
3	96.22	126.96	260.01	32.84	188.90	0	
4	260.01	32.84	262.86	31.19	3.29	1	12	
5	262.86	31.19	280.66	20.97	20.53	0	
6	280.66	20.97	298.00	11.00	20.00	1	4	

6	5	129.004	6
1	37.00	161.00	46.59	176.15	17.93	2	6	13	
2	46.59	176.15	58.39	194.80	22.07	1	6	
3	58.39	194.80	60.61	198.30	4.14	0	
4	60.61	198.30	87.28	240.43	49.86	1	3	
5	87.28	240.43	90.24	245.11	5.54	2	3	5	
6	90.24	245.11	106.00	270.00	29.46	1	5	

6	6	0	0

6	7	122.376	4
1	37.00	161.00	29.16	121.78	40.00	2	6	13	
2	29.16	121.78	25.77	104.84	17.27	1	13	
3	25.77	104.84	16.92	60.61	45.11	0	
4	16.92	60.61	13.00	41.00	20.00	1	7	

6	8	85.094	4
1	37.00	161.00	23.37	123.39	40.00	2	6	13	
2	23.37	123.39	19.46	112.62	11.46	1	13	
3	19.46	112.62	9.02	83.82	30.63	0	
4	9.02	83.82	8.00	81.00	3.00	1	8	

6	9	259.023	4
1	37.00	161.00	75.14	148.95	40.00	2	6	13	
2	75.14	148.95	96.37	142.25	22.26	1	13	
3	96.37	142.25	264.93	89.02	176.76	0	
4	264.93	89.02	284.00	83.00	20.00	1	9	

6	10	68.007	4
1	37.00	161.00	58.60	131.30	36.73	2	6	13	
2	58.60	131.30	60.53	128.65	3.27	3	6	13	15	
3	60.53	128.65	68.77	117.32	14.01	2	13	15	
4	68.77	117.32	77.00	106.00	14.00	3	10	13	15	

6	11	38.118	3
1	37.00	161.00	37.98	173.40	12.44	1	6	
2	37.98	173.40	38.90	185.04	11.68	1	6	
3	38.90	185.04	40.00	199.00	14.00	2	6	11	

6	12	258.861	4
1	37.00	161.00	71.77	141.22	40.00	2	6	13	
2	71.77	141.22	96.28	127.27	28.21	1	13	
3	96.28	127.27	260.26	33.99	188.66	0	
4	260.26	33.99	262.00	33.00	2.00	1	12	

6	13	31.623	1
1	37.00	161.00	55.00	135.00	31.62	2	6	13	

6	14	131.548	6
1	37.00	161.00	40.62	121.54	39.63	2	6	13	
2	40.62	121.54	40.65	121.17	0.37	3	6	13	15	
3	40.65	121.17	43.07	94.73	26.55	1	15	
4	43.07	94.73	47.40	47.52	47.41	0	
5	47.40	47.52	47.45	46.93	0.59	0	
6	47.45	46.93	49.00	30.00	17.00	0	

6	15	81.437	6
1	37.00	161.00	51.80	128.80	35.44	2	6	13	
2	51.80	128.80	53.70	124.65	4.56	3	6	13	15	
3	53.70	124.65	63.12	104.14	22.57	2	13	15	
4	63.12	104.14	66.55	96.68	8.21	3	10	13	15	
5	66.55	96.68	67.39	94.87	2.00	2	13	15	
6	67.39	94.87	71.00	87.00	8.66	1	15	

7	0	259.401	11
1	13.00	41.00	24.95	57.04	20.00	1	7	
2	24.95	57.04	30.72	64.78	9.66	0	
3	30.72	64.78	51.84	93.12	35.34	1	15	
4	51.84	93.12	63.20	108.37	19.02	2	13	15	
5	63.20	108.37	70.79	118.55	12.69	3	10	13	15	
6	70.79	118.55	80.77	131.95	16.72	2	13	15	
7	80.77	131.95	94.23	150.00	22.52	1	13	
8	94.23	150.00	110.64	172.03	27.47	0	
9	110.64	172.03	141.29	213.16	51.29	1	1	
10	141.29	213.16	144.30	217.20	5.04	0	
11	144.30	217.20	168.00	249.00	39.66	1	2	

7	1	189.855	7
1	13.00	41.00	23.43	58.07	20.00	1	7	
2	23.43	58.07	29.28	67.63	11.21	0	
3	29.28	67.63	45.45	94.10	31.02	1	15	
4	45.45	94.10	69.20	132.96	45.55	2	13	15	
5	69.20	132.96	87.04	162.16	34.21	1	13	
6	87.04	162.16	95.83	176.55	16.87	0	
7	95.83	176.55	112.00	203.00	31.00	1	1	

7	2	254.435	11
1	13.00	41.00	25.26	56.80	20.00	1	7	
2	25.26	56.80	31.03	64.23	9.41	0	
3	31.03	64.23	53.38	93.03	36.46	1	15	
4	53.38	93.03	63.01	105.44	15.70	2	13	15	
5	63.01	105.44	74.07	119.69	18.04	3	10	13	15	
6	74.07	119.69	83.14	131.37	14.78	2	13	15	
7	83.14	131.37	95.25	146.98	19.76	1	13	
8	95.25	146.98	114.77	172.12	31.83	0	
9	114.77	172.12	142.60	207.98	45.39	1	1	
10	142.60	207.98	147.54	214.35	8.06	0	
11	147.54	214.35	169.00	242.00	35.00	1	2	

7	3	197.732	9
1	13.00	41.00	17.35	60.52	20.00	1	7	
2	17.35	60.52	26.97	103.72	44.26	0	
3	26.97	103.72	30.93	121.46	18.18	1	13	
4	30.93	121.46	42.90	175.22	55.07	1	13	
5	42.90	175.22	45.32	186.05	11.09	1	6	
6	45.32	186.05	48.17	198.86	13.13	2	6	11	
7	48.17	198.86	48.29	199.37	0.53	2	6	11	
8	48.29	199.37	50.31	208.47	9.32	2	3	11	
9	50.31	208.47	56.00	234.00	26.16	1	3	

7	4	286.575	5
1	13.00	41.00	32.89	38.91	20.00	1	7	
2	32.89	38.91	34.42	38.75	1.54	0	
3	34.42	38.75	65.08	35.52	30.83	1	14	
4	65.08	35.52	278.11	13.09	214.21	0	
5	278.11	13.09	298.00	11.00	20.00	1	4	

7	5	247.164	13
1	13.00	41.00	20.53	59.53	20.00	1	7	
2	20.53	59.53	26.68	74.68	16.36	0	
3	26.68	74.68	35.97	97.56	24.69	1	15	
4	35.97	97.56	45.90	122.00	26.38	1	15	
5	45.90	122.00	47.82	126.73	5.10	3	6	13	15	
6	47.82	126.73	67.46	175.11	52.22	2	6	13	
7	67.46	175.11	70.57	182.75	8.25	1	6	
8	70.57	182.75	80.77	207.88	27.12	0	
9	80.77	207.88	82.07	211.08	3.45	1	3	
10	82.07	211.08	84.91	218.08	7.55	2	1	3	
11	84.91	218.08	91.97	235.45	18.76	1	3	
12	91.97	235.45	92.83	237.57	2.29	0	
13	92.83	237.57	106.00	270.00	35.00	1	5	

7	6	122.376	4
1	13.00	41.00	16.92	60.61	20.00	1	7	
2	16.92	60.61	25.77	104.84	45.11	0	
3	25.77	104.84	29.16	121.78	17.27	1	13	
4	29.16	121.78	37.00	161.00	40.00	2	6	13	

7	7	0	0

7	8	40.311	3
1	13.00	41.00	10.52	60.85	20.00	1	7	
2	10.52	60.85	8.37	78.02	17.31	0	
3	8.37	78.02	8.00	81.00	3.00	1	8	

7	9	274.235	7
1	13.00	41.00	32.76	44.06	20.00	1	7	
2	32.76	44.06	42.01	45.50	9.35	0	
3	42.01	45.50	49.03	46.58	7.11	1	14	
4	49.03	46.58	50.97	46.89	1.96	2	14	15	
5	50.97	46.89	104.17	55.13	53.83	1	15	
6	104.17	55.13	264.24	79.94	161.98	0	
7	264.24	79.94	284.00	83.00	20.00	1	9	

7	10	91.220	5
1	13.00	41.00	27.03	55.25	20.00	1	7	
2	27.03	55.25	32.91	61.22	8.37	0	
3	32.91	61.22	65.52	94.34	46.48	1	15	
4	65.52	94.34	67.18	96.02	2.37	2	13	15	
5	67.18	96.02	77.00	106.00	14.00	3	10	13	15	

7	11	160.290	6
1	13.00	41.00	16.37	60.71	20.00	1	7	
2	16.37	60.71	24.19	106.46	46.41	0	
3	24.19	106.46	26.89	122.30	16.07	1	13	
4	26.89	122.30	35.41	172.15	50.58	1	6	
5	35.41	172.15	37.64	185.20	13.24	1	6	
6	37.64	185.20	40.00	199.00	14.00	2	6	11	

7	12	249.128	5
1	13.00	41.00	32.99	40.36	20.00	1	7	
2	32.99	40.36	35.46	40.28	2.47	0	
3	35.46	40.28	63.17	39.39	27.73	1	14	
4	63.17	39.39	260.00	33.06	196.93	0	
5	260.00	33.06	262.00	33.00	2.00	1	12	

7	13	102.956	6
1	13.00	41.00	21.16	59.26	20.00	1	7	
2	21.16	59.26	27.23	72.85	14.88	0	
3	27.23	72.85	37.87	96.65	26.07	1	15	
4	37.87	96.65	49.66	123.06	28.92	2	13	15	
5	49.66	123.06	52.34	129.04	6.56	3	6	13	15	
6	52.34	129.04	55.00	135.00	6.52	2	6	13	

7	14	37.643	3
1	13.00	41.00	32.13	35.16	20.00	1	7	
2	32.13	35.16	32.74	34.97	0.64	0	
3	32.74	34.97	49.00	30.00	17.00	1	14	

7	15	74.027	3
1	13.00	41.00	28.67	53.43	20.00	1	7	
2	28.67	53.43	34.96	58.42	8.03	0	
3	34.96	58.42	71.00	87.00	46.00	1	15	

8	0	232.000	10
1	8.00	81.00	27.25	101.21	27.91	0	
2	27.25	101.21	28.44	102.46	1.73	1	15	
3	28.44	102.46	47.41	122.38	27.50	2	13	15	
4	47.41	122.38	54.67	130.00	10.53	3	6	13	15	
5	54.67	130.00	76.08	152.49	31.05	2	6	13	
6	76.08	152.49	86.20	163.11	14.67	1	13	
7	86.20	163.11	97.90	175.39	16.96	0	
8	97.90	175.39	138.89	218.43	59.43	1	1	
9	138.89	218.43	141.15	220.80	3.28	0	
10	141.15	220.80	168.00	249.00	38.94	1	2	

8	1	160.312	9
1	8.00	81.00	9.95	83.28	3.00	1	8	
2	9.95	83.28	27.20	103.52	26.59	0	
3	27.20	103.52	28.88	105.50	2.60	1	13	
4	28.88	105.50	42.41	121.37	20.85	2	13	15	
5	42.41	121.37	46.07	125.66	5.64	3	6	13	15	
6	46.07	125.66	76.99	161.93	47.66	2	6	13	
7	76.99	161.93	81.68	167.44	7.23	1	13	
8	81.68	167.44	91.89	179.41	15.73	0	
9	91.89	179.41	112.00	203.00	31.00	1	1	

8	2	227.688	11
1	8.00	81.00	10.12	83.12	3.00	1	8	
2	10.12	83.12	26.82	99.82	23.62	0	
3	26.82	99.82	29.01	102.01	3.09	1	15	
4	29.01	102.01	50.26	123.26	30.06	2	13	15	
5	50.26	123.26	58.18	131.18	11.19	3	6	13	15	
6	58.18	131.18	74.74	147.74	23.42	2	6	13	
7	74.74	147.74	87.99	160.99	18.74	1	13	
8	87.99	160.99	101.01	174.01	18.41	0	
9	101.01	174.01	140.99	213.99	56.53	1	1	
10	140.99	213.99	144.25	217.25	4.62	0	
11	144.25	217.25	169.00	242.00	35.00	1	2	

8	3	160.353	9
1	8.00	81.00	8.90	83.86	3.00	1	8	
2	8.90	83.86	18.45	114.31	31.91	0	
3	18.45	114.31	21.53	124.11	10.28	1	13	
4	21.53	124.11	36.82	172.86	51.09	1	13	
5	36.82	172.86	40.63	185.01	12.74	1	6	
6	40.63	185.01	45.22	199.65	15.34	2	6	11	
7	45.22	199.65	45.37	200.11	0.49	3	3	6	11	
8	45.37	200.11	48.51	210.12	10.48	2	3	11	
9	48.51	210.12	56.00	234.00	25.03	1	3	

8	4	298.329	5
1	8.00	81.00	10.92	80.30	3.00	1	8	
2	10.92	80.30	26.19	76.61	15.71	0	
3	26.19	76.61	106.14	57.31	82.24	1	15	
4	106.14	57.31	278.56	15.69	177.37	0	
5	278.56	15.69	298.00	11.00	20.00	1	4	

8	5	212.897	9
1	8.00	81.00	9.38	83.66	3.00	1	8	
2	9.38	83.66	22.32	108.62	28.11	0	
3	22.32	108.62	29.14	121.78	14.83	1	13	
4	29.14	121.78	57.73	176.91	62.10	2	6	13	
5	57.73	176.91	64.53	190.02	14.77	1	6	
6	64.53	190.02	70.17	200.91	12.26	0	
7	70.17	200.91	89.89	238.93	42.83	1	3	
8	89.89	238.93	91.21	241.48	2.88	2	3	5	
9	91.21	241.48	106.00	270.00	32.12	1	5	

8	6	85.094	4
1	8.00	81.00	9.02	83.82	3.00	1	8	
2	9.02	83.82	19.46	112.62	30.63	0	
3	19.46	112.62	23.37	123.39	11.46	1	13	
4	23.37	123.39	37.00	161.00	40.00	2	6	13	

8	7	40.311	3
1	8.00	81.00	8.37	78.02	3.00	1	8	
2	8.37	78.02	10.52	60.85	17.31	0	
3	10.52	60.85	13.00	41.00	20.00	1	7	

8	8	0	0

8	9	276.007	5
1	8.00	81.00	11.00	81.02	3.00	1	8	
2	11.00	81.02	25.38	81.13	14.38	0	
3	25.38	81.13	116.70	81.79	91.33	1	15	
4	116.70	81.79	264.00	82.86	147.30	0	
5	264.00	82.86	284.00	83.00	20.00	1	9	

8	10	73.389	5
1	8.00	81.00	10.82	82.02	3.00	1	8	
2	10.82	82.02	25.00	87.16	15.08	0	
3	25.00	87.16	44.68	94.29	20.93	1	15	
4	44.68	94.29	63.84	101.23	20.38	2	13	15	
5	63.84	101.23	77.00	106.00	14.00	3	10	13	15	

8	11	122.262	6
1	8.00	81.00	8.79	83.90	3.00	1	8	
2	8.79	83.90	17.51	116.07	33.33	0	
3	17.51	116.07	19.89	124.84	9.09	1	13	
4	19.89	124.84	32.21	170.28	47.08	0	
5	32.21	170.28	36.34	185.49	15.76	1	6	
6	36.34	185.49	40.00	199.00	14.00	2	6	11	

8	12	258.496	5
1	8.00	81.00	10.95	80.44	3.00	1	8	
2	10.95	80.44	25.97	77.60	15.29	0	
3	25.97	77.60	109.50	61.82	85.00	1	15	
4	109.50	61.82	260.03	33.37	153.20	0	
5	260.03	33.37	262.00	33.00	2.00	1	12	

8	13	71.589	6
1	8.00	81.00	9.97	83.26	3.00	1	8	
2	9.97	83.26	27.43	103.32	26.59	0	
3	27.43	103.32	28.46	104.51	1.58	1	13	
4	28.46	104.51	43.24	121.49	22.51	2	13	15	
5	43.24	121.49	47.79	126.71	6.93	3	6	13	15	
6	47.79	126.71	55.00	135.00	10.98	2	6	13	

8	14	65.437	3
1	8.00	81.00	9.88	78.66	3.00	1	8	
2	9.88	78.66	38.35	43.25	45.44	0	
3	38.35	43.25	49.00	30.00	17.00	1	14	

8	15	63.285	3
1	8.00	81.00	10.99	81.28	3.00	1	8	
2	10.99	81.28	25.21	82.64	14.29	0	
3	25.21	82.64	71.00	87.00	46.00	1	15	

9	0	202.514	3
1	284.00	83.00	272.54	99.39	20.00	1	9	
2	272.54	99.39	191.58	215.26	141.35	0	
3	191.58	215.26	168.00	249.00	41.17	1	2	

9	1	209.724	3
1	284.00	83.00	267.60	94.44	20.00	1	9	
2	267.60	94.44	137.42	185.26	158.72	0	
3	137.42	185.26	112.00	203.00	31.00	1	1	

9	2	196.229	3
1	284.00	83.00	272.28	99.21	20.00	1	9	
2	272.28	99.21	189.51	213.64	141.23	0	
3	189.51	213.64	169.00	242.00	35.00	1	2	

9	3	273.468	5
1	284.00	83.00	267.33	94.04	20.00	1	9	
2	267.33	94.04	134.69	181.88	159.08	0	
3	134.69	181.88	86.01	214.12	58.39	1	1	
4	86.01	214.12	83.70	215.65	2.78	2	1	3	
5	83.70	215.65	56.00	234.00	33.22	1	3	

9	4	73.348	3
1	284.00	83.00	287.82	63.37	20.00	1	9	
2	287.82	63.37	294.18	30.63	33.35	0	
3	294.18	30.63	298.00	11.00	20.00	1	4	

9	5	258.172	5
1	284.00	83.00	270.21	97.49	20.00	1	9	
2	270.21	97.49	165.83	207.14	151.39	0	
3	165.83	207.14	134.03	240.55	46.12	1	2	
4	134.03	240.55	130.13	244.65	5.65	0	
5	130.13	244.65	106.00	270.00	35.00	1	5	

9	6	259.023	4
1	284.00	83.00	264.93	89.02	20.00	1	9	
2	264.93	89.02	96.37	142.25	176.76	0	
3	96.37	142.25	75.14	148.95	22.26	1	13	
4	75.14	148.95	37.00	161.00	40.00	2	6	13	

9	7	274.235	7
1	284.00	83.00	264.24	79.94	20.00	1	9	
2	264.24	79.94	104.17	55.13	161.98	0	
3	104.17	55.13	50.97	46.89	53.83	1	15	
4	50.97	46.89	49.03	46.58	1.96	2	14	15	
5	49.03	46.58	42.01	45.50	7.11	1	14	
6	42.01	45.50	32.76	44.06	9.35	0	
7	32.76	44.06	13.00	41.00	20.00	1	7	

9	8	276.007	5
1	284.00	83.00	264.00	82.86	20.00	1	9	
2	264.00	82.86	116.70	81.79	147.30	0	
3	116.70	81.79	25.38	81.13	91.33	1	15	
4	25.38	81.13	11.00	81.02	14.38	0	
5	11.00	81.02	8.00	81.00	3.00	1	8	

9	9	0	0

9	10	208.274	5
1	284.00	83.00	264.12	85.21	20.00	1	9	
2	264.12	85.21	114.54	101.83	150.50	0	
3	114.54	101.83	90.91	104.45	23.78	1	15	
4	90.91	104.45	84.56	105.16	6.40	2	10	15	
5	84.56	105.16	77.00	106.00	7.60	3	10	13	15	

9	11	270.170	4
1	284.00	83.00	265.94	91.59	20.00	1	9	
2	265.94	91.59	68.75	185.33	218.34	0	
3	68.75	185.33	52.64	192.99	17.83	1	6	
4	52.64	192.99	40.00	199.00	14.00	2	6	11	

9	12	54.626	3
1	284.00	83.00	275.95	64.69	20.00	1	9	
2	275.95	64.69	262.81	34.83	32.63	0	
3	262.81	34.83	262.00	33.00	2.00	1	12	

9	13	234.830	6
1	284.00	83.00	264.50	87.43	20.00	1	9	
2	264.50	87.43	95.96	125.70	172.83	0	
3	95.96	125.70	95.82	125.73	0.14	1	13	
4	95.82	125.73	65.34	132.65	31.25	2	13	15	
5	65.34	132.65	65.24	132.67	0.10	1	13	
6	65.24	132.67	55.00	135.00	10.50	2	6	13	

9	14	240.902	3
1	284.00	83.00	264.49	78.60	20.00	1	9	
2	264.49	78.60	65.58	33.74	203.90	0	
3	65.58	33.74	49.00	30.00	17.00	1	14	

9	15	213.038	3
1	284.00	83.00	264.00	83.38	20.00	1	9	
2	264.00	83.38	116.99	86.14	147.04	0	
3	116.99	86.14	71.00	87.00	46.00	1	15	

10	0	169.499	7
1	77.00	106.00	84.52	117.81	14.00	3	10	13	15	
2	84.52	117.81	91.21	128.32	12.46	2	13	15	
3	91.21	128.32	96.94	137.33	10.67	1	13	
4	96.94	137.33	119.60	172.95	42.22	0	
5	119.60	172.95	142.44	208.84	42.55	1	1	
6	142.44	208.84	146.49	215.20	7.54	0	
7	146.49	215.20	168.00	249.00	40.06	1	2	

10	1	103.121	5
1	77.00	106.00	81.75	119.17	14.00	3	10	13	15	
2	81.75	119.17	85.85	130.54	12.08	2	13	15	
3	85.85	130.54	93.51	151.76	22.56	1	13	
4	93.51	151.76	101.48	173.84	23.47	0	
5	101.48	173.84	112.00	203.00	31.00	1	1	

10	2	164.195	7
1	77.00	106.00	84.84	117.60	14.00	3	10	13	15	
2	84.84	117.60	91.88	127.99	12.55	2	13	15	
3	91.88	127.99	97.00	135.56	9.14	1	13	
4	97.00	135.56	123.02	174.02	46.44	0	
5	123.02	174.02	143.00	203.56	35.66	1	1	
6	143.00	203.56	149.39	213.01	11.41	0	
7	149.39	213.01	169.00	242.00	35.00	1	2	

10	3	129.711	7
1	77.00	106.00	74.73	119.82	14.00	3	10	13	15	
2	74.73	119.82	72.57	132.97	13.33	1	13	
3	72.57	132.97	71.34	140.49	7.62	1	13	
4	71.34	140.49	65.57	175.65	35.63	2	6	13	
5	65.57	175.65	62.99	191.41	15.97	1	6	
6	62.99	191.41	61.83	198.48	7.16	0	
7	61.83	198.48	56.00	234.00	36.00	1	3	

10	4	240.554	5
1	77.00	106.00	82.79	103.51	6.30	3	10	13	15	
2	82.79	103.51	89.86	100.47	7.70	2	10	15	
3	89.86	100.47	116.96	88.82	29.50	1	15	
4	116.96	88.82	279.63	18.90	177.05	0	
5	279.63	18.90	298.00	11.00	20.00	1	4	

10	5	166.544	7
1	77.00	106.00	79.44	119.79	14.00	3	10	13	15	
2	79.44	119.79	81.56	131.77	12.17	1	13	
3	81.56	131.77	86.95	162.26	30.96	1	13	
4	86.95	162.26	90.25	180.91	18.94	0	
5	90.25	180.91	99.14	231.21	51.07	0	
6	99.14	231.21	99.91	235.53	4.40	0	
7	99.91	235.53	106.00	270.00	35.00	1	5	

10	6	68.007	4
1	77.00	106.00	68.77	117.32	14.00	3	10	13	15	
2	68.77	117.32	60.53	128.65	14.01	2	13	15	
3	60.53	128.65	58.60	131.30	3.27	3	6	13	15	
4	58.60	131.30	37.00	161.00	36.73	2	6	13	

10	7	91.220	5
1	77.00	106.00	67.18	96.02	14.00	3	10	13	15	
2	67.18	96.02	65.52	94.34	2.37	2	13	15	
3	65.52	94.34	32.91	61.22	46.48	1	15	
4	32.91	61.22	27.03	55.25	8.37	0	
5	27.03	55.25	13.00	41.00	20.00	1	7	

10	8	73.389	5
1	77.00	106.00	63.84	101.23	14.00	3	10	13	15	
2	63.84	101.23	44.68	94.29	20.38	2	13	15	
3	44.68	94.29	25.00	87.16	20.93	1	15	
4	25.00	87.16	10.82	82.02	15.08	0	
5	10.82	82.02	8.00	81.00	3.00	1	8	

10	9	208.274	5
1	77.00	106.00	84.56	105.16	7.60	3	10	13	15	
2	84.56	105.16	90.91	104.45	6.40	2	10	15	
3	90.91	104.45	114.54	101.83	23.78	1	15	
4	114.54	101.83	264.12	85.21	150.50	0	
5	264.12	85.21	284.00	83.00	20.00	1	9	

10	10	0	0

10	11	100.090	6
1	77.00	106.00	71.82	119.01	14.00	3	10	13	15	
2	71.82	119.01	66.35	132.76	14.81	2	13	15	
3	66.35	132.76	66.06	133.51	0.80	1	13	
4	66.06	133.51	48.93	176.56	46.33	1	13	
5	48.93	176.56	45.18	185.99	10.15	1	6	
6	45.18	185.99	40.00	199.00	14.00	2	6	11	

10	12	198.882	5
1	77.00	106.00	82.95	103.65	6.40	3	10	13	15	
2	82.95	103.65	90.02	100.86	7.60	2	10	15	
3	90.02	100.86	116.88	90.26	28.88	1	15	
4	116.88	90.26	260.14	33.73	154.00	0	
5	260.14	33.73	262.00	33.00	2.00	1	12	

10	13	36.401	4
1	77.00	106.00	68.54	117.15	14.00	3	10	13	15	
2	68.54	117.15	60.07	128.32	14.02	2	13	15	
3	60.07	128.32	57.95	131.11	3.50	3	6	13	15	
4	57.95	131.11	55.00	135.00	4.88	2	6	13	

10	14	80.994	5
1	77.00	106.00	73.86	97.47	9.09	3	10	13	15	
2	73.86	97.47	72.16	92.86	4.91	2	10	15	
3	72.16	92.86	54.88	45.95	49.99	1	15	
4	54.88	45.95	54.22	44.17	1.90	2	14	15	
5	54.22	44.17	49.00	30.00	15.10	1	14	

10	15	19.925	3
1	77.00	106.00	74.39	97.75	8.66	3	10	13	15	
2	74.39	97.75	72.78	92.65	5.34	2	10	15	
3	72.78	92.65	71.00	87.00	5.93	1	15	

11	0	137.419	8
1	40.00	199.00	43.33	200.30	3.58	2	6	11	
2	43.33	200.30	43.68	200.44	0.37	3	3	6	11	
3	43.68	200.44	53.04	204.09	10.05	2	3	11	
4	53.04	204.09	83.93	216.16	33.17	1	3	
5	83.93	216.16	88.15	217.81	4.53	2	1	3	
6	88.15	217.81	123.72	231.70	38.18	1	1	
7	123.72	231.70	134.53	235.93	11.61	0	
8	134.53	235.93	168.00	249.00	35.93	1	2	

11	1	72.111	6
1	40.00	199.00	46.24	199.35	6.25	2	6	11	
2	46.24	199.35	48.04	199.45	1.80	3	3	6	11	
3	48.04	199.45	53.98	199.78	5.95	2	3	11	
4	53.98	199.78	69.53	200.64	15.58	1	3	
5	69.53	200.64	81.05	201.28	11.53	0	
6	81.05	201.28	112.00	203.00	31.00	1	1	

11	2	135.978	8
1	40.00	199.00	43.60	200.20	3.80	2	6	11	
2	43.60	200.20	44.10	200.37	0.52	3	3	6	11	
3	44.10	200.37	53.28	203.43	9.68	2	3	11	
4	53.28	203.43	82.74	213.25	31.05	1	3	
5	82.74	213.25	86.20	214.40	3.64	2	1	3	
6	86.20	214.40	129.26	228.75	45.39	1	1	
7	129.26	228.75	135.80	230.93	6.89	0	
8	135.80	230.93	169.00	242.00	35.00	1	2	

11	3	38.484	4
1	40.00	199.00	40.83	200.82	2.00	2	6	11	
2	40.83	200.82	41.03	201.26	0.49	1	11	
3	41.03	201.26	45.82	211.73	11.52	2	3	11	
4	45.82	211.73	56.00	234.00	24.48	1	3	

11	4	319.230	4
1	40.00	199.00	51.31	190.76	14.00	2	6	11	
2	51.31	190.76	75.00	173.50	29.30	1	6	
3	75.00	173.50	281.84	22.78	255.93	0	
4	281.84	22.78	298.00	11.00	20.00	1	4	

11	5	96.938	6
1	40.00	199.00	41.61	200.73	2.37	2	6	11	
2	41.61	200.73	41.79	200.92	0.26	1	11	
3	41.79	200.92	49.53	209.25	11.37	2	3	11	
4	49.53	209.25	82.17	244.37	47.94	1	3	
5	82.17	244.37	87.95	250.58	8.49	2	3	5	
6	87.95	250.58	106.00	270.00	26.51	1	5	

11	6	38.118	3
1	40.00	199.00	38.90	185.04	14.00	2	6	11	
2	38.90	185.04	37.98	173.40	11.68	1	6	
3	37.98	173.40	37.00	161.00	12.44	1	6	

11	7	160.290	6
1	40.00	199.00	37.64	185.20	14.00	2	6	11	
2	37.64	185.20	35.41	172.15	13.24	1	6	
3	35.41	172.15	26.89	122.30	50.58	1	6	
4	26.89	122.30	24.19	106.46	16.07	1	13	
5	24.19	106.46	16.37	60.71	46.41	0	
6	16.37	60.71	13.00	41.00	20.00	1	7	

11	8	122.262	6
1	40.00	199.00	36.34	185.49	14.00	2	6	11	
2	36.34	185.49	32.21	170.28	15.76	1	6	
3	32.21	170.28	19.89	124.84	47.08	0	
4	19.89	124.84	17.51	116.07	9.09	1	13	
5	17.51	116.07	8.79	83.90	33.33	0	
6	8.79	83.90	8.00	81.00	3.00	1	8	

11	9	270.170	4
1	40.00	199.00	52.64	192.99	14.00	2	6	11	
2	52.64	192.99	68.75	185.33	17.83	1	6	
3	68.75	185.33	265.94	91.59	218.34	0	
4	265.94	91.59	284.00	83.00	20.00	1	9	

11	10	100.090	6
1	40.00	199.00	45.18	185.99	14.00	2	6	11	
2	45.18	185.99	48.93	176.56	10.15	1	6	
3	48.93	176.56	66.06	133.51	46.33	1	13	
4	66.06	133.51	66.35	132.76	0.80	1	13	
5	66.35	132.76	71.82	119.01	14.81	2	13	15	
6	71.82	119.01	77.00	106.00	14.00	3	10	13	15	

11	11	0	0

11	12	277.200	4
1	40.00	199.00	51.21	190.62	14.00	2	6	11	
2	51.21	190.62	75.27	172.62	30.04	1	6	
3	75.27	172.62	260.40	34.20	231.16	0	
4	260.40	34.20	262.00	33.00	2.00	1	12	

11	13	65.734	3
1	40.00	199.00	43.19	185.37	14.00	2	6	11	
2	43.19	185.37	45.42	175.89	9.73	1	6	
3	45.42	175.89	55.00	135.00	42.00	2	6	13	

11	14	169.239	8
1	40.00	199.00	40.74	185.02	14.00	2	6	11	
2	40.74	185.02	41.29	174.70	10.33	1	6	
3	41.29	174.70	43.98	124.23	50.54	1	6	
4	43.98	124.23	44.12	121.64	2.59	3	6	13	15	
5	44.12	121.64	45.59	94.07	27.61	1	15	
6	45.59	94.07	48.09	47.11	47.02	1	15	
7	48.09	47.11	48.10	46.98	0.14	0	
8	48.10	46.98	49.00	30.00	17.00	1	14	

11	15	116.211	8
1	40.00	199.00	43.73	185.51	14.00	2	6	11	
2	43.73	185.51	46.34	176.10	9.76	1	6	
3	46.34	176.10	58.73	131.33	46.45	2	6	13	
4	58.73	131.33	59.64	128.03	3.43	3	6	13	15	
5	59.64	128.03	64.18	111.63	17.01	2	13	15	
6	64.18	111.63	68.70	95.30	16.95	3	10	13	15	
7	68.70	95.30	68.90	94.58	0.75	2	10	15	
8	68.90	94.58	71.00	87.00	7.86	1	15	

12	0	235.567	3
1	262.00	33.00	261.20	34.83	2.00	1	12	
2	261.20	34.83	184.67	210.70	191.80	0	
3	184.67	210.70	168.00	249.00	41.77	1	2	

12	1	226.716	3
1	262.00	33.00	260.68	34.50	2.00	1	12	
2	260.68	34.50	132.51	179.75	193.72	0	
3	132.51	179.75	112.00	203.00	31.00	1	1	

12	2	228.758	3
1	262.00	33.00	261.19	34.83	2.00	1	12	
2	261.19	34.83	183.23	210.02	191.76	0	
3	183.23	210.02	169.00	242.00	35.00	1	2	

12	3	287.814	5
1	262.00	33.00	260.57	34.40	2.00	1	12	
2	260.57	34.40	118.77	172.75	198.11	0	
3	118.77	172.75	81.77	208.86	51.71	1	1	
4	81.77	208.86	81.59	209.03	0.24	2	1	3	
5	81.59	209.03	56.00	234.00	35.76	1	3	

12	4	42.190	3
1	262.00	33.00	263.71	31.96	2.00	1	12	
2	263.71	31.96	280.93	21.43	20.19	0	
3	280.93	21.43	298.00	11.00	20.00	1	4	

12	5	283.734	3
1	262.00	33.00	260.90	34.67	2.00	1	12	
2	260.90	34.67	125.24	240.76	246.73	0	
3	125.24	240.76	106.00	270.00	35.00	1	5	

12	6	258.861	4
1	262.00	33.00	260.26	33.99	2.00	1	12	
2	260.26	33.99	96.28	127.27	188.66	0	
3	96.28	127.27	71.77	141.22	28.21	1	13	
4	71.77	141.22	37.00	161.00	40.00	2	6	13	

12	7	249.128	5
1	262.00	33.00	260.00	33.06	2.00	1	12	
2	260.00	33.06	63.17	39.39	196.93	0	
3	63.17	39.39	35.46	40.28	27.73	1	14	
4	35.46	40.28	32.99	40.36	2.47	0	
5	32.99	40.36	13.00	41.00	20.00	1	7	

12	8	258.496	5
1	262.00	33.00	260.03	33.37	2.00	1	12	
2	260.03	33.37	109.50	61.82	153.20	0	
3	109.50	61.82	25.97	77.60	85.00	1	15	
4	25.97	77.60	10.95	80.44	15.29	0	
5	10.95	80.44	8.00	81.00	3.00	1	8	

12	9	54.626	3
1	262.00	33.00	262.81	34.83	2.00	1	12	
2	262.81	34.83	275.95	64.69	32.63	0	
3	275.95	64.69	284.00	83.00	20.00	1	9	

12	10	198.882	5
1	262.00	33.00	260.14	33.73	2.00	1	12	
2	260.14	33.73	116.88	90.26	154.00	0	
3	116.88	90.26	90.02	100.86	28.88	1	15	
4	90.02	100.86	82.95	103.65	7.60	2	10	15	
5	82.95	103.65	77.00	106.00	6.40	3	10	13	15	

12	11	277.200	4
1	262.00	33.00	260.40	34.20	2.00	1	12	
2	260.40	34.20	75.27	172.62	231.16	0	
3	75.27	172.62	51.21	190.62	30.04	1	6	
4	51.21	190.62	40.00	199.00	14.00	2	6	11	

12	12	0	0

12	13	230.766	6
1	262.00	33.00	260.21	33.88	2.00	1	12	
2	260.21	33.88	112.61	106.61	164.54	0	
3	112.61	106.61	92.67	116.44	22.22	1	15	
4	92.67	116.44	63.34	130.89	32.71	2	13	15	
5	63.34	130.89	61.20	131.94	2.38	3	6	13	15	
6	61.20	131.94	55.00	135.00	6.91	2	6	13	

12	14	213.021	3
1	262.00	33.00	260.00	32.97	2.00	1	12	
2	260.00	32.97	66.00	30.24	194.02	0	
3	66.00	30.24	49.00	30.00	17.00	1	14	

12	15	198.487	3
1	262.00	33.00	260.08	33.54	2.00	1	12	
2	260.08	33.54	115.26	74.49	150.49	0	
3	115.26	74.49	71.00	87.00	46.00	1	15	

13	0	160.515	6
1	55.00	135.00	76.80	156.99	30.96	2	6	13	
2	76.80	156.99	84.57	164.83	11.04	1	13	
3	84.57	164.83	96.05	176.42	16.32	0	
4	96.05	176.42	138.44	219.18	60.21	1	1	
5	138.44	219.18	140.68	221.44	3.18	0	
6	140.68	221.44	168.00	249.00	38.81	1	2	

13	1	88.730	4
1	55.00	135.00	77.00	161.24	34.25	2	6	13	
2	77.00	161.24	81.98	167.19	7.75	1	13	
3	81.98	167.19	92.09	179.24	15.73	0	
4	92.09	179.24	112.00	203.00	31.00	1	1	

13	2	156.349	6
1	55.00	135.00	76.59	155.26	29.60	2	6	13	
2	76.59	155.26	85.62	163.74	12.40	1	13	
3	85.62	163.74	97.99	175.35	16.96	0	
4	97.99	175.35	140.48	215.23	58.28	1	1	
5	140.48	215.23	143.48	218.05	4.11	0	
6	143.48	218.05	169.00	242.00	35.00	1	2	

13	3	99.005	4
1	55.00	135.00	55.42	177.00	42.00	2	6	13	
2	55.42	177.00	55.62	196.40	19.40	1	6	
3	55.62	196.40	55.64	198.00	1.60	0	
4	55.64	198.00	56.00	234.00	36.00	1	3	

13	4	272.809	6
1	55.00	135.00	61.05	131.91	6.79	2	6	13	
2	61.05	131.91	63.23	130.80	2.44	3	6	13	15	
3	63.23	130.80	92.41	115.91	32.76	2	13	15	
4	92.41	115.91	113.20	105.30	23.34	1	15	
5	113.20	105.30	280.19	20.09	187.47	0	
6	280.19	20.09	298.00	11.00	20.00	1	4	

13	5	144.312	8
1	55.00	135.00	69.84	174.29	42.00	2	6	13	
2	69.84	174.29	72.08	180.22	6.34	1	6	
3	72.08	180.22	81.01	203.85	25.27	0	
4	81.01	203.85	83.72	211.04	7.68	1	1	
5	83.72	211.04	88.19	222.85	12.63	2	1	3	
6	88.19	222.85	91.98	232.90	10.74	1	3	
7	91.98	232.90	93.63	237.26	4.66	0	
8	93.63	237.26	106.00	270.00	35.00	1	5	

13	6	31.623	1
1	55.00	135.00	37.00	161.00	31.62	2	6	13	

13	7	102.956	6
1	55.00	135.00	52.34	129.04	6.52	2	6	13	
2	52.34	129.04	49.66	123.06	6.56	3	6	13	15	
3	49.66	123.06	37.87	96.65	28.92	2	13	15	
4	37.87	96.65	27.23	72.85	26.07	1	15	
5	27.23	72.85	21.16	59.26	14.88	0	
6	21.16	59.26	13.00	41.00	20.00	1	7	

13	8	71.589	6
1	55.00	135.00	47.79	126.71	10.98	2	6	13	
2	47.79	126.71	43.24	121.49	6.93	3	6	13	15	
3	43.24	121.49	28.46	104.51	22.51	2	13	15	
4	28.46	104.51	27.43	103.32	1.58	1	13	
5	27.43	103.32	9.97	83.26	26.59	0	
6	9.97	83.26	8.00	81.00	3.00	1	8	

13	9	234.830	6
1	55.00	135.00	65.24	132.67	10.50	2	6	13	
2	65.24	132.67	65.34	132.65	0.10	1	13	
3	65.34	132.65	95.82	125.73	31.25	2	13	15	
4	95.82	125.73	95.96	125.70	0.14	1	13	
5	95.96	125.70	264.50	87.43	172.83	0	
6	264.50	87.43	284.00	83.00	20.00	1	9	

13	10	36.401	4
1	55.00	135.00	57.95	131.11	4.88	2	6	13	
2	57.95	131.11	60.07	128.32	3.50	3	6	13	15	
3	60.07	128.32	68.54	117.15	14.02	2	13	15	
4	68.54	117.15	77.00	106.00	14.00	3	10	13	15	

13	11	65.734	3
1	55.00	135.00	45.42	175.89	42.00	2	6	13	
2	45.42	175.89	43.19	185.37	9.73	1	6	
3	43.19	185.37	40.00	199.00	14.00	2	6	11	

13	12	230.766	6
1	55.00	135.00	61.20	131.94	6.91	2	6	13	
2	61.20	131.94	63.34	130.89	2.38	3	6	13	15	
3	63.34	130.89	92.67	116.44	32.71	2	13	15	
4	92.67	116.44	112.61	106.61	22.22	1	15	
5	112.61	106.61	260.21	33.88	164.54	0	
6	260.21	33.88	262.00	33.00	2.00	1	12	

13	13	0	0

13	14	105.171	6
1	55.00	135.00	54.72	130.02	4.99	2	6	13	
2	54.72	130.02	54.43	125.00	5.03	2	6	13	
3	54.43	125.00	52.60	93.07	31.98	2	13	15	
4	52.60	93.07	49.97	46.97	46.17	1	15	
5	49.97	46.97	49.92	46.11	0.86	2	14	15	
6	49.92	46.11	49.00	30.00	16.14	1	14	

13	15	50.596	6
1	55.00	135.00	56.45	130.64	4.60	2	6	13	
2	56.45	130.64	57.74	126.79	4.05	3	6	13	15	
3	57.74	126.79	63.47	109.59	18.13	2	13	15	
4	63.47	109.59	68.28	95.16	15.22	3	10	13	15	
5	68.28	95.16	68.33	95.01	0.16	2	10	15	
6	68.33	95.01	71.00	87.00	8.44	1	15	

14	0	249.243	9
1	49.00	30.00	56.29	43.42	15.27	1	14	
2	56.29	43.42	57.12	44.94	1.73	2	14	15	
3	57.12	44.94	83.58	93.64	55.43	1	15	
4	83.58	93.64	90.95	107.20	15.43	2	10	15	
5	90.95	107.20	99.56	123.06	18.05	1	15	
6	99.56	123.06	128.87	176.99	61.39	0	
7	128.87	176.99	143.00	202.99	29.59	1	1	
8	143.00	202.99	148.70	213.49	11.94	0	
9	148.70	213.49	168.00	249.00	40.42	1	2	

14	1	184.114	9
1	49.00	30.00	54.17	44.19	15.10	1	14	
2	54.17	44.19	54.82	45.97	1.90	2	14	15	
3	54.82	45.97	71.92	92.95	50.00	1	15	
4	71.92	92.95	73.51	97.30	4.62	2	10	15	
5	73.51	97.30	81.50	119.26	23.37	3	10	13	15	
6	81.50	119.26	85.64	130.61	12.08	2	13	15	
7	85.64	130.61	93.42	151.97	22.74	1	13	
8	93.42	151.97	101.39	173.87	23.31	0	
9	101.39	173.87	112.00	203.00	31.00	1	1	

14	2	243.606	9
1	49.00	30.00	56.55	43.33	15.32	1	14	
2	56.55	43.33	57.37	44.79	1.68	2	14	15	
3	57.37	44.79	85.90	95.20	57.92	1	15	
4	85.90	95.20	90.85	103.93	10.03	2	10	15	
5	90.85	103.93	101.00	121.87	20.62	1	15	
6	101.00	121.87	135.44	182.72	69.92	0	
7	135.44	182.72	141.46	193.34	12.21	1	1	
8	141.46	193.34	151.76	211.54	20.92	0	
9	151.76	211.54	169.00	242.00	35.00	1	2	

14	3	204.120	9
1	49.00	30.00	49.56	46.30	16.31	1	14	
2	49.56	46.30	49.58	46.99	0.69	1	15	
3	49.58	46.99	51.17	93.18	46.21	1	15	
4	51.17	93.18	52.23	124.01	30.85	2	13	15	
5	52.23	124.01	52.40	129.07	5.06	3	6	13	15	
6	52.40	129.07	54.04	176.99	47.94	2	6	13	
7	54.04	176.99	54.73	196.86	19.88	1	6	
8	54.73	196.86	54.77	198.02	1.16	0	
9	54.77	198.02	56.00	234.00	36.00	0	

14	4	249.724	3
1	49.00	30.00	65.95	28.71	17.00	1	14	
2	65.95	28.71	278.06	12.52	212.72	0	
3	278.06	12.52	298.00	11.00	20.00	1	4	

14	5	246.676	11
1	49.00	30.00	52.53	44.87	15.28	1	14	
2	52.53	44.87	52.93	46.54	1.72	2	14	15	
3	52.93	46.54	64.20	94.02	48.80	1	15	
4	64.20	94.02	65.24	98.40	4.50	2	13	15	
5	65.24	98.40	69.92	118.08	20.23	3	10	13	15	
6	69.92	118.08	73.45	132.93	15.27	2	13	15	
7	73.45	132.93	81.65	167.46	35.49	0	
8	81.65	167.46	86.06	186.03	19.08	0	
9	86.06	186.03	96.46	229.82	45.01	1	1	
10	96.46	229.82	97.91	235.95	6.30	0	
11	97.91	235.95	106.00	270.00	35.00	1	5	

14	6	131.548	6
1	49.00	30.00	47.45	46.93	17.00	0	
2	47.45	46.93	47.40	47.52	0.59	0	
3	47.40	47.52	43.07	94.73	47.41	0	
4	43.07	94.73	40.65	121.17	26.55	1	15	
5	40.65	121.17	40.62	121.54	0.37	3	6	13	15	
6	40.62	121.54	37.00	161.00	39.63	2	6	13	

14	7	37.643	3
1	49.00	30.00	32.74	34.97	17.00	1	14	
2	32.74	34.97	32.13	35.16	0.64	0	
3	32.13	35.16	13.00	41.00	20.00	1	7	

14	8	65.437	3
1	49.00	30.00	38.35	43.25	17.00	1	14	
2	38.35	43.25	9.88	78.66	45.44	0	
3	9.88	78.66	8.00	81.00	3.00	1	8	

14	9	240.902	3
1	49.00	30.00	65.58	33.74	17.00	1	14	
2	65.58	33.74	264.49	78.60	203.90	0	
3	264.49	78.60	284.00	83.00	20.00	1	9	

14	10	80.994	5
1	49.00	30.00	54.22	44.17	15.10	1	14	
2	54.22	44.17	54.88	45.95	1.90	2	14	15	
3	54.88	45.95	72.16	92.86	49.99	1	15	
4	72.16	92.86	73.86	97.47	4.91	2	10	15	
5	73.86	97.47	77.00	106.00	9.09	3	10	13	15	

14	11	169.239	8
1	49.00	30.00	48.10	46.98	17.00	1	14	
2	48.10	46.98	48.09	47.11	0.14	0	
3	48.09	47.11	45.59	94.07	47.02	1	15	
4	45.59	94.07	44.12	121.64	27.61	1	15	
5	44.12	121.64	43.98	124.23	2.59	3	6	13	15	
6	43.98	124.23	41.29	174.70	50.54	1	6	
7	41.29	174.70	40.74	185.02	10.33	1	6	
8	40.74	185.02	40.00	199.00	14.00	2	6	11	

14	12	213.021	3
1	49.00	30.00	66.00	30.24	17.00	1	14	
2	66.00	30.24	260.00	32.97	194.02	0	
3	260.00	32.97	262.00	33.00	2.00	1	12	

14	13	105.171	6
1	49.00	30.00	49.92	46.11	16.14	1	14	
2	49.92	46.11	49.97	46.97	0.86	2	14	15	
3	49.97	46.97	52.60	93.07	46.17	1	15	
4	52.60	93.07	54.43	125.00	31.98	2	13	15	
5	54.43	125.00	54.72	130.02	5.03	2	6	13	
6	54.72	130.02	55.00	135.00	4.99	2	6	13	

14	14	0	0

14	15	61.098	3
1	49.00	30.00	54.44	44.09	15.10	1	14	
2	54.44	44.09	55.12	45.86	1.90	2	14	15	
3	55.12	45.86	71.00	87.00	44.10	1	15	

15	0	188.820	9
1	71.00	87.00	74.17	92.29	6.17	1	15	
2	74.17	92.29	79.18	100.66	9.75	2	10	15	
3	79.18	100.66	87.75	114.97	16.68	3	10	13	15	
4	87.75	114.97	94.63	126.47	13.40	2	13	15	
5	94.63	126.47	96.69	129.90	4.01	1	13	
6	96.69	129.90	123.13	174.07	51.48	0	
7	123.13	174.07	142.76	206.85	38.21	1	1	
8	142.76	206.85	147.34	214.50	8.92	0	
9	147.34	214.50	168.00	249.00	40.21	1	2	

15	1	123.033	7
1	71.00	87.00	72.98	92.59	5.93	1	15	
2	72.98	92.59	74.89	98.01	5.75	2	10	15	
3	74.89	98.01	82.30	118.96	22.22	3	10	13	15	
4	82.30	118.96	86.33	130.37	12.10	2	13	15	
5	86.33	130.37	93.72	151.28	22.17	1	13	
6	93.72	151.28	101.67	173.77	23.86	0	
7	101.67	173.77	112.00	203.00	31.00	1	1	

15	2	183.382	9
1	71.00	87.00	74.32	92.26	6.22	1	15	
2	74.32	92.26	80.02	101.27	10.66	2	10	15	
3	80.02	101.27	88.27	114.31	15.43	3	10	13	15	
4	88.27	114.31	95.58	125.88	13.69	2	13	15	
5	95.58	125.88	96.20	126.86	1.16	1	13	
6	96.20	126.86	127.29	176.03	58.17	0	
7	127.29	176.03	142.92	200.75	29.24	1	1	
8	142.92	200.75	150.30	212.42	13.81	0	
9	150.30	212.42	169.00	242.00	35.00	1	2	

15	3	147.763	9
1	71.00	87.00	70.32	93.70	6.73	1	15	
2	70.32	93.70	70.10	95.81	2.12	2	10	15	
3	70.10	95.81	67.97	116.70	21.00	3	10	13	15	
4	67.97	116.70	66.33	132.76	16.15	2	13	15	
5	66.33	132.76	66.23	133.70	0.94	1	13	
6	66.23	133.70	61.87	176.43	42.96	0	
7	61.87	176.43	60.12	193.64	17.30	1	6	
8	60.12	193.64	59.65	198.19	4.57	0	
9	59.65	198.19	56.00	234.00	36.00	1	3	

15	4	239.385	3
1	71.00	87.00	114.62	72.40	46.00	1	15	
2	114.62	72.40	279.03	17.35	173.38	0	
3	279.03	17.35	298.00	11.00	20.00	1	4	

15	5	186.317	9
1	71.00	87.00	72.12	92.88	5.98	1	15	
2	72.12	92.88	72.91	97.01	4.21	2	10	15	
3	72.91	97.01	77.31	120.00	23.40	2	10	15	
4	77.31	120.00	79.64	132.18	12.41	2	13	15	
5	79.64	132.18	85.67	163.70	32.09	0	
6	85.67	163.70	89.17	182.02	18.66	0	
7	89.17	182.02	98.53	230.92	49.78	1	1	
8	98.53	230.92	99.43	235.62	4.79	0	
9	99.43	235.62	106.00	270.00	35.00	1	5	

15	6	81.437	6
1	71.00	87.00	67.39	94.87	8.66	1	15	
2	67.39	94.87	66.55	96.68	2.00	2	13	15	
3	66.55	96.68	63.12	104.14	8.21	3	10	13	15	
4	63.12	104.14	53.70	124.65	22.57	2	13	15	
5	53.70	124.65	51.80	128.80	4.56	3	6	13	15	
6	51.80	128.80	37.00	161.00	35.44	2	6	13	

15	7	74.027	3
1	71.00	87.00	34.96	58.42	46.00	1	15	
2	34.96	58.42	28.67	53.43	8.03	0	
3	28.67	53.43	13.00	41.00	20.00	1	7	

15	8	63.285	3
1	71.00	87.00	25.21	82.64	46.00	1	15	
2	25.21	82.64	10.99	81.28	14.29	0	
3	10.99	81.28	8.00	81.00	3.00	1	8	

15	9	213.038	3
1	71.00	87.00	116.99	86.14	46.00	1	15	
2	116.99	86.14	264.00	83.38	147.04	0	
3	264.00	83.38	284.00	83.00	20.00	1	9	

15	10	19.925	3
1	71.00	87.00	72.78	92.65	5.93	1	15	
2	72.78	92.65	74.39	97.75	5.34	2	10	15	
3	74.39	97.75	77.00	106.00	8.66	3	10	13	15	

15	11	116.211	8
1	71.00	87.00	68.90	94.58	7.86	1	15	
2	68.90	94.58	68.70	95.30	0.75	2	10	15	
3	68.70	95.30	64.18	111.63	16.95	3	10	13	15	
4	64.18	111.63	59.64	128.03	17.01	2	13	15	
5	59.64	128.03	58.73	131.33	3.43	3	6	13	15	
6	58.73	131.33	46.34	176.10	46.45	2	6	13	
7	46.34	176.10	43.73	185.51	9.76	1	6	
8	43.73	185.51	40.00	199.00	14.00	2	6	11	

15	12	198.487	3
1	71.00	87.00	115.26	74.49	46.00	1	15	
2	115.26	74.49	260.08	33.54	150.49	0	
3	260.08	33.54	262.00	33.00	2.00	1	12	

15	13	50.596	6
1	71.00	87.00	68.33	95.01	8.44	1	15	
2	68.33	95.01	68.28	95.16	0.16	2	10	15	
3	68.28	95.16	63.47	109.59	15.22	3	10	13	15	
4	63.47	109.59	57.74	126.79	18.13	2	13	15	
5	57.74	126.79	56.45	130.64	4.05	3	6	13	15	
6	56.45	130.64	55.00	135.00	4.60	2	6	13	

15	14	61.098	3
1	71.00	87.00	55.12	45.86	44.10	1	15	
2	55.12	45.86	54.44	44.09	1.90	2	14	15	
3	54.44	44.09	49.00	30.00	15.10	1	14	

15	15	0	0