16	502	2	0.001	90.0
28.000	199.000	0.000	6.000	0.000
290.000	201.000	40.000	6.000	3.000
46.000	155.000	39.000	9.000	1.000
269.000	189.000	8.000	1.000	14.000
158.000	133.000	32.000	1.000	7.000
25.000	283.000	41.000	2.000	3.000
146.000	41.000	19.000	2.000	20.000
87.000	283.000	5.000	9.000	10.000
103.000	264.000	31.000	1.000	7.000
217.000	171.000	41.000	2.000	4.000
78.000	78.000	4.000	2.000	9.000
19.000	60.000	44.000	8.000	18.000
245.000	176.000	17.000	1.000	3.000
159.000	106.000	45.000	9.000	19.000
148.000	264.000	8.000	7.000	8.000
247.000	12.000	19.000	4.000	4.000

0	0	0	0

0	1	262.008	4
1	28.00	199.00	188.24	200.22	160.25	0	
2	188.24	200.22	245.31	200.66	57.07	1	9	
3	245.31	200.66	250.00	200.69	4.69	0	
4	250.00	200.69	290.00	201.00	40.00	1	1	

0	2	47.539	2
1	28.00	199.00	31.23	191.10	8.54	0	
2	31.23	191.10	46.00	155.00	39.00	1	2	

0	3	241.207	7
1	28.00	199.00	182.15	192.60	154.29	0	
2	182.15	192.60	235.92	190.37	53.81	1	9	
3	235.92	190.37	251.62	189.72	15.72	2	9	12	
4	251.62	189.72	253.52	189.64	1.90	3	1	9	12	
5	253.52	189.64	255.24	189.57	1.72	2	1	12	
6	255.24	189.57	261.01	189.33	5.77	1	1	
7	261.01	189.33	269.00	189.00	8.00	2	1	3	

0	4	145.794	5
1	28.00	199.00	39.07	193.38	12.42	0	
2	39.07	193.38	81.07	172.06	47.11	1	2	
3	81.07	172.06	129.47	147.49	54.27	0	
4	129.47	147.49	135.54	144.40	6.81	1	4	
5	135.54	144.40	158.00	133.00	25.19	2	4	13	

0	5	84.054	2
1	28.00	199.00	26.46	242.02	43.05	0	
2	26.46	242.02	25.00	283.00	41.00	0	

0	6	197.200	4
1	28.00	199.00	33.32	191.88	8.89	0	
2	33.32	191.88	77.76	132.37	74.28	1	2	
3	77.76	132.37	134.63	56.22	95.04	0	
4	134.63	56.22	146.00	41.00	19.00	1	6	

0	7	102.650	3
1	28.00	199.00	72.08	261.76	76.69	0	
2	72.08	261.76	84.13	278.91	20.96	1	8	
3	84.13	278.91	87.00	283.00	5.00	2	7	8	

0	8	99.247	2
1	28.00	199.00	79.57	243.70	68.25	0	
2	79.57	243.70	103.00	264.00	31.00	1	8	

0	9	191.063	2
1	28.00	199.00	176.44	177.01	150.06	0	
2	176.44	177.01	217.00	171.00	41.00	1	9	

0	10	130.924	4
1	28.00	199.00	31.26	191.11	8.54	0	
2	31.26	191.11	61.05	119.02	78.00	1	2	
3	61.05	119.02	76.47	81.70	40.38	0	
4	76.47	81.70	78.00	78.00	4.00	1	10	

0	11	139.291	4
1	28.00	199.00	27.37	189.26	9.76	0	
2	27.37	189.26	23.11	123.43	65.97	0	
3	23.11	123.43	21.84	103.91	19.56	0	
4	21.84	103.91	19.00	60.00	44.00	0	

0	12	218.215	3
1	28.00	199.00	177.83	183.12	150.67	0	
2	177.83	183.12	228.09	177.79	50.54	1	9	
3	228.09	177.79	245.00	176.00	17.00	2	9	12	

0	13	160.655	5
1	28.00	199.00	36.65	192.86	10.60	0	
2	36.65	192.86	84.83	158.66	59.09	1	2	
3	84.83	158.66	122.31	132.05	45.96	0	
4	122.31	132.05	126.22	129.27	4.80	1	13	
5	126.22	129.27	159.00	106.00	40.20	2	4	13	

0	14	136.473	4
1	28.00	199.00	93.51	234.49	74.51	0	
2	93.51	234.49	132.90	255.82	44.79	1	8	
3	132.90	255.82	140.97	260.19	9.17	0	
4	140.97	260.19	148.00	264.00	8.00	1	14	

0	15	287.976	6
1	28.00	199.00	35.53	192.57	9.90	0	
2	35.53	192.57	84.74	150.55	64.71	1	2	
3	84.74	150.55	117.25	122.79	42.74	0	
4	117.25	122.79	182.12	67.40	85.31	1	13	
5	182.12	67.40	232.55	24.34	66.31	0	
6	232.55	24.34	247.00	12.00	19.00	1	15	

1	0	262.008	4
1	290.00	201.00	250.00	200.69	40.00	1	1	
2	250.00	200.69	245.31	200.66	4.69	0	
3	245.31	200.66	188.24	200.22	57.07	1	9	
4	188.24	200.22	28.00	199.00	160.25	0	

1	1	0	0

1	2	248.298	9
1	290.00	201.00	268.76	197.00	21.61	1	1	
2	268.76	197.00	266.31	196.53	2.50	2	1	3	
3	266.31	196.53	251.16	193.68	15.42	1	1	
4	251.16	193.68	250.69	193.59	0.47	2	1	9	
5	250.69	193.59	246.96	192.89	3.80	1	9	
6	246.96	192.89	237.02	191.01	10.11	2	9	12	
7	237.02	191.01	176.93	179.68	61.15	1	9	
8	176.93	179.68	84.32	162.23	94.24	0	
9	84.32	162.23	46.00	155.00	39.00	1	2	

1	3	24.187	2
1	290.00	201.00	275.95	192.97	16.19	1	1	
2	275.95	192.97	269.00	189.00	8.00	2	1	3	

1	4	148.486	10
1	290.00	201.00	275.57	193.57	16.23	1	1	
2	275.57	193.57	261.47	186.30	15.86	2	1	3	
3	261.47	186.30	259.30	185.19	2.44	1	1	
4	259.30	185.19	256.05	183.51	3.67	2	1	12	
5	256.05	183.51	254.44	182.68	1.80	3	1	9	12	
6	254.44	182.68	229.22	169.69	28.38	2	9	12	
7	229.22	169.69	186.45	147.65	48.11	1	9	
8	186.45	147.65	184.15	146.47	2.59	2	4	9	
9	184.15	146.47	181.38	145.04	3.12	1	4	
10	181.38	145.04	158.00	133.00	26.30	2	4	13	

1	5	277.397	5
1	290.00	201.00	251.79	212.82	40.00	1	1	
2	251.79	212.82	130.79	250.26	126.66	0	
3	130.79	250.26	72.31	268.36	61.22	1	8	
4	72.31	268.36	64.17	270.88	8.52	0	
5	64.17	270.88	25.00	283.00	41.00	1	5	

1	6	215.258	11
1	290.00	201.00	276.34	185.83	20.41	1	1	
2	276.34	185.83	272.93	182.03	5.11	2	1	3	
3	272.93	182.03	263.24	171.27	14.48	1	1	
4	263.24	171.27	259.47	167.08	5.64	0	
5	259.47	167.08	257.55	164.94	2.87	1	12	
6	257.55	164.94	255.39	162.54	3.23	2	9	12	
7	255.39	162.54	227.28	131.31	42.02	1	9	
8	227.28	131.31	204.00	105.44	34.80	0	
9	204.00	105.44	164.28	61.31	59.37	1	13	
10	164.28	61.31	158.71	55.12	8.33	0	
11	158.71	55.12	146.00	41.00	19.00	1	6	

1	7	218.936	6
1	290.00	201.00	252.91	215.98	40.00	1	1	
2	252.91	215.98	151.65	256.88	109.21	0	
3	151.65	256.88	140.43	261.42	12.11	1	14	
4	140.43	261.42	134.00	264.01	6.93	0	
5	134.00	264.01	91.64	281.13	45.69	1	8	
6	91.64	281.13	87.00	283.00	5.00	2	7	8	

1	8	197.327	3
1	290.00	201.00	252.09	213.77	40.00	1	1	
2	252.09	213.77	132.38	254.10	126.33	0	
3	132.38	254.10	103.00	264.00	31.00	1	8	

1	9	78.924	7
1	290.00	201.00	274.63	194.68	16.62	1	1	
2	274.63	194.68	261.00	189.08	14.74	2	1	3	
3	261.00	189.08	257.42	187.61	3.87	1	1	
4	257.42	187.61	254.92	186.58	2.70	2	1	12	
5	254.92	186.58	253.00	185.80	2.08	3	1	9	12	
6	253.00	185.80	228.01	175.52	27.02	2	9	12	
7	228.01	175.52	217.00	171.00	11.90	1	9	

1	10	245.098	13
1	290.00	201.00	276.00	192.88	16.19	1	1	
2	276.00	192.88	262.16	184.85	16.00	2	1	3	
3	262.16	184.85	260.16	183.69	2.31	1	1	
4	260.16	183.69	256.60	181.62	4.12	2	1	12	
5	256.60	181.62	255.40	180.93	1.39	3	1	9	12	
6	255.40	180.93	230.80	166.65	28.44	2	9	12	
7	230.80	166.65	188.65	142.20	48.73	1	9	
8	188.65	142.20	188.12	141.89	0.61	2	4	9	
9	188.12	141.89	186.99	141.24	1.31	1	4	
10	186.99	141.24	134.80	110.96	60.34	2	4	13	
11	134.80	110.96	114.52	99.19	23.45	1	13	
12	114.52	99.19	81.46	80.01	38.22	0	
13	81.46	80.01	78.00	78.00	4.00	1	10	

1	11	305.486	13
1	290.00	201.00	275.61	193.51	16.22	1	1	
2	275.61	193.51	261.51	186.18	15.89	2	1	3	
3	261.51	186.18	259.38	185.07	2.41	1	1	
4	259.38	185.07	256.09	183.36	3.70	2	1	12	
5	256.09	183.36	254.52	182.54	1.78	3	1	9	12	
6	254.52	182.54	229.32	169.43	28.40	2	9	12	
7	229.32	169.43	186.66	147.23	48.09	1	9	
8	186.66	147.23	184.44	146.08	2.50	2	4	9	
9	184.44	146.08	181.88	144.75	2.89	1	4	
10	181.88	144.75	129.90	117.70	58.60	2	4	13	
11	129.90	117.70	114.14	109.50	17.76	1	13	
12	114.14	109.50	58.03	80.31	63.24	0	
13	58.03	80.31	19.00	60.00	44.00	1	11	

1	12	51.478	6
1	290.00	201.00	275.85	193.14	16.19	1	1	
2	275.85	193.14	261.87	185.37	15.99	2	1	3	
3	261.87	185.37	259.86	184.26	2.30	1	1	
4	259.86	184.26	256.40	182.33	3.96	2	1	12	
5	256.40	182.33	255.03	181.57	1.57	3	1	9	12	
6	255.03	181.57	245.00	176.00	11.48	2	9	12	

1	13	161.821	10
1	290.00	201.00	276.66	191.32	16.48	1	1	
2	276.66	191.32	264.41	182.45	15.12	2	1	3	
3	264.41	182.45	261.45	180.29	3.66	1	1	
4	261.45	180.29	257.62	177.52	4.73	2	1	12	
5	257.62	177.52	257.49	177.43	0.15	1	12	
6	257.49	177.43	235.81	161.70	26.79	2	9	12	
7	235.81	161.70	198.31	134.51	46.32	1	9	
8	198.31	134.51	195.43	132.42	3.56	0	
9	195.43	132.42	189.64	128.22	7.15	1	13	
10	189.64	128.22	159.00	106.00	37.85	2	4	13	

1	14	155.348	3
1	290.00	201.00	253.44	217.22	40.00	1	1	
2	253.44	217.22	155.31	260.76	107.35	0	
3	155.31	260.76	148.00	264.00	8.00	1	14	

1	15	193.830	3
1	290.00	201.00	281.13	162.00	40.00	1	1	
2	281.13	162.00	251.22	30.53	134.83	0	
3	251.22	30.53	247.00	12.00	19.00	1	15	

2	0	47.539	2
1	46.00	155.00	31.23	191.10	39.00	1	2	
2	31.23	191.10	28.00	199.00	8.54	0	

2	1	248.298	9
1	46.00	155.00	84.32	162.23	39.00	1	2	
2	84.32	162.23	176.93	179.68	94.24	0	
3	176.93	179.68	237.02	191.01	61.15	1	9	
4	237.02	191.01	246.96	192.89	10.11	2	9	12	
5	246.96	192.89	250.69	193.59	3.80	1	9	
6	250.69	193.59	251.16	193.68	0.47	2	1	9	
7	251.16	193.68	266.31	196.53	15.42	1	1	
8	266.31	196.53	268.76	197.00	2.50	2	1	3	
9	268.76	197.00	290.00	201.00	21.61	1	1	

2	2	0	0

2	3	225.577	8
1	46.00	155.00	84.55	160.88	39.00	1	2	
2	84.55	160.88	176.18	174.85	92.69	0	
3	176.18	174.85	229.50	182.98	53.93	1	9	
4	229.50	182.98	252.71	186.52	23.48	2	9	12	
5	252.71	186.52	254.82	186.84	2.13	3	1	9	12	
6	254.82	186.84	257.72	187.28	2.93	2	1	12	
7	257.72	187.28	261.09	187.79	3.41	1	1	
8	261.09	187.79	269.00	189.00	8.00	2	1	3	

2	4	114.140	4
1	46.00	155.00	84.27	147.48	39.00	1	2	
2	84.27	147.48	126.60	139.17	43.14	0	
3	126.60	139.17	128.24	138.85	1.67	1	4	
4	128.24	138.85	158.00	133.00	30.33	2	4	13	

2	5	129.711	3
1	46.00	155.00	39.69	193.49	39.00	1	2	
2	39.69	193.49	31.64	242.54	49.71	0	
3	31.64	242.54	25.00	283.00	41.00	1	5	

2	6	151.644	3
1	46.00	155.00	71.72	125.68	39.00	1	2	
2	71.72	125.68	133.47	55.28	93.64	0	
3	133.47	55.28	146.00	41.00	19.00	1	6	

2	7	134.406	4
1	46.00	155.00	57.90	192.14	39.00	1	2	
2	57.90	192.14	76.02	248.73	59.42	0	
3	76.02	248.73	85.47	278.24	30.99	1	8	
4	85.47	278.24	87.00	283.00	5.00	2	7	8	

2	8	123.004	3
1	46.00	155.00	64.07	189.56	39.00	1	2	
2	64.07	189.56	88.63	236.53	53.00	0	
3	88.63	236.53	103.00	264.00	31.00	1	8	

2	9	171.747	3
1	46.00	155.00	84.83	158.63	39.00	1	2	
2	84.83	158.63	176.18	167.18	91.75	0	
3	176.18	167.18	217.00	171.00	41.00	1	9	

2	10	83.385	3
1	46.00	155.00	60.97	118.99	39.00	1	2	
2	60.97	118.99	76.46	81.69	40.38	0	
3	76.46	81.69	78.00	78.00	4.00	1	10	

2	11	98.762	3
1	46.00	155.00	35.34	117.49	39.00	1	2	
2	35.34	117.49	31.03	102.32	15.76	0	
3	31.03	102.32	19.00	60.00	44.00	1	11	

2	12	200.105	4
1	46.00	155.00	84.78	159.09	39.00	1	2	
2	84.78	159.09	176.06	168.73	91.79	0	
3	176.06	168.73	228.09	174.22	52.32	1	9	
4	228.09	174.22	245.00	176.00	17.00	2	9	12	

2	13	123.167	4
1	46.00	155.00	81.78	139.48	39.00	1	2	
2	81.78	139.48	117.71	123.90	39.17	0	
3	117.71	123.90	129.28	118.89	12.61	1	13	
4	129.28	118.89	159.00	106.00	32.39	2	4	13	

2	14	149.282	3
1	46.00	155.00	72.65	183.48	39.00	1	2	
2	72.65	183.48	142.53	258.16	102.28	0	
3	142.53	258.16	148.00	264.00	8.00	1	14	

2	15	246.678	5
1	46.00	155.00	77.78	132.39	39.00	1	2	
2	77.78	132.39	114.00	106.62	44.46	0	
3	114.00	106.62	174.34	63.69	74.04	1	13	
4	174.34	63.69	231.52	23.01	70.17	0	
5	231.52	23.01	247.00	12.00	19.00	1	15	

3	0	241.207	7
1	269.00	189.00	261.01	189.33	8.00	2	1	3	
2	261.01	189.33	255.24	189.57	5.77	1	1	
3	255.24	189.57	253.52	189.64	1.72	2	1	12	
4	253.52	189.64	251.62	189.72	1.90	3	1	9	12	
5	251.62	189.72	235.92	190.37	15.72	2	9	12	
6	235.92	190.37	182.15	192.60	53.81	1	9	
7	182.15	192.60	28.00	199.00	154.29	0	

3	1	24.187	2
1	269.00	189.00	275.95	192.97	8.00	2	1	3	
2	275.95	192.97	290.00	201.00	16.19	1	1	

3	2	225.577	8
1	269.00	189.00	261.09	187.79	8.00	2	1	3	
2	261.09	187.79	257.72	187.28	3.41	1	1	
3	257.72	187.28	254.82	186.84	2.93	2	1	12	
4	254.82	186.84	252.71	186.52	2.13	3	1	9	12	
5	252.71	186.52	229.50	182.98	23.48	2	9	12	
6	229.50	182.98	176.18	174.85	53.93	1	9	
7	176.18	174.85	84.55	160.88	92.69	0	
8	84.55	160.88	46.00	155.00	39.00	1	2	

3	3	0	0

3	4	124.326	9
1	269.00	189.00	261.86	185.40	8.00	2	1	3	
2	261.86	185.40	259.80	184.36	2.30	1	1	
3	259.80	184.36	256.32	182.60	3.90	2	1	12	
4	256.32	182.60	254.87	181.87	1.63	3	1	9	12	
5	254.87	181.87	229.48	169.06	28.44	2	9	12	
6	229.48	169.06	186.57	147.41	48.06	1	9	
7	186.57	147.41	184.30	146.27	2.54	2	4	9	
8	184.30	146.27	181.61	144.91	3.02	1	4	
9	181.61	144.91	158.00	133.00	26.44	2	4	13	

3	5	261.480	8
1	269.00	189.00	261.53	191.88	8.00	2	1	3	
2	261.53	191.88	250.29	196.21	12.05	1	1	
3	250.29	196.21	248.92	196.74	1.47	0	
4	248.92	196.74	210.60	211.50	41.06	1	9	
5	210.60	211.50	126.57	243.87	90.05	0	
6	126.57	243.87	72.01	264.89	58.47	1	8	
7	72.01	264.89	63.26	268.26	9.38	0	
8	63.26	268.26	25.00	283.00	41.00	1	5	

3	6	192.440	10
1	269.00	189.00	263.89	182.85	8.00	2	1	3	
2	263.89	182.85	261.52	180.00	3.70	1	1	
3	261.52	180.00	258.49	176.36	4.74	2	1	12	
4	258.49	176.36	257.76	175.47	1.15	1	12	
5	257.76	175.47	244.09	159.02	21.38	2	9	12	
6	244.09	159.02	220.06	130.11	37.59	1	9	
7	220.06	130.11	203.77	110.52	25.48	0	
8	203.77	110.52	162.75	61.16	64.18	1	13	
9	162.75	61.16	158.14	55.61	7.21	0	
10	158.14	55.61	146.00	41.00	19.00	1	6	

3	7	204.841	7
1	269.00	189.00	261.89	192.67	8.00	2	1	3	
2	261.89	192.67	250.06	198.78	13.32	1	1	
3	250.06	198.78	243.84	202.00	7.01	0	
4	243.84	202.00	226.74	210.83	19.24	1	9	
5	226.74	210.83	133.58	258.94	104.85	0	
6	133.58	258.94	91.44	280.71	47.43	1	8	
7	91.44	280.71	87.00	283.00	5.00	2	7	8	

3	8	182.157	6
1	269.00	189.00	261.71	192.29	8.00	2	1	3	
2	261.71	192.29	250.15	197.52	12.68	1	1	
3	250.15	197.52	247.01	198.94	3.45	0	
4	247.01	198.94	218.13	211.98	31.69	1	9	
5	218.13	211.98	131.25	251.24	95.33	0	
6	131.25	251.24	103.00	264.00	31.00	1	8	

3	9	55.027	6
1	269.00	189.00	261.44	186.38	8.00	2	1	3	
2	261.44	186.38	259.06	185.56	2.52	1	1	
3	259.06	185.56	255.74	184.41	3.51	2	1	12	
4	255.74	184.41	253.90	183.77	1.95	3	1	9	12	
5	253.90	183.77	228.04	174.82	27.36	2	9	12	
6	228.04	174.82	217.00	171.00	11.68	1	9	

3	10	220.912	12
1	269.00	189.00	262.08	184.98	8.00	2	1	3	
2	262.08	184.98	260.09	183.82	2.30	1	1	
3	260.09	183.82	256.56	181.77	4.09	2	1	12	
4	256.56	181.77	255.33	181.05	1.43	3	1	9	12	
5	255.33	181.05	230.73	166.76	28.45	2	9	12	
6	230.73	166.76	188.62	142.29	48.70	1	9	
7	188.62	142.29	188.06	141.96	0.65	2	4	9	
8	188.06	141.96	186.91	141.30	1.32	1	4	
9	186.91	141.30	134.77	110.99	60.31	2	4	13	
10	134.77	110.99	114.51	99.22	23.43	1	13	
11	114.51	99.22	81.46	80.01	38.23	0	
12	81.46	80.01	78.00	78.00	4.00	1	10	

3	11	281.320	12
1	269.00	189.00	261.89	185.33	8.00	2	1	3	
2	261.89	185.33	259.85	184.28	2.30	1	1	
3	259.85	184.28	256.36	182.48	3.92	2	1	12	
4	256.36	182.48	254.94	181.74	1.60	3	1	9	12	
5	254.94	181.74	229.65	168.70	28.46	2	9	12	
6	229.65	168.70	186.94	146.66	48.06	1	9	
7	186.94	146.66	184.84	145.57	2.37	2	4	9	
8	184.84	145.57	182.51	144.37	2.62	1	4	
9	182.51	144.37	130.10	117.33	58.97	2	4	13	
10	130.10	117.33	114.11	109.07	18.00	1	13	
11	114.11	109.07	58.10	80.18	63.02	0	
12	58.10	80.18	19.00	60.00	44.00	1	11	

3	12	27.295	5
1	269.00	189.00	261.97	185.19	8.00	2	1	3	
2	261.97	185.19	259.95	184.10	2.29	1	1	
3	259.95	184.10	256.44	182.20	3.99	2	1	12	
4	256.44	182.20	255.09	181.47	1.53	3	1	9	12	
5	255.09	181.47	245.00	176.00	11.48	2	9	12	

3	13	137.801	9
1	269.00	189.00	262.61	184.18	8.00	2	1	3	
2	262.61	184.18	260.63	182.68	2.48	1	1	
3	260.63	182.68	257.01	179.95	4.53	2	1	12	
4	257.01	179.95	256.31	179.43	0.87	3	1	9	12	
5	256.31	179.43	234.28	162.80	27.60	2	9	12	
6	234.28	162.80	197.41	134.98	46.19	1	9	
7	197.41	134.98	194.92	133.10	3.12	0	
8	194.92	133.10	189.78	129.22	6.45	1	13	
9	189.78	129.22	159.00	106.00	38.55	2	4	13	

3	14	142.359	4
1	269.00	189.00	262.20	193.21	8.00	2	1	3	
2	262.20	193.21	250.00	200.78	14.35	1	1	
3	250.00	200.78	154.80	259.79	112.01	0	
4	154.80	259.79	148.00	264.00	8.00	1	14	

3	15	178.362	4
1	269.00	189.00	268.01	181.06	8.00	2	1	3	
2	268.01	181.06	266.47	168.65	12.50	1	1	
3	266.47	168.65	249.34	30.85	138.86	0	
4	249.34	30.85	247.00	12.00	19.00	1	15	

4	0	145.794	5
1	158.00	133.00	135.54	144.40	25.19	2	4	13	
2	135.54	144.40	129.47	147.49	6.81	1	4	
3	129.47	147.49	81.07	172.06	54.27	0	
4	81.07	172.06	39.07	193.38	47.11	1	2	
5	39.07	193.38	28.00	199.00	12.42	0	

4	1	148.486	10
1	158.00	133.00	181.38	145.04	26.30	2	4	13	
2	181.38	145.04	184.15	146.47	3.12	1	4	
3	184.15	146.47	186.45	147.65	2.59	2	4	9	
4	186.45	147.65	229.22	169.69	48.11	1	9	
5	229.22	169.69	254.44	182.68	28.38	2	9	12	
6	254.44	182.68	256.05	183.51	1.80	3	1	9	12	
7	256.05	183.51	259.30	185.19	3.67	2	1	12	
8	259.30	185.19	261.47	186.30	2.44	1	1	
9	261.47	186.30	275.57	193.57	15.86	2	1	3	
10	275.57	193.57	290.00	201.00	16.23	1	1	

4	2	114.140	4
1	158.00	133.00	128.24	138.85	30.33	2	4	13	
2	128.24	138.85	126.60	139.17	1.67	1	4	
3	126.60	139.17	84.27	147.48	43.14	0	
4	84.27	147.48	46.00	155.00	39.00	1	2	

4	3	124.326	9
1	158.00	133.00	181.61	144.91	26.44	2	4	13	
2	181.61	144.91	184.30	146.27	3.02	1	4	
3	184.30	146.27	186.57	147.41	2.54	2	4	9	
4	186.57	147.41	229.48	169.06	48.06	1	9	
5	229.48	169.06	254.87	181.87	28.44	2	9	12	
6	254.87	181.87	256.32	182.60	1.63	3	1	9	12	
7	256.32	182.60	259.80	184.36	3.90	2	1	12	
8	259.80	184.36	261.86	185.40	2.30	1	1	
9	261.86	185.40	269.00	189.00	8.00	2	1	3	

4	4	0	0

4	5	200.472	4
1	158.00	133.00	144.25	148.51	20.73	2	4	13	
2	144.25	148.51	136.77	156.94	11.27	1	4	
3	136.77	156.94	52.20	252.32	127.47	0	
4	52.20	252.32	25.00	283.00	41.00	1	5	

4	6	92.779	4
1	158.00	133.00	153.86	101.27	32.00	1	13	
2	153.86	101.27	148.76	62.18	39.42	1	13	
3	148.76	62.18	148.46	59.84	2.36	0	
4	148.46	59.84	146.00	41.00	19.00	1	6	

4	7	165.955	5
1	158.00	133.00	149.92	150.07	18.89	2	4	13	
2	149.92	150.07	144.31	161.92	13.11	1	4	
3	144.31	161.92	110.26	233.86	79.59	0	
4	110.26	233.86	89.14	278.48	49.36	1	8	
5	89.14	278.48	87.00	283.00	5.00	2	7	8	

4	8	142.077	4
1	158.00	133.00	150.76	150.24	18.70	2	4	13	
2	150.76	150.24	145.61	162.50	13.30	1	4	
3	145.61	162.50	115.00	235.42	79.08	0	
4	115.00	235.42	103.00	264.00	31.00	1	8	

4	9	70.178	4
1	158.00	133.00	178.81	146.40	24.75	2	4	13	
2	178.81	146.40	182.53	148.80	4.42	1	4	
3	182.53	148.80	184.90	150.33	2.82	2	4	9	
4	184.90	150.33	217.00	171.00	38.18	1	9	

4	10	97.082	4
1	158.00	133.00	131.63	114.87	32.00	2	4	13	
2	131.63	114.87	114.11	102.83	21.26	1	13	
3	114.11	102.83	81.30	80.27	39.82	0	
4	81.30	80.27	78.00	78.00	4.00	1	10	

4	11	157.003	4
1	158.00	133.00	129.67	118.12	32.00	2	4	13	
2	129.67	118.12	114.18	109.98	17.50	1	13	
3	114.18	109.98	57.95	80.46	63.50	0	
4	57.95	80.46	19.00	60.00	44.00	1	11	

4	12	97.046	5
1	158.00	133.00	181.83	144.78	26.58	2	4	13	
2	181.83	144.78	184.45	146.07	2.92	1	4	
3	184.45	146.07	186.69	147.18	2.50	2	4	9	
4	186.69	147.18	229.76	168.47	48.05	1	9	
5	229.76	168.47	245.00	176.00	17.00	2	9	12	

4	13	27.019	1
1	158.00	133.00	159.00	106.00	27.02	2	4	13	

4	14	131.381	4
1	158.00	133.00	156.63	150.94	17.99	1	4	
2	156.63	150.94	155.56	164.91	14.01	0	
3	155.56	164.91	148.61	256.02	91.38	0	
4	148.61	256.02	148.00	264.00	8.00	1	14	

4	15	150.207	4
1	158.00	133.00	176.96	107.22	32.00	2	4	13	
2	176.96	107.22	196.34	80.88	32.70	1	13	
3	196.34	80.88	235.74	27.31	66.51	0	
4	235.74	27.31	247.00	12.00	19.00	1	15	

5	0	84.054	2
1	25.00	283.00	26.46	242.02	41.00	0	
2	26.46	242.02	28.00	199.00	43.05	0	

5	1	277.397	5
1	25.00	283.00	64.17	270.88	41.00	1	5	
2	64.17	270.88	72.31	268.36	8.52	0	
3	72.31	268.36	130.79	250.26	61.22	1	8	
4	130.79	250.26	251.79	212.82	126.66	0	
5	251.79	212.82	290.00	201.00	40.00	1	1	

5	2	129.711	3
1	25.00	283.00	31.64	242.54	41.00	1	5	
2	31.64	242.54	39.69	193.49	49.71	0	
3	39.69	193.49	46.00	155.00	39.00	1	2	

5	3	261.480	8
1	25.00	283.00	63.26	268.26	41.00	1	5	
2	63.26	268.26	72.01	264.89	9.38	0	
3	72.01	264.89	126.57	243.87	58.47	1	8	
4	126.57	243.87	210.60	211.50	90.05	0	
5	210.60	211.50	248.92	196.74	41.06	1	9	
6	248.92	196.74	250.29	196.21	1.47	0	
7	250.29	196.21	261.53	191.88	12.05	1	1	
8	261.53	191.88	269.00	189.00	8.00	2	1	3	

5	4	200.472	4
1	25.00	283.00	52.20	252.32	41.00	1	5	
2	52.20	252.32	136.77	156.94	127.47	0	
3	136.77	156.94	144.25	148.51	11.27	1	4	
4	144.25	148.51	158.00	133.00	20.73	2	4	13	

5	5	0	0

5	6	270.564	7
1	25.00	283.00	43.34	246.33	41.00	1	5	
2	43.34	246.33	77.51	177.98	76.41	0	
3	77.51	177.98	83.29	166.42	12.93	1	2	
4	83.29	166.42	114.01	104.98	68.69	0	
5	114.01	104.98	131.19	70.62	38.41	1	13	
6	131.19	70.62	137.50	57.99	14.12	0	
7	137.50	57.99	146.00	41.00	19.00	1	6	

5	7	62.000	4
1	25.00	283.00	66.00	283.00	41.00	1	5	
2	66.00	283.00	78.51	283.00	12.51	0	
3	78.51	283.00	82.00	283.00	3.49	1	8	
4	82.00	283.00	87.00	283.00	5.00	2	7	8	

5	8	80.281	3
1	25.00	283.00	64.84	273.30	41.00	1	5	
2	64.84	273.30	72.88	271.34	8.28	0	
3	72.88	271.34	103.00	264.00	31.00	1	8	

5	9	222.279	5
1	25.00	283.00	60.41	262.34	41.00	1	5	
2	60.41	262.34	73.41	254.76	15.04	0	
3	73.41	254.76	109.52	233.69	41.81	1	8	
4	109.52	233.69	181.59	191.66	83.43	0	
5	181.59	191.66	217.00	171.00	41.00	1	9	

5	10	211.740	5
1	25.00	283.00	35.26	243.31	41.00	0	
2	35.26	243.31	48.02	193.95	50.98	0	
3	48.02	193.95	66.65	121.91	74.40	1	2	
4	66.65	121.91	77.00	81.87	41.36	0	
5	77.00	81.87	78.00	78.00	4.00	1	10	

5	11	223.081	5
1	25.00	283.00	23.90	242.02	41.00	1	5	
2	23.90	242.02	22.39	186.04	55.99	0	
3	22.39	186.04	20.76	125.27	60.79	0	
4	20.76	125.27	20.18	103.98	21.30	0	
5	20.18	103.98	19.00	60.00	44.00	1	11	

5	12	244.641	6
1	25.00	283.00	61.87	265.07	41.00	1	5	
2	61.87	265.07	72.26	260.02	11.55	0	
3	72.26	260.02	118.85	237.36	51.81	1	8	
4	118.85	237.36	190.67	202.43	79.86	0	
5	190.67	202.43	229.71	183.44	43.42	1	9	
6	229.71	183.44	245.00	176.00	17.00	2	9	12	

5	13	222.002	4
1	25.00	283.00	49.75	250.31	41.00	1	5	
2	49.75	250.31	128.74	145.96	130.88	0	
3	128.74	145.96	131.84	141.88	5.13	1	4	
4	131.84	141.88	159.00	106.00	45.00	2	4	13	

5	14	124.459	5
1	25.00	283.00	65.52	276.74	41.00	1	5	
2	65.52	276.74	74.17	275.40	8.76	0	
3	74.17	275.40	133.92	266.17	60.46	1	8	
4	133.92	266.17	140.09	265.22	6.24	0	
5	140.09	265.22	148.00	264.00	8.00	1	14	

5	15	350.321	7
1	25.00	283.00	50.98	251.28	41.00	1	5	
2	50.98	251.28	132.28	152.04	128.29	0	
3	132.28	152.04	137.58	145.57	8.36	1	4	
4	137.58	145.57	171.60	104.04	53.70	2	4	13	
5	171.60	104.04	193.58	77.21	34.68	1	13	
6	193.58	77.21	234.96	26.70	65.29	0	
7	234.96	26.70	247.00	12.00	19.00	1	15	

6	0	197.200	4
1	146.00	41.00	134.63	56.22	19.00	1	6	
2	134.63	56.22	77.76	132.37	95.04	0	
3	77.76	132.37	33.32	191.88	74.28	1	2	
4	33.32	191.88	28.00	199.00	8.89	0	

6	1	215.258	11
1	146.00	41.00	158.71	55.12	19.00	1	6	
2	158.71	55.12	164.28	61.31	8.33	0	
3	164.28	61.31	204.00	105.44	59.37	1	13	
4	204.00	105.44	227.28	131.31	34.80	0	
5	227.28	131.31	255.39	162.54	42.02	1	9	
6	255.39	162.54	257.55	164.94	3.23	2	9	12	
7	257.55	164.94	259.47	167.08	2.87	1	12	
8	259.47	167.08	263.24	171.27	5.64	0	
9	263.24	171.27	272.93	182.03	14.48	1	1	
10	272.93	182.03	276.34	185.83	5.11	2	1	3	
11	276.34	185.83	290.00	201.00	20.41	1	1	

6	2	151.644	3
1	146.00	41.00	133.47	55.28	19.00	1	6	
2	133.47	55.28	71.72	125.68	93.64	0	
3	71.72	125.68	46.00	155.00	39.00	1	2	

6	3	192.440	10
1	146.00	41.00	158.14	55.61	19.00	1	6	
2	158.14	55.61	162.75	61.16	7.21	0	
3	162.75	61.16	203.77	110.52	64.18	1	13	
4	203.77	110.52	220.06	130.11	25.48	0	
5	220.06	130.11	244.09	159.02	37.59	1	9	
6	244.09	159.02	257.76	175.47	21.38	2	9	12	
7	257.76	175.47	258.49	176.36	1.15	1	12	
8	258.49	176.36	261.52	180.00	4.74	2	1	12	
9	261.52	180.00	263.89	182.85	3.70	1	1	
10	263.89	182.85	269.00	189.00	8.00	2	1	3	

6	4	92.779	4
1	146.00	41.00	148.46	59.84	19.00	1	6	
2	148.46	59.84	148.76	62.18	2.36	0	
3	148.76	62.18	153.86	101.27	39.42	1	13	
4	153.86	101.27	158.00	133.00	32.00	1	13	

6	5	270.564	7
1	146.00	41.00	137.50	57.99	19.00	1	6	
2	137.50	57.99	131.19	70.62	14.12	0	
3	131.19	70.62	114.01	104.98	38.41	1	13	
4	114.01	104.98	83.29	166.42	68.69	0	
5	83.29	166.42	77.51	177.98	12.93	1	2	
6	77.51	177.98	43.34	246.33	76.41	0	
7	43.34	246.33	25.00	283.00	41.00	1	5	

6	6	0	0

6	7	249.088	6
1	146.00	41.00	141.50	59.46	19.00	1	6	
2	141.50	59.46	140.11	65.16	5.86	0	
3	140.11	65.16	123.43	133.57	70.41	1	13	
4	123.43	133.57	99.13	233.24	102.60	0	
5	99.13	233.24	88.18	278.14	46.22	1	8	
6	88.18	278.14	87.00	283.00	5.00	2	7	8	

6	8	227.108	7
1	146.00	41.00	142.40	59.66	19.00	1	6	
2	142.40	59.66	141.46	64.56	4.99	0	
3	141.46	64.56	131.80	114.62	50.98	0	
4	131.80	114.62	127.31	137.95	23.75	2	4	13	
5	127.31	137.95	126.85	140.32	2.42	1	4	
6	126.85	140.32	108.87	233.56	94.96	0	
7	108.87	233.56	103.00	264.00	31.00	0	

6	9	148.125	5
1	146.00	41.00	155.11	57.68	19.00	1	6	
2	155.11	57.68	156.95	61.05	3.84	0	
3	156.95	61.05	195.71	132.02	80.87	1	13	
4	195.71	132.02	197.35	135.02	3.41	0	
5	197.35	135.02	217.00	171.00	41.00	1	9	

6	10	77.414	3
1	146.00	41.00	129.31	50.08	19.00	1	6	
2	129.31	50.08	81.51	76.09	54.41	0	
3	81.51	76.09	78.00	78.00	4.00	1	10	

6	11	128.413	3
1	146.00	41.00	127.21	43.81	19.00	1	6	
2	127.21	43.81	62.52	53.49	65.41	0	
3	62.52	53.49	19.00	60.00	44.00	1	11	

6	12	167.410	6
1	146.00	41.00	157.24	56.32	19.00	1	6	
2	157.24	56.32	160.69	61.03	5.84	0	
3	160.69	61.03	202.40	117.90	70.53	1	13	
4	202.40	117.90	211.53	130.37	15.45	0	
5	211.53	130.37	234.95	162.29	39.59	1	9	
6	234.95	162.29	245.00	176.00	17.00	2	9	12	

6	13	66.287	4
1	146.00	41.00	149.73	59.63	19.00	1	6	
2	149.73	59.63	150.17	61.87	2.29	0	
3	150.17	61.87	158.00	101.00	39.90	1	13	
4	158.00	101.00	159.00	106.00	5.10	2	4	13	

6	14	223.009	7
1	146.00	41.00	146.17	60.00	19.00	0	
2	146.17	60.00	146.20	62.87	2.87	0	
3	146.20	62.87	146.56	103.12	40.25	1	13	
4	146.56	103.12	146.97	149.37	46.25	1	4	
5	146.97	149.37	147.09	163.08	13.72	1	4	
6	147.09	163.08	147.93	256.01	92.93	0	
7	147.93	256.01	148.00	264.00	7.99	1	14	

6	15	105.081	3
1	146.00	41.00	164.26	35.76	19.00	1	6	
2	164.26	35.76	228.74	17.24	67.08	0	
3	228.74	17.24	247.00	12.00	19.00	1	15	

7	0	102.650	3
1	87.00	283.00	84.13	278.91	5.00	2	7	8	
2	84.13	278.91	72.08	261.76	20.96	1	8	
3	72.08	261.76	28.00	199.00	76.69	0	

7	1	218.936	6
1	87.00	283.00	91.64	281.13	5.00	2	7	8	
2	91.64	281.13	134.00	264.01	45.69	1	8	
3	134.00	264.01	140.43	261.42	6.93	0	
4	140.43	261.42	151.65	256.88	12.11	1	14	
5	151.65	256.88	252.91	215.98	109.21	0	
6	252.91	215.98	290.00	201.00	40.00	1	1	

7	2	134.406	4
1	87.00	283.00	85.47	278.24	5.00	2	7	8	
2	85.47	278.24	76.02	248.73	30.99	1	8	
3	76.02	248.73	57.90	192.14	59.42	0	
4	57.90	192.14	46.00	155.00	39.00	1	2	

7	3	204.841	7
1	87.00	283.00	91.44	280.71	5.00	2	7	8	
2	91.44	280.71	133.58	258.94	47.43	1	8	
3	133.58	258.94	226.74	210.83	104.85	0	
4	226.74	210.83	243.84	202.00	19.24	1	9	
5	243.84	202.00	250.06	198.78	7.01	0	
6	250.06	198.78	261.89	192.67	13.32	1	1	
7	261.89	192.67	269.00	189.00	8.00	2	1	3	

7	4	165.955	5
1	87.00	283.00	89.14	278.48	5.00	2	7	8	
2	89.14	278.48	110.26	233.86	49.36	1	8	
3	110.26	233.86	144.31	161.92	79.59	0	
4	144.31	161.92	149.92	150.07	13.11	1	4	
5	149.92	150.07	158.00	133.00	18.89	2	4	13	

7	5	62.000	4
1	87.00	283.00	82.00	283.00	5.00	2	7	8	
2	82.00	283.00	78.51	283.00	3.49	1	8	
3	78.51	283.00	66.00	283.00	12.51	0	
4	66.00	283.00	25.00	283.00	41.00	1	5	

7	6	249.088	6
1	87.00	283.00	88.18	278.14	5.00	2	7	8	
2	88.18	278.14	99.13	233.24	46.22	1	8	
3	99.13	233.24	123.43	133.57	102.60	0	
4	123.43	133.57	140.11	65.16	70.41	1	13	
5	140.11	65.16	141.50	59.46	5.86	0	
6	141.50	59.46	146.00	41.00	19.00	1	6	

7	7	0	0

7	8	24.839	2
1	87.00	283.00	90.22	279.18	5.00	2	7	8	
2	90.22	279.18	103.00	264.00	19.84	1	8	

7	9	171.593	4
1	87.00	283.00	90.79	279.74	5.00	2	7	8	
2	90.79	279.74	128.87	246.92	50.27	1	8	
3	128.87	246.92	185.94	197.76	75.32	0	
4	185.94	197.76	217.00	171.00	41.00	1	9	

7	10	205.197	6
1	87.00	283.00	86.78	278.00	5.00	2	7	8	
2	86.78	278.00	85.06	238.72	39.32	1	8	
3	85.06	238.72	82.04	169.92	68.87	0	
4	82.04	169.92	80.59	136.99	32.96	1	2	
5	80.59	136.99	78.18	82.00	55.04	0	
6	78.18	82.00	78.00	78.00	4.00	1	10	

7	11	233.137	6
1	87.00	283.00	85.54	278.22	5.00	2	7	8	
2	85.54	278.22	76.37	248.13	31.45	1	8	
3	76.37	248.13	59.16	191.71	58.99	0	
4	59.16	191.71	36.44	117.19	77.91	1	2	
5	36.44	117.19	31.83	102.09	15.79	0	
6	31.83	102.09	19.00	60.00	44.00	1	11	

7	12	190.822	5
1	87.00	283.00	91.14	280.20	5.00	2	7	8	
2	91.14	280.20	131.84	252.63	49.16	1	8	
3	131.84	252.63	198.42	207.55	80.41	0	
4	198.42	207.55	230.92	185.53	39.26	1	9	
5	230.92	185.53	245.00	176.00	17.00	2	9	12	

7	13	191.084	5
1	87.00	283.00	88.88	278.37	5.00	2	7	8	
2	88.88	278.37	107.22	233.29	48.67	1	8	
3	107.22	233.29	137.89	157.89	81.40	0	
4	137.89	157.89	142.04	147.68	11.02	1	4	
5	142.04	147.68	159.00	106.00	45.00	2	4	13	

7	14	63.891	4
1	87.00	283.00	91.77	281.51	5.00	2	7	8	
2	91.77	281.51	133.68	268.46	43.89	1	8	
3	133.68	268.46	140.36	266.38	7.00	0	
4	140.36	266.38	148.00	264.00	8.00	1	14	

7	15	314.708	8
1	87.00	283.00	89.54	278.69	5.00	2	7	8	
2	89.54	278.69	115.07	235.45	50.22	1	8	
3	115.07	235.45	156.68	164.97	81.84	0	
4	156.68	164.97	165.19	150.57	16.72	1	4	
5	165.19	150.57	185.36	116.40	39.68	2	4	13	
6	185.36	116.40	201.02	89.89	30.79	1	13	
7	201.02	89.89	237.34	28.36	71.45	0	
8	237.34	28.36	247.00	12.00	19.00	1	15	

8	0	99.247	2
1	103.00	264.00	79.57	243.70	31.00	1	8	
2	79.57	243.70	28.00	199.00	68.25	0	

8	1	197.327	3
1	103.00	264.00	132.38	254.10	31.00	1	8	
2	132.38	254.10	252.09	213.77	126.33	0	
3	252.09	213.77	290.00	201.00	40.00	1	1	

8	2	123.004	3
1	103.00	264.00	88.63	236.53	31.00	1	8	
2	88.63	236.53	64.07	189.56	53.00	0	
3	64.07	189.56	46.00	155.00	39.00	1	2	

8	3	182.157	6
1	103.00	264.00	131.25	251.24	31.00	1	8	
2	131.25	251.24	218.13	211.98	95.33	0	
3	218.13	211.98	247.01	198.94	31.69	1	9	
4	247.01	198.94	250.15	197.52	3.45	0	
5	250.15	197.52	261.71	192.29	12.68	1	1	
6	261.71	192.29	269.00	189.00	8.00	2	1	3	

8	4	142.077	4
1	103.00	264.00	115.00	235.42	31.00	1	8	
2	115.00	235.42	145.61	162.50	79.08	0	
3	145.61	162.50	150.76	150.24	13.30	1	4	
4	150.76	150.24	158.00	133.00	18.70	2	4	13	

8	5	80.281	3
1	103.00	264.00	72.88	271.34	31.00	1	8	
2	72.88	271.34	64.84	273.30	8.28	0	
3	64.84	273.30	25.00	283.00	41.00	1	5	

8	6	227.108	7
1	103.00	264.00	108.87	233.56	31.00	0	
2	108.87	233.56	126.85	140.32	94.96	0	
3	126.85	140.32	127.31	137.95	2.42	1	4	
4	127.31	137.95	131.80	114.62	23.75	2	4	13	
5	131.80	114.62	141.46	64.56	50.98	0	
6	141.46	64.56	142.40	59.66	4.99	0	
7	142.40	59.66	146.00	41.00	19.00	1	6	

8	7	24.839	2
1	103.00	264.00	90.22	279.18	19.84	1	8	
2	90.22	279.18	87.00	283.00	5.00	2	7	8	

8	8	0	0

8	9	147.122	3
1	103.00	264.00	127.02	244.40	31.00	1	8	
2	127.02	244.40	185.23	196.92	75.12	0	
3	185.23	196.92	217.00	171.00	41.00	1	9	

8	10	187.673	3
1	103.00	264.00	98.87	233.28	31.00	1	8	
2	98.87	233.28	78.53	81.96	152.67	0	
3	78.53	81.96	78.00	78.00	4.00	1	10	

8	11	220.617	5
1	103.00	264.00	91.20	235.34	31.00	1	8	
2	91.20	235.34	70.58	185.28	54.14	0	
3	70.58	185.28	42.14	116.19	74.71	1	2	
4	42.14	116.19	35.75	100.69	16.77	0	
5	35.75	100.69	19.00	60.00	44.00	1	11	

8	12	167.057	4
1	103.00	264.00	129.35	247.67	31.00	1	8	
2	129.35	247.67	196.13	206.29	78.56	0	
3	196.13	206.29	230.55	184.96	40.50	1	9	
4	230.55	184.96	245.00	176.00	17.00	2	9	12	

8	13	167.631	4
1	103.00	264.00	113.36	234.78	31.00	1	8	
2	113.36	234.78	140.04	159.49	79.88	0	
3	140.04	159.49	143.97	148.41	11.75	1	4	
4	143.97	148.41	159.00	106.00	45.00	2	4	13	

8	14	45.000	3
1	103.00	264.00	134.00	264.00	31.00	1	8	
2	134.00	264.00	140.00	264.00	6.00	0	
3	140.00	264.00	148.00	264.00	8.00	1	14	

8	15	290.241	7
1	103.00	264.00	118.38	237.08	31.00	1	8	
2	118.38	237.08	159.59	164.96	83.07	0	
3	159.59	164.96	168.10	150.07	17.15	1	4	
4	168.10	150.07	186.34	118.15	36.77	2	4	13	
5	186.34	118.15	201.59	91.47	30.73	1	13	
6	201.59	91.47	237.57	28.50	72.53	0	
7	237.57	28.50	247.00	12.00	19.00	1	15	

9	0	191.063	2
1	217.00	171.00	176.44	177.01	41.00	1	9	
2	176.44	177.01	28.00	199.00	150.06	0	

9	1	78.924	7
1	217.00	171.00	228.01	175.52	11.90	1	9	
2	228.01	175.52	253.00	185.80	27.02	2	9	12	
3	253.00	185.80	254.92	186.58	2.08	3	1	9	12	
4	254.92	186.58	257.42	187.61	2.70	2	1	12	
5	257.42	187.61	261.00	189.08	3.87	1	1	
6	261.00	189.08	274.63	194.68	14.74	2	1	3	
7	274.63	194.68	290.00	201.00	16.62	1	1	

9	2	171.747	3
1	217.00	171.00	176.18	167.18	41.00	1	9	
2	176.18	167.18	84.83	158.63	91.75	0	
3	84.83	158.63	46.00	155.00	39.00	1	2	

9	3	55.027	6
1	217.00	171.00	228.04	174.82	11.68	1	9	
2	228.04	174.82	253.90	183.77	27.36	2	9	12	
3	253.90	183.77	255.74	184.41	1.95	3	1	9	12	
4	255.74	184.41	259.06	185.56	3.51	2	1	12	
5	259.06	185.56	261.44	186.38	2.52	1	1	
6	261.44	186.38	269.00	189.00	8.00	2	1	3	

9	4	70.178	4
1	217.00	171.00	184.90	150.33	38.18	1	9	
2	184.90	150.33	182.53	148.80	2.82	2	4	9	
3	182.53	148.80	178.81	146.40	4.42	1	4	
4	178.81	146.40	158.00	133.00	24.75	2	4	13	

9	5	222.279	5
1	217.00	171.00	181.59	191.66	41.00	1	9	
2	181.59	191.66	109.52	233.69	83.43	0	
3	109.52	233.69	73.41	254.76	41.81	1	8	
4	73.41	254.76	60.41	262.34	15.04	0	
5	60.41	262.34	25.00	283.00	41.00	1	5	

9	6	148.125	5
1	217.00	171.00	197.35	135.02	41.00	1	9	
2	197.35	135.02	195.71	132.02	3.41	0	
3	195.71	132.02	156.95	61.05	80.87	1	13	
4	156.95	61.05	155.11	57.68	3.84	0	
5	155.11	57.68	146.00	41.00	19.00	1	6	

9	7	171.593	4
1	217.00	171.00	185.94	197.76	41.00	1	9	
2	185.94	197.76	128.87	246.92	75.32	0	
3	128.87	246.92	90.79	279.74	50.27	1	8	
4	90.79	279.74	87.00	283.00	5.00	2	7	8	

9	8	147.122	3
1	217.00	171.00	185.23	196.92	41.00	1	9	
2	185.23	196.92	127.02	244.40	75.12	0	
3	127.02	244.40	103.00	264.00	31.00	1	8	

9	9	0	0

9	10	167.242	7
1	217.00	171.00	185.26	149.76	38.19	1	9	
2	185.26	149.76	182.92	148.20	2.81	2	4	9	
3	182.92	148.20	179.63	145.99	3.97	1	4	
4	179.63	145.99	132.10	114.20	57.18	2	4	13	
5	132.10	114.20	114.16	102.19	21.59	1	13	
6	114.16	102.19	81.32	80.22	39.51	0	
7	81.32	80.22	78.00	78.00	4.00	1	10	

9	11	226.991	7
1	217.00	171.00	183.56	152.25	38.34	1	9	
2	183.56	152.25	181.24	150.95	2.66	2	4	9	
3	181.24	150.95	175.64	147.81	6.42	1	4	
4	175.64	147.81	128.24	121.24	54.34	2	4	13	
5	128.24	121.24	114.65	113.62	15.58	1	13	
6	114.65	113.62	57.38	81.52	65.66	0	
7	57.38	81.52	19.00	60.00	44.00	1	11	

9	12	28.443	2
1	217.00	171.00	228.26	173.01	11.44	1	9	
2	228.26	173.01	245.00	176.00	17.00	2	9	12	

9	13	87.115	4
1	217.00	171.00	189.70	140.41	41.00	1	9	
2	189.70	140.41	189.25	139.90	0.68	0	
3	189.25	139.90	188.96	139.58	0.43	1	4	
4	188.96	139.58	159.00	106.00	45.00	2	4	13	

9	14	115.802	3
1	217.00	171.00	192.57	203.93	41.00	1	9	
2	192.57	203.93	152.77	257.58	66.80	0	
3	152.77	257.58	148.00	264.00	8.00	1	14	

9	15	161.805	3
1	217.00	171.00	224.60	130.71	41.00	1	9	
2	224.60	130.71	243.48	30.67	101.81	0	
3	243.48	30.67	247.00	12.00	19.00	1	15	

10	0	130.924	4
1	78.00	78.00	76.47	81.70	4.00	1	10	
2	76.47	81.70	61.05	119.02	40.38	0	
3	61.05	119.02	31.26	191.11	78.00	1	2	
4	31.26	191.11	28.00	199.00	8.54	0	

10	1	245.098	13
1	78.00	78.00	81.46	80.01	4.00	1	10	
2	81.46	80.01	114.52	99.19	38.22	0	
3	114.52	99.19	134.80	110.96	23.45	1	13	
4	134.80	110.96	186.99	141.24	60.34	2	4	13	
5	186.99	141.24	188.12	141.89	1.31	1	4	
6	188.12	141.89	188.65	142.20	0.61	2	4	9	
7	188.65	142.20	230.80	166.65	48.73	1	9	
8	230.80	166.65	255.40	180.93	28.44	2	9	12	
9	255.40	180.93	256.60	181.62	1.39	3	1	9	12	
10	256.60	181.62	260.16	183.69	4.12	2	1	12	
11	260.16	183.69	262.16	184.85	2.31	1	1	
12	262.16	184.85	276.00	192.88	16.00	2	1	3	
13	276.00	192.88	290.00	201.00	16.19	1	1	

10	2	83.385	3
1	78.00	78.00	76.46	81.69	4.00	1	10	
2	76.46	81.69	60.97	118.99	40.38	0	
3	60.97	118.99	46.00	155.00	39.00	1	2	

10	3	220.912	12
1	78.00	78.00	81.46	80.01	4.00	1	10	
2	81.46	80.01	114.51	99.22	38.23	0	
3	114.51	99.22	134.77	110.99	23.43	1	13	
4	134.77	110.99	186.91	141.30	60.31	2	4	13	
5	186.91	141.30	188.06	141.96	1.32	1	4	
6	188.06	141.96	188.62	142.29	0.65	2	4	9	
7	188.62	142.29	230.73	166.76	48.70	1	9	
8	230.73	166.76	255.33	181.05	28.45	2	9	12	
9	255.33	181.05	256.56	181.77	1.43	3	1	9	12	
10	256.56	181.77	260.09	183.82	4.09	2	1	12	
11	260.09	183.82	262.08	184.98	2.30	1	1	
12	262.08	184.98	269.00	189.00	8.00	2	1	3	

10	4	97.082	4
1	78.00	78.00	81.30	80.27	4.00	1	10	
2	81.30	80.27	114.11	102.83	39.82	0	
3	114.11	102.83	131.63	114.87	21.26	1	13	
4	131.63	114.87	158.00	133.00	32.00	2	4	13	

10	5	211.740	5
1	78.00	78.00	77.00	81.87	4.00	1	10	
2	77.00	81.87	66.65	121.91	41.36	0	
3	66.65	121.91	48.02	193.95	74.40	1	2	
4	48.02	193.95	35.26	243.31	50.98	0	
5	35.26	243.31	25.00	283.00	41.00	0	

10	6	77.414	3
1	78.00	78.00	81.51	76.09	4.00	1	10	
2	81.51	76.09	129.31	50.08	54.41	0	
3	129.31	50.08	146.00	41.00	19.00	1	6	

10	7	205.197	6
1	78.00	78.00	78.18	82.00	4.00	1	10	
2	78.18	82.00	80.59	136.99	55.04	0	
3	80.59	136.99	82.04	169.92	32.96	1	2	
4	82.04	169.92	85.06	238.72	68.87	0	
5	85.06	238.72	86.78	278.00	39.32	1	8	
6	86.78	278.00	87.00	283.00	5.00	2	7	8	

10	8	187.673	3
1	78.00	78.00	78.53	81.96	4.00	1	10	
2	78.53	81.96	98.87	233.28	152.67	0	
3	98.87	233.28	103.00	264.00	31.00	1	8	

10	9	167.242	7
1	78.00	78.00	81.32	80.22	4.00	1	10	
2	81.32	80.22	114.16	102.19	39.51	0	
3	114.16	102.19	132.10	114.20	21.59	1	13	
4	132.10	114.20	179.63	145.99	57.18	2	4	13	
5	179.63	145.99	182.92	148.20	3.97	1	4	
6	182.92	148.20	185.26	149.76	2.81	2	4	9	
7	185.26	149.76	217.00	171.00	38.19	1	9	

10	10	0	0

10	11	61.685	3
1	78.00	78.00	74.17	76.83	4.00	1	10	
2	74.17	76.83	61.09	72.84	13.68	0	
3	61.09	72.84	19.00	60.00	44.00	1	11	

10	12	193.631	8
1	78.00	78.00	81.45	80.02	4.00	1	10	
2	81.45	80.02	114.49	99.41	38.30	0	
3	114.49	99.41	134.57	111.20	23.29	1	13	
4	134.57	111.20	186.46	141.65	60.16	2	4	13	
5	186.46	141.65	187.67	142.36	1.40	1	4	
6	187.67	142.36	188.46	142.82	0.92	2	4	9	
7	188.46	142.82	230.34	167.40	48.56	1	9	
8	230.34	167.40	245.00	176.00	17.00	2	9	12	

10	13	85.703	4
1	78.00	78.00	81.78	79.31	4.00	1	10	
2	81.78	79.31	116.47	91.30	36.70	0	
3	116.47	91.30	148.61	102.41	34.01	1	13	
4	148.61	102.41	159.00	106.00	10.99	2	4	13	

10	14	198.736	3
1	78.00	78.00	79.41	81.74	4.00	1	10	
2	79.41	81.74	145.18	256.51	186.74	0	
3	145.18	256.51	148.00	264.00	8.00	1	14	

10	15	181.430	5
1	78.00	78.00	81.73	76.54	4.00	1	10	
2	81.73	76.54	134.34	56.00	56.48	0	
3	134.34	56.00	164.74	44.12	32.64	1	6	
4	164.74	44.12	229.30	18.91	69.31	0	
5	229.30	18.91	247.00	12.00	19.00	1	15	

11	0	139.291	4
1	19.00	60.00	21.84	103.91	44.00	0	
2	21.84	103.91	23.11	123.43	19.56	0	
3	23.11	123.43	27.37	189.26	65.97	0	
4	27.37	189.26	28.00	199.00	9.76	0	

11	1	305.486	13
1	19.00	60.00	58.03	80.31	44.00	1	11	
2	58.03	80.31	114.14	109.50	63.24	0	
3	114.14	109.50	129.90	117.70	17.76	1	13	
4	129.90	117.70	181.88	144.75	58.60	2	4	13	
5	181.88	144.75	184.44	146.08	2.89	1	4	
6	184.44	146.08	186.66	147.23	2.50	2	4	9	
7	186.66	147.23	229.32	169.43	48.09	1	9	
8	229.32	169.43	254.52	182.54	28.40	2	9	12	
9	254.52	182.54	256.09	183.36	1.78	3	1	9	12	
10	256.09	183.36	259.38	185.07	3.70	2	1	12	
11	259.38	185.07	261.51	186.18	2.41	1	1	
12	261.51	186.18	275.61	193.51	15.89	2	1	3	
13	275.61	193.51	290.00	201.00	16.22	1	1	

11	2	98.762	3
1	19.00	60.00	31.03	102.32	44.00	1	11	
2	31.03	102.32	35.34	117.49	15.76	0	
3	35.34	117.49	46.00	155.00	39.00	1	2	

11	3	281.320	12
1	19.00	60.00	58.10	80.18	44.00	1	11	
2	58.10	80.18	114.11	109.07	63.02	0	
3	114.11	109.07	130.10	117.33	18.00	1	13	
4	130.10	117.33	182.51	144.37	58.97	2	4	13	
5	182.51	144.37	184.84	145.57	2.62	1	4	
6	184.84	145.57	186.94	146.66	2.37	2	4	9	
7	186.94	146.66	229.65	168.70	48.06	1	9	
8	229.65	168.70	254.94	181.74	28.46	2	9	12	
9	254.94	181.74	256.36	182.48	1.60	3	1	9	12	
10	256.36	182.48	259.85	184.28	3.92	2	1	12	
11	259.85	184.28	261.89	185.33	2.30	1	1	
12	261.89	185.33	269.00	189.00	8.00	2	1	3	

11	4	157.003	4
1	19.00	60.00	57.95	80.46	44.00	1	11	
2	57.95	80.46	114.18	109.98	63.50	0	
3	114.18	109.98	129.67	118.12	17.50	1	13	
4	129.67	118.12	158.00	133.00	32.00	2	4	13	

11	5	223.081	5
1	19.00	60.00	20.18	103.98	44.00	1	11	
2	20.18	103.98	20.76	125.27	21.30	0	
3	20.76	125.27	22.39	186.04	60.79	0	
4	22.39	186.04	23.90	242.02	55.99	0	
5	23.90	242.02	25.00	283.00	41.00	1	5	

11	6	128.413	3
1	19.00	60.00	62.52	53.49	44.00	1	11	
2	62.52	53.49	127.21	43.81	65.41	0	
3	127.21	43.81	146.00	41.00	19.00	1	6	

11	7	233.137	6
1	19.00	60.00	31.83	102.09	44.00	1	11	
2	31.83	102.09	36.44	117.19	15.79	0	
3	36.44	117.19	59.16	191.71	77.91	1	2	
4	59.16	191.71	76.37	248.13	58.99	0	
5	76.37	248.13	85.54	278.22	31.45	1	8	
6	85.54	278.22	87.00	283.00	5.00	2	7	8	

11	8	220.617	5
1	19.00	60.00	35.75	100.69	44.00	1	11	
2	35.75	100.69	42.14	116.19	16.77	0	
3	42.14	116.19	70.58	185.28	74.71	1	2	
4	70.58	185.28	91.20	235.34	54.14	0	
5	91.20	235.34	103.00	264.00	31.00	1	8	

11	9	226.991	7
1	19.00	60.00	57.38	81.52	44.00	1	11	
2	57.38	81.52	114.65	113.62	65.66	0	
3	114.65	113.62	128.24	121.24	15.58	1	13	
4	128.24	121.24	175.64	147.81	54.34	2	4	13	
5	175.64	147.81	181.24	150.95	6.42	1	4	
6	181.24	150.95	183.56	152.25	2.66	2	4	9	
7	183.56	152.25	217.00	171.00	38.34	1	9	

11	10	61.685	3
1	19.00	60.00	61.09	72.84	44.00	1	11	
2	61.09	72.84	74.17	76.83	13.68	0	
3	74.17	76.83	78.00	78.00	4.00	1	10	

11	11	0	0

11	12	254.031	8
1	19.00	60.00	58.14	80.09	44.00	1	11	
2	58.14	80.09	114.09	108.81	62.88	0	
3	114.09	108.81	130.23	117.09	18.15	1	13	
4	130.23	117.09	182.90	144.13	59.20	2	4	13	
5	182.90	144.13	185.09	145.25	2.46	1	4	
6	185.09	145.25	187.11	146.29	2.27	2	4	9	
7	187.11	146.29	229.88	168.24	48.07	1	9	
8	229.88	168.24	245.00	176.00	17.00	2	9	12	

11	13	147.363	6
1	19.00	60.00	60.80	73.73	44.00	1	11	
2	60.80	73.73	74.00	78.07	13.89	0	
3	74.00	78.07	81.18	80.43	7.55	1	10	
4	81.18	80.43	116.25	91.95	36.92	0	
5	116.25	91.95	148.33	102.50	33.77	1	13	
6	148.33	102.50	159.00	106.00	11.23	2	4	13	

11	14	241.365	5
1	19.00	60.00	42.52	97.19	44.00	1	11	
2	42.52	97.19	55.09	117.07	23.53	0	
3	55.09	117.07	84.16	163.05	54.39	1	2	
4	84.16	163.05	143.72	257.24	111.45	0	
5	143.72	257.24	148.00	264.00	8.00	1	14	

11	15	232.998	5
1	19.00	60.00	62.06	50.94	44.00	1	11	
2	62.06	50.94	127.39	37.18	66.76	0	
3	127.39	37.18	161.49	30.00	34.85	1	6	
4	161.49	30.00	228.41	15.91	68.38	0	
5	228.41	15.91	247.00	12.00	19.00	1	15	

12	0	218.215	3
1	245.00	176.00	228.09	177.79	17.00	2	9	12	
2	228.09	177.79	177.83	183.12	50.54	1	9	
3	177.83	183.12	28.00	199.00	150.67	0	

12	1	51.478	6
1	245.00	176.00	255.03	181.57	11.48	2	9	12	
2	255.03	181.57	256.40	182.33	1.57	3	1	9	12	
3	256.40	182.33	259.86	184.26	3.96	2	1	12	
4	259.86	184.26	261.87	185.37	2.30	1	1	
5	261.87	185.37	275.85	193.14	15.99	2	1	3	
6	275.85	193.14	290.00	201.00	16.19	1	1	

12	2	200.105	4
1	245.00	176.00	228.09	174.22	17.00	2	9	12	
2	228.09	174.22	176.06	168.73	52.32	1	9	
3	176.06	168.73	84.78	159.09	91.79	0	
4	84.78	159.09	46.00	155.00	39.00	1	2	

12	3	27.295	5
1	245.00	176.00	255.09	181.47	11.48	2	9	12	
2	255.09	181.47	256.44	182.20	1.53	3	1	9	12	
3	256.44	182.20	259.95	184.10	3.99	2	1	12	
4	259.95	184.10	261.97	185.19	2.29	1	1	
5	261.97	185.19	269.00	189.00	8.00	2	1	3	

12	4	97.046	5
1	245.00	176.00	229.76	168.47	17.00	2	9	12	
2	229.76	168.47	186.69	147.18	48.05	1	9	
3	186.69	147.18	184.45	146.07	2.50	2	4	9	
4	184.45	146.07	181.83	144.78	2.92	1	4	
5	181.83	144.78	158.00	133.00	26.58	2	4	13	

12	5	244.641	6
1	245.00	176.00	229.71	183.44	17.00	2	9	12	
2	229.71	183.44	190.67	202.43	43.42	1	9	
3	190.67	202.43	118.85	237.36	79.86	0	
4	118.85	237.36	72.26	260.02	51.81	1	8	
5	72.26	260.02	61.87	265.07	11.55	0	
6	61.87	265.07	25.00	283.00	41.00	1	5	

12	6	167.410	6
1	245.00	176.00	234.95	162.29	17.00	2	9	12	
2	234.95	162.29	211.53	130.37	39.59	1	9	
3	211.53	130.37	202.40	117.90	15.45	0	
4	202.40	117.90	160.69	61.03	70.53	1	13	
5	160.69	61.03	157.24	56.32	5.84	0	
6	157.24	56.32	146.00	41.00	19.00	1	6	

12	7	190.822	5
1	245.00	176.00	230.92	185.53	17.00	2	9	12	
2	230.92	185.53	198.42	207.55	39.26	1	9	
3	198.42	207.55	131.84	252.63	80.41	0	
4	131.84	252.63	91.14	280.20	49.16	1	8	
5	91.14	280.20	87.00	283.00	5.00	2	7	8	

12	8	167.057	4
1	245.00	176.00	230.55	184.96	17.00	2	9	12	
2	230.55	184.96	196.13	206.29	40.50	1	9	
3	196.13	206.29	129.35	247.67	78.56	0	
4	129.35	247.67	103.00	264.00	31.00	1	8	

12	9	28.443	2
1	245.00	176.00	228.26	173.01	17.00	2	9	12	
2	228.26	173.01	217.00	171.00	11.44	1	9	

12	10	193.631	8
1	245.00	176.00	230.34	167.40	17.00	2	9	12	
2	230.34	167.40	188.46	142.82	48.56	1	9	
3	188.46	142.82	187.67	142.36	0.92	2	4	9	
4	187.67	142.36	186.46	141.65	1.40	1	4	
5	186.46	141.65	134.57	111.20	60.16	2	4	13	
6	134.57	111.20	114.49	99.41	23.29	1	13	
7	114.49	99.41	81.45	80.02	38.30	0	
8	81.45	80.02	78.00	78.00	4.00	1	10	

12	11	254.031	8
1	245.00	176.00	229.88	168.24	17.00	2	9	12	
2	229.88	168.24	187.11	146.29	48.07	1	9	
3	187.11	146.29	185.09	145.25	2.27	2	4	9	
4	185.09	145.25	182.90	144.13	2.46	1	4	
5	182.90	144.13	130.23	117.09	59.20	2	4	13	
6	130.23	117.09	114.09	108.81	18.15	1	13	
7	114.09	108.81	58.14	80.09	62.88	0	
8	58.14	80.09	19.00	60.00	44.00	1	11	

12	12	0	0

12	13	110.887	5
1	245.00	176.00	231.82	165.27	17.00	2	9	12	
2	231.82	165.27	195.77	135.93	46.48	1	9	
3	195.77	135.93	193.90	134.41	2.41	0	
4	193.90	134.41	189.95	131.19	5.09	1	13	
5	189.95	131.19	159.00	106.00	39.91	2	4	13	

12	14	130.969	4
1	245.00	176.00	232.41	187.42	17.00	2	9	12	
2	232.41	187.42	206.75	210.70	34.64	1	9	
3	206.75	210.70	153.93	258.62	71.33	0	
4	153.93	258.62	148.00	264.00	8.00	1	14	

12	15	164.012	4
1	245.00	176.00	245.21	159.00	17.00	2	9	12	
2	245.21	159.00	245.42	141.45	17.55	1	9	
3	245.42	141.45	246.77	31.00	110.46	0	
4	246.77	31.00	247.00	12.00	19.00	0	

13	0	160.655	5
1	159.00	106.00	126.22	129.27	40.20	2	4	13	
2	126.22	129.27	122.31	132.05	4.80	1	13	
3	122.31	132.05	84.83	158.66	45.96	0	
4	84.83	158.66	36.65	192.86	59.09	1	2	
5	36.65	192.86	28.00	199.00	10.60	0	

13	1	161.821	10
1	159.00	106.00	189.64	128.22	37.85	2	4	13	
2	189.64	128.22	195.43	132.42	7.15	1	13	
3	195.43	132.42	198.31	134.51	3.56	0	
4	198.31	134.51	235.81	161.70	46.32	1	9	
5	235.81	161.70	257.49	177.43	26.79	2	9	12	
6	257.49	177.43	257.62	177.52	0.15	1	12	
7	257.62	177.52	261.45	180.29	4.73	2	1	12	
8	261.45	180.29	264.41	182.45	3.66	1	1	
9	264.41	182.45	276.66	191.32	15.12	2	1	3	
10	276.66	191.32	290.00	201.00	16.48	1	1	

13	2	123.167	4
1	159.00	106.00	129.28	118.89	32.39	2	4	13	
2	129.28	118.89	117.71	123.90	12.61	1	13	
3	117.71	123.90	81.78	139.48	39.17	0	
4	81.78	139.48	46.00	155.00	39.00	1	2	

13	3	137.801	9
1	159.00	106.00	189.78	129.22	38.55	2	4	13	
2	189.78	129.22	194.92	133.10	6.45	1	13	
3	194.92	133.10	197.41	134.98	3.12	0	
4	197.41	134.98	234.28	162.80	46.19	1	9	
5	234.28	162.80	256.31	179.43	27.60	2	9	12	
6	256.31	179.43	257.01	179.95	0.87	3	1	9	12	
7	257.01	179.95	260.63	182.68	4.53	2	1	12	
8	260.63	182.68	262.61	184.18	2.48	1	1	
9	262.61	184.18	269.00	189.00	8.00	2	1	3	

13	4	27.019	1
1	159.00	106.00	158.00	133.00	27.02	2	4	13	

13	5	222.002	4
1	159.00	106.00	131.84	141.88	45.00	2	4	13	
2	131.84	141.88	128.74	145.96	5.13	1	4	
3	128.74	145.96	49.75	250.31	130.88	0	
4	49.75	250.31	25.00	283.00	41.00	1	5	

13	6	66.287	4
1	159.00	106.00	158.00	101.00	5.10	2	4	13	
2	158.00	101.00	150.17	61.87	39.90	1	13	
3	150.17	61.87	149.73	59.63	2.29	0	
4	149.73	59.63	146.00	41.00	19.00	1	6	

13	7	191.084	5
1	159.00	106.00	142.04	147.68	45.00	2	4	13	
2	142.04	147.68	137.89	157.89	11.02	1	4	
3	137.89	157.89	107.22	233.29	81.40	0	
4	107.22	233.29	88.88	278.37	48.67	1	8	
5	88.88	278.37	87.00	283.00	5.00	2	7	8	

13	8	167.631	4
1	159.00	106.00	143.97	148.41	45.00	2	4	13	
2	143.97	148.41	140.04	159.49	11.75	1	4	
3	140.04	159.49	113.36	234.78	79.88	0	
4	113.36	234.78	103.00	264.00	31.00	1	8	

13	9	87.115	4
1	159.00	106.00	188.96	139.58	45.00	2	4	13	
2	188.96	139.58	189.25	139.90	0.43	1	4	
3	189.25	139.90	189.70	140.41	0.68	0	
4	189.70	140.41	217.00	171.00	41.00	1	9	

13	10	85.703	4
1	159.00	106.00	148.61	102.41	10.99	2	4	13	
2	148.61	102.41	116.47	91.30	34.01	1	13	
3	116.47	91.30	81.78	79.31	36.70	0	
4	81.78	79.31	78.00	78.00	4.00	1	10	

13	11	147.363	6
1	159.00	106.00	148.33	102.50	11.23	2	4	13	
2	148.33	102.50	116.25	91.95	33.77	1	13	
3	116.25	91.95	81.18	80.43	36.92	0	
4	81.18	80.43	74.00	78.07	7.55	1	10	
5	74.00	78.07	60.80	73.73	13.89	0	
6	60.80	73.73	19.00	60.00	44.00	1	11	

13	12	110.887	5
1	159.00	106.00	189.95	131.19	39.91	2	4	13	
2	189.95	131.19	193.90	134.41	5.09	1	13	
3	193.90	134.41	195.77	135.93	2.41	0	
4	195.77	135.93	231.82	165.27	46.48	1	9	
5	231.82	165.27	245.00	176.00	17.00	2	9	12	

13	13	0	0

13	14	158.382	4
1	159.00	106.00	155.87	150.89	45.00	2	4	13	
2	155.87	150.89	154.90	164.85	13.99	1	4	
3	154.90	164.85	148.56	256.02	91.39	0	
4	148.56	256.02	148.00	264.00	8.00	1	14	

13	15	128.763	4
1	159.00	106.00	163.27	101.44	6.25	2	4	13	
2	163.27	101.44	189.75	73.15	38.75	1	13	
3	189.75	73.15	234.01	25.87	64.76	0	
4	234.01	25.87	247.00	12.00	19.00	1	15	

14	0	136.473	4
1	148.00	264.00	140.97	260.19	8.00	1	14	
2	140.97	260.19	132.90	255.82	9.17	0	
3	132.90	255.82	93.51	234.49	44.79	1	8	
4	93.51	234.49	28.00	199.00	74.51	0	

14	1	155.348	3
1	148.00	264.00	155.31	260.76	8.00	1	14	
2	155.31	260.76	253.44	217.22	107.35	0	
3	253.44	217.22	290.00	201.00	40.00	1	1	

14	2	149.282	3
1	148.00	264.00	142.53	258.16	8.00	1	14	
2	142.53	258.16	72.65	183.48	102.28	0	
3	72.65	183.48	46.00	155.00	39.00	1	2	

14	3	142.359	4
1	148.00	264.00	154.80	259.79	8.00	1	14	
2	154.80	259.79	250.00	200.78	112.01	0	
3	250.00	200.78	262.20	193.21	14.35	1	1	
4	262.20	193.21	269.00	189.00	8.00	2	1	3	

14	4	131.381	4
1	148.00	264.00	148.61	256.02	8.00	1	14	
2	148.61	256.02	155.56	164.91	91.38	0	
3	155.56	164.91	156.63	150.94	14.01	0	
4	156.63	150.94	158.00	133.00	17.99	1	4	

14	5	124.459	5
1	148.00	264.00	140.09	265.22	8.00	1	14	
2	140.09	265.22	133.92	266.17	6.24	0	
3	133.92	266.17	74.17	275.40	60.46	1	8	
4	74.17	275.40	65.52	276.74	8.76	0	
5	65.52	276.74	25.00	283.00	41.00	1	5	

14	6	223.009	7
1	148.00	264.00	147.93	256.01	7.99	1	14	
2	147.93	256.01	147.09	163.08	92.93	0	
3	147.09	163.08	146.97	149.37	13.72	1	4	
4	146.97	149.37	146.56	103.12	46.25	1	4	
5	146.56	103.12	146.20	62.87	40.25	1	13	
6	146.20	62.87	146.17	60.00	2.87	0	
7	146.17	60.00	146.00	41.00	19.00	0	

14	7	63.891	4
1	148.00	264.00	140.36	266.38	8.00	1	14	
2	140.36	266.38	133.68	268.46	7.00	0	
3	133.68	268.46	91.77	281.51	43.89	1	8	
4	91.77	281.51	87.00	283.00	5.00	2	7	8	

14	8	45.000	3
1	148.00	264.00	140.00	264.00	8.00	1	14	
2	140.00	264.00	134.00	264.00	6.00	0	
3	134.00	264.00	103.00	264.00	31.00	1	8	

14	9	115.802	3
1	148.00	264.00	152.77	257.58	8.00	1	14	
2	152.77	257.58	192.57	203.93	66.80	0	
3	192.57	203.93	217.00	171.00	41.00	1	9	

14	10	198.736	3
1	148.00	264.00	145.18	256.51	8.00	1	14	
2	145.18	256.51	79.41	81.74	186.74	0	
3	79.41	81.74	78.00	78.00	4.00	1	10	

14	11	241.365	5
1	148.00	264.00	143.72	257.24	8.00	1	14	
2	143.72	257.24	84.16	163.05	111.45	0	
3	84.16	163.05	55.09	117.07	54.39	1	2	
4	55.09	117.07	42.52	97.19	23.53	0	
5	42.52	97.19	19.00	60.00	44.00	1	11	

14	12	130.969	4
1	148.00	264.00	153.93	258.62	8.00	1	14	
2	153.93	258.62	206.75	210.70	71.33	0	
3	206.75	210.70	232.41	187.42	34.64	1	9	
4	232.41	187.42	245.00	176.00	17.00	2	9	12	

14	13	158.382	4
1	148.00	264.00	148.56	256.02	8.00	1	14	
2	148.56	256.02	154.90	164.85	91.39	0	
3	154.90	164.85	155.87	150.89	13.99	1	4	
4	155.87	150.89	159.00	106.00	45.00	2	4	13	

14	14	0	0

14	15	270.749	5
1	148.00	264.00	150.93	256.55	8.00	1	14	
2	150.93	256.55	178.74	185.74	76.08	0	
3	178.74	185.74	199.01	134.16	55.43	1	9	
4	199.01	134.16	240.05	29.68	112.25	0	
5	240.05	29.68	247.00	12.00	19.00	1	15	

15	0	287.976	6
1	247.00	12.00	232.55	24.34	19.00	1	15	
2	232.55	24.34	182.12	67.40	66.31	0	
3	182.12	67.40	117.25	122.79	85.31	1	13	
4	117.25	122.79	84.74	150.55	42.74	0	
5	84.74	150.55	35.53	192.57	64.71	1	2	
6	35.53	192.57	28.00	199.00	9.90	0	

15	1	193.830	3
1	247.00	12.00	251.22	30.53	19.00	1	15	
2	251.22	30.53	281.13	162.00	134.83	0	
3	281.13	162.00	290.00	201.00	40.00	1	1	

15	2	246.678	5
1	247.00	12.00	231.52	23.01	19.00	1	15	
2	231.52	23.01	174.34	63.69	70.17	0	
3	174.34	63.69	114.00	106.62	74.04	1	13	
4	114.00	106.62	77.78	132.39	44.46	0	
5	77.78	132.39	46.00	155.00	39.00	1	2	

15	3	178.362	4
1	247.00	12.00	249.34	30.85	19.00	1	15	
2	249.34	30.85	266.47	168.65	138.86	0	
3	266.47	168.65	268.01	181.06	12.50	1	1	
4	268.01	181.06	269.00	189.00	8.00	2	1	3	

15	4	150.207	4
1	247.00	12.00	235.74	27.31	19.00	1	15	
2	235.74	27.31	196.34	80.88	66.51	0	
3	196.34	80.88	176.96	107.22	32.70	1	13	
4	176.96	107.22	158.00	133.00	32.00	2	4	13	

15	5	350.321	7
1	247.00	12.00	234.96	26.70	19.00	1	15	
2	234.96	26.70	193.58	77.21	65.29	0	
3	193.58	77.21	171.60	104.04	34.68	1	13	
4	171.60	104.04	137.58	145.57	53.70	2	4	13	
5	137.58	145.57	132.28	152.04	8.36	1	4	
6	132.28	152.04	50.98	251.28	128.29	0	
7	50.98	251.28	25.00	283.00	41.00	1	5	

15	6	105.081	3
1	247.00	12.00	228.74	17.24	19.00	1	15	
2	228.74	17.24	164.26	35.76	67.08	0	
3	164.26	35.76	146.00	41.00	19.00	1	6	

15	7	314.708	8
1	247.00	12.00	237.34	28.36	19.00	1	15	
2	237.34	28.36	201.02	89.89	71.45	0	
3	201.02	89.89	185.36	116.40	30.79	1	13	
4	185.36	116.40	165.19	150.57	39.68	2	4	13	
5	165.19	150.57	156.68	164.97	16.72	1	4	
6	156.68	164.97	115.07	235.45	81.84	0	
7	115.07	235.45	89.54	278.69	50.22	1	8	
8	89.54	278.69	87.00	283.00	5.00	2	7	8	

15	8	290.241	7
1	247.00	12.00	237.57	28.50	19.00	1	15	
2	237.57	28.50	201.59	91.47	72.53	0	
3	201.59	91.47	186.34	118.15	30.73	1	13	
4	186.34	118.15	168.10	150.07	36.77	2	4	13	
5	168.10	150.07	159.59	164.96	17.15	1	4	
6	159.59	164.96	118.38	237.08	83.07	0	
7	118.38	237.08	103.00	264.00	31.00	1	8	

15	9	161.805	3
1	247.00	12.00	243.48	30.67	19.00	1	15	
2	243.48	30.67	224.60	130.71	101.81	0	
3	224.60	130.71	217.00	171.00	41.00	1	9	

15	10	181.430	5
1	247.00	12.00	229.30	18.91	19.00	1	15	
2	229.30	18.91	164.74	44.12	69.31	0	
3	164.74	44.12	134.34	56.00	32.64	1	6	
4	134.34	56.00	81.73	76.54	56.48	0	
5	81.73	76.54	78.00	78.00	4.00	1	10	

15	11	232.998	5
1	247.00	12.00	228.41	15.91	19.00	1	15	
2	228.41	15.91	161.49	30.00	68.38	0	
3	161.49	30.00	127.39	37.18	34.85	1	6	
4	127.39	37.18	62.06	50.94	66.76	0	
5	62.06	50.94	19.00	60.00	44.00	1	11	

15	12	164.012	4
1	247.00	12.00	246.77	31.00	19.00	0	
2	246.77	31.00	245.42	141.45	110.46	0	
3	245.42	141.45	245.21	159.00	17.55	1	9	
4	245.21	159.00	245.00	176.00	17.00	2	9	12	

15	13	128.763	4
1	247.00	12.00	234.01	25.87	19.00	1	15	
2	234.01	25.87	189.75	73.15	64.76	0	
3	189.75	73.15	163.27	101.44	38.75	1	13	
4	163.27	101.44	159.00	106.00	6.25	2	4	13	

15	14	270.749	5
1	247.00	12.00	240.05	29.68	19.00	1	15	
2	240.05	29.68	199.01	134.16	112.25	0	
3	199.01	134.16	178.74	185.74	55.43	1	9	
4	178.74	185.74	150.93	256.55	76.08	0	
5	150.93	256.55	148.00	264.00	8.00	1	14	

15	15	0	0