16	501	2	0.001	80.0
1.000	27.000	0.000	2.000	0.000
57.000	251.000	45.000	1.000	3.000
4.000	253.000	36.000	4.000	4.000
62.000	237.000	11.000	7.000	13.000
288.000	80.000	16.000	4.000	5.000
24.000	11.000	29.000	10.000	14.000
102.000	16.000	18.000	8.000	13.000
25.000	24.000	42.000	7.000	8.000
47.000	136.000	10.000	1.000	5.000
139.000	155.000	27.000	8.000	16.000
109.000	13.000	40.000	9.000	4.000
2.000	151.000	26.000	2.000	11.000
231.000	143.000	48.000	7.000	8.000
154.000	175.000	11.000	9.000	18.000
191.000	180.000	22.000	3.000	9.000
204.000	112.000	17.000	1.000	4.000

0	0	0	0

0	1	230.894	6
1	1.00	27.00	1.61	29.43	2.50	2	5	7	
2	1.61	29.43	10.06	63.25	34.87	1	7	
3	10.06	63.25	46.09	207.34	148.52	0	
4	46.09	207.34	52.23	231.94	25.35	1	1	
5	52.23	231.94	55.77	246.06	14.56	2	1	3	
6	55.77	246.06	57.00	251.00	5.09	1	1	

0	2	226.020	6
1	1.00	27.00	1.02	28.70	1.70	1	7	
2	1.02	28.70	1.42	58.76	30.07	0	
3	1.42	58.76	2.30	125.00	66.25	0	
4	2.30	125.00	2.99	176.98	51.98	0	
5	2.99	176.98	3.52	217.01	40.03	0	
6	3.52	217.01	4.00	253.00	36.00	1	2	

0	3	218.680	5
1	1.00	27.00	1.76	29.61	2.72	2	5	7	
2	1.76	29.61	11.70	63.84	35.64	1	7	
3	11.70	63.84	53.05	206.17	148.22	0	
4	53.05	206.17	58.93	226.44	21.10	1	1	
5	58.93	226.44	62.00	237.00	11.00	2	1	3	

0	4	291.853	6
1	1.00	27.00	41.12	34.41	40.80	2	5	7	
2	41.12	34.41	64.34	38.70	23.62	1	7	
3	64.34	38.70	81.26	41.82	17.21	0	
4	81.26	41.82	124.61	49.83	44.08	1	10	
5	124.61	49.83	272.27	77.09	150.15	0	
6	272.27	77.09	288.00	80.00	16.00	1	4	

0	5	28.018	1
1	1.00	27.00	24.00	11.00	28.02	2	5	7	

0	6	101.597	5
1	1.00	27.00	51.01	21.55	50.31	2	5	7	
2	51.01	21.55	66.79	19.83	15.87	1	7	
3	66.79	19.83	69.54	19.54	2.76	0	
4	69.54	19.54	84.11	17.95	14.65	1	10	
5	84.11	17.95	102.00	16.00	18.00	2	6	10	

0	7	24.187	1
1	1.00	27.00	25.00	24.00	24.19	2	5	7	

0	8	118.309	4
1	1.00	27.00	2.43	30.38	3.67	2	5	7	
2	2.43	30.38	17.15	65.26	37.86	1	7	
3	17.15	65.26	43.11	126.79	66.78	0	
4	43.11	126.79	47.00	136.00	10.00	1	8	

0	9	188.223	4
1	1.00	27.00	12.41	37.58	15.56	2	5	7	
2	12.41	37.58	40.04	63.21	37.69	1	7	
3	40.04	63.21	119.20	136.64	107.97	0	
4	119.20	136.64	139.00	155.00	27.00	1	9	

0	10	108.904	5
1	1.00	27.00	51.41	20.47	50.83	2	5	7	
2	51.41	20.47	66.64	18.49	15.35	1	7	
3	66.64	18.49	69.33	18.14	2.72	0	
4	69.33	18.14	84.00	16.24	14.79	1	10	
5	84.00	16.24	109.00	13.00	25.21	2	6	10	

0	11	124.004	4
1	1.00	27.00	1.01	28.69	1.69	1	7	
2	1.01	28.69	1.26	58.64	29.96	0	
3	1.26	58.64	1.79	125.00	66.35	0	
4	1.79	125.00	2.00	151.00	26.00	0	

0	12	257.597	6
1	1.00	27.00	26.55	39.89	28.62	2	5	7	
2	26.55	39.89	54.44	53.95	31.24	1	7	
3	54.44	53.95	188.14	121.38	149.74	0	
4	188.14	121.38	190.82	122.73	3.00	1	12	
5	190.82	122.73	203.20	128.98	13.87	2	12	15	
6	203.20	128.98	231.00	143.00	31.13	1	12	

0	13	212.869	5
1	1.00	27.00	11.52	37.18	14.64	2	5	7	
2	11.52	37.18	38.88	63.64	38.06	1	7	
3	38.88	63.64	117.06	139.27	108.77	0	
4	117.06	139.27	146.09	167.35	40.40	1	9	
5	146.09	167.35	154.00	175.00	11.00	2	9	13	

0	14	243.945	6
1	1.00	27.00	15.60	38.76	18.75	2	5	7	
2	15.60	38.76	43.87	61.52	36.30	1	7	
3	43.87	61.52	128.87	129.97	109.14	0	
4	128.87	129.97	165.61	159.56	47.17	1	9	
5	165.61	159.56	173.87	166.20	10.60	0	
6	173.87	166.20	191.00	180.00	22.00	1	14	

0	15	220.077	5
1	1.00	27.00	30.36	39.29	31.83	2	5	7	
2	30.36	39.29	57.47	50.64	29.39	1	7	
3	57.47	50.64	188.32	105.43	141.86	0	
4	188.32	105.43	197.03	109.08	9.45	1	15	
5	197.03	109.08	204.00	112.00	7.55	2	12	15	

1	0	230.894	6
1	57.00	251.00	55.77	246.06	5.09	1	1	
2	55.77	246.06	52.23	231.94	14.56	2	1	3	
3	52.23	231.94	46.09	207.34	25.35	1	1	
4	46.09	207.34	10.06	63.25	148.52	0	
5	10.06	63.25	1.61	29.43	34.87	1	7	
6	1.61	29.43	1.00	27.00	2.50	2	5	7	

1	1	0	0

1	2	53.038	3
1	57.00	251.00	39.97	251.64	17.04	1	1	
2	39.97	251.64	12.03	252.70	27.96	2	1	2	
3	12.03	252.70	4.00	253.00	8.04	1	2	

1	3	14.866	2
1	57.00	251.00	58.30	247.36	3.87	1	1	
2	58.30	247.36	62.00	237.00	11.00	2	1	3	

1	4	287.406	9
1	57.00	251.00	61.10	247.96	5.10	1	1	
2	61.10	247.96	72.75	239.34	14.49	2	1	3	
3	72.75	239.34	93.17	224.23	25.41	1	1	
4	93.17	224.23	147.59	183.94	67.71	0	
5	147.59	183.94	164.42	171.48	20.94	1	13	
6	164.42	171.48	184.89	156.33	25.46	0	
7	184.89	156.33	257.21	102.79	89.99	1	12	
8	257.21	102.79	275.14	89.52	22.30	0	
9	275.14	89.52	288.00	80.00	16.00	1	4	

1	5	242.258	8
1	57.00	251.00	56.37	246.45	4.59	1	1	
2	56.37	246.45	54.03	229.42	17.20	2	1	3	
3	54.03	229.42	50.87	206.42	23.21	1	1	
4	50.87	206.42	42.41	144.88	62.11	0	
5	42.41	144.88	40.18	128.69	16.35	1	8	
6	40.18	128.69	31.49	65.50	63.78	0	
7	31.49	65.50	27.95	39.73	26.01	0	
8	27.95	39.73	24.00	11.00	29.00	2	5	7	

1	6	239.270	6
1	57.00	251.00	57.74	247.14	3.93	1	1	
2	57.74	247.14	61.79	226.00	21.52	2	1	3	
3	61.79	226.00	65.46	206.80	19.55	0	
4	65.46	206.80	95.37	50.61	159.03	0	
5	95.37	50.61	98.61	33.68	17.24	1	10	
6	98.61	33.68	102.00	16.00	18.00	2	6	10	

1	7	229.244	8
1	57.00	251.00	56.36	246.44	4.60	1	1	
2	56.36	246.44	53.97	229.49	17.12	2	1	3	
3	53.97	229.49	50.72	206.44	23.27	1	1	
4	50.72	206.44	42.01	144.67	62.39	0	
5	42.01	144.67	39.81	129.05	15.77	1	8	
6	39.81	129.05	30.86	65.59	64.09	0	
7	30.86	65.59	27.23	39.82	26.02	1	7	
8	27.23	39.82	25.00	24.00	15.98	1	7	

1	8	115.434	5
1	57.00	251.00	56.62	246.59	4.42	1	1	
2	56.62	246.59	55.04	228.48	18.18	2	1	3	
3	55.04	228.48	53.10	206.17	22.40	1	1	
4	53.10	206.17	47.87	145.96	60.43	0	
5	47.87	145.96	47.00	136.00	10.00	1	8	

1	9	126.254	5
1	57.00	251.00	59.76	247.77	4.25	1	1	
2	59.76	247.77	72.29	233.10	19.29	2	1	3	
3	72.29	233.10	86.23	216.78	21.46	1	1	
4	86.23	216.78	121.46	175.53	54.25	0	
5	121.46	175.53	139.00	155.00	27.00	1	9	

1	10	243.614	6
1	57.00	251.00	57.83	247.18	3.91	1	1	
2	57.83	247.18	62.46	226.01	21.67	2	1	3	
3	62.46	226.01	66.61	207.04	19.42	1	1	
4	66.61	207.04	100.46	52.08	158.61	0	
5	100.46	52.08	104.45	33.83	18.68	1	10	
6	104.45	33.83	109.00	13.00	21.32	2	6	10	

1	11	114.127	3
1	57.00	251.00	35.31	211.57	45.00	1	1	
2	35.31	211.57	14.53	173.78	43.13	0	
3	14.53	173.78	2.00	151.00	26.00	1	11	

1	12	204.793	7
1	57.00	251.00	61.84	248.00	5.69	1	1	
2	61.84	248.00	71.93	241.73	11.88	2	1	3	
3	71.93	241.73	95.23	227.27	27.43	1	1	
4	95.23	227.27	169.05	181.45	86.88	0	
5	169.05	181.45	190.22	168.31	24.92	1	14	
6	190.22	168.31	202.04	160.97	13.92	2	12	14	
7	202.04	160.97	231.00	143.00	34.08	1	12	

1	13	123.227	6
1	57.00	251.00	60.90	247.94	4.95	1	1	
2	60.90	247.94	72.89	238.55	15.23	2	1	3	
3	72.89	238.55	92.42	223.25	24.81	1	1	
4	92.42	223.25	145.34	181.78	67.23	0	
5	145.34	181.78	146.38	180.97	1.32	1	13	
6	146.38	180.97	154.00	175.00	9.68	2	9	13	

1	14	151.648	5
1	57.00	251.00	62.70	247.98	6.46	1	1	
2	62.70	247.98	70.69	243.75	9.03	2	1	3	
3	70.69	243.75	96.76	229.93	29.51	1	1	
4	96.76	229.93	171.56	190.30	84.65	0	
5	171.56	190.30	191.00	180.00	22.00	1	14	

1	15	202.312	8
1	57.00	251.00	60.31	247.87	4.56	1	1	
2	60.31	247.87	72.95	235.92	17.39	2	1	3	
3	72.95	235.92	89.70	220.08	23.05	1	1	
4	89.70	220.08	131.19	180.85	57.11	0	
5	131.19	180.85	165.24	148.65	46.86	1	9	
6	165.24	148.65	184.73	130.22	26.82	0	
7	184.73	130.22	191.65	123.68	9.52	1	12	
8	191.65	123.68	204.00	112.00	17.00	2	12	15	

2	0	226.020	6
1	4.00	253.00	3.52	217.01	36.00	1	2	
2	3.52	217.01	2.99	176.98	40.03	0	
3	2.99	176.98	2.30	125.00	51.98	0	
4	2.30	125.00	1.42	58.76	66.25	0	
5	1.42	58.76	1.02	28.70	30.07	0	
6	1.02	28.70	1.00	27.00	1.70	1	7	

2	1	53.038	3
1	4.00	253.00	12.03	252.70	8.04	1	2	
2	12.03	252.70	39.97	251.64	27.96	2	1	2	
3	39.97	251.64	57.00	251.00	17.04	1	1	

2	2	0	0

2	3	60.166	4
1	4.00	253.00	12.00	250.79	8.30	1	2	
2	12.00	250.79	38.70	243.43	27.70	2	1	2	
3	38.70	243.43	51.40	239.93	13.17	1	1	
4	51.40	239.93	62.00	237.00	11.00	2	1	3	

2	4	332.543	11
1	4.00	253.00	12.10	248.07	9.48	1	2	
2	12.10	248.07	34.74	234.27	26.52	2	1	2	
3	34.74	234.27	74.99	209.75	47.13	1	1	
4	74.99	209.75	126.02	178.67	59.74	0	
5	126.02	178.67	165.99	154.32	46.81	1	9	
6	165.99	154.32	183.01	143.96	19.93	0	
7	183.01	143.96	208.60	128.36	29.97	1	12	
8	208.60	128.36	216.43	123.60	9.16	2	12	15	
9	216.43	123.60	253.86	100.79	43.83	1	12	
10	253.86	100.79	274.34	88.32	23.97	0	
11	274.34	88.32	288.00	80.00	16.00	1	4	

2	5	242.825	6
1	4.00	253.00	6.97	217.12	36.00	1	2	
2	6.97	217.12	10.40	175.61	41.66	0	
3	10.40	175.61	14.32	128.10	47.66	0	
4	14.32	128.10	19.48	65.64	62.68	0	
5	19.48	65.64	21.61	39.90	25.82	1	7	
6	21.61	39.90	24.00	11.00	29.00	1	7	

2	6	256.462	6
1	4.00	253.00	17.76	219.73	36.00	1	2	
2	17.76	219.73	48.28	145.92	79.88	0	
3	48.28	145.92	54.91	129.88	17.35	1	8	
4	54.91	129.88	88.93	47.60	89.04	0	
5	88.93	47.60	95.12	32.63	16.20	1	10	
6	95.12	32.63	102.00	16.00	18.00	2	6	10	

2	7	229.961	6
1	4.00	253.00	7.29	217.15	36.00	1	2	
2	7.29	217.15	11.12	175.35	41.98	0	
3	11.12	175.35	15.40	128.72	46.83	1	11	
4	15.40	128.72	21.16	65.82	63.16	0	
5	21.16	65.82	23.53	40.00	25.94	1	7	
6	23.53	40.00	25.00	24.00	16.06	2	5	7	

2	8	124.652	3
1	4.00	253.00	16.42	219.21	36.00	1	2	
2	16.42	219.21	43.55	145.39	78.65	0	
3	43.55	145.39	47.00	136.00	10.00	1	8	

2	9	166.820	5
1	4.00	253.00	12.17	247.07	10.10	1	2	
2	12.17	247.07	33.13	231.85	25.90	2	1	2	
3	33.13	231.85	67.15	207.16	42.03	1	1	
4	67.15	207.16	117.15	170.86	61.79	0	
5	117.15	170.86	139.00	155.00	27.00	1	9	

2	10	261.964	6
1	4.00	253.00	18.43	220.02	36.00	1	2	
2	18.43	220.02	51.22	145.07	81.81	0	
3	51.22	145.07	56.52	132.95	13.23	1	8	
4	56.52	132.95	92.97	49.65	90.92	0	
5	92.97	49.65	99.87	33.87	17.22	1	10	
6	99.87	33.87	109.00	13.00	22.78	2	6	10	

2	11	102.020	3
1	4.00	253.00	3.29	217.01	36.00	1	2	
2	3.29	217.01	2.51	176.99	40.02	0	
3	2.51	176.99	2.00	151.00	26.00	1	11	

2	12	252.248	11
1	4.00	253.00	12.04	249.10	8.93	1	2	
2	12.04	249.10	36.40	237.30	27.07	2	1	2	
3	36.40	237.30	55.88	227.86	21.65	1	1	
4	55.88	227.86	58.62	226.53	3.05	2	1	3	
5	58.62	226.53	83.37	214.54	27.51	1	1	
6	83.37	214.54	147.17	183.62	70.89	0	
7	147.17	183.62	165.00	174.98	19.81	1	13	
8	165.00	174.98	170.36	172.39	5.96	0	
9	170.36	172.39	187.80	163.93	19.38	1	14	
10	187.80	163.93	197.81	159.08	11.12	2	12	14	
11	197.81	159.08	231.00	143.00	36.88	1	12	

2	13	169.068	6
1	4.00	253.00	12.05	248.81	9.08	1	2	
2	12.05	248.81	35.94	236.39	26.92	2	1	2	
3	35.94	236.39	81.02	212.95	50.81	1	1	
4	81.02	212.95	140.63	181.95	67.19	0	
5	140.63	181.95	144.24	180.07	4.07	1	9	
6	144.24	180.07	154.00	175.00	11.00	2	9	13	

2	14	200.744	7
1	4.00	253.00	12.01	249.87	8.60	1	2	
2	12.01	249.87	37.54	239.91	27.40	2	1	2	
3	37.54	239.91	51.28	234.54	14.75	1	1	
4	51.28	234.54	68.22	227.93	18.19	2	1	3	
5	68.22	227.93	89.32	219.69	22.65	1	1	
6	89.32	219.69	170.51	188.00	87.15	0	
7	170.51	188.00	191.00	180.00	22.00	1	14	

2	15	244.706	8
1	4.00	253.00	12.16	247.25	9.98	1	2	
2	12.16	247.25	33.42	232.26	26.02	2	1	2	
3	33.42	232.26	68.53	207.50	42.96	1	1	
4	68.53	207.50	118.34	172.39	60.94	0	
5	118.34	172.39	162.32	141.39	53.80	1	9	
6	162.32	141.39	186.90	124.06	30.07	0	
7	186.90	124.06	190.11	121.80	3.93	1	12	
8	190.11	121.80	204.00	112.00	17.00	2	12	15	

3	0	218.680	5
1	62.00	237.00	58.93	226.44	11.00	2	1	3	
2	58.93	226.44	53.05	206.17	21.10	1	1	
3	53.05	206.17	11.70	63.84	148.22	0	
4	11.70	63.84	1.76	29.61	35.64	1	7	
5	1.76	29.61	1.00	27.00	2.72	2	5	7	

3	1	14.866	2
1	62.00	237.00	58.30	247.36	11.00	2	1	3	
2	58.30	247.36	57.00	251.00	3.87	1	1	

3	2	60.166	4
1	62.00	237.00	51.40	239.93	11.00	2	1	3	
2	51.40	239.93	38.70	243.43	13.17	1	1	
3	38.70	243.43	12.00	250.79	27.70	2	1	2	
4	12.00	250.79	4.00	253.00	8.30	1	2	

3	3	0	0

3	4	275.182	10
1	62.00	237.00	71.03	230.72	11.00	2	1	3	
2	71.03	230.72	88.34	218.70	21.07	1	1	
3	88.34	218.70	141.32	181.90	64.51	0	
4	141.32	181.90	144.16	179.92	3.47	1	9	
5	144.16	179.92	162.05	167.50	21.77	2	9	13	
6	162.05	167.50	163.40	166.56	1.65	1	9	
7	163.40	166.56	183.91	152.31	24.97	0	
8	183.91	152.31	256.16	102.12	87.97	1	12	
9	256.16	102.12	274.86	89.13	22.77	0	
10	274.86	89.13	288.00	80.00	16.00	1	4	

3	5	229.172	7
1	62.00	237.00	60.18	226.15	11.00	2	1	3	
2	60.18	226.15	56.79	206.00	20.43	1	1	
3	56.79	206.00	46.70	146.00	60.85	0	
4	46.70	146.00	43.45	126.65	19.61	1	8	
5	43.45	126.65	33.11	65.21	62.31	0	
6	33.11	65.21	28.81	39.60	25.97	1	7	
7	28.81	39.60	24.00	11.00	29.00	2	5	7	

3	6	224.591	5
1	62.00	237.00	63.96	226.18	11.00	2	1	3	
2	63.96	226.18	67.39	207.22	19.27	0	
3	67.39	207.22	95.71	50.73	159.03	0	
4	95.71	50.73	98.79	33.71	17.29	1	10	
5	98.79	33.71	102.00	16.00	18.00	2	6	10	

3	7	216.190	7
1	62.00	237.00	60.12	226.16	11.00	2	1	3	
2	60.12	226.16	56.62	206.00	20.46	1	1	
3	56.62	206.00	46.19	145.97	60.93	0	
4	46.19	145.97	42.87	126.89	19.36	1	8	
5	42.87	126.89	32.19	65.38	62.43	0	
6	32.19	65.38	27.74	39.76	26.01	1	7	
7	27.74	39.76	25.00	24.00	15.99	2	5	7	

3	8	102.108	4
1	62.00	237.00	60.38	226.12	11.00	2	1	3	
2	60.38	226.12	57.40	206.00	20.34	1	1	
3	57.40	206.00	48.47	145.89	60.77	0	
4	48.47	145.89	47.00	136.00	10.00	1	8	

3	9	112.486	4
1	62.00	237.00	69.53	228.98	11.00	2	1	3	
2	69.53	228.98	83.21	214.42	19.98	1	1	
3	83.21	214.42	120.52	174.68	54.51	0	
4	120.52	174.68	139.00	155.00	27.00	1	9	

3	10	228.878	5
1	62.00	237.00	64.26	226.23	11.00	2	1	3	
2	64.26	226.23	68.21	207.42	19.23	0	
3	68.21	207.42	100.79	52.15	158.65	0	
4	100.79	52.15	104.63	33.81	18.74	1	10	
5	104.63	33.81	109.00	13.00	21.26	2	6	10	

3	11	104.862	4
1	62.00	237.00	55.71	227.98	11.00	2	1	3	
2	55.71	227.98	42.13	208.53	23.72	1	1	
3	42.13	208.53	16.88	172.32	44.14	0	
4	16.88	172.32	2.00	151.00	26.00	1	11	

3	12	193.383	8
1	62.00	237.00	71.61	231.65	11.00	2	1	3	
2	71.61	231.65	90.62	221.08	21.74	1	1	
3	90.62	221.08	153.70	186.00	72.18	0	
4	153.70	186.00	163.50	180.54	11.22	1	13	
5	163.50	180.54	169.15	177.40	6.47	0	
6	169.15	177.40	189.05	166.33	22.77	1	14	
7	189.05	166.33	200.31	160.07	12.89	2	12	14	
8	200.31	160.07	231.00	143.00	35.11	1	12	

3	13	110.941	5
1	62.00	237.00	71.12	230.85	11.00	2	1	3	
2	71.12	230.85	88.67	219.03	21.16	1	1	
3	88.67	219.03	144.43	181.45	67.25	0	
4	144.43	181.45	144.88	181.15	0.54	1	9	
5	144.88	181.15	154.00	175.00	11.00	2	9	13	

3	14	141.032	4
1	62.00	237.00	72.06	232.55	11.00	2	1	3	
2	72.06	232.55	92.60	223.48	22.46	1	1	
3	92.60	223.48	170.88	188.89	85.58	0	
4	170.88	188.89	191.00	180.00	22.00	1	14	

3	15	189.180	7
1	62.00	237.00	70.26	229.73	11.00	2	1	3	
2	70.26	229.73	85.58	216.24	20.42	1	1	
3	85.58	216.24	127.44	179.40	55.76	0	
4	127.44	179.40	164.67	146.62	49.60	1	9	
5	164.67	146.62	185.24	128.52	27.40	0	
6	185.24	128.52	191.24	123.23	8.00	1	12	
7	191.24	123.23	204.00	112.00	17.00	2	12	15	

4	0	291.853	6
1	288.00	80.00	272.27	77.09	16.00	1	4	
2	272.27	77.09	124.61	49.83	150.15	0	
3	124.61	49.83	81.26	41.82	44.08	1	10	
4	81.26	41.82	64.34	38.70	17.21	0	
5	64.34	38.70	41.12	34.41	23.62	1	7	
6	41.12	34.41	1.00	27.00	40.80	2	5	7	

4	1	287.406	9
1	288.00	80.00	275.14	89.52	16.00	1	4	
2	275.14	89.52	257.21	102.79	22.30	0	
3	257.21	102.79	184.89	156.33	89.99	1	12	
4	184.89	156.33	164.42	171.48	25.46	0	
5	164.42	171.48	147.59	183.94	20.94	1	13	
6	147.59	183.94	93.17	224.23	67.71	0	
7	93.17	224.23	72.75	239.34	25.41	1	1	
8	72.75	239.34	61.10	247.96	14.49	2	1	3	
9	61.10	247.96	57.00	251.00	5.10	1	1	

4	2	332.543	11
1	288.00	80.00	274.34	88.32	16.00	1	4	
2	274.34	88.32	253.86	100.79	23.97	0	
3	253.86	100.79	216.43	123.60	43.83	1	12	
4	216.43	123.60	208.60	128.36	9.16	2	12	15	
5	208.60	128.36	183.01	143.96	29.97	1	12	
6	183.01	143.96	165.99	154.32	19.93	0	
7	165.99	154.32	126.02	178.67	46.81	1	9	
8	126.02	178.67	74.99	209.75	59.74	0	
9	74.99	209.75	34.74	234.27	47.13	1	1	
10	34.74	234.27	12.10	248.07	26.52	2	1	2	
11	12.10	248.07	4.00	253.00	9.48	1	2	

4	3	275.182	10
1	288.00	80.00	274.86	89.13	16.00	1	4	
2	274.86	89.13	256.16	102.12	22.77	0	
3	256.16	102.12	183.91	152.31	87.97	1	12	
4	183.91	152.31	163.40	166.56	24.97	0	
5	163.40	166.56	162.05	167.50	1.65	1	9	
6	162.05	167.50	144.16	179.92	21.77	2	9	13	
7	144.16	179.92	141.32	181.90	3.47	1	9	
8	141.32	181.90	88.34	218.70	64.51	0	
9	88.34	218.70	71.03	230.72	21.07	1	1	
10	71.03	230.72	62.00	237.00	11.00	2	1	3	

4	4	0	0

4	5	272.868	8
1	288.00	80.00	272.52	75.95	16.00	1	4	
2	272.52	75.95	137.81	40.75	139.23	0	
3	137.81	40.75	108.03	32.96	30.79	1	10	
4	108.03	32.96	88.45	27.84	20.24	2	6	10	
5	88.45	27.84	70.30	23.10	18.76	1	10	
6	70.30	23.10	66.96	22.23	3.45	0	
7	66.96	22.23	52.06	18.33	15.41	1	7	
8	52.06	18.33	24.00	11.00	29.00	2	5	7	

4	6	196.703	4
1	288.00	80.00	272.87	74.79	16.00	1	4	
2	272.87	74.79	144.85	30.74	135.39	0	
3	144.85	30.74	119.02	21.86	27.31	1	10	
4	119.02	21.86	102.00	16.00	18.00	2	6	10	

4	7	268.896	6
1	288.00	80.00	272.35	76.67	16.00	1	4	
2	272.35	76.67	130.81	46.53	144.71	0	
3	130.81	46.53	75.42	34.74	56.63	1	10	
4	75.42	34.74	66.08	32.75	9.55	0	
5	66.08	32.75	46.99	28.68	19.52	1	7	
6	46.99	28.68	25.00	24.00	22.48	2	5	7	

4	8	247.421	5
1	288.00	80.00	272.42	83.62	16.00	1	4	
2	272.42	83.62	212.82	97.47	61.18	0	
3	212.82	97.47	189.67	102.85	23.77	1	15	
4	189.67	102.85	56.74	133.74	136.48	0	
5	56.74	133.74	47.00	136.00	10.00	1	8	

4	9	166.811	7
1	288.00	80.00	273.71	87.19	16.00	1	4	
2	273.71	87.19	250.22	99.02	26.30	0	
3	250.22	99.02	220.91	113.77	32.82	1	12	
4	220.91	113.77	195.35	126.64	28.61	2	12	15	
5	195.35	126.64	184.22	132.24	12.46	1	12	
6	184.22	132.24	163.12	142.86	23.63	0	
7	163.12	142.86	139.00	155.00	27.00	1	9	

4	10	191.128	4
1	288.00	80.00	273.02	74.39	16.00	1	4	
2	273.02	74.39	146.46	27.02	135.13	0	
3	146.46	27.02	119.97	17.10	28.29	1	10	
4	119.97	17.10	109.00	13.00	11.71	2	6	10	

4	11	294.681	9
1	288.00	80.00	272.47	83.86	16.00	1	4	
2	272.47	83.86	226.86	95.18	47.00	0	
3	226.86	95.18	214.12	98.34	13.12	1	12	
4	214.12	98.34	212.30	98.79	1.88	2	12	15	
5	212.30	98.79	188.67	104.66	24.35	1	15	
6	188.67	104.66	56.91	137.37	135.76	0	
7	56.91	137.37	38.88	141.84	18.57	1	8	
8	38.88	141.84	27.23	144.74	12.00	0	
9	27.23	144.74	2.00	151.00	26.00	1	11	

4	12	84.959	3
1	288.00	80.00	277.27	91.86	16.00	1	4	
2	277.27	91.86	263.20	107.41	20.96	0	
3	263.20	107.41	231.00	143.00	48.00	1	12	

4	13	164.259	6
1	288.00	80.00	274.95	89.25	16.00	1	4	
2	274.95	89.25	256.50	102.33	22.61	0	
3	256.50	102.33	184.19	153.60	88.64	1	12	
4	184.19	153.60	162.97	168.64	26.00	0	
5	162.97	168.64	161.79	169.48	1.45	1	13	
6	161.79	169.48	154.00	175.00	9.55	2	9	13	

4	14	139.316	5
1	288.00	80.00	276.86	91.48	16.00	1	4	
2	276.86	91.48	262.24	106.56	21.00	0	
3	262.24	106.56	206.32	164.21	80.32	1	12	
4	206.32	164.21	195.53	175.33	15.50	2	12	14	
5	195.53	175.33	191.00	180.00	6.50	1	14	

4	15	89.889	4
1	288.00	80.00	273.05	85.70	16.00	1	4	
2	273.05	85.70	243.95	96.78	31.14	0	
3	243.95	96.78	219.89	105.95	25.75	1	12	
4	219.89	105.95	204.00	112.00	17.00	2	12	15	

5	0	28.018	1
1	24.00	11.00	1.00	27.00	28.02	2	5	7	

5	1	242.258	8
1	24.00	11.00	27.95	39.73	29.00	2	5	7	
2	27.95	39.73	31.49	65.50	26.01	0	
3	31.49	65.50	40.18	128.69	63.78	0	
4	40.18	128.69	42.41	144.88	16.35	1	8	
5	42.41	144.88	50.87	206.42	62.11	0	
6	50.87	206.42	54.03	229.42	23.21	1	1	
7	54.03	229.42	56.37	246.45	17.20	2	1	3	
8	56.37	246.45	57.00	251.00	4.59	1	1	

5	2	242.825	6
1	24.00	11.00	21.61	39.90	29.00	1	7	
2	21.61	39.90	19.48	65.64	25.82	1	7	
3	19.48	65.64	14.32	128.10	62.68	0	
4	14.32	128.10	10.40	175.61	47.66	0	
5	10.40	175.61	6.97	217.12	41.66	0	
6	6.97	217.12	4.00	253.00	36.00	1	2	

5	3	229.172	7
1	24.00	11.00	28.81	39.60	29.00	2	5	7	
2	28.81	39.60	33.11	65.21	25.97	1	7	
3	33.11	65.21	43.45	126.65	62.31	0	
4	43.45	126.65	46.70	146.00	19.61	1	8	
5	46.70	146.00	56.79	206.00	60.85	0	
6	56.79	206.00	60.18	226.15	20.43	1	1	
7	60.18	226.15	62.00	237.00	11.00	2	1	3	

5	4	272.868	8
1	24.00	11.00	52.06	18.33	29.00	2	5	7	
2	52.06	18.33	66.96	22.23	15.41	1	7	
3	66.96	22.23	70.30	23.10	3.45	0	
4	70.30	23.10	88.45	27.84	18.76	1	10	
5	88.45	27.84	108.03	32.96	20.24	2	6	10	
6	108.03	32.96	137.81	40.75	30.79	1	10	
7	137.81	40.75	272.52	75.95	139.23	0	
8	272.52	75.95	288.00	80.00	16.00	1	4	

5	5	0	0

5	6	78.160	5
1	24.00	11.00	52.94	12.86	29.00	2	5	7	
2	52.94	12.86	65.71	13.67	12.80	1	7	
3	65.71	13.67	69.01	13.89	3.31	0	
4	69.01	13.89	84.04	14.85	15.06	1	10	
5	84.04	14.85	102.00	16.00	18.00	2	6	10	

5	7	13.038	1
1	24.00	11.00	25.00	24.00	13.04	2	5	7	

5	8	127.098	4
1	24.00	11.00	29.25	39.52	29.00	2	5	7	
2	29.25	39.52	33.94	65.04	25.94	1	7	
3	33.94	65.04	45.19	126.17	62.15	0	
4	45.19	126.17	47.00	136.00	10.00	1	8	

5	9	184.285	4
1	24.00	11.00	42.10	33.66	29.00	2	5	7	
2	42.10	33.66	56.54	51.74	23.14	1	7	
3	56.54	51.74	122.15	133.90	105.15	0	
4	122.15	133.90	139.00	155.00	27.00	1	9	

5	10	85.024	5
1	24.00	11.00	52.99	11.68	29.00	2	5	7	
2	52.99	11.68	65.24	11.97	12.25	1	7	
3	65.24	11.97	69.01	12.06	3.77	0	
4	69.01	12.06	84.36	12.42	15.35	1	10	
5	84.36	12.42	109.00	13.00	24.65	2	6	10	

5	11	141.718	4
1	24.00	11.00	19.50	39.65	29.00	2	5	7	
2	19.50	39.65	15.53	64.92	25.58	1	7	
3	15.53	64.92	6.04	125.32	61.14	0	
4	6.04	125.32	2.00	151.00	26.00	1	11	

5	12	245.506	6
1	24.00	11.00	48.45	26.59	29.00	2	5	7	
2	48.45	26.59	64.91	37.09	19.52	1	7	
3	64.91	37.09	187.29	115.13	145.15	0	
4	187.29	115.13	190.53	117.19	3.84	1	15	
5	190.53	117.19	208.21	128.47	20.97	2	12	15	
6	208.21	128.47	231.00	143.00	27.03	1	12	

5	13	209.275	5
1	24.00	11.00	42.01	33.73	29.00	2	5	7	
2	42.01	33.73	56.41	51.88	23.17	1	7	
3	56.41	51.88	121.71	134.26	105.12	0	
4	121.71	134.26	147.17	166.38	40.98	1	9	
5	147.17	166.38	154.00	175.00	11.00	2	9	13	

5	14	237.592	6
1	24.00	11.00	44.38	31.63	29.00	2	5	7	
2	44.38	31.63	59.91	47.34	22.10	1	7	
3	59.91	47.34	139.62	128.01	113.40	0	
4	139.62	128.01	166.00	154.70	37.53	1	9	
5	166.00	154.70	175.54	164.35	13.57	0	
6	175.54	164.35	191.00	180.00	22.00	1	14	

5	15	206.400	7
1	24.00	11.00	49.29	25.19	29.00	2	5	7	
2	49.29	25.19	65.69	34.39	18.81	1	7	
3	65.69	34.39	86.48	46.06	23.83	0	
4	86.48	46.06	92.52	49.45	6.93	1	10	
5	92.52	49.45	189.17	103.68	110.83	0	
6	189.17	103.68	197.68	108.45	9.75	1	15	
7	197.68	108.45	204.00	112.00	7.25	2	12	15	

6	0	101.597	5
1	102.00	16.00	84.11	17.95	18.00	2	6	10	
2	84.11	17.95	69.54	19.54	14.65	1	10	
3	69.54	19.54	66.79	19.83	2.76	0	
4	66.79	19.83	51.01	21.55	15.87	1	7	
5	51.01	21.55	1.00	27.00	50.31	2	5	7	

6	1	239.270	6
1	102.00	16.00	98.61	33.68	18.00	2	6	10	
2	98.61	33.68	95.37	50.61	17.24	1	10	
3	95.37	50.61	65.46	206.80	159.03	0	
4	65.46	206.80	61.79	226.00	19.55	0	
5	61.79	226.00	57.74	247.14	21.52	2	1	3	
6	57.74	247.14	57.00	251.00	3.93	1	1	

6	2	256.462	6
1	102.00	16.00	95.12	32.63	18.00	2	6	10	
2	95.12	32.63	88.93	47.60	16.20	1	10	
3	88.93	47.60	54.91	129.88	89.04	0	
4	54.91	129.88	48.28	145.92	17.35	1	8	
5	48.28	145.92	17.76	219.73	79.88	0	
6	17.76	219.73	4.00	253.00	36.00	1	2	

6	3	224.591	5
1	102.00	16.00	98.79	33.71	18.00	2	6	10	
2	98.79	33.71	95.71	50.73	17.29	1	10	
3	95.71	50.73	67.39	207.22	159.03	0	
4	67.39	207.22	63.96	226.18	19.27	0	
5	63.96	226.18	62.00	237.00	11.00	2	1	3	

6	4	196.703	4
1	102.00	16.00	119.02	21.86	18.00	2	6	10	
2	119.02	21.86	144.85	30.74	27.31	1	10	
3	144.85	30.74	272.87	74.79	135.39	0	
4	272.87	74.79	288.00	80.00	16.00	1	4	

6	5	78.160	5
1	102.00	16.00	84.04	14.85	18.00	2	6	10	
2	84.04	14.85	69.01	13.89	15.06	1	10	
3	69.01	13.89	65.71	13.67	3.31	0	
4	65.71	13.67	52.94	12.86	12.80	1	7	
5	52.94	12.86	24.00	11.00	29.00	2	5	7	

6	6	0	0

6	7	77.414	5
1	102.00	16.00	84.10	17.86	18.00	2	6	10	
2	84.10	17.86	69.51	19.38	14.66	1	10	
3	69.51	19.38	66.78	19.66	2.75	0	
4	66.78	19.66	51.11	21.29	15.75	1	7	
5	51.11	21.29	25.00	24.00	26.25	2	5	7	

6	8	132.004	4
1	102.00	16.00	94.50	32.36	18.00	2	6	10	
2	94.50	32.36	87.82	46.93	16.03	1	10	
3	87.82	46.93	51.17	126.91	87.98	0	
4	51.17	126.91	47.00	136.00	10.00	1	8	

6	9	143.840	4
1	102.00	16.00	106.63	33.39	18.00	2	6	10	
2	106.63	33.39	111.82	52.90	20.19	1	10	
3	111.82	52.90	132.05	128.91	78.65	0	
4	132.05	128.91	139.00	155.00	27.00	1	9	

6	10	7.616	1
1	102.00	16.00	109.00	13.00	7.62	2	6	10	

6	11	168.003	4
1	102.00	16.00	91.29	30.46	18.00	2	6	10	
2	91.29	30.46	82.22	42.71	15.24	1	10	
3	82.22	42.71	17.48	130.11	108.76	0	
4	17.48	130.11	2.00	151.00	26.00	1	11	

6	12	181.025	6
1	102.00	16.00	114.83	28.63	18.00	2	6	10	
2	114.83	28.63	132.11	45.65	24.26	1	10	
3	132.11	45.65	189.89	102.52	81.07	0	
4	189.89	102.52	196.79	109.33	9.69	1	15	
5	196.79	109.33	213.70	125.96	23.72	2	12	15	
6	213.70	125.96	231.00	143.00	24.28	1	12	

6	13	167.287	5
1	102.00	16.00	107.60	33.11	18.00	2	6	10	
2	107.60	33.11	114.00	52.69	20.60	1	10	
3	114.00	52.69	138.63	128.00	79.24	0	
4	138.63	128.00	150.58	164.54	38.45	1	9	
5	150.58	164.54	154.00	175.00	11.00	2	9	13	

6	14	186.593	4
1	102.00	16.00	110.59	31.82	18.00	2	6	10	
2	110.59	31.82	121.07	51.14	21.98	1	10	
3	121.07	51.14	180.51	160.66	124.62	0	
4	180.51	160.66	191.00	180.00	22.00	1	14	

6	15	140.071	5
1	102.00	16.00	115.11	28.34	18.00	2	6	10	
2	115.11	28.34	132.90	45.08	24.43	1	10	
3	132.90	45.08	191.62	100.35	80.64	0	
4	191.62	100.35	198.96	107.26	10.08	1	15	
5	198.96	107.26	204.00	112.00	6.92	2	12	15	

7	0	24.187	1
1	25.00	24.00	1.00	27.00	24.19	2	5	7	

7	1	229.244	8
1	25.00	24.00	27.23	39.82	15.98	1	7	
2	27.23	39.82	30.86	65.59	26.02	1	7	
3	30.86	65.59	39.81	129.05	64.09	0	
4	39.81	129.05	42.01	144.67	15.77	1	8	
5	42.01	144.67	50.72	206.44	62.39	0	
6	50.72	206.44	53.97	229.49	23.27	1	1	
7	53.97	229.49	56.36	246.44	17.12	2	1	3	
8	56.36	246.44	57.00	251.00	4.60	1	1	

7	2	229.961	6
1	25.00	24.00	23.53	40.00	16.06	2	5	7	
2	23.53	40.00	21.16	65.82	25.94	1	7	
3	21.16	65.82	15.40	128.72	63.16	0	
4	15.40	128.72	11.12	175.35	46.83	1	11	
5	11.12	175.35	7.29	217.15	41.98	0	
6	7.29	217.15	4.00	253.00	36.00	1	2	

7	3	216.190	7
1	25.00	24.00	27.74	39.76	15.99	2	5	7	
2	27.74	39.76	32.19	65.38	26.01	1	7	
3	32.19	65.38	42.87	126.89	62.43	0	
4	42.87	126.89	46.19	145.97	19.36	1	8	
5	46.19	145.97	56.62	206.00	60.93	0	
6	56.62	206.00	60.12	226.16	20.46	1	1	
7	60.12	226.16	62.00	237.00	11.00	2	1	3	

7	4	268.896	6
1	25.00	24.00	46.99	28.68	22.48	2	5	7	
2	46.99	28.68	66.08	32.75	19.52	1	7	
3	66.08	32.75	75.42	34.74	9.55	0	
4	75.42	34.74	130.81	46.53	56.63	1	10	
5	130.81	46.53	272.35	76.67	144.71	0	
6	272.35	76.67	288.00	80.00	16.00	1	4	

7	5	13.038	1
1	25.00	24.00	24.00	11.00	13.04	2	5	7	

7	6	77.414	5
1	25.00	24.00	51.11	21.29	26.25	2	5	7	
2	51.11	21.29	66.78	19.66	15.75	1	7	
3	66.78	19.66	69.51	19.38	2.75	0	
4	69.51	19.38	84.10	17.86	14.66	1	10	
5	84.10	17.86	102.00	16.00	18.00	2	6	10	

7	7	0	0

7	8	114.140	4
1	25.00	24.00	28.09	39.71	16.01	2	5	7	
2	28.09	39.71	33.10	65.21	25.99	1	7	
3	33.10	65.21	45.07	126.19	62.14	0	
4	45.07	126.19	47.00	136.00	10.00	1	8	

7	9	173.658	4
1	25.00	24.00	36.47	37.18	17.47	2	5	7	
2	36.47	37.18	52.57	55.68	24.53	1	7	
3	52.57	55.68	121.28	134.63	104.66	0	
4	121.28	134.63	139.00	155.00	27.00	1	9	

7	10	84.717	5
1	25.00	24.00	51.38	20.54	26.61	2	5	7	
2	51.38	20.54	66.64	18.55	15.39	1	7	
3	66.64	18.55	69.34	18.19	2.72	0	
4	69.34	18.19	84.00	16.27	14.79	1	10	
5	84.00	16.27	109.00	13.00	25.21	2	6	10	

7	11	129.066	4
1	25.00	24.00	22.11	39.94	16.20	2	5	7	
2	22.11	39.94	17.52	65.33	25.80	0	
3	17.52	65.33	6.63	125.42	61.07	0	
4	6.63	125.42	2.00	151.00	26.00	1	11	

7	12	237.901	6
1	25.00	24.00	41.94	33.79	19.56	2	5	7	
2	41.94	33.79	61.37	45.01	22.44	1	7	
3	61.37	45.01	188.20	118.28	146.47	0	
4	188.20	118.28	189.44	118.99	1.43	1	15	
5	189.44	118.99	206.46	128.82	19.66	2	12	15	
6	206.46	128.82	231.00	143.00	28.34	1	12	

7	13	198.600	5
1	25.00	24.00	36.32	37.25	17.43	2	5	7	
2	36.32	37.25	52.28	55.93	24.57	1	7	
3	52.28	55.93	120.29	135.54	104.70	0	
4	120.29	135.54	146.85	166.64	40.90	1	9	
5	146.85	166.64	154.00	175.00	11.00	2	9	13	

7	14	227.798	6
1	25.00	24.00	38.12	36.33	18.00	2	5	7	
2	38.12	36.33	55.61	52.76	23.99	1	7	
3	55.61	52.76	135.86	128.18	110.13	0	
4	135.86	128.18	165.96	156.47	41.30	1	9	
5	165.96	156.47	174.97	164.93	12.36	0	
6	174.97	164.93	191.00	180.00	22.00	1	14	

7	15	199.462	5
1	25.00	24.00	43.04	32.87	20.11	2	5	7	
2	43.04	32.87	62.69	42.53	21.89	1	7	
3	62.69	42.53	188.74	104.50	140.46	0	
4	188.74	104.50	197.38	108.74	9.62	1	15	
5	197.38	108.74	204.00	112.00	7.38	2	12	15	

8	0	118.309	4
1	47.00	136.00	43.11	126.79	10.00	1	8	
2	43.11	126.79	17.15	65.26	66.78	0	
3	17.15	65.26	2.43	30.38	37.86	1	7	
4	2.43	30.38	1.00	27.00	3.67	2	5	7	

8	1	115.434	5
1	47.00	136.00	47.87	145.96	10.00	1	8	
2	47.87	145.96	53.10	206.17	60.43	0	
3	53.10	206.17	55.04	228.48	22.40	1	1	
4	55.04	228.48	56.62	246.59	18.18	2	1	3	
5	56.62	246.59	57.00	251.00	4.42	1	1	

8	2	124.652	3
1	47.00	136.00	43.55	145.39	10.00	1	8	
2	43.55	145.39	16.42	219.21	78.65	0	
3	16.42	219.21	4.00	253.00	36.00	1	2	

8	3	102.108	4
1	47.00	136.00	48.47	145.89	10.00	1	8	
2	48.47	145.89	57.40	206.00	60.77	0	
3	57.40	206.00	60.38	226.12	20.34	1	1	
4	60.38	226.12	62.00	237.00	11.00	2	1	3	

8	4	247.421	5
1	47.00	136.00	56.74	133.74	10.00	1	8	
2	56.74	133.74	189.67	102.85	136.48	0	
3	189.67	102.85	212.82	97.47	23.77	1	15	
4	212.82	97.47	272.42	83.62	61.18	0	
5	272.42	83.62	288.00	80.00	16.00	1	4	

8	5	127.098	4
1	47.00	136.00	45.19	126.17	10.00	1	8	
2	45.19	126.17	33.94	65.04	62.15	0	
3	33.94	65.04	29.25	39.52	25.94	1	7	
4	29.25	39.52	24.00	11.00	29.00	2	5	7	

8	6	132.004	4
1	47.00	136.00	51.17	126.91	10.00	1	8	
2	51.17	126.91	87.82	46.93	87.98	0	
3	87.82	46.93	94.50	32.36	16.03	1	10	
4	94.50	32.36	102.00	16.00	18.00	2	6	10	

8	7	114.140	4
1	47.00	136.00	45.07	126.19	10.00	1	8	
2	45.07	126.19	33.10	65.21	62.14	0	
3	33.10	65.21	28.09	39.71	25.99	1	7	
4	28.09	39.71	25.00	24.00	16.01	2	5	7	

8	8	0	0

8	9	93.941	3
1	47.00	136.00	56.79	138.02	10.00	1	8	
2	56.79	138.02	112.56	149.54	56.94	0	
3	112.56	149.54	139.00	155.00	27.00	1	9	

8	10	137.743	4
1	47.00	136.00	51.50	127.07	10.00	1	8	
2	51.50	127.07	91.00	48.72	87.74	0	
3	91.00	48.72	98.58	33.67	16.85	1	10	
4	98.58	33.67	109.00	13.00	23.15	2	6	10	

8	11	47.434	3
1	47.00	136.00	37.51	139.16	10.00	1	8	
2	37.51	139.16	26.67	142.78	11.43	0	
3	26.67	142.78	2.00	151.00	26.00	1	11	

8	12	184.133	5
1	47.00	136.00	56.99	136.38	10.00	1	8	
2	56.99	136.38	117.49	138.68	60.54	0	
3	117.49	138.68	161.69	140.36	44.23	1	9	
4	161.69	140.36	183.03	141.18	21.36	0	
5	183.03	141.18	231.00	143.00	48.00	1	12	

8	13	113.886	4
1	47.00	136.00	56.40	139.42	10.00	1	8	
2	56.40	139.42	112.44	159.85	59.65	0	
3	112.44	159.85	143.67	171.23	33.24	1	9	
4	143.67	171.23	154.00	175.00	11.00	2	9	13	

8	14	150.572	7
1	47.00	136.00	56.56	138.92	10.00	1	8	
2	56.56	138.92	112.01	155.87	57.98	0	
3	112.01	155.87	146.96	166.54	36.55	1	9	
4	146.96	166.54	160.89	170.80	14.57	2	9	13	
5	160.89	170.80	164.56	171.92	3.83	1	13	
6	164.56	171.92	169.96	173.57	5.65	0	
7	169.96	173.57	191.00	180.00	22.00	1	14	

8	15	158.824	4
1	47.00	136.00	56.89	134.49	10.00	1	8	
2	56.89	134.49	187.20	114.57	131.82	0	
3	187.20	114.57	192.99	113.68	5.87	1	15	
4	192.99	113.68	204.00	112.00	11.13	2	12	15	

9	0	188.223	4
1	139.00	155.00	119.20	136.64	27.00	1	9	
2	119.20	136.64	40.04	63.21	107.97	0	
3	40.04	63.21	12.41	37.58	37.69	1	7	
4	12.41	37.58	1.00	27.00	15.56	2	5	7	

9	1	126.254	5
1	139.00	155.00	121.46	175.53	27.00	1	9	
2	121.46	175.53	86.23	216.78	54.25	0	
3	86.23	216.78	72.29	233.10	21.46	1	1	
4	72.29	233.10	59.76	247.77	19.29	2	1	3	
5	59.76	247.77	57.00	251.00	4.25	1	1	

9	2	166.820	5
1	139.00	155.00	117.15	170.86	27.00	1	9	
2	117.15	170.86	67.15	207.16	61.79	0	
3	67.15	207.16	33.13	231.85	42.03	1	1	
4	33.13	231.85	12.17	247.07	25.90	2	1	2	
5	12.17	247.07	4.00	253.00	10.10	1	2	

9	3	112.486	4
1	139.00	155.00	120.52	174.68	27.00	1	9	
2	120.52	174.68	83.21	214.42	54.51	0	
3	83.21	214.42	69.53	228.98	19.98	1	1	
4	69.53	228.98	62.00	237.00	11.00	2	1	3	

9	4	166.811	7
1	139.00	155.00	163.12	142.86	27.00	1	9	
2	163.12	142.86	184.22	132.24	23.63	0	
3	184.22	132.24	195.35	126.64	12.46	1	12	
4	195.35	126.64	220.91	113.77	28.61	2	12	15	
5	220.91	113.77	250.22	99.02	32.82	1	12	
6	250.22	99.02	273.71	87.19	26.30	0	
7	273.71	87.19	288.00	80.00	16.00	1	4	

9	5	184.285	4
1	139.00	155.00	122.15	133.90	27.00	1	9	
2	122.15	133.90	56.54	51.74	105.15	0	
3	56.54	51.74	42.10	33.66	23.14	1	7	
4	42.10	33.66	24.00	11.00	29.00	2	5	7	

9	6	143.840	4
1	139.00	155.00	132.05	128.91	27.00	1	9	
2	132.05	128.91	111.82	52.90	78.65	0	
3	111.82	52.90	106.63	33.39	20.19	1	10	
4	106.63	33.39	102.00	16.00	18.00	2	6	10	

9	7	173.658	4
1	139.00	155.00	121.28	134.63	27.00	1	9	
2	121.28	134.63	52.57	55.68	104.66	0	
3	52.57	55.68	36.47	37.18	24.53	1	7	
4	36.47	37.18	25.00	24.00	17.47	2	5	7	

9	8	93.941	3
1	139.00	155.00	112.56	149.54	27.00	1	9	
2	112.56	149.54	56.79	138.02	56.94	0	
3	56.79	138.02	47.00	136.00	10.00	1	8	

9	9	0	0

9	10	145.134	4
1	139.00	155.00	133.42	128.58	27.00	1	9	
2	133.42	128.58	117.27	52.14	78.13	0	
3	117.27	52.14	112.69	30.48	22.13	1	10	
4	112.69	30.48	109.00	13.00	17.87	2	6	10	

9	11	137.058	3
1	139.00	155.00	112.01	154.21	27.00	1	9	
2	112.01	154.21	27.99	151.76	84.06	0	
3	27.99	151.76	2.00	151.00	26.00	1	11	

9	12	92.779	3
1	139.00	155.00	165.77	151.51	27.00	1	9	
2	165.77	151.51	183.40	149.21	17.78	0	
3	183.40	149.21	231.00	143.00	48.00	1	12	

9	13	25.000	1
1	139.00	155.00	154.00	175.00	25.00	1	9	

9	14	57.697	3
1	139.00	155.00	163.33	166.70	27.00	1	9	
2	163.33	166.70	171.17	170.47	8.70	0	
3	171.17	170.47	191.00	180.00	22.00	1	14	

9	15	77.936	4
1	139.00	155.00	161.52	140.10	27.00	1	9	
2	161.52	140.10	187.36	123.01	30.99	0	
3	187.36	123.01	189.82	121.38	2.95	1	12	
4	189.82	121.38	204.00	112.00	17.00	2	12	15	

10	0	108.904	5
1	109.00	13.00	84.00	16.24	25.21	2	6	10	
2	84.00	16.24	69.33	18.14	14.79	1	10	
3	69.33	18.14	66.64	18.49	2.72	0	
4	66.64	18.49	51.41	20.47	15.35	1	7	
5	51.41	20.47	1.00	27.00	50.83	2	5	7	

10	1	243.614	6
1	109.00	13.00	104.45	33.83	21.32	2	6	10	
2	104.45	33.83	100.46	52.08	18.68	1	10	
3	100.46	52.08	66.61	207.04	158.61	0	
4	66.61	207.04	62.46	226.01	19.42	1	1	
5	62.46	226.01	57.83	247.18	21.67	2	1	3	
6	57.83	247.18	57.00	251.00	3.91	1	1	

10	2	261.964	6
1	109.00	13.00	99.87	33.87	22.78	2	6	10	
2	99.87	33.87	92.97	49.65	17.22	1	10	
3	92.97	49.65	56.52	132.95	90.92	0	
4	56.52	132.95	51.22	145.07	13.23	1	8	
5	51.22	145.07	18.43	220.02	81.81	0	
6	18.43	220.02	4.00	253.00	36.00	1	2	

10	3	228.878	5
1	109.00	13.00	104.63	33.81	21.26	2	6	10	
2	104.63	33.81	100.79	52.15	18.74	1	10	
3	100.79	52.15	68.21	207.42	158.65	0	
4	68.21	207.42	64.26	226.23	19.23	0	
5	64.26	226.23	62.00	237.00	11.00	2	1	3	

10	4	191.128	4
1	109.00	13.00	119.97	17.10	11.71	2	6	10	
2	119.97	17.10	146.46	27.02	28.29	1	10	
3	146.46	27.02	273.02	74.39	135.13	0	
4	273.02	74.39	288.00	80.00	16.00	1	4	

10	5	85.024	5
1	109.00	13.00	84.36	12.42	24.65	2	6	10	
2	84.36	12.42	69.01	12.06	15.35	1	10	
3	69.01	12.06	65.24	11.97	3.77	0	
4	65.24	11.97	52.99	11.68	12.25	1	7	
5	52.99	11.68	24.00	11.00	29.00	2	5	7	

10	6	7.616	1
1	109.00	13.00	102.00	16.00	7.62	2	6	10	

10	7	84.717	5
1	109.00	13.00	84.00	16.27	25.21	2	6	10	
2	84.00	16.27	69.34	18.19	14.79	1	10	
3	69.34	18.19	66.64	18.55	2.72	0	
4	66.64	18.55	51.38	20.54	15.39	1	7	
5	51.38	20.54	25.00	24.00	26.61	2	5	7	

10	8	137.743	4
1	109.00	13.00	98.58	33.67	23.15	2	6	10	
2	98.58	33.67	91.00	48.72	16.85	1	10	
3	91.00	48.72	51.50	127.07	87.74	0	
4	51.50	127.07	47.00	136.00	10.00	1	8	

10	9	145.134	4
1	109.00	13.00	112.69	30.48	17.87	2	6	10	
2	112.69	30.48	117.27	52.14	22.13	1	10	
3	117.27	52.14	133.42	128.58	78.13	0	
4	133.42	128.58	139.00	155.00	27.00	1	9	

10	10	0	0

10	11	174.622	4
1	109.00	13.00	94.12	32.19	24.28	2	6	10	
2	94.12	32.19	84.49	44.61	15.72	1	10	
3	84.49	44.61	17.93	130.45	108.62	0	
4	17.93	130.45	2.00	151.00	26.00	1	11	

10	12	178.281	6
1	109.00	13.00	118.52	23.15	13.91	2	6	10	
2	118.52	23.15	136.37	42.17	26.09	1	10	
3	136.37	42.17	191.30	100.70	80.27	0	
4	191.30	100.70	198.15	108.00	10.01	1	15	
5	198.15	108.00	214.47	125.39	23.85	2	12	15	
6	214.47	125.39	231.00	143.00	24.15	1	12	

10	13	168.134	5
1	109.00	13.00	113.65	29.72	17.36	2	6	10	
2	113.65	29.72	119.71	51.54	22.64	0	
3	119.71	51.54	140.96	128.07	79.43	0	
4	140.96	128.07	151.06	164.40	37.71	1	9	
5	151.06	164.40	154.00	175.00	11.00	2	9	13	

10	14	186.046	4
1	109.00	13.00	116.02	27.29	15.92	2	6	10	
2	116.02	27.29	126.63	48.91	24.08	1	10	
3	126.63	48.91	181.30	160.25	124.05	0	
4	181.30	160.25	191.00	180.00	22.00	1	14	

10	15	137.208	5
1	109.00	13.00	118.59	22.99	13.85	2	6	10	
2	118.59	22.99	136.70	41.86	26.15	1	10	
3	136.70	41.86	192.23	99.73	80.21	0	
4	192.23	99.73	199.22	107.02	10.10	1	15	
5	199.22	107.02	204.00	112.00	6.90	2	12	15	

11	0	124.004	4
1	2.00	151.00	1.79	125.00	26.00	0	
2	1.79	125.00	1.26	58.64	66.35	0	
3	1.26	58.64	1.01	28.69	29.96	0	
4	1.01	28.69	1.00	27.00	1.69	1	7	

11	1	114.127	3
1	2.00	151.00	14.53	173.78	26.00	1	11	
2	14.53	173.78	35.31	211.57	43.13	0	
3	35.31	211.57	57.00	251.00	45.00	1	1	

11	2	102.020	3
1	2.00	151.00	2.51	176.99	26.00	1	11	
2	2.51	176.99	3.29	217.01	40.02	0	
3	3.29	217.01	4.00	253.00	36.00	1	2	

11	3	104.862	4
1	2.00	151.00	16.88	172.32	26.00	1	11	
2	16.88	172.32	42.13	208.53	44.14	0	
3	42.13	208.53	55.71	227.98	23.72	1	1	
4	55.71	227.98	62.00	237.00	11.00	2	1	3	

11	4	294.681	9
1	2.00	151.00	27.23	144.74	26.00	1	11	
2	27.23	144.74	38.88	141.84	12.00	0	
3	38.88	141.84	56.91	137.37	18.57	1	8	
4	56.91	137.37	188.67	104.66	135.76	0	
5	188.67	104.66	212.30	98.79	24.35	1	15	
6	212.30	98.79	214.12	98.34	1.88	2	12	15	
7	214.12	98.34	226.86	95.18	13.12	1	12	
8	226.86	95.18	272.47	83.86	47.00	0	
9	272.47	83.86	288.00	80.00	16.00	1	4	

11	5	141.718	4
1	2.00	151.00	6.04	125.32	26.00	1	11	
2	6.04	125.32	15.53	64.92	61.14	0	
3	15.53	64.92	19.50	39.65	25.58	1	7	
4	19.50	39.65	24.00	11.00	29.00	2	5	7	

11	6	168.003	4
1	2.00	151.00	17.48	130.11	26.00	1	11	
2	17.48	130.11	82.22	42.71	108.76	0	
3	82.22	42.71	91.29	30.46	15.24	1	10	
4	91.29	30.46	102.00	16.00	18.00	2	6	10	

11	7	129.066	4
1	2.00	151.00	6.63	125.42	26.00	1	11	
2	6.63	125.42	17.52	65.33	61.07	0	
3	17.52	65.33	22.11	39.94	25.80	0	
4	22.11	39.94	25.00	24.00	16.20	2	5	7	

11	8	47.434	3
1	2.00	151.00	26.67	142.78	26.00	1	11	
2	26.67	142.78	37.51	139.16	11.43	0	
3	37.51	139.16	47.00	136.00	10.00	1	8	

11	9	137.058	3
1	2.00	151.00	27.99	151.76	26.00	1	11	
2	27.99	151.76	112.01	154.21	84.06	0	
3	112.01	154.21	139.00	155.00	27.00	1	9	

11	10	174.622	4
1	2.00	151.00	17.93	130.45	26.00	1	11	
2	17.93	130.45	84.49	44.61	108.62	0	
3	84.49	44.61	94.12	32.19	15.72	1	10	
4	94.12	32.19	109.00	13.00	24.28	2	6	10	

11	11	0	0

11	12	229.140	5
1	2.00	151.00	27.98	150.09	26.00	1	11	
2	27.98	150.09	113.18	147.12	85.24	0	
3	113.18	147.12	164.21	145.33	51.06	1	9	
4	164.21	145.33	183.03	144.68	18.83	0	
5	183.03	144.68	231.00	143.00	48.00	1	12	

11	13	153.883	4
1	2.00	151.00	27.68	155.06	26.00	1	11	
2	27.68	155.06	115.90	168.98	89.32	0	
3	115.90	168.98	143.13	173.28	27.57	1	9	
4	143.13	173.28	154.00	175.00	11.00	2	9	13	

11	14	191.212	7
1	2.00	151.00	27.70	154.94	26.00	1	11	
2	27.70	154.94	115.58	168.43	88.90	0	
3	115.58	168.43	143.25	172.67	28.00	1	9	
4	143.25	172.67	157.32	174.83	14.24	2	9	13	
5	157.32	174.83	164.95	176.00	7.72	1	13	
6	164.95	176.00	169.25	176.66	4.35	0	
7	169.25	176.66	191.00	180.00	22.00	1	14	

11	15	205.730	6
1	2.00	151.00	27.53	146.07	26.00	1	11	
2	27.53	146.07	40.47	143.57	13.18	0	
3	40.47	143.57	55.88	140.60	15.70	1	8	
4	55.88	140.60	187.31	115.22	133.85	0	
5	187.31	115.22	192.60	114.20	5.39	1	15	
6	192.60	114.20	204.00	112.00	11.61	2	12	15	

12	0	257.597	6
1	231.00	143.00	203.20	128.98	31.13	1	12	
2	203.20	128.98	190.82	122.73	13.87	2	12	15	
3	190.82	122.73	188.14	121.38	3.00	1	12	
4	188.14	121.38	54.44	53.95	149.74	0	
5	54.44	53.95	26.55	39.89	31.24	1	7	
6	26.55	39.89	1.00	27.00	28.62	2	5	7	

12	1	204.793	7
1	231.00	143.00	202.04	160.97	34.08	1	12	
2	202.04	160.97	190.22	168.31	13.92	2	12	14	
3	190.22	168.31	169.05	181.45	24.92	1	14	
4	169.05	181.45	95.23	227.27	86.88	0	
5	95.23	227.27	71.93	241.73	27.43	1	1	
6	71.93	241.73	61.84	248.00	11.88	2	1	3	
7	61.84	248.00	57.00	251.00	5.69	1	1	

12	2	252.248	11
1	231.00	143.00	197.81	159.08	36.88	1	12	
2	197.81	159.08	187.80	163.93	11.12	2	12	14	
3	187.80	163.93	170.36	172.39	19.38	1	14	
4	170.36	172.39	165.00	174.98	5.96	0	
5	165.00	174.98	147.17	183.62	19.81	1	13	
6	147.17	183.62	83.37	214.54	70.89	0	
7	83.37	214.54	58.62	226.53	27.51	1	1	
8	58.62	226.53	55.88	227.86	3.05	2	1	3	
9	55.88	227.86	36.40	237.30	21.65	1	1	
10	36.40	237.30	12.04	249.10	27.07	2	1	2	
11	12.04	249.10	4.00	253.00	8.93	1	2	

12	3	193.383	8
1	231.00	143.00	200.31	160.07	35.11	1	12	
2	200.31	160.07	189.05	166.33	12.89	2	12	14	
3	189.05	166.33	169.15	177.40	22.77	1	14	
4	169.15	177.40	163.50	180.54	6.47	0	
5	163.50	180.54	153.70	186.00	11.22	1	13	
6	153.70	186.00	90.62	221.08	72.18	0	
7	90.62	221.08	71.61	231.65	21.74	1	1	
8	71.61	231.65	62.00	237.00	11.00	2	1	3	

12	4	84.959	3
1	231.00	143.00	263.20	107.41	48.00	1	12	
2	263.20	107.41	277.27	91.86	20.96	0	
3	277.27	91.86	288.00	80.00	16.00	1	4	

12	5	245.506	6
1	231.00	143.00	208.21	128.47	27.03	1	12	
2	208.21	128.47	190.53	117.19	20.97	2	12	15	
3	190.53	117.19	187.29	115.13	3.84	1	15	
4	187.29	115.13	64.91	37.09	145.15	0	
5	64.91	37.09	48.45	26.59	19.52	1	7	
6	48.45	26.59	24.00	11.00	29.00	2	5	7	

12	6	181.025	6
1	231.00	143.00	213.70	125.96	24.28	1	12	
2	213.70	125.96	196.79	109.33	23.72	2	12	15	
3	196.79	109.33	189.89	102.52	9.69	1	15	
4	189.89	102.52	132.11	45.65	81.07	0	
5	132.11	45.65	114.83	28.63	24.26	1	10	
6	114.83	28.63	102.00	16.00	18.00	2	6	10	

12	7	237.901	6
1	231.00	143.00	206.46	128.82	28.34	1	12	
2	206.46	128.82	189.44	118.99	19.66	2	12	15	
3	189.44	118.99	188.20	118.28	1.43	1	15	
4	188.20	118.28	61.37	45.01	146.47	0	
5	61.37	45.01	41.94	33.79	22.44	1	7	
6	41.94	33.79	25.00	24.00	19.56	2	5	7	

12	8	184.133	5
1	231.00	143.00	183.03	141.18	48.00	1	12	
2	183.03	141.18	161.69	140.36	21.36	0	
3	161.69	140.36	117.49	138.68	44.23	1	9	
4	117.49	138.68	56.99	136.38	60.54	0	
5	56.99	136.38	47.00	136.00	10.00	1	8	

12	9	92.779	3
1	231.00	143.00	183.40	149.21	48.00	1	12	
2	183.40	149.21	165.77	151.51	17.78	0	
3	165.77	151.51	139.00	155.00	27.00	1	9	

12	10	178.281	6
1	231.00	143.00	214.47	125.39	24.15	1	12	
2	214.47	125.39	198.15	108.00	23.85	2	12	15	
3	198.15	108.00	191.30	100.70	10.01	1	15	
4	191.30	100.70	136.37	42.17	80.27	0	
5	136.37	42.17	118.52	23.15	26.09	1	10	
6	118.52	23.15	109.00	13.00	13.91	2	6	10	

12	11	229.140	5
1	231.00	143.00	183.03	144.68	48.00	1	12	
2	183.03	144.68	164.21	145.33	18.83	0	
3	164.21	145.33	113.18	147.12	51.06	1	9	
4	113.18	147.12	27.98	150.09	85.24	0	
5	27.98	150.09	2.00	151.00	26.00	1	11	

12	12	0	0

12	13	83.385	6
1	231.00	143.00	194.31	158.25	39.74	1	12	
2	194.31	158.25	186.68	161.42	8.26	2	12	14	
3	186.68	161.42	173.25	167.00	14.54	1	14	
4	173.25	167.00	164.16	170.78	9.85	0	
5	164.16	170.78	159.31	172.79	5.25	1	13	
6	159.31	172.79	154.00	175.00	5.75	2	9	13	

12	14	54.489	3
1	231.00	143.00	207.15	165.06	32.49	1	12	
2	207.15	165.06	195.76	175.59	15.51	2	12	14	
3	195.76	175.59	191.00	180.00	6.49	1	14	

12	15	41.110	2
1	231.00	143.00	215.17	124.82	24.11	1	12	
2	215.17	124.82	204.00	112.00	17.00	2	12	15	

13	0	212.869	5
1	154.00	175.00	146.09	167.35	11.00	2	9	13	
2	146.09	167.35	117.06	139.27	40.40	1	9	
3	117.06	139.27	38.88	63.64	108.77	0	
4	38.88	63.64	11.52	37.18	38.06	1	7	
5	11.52	37.18	1.00	27.00	14.64	2	5	7	

13	1	123.227	6
1	154.00	175.00	146.38	180.97	9.68	2	9	13	
2	146.38	180.97	145.34	181.78	1.32	1	13	
3	145.34	181.78	92.42	223.25	67.23	0	
4	92.42	223.25	72.89	238.55	24.81	1	1	
5	72.89	238.55	60.90	247.94	15.23	2	1	3	
6	60.90	247.94	57.00	251.00	4.95	1	1	

13	2	169.068	6
1	154.00	175.00	144.24	180.07	11.00	2	9	13	
2	144.24	180.07	140.63	181.95	4.07	1	9	
3	140.63	181.95	81.02	212.95	67.19	0	
4	81.02	212.95	35.94	236.39	50.81	1	1	
5	35.94	236.39	12.05	248.81	26.92	2	1	2	
6	12.05	248.81	4.00	253.00	9.08	1	2	

13	3	110.941	5
1	154.00	175.00	144.88	181.15	11.00	2	9	13	
2	144.88	181.15	144.43	181.45	0.54	1	9	
3	144.43	181.45	88.67	219.03	67.25	0	
4	88.67	219.03	71.12	230.85	21.16	1	1	
5	71.12	230.85	62.00	237.00	11.00	2	1	3	

13	4	164.259	6
1	154.00	175.00	161.79	169.48	9.55	2	9	13	
2	161.79	169.48	162.97	168.64	1.45	1	13	
3	162.97	168.64	184.19	153.60	26.00	0	
4	184.19	153.60	256.50	102.33	88.64	1	12	
5	256.50	102.33	274.95	89.25	22.61	0	
6	274.95	89.25	288.00	80.00	16.00	1	4	

13	5	209.275	5
1	154.00	175.00	147.17	166.38	11.00	2	9	13	
2	147.17	166.38	121.71	134.26	40.98	1	9	
3	121.71	134.26	56.41	51.88	105.12	0	
4	56.41	51.88	42.01	33.73	23.17	1	7	
5	42.01	33.73	24.00	11.00	29.00	2	5	7	

13	6	167.287	5
1	154.00	175.00	150.58	164.54	11.00	2	9	13	
2	150.58	164.54	138.63	128.00	38.45	1	9	
3	138.63	128.00	114.00	52.69	79.24	0	
4	114.00	52.69	107.60	33.11	20.60	1	10	
5	107.60	33.11	102.00	16.00	18.00	2	6	10	

13	7	198.600	5
1	154.00	175.00	146.85	166.64	11.00	2	9	13	
2	146.85	166.64	120.29	135.54	40.90	1	9	
3	120.29	135.54	52.28	55.93	104.70	0	
4	52.28	55.93	36.32	37.25	24.57	1	7	
5	36.32	37.25	25.00	24.00	17.43	2	5	7	

13	8	113.886	4
1	154.00	175.00	143.67	171.23	11.00	2	9	13	
2	143.67	171.23	112.44	159.85	33.24	1	9	
3	112.44	159.85	56.40	139.42	59.65	0	
4	56.40	139.42	47.00	136.00	10.00	1	8	

13	9	25.000	1
1	154.00	175.00	139.00	155.00	25.00	1	9	

13	10	168.134	5
1	154.00	175.00	151.06	164.40	11.00	2	9	13	
2	151.06	164.40	140.96	128.07	37.71	1	9	
3	140.96	128.07	119.71	51.54	79.43	0	
4	119.71	51.54	113.65	29.72	22.64	0	
5	113.65	29.72	109.00	13.00	17.36	2	6	10	

13	11	153.883	4
1	154.00	175.00	143.13	173.28	11.00	2	9	13	
2	143.13	173.28	115.90	168.98	27.57	1	9	
3	115.90	168.98	27.68	155.06	89.32	0	
4	27.68	155.06	2.00	151.00	26.00	1	11	

13	12	83.385	6
1	154.00	175.00	159.31	172.79	5.75	2	9	13	
2	159.31	172.79	164.16	170.78	5.25	1	13	
3	164.16	170.78	173.25	167.00	9.85	0	
4	173.25	167.00	186.68	161.42	14.54	1	14	
5	186.68	161.42	194.31	158.25	8.26	2	12	14	
6	194.31	158.25	231.00	143.00	39.74	1	12	

13	13	0	0

13	14	37.336	4
1	154.00	175.00	156.72	175.37	2.75	2	9	13	
2	156.72	175.37	164.90	176.47	8.25	1	13	
3	164.90	176.47	169.20	177.05	4.34	0	
4	169.20	177.05	191.00	180.00	22.00	1	14	

13	15	80.430	5
1	154.00	175.00	160.84	166.38	11.00	2	9	13	
2	160.84	166.38	165.41	160.63	7.35	1	9	
3	165.41	160.63	183.25	138.15	28.70	0	
4	183.25	138.15	193.43	125.32	16.39	1	12	
5	193.43	125.32	204.00	112.00	17.00	2	12	15	

14	0	243.945	6
1	191.00	180.00	173.87	166.20	22.00	1	14	
2	173.87	166.20	165.61	159.56	10.60	0	
3	165.61	159.56	128.87	129.97	47.17	1	9	
4	128.87	129.97	43.87	61.52	109.14	0	
5	43.87	61.52	15.60	38.76	36.30	1	7	
6	15.60	38.76	1.00	27.00	18.75	2	5	7	

14	1	151.648	5
1	191.00	180.00	171.56	190.30	22.00	1	14	
2	171.56	190.30	96.76	229.93	84.65	0	
3	96.76	229.93	70.69	243.75	29.51	1	1	
4	70.69	243.75	62.70	247.98	9.03	2	1	3	
5	62.70	247.98	57.00	251.00	6.46	1	1	

14	2	200.744	7
1	191.00	180.00	170.51	188.00	22.00	1	14	
2	170.51	188.00	89.32	219.69	87.15	0	
3	89.32	219.69	68.22	227.93	22.65	1	1	
4	68.22	227.93	51.28	234.54	18.19	2	1	3	
5	51.28	234.54	37.54	239.91	14.75	1	1	
6	37.54	239.91	12.01	249.87	27.40	2	1	2	
7	12.01	249.87	4.00	253.00	8.60	1	2	

14	3	141.032	4
1	191.00	180.00	170.88	188.89	22.00	1	14	
2	170.88	188.89	92.60	223.48	85.58	0	
3	92.60	223.48	72.06	232.55	22.46	1	1	
4	72.06	232.55	62.00	237.00	11.00	2	1	3	

14	4	139.316	5
1	191.00	180.00	195.53	175.33	6.50	1	14	
2	195.53	175.33	206.32	164.21	15.50	2	12	14	
3	206.32	164.21	262.24	106.56	80.32	1	12	
4	262.24	106.56	276.86	91.48	21.00	0	
5	276.86	91.48	288.00	80.00	16.00	1	4	

14	5	237.592	6
1	191.00	180.00	175.54	164.35	22.00	1	14	
2	175.54	164.35	166.00	154.70	13.57	0	
3	166.00	154.70	139.62	128.01	37.53	1	9	
4	139.62	128.01	59.91	47.34	113.40	0	
5	59.91	47.34	44.38	31.63	22.10	1	7	
6	44.38	31.63	24.00	11.00	29.00	2	5	7	

14	6	186.593	4
1	191.00	180.00	180.51	160.66	22.00	1	14	
2	180.51	160.66	121.07	51.14	124.62	0	
3	121.07	51.14	110.59	31.82	21.98	1	10	
4	110.59	31.82	102.00	16.00	18.00	2	6	10	

14	7	227.798	6
1	191.00	180.00	174.97	164.93	22.00	1	14	
2	174.97	164.93	165.96	156.47	12.36	0	
3	165.96	156.47	135.86	128.18	41.30	1	9	
4	135.86	128.18	55.61	52.76	110.13	0	
5	55.61	52.76	38.12	36.33	23.99	1	7	
6	38.12	36.33	25.00	24.00	18.00	2	5	7	

14	8	150.572	7
1	191.00	180.00	169.96	173.57	22.00	1	14	
2	169.96	173.57	164.56	171.92	5.65	0	
3	164.56	171.92	160.89	170.80	3.83	1	13	
4	160.89	170.80	146.96	166.54	14.57	2	9	13	
5	146.96	166.54	112.01	155.87	36.55	1	9	
6	112.01	155.87	56.56	138.92	57.98	0	
7	56.56	138.92	47.00	136.00	10.00	1	8	

14	9	57.697	3
1	191.00	180.00	171.17	170.47	22.00	1	14	
2	171.17	170.47	163.33	166.70	8.70	0	
3	163.33	166.70	139.00	155.00	27.00	1	9	

14	10	186.046	4
1	191.00	180.00	181.30	160.25	22.00	1	14	
2	181.30	160.25	126.63	48.91	124.05	0	
3	126.63	48.91	116.02	27.29	24.08	1	10	
4	116.02	27.29	109.00	13.00	15.92	2	6	10	

14	11	191.212	7
1	191.00	180.00	169.25	176.66	22.00	1	14	
2	169.25	176.66	164.95	176.00	4.35	0	
3	164.95	176.00	157.32	174.83	7.72	1	13	
4	157.32	174.83	143.25	172.67	14.24	2	9	13	
5	143.25	172.67	115.58	168.43	28.00	1	9	
6	115.58	168.43	27.70	154.94	88.90	0	
7	27.70	154.94	2.00	151.00	26.00	1	11	

14	12	54.489	3
1	191.00	180.00	195.76	175.59	6.49	1	14	
2	195.76	175.59	207.15	165.06	15.51	2	12	14	
3	207.15	165.06	231.00	143.00	32.49	1	12	

14	13	37.336	4
1	191.00	180.00	169.20	177.05	22.00	1	14	
2	169.20	177.05	164.90	176.47	4.34	0	
3	164.90	176.47	156.72	175.37	8.25	1	13	
4	156.72	175.37	154.00	175.00	2.75	2	9	13	

14	14	0	0

14	15	69.231	4
1	191.00	180.00	192.57	171.77	8.38	1	14	
2	192.57	171.77	195.13	158.39	13.62	2	12	14	
3	195.13	158.39	200.81	128.70	30.23	1	12	
4	200.81	128.70	204.00	112.00	17.00	2	12	15	

15	0	220.077	5
1	204.00	112.00	197.03	109.08	7.55	2	12	15	
2	197.03	109.08	188.32	105.43	9.45	1	15	
3	188.32	105.43	57.47	50.64	141.86	0	
4	57.47	50.64	30.36	39.29	29.39	1	7	
5	30.36	39.29	1.00	27.00	31.83	2	5	7	

15	1	202.312	8
1	204.00	112.00	191.65	123.68	17.00	2	12	15	
2	191.65	123.68	184.73	130.22	9.52	1	12	
3	184.73	130.22	165.24	148.65	26.82	0	
4	165.24	148.65	131.19	180.85	46.86	1	9	
5	131.19	180.85	89.70	220.08	57.11	0	
6	89.70	220.08	72.95	235.92	23.05	1	1	
7	72.95	235.92	60.31	247.87	17.39	2	1	3	
8	60.31	247.87	57.00	251.00	4.56	1	1	

15	2	244.706	8
1	204.00	112.00	190.11	121.80	17.00	2	12	15	
2	190.11	121.80	186.90	124.06	3.93	1	12	
3	186.90	124.06	162.32	141.39	30.07	0	
4	162.32	141.39	118.34	172.39	53.80	1	9	
5	118.34	172.39	68.53	207.50	60.94	0	
6	68.53	207.50	33.42	232.26	42.96	1	1	
7	33.42	232.26	12.16	247.25	26.02	2	1	2	
8	12.16	247.25	4.00	253.00	9.98	1	2	

15	3	189.180	7
1	204.00	112.00	191.24	123.23	17.00	2	12	15	
2	191.24	123.23	185.24	128.52	8.00	1	12	
3	185.24	128.52	164.67	146.62	27.40	0	
4	164.67	146.62	127.44	179.40	49.60	1	9	
5	127.44	179.40	85.58	216.24	55.76	0	
6	85.58	216.24	70.26	229.73	20.42	1	1	
7	70.26	229.73	62.00	237.00	11.00	2	1	3	

15	4	89.889	4
1	204.00	112.00	219.89	105.95	17.00	2	12	15	
2	219.89	105.95	243.95	96.78	25.75	1	12	
3	243.95	96.78	273.05	85.70	31.14	0	
4	273.05	85.70	288.00	80.00	16.00	1	4	

15	5	206.400	7
1	204.00	112.00	197.68	108.45	7.25	2	12	15	
2	197.68	108.45	189.17	103.68	9.75	1	15	
3	189.17	103.68	92.52	49.45	110.83	0	
4	92.52	49.45	86.48	46.06	6.93	1	10	
5	86.48	46.06	65.69	34.39	23.83	0	
6	65.69	34.39	49.29	25.19	18.81	1	7	
7	49.29	25.19	24.00	11.00	29.00	2	5	7	

15	6	140.071	5
1	204.00	112.00	198.96	107.26	6.92	2	12	15	
2	198.96	107.26	191.62	100.35	10.08	1	15	
3	191.62	100.35	132.90	45.08	80.64	0	
4	132.90	45.08	115.11	28.34	24.43	1	10	
5	115.11	28.34	102.00	16.00	18.00	2	6	10	

15	7	199.462	5
1	204.00	112.00	197.38	108.74	7.38	2	12	15	
2	197.38	108.74	188.74	104.50	9.62	1	15	
3	188.74	104.50	62.69	42.53	140.46	0	
4	62.69	42.53	43.04	32.87	21.89	1	7	
5	43.04	32.87	25.00	24.00	20.11	2	5	7	

15	8	158.824	4
1	204.00	112.00	192.99	113.68	11.13	2	12	15	
2	192.99	113.68	187.20	114.57	5.87	1	15	
3	187.20	114.57	56.89	134.49	131.82	0	
4	56.89	134.49	47.00	136.00	10.00	1	8	

15	9	77.936	4
1	204.00	112.00	189.82	121.38	17.00	2	12	15	
2	189.82	121.38	187.36	123.01	2.95	1	12	
3	187.36	123.01	161.52	140.10	30.99	0	
4	161.52	140.10	139.00	155.00	27.00	1	9	

15	10	137.208	5
1	204.00	112.00	199.22	107.02	6.90	2	12	15	
2	199.22	107.02	192.23	99.73	10.10	1	15	
3	192.23	99.73	136.70	41.86	80.21	0	
4	136.70	41.86	118.59	22.99	26.15	1	10	
5	118.59	22.99	109.00	13.00	13.85	2	6	10	

15	11	205.730	6
1	204.00	112.00	192.60	114.20	11.61	2	12	15	
2	192.60	114.20	187.31	115.22	5.39	1	15	
3	187.31	115.22	55.88	140.60	133.85	0	
4	55.88	140.60	40.47	143.57	15.70	1	8	
5	40.47	143.57	27.53	146.07	13.18	0	
6	27.53	146.07	2.00	151.00	26.00	1	11	

15	12	41.110	2
1	204.00	112.00	215.17	124.82	17.00	2	12	15	
2	215.17	124.82	231.00	143.00	24.11	1	12	

15	13	80.430	5
1	204.00	112.00	193.43	125.32	17.00	2	12	15	
2	193.43	125.32	183.25	138.15	16.39	1	12	
3	183.25	138.15	165.41	160.63	28.70	0	
4	165.41	160.63	160.84	166.38	7.35	1	9	
5	160.84	166.38	154.00	175.00	11.00	2	9	13	

15	14	69.231	4
1	204.00	112.00	200.81	128.70	17.00	2	12	15	
2	200.81	128.70	195.13	158.39	30.23	1	12	
3	195.13	158.39	192.57	171.77	13.62	2	12	14	
4	192.57	171.77	191.00	180.00	8.38	1	14	

15	15	0	0