16	390	2	0.001	90.0
202.000	164.000	0.000	6.000	0.000
165.000	150.000	22.000	1.000	15.000
137.000	193.000	7.000	9.000	19.000
288.000	42.000	21.000	3.000	12.000
28.000	162.000	17.000	1.000	4.000
53.000	85.000	26.000	9.000	3.000
199.000	49.000	21.000	6.000	3.000
288.000	218.000	13.000	9.000	18.000
254.000	237.000	6.000	3.000	13.000
87.000	276.000	49.000	9.000	5.000
221.000	54.000	26.000	2.000	11.000
149.000	295.000	24.000	6.000	18.000
210.000	142.000	4.000	7.000	4.000
227.000	78.000	48.000	7.000	7.000
179.000	169.000	1.000	3.000	8.000
139.000	212.000	8.000	4.000	15.000

0	0	0	0

0	1	39.560	2
1	202.00	164.00	185.58	157.79	17.56	0	
2	185.58	157.79	165.00	150.00	22.00	1	1	

0	2	71.176	2
1	202.00	164.00	143.39	190.15	64.18	0	
2	143.39	190.15	137.00	193.00	7.00	1	2	

0	3	149.265	4
1	202.00	164.00	228.81	125.97	46.53	0	
2	228.81	125.97	272.78	63.58	76.32	1	13	
3	272.78	63.58	275.90	59.16	5.41	0	
4	275.90	59.16	288.00	42.00	21.00	1	3	

0	4	174.011	4
1	202.00	164.00	182.16	163.77	19.85	0	
2	182.16	163.77	147.53	163.37	34.63	1	1	
3	147.53	163.37	45.00	162.20	102.54	0	
4	45.00	162.20	28.00	162.00	17.00	1	4	

0	5	168.648	4
1	202.00	164.00	186.26	155.66	17.81	0	
2	186.26	155.66	148.39	135.58	42.87	1	1	
3	148.39	135.58	75.97	97.18	81.97	0	
4	75.97	97.18	53.00	85.00	26.00	1	5	

0	6	115.039	4
1	202.00	164.00	200.81	118.22	45.79	0	
2	200.81	118.22	199.55	69.99	48.25	1	13	
3	199.55	69.99	199.51	68.64	1.35	2	6	13	
4	199.51	68.64	199.00	49.00	19.64	3	6	10	13	

0	7	101.548	2
1	202.00	164.00	276.99	211.09	88.55	0	
2	276.99	211.09	288.00	218.00	13.00	1	7	

0	8	89.627	2
1	202.00	164.00	250.52	232.11	83.63	0	
2	250.52	232.11	254.00	237.00	6.00	1	8	

0	9	160.527	2
1	202.00	164.00	122.10	241.81	111.53	0	
2	122.10	241.81	87.00	276.00	49.00	1	9	

0	10	111.629	3
1	202.00	164.00	209.16	122.56	42.05	0	
2	209.16	122.56	216.57	79.62	43.58	1	13	
3	216.57	79.62	221.00	54.00	26.00	2	10	13	

0	11	141.315	2
1	202.00	164.00	158.00	272.75	117.32	0	
2	158.00	272.75	149.00	295.00	24.00	1	11	

0	12	23.409	2
1	202.00	164.00	208.63	145.76	19.41	0	
2	208.63	145.76	210.00	142.00	4.00	1	12	

0	13	89.560	5
1	202.00	164.00	207.49	145.11	19.67	0	
2	207.49	145.11	209.55	138.03	7.38	1	12	
3	209.55	138.03	213.60	124.09	14.51	0	
4	213.60	124.09	226.60	79.39	46.55	1	13	
5	226.60	79.39	227.00	78.00	1.45	2	10	13	

0	14	23.537	2
1	202.00	164.00	179.98	168.79	22.54	0	
2	179.98	168.79	179.00	169.00	1.00	1	14	

0	15	79.202	2
1	202.00	164.00	145.36	207.15	71.20	0	
2	145.36	207.15	139.00	212.00	8.00	1	15	

1	0	39.560	2
1	165.00	150.00	185.58	157.79	22.00	1	1	
2	185.58	157.79	202.00	164.00	17.56	0	

1	1	0	0

1	2	51.313	3
1	165.00	150.00	153.00	168.44	22.00	1	1	
2	153.00	168.44	140.82	187.13	22.31	0	
3	140.82	187.13	137.00	193.00	7.00	1	2	

1	3	163.686	5
1	165.00	150.00	181.53	135.48	22.00	1	1	
2	181.53	135.48	201.03	118.37	25.94	0	
3	201.03	118.37	270.39	57.47	92.30	1	13	
4	270.39	57.47	272.22	55.86	2.44	0	
5	272.22	55.86	288.00	42.00	21.00	1	3	

1	4	137.525	3
1	165.00	150.00	143.08	151.92	22.00	1	1	
2	143.08	151.92	44.94	160.52	98.52	0	
3	44.94	160.52	28.00	162.00	17.00	1	4	

1	5	129.495	3
1	165.00	150.00	145.97	138.96	22.00	1	1	
2	145.97	138.96	75.49	98.05	81.50	0	
3	75.49	98.05	53.00	85.00	26.00	1	5	

1	6	106.569	5
1	165.00	150.00	172.02	129.15	22.00	1	1	
2	172.02	129.15	182.88	96.90	34.03	0	
3	182.88	96.90	192.30	68.90	29.54	1	13	
4	192.30	68.90	195.54	59.28	10.16	2	6	13	
5	195.54	59.28	199.00	49.00	10.84	3	6	10	13	

1	7	140.545	3
1	165.00	150.00	184.25	160.64	22.00	1	1	
2	184.25	160.64	276.62	211.71	105.55	0	
3	276.62	211.71	288.00	218.00	13.00	1	7	

1	8	124.459	3
1	165.00	150.00	180.73	165.38	22.00	1	1	
2	180.73	165.38	249.71	232.81	96.46	0	
3	249.71	232.81	254.00	237.00	6.00	1	8	

1	9	148.189	5
1	165.00	150.00	153.42	168.71	22.00	1	1	
2	153.42	168.71	141.63	187.75	22.40	0	
3	141.63	187.75	134.37	199.49	13.80	1	2	
4	134.37	199.49	112.79	234.34	40.99	0	
5	112.79	234.34	87.00	276.00	49.00	1	9	

1	10	111.140	4
1	165.00	150.00	176.09	131.00	22.00	1	1	
2	176.09	131.00	189.51	107.98	26.65	0	
3	189.51	107.98	207.90	76.46	36.49	1	13	
4	207.90	76.46	221.00	54.00	26.00	2	10	13	

1	11	145.880	3
1	165.00	150.00	162.59	171.87	22.00	1	1	
2	162.59	171.87	151.63	271.14	99.88	0	
3	151.63	271.14	149.00	295.00	24.00	1	11	

1	12	45.706	3
1	165.00	150.00	186.66	146.15	22.00	1	1	
2	186.66	146.15	206.06	142.70	19.71	0	
3	206.06	142.70	210.00	142.00	4.00	1	12	

1	13	95.016	4
1	165.00	150.00	179.36	133.33	22.00	1	1	
2	179.36	133.33	195.68	114.37	25.02	0	
3	195.68	114.37	225.64	79.58	45.91	1	13	
4	225.64	79.58	227.00	78.00	2.09	2	10	13	

1	14	23.601	3
1	165.00	150.00	178.05	167.71	22.00	1	1	
2	178.05	167.71	178.41	168.19	0.60	0	
3	178.41	168.19	179.00	169.00	1.00	1	14	

1	15	67.231	3
1	165.00	150.00	156.49	170.29	22.00	1	1	
2	156.49	170.29	142.09	204.62	37.23	0	
3	142.09	204.62	139.00	212.00	8.00	1	15	

2	0	71.176	2
1	137.00	193.00	143.39	190.15	7.00	1	2	
2	143.39	190.15	202.00	164.00	64.18	0	

2	1	51.313	3
1	137.00	193.00	140.82	187.13	7.00	1	2	
2	140.82	187.13	153.00	168.44	22.31	0	
3	153.00	168.44	165.00	150.00	22.00	1	1	

2	2	0	0

2	3	213.546	7
1	137.00	193.00	141.95	188.05	7.00	1	2	
2	141.95	188.05	158.87	171.13	23.93	0	
3	158.87	171.13	186.13	143.87	38.55	1	1	
4	186.13	143.87	207.94	122.06	30.85	0	
5	207.94	122.06	271.06	58.94	89.25	1	13	
6	271.06	58.94	273.15	56.85	2.96	0	
7	273.15	56.85	288.00	42.00	21.00	1	3	

2	4	113.323	3
1	137.00	193.00	130.27	191.09	7.00	1	2	
2	130.27	191.09	44.35	166.65	89.32	0	
3	44.35	166.65	28.00	162.00	17.00	1	4	

2	5	136.821	3
1	137.00	193.00	132.70	187.47	7.00	1	2	
2	132.70	187.47	68.96	105.52	103.82	0	
3	68.96	105.52	53.00	85.00	26.00	1	5	

2	6	156.780	7
1	137.00	193.00	139.77	186.57	7.00	1	2	
2	139.77	186.57	149.01	165.11	23.37	0	
3	149.01	165.11	164.99	128.00	40.40	1	1	
4	164.99	128.00	180.84	91.17	40.10	0	
5	180.84	91.17	190.70	68.29	24.91	1	13	
6	190.70	68.29	195.26	57.68	11.55	2	6	13	
7	195.26	57.68	199.00	49.00	9.45	3	6	10	13	

2	7	153.056	3
1	137.00	193.00	143.91	194.14	7.00	1	2	
2	143.91	194.14	275.17	215.88	133.06	0	
3	275.17	215.88	288.00	218.00	13.00	1	7	

2	8	125.000	2
1	137.00	193.00	248.38	234.89	119.00	0	
2	248.38	234.89	254.00	237.00	6.00	1	8	

2	9	96.897	3
1	137.00	193.00	133.39	199.00	7.00	1	2	
2	133.39	199.00	112.28	234.03	40.90	0	
3	112.28	234.03	87.00	276.00	49.00	1	9	

2	10	162.410	6
1	137.00	193.00	140.62	187.01	7.00	1	2	
2	140.62	187.01	152.18	167.88	22.35	0	
3	152.18	167.88	174.87	130.34	43.86	1	1	
4	174.87	130.34	188.87	107.16	27.08	0	
5	188.87	107.16	207.55	76.25	36.11	1	13	
6	207.55	76.25	221.00	54.00	26.00	2	10	13	

2	11	102.703	5
1	137.00	193.00	137.82	199.95	7.00	1	2	
2	137.82	199.95	138.30	204.03	4.11	0	
3	138.30	204.03	140.17	219.91	15.99	1	15	
4	140.17	219.91	146.20	271.16	51.60	0	
5	146.20	271.16	149.00	295.00	24.00	1	11	

2	12	89.051	5
1	137.00	193.00	142.74	188.99	7.00	1	2	
2	142.74	188.99	167.22	171.89	29.86	0	
3	167.22	171.89	184.79	159.61	21.43	1	1	
4	184.79	159.61	206.72	144.29	26.76	0	
5	206.72	144.29	210.00	142.00	4.00	1	12	

2	13	146.031	6
1	137.00	193.00	141.31	187.49	7.00	1	2	
2	141.31	187.49	155.23	169.71	22.57	0	
3	155.23	169.71	181.78	135.78	43.09	1	1	
4	181.78	135.78	197.42	115.80	25.37	0	
5	197.42	115.80	225.78	79.56	46.02	1	13	
6	225.78	79.56	227.00	78.00	1.98	2	10	13	

2	14	48.374	3
1	137.00	193.00	143.08	189.53	7.00	1	2	
2	143.08	189.53	178.13	169.50	40.37	0	
3	178.13	169.50	179.00	169.00	1.00	1	14	

2	15	19.105	3
1	137.00	193.00	137.73	199.96	7.00	1	2	
2	137.73	199.96	138.16	204.04	4.10	0	
3	138.16	204.04	139.00	212.00	8.00	1	15	

3	0	149.265	4
1	288.00	42.00	275.90	59.16	21.00	1	3	
2	275.90	59.16	272.78	63.58	5.41	0	
3	272.78	63.58	228.81	125.97	76.32	1	13	
4	228.81	125.97	202.00	164.00	46.53	0	

3	1	163.686	5
1	288.00	42.00	272.22	55.86	21.00	1	3	
2	272.22	55.86	270.39	57.47	2.44	0	
3	270.39	57.47	201.03	118.37	92.30	1	13	
4	201.03	118.37	181.53	135.48	25.94	0	
5	181.53	135.48	165.00	150.00	22.00	1	1	

3	2	213.546	7
1	288.00	42.00	273.15	56.85	21.00	1	3	
2	273.15	56.85	271.06	58.94	2.96	0	
3	271.06	58.94	207.94	122.06	89.25	1	13	
4	207.94	122.06	186.13	143.87	30.85	0	
5	186.13	143.87	158.87	171.13	38.55	1	1	
6	158.87	171.13	141.95	188.05	23.93	0	
7	141.95	188.05	137.00	193.00	7.00	1	2	

3	3	0	0

3	4	286.356	7
1	288.00	42.00	268.93	50.80	21.00	1	3	
2	268.93	50.80	267.11	51.64	2.00	0	
3	267.11	51.64	245.92	61.42	23.34	1	13	
4	245.92	61.42	210.48	77.78	39.03	2	10	13	
5	210.48	77.78	180.92	91.42	32.56	1	13	
6	180.92	91.42	43.44	154.88	151.42	0	
7	43.44	154.88	28.00	162.00	17.00	1	4	

3	5	238.902	9
1	288.00	42.00	267.34	45.78	21.00	1	3	
2	267.34	45.78	263.24	46.53	4.17	0	
3	263.24	46.53	246.62	49.57	16.90	1	13	
4	246.62	49.57	219.24	54.58	27.83	2	10	13	
5	219.24	54.58	195.47	58.93	24.17	3	6	10	13	
6	195.47	58.93	182.04	61.39	13.65	2	6	13	
7	182.04	61.39	181.96	61.40	0.08	1	13	
8	181.96	61.40	78.58	80.32	105.10	0	
9	78.58	80.32	53.00	85.00	26.00	1	5	

3	6	89.275	5
1	288.00	42.00	267.06	43.65	21.00	1	3	
2	267.06	43.65	261.01	44.12	6.08	0	
3	261.01	44.12	245.52	45.34	15.54	1	13	
4	245.52	45.34	219.94	47.35	25.66	2	10	13	
5	219.94	47.35	199.00	49.00	21.00	3	6	10	13	

3	7	176.000	3
1	288.00	42.00	288.00	63.00	21.00	1	3	
2	288.00	63.00	288.00	205.00	142.00	0	
3	288.00	205.00	288.00	218.00	13.00	1	7	

3	8	197.942	3
1	288.00	42.00	284.39	62.69	21.00	1	3	
2	284.39	62.69	255.03	231.09	170.94	0	
3	255.03	231.09	254.00	237.00	6.00	1	8	

3	9	308.475	9
1	288.00	42.00	274.32	57.93	21.00	1	3	
2	274.32	57.93	271.82	60.83	3.82	0	
3	271.82	60.83	216.79	124.90	84.46	1	13	
4	216.79	124.90	179.60	168.20	57.08	0	
5	179.60	168.20	178.30	169.71	2.00	1	14	
6	178.30	169.71	145.71	207.65	50.01	0	
7	145.71	207.65	135.71	219.29	15.35	1	15	
8	135.71	219.29	118.93	238.83	25.76	0	
9	118.93	238.83	87.00	276.00	49.00	1	9	

3	10	68.066	4
1	288.00	42.00	267.33	45.70	21.00	1	3	
2	267.33	45.70	263.17	46.45	4.22	0	
3	263.17	46.45	246.59	49.42	16.84	1	13	
4	246.59	49.42	221.00	54.00	26.00	2	10	13	

3	11	288.669	5
1	288.00	42.00	277.89	60.41	21.00	1	3	
2	277.89	60.41	273.88	67.70	8.32	0	
3	273.88	67.70	243.45	123.09	63.21	1	13	
4	243.45	123.09	160.56	273.97	172.14	0	
5	160.56	273.97	149.00	295.00	24.00	1	11	

3	12	126.823	5
1	288.00	42.00	275.08	58.56	21.00	1	3	
2	275.08	58.56	272.30	62.13	4.53	0	
3	272.30	62.13	222.64	125.80	80.75	1	13	
4	222.64	125.80	212.46	138.85	16.54	0	
5	212.46	138.85	210.00	142.00	4.00	1	12	

3	13	70.831	4
1	288.00	42.00	269.91	52.67	21.00	1	3	
2	269.91	52.67	268.34	53.60	1.83	0	
3	268.34	53.60	242.23	69.01	30.32	1	13	
4	242.23	69.01	227.00	78.00	17.68	2	10	13	

3	14	167.362	5
1	288.00	42.00	274.32	57.94	21.00	1	3	
2	274.32	57.94	271.83	60.84	3.83	0	
3	271.83	60.84	216.84	124.91	84.43	1	13	
4	216.84	124.91	179.65	168.24	57.10	0	
5	179.65	168.24	179.00	169.00	1.00	1	14	

3	15	226.055	7
1	288.00	42.00	274.16	57.79	21.00	1	3	
2	274.16	57.79	271.72	60.57	3.69	0	
3	271.72	60.57	215.58	124.62	85.17	1	13	
4	215.58	124.62	184.62	159.95	46.97	0	
5	184.62	159.95	177.43	168.15	10.91	1	1	
6	177.43	168.15	144.27	205.98	50.31	0	
7	144.27	205.98	139.00	212.00	8.00	1	15	

4	0	174.011	4
1	28.00	162.00	45.00	162.20	17.00	1	4	
2	45.00	162.20	147.53	163.37	102.54	0	
3	147.53	163.37	182.16	163.77	34.63	1	1	
4	182.16	163.77	202.00	164.00	19.85	0	

4	1	137.525	3
1	28.00	162.00	44.94	160.52	17.00	1	4	
2	44.94	160.52	143.08	151.92	98.52	0	
3	143.08	151.92	165.00	150.00	22.00	1	1	

4	2	113.323	3
1	28.00	162.00	44.35	166.65	17.00	1	4	
2	44.35	166.65	130.27	191.09	89.32	0	
3	130.27	191.09	137.00	193.00	7.00	1	2	

4	3	286.356	7
1	28.00	162.00	43.44	154.88	17.00	1	4	
2	43.44	154.88	180.92	91.42	151.42	0	
3	180.92	91.42	210.48	77.78	32.56	1	13	
4	210.48	77.78	245.92	61.42	39.03	2	10	13	
5	245.92	61.42	267.11	51.64	23.34	1	13	
6	267.11	51.64	268.93	50.80	2.00	0	
7	268.93	50.80	288.00	42.00	21.00	1	3	

4	4	0	0

4	5	80.957	3
1	28.00	162.00	33.25	145.83	17.00	1	4	
2	33.25	145.83	44.97	109.73	37.96	0	
3	44.97	109.73	53.00	85.00	26.00	1	5	

4	6	204.963	5
1	28.00	162.00	42.18	152.63	17.00	1	4	
2	42.18	152.63	181.48	60.58	166.96	0	
3	181.48	60.58	182.56	59.87	1.29	1	6	
4	182.56	59.87	195.11	51.57	15.05	2	6	13	
5	195.11	51.57	199.00	49.00	4.66	3	6	10	13	

4	7	265.962	3
1	28.00	162.00	44.62	165.58	17.00	1	4	
2	44.62	165.58	275.29	215.26	235.96	0	
3	275.29	215.26	288.00	218.00	13.00	1	7	

4	8	238.120	5
1	28.00	162.00	44.13	167.35	17.00	1	4	
2	44.13	167.35	130.72	196.09	91.23	0	
3	130.72	196.09	140.19	199.23	9.98	1	2	
4	140.19	199.23	248.31	235.11	113.91	0	
5	248.31	235.11	254.00	237.00	6.00	1	8	

4	9	128.363	3
1	28.00	162.00	35.81	177.10	17.00	1	4	
2	35.81	177.10	64.48	232.48	62.36	0	
3	64.48	232.48	87.00	276.00	49.00	1	9	

4	10	221.163	6
1	28.00	162.00	42.84	153.70	17.00	1	4	
2	42.84	153.70	179.00	77.50	156.04	0	
3	179.00	77.50	193.65	69.31	16.78	1	13	
4	193.65	69.31	198.31	66.70	5.34	2	6	13	
5	198.31	66.70	219.11	55.06	23.83	3	6	10	13	
6	219.11	55.06	221.00	54.00	2.17	2	10	13	

4	11	179.805	5
1	28.00	162.00	39.44	174.57	17.00	1	4	
2	39.44	174.57	87.14	227.00	70.88	0	
3	87.14	227.00	132.85	277.25	67.93	1	9	
4	132.85	277.25	135.79	280.48	4.38	2	9	11	
5	135.79	280.48	149.00	295.00	19.62	1	11	

4	12	183.096	5
1	28.00	162.00	44.90	160.14	17.00	1	4	
2	44.90	160.14	143.01	149.36	98.70	0	
3	143.01	149.36	186.33	144.60	43.58	1	1	
4	186.33	144.60	206.02	142.44	19.82	0	
5	206.02	142.44	210.00	142.00	4.00	1	12	

4	13	216.002	4
1	28.00	162.00	43.66	155.39	17.00	1	4	
2	43.66	155.39	182.78	96.67	151.00	0	
3	182.78	96.67	222.34	79.97	42.95	1	13	
4	222.34	79.97	227.00	78.00	5.05	2	10	13	

4	14	151.162	5
1	28.00	162.00	44.98	162.79	17.00	1	4	
2	44.98	162.79	152.00	167.75	107.13	0	
3	152.00	167.75	176.30	168.87	24.33	1	1	
4	176.30	168.87	178.00	168.95	1.70	0	
5	178.00	168.95	179.00	169.00	1.00	1	14	

4	15	121.742	3
1	28.00	162.00	43.50	168.98	17.00	1	4	
2	43.50	168.98	131.71	208.71	96.74	0	
3	131.71	208.71	139.00	212.00	8.00	1	15	

5	0	168.648	4
1	53.00	85.00	75.97	97.18	26.00	1	5	
2	75.97	97.18	148.39	135.58	81.97	0	
3	148.39	135.58	186.26	155.66	42.87	1	1	
4	186.26	155.66	202.00	164.00	17.81	0	

5	1	129.495	3
1	53.00	85.00	75.49	98.05	26.00	1	5	
2	75.49	98.05	145.97	138.96	81.50	0	
3	145.97	138.96	165.00	150.00	22.00	1	1	

5	2	136.821	3
1	53.00	85.00	68.96	105.52	26.00	1	5	
2	68.96	105.52	132.70	187.47	103.82	0	
3	132.70	187.47	137.00	193.00	7.00	1	2	

5	3	238.902	9
1	53.00	85.00	78.58	80.32	26.00	1	5	
2	78.58	80.32	181.96	61.40	105.10	0	
3	181.96	61.40	182.04	61.39	0.08	1	13	
4	182.04	61.39	195.47	58.93	13.65	2	6	13	
5	195.47	58.93	219.24	54.58	24.17	3	6	10	13	
6	219.24	54.58	246.62	49.57	27.83	2	10	13	
7	246.62	49.57	263.24	46.53	16.90	1	13	
8	263.24	46.53	267.34	45.78	4.17	0	
9	267.34	45.78	288.00	42.00	21.00	1	3	

5	4	80.957	3
1	53.00	85.00	44.97	109.73	26.00	1	5	
2	44.97	109.73	33.25	145.83	37.96	0	
3	33.25	145.83	28.00	162.00	17.00	1	4	

5	5	0	0

5	6	150.373	5
1	53.00	85.00	78.24	78.78	26.00	1	5	
2	78.24	78.78	178.61	54.03	103.37	0	
3	178.61	54.03	186.62	52.05	8.25	1	6	
4	186.62	52.05	195.32	49.91	8.97	2	6	13	
5	195.32	49.91	199.00	49.00	3.79	3	6	10	13	

5	7	270.026	5
1	53.00	85.00	75.63	97.81	26.00	1	5	
2	75.63	97.81	146.58	137.96	81.53	0	
3	146.58	137.96	184.80	159.59	43.91	1	1	
4	184.80	159.59	276.69	211.60	105.58	0	
5	276.69	211.60	288.00	218.00	13.00	1	7	

5	8	252.002	5
1	53.00	85.00	73.74	100.68	26.00	1	5	
2	73.74	100.68	143.24	153.24	87.14	0	
3	143.24	153.24	167.81	171.82	30.80	1	1	
4	167.81	171.82	249.21	233.38	102.06	0	
5	249.21	233.38	254.00	237.00	6.00	1	8	

5	9	194.003	3
1	53.00	85.00	57.56	110.60	26.00	1	5	
2	57.56	110.60	78.41	227.76	119.00	0	
3	78.41	227.76	87.00	276.00	49.00	1	9	

5	10	170.836	6
1	53.00	85.00	78.57	80.28	26.00	1	5	
2	78.57	80.28	181.92	61.21	105.09	0	
3	181.92	61.21	182.04	61.19	0.13	1	6	
4	182.04	61.19	195.43	58.72	13.62	2	6	13	
5	195.43	58.72	219.32	54.31	24.29	3	6	10	13	
6	219.32	54.31	221.00	54.00	1.71	2	10	13	

5	11	230.903	5
1	53.00	85.00	63.81	108.65	26.00	1	5	
2	63.81	108.65	128.16	249.42	154.78	0	
3	128.16	249.42	134.04	262.27	14.13	1	9	
4	134.04	262.27	139.02	273.17	11.99	0	
5	139.02	273.17	149.00	295.00	24.00	1	11	

5	12	167.027	3
1	53.00	85.00	77.44	93.87	26.00	1	5	
2	77.44	93.87	206.24	140.63	137.03	0	
3	206.24	140.63	210.00	142.00	4.00	1	12	

5	13	174.141	4
1	53.00	85.00	78.98	83.95	26.00	1	5	
2	78.98	83.95	179.04	79.93	100.14	0	
3	179.04	79.93	212.53	78.58	33.52	1	13	
4	212.53	78.58	227.00	78.00	14.48	2	10	13	

5	14	151.433	5
1	53.00	85.00	74.63	99.42	26.00	1	5	
2	74.63	99.42	143.50	145.33	82.77	0	
3	143.50	145.33	177.58	168.05	40.95	1	1	
4	177.58	168.05	178.17	168.45	0.71	0	
5	178.17	168.45	179.00	169.00	1.00	1	14	

5	15	153.379	3
1	53.00	85.00	67.58	106.53	26.00	1	5	
2	67.58	106.53	134.51	205.38	119.38	0	
3	134.51	205.38	139.00	212.00	8.00	1	15	

6	0	115.039	4
1	199.00	49.00	199.51	68.64	19.64	3	6	10	13	
2	199.51	68.64	199.55	69.99	1.35	2	6	13	
3	199.55	69.99	200.81	118.22	48.25	1	13	
4	200.81	118.22	202.00	164.00	45.79	0	

6	1	106.569	5
1	199.00	49.00	195.54	59.28	10.84	3	6	10	13	
2	195.54	59.28	192.30	68.90	10.16	2	6	13	
3	192.30	68.90	182.88	96.90	29.54	1	13	
4	182.88	96.90	172.02	129.15	34.03	0	
5	172.02	129.15	165.00	150.00	22.00	1	1	

6	2	156.780	7
1	199.00	49.00	195.26	57.68	9.45	3	6	10	13	
2	195.26	57.68	190.70	68.29	11.55	2	6	13	
3	190.70	68.29	180.84	91.17	24.91	1	13	
4	180.84	91.17	164.99	128.00	40.10	0	
5	164.99	128.00	149.01	165.11	40.40	1	1	
6	149.01	165.11	139.77	186.57	23.37	0	
7	139.77	186.57	137.00	193.00	7.00	1	2	

6	3	89.275	5
1	199.00	49.00	219.94	47.35	21.00	3	6	10	13	
2	219.94	47.35	245.52	45.34	25.66	2	10	13	
3	245.52	45.34	261.01	44.12	15.54	1	13	
4	261.01	44.12	267.06	43.65	6.08	0	
5	267.06	43.65	288.00	42.00	21.00	1	3	

6	4	204.963	5
1	199.00	49.00	195.11	51.57	4.66	3	6	10	13	
2	195.11	51.57	182.56	59.87	15.05	2	6	13	
3	182.56	59.87	181.48	60.58	1.29	1	6	
4	181.48	60.58	42.18	152.63	166.96	0	
5	42.18	152.63	28.00	162.00	17.00	1	4	

6	5	150.373	5
1	199.00	49.00	195.32	49.91	3.79	3	6	10	13	
2	195.32	49.91	186.62	52.05	8.97	2	6	13	
3	186.62	52.05	178.61	54.03	8.25	1	6	
4	178.61	54.03	78.24	78.78	103.37	0	
5	78.24	78.78	53.00	85.00	26.00	1	5	

6	6	0	0

6	7	191.003	5
1	199.00	49.00	208.79	67.58	21.00	3	6	10	13	
2	208.79	67.58	214.95	79.29	13.23	2	10	13	
3	214.95	79.29	238.78	124.53	51.14	1	13	
4	238.78	124.53	281.94	206.50	92.64	0	
5	281.94	206.50	288.00	218.00	13.00	1	7	

6	8	195.880	5
1	199.00	49.00	204.90	69.16	21.00	3	6	10	13	
2	204.90	69.16	206.84	75.81	6.93	2	10	13	
3	206.84	75.81	221.43	125.68	51.96	1	13	
4	221.43	125.68	252.32	231.24	109.99	0	
5	252.32	231.24	254.00	237.00	6.00	1	8	

6	9	253.126	7
1	199.00	49.00	195.15	56.80	8.70	3	6	10	13	
2	195.15	56.80	189.71	67.83	12.30	2	6	13	
3	189.71	67.83	179.97	87.58	22.02	1	13	
4	179.97	87.58	159.70	128.65	45.80	0	
5	159.70	128.65	144.83	158.79	33.61	1	1	
6	144.83	158.79	108.68	232.06	81.70	0	
7	108.68	232.06	87.00	276.00	49.00	1	9	

6	10	22.561	2
1	199.00	49.00	219.48	53.65	21.00	3	6	10	13	
2	219.48	53.65	221.00	54.00	1.56	2	10	13	

6	11	251.030	7
1	199.00	49.00	196.32	62.18	13.45	3	6	10	13	
2	196.32	62.18	194.82	69.58	7.55	2	6	13	
3	194.82	69.58	187.55	105.34	36.49	1	13	
4	187.55	105.34	181.44	135.38	30.66	0	
5	181.44	135.38	174.43	169.88	35.20	1	1	
6	174.43	169.88	153.78	271.48	103.68	0	
7	153.78	271.48	149.00	295.00	24.00	1	11	

6	12	93.648	5
1	199.00	49.00	201.47	69.85	21.00	3	6	10	13	
2	201.47	69.85	201.64	71.36	1.52	2	10	13	
3	201.64	71.36	207.62	121.92	50.91	1	13	
4	207.62	121.92	209.53	138.03	16.23	0	
5	209.53	138.03	210.00	142.00	4.00	1	12	

6	13	40.311	2
1	199.00	49.00	213.59	64.11	21.00	3	6	10	13	
2	213.59	64.11	227.00	78.00	19.31	2	10	13	

6	14	121.655	7
1	199.00	49.00	196.65	63.11	14.30	3	6	10	13	
2	196.65	63.11	195.55	69.71	6.70	2	6	13	
3	195.55	69.71	189.23	107.62	38.43	1	13	
4	189.23	107.62	184.01	138.93	31.74	0	
5	184.01	138.93	179.39	166.64	28.09	1	1	
6	179.39	166.64	179.16	168.01	1.39	0	
7	179.16	168.01	179.00	169.00	1.00	1	14	

6	15	173.692	7
1	199.00	49.00	195.43	58.70	10.34	3	6	10	13	
2	195.43	58.70	191.75	68.71	10.66	2	6	13	
3	191.75	68.71	182.09	94.94	27.95	1	13	
4	182.09	94.94	169.73	128.51	35.78	0	
5	169.73	128.51	154.67	169.42	43.59	1	1	
6	154.67	169.42	141.76	204.49	37.37	0	
7	141.76	204.49	139.00	212.00	8.00	1	15	

7	0	101.548	2
1	288.00	218.00	276.99	211.09	13.00	1	7	
2	276.99	211.09	202.00	164.00	88.55	0	

7	1	140.545	3
1	288.00	218.00	276.62	211.71	13.00	1	7	
2	276.62	211.71	184.25	160.64	105.55	0	
3	184.25	160.64	165.00	150.00	22.00	1	1	

7	2	153.056	3
1	288.00	218.00	275.17	215.88	13.00	1	7	
2	275.17	215.88	143.91	194.14	133.06	0	
3	143.91	194.14	137.00	193.00	7.00	1	2	

7	3	176.000	3
1	288.00	218.00	288.00	205.00	13.00	1	7	
2	288.00	205.00	288.00	63.00	142.00	0	
3	288.00	63.00	288.00	42.00	21.00	1	3	

7	4	265.962	3
1	288.00	218.00	275.29	215.26	13.00	1	7	
2	275.29	215.26	44.62	165.58	235.96	0	
3	44.62	165.58	28.00	162.00	17.00	1	4	

7	5	270.026	5
1	288.00	218.00	276.69	211.60	13.00	1	7	
2	276.69	211.60	184.80	159.59	105.58	0	
3	184.80	159.59	146.58	137.96	43.91	1	1	
4	146.58	137.96	75.63	97.81	81.53	0	
5	75.63	97.81	53.00	85.00	26.00	1	5	

7	6	191.003	5
1	288.00	218.00	281.94	206.50	13.00	1	7	
2	281.94	206.50	238.78	124.53	92.64	0	
3	238.78	124.53	214.95	79.29	51.14	1	13	
4	214.95	79.29	208.79	67.58	13.23	2	10	13	
5	208.79	67.58	199.00	49.00	21.00	3	6	10	13	

7	7	0	0

7	8	38.949	3
1	288.00	218.00	276.65	224.34	13.00	1	7	
2	276.65	224.34	259.24	234.07	19.95	0	
3	259.24	234.07	254.00	237.00	6.00	1	8	

7	9	209.201	3
1	288.00	218.00	275.51	221.60	13.00	1	7	
2	275.51	221.60	134.08	262.42	147.20	0	
3	134.08	262.42	87.00	276.00	49.00	1	9	

7	10	177.158	4
1	288.00	218.00	283.08	205.97	13.00	1	7	
2	283.08	205.97	248.37	120.98	91.80	0	
3	248.37	120.98	230.83	78.07	46.36	1	13	
4	230.83	78.07	221.00	54.00	26.00	2	10	13	

7	11	158.902	5
1	288.00	218.00	276.63	224.30	13.00	1	7	
2	276.63	224.30	259.18	233.97	19.95	0	
3	259.18	233.97	248.68	239.78	12.00	1	8	
4	248.68	239.78	169.99	283.37	89.96	0	
5	169.99	283.37	149.00	295.00	24.00	1	11	

7	12	108.904	3
1	288.00	218.00	278.69	208.93	13.00	1	7	
2	278.69	208.93	212.86	144.79	91.90	0	
3	212.86	144.79	210.00	142.00	4.00	1	12	

7	13	152.712	4
1	288.00	218.00	282.81	206.08	13.00	1	7	
2	282.81	206.08	246.17	122.00	91.71	0	
3	246.17	122.00	227.51	79.17	46.72	1	13	
4	227.51	79.17	227.00	78.00	1.28	2	10	13	

7	14	119.507	3
1	288.00	218.00	276.14	212.67	13.00	1	7	
2	276.14	212.67	179.91	169.41	105.51	0	
3	179.91	169.41	179.00	169.00	1.00	1	14	

7	15	149.121	3
1	288.00	218.00	275.01	217.48	13.00	1	7	
2	275.01	217.48	146.99	212.32	128.12	0	
3	146.99	212.32	139.00	212.00	8.00	1	15	

8	0	89.627	2
1	254.00	237.00	250.52	232.11	6.00	1	8	
2	250.52	232.11	202.00	164.00	83.63	0	

8	1	124.459	3
1	254.00	237.00	249.71	232.81	6.00	1	8	
2	249.71	232.81	180.73	165.38	96.46	0	
3	180.73	165.38	165.00	150.00	22.00	1	1	

8	2	125.000	2
1	254.00	237.00	143.55	195.46	118.00	0	
2	143.55	195.46	137.00	193.00	7.00	1	2	

8	3	197.942	3
1	254.00	237.00	255.03	231.09	6.00	1	8	
2	255.03	231.09	284.39	62.69	170.94	0	
3	284.39	62.69	288.00	42.00	21.00	1	3	

8	4	238.120	5
1	254.00	237.00	248.31	235.11	6.00	1	8	
2	248.31	235.11	140.19	199.23	113.91	0	
3	140.19	199.23	130.72	196.09	9.98	1	2	
4	130.72	196.09	44.13	167.35	91.23	0	
5	44.13	167.35	28.00	162.00	17.00	1	4	

8	5	252.002	5
1	254.00	237.00	249.21	233.38	6.00	1	8	
2	249.21	233.38	167.81	171.82	102.06	0	
3	167.81	171.82	143.24	153.24	30.80	1	1	
4	143.24	153.24	73.74	100.68	87.14	0	
5	73.74	100.68	53.00	85.00	26.00	1	5	

8	6	195.880	5
1	254.00	237.00	252.32	231.24	6.00	1	8	
2	252.32	231.24	221.43	125.68	109.99	0	
3	221.43	125.68	206.84	75.81	51.96	1	13	
4	206.84	75.81	204.90	69.16	6.93	2	10	13	
5	204.90	69.16	199.00	49.00	21.00	3	6	10	13	

8	7	38.949	3
1	254.00	237.00	259.24	234.07	6.00	1	8	
2	259.24	234.07	276.65	224.34	19.95	0	
3	276.65	224.34	288.00	218.00	13.00	1	7	

8	8	0	0

8	9	171.493	3
1	254.00	237.00	248.16	238.36	6.00	1	8	
2	248.16	238.36	134.72	264.86	116.49	0	
3	134.72	264.86	87.00	276.00	49.00	1	9	

8	10	185.952	4
1	254.00	237.00	252.94	231.10	6.00	1	8	
2	252.94	231.10	233.89	125.50	107.30	0	
3	233.89	125.50	225.61	79.59	46.66	0	
4	225.61	79.59	221.00	54.00	26.00	2	10	13	

8	11	119.954	3
1	254.00	237.00	248.75	239.90	6.00	1	8	
2	248.75	239.90	170.01	283.40	89.95	0	
3	170.01	283.40	149.00	295.00	24.00	1	11	

8	12	104.695	3
1	254.00	237.00	251.48	231.56	6.00	1	8	
2	251.48	231.56	211.68	145.63	94.69	0	
3	211.68	145.63	210.00	142.00	4.00	1	12	

8	13	161.276	4
1	254.00	237.00	253.00	231.08	6.00	1	8	
2	253.00	231.08	235.04	125.32	107.28	0	
3	235.04	125.32	227.21	79.25	46.73	1	13	
4	227.21	79.25	227.00	78.00	1.27	1	13	

8	14	101.237	3
1	254.00	237.00	249.56	232.97	6.00	1	8	
2	249.56	232.97	179.74	169.67	94.24	0	
3	179.74	169.67	179.00	169.00	1.00	1	14	

8	15	117.686	3
1	254.00	237.00	248.14	235.73	6.00	1	8	
2	248.14	235.73	146.82	213.70	103.69	0	
3	146.82	213.70	139.00	212.00	8.00	1	15	

9	0	160.527	2
1	87.00	276.00	122.10	241.81	49.00	1	9	
2	122.10	241.81	202.00	164.00	111.53	0	

9	1	148.189	5
1	87.00	276.00	112.79	234.34	49.00	1	9	
2	112.79	234.34	134.37	199.49	40.99	0	
3	134.37	199.49	141.63	187.75	13.80	1	2	
4	141.63	187.75	153.42	168.71	22.40	0	
5	153.42	168.71	165.00	150.00	22.00	1	1	

9	2	96.897	3
1	87.00	276.00	112.28	234.03	49.00	1	9	
2	112.28	234.03	133.39	199.00	40.90	0	
3	133.39	199.00	137.00	193.00	7.00	1	2	

9	3	308.475	9
1	87.00	276.00	118.93	238.83	49.00	1	9	
2	118.93	238.83	135.71	219.29	25.76	0	
3	135.71	219.29	145.71	207.65	15.35	1	15	
4	145.71	207.65	178.30	169.71	50.01	0	
5	178.30	169.71	179.60	168.20	2.00	1	14	
6	179.60	168.20	216.79	124.90	57.08	0	
7	216.79	124.90	271.82	60.83	84.46	1	13	
8	271.82	60.83	274.32	57.93	3.82	0	
9	274.32	57.93	288.00	42.00	21.00	1	3	

9	4	128.363	3
1	87.00	276.00	64.48	232.48	49.00	1	9	
2	64.48	232.48	35.81	177.10	62.36	0	
3	35.81	177.10	28.00	162.00	17.00	1	4	

9	5	194.003	3
1	87.00	276.00	78.41	227.76	49.00	1	9	
2	78.41	227.76	57.56	110.60	119.00	0	
3	57.56	110.60	53.00	85.00	26.00	1	5	

9	6	253.126	7
1	87.00	276.00	108.68	232.06	49.00	1	9	
2	108.68	232.06	144.83	158.79	81.70	0	
3	144.83	158.79	159.70	128.65	33.61	1	1	
4	159.70	128.65	179.97	87.58	45.80	0	
5	179.97	87.58	189.71	67.83	22.02	1	13	
6	189.71	67.83	195.15	56.80	12.30	2	6	13	
7	195.15	56.80	199.00	49.00	8.70	3	6	10	13	

9	7	209.201	3
1	87.00	276.00	134.08	262.42	49.00	1	9	
2	134.08	262.42	275.51	221.60	147.20	0	
3	275.51	221.60	288.00	218.00	13.00	1	7	

9	8	171.493	3
1	87.00	276.00	134.72	264.86	49.00	1	9	
2	134.72	264.86	248.16	238.36	116.49	0	
3	248.16	238.36	254.00	237.00	6.00	1	8	

9	9	0	0

9	10	259.307	8
1	87.00	276.00	112.32	234.05	49.00	1	9	
2	112.32	234.05	133.46	199.04	40.90	0	
3	133.46	199.04	140.69	187.05	14.00	1	2	
4	140.69	187.05	152.24	167.92	22.35	0	
5	152.24	167.92	174.91	130.36	43.87	1	1	
6	174.91	130.36	188.89	107.19	27.06	0	
7	188.89	107.19	207.56	76.26	36.13	1	13	
8	207.56	76.26	221.00	54.00	26.00	2	10	13	

9	11	64.846	3
1	87.00	276.00	126.05	287.97	40.85	1	9	
2	126.05	287.97	133.85	290.36	8.15	2	9	11	
3	133.85	290.36	149.00	295.00	15.85	1	11	

9	12	181.893	5
1	87.00	276.00	120.13	239.90	49.00	1	9	
2	120.13	239.90	138.42	219.98	27.04	0	
3	138.42	219.98	146.90	210.74	12.54	1	15	
4	146.90	210.74	207.30	144.95	89.31	0	
5	207.30	144.95	210.00	142.00	4.00	1	12	

9	13	242.495	8
1	87.00	276.00	115.29	235.99	49.00	1	9	
2	115.29	235.99	131.15	213.56	27.48	0	
3	131.15	213.56	137.85	204.08	11.60	1	15	
4	137.85	204.08	160.82	171.60	39.78	0	
5	160.82	171.60	183.97	138.86	40.10	1	1	
6	183.97	138.86	199.29	117.19	26.53	0	
7	199.29	117.19	225.92	79.53	46.13	1	13	
8	225.92	79.53	227.00	78.00	1.87	2	10	13	

9	14	141.113	5
1	87.00	276.00	118.95	238.85	49.00	1	9	
2	118.95	238.85	135.74	219.31	25.77	0	
3	135.74	219.31	145.74	207.69	15.33	1	15	
4	145.74	207.69	178.35	169.76	50.02	0	
5	178.35	169.76	179.00	169.00	1.00	1	14	

9	15	82.462	3
1	87.00	276.00	117.90	237.97	49.00	1	9	
2	117.90	237.97	133.96	218.21	25.46	0	
3	133.96	218.21	139.00	212.00	8.00	1	15	

10	0	111.629	3
1	221.00	54.00	216.57	79.62	26.00	2	10	13	
2	216.57	79.62	209.16	122.56	43.58	1	13	
3	209.16	122.56	202.00	164.00	42.05	0	

10	1	111.140	4
1	221.00	54.00	207.90	76.46	26.00	2	10	13	
2	207.90	76.46	189.51	107.98	36.49	1	13	
3	189.51	107.98	176.09	131.00	26.65	0	
4	176.09	131.00	165.00	150.00	22.00	1	1	

10	2	162.410	6
1	221.00	54.00	207.55	76.25	26.00	2	10	13	
2	207.55	76.25	188.87	107.16	36.11	1	13	
3	188.87	107.16	174.87	130.34	27.08	0	
4	174.87	130.34	152.18	167.88	43.86	1	1	
5	152.18	167.88	140.62	187.01	22.35	0	
6	140.62	187.01	137.00	193.00	7.00	1	2	

10	3	68.066	4
1	221.00	54.00	246.59	49.42	26.00	2	10	13	
2	246.59	49.42	263.17	46.45	16.84	1	13	
3	263.17	46.45	267.33	45.70	4.22	0	
4	267.33	45.70	288.00	42.00	21.00	1	3	

10	4	221.163	6
1	221.00	54.00	219.11	55.06	2.17	2	10	13	
2	219.11	55.06	198.31	66.70	23.83	3	6	10	13	
3	198.31	66.70	193.65	69.31	5.34	2	6	13	
4	193.65	69.31	179.00	77.50	16.78	1	13	
5	179.00	77.50	42.84	153.70	156.04	0	
6	42.84	153.70	28.00	162.00	17.00	1	4	

10	5	170.836	6
1	221.00	54.00	219.32	54.31	1.71	2	10	13	
2	219.32	54.31	195.43	58.72	24.29	3	6	10	13	
3	195.43	58.72	182.04	61.19	13.62	2	6	13	
4	182.04	61.19	181.92	61.21	0.13	1	6	
5	181.92	61.21	78.57	80.28	105.09	0	
6	78.57	80.28	53.00	85.00	26.00	1	5	

10	6	22.561	2
1	221.00	54.00	219.48	53.65	1.56	2	10	13	
2	219.48	53.65	199.00	49.00	21.00	3	6	10	13	

10	7	177.158	4
1	221.00	54.00	230.83	78.07	26.00	2	10	13	
2	230.83	78.07	248.37	120.98	46.36	1	13	
3	248.37	120.98	283.08	205.97	91.80	0	
4	283.08	205.97	288.00	218.00	13.00	1	7	

10	8	185.952	4
1	221.00	54.00	225.61	79.59	26.00	2	10	13	
2	225.61	79.59	233.89	125.50	46.66	0	
3	233.89	125.50	252.94	231.10	107.30	0	
4	252.94	231.10	254.00	237.00	6.00	1	8	

10	9	259.307	8
1	221.00	54.00	207.56	76.26	26.00	2	10	13	
2	207.56	76.26	188.89	107.19	36.13	1	13	
3	188.89	107.19	174.91	130.36	27.06	0	
4	174.91	130.36	152.24	167.92	43.87	1	1	
5	152.24	167.92	140.69	187.05	22.35	0	
6	140.69	187.05	133.46	199.04	14.00	1	2	
7	133.46	199.04	112.32	234.05	40.90	0	
8	112.32	234.05	87.00	276.00	49.00	1	9	

10	10	0	0

10	11	251.525	4
1	221.00	54.00	213.56	78.91	26.00	2	10	13	
2	213.56	78.91	201.65	118.76	41.59	1	13	
3	201.65	118.76	155.87	272.00	159.94	0	
4	155.87	272.00	149.00	295.00	24.00	1	11	

10	12	88.685	4
1	221.00	54.00	217.78	79.80	26.00	2	10	13	
2	217.78	79.80	212.29	123.69	44.23	0	
3	212.29	123.69	210.50	138.03	14.45	0	
4	210.50	138.03	210.00	142.00	4.00	1	12	

10	13	24.739	1
1	221.00	54.00	227.00	78.00	24.74	2	10	13	

10	14	122.430	6
1	221.00	54.00	212.08	78.42	26.00	2	10	13	
2	212.08	78.42	198.21	116.41	40.44	1	13	
3	198.21	116.41	186.86	147.49	33.09	0	
4	186.86	147.49	180.09	166.01	19.71	1	1	
5	180.09	166.01	179.34	168.06	2.19	0	
6	179.34	168.06	179.00	169.00	1.00	1	14	

10	15	178.011	6
1	221.00	54.00	209.02	77.08	26.00	2	10	13	
2	209.02	77.08	191.68	110.50	37.66	1	13	
3	191.68	110.50	179.68	133.61	26.04	0	
4	179.68	133.61	160.05	171.44	42.61	1	1	
5	160.05	171.44	142.69	204.90	37.70	0	
6	142.69	204.90	139.00	212.00	8.00	1	15	

11	0	141.315	2
1	149.00	295.00	158.00	272.75	24.00	1	11	
2	158.00	272.75	202.00	164.00	117.32	0	

11	1	145.880	3
1	149.00	295.00	151.63	271.14	24.00	1	11	
2	151.63	271.14	162.59	171.87	99.88	0	
3	162.59	171.87	165.00	150.00	22.00	1	1	

11	2	102.703	5
1	149.00	295.00	146.20	271.16	24.00	1	11	
2	146.20	271.16	140.17	219.91	51.60	0	
3	140.17	219.91	138.30	204.03	15.99	1	15	
4	138.30	204.03	137.82	199.95	4.11	0	
5	137.82	199.95	137.00	193.00	7.00	1	2	

11	3	288.669	5
1	149.00	295.00	160.56	273.97	24.00	1	11	
2	160.56	273.97	243.45	123.09	172.14	0	
3	243.45	123.09	273.88	67.70	63.21	1	13	
4	273.88	67.70	277.89	60.41	8.32	0	
5	277.89	60.41	288.00	42.00	21.00	1	3	

11	4	179.805	5
1	149.00	295.00	135.79	280.48	19.62	1	11	
2	135.79	280.48	132.85	277.25	4.38	2	9	11	
3	132.85	277.25	87.14	227.00	67.93	1	9	
4	87.14	227.00	39.44	174.57	70.88	0	
5	39.44	174.57	28.00	162.00	17.00	1	4	

11	5	230.903	5
1	149.00	295.00	139.02	273.17	24.00	1	11	
2	139.02	273.17	134.04	262.27	11.99	0	
3	134.04	262.27	128.16	249.42	14.13	1	9	
4	128.16	249.42	63.81	108.65	154.78	0	
5	63.81	108.65	53.00	85.00	26.00	1	5	

11	6	251.030	7
1	149.00	295.00	153.78	271.48	24.00	1	11	
2	153.78	271.48	174.43	169.88	103.68	0	
3	174.43	169.88	181.44	135.38	35.20	1	1	
4	181.44	135.38	187.55	105.34	30.66	0	
5	187.55	105.34	194.82	69.58	36.49	1	13	
6	194.82	69.58	196.32	62.18	7.55	2	6	13	
7	196.32	62.18	199.00	49.00	13.45	3	6	10	13	

11	7	158.902	5
1	149.00	295.00	169.99	283.37	24.00	1	11	
2	169.99	283.37	248.68	239.78	89.96	0	
3	248.68	239.78	259.18	233.97	12.00	1	8	
4	259.18	233.97	276.63	224.30	19.95	0	
5	276.63	224.30	288.00	218.00	13.00	1	7	

11	8	119.954	3
1	149.00	295.00	170.01	283.40	24.00	1	11	
2	170.01	283.40	248.75	239.90	89.95	0	
3	248.75	239.90	254.00	237.00	6.00	1	8	

11	9	64.846	3
1	149.00	295.00	133.85	290.36	15.85	1	11	
2	133.85	290.36	126.05	287.97	8.15	2	9	11	
3	126.05	287.97	87.00	276.00	40.85	1	9	

11	10	251.525	4
1	149.00	295.00	155.87	272.00	24.00	1	11	
2	155.87	272.00	201.65	118.76	159.94	0	
3	201.65	118.76	213.56	78.91	41.59	1	13	
4	213.56	78.91	221.00	54.00	26.00	2	10	13	

11	11	0	0

11	12	164.712	3
1	149.00	295.00	157.89	272.71	24.00	1	11	
2	157.89	272.71	208.52	145.72	136.71	0	
3	208.52	145.72	210.00	142.00	4.00	1	12	

11	13	230.593	4
1	149.00	295.00	157.12	272.41	24.00	1	11	
2	157.12	272.41	210.76	123.17	158.59	0	
3	210.76	123.17	226.49	79.41	46.50	1	13	
4	226.49	79.41	227.00	78.00	1.50	2	10	13	

11	14	129.522	3
1	149.00	295.00	154.56	271.65	24.00	1	11	
2	154.56	271.65	178.77	169.97	104.52	0	
3	178.77	169.97	179.00	169.00	1.00	1	14	

11	15	83.600	3
1	149.00	295.00	146.13	271.17	24.00	1	11	
2	146.13	271.17	139.96	219.94	51.60	0	
3	139.96	219.94	139.00	212.00	8.00	1	15	

12	0	23.409	2
1	210.00	142.00	208.63	145.76	4.00	1	12	
2	208.63	145.76	202.00	164.00	19.41	0	

12	1	45.706	3
1	210.00	142.00	206.06	142.70	4.00	1	12	
2	206.06	142.70	186.66	146.15	19.71	0	
3	186.66	146.15	165.00	150.00	22.00	1	1	

12	2	89.051	5
1	210.00	142.00	206.72	144.29	4.00	1	12	
2	206.72	144.29	184.79	159.61	26.76	0	
3	184.79	159.61	167.22	171.89	21.43	1	1	
4	167.22	171.89	142.74	188.99	29.86	0	
5	142.74	188.99	137.00	193.00	7.00	1	2	

12	3	126.823	5
1	210.00	142.00	212.46	138.85	4.00	1	12	
2	212.46	138.85	222.64	125.80	16.54	0	
3	222.64	125.80	272.30	62.13	80.75	1	13	
4	272.30	62.13	275.08	58.56	4.53	0	
5	275.08	58.56	288.00	42.00	21.00	1	3	

12	4	183.096	5
1	210.00	142.00	206.02	142.44	4.00	1	12	
2	206.02	142.44	186.33	144.60	19.82	0	
3	186.33	144.60	143.01	149.36	43.58	1	1	
4	143.01	149.36	44.90	160.14	98.70	0	
5	44.90	160.14	28.00	162.00	17.00	1	4	

12	5	167.027	3
1	210.00	142.00	206.24	140.63	4.00	1	12	
2	206.24	140.63	77.44	93.87	137.03	0	
3	77.44	93.87	53.00	85.00	26.00	1	5	

12	6	93.648	5
1	210.00	142.00	209.53	138.03	4.00	1	12	
2	209.53	138.03	207.62	121.92	16.23	0	
3	207.62	121.92	201.64	71.36	50.91	1	13	
4	201.64	71.36	201.47	69.85	1.52	2	10	13	
5	201.47	69.85	199.00	49.00	21.00	3	6	10	13	

12	7	108.904	3
1	210.00	142.00	212.86	144.79	4.00	1	12	
2	212.86	144.79	278.69	208.93	91.90	0	
3	278.69	208.93	288.00	218.00	13.00	1	7	

12	8	104.695	3
1	210.00	142.00	211.68	145.63	4.00	1	12	
2	211.68	145.63	251.48	231.56	94.69	0	
3	251.48	231.56	254.00	237.00	6.00	1	8	

12	9	181.893	5
1	210.00	142.00	207.30	144.95	4.00	1	12	
2	207.30	144.95	146.90	210.74	89.31	0	
3	146.90	210.74	138.42	219.98	12.54	1	15	
4	138.42	219.98	120.13	239.90	27.04	0	
5	120.13	239.90	87.00	276.00	49.00	1	9	

12	10	88.685	4
1	210.00	142.00	210.50	138.03	4.00	1	12	
2	210.50	138.03	212.29	123.69	14.45	0	
3	212.29	123.69	217.78	79.80	44.23	0	
4	217.78	79.80	221.00	54.00	26.00	2	10	13	

12	11	164.712	3
1	210.00	142.00	208.52	145.72	4.00	1	12	
2	208.52	145.72	157.89	272.71	136.71	0	
3	157.89	272.71	149.00	295.00	24.00	1	11	

12	12	0	0

12	13	66.219	4
1	210.00	142.00	211.03	138.13	4.00	1	12	
2	211.03	138.13	214.68	124.39	14.22	0	
3	214.68	124.39	226.63	79.38	46.57	1	13	
4	226.63	79.38	227.00	78.00	1.43	2	10	13	

12	14	41.110	3
1	210.00	142.00	206.98	144.63	4.00	1	12	
2	206.98	144.63	179.75	168.34	36.11	0	
3	179.75	168.34	179.00	169.00	1.00	1	14	

12	15	99.705	3
1	210.00	142.00	207.15	144.81	4.00	1	12	
2	207.15	144.81	144.70	206.38	87.70	0	
3	144.70	206.38	139.00	212.00	8.00	1	15	

13	0	89.560	5
1	227.00	78.00	226.60	79.39	1.45	2	10	13	
2	226.60	79.39	213.60	124.09	46.55	1	13	
3	213.60	124.09	209.55	138.03	14.51	0	
4	209.55	138.03	207.49	145.11	7.38	1	12	
5	207.49	145.11	202.00	164.00	19.67	0	

13	1	95.016	4
1	227.00	78.00	225.64	79.58	2.09	2	10	13	
2	225.64	79.58	195.68	114.37	45.91	1	13	
3	195.68	114.37	179.36	133.33	25.02	0	
4	179.36	133.33	165.00	150.00	22.00	1	1	

13	2	146.031	6
1	227.00	78.00	225.78	79.56	1.98	2	10	13	
2	225.78	79.56	197.42	115.80	46.02	1	13	
3	197.42	115.80	181.78	135.78	25.37	0	
4	181.78	135.78	155.23	169.71	43.09	1	1	
5	155.23	169.71	141.31	187.49	22.57	0	
6	141.31	187.49	137.00	193.00	7.00	1	2	

13	3	70.831	4
1	227.00	78.00	242.23	69.01	17.68	2	10	13	
2	242.23	69.01	268.34	53.60	30.32	1	13	
3	268.34	53.60	269.91	52.67	1.83	0	
4	269.91	52.67	288.00	42.00	21.00	1	3	

13	4	216.002	4
1	227.00	78.00	222.34	79.97	5.05	2	10	13	
2	222.34	79.97	182.78	96.67	42.95	1	13	
3	182.78	96.67	43.66	155.39	151.00	0	
4	43.66	155.39	28.00	162.00	17.00	1	4	

13	5	174.141	4
1	227.00	78.00	212.53	78.58	14.48	2	10	13	
2	212.53	78.58	179.04	79.93	33.52	1	13	
3	179.04	79.93	78.98	83.95	100.14	0	
4	78.98	83.95	53.00	85.00	26.00	1	5	

13	6	40.311	2
1	227.00	78.00	213.59	64.11	19.31	2	10	13	
2	213.59	64.11	199.00	49.00	21.00	3	6	10	13	

13	7	152.712	4
1	227.00	78.00	227.51	79.17	1.28	2	10	13	
2	227.51	79.17	246.17	122.00	46.72	1	13	
3	246.17	122.00	282.81	206.08	91.71	0	
4	282.81	206.08	288.00	218.00	13.00	1	7	

13	8	161.276	4
1	227.00	78.00	227.21	79.25	1.27	1	13	
2	227.21	79.25	235.04	125.32	46.73	1	13	
3	235.04	125.32	253.00	231.08	107.28	0	
4	253.00	231.08	254.00	237.00	6.00	1	8	

13	9	242.495	8
1	227.00	78.00	225.92	79.53	1.87	2	10	13	
2	225.92	79.53	199.29	117.19	46.13	1	13	
3	199.29	117.19	183.97	138.86	26.53	0	
4	183.97	138.86	160.82	171.60	40.10	1	1	
5	160.82	171.60	137.85	204.08	39.78	0	
6	137.85	204.08	131.15	213.56	11.60	1	15	
7	131.15	213.56	115.29	235.99	27.48	0	
8	115.29	235.99	87.00	276.00	49.00	1	9	

13	10	24.739	1
1	227.00	78.00	221.00	54.00	24.74	2	10	13	

13	11	230.593	4
1	227.00	78.00	226.49	79.41	1.50	2	10	13	
2	226.49	79.41	210.76	123.17	46.50	1	13	
3	210.76	123.17	157.12	272.41	158.59	0	
4	157.12	272.41	149.00	295.00	24.00	1	11	

13	12	66.219	4
1	227.00	78.00	226.63	79.38	1.43	2	10	13	
2	226.63	79.38	214.68	124.39	46.57	1	13	
3	214.68	124.39	211.03	138.13	14.22	0	
4	211.03	138.13	210.00	142.00	4.00	1	12	

13	13	0	0

13	14	102.883	6
1	227.00	78.00	226.22	79.47	1.66	2	10	13	
2	226.22	79.47	204.61	120.46	46.34	1	13	
3	204.61	120.46	186.46	154.87	38.90	0	
4	186.46	154.87	181.13	164.96	11.41	1	1	
5	181.13	164.96	179.47	168.12	3.57	0	
6	179.47	168.12	179.00	169.00	1.00	1	14	

13	15	160.312	6
1	227.00	78.00	226.01	79.51	1.81	2	10	13	
2	226.01	79.51	200.65	118.12	46.19	1	13	
3	200.65	118.12	185.29	141.51	27.98	0	
4	185.29	141.51	165.27	172.00	36.48	1	1	
5	165.27	172.00	143.39	205.31	39.86	0	
6	143.39	205.31	139.00	212.00	8.00	1	15	

14	0	23.537	2
1	179.00	169.00	179.98	168.79	1.00	1	14	
2	179.98	168.79	202.00	164.00	22.54	0	

14	1	23.601	3
1	179.00	169.00	178.41	168.19	1.00	1	14	
2	178.41	168.19	178.05	167.71	0.60	0	
3	178.05	167.71	165.00	150.00	22.00	1	1	

14	2	48.374	3
1	179.00	169.00	178.13	169.50	1.00	1	14	
2	178.13	169.50	143.08	189.53	40.37	0	
3	143.08	189.53	137.00	193.00	7.00	1	2	

14	3	167.362	5
1	179.00	169.00	179.65	168.24	1.00	1	14	
2	179.65	168.24	216.84	124.91	57.10	0	
3	216.84	124.91	271.83	60.84	84.43	1	13	
4	271.83	60.84	274.32	57.94	3.83	0	
5	274.32	57.94	288.00	42.00	21.00	1	3	

14	4	151.162	5
1	179.00	169.00	178.00	168.95	1.00	1	14	
2	178.00	168.95	176.30	168.87	1.70	0	
3	176.30	168.87	152.00	167.75	24.33	1	1	
4	152.00	167.75	44.98	162.79	107.13	0	
5	44.98	162.79	28.00	162.00	17.00	1	4	

14	5	151.433	5
1	179.00	169.00	178.17	168.45	1.00	1	14	
2	178.17	168.45	177.58	168.05	0.71	0	
3	177.58	168.05	143.50	145.33	40.95	1	1	
4	143.50	145.33	74.63	99.42	82.77	0	
5	74.63	99.42	53.00	85.00	26.00	1	5	

14	6	121.655	7
1	179.00	169.00	179.16	168.01	1.00	1	14	
2	179.16	168.01	179.39	166.64	1.39	0	
3	179.39	166.64	184.01	138.93	28.09	1	1	
4	184.01	138.93	189.23	107.62	31.74	0	
5	189.23	107.62	195.55	69.71	38.43	1	13	
6	195.55	69.71	196.65	63.11	6.70	2	6	13	
7	196.65	63.11	199.00	49.00	14.30	3	6	10	13	

14	7	119.507	3
1	179.00	169.00	179.91	169.41	1.00	1	14	
2	179.91	169.41	276.14	212.67	105.51	0	
3	276.14	212.67	288.00	218.00	13.00	1	7	

14	8	101.237	3
1	179.00	169.00	179.74	169.67	1.00	1	14	
2	179.74	169.67	249.56	232.97	94.24	0	
3	249.56	232.97	254.00	237.00	6.00	1	8	

14	9	141.113	5
1	179.00	169.00	178.35	169.76	1.00	1	14	
2	178.35	169.76	145.74	207.69	50.02	0	
3	145.74	207.69	135.74	219.31	15.33	1	15	
4	135.74	219.31	118.95	238.85	25.77	0	
5	118.95	238.85	87.00	276.00	49.00	1	9	

14	10	122.430	6
1	179.00	169.00	179.34	168.06	1.00	1	14	
2	179.34	168.06	180.09	166.01	2.19	0	
3	180.09	166.01	186.86	147.49	19.71	1	1	
4	186.86	147.49	198.21	116.41	33.09	0	
5	198.21	116.41	212.08	78.42	40.44	1	13	
6	212.08	78.42	221.00	54.00	26.00	2	10	13	

14	11	129.522	3
1	179.00	169.00	178.77	169.97	1.00	1	14	
2	178.77	169.97	154.56	271.65	104.52	0	
3	154.56	271.65	149.00	295.00	24.00	1	11	

14	12	41.110	3
1	179.00	169.00	179.75	168.34	1.00	1	14	
2	179.75	168.34	206.98	144.63	36.11	0	
3	206.98	144.63	210.00	142.00	4.00	1	12	

14	13	102.883	6
1	179.00	169.00	179.47	168.12	1.00	1	14	
2	179.47	168.12	181.13	164.96	3.57	0	
3	181.13	164.96	186.46	154.87	11.41	1	1	
4	186.46	154.87	204.61	120.46	38.90	0	
5	204.61	120.46	226.22	79.47	46.34	1	13	
6	226.22	79.47	227.00	78.00	1.66	2	10	13	

14	14	0	0

14	15	58.728	3
1	179.00	169.00	178.32	169.73	1.00	1	14	
2	178.32	169.73	144.45	206.14	49.73	0	
3	144.45	206.14	139.00	212.00	8.00	1	15	

15	0	79.202	2
1	139.00	212.00	145.36	207.15	8.00	1	15	
2	145.36	207.15	202.00	164.00	71.20	0	

15	1	67.231	3
1	139.00	212.00	142.09	204.62	8.00	1	15	
2	142.09	204.62	156.49	170.29	37.23	0	
3	156.49	170.29	165.00	150.00	22.00	1	1	

15	2	19.105	3
1	139.00	212.00	138.16	204.04	8.00	1	15	
2	138.16	204.04	137.73	199.96	4.10	0	
3	137.73	199.96	137.00	193.00	7.00	1	2	

15	3	226.055	7
1	139.00	212.00	144.27	205.98	8.00	1	15	
2	144.27	205.98	177.43	168.15	50.31	0	
3	177.43	168.15	184.62	159.95	10.91	1	1	
4	184.62	159.95	215.58	124.62	46.97	0	
5	215.58	124.62	271.72	60.57	85.17	1	13	
6	271.72	60.57	274.16	57.79	3.69	0	
7	274.16	57.79	288.00	42.00	21.00	1	3	

15	4	121.742	3
1	139.00	212.00	131.71	208.71	8.00	1	15	
2	131.71	208.71	43.50	168.98	96.74	0	
3	43.50	168.98	28.00	162.00	17.00	1	4	

15	5	153.379	3
1	139.00	212.00	134.51	205.38	8.00	1	15	
2	134.51	205.38	67.58	106.53	119.38	0	
3	67.58	106.53	53.00	85.00	26.00	1	5	

15	6	173.692	7
1	139.00	212.00	141.76	204.49	8.00	1	15	
2	141.76	204.49	154.67	169.42	37.37	0	
3	154.67	169.42	169.73	128.51	43.59	1	1	
4	169.73	128.51	182.09	94.94	35.78	0	
5	182.09	94.94	191.75	68.71	27.95	1	13	
6	191.75	68.71	195.43	58.70	10.66	2	6	13	
7	195.43	58.70	199.00	49.00	10.34	3	6	10	13	

15	7	149.121	3
1	139.00	212.00	146.99	212.32	8.00	1	15	
2	146.99	212.32	275.01	217.48	128.12	0	
3	275.01	217.48	288.00	218.00	13.00	1	7	

15	8	117.686	3
1	139.00	212.00	146.82	213.70	8.00	1	15	
2	146.82	213.70	248.14	235.73	103.69	0	
3	248.14	235.73	254.00	237.00	6.00	1	8	

15	9	82.462	3
1	139.00	212.00	133.96	218.21	8.00	1	15	
2	133.96	218.21	117.90	237.97	25.46	0	
3	117.90	237.97	87.00	276.00	49.00	1	9	

15	10	178.011	6
1	139.00	212.00	142.69	204.90	8.00	1	15	
2	142.69	204.90	160.05	171.44	37.70	0	
3	160.05	171.44	179.68	133.61	42.61	1	1	
4	179.68	133.61	191.68	110.50	26.04	0	
5	191.68	110.50	209.02	77.08	37.66	1	13	
6	209.02	77.08	221.00	54.00	26.00	2	10	13	

15	11	83.600	3
1	139.00	212.00	139.96	219.94	8.00	1	15	
2	139.96	219.94	146.13	271.17	51.60	0	
3	146.13	271.17	149.00	295.00	24.00	1	11	

15	12	99.705	3
1	139.00	212.00	144.70	206.38	8.00	1	15	
2	144.70	206.38	207.15	144.81	87.70	0	
3	207.15	144.81	210.00	142.00	4.00	1	12	

15	13	160.312	6
1	139.00	212.00	143.39	205.31	8.00	1	15	
2	143.39	205.31	165.27	172.00	39.86	0	
3	165.27	172.00	185.29	141.51	36.48	1	1	
4	185.29	141.51	200.65	118.12	27.98	0	
5	200.65	118.12	226.01	79.51	46.19	1	13	
6	226.01	79.51	227.00	78.00	1.81	2	10	13	

15	14	58.728	3
1	139.00	212.00	144.45	206.14	8.00	1	15	
2	144.45	206.14	178.32	169.73	49.73	0	
3	178.32	169.73	179.00	169.00	1.00	1	14	

15	15	0	0