8	69	2	0.001	35.0
150.000	150.000	0.000	7.000	0.000
98.000	49.000	29.000	10.000	1.000
177.000	80.000	7.000	8.000	12.000
270.000	177.000	41.000	3.000	7.000
52.000	201.000	5.000	6.000	18.000
68.000	129.000	13.000	6.000	8.000
234.000	11.000	34.000	5.000	14.000
17.000	166.000	45.000	5.000	7.000

0	0	0	0

0	1	113.600	2
1	150.00	150.00	111.27	74.78	84.60	0	
2	111.27	74.78	98.00	49.00	29.00	1	1	

0	2	75.027	2
1	150.00	150.00	174.48	86.53	68.03	0	
2	174.48	86.53	177.00	80.00	7.00	1	2	

0	3	123.000	2
1	150.00	150.00	230.00	168.00	82.00	0	
2	230.00	168.00	270.00	177.00	41.00	1	3	

0	4	110.476	2
1	150.00	150.00	56.44	198.69	105.48	0	
2	56.44	198.69	52.00	201.00	5.00	1	4	

0	5	84.646	2
1	150.00	150.00	80.59	132.23	71.65	0	
2	80.59	132.23	68.00	129.00	13.00	1	5	

0	6	162.410	2
1	150.00	150.00	216.41	40.10	128.41	0	
2	216.41	40.10	234.00	11.00	34.00	1	6	

0	7	133.959	2
1	150.00	150.00	61.68	160.63	88.96	0	
2	61.68	160.63	17.00	166.00	45.00	1	7	

1	0	113.600	2
1	98.00	49.00	111.27	74.78	29.00	1	1	
2	111.27	74.78	150.00	150.00	84.60	0	

1	1	0	0

1	2	84.865	3
1	98.00	49.00	125.00	59.59	29.00	1	1	
2	125.00	59.59	170.48	77.44	48.86	0	
3	170.48	77.44	177.00	80.00	7.00	1	2	

1	3	214.401	3
1	98.00	49.00	121.26	66.31	29.00	1	1	
2	121.26	66.31	237.11	152.52	144.40	0	
3	237.11	152.52	270.00	177.00	41.00	1	3	

1	4	158.808	7
1	98.00	49.00	89.60	76.76	29.00	1	1	
2	89.60	76.76	76.71	119.35	44.50	0	
3	76.71	119.35	69.90	141.86	23.52	1	5	
4	69.90	141.86	61.95	168.12	27.44	0	
5	61.95	168.12	55.58	189.16	21.98	1	7	
6	55.58	189.16	53.45	196.21	7.37	0	
7	53.45	196.21	52.00	201.00	5.00	1	4	

1	5	85.440	3
1	98.00	49.00	87.82	76.15	29.00	1	1	
2	87.82	76.15	72.56	116.83	43.44	0	
3	72.56	116.83	68.00	129.00	13.00	1	5	

1	6	141.209	3
1	98.00	49.00	125.93	41.20	29.00	1	1	
2	125.93	41.20	201.25	20.15	78.21	0	
3	201.25	20.15	234.00	11.00	34.00	1	6	

1	7	142.302	3
1	98.00	49.00	81.49	72.84	29.00	1	1	
2	81.49	72.84	42.61	129.00	68.30	0	
3	42.61	129.00	17.00	166.00	45.00	1	7	

2	0	75.027	2
1	177.00	80.00	174.48	86.53	7.00	1	2	
2	174.48	86.53	150.00	150.00	68.03	0	

2	1	84.865	3
1	177.00	80.00	170.48	77.44	7.00	1	2	
2	170.48	77.44	125.00	59.59	48.86	0	
3	125.00	59.59	98.00	49.00	29.00	1	1	

2	2	0	0

2	3	134.380	3
1	177.00	80.00	181.84	85.05	7.00	1	2	
2	181.84	85.05	241.63	147.40	86.38	0	
3	241.63	147.40	270.00	177.00	41.00	1	3	

2	4	173.971	3
1	177.00	80.00	171.97	84.87	7.00	1	2	
2	171.97	84.87	55.59	197.52	161.97	0	
3	55.59	197.52	52.00	201.00	5.00	1	4	

2	5	119.507	3
1	177.00	80.00	170.62	82.87	7.00	1	2	
2	170.62	82.87	79.86	123.67	99.51	0	
3	79.86	123.67	68.00	129.00	13.00	1	5	

2	6	89.499	3
1	177.00	80.00	181.46	74.60	7.00	1	2	
2	181.46	74.60	212.35	37.21	48.50	0	
3	212.35	37.21	234.00	11.00	34.00	1	6	

2	7	181.648	5
1	177.00	80.00	170.83	83.31	7.00	1	2	
2	170.83	83.31	80.70	131.76	102.33	0	
3	80.70	131.76	63.29	141.12	19.77	1	5	
4	63.29	141.12	56.64	144.70	7.56	0	
5	56.64	144.70	17.00	166.00	45.00	1	7	

3	0	123.000	2
1	270.00	177.00	230.00	168.00	41.00	1	3	
2	230.00	168.00	150.00	150.00	82.00	0	

3	1	214.401	3
1	270.00	177.00	237.11	152.52	41.00	1	3	
2	237.11	152.52	121.26	66.31	144.40	0	
3	121.26	66.31	98.00	49.00	29.00	1	1	

3	2	134.380	3
1	270.00	177.00	241.63	147.40	41.00	1	3	
2	241.63	147.40	181.84	85.05	86.38	0	
3	181.84	85.05	177.00	80.00	7.00	1	2	

3	3	0	0

3	4	219.317	3
1	270.00	177.00	229.25	181.49	41.00	1	3	
2	229.25	181.49	56.97	200.45	173.32	0	
3	56.97	200.45	52.00	201.00	5.00	1	4	

3	5	207.625	3
1	270.00	177.00	230.11	167.52	41.00	1	3	
2	230.11	167.52	80.65	132.01	153.62	0	
3	80.65	132.01	68.00	129.00	13.00	1	5	

3	6	169.859	3
1	270.00	177.00	261.31	136.93	41.00	1	3	
2	261.31	136.93	241.21	44.23	94.86	0	
3	241.21	44.23	234.00	11.00	34.00	1	6	

3	7	253.239	3
1	270.00	177.00	229.04	175.22	41.00	1	3	
2	229.04	175.22	61.96	167.95	167.24	0	
3	61.96	167.95	17.00	166.00	45.00	1	7	

4	0	110.476	2
1	52.00	201.00	56.44	198.69	5.00	1	4	
2	56.44	198.69	150.00	150.00	105.48	0	

4	1	158.808	7
1	52.00	201.00	53.45	196.21	5.00	1	4	
2	53.45	196.21	55.58	189.16	7.37	0	
3	55.58	189.16	61.95	168.12	21.98	1	7	
4	61.95	168.12	69.90	141.86	27.44	0	
5	69.90	141.86	76.71	119.35	23.52	1	5	
6	76.71	119.35	89.60	76.76	44.50	0	
7	89.60	76.76	98.00	49.00	29.00	1	1	

4	2	173.971	3
1	52.00	201.00	55.59	197.52	5.00	1	4	
2	55.59	197.52	171.97	84.87	161.97	0	
3	171.97	84.87	177.00	80.00	7.00	1	2	

4	3	219.317	3
1	52.00	201.00	56.97	200.45	5.00	1	4	
2	56.97	200.45	229.25	181.49	173.32	0	
3	229.25	181.49	270.00	177.00	41.00	1	3	

4	4	0	0

4	5	73.756	5
1	52.00	201.00	53.08	196.12	5.00	1	4	
2	53.08	196.12	54.13	191.43	4.81	0	
3	54.13	191.43	61.40	158.69	33.54	1	7	
4	61.40	158.69	65.18	141.69	17.41	0	
5	65.18	141.69	68.00	129.00	13.00	1	5	

4	6	263.105	5
1	52.00	201.00	55.46	197.39	5.00	1	4	
2	55.46	197.39	170.58	77.21	166.43	0	
3	170.58	77.21	173.93	73.71	4.84	1	2	
4	173.93	73.71	210.48	35.55	52.84	0	
5	210.48	35.55	234.00	11.00	34.00	1	6	

4	7	49.497	3
1	52.00	201.00	48.82	197.82	4.50	1	4	
2	48.82	197.82	48.46	197.46	0.50	2	4	7	
3	48.46	197.46	17.00	166.00	44.50	1	7	

5	0	84.646	2
1	68.00	129.00	80.59	132.23	13.00	1	5	
2	80.59	132.23	150.00	150.00	71.65	0	

5	1	85.440	3
1	68.00	129.00	72.56	116.83	13.00	1	5	
2	72.56	116.83	87.82	76.15	43.44	0	
3	87.82	76.15	98.00	49.00	29.00	1	1	

5	2	119.507	3
1	68.00	129.00	79.86	123.67	13.00	1	5	
2	79.86	123.67	170.62	82.87	99.51	0	
3	170.62	82.87	177.00	80.00	7.00	1	2	

5	3	207.625	3
1	68.00	129.00	80.65	132.01	13.00	1	5	
2	80.65	132.01	230.11	167.52	153.62	0	
3	230.11	167.52	270.00	177.00	41.00	1	3	

5	4	73.756	5
1	68.00	129.00	65.18	141.69	13.00	1	5	
2	65.18	141.69	61.40	158.69	17.41	0	
3	61.40	158.69	54.13	191.43	33.54	1	7	
4	54.13	191.43	53.08	196.12	4.81	0	
5	53.08	196.12	52.00	201.00	5.00	1	4	

5	5	0	0

5	6	203.666	3
1	68.00	129.00	78.60	121.47	13.00	1	5	
2	78.60	121.47	206.29	30.70	156.67	0	
3	206.29	30.70	234.00	11.00	34.00	1	6	

5	7	63.008	3
1	68.00	129.00	57.48	136.63	13.00	1	5	
2	57.48	136.63	53.42	139.57	5.01	0	
3	53.42	139.57	17.00	166.00	45.00	1	7	

6	0	162.410	2
1	234.00	11.00	216.41	40.10	34.00	1	6	
2	216.41	40.10	150.00	150.00	128.41	0	

6	1	141.209	3
1	234.00	11.00	201.25	20.15	34.00	1	6	
2	201.25	20.15	125.93	41.20	78.21	0	
3	125.93	41.20	98.00	49.00	29.00	1	1	

6	2	89.499	3
1	234.00	11.00	212.35	37.21	34.00	1	6	
2	212.35	37.21	181.46	74.60	48.50	0	
3	181.46	74.60	177.00	80.00	7.00	1	2	

6	3	169.859	3
1	234.00	11.00	241.21	44.23	34.00	1	6	
2	241.21	44.23	261.31	136.93	94.86	0	
3	261.31	136.93	270.00	177.00	41.00	1	3	

6	4	263.105	5
1	234.00	11.00	210.48	35.55	34.00	1	6	
2	210.48	35.55	173.93	73.71	52.84	0	
3	173.93	73.71	170.58	77.21	4.84	1	2	
4	170.58	77.21	55.46	197.39	166.43	0	
5	55.46	197.39	52.00	201.00	5.00	1	4	

6	5	203.666	3
1	234.00	11.00	206.29	30.70	34.00	1	6	
2	206.29	30.70	78.60	121.47	156.67	0	
3	78.60	121.47	68.00	129.00	13.00	1	5	

6	6	0	0

6	7	266.672	5
1	234.00	11.00	206.33	30.76	34.00	1	6	
2	206.33	30.76	78.84	121.83	156.67	0	
3	78.84	121.83	57.70	136.93	25.98	1	5	
4	57.70	136.93	53.62	139.84	5.01	0	
5	53.62	139.84	17.00	166.00	45.00	1	7	

7	0	133.959	2
1	17.00	166.00	61.68	160.63	45.00	1	7	
2	61.68	160.63	150.00	150.00	88.96	0	

7	1	142.302	3
1	17.00	166.00	42.61	129.00	45.00	1	7	
2	42.61	129.00	81.49	72.84	68.30	0	
3	81.49	72.84	98.00	49.00	29.00	1	1	

7	2	181.648	5
1	17.00	166.00	56.64	144.70	45.00	1	7	
2	56.64	144.70	63.29	141.12	7.56	0	
3	63.29	141.12	80.70	131.76	19.77	1	5	
4	80.70	131.76	170.83	83.31	102.33	0	
5	170.83	83.31	177.00	80.00	7.00	1	2	

7	3	253.239	3
1	17.00	166.00	61.96	167.95	45.00	1	7	
2	61.96	167.95	229.04	175.22	167.24	0	
3	229.04	175.22	270.00	177.00	41.00	1	3	

7	4	49.497	3
1	17.00	166.00	48.46	197.46	44.50	1	7	
2	48.46	197.46	48.82	197.82	0.50	2	4	7	
3	48.82	197.82	52.00	201.00	4.50	1	4	

7	5	63.008	3
1	17.00	166.00	53.42	139.57	45.00	1	7	
2	53.42	139.57	57.48	136.63	5.01	0	
3	57.48	136.63	68.00	129.00	13.00	1	5	

7	6	266.672	5
1	17.00	166.00	53.62	139.84	45.00	1	7	
2	53.62	139.84	57.70	136.93	5.01	0	
3	57.70	136.93	78.84	121.83	25.98	1	5	
4	78.84	121.83	206.33	30.76	156.67	0	
5	206.33	30.76	234.00	11.00	34.00	1	6	

7	7	0	0
