8	76	2	0.001	100.0
150.000	150.000	0.000	7.000	0.000
166.000	44.000	7.000	6.000	10.000
21.000	37.000	39.000	7.000	3.000
27.000	82.000	15.000	3.000	6.000
171.000	25.000	45.000	5.000	16.000
86.000	32.000	28.000	9.000	20.000
210.000	282.000	19.000	3.000	19.000
114.000	223.000	27.000	4.000	19.000

0	0	0	0

0	1	107.201	3
1	150.00	150.00	162.21	69.13	81.78	0	
2	162.21	69.13	164.96	50.92	18.42	0	
3	164.96	50.92	166.00	44.00	7.00	2	1	4	

0	2	171.493	2
1	150.00	150.00	50.34	62.70	132.49	0	
2	50.34	62.70	21.00	37.00	39.00	1	2	

0	3	140.545	2
1	150.00	150.00	40.13	89.26	125.55	0	
2	40.13	89.26	27.00	82.00	15.00	1	3	

0	4	126.752	4
1	150.00	150.00	163.54	69.38	81.75	0	
2	163.54	69.38	166.64	50.97	18.67	1	4	
3	166.64	50.97	168.88	37.62	13.54	2	1	4	
4	168.88	37.62	171.00	25.00	12.80	1	4	

0	5	134.239	2
1	150.00	150.00	99.35	56.61	106.24	0	
2	99.35	56.61	86.00	32.00	28.00	1	5	

0	6	144.997	2
1	150.00	150.00	202.14	264.70	126.00	0	
2	202.14	264.70	210.00	282.00	19.00	1	6	

0	7	81.394	2
1	150.00	150.00	125.94	198.78	54.39	0	
2	125.94	198.78	114.00	223.00	27.00	1	7	

1	0	107.201	3
1	166.00	44.00	164.96	50.92	7.00	2	1	4	
2	164.96	50.92	162.21	69.13	18.42	0	
3	162.21	69.13	150.00	150.00	81.78	0	

1	1	0	0

1	2	145.169	6
1	166.00	44.00	159.01	43.66	7.00	2	1	4	
2	159.01	43.66	129.43	42.23	29.61	1	4	
3	129.43	42.23	112.37	41.41	17.08	0	
4	112.37	41.41	59.95	38.88	52.48	1	5	
5	59.95	38.88	58.84	38.83	1.11	2	2	5	
6	58.84	38.83	21.00	37.00	37.89	1	2	

1	3	144.101	4
1	166.00	44.00	159.25	45.85	7.00	2	1	4	
2	159.25	45.85	135.30	52.39	24.83	1	4	
3	135.30	52.39	41.47	78.04	97.27	0	
4	41.47	78.04	27.00	82.00	15.00	1	3	

1	4	19.647	2
1	166.00	44.00	167.78	37.23	7.00	2	1	4	
2	167.78	37.23	171.00	25.00	12.65	1	4	

1	5	80.895	4
1	166.00	44.00	159.08	42.96	7.00	2	1	4	
2	159.08	42.96	128.01	38.30	31.41	1	4	
3	128.01	38.30	113.69	36.15	14.48	0	
4	113.69	36.15	86.00	32.00	28.00	1	5	

1	6	242.033	4
1	166.00	44.00	167.27	50.88	7.00	2	1	4	
2	167.27	50.88	170.81	70.00	19.44	1	4	
3	170.81	70.00	206.55	263.32	196.59	0	
4	206.55	263.32	210.00	282.00	19.00	1	6	

1	7	186.400	4
1	166.00	44.00	164.05	50.72	7.00	2	1	4	
2	164.05	50.72	158.93	68.35	18.36	1	4	
3	158.93	68.35	121.53	197.07	134.04	0	
4	121.53	197.07	114.00	223.00	27.00	1	7	

2	0	171.493	2
1	21.00	37.00	50.34	62.70	39.00	1	2	
2	50.34	62.70	150.00	150.00	132.49	0	

2	1	145.169	6
1	21.00	37.00	58.84	38.83	37.89	1	2	
2	58.84	38.83	59.95	38.88	1.11	2	2	5	
3	59.95	38.88	112.37	41.41	52.48	1	5	
4	112.37	41.41	129.43	42.23	17.08	0	
5	129.43	42.23	159.01	43.66	29.61	1	4	
6	159.01	43.66	166.00	44.00	7.00	2	1	4	

2	2	0	0

2	3	45.398	3
1	21.00	37.00	25.02	67.13	30.40	1	2	
2	25.02	67.13	26.15	75.66	8.60	1	2	
3	26.15	75.66	27.00	82.00	6.40	1	3	

2	4	150.479	5
1	21.00	37.00	58.07	34.03	37.19	1	2	
2	58.07	34.03	59.88	33.89	1.81	2	2	5	
3	59.88	33.89	113.89	29.57	54.19	1	5	
4	113.89	29.57	126.14	28.59	12.29	0	
5	126.14	28.59	171.00	25.00	45.00	1	4	

2	5	65.192	3
1	21.00	37.00	58.08	34.15	37.19	1	2	
2	58.08	34.15	59.89	34.01	1.81	2	2	5	
3	59.89	34.01	86.00	32.00	26.19	1	5	

2	6	309.429	3
1	21.00	37.00	44.82	67.88	39.00	1	2	
2	44.82	67.88	198.39	266.96	251.43	0	
3	198.39	266.96	210.00	282.00	19.00	1	6	

2	7	207.954	5
1	21.00	37.00	38.44	71.88	39.00	1	2	
2	38.44	71.88	39.00	73.00	1.25	0	
3	39.00	73.00	41.40	77.80	5.37	1	3	
4	41.40	77.80	101.93	198.85	135.34	0	
5	101.93	198.85	114.00	223.00	27.00	1	7	

3	0	140.545	2
1	27.00	82.00	40.13	89.26	15.00	1	3	
2	40.13	89.26	150.00	150.00	125.55	0	

3	1	144.101	4
1	27.00	82.00	41.47	78.04	15.00	1	3	
2	41.47	78.04	135.30	52.39	97.27	0	
3	135.30	52.39	159.25	45.85	24.83	1	4	
4	159.25	45.85	166.00	44.00	7.00	2	1	4	

3	2	45.398	3
1	27.00	82.00	26.15	75.66	6.40	1	3	
2	26.15	75.66	25.02	67.13	8.60	1	2	
3	25.02	67.13	21.00	37.00	30.40	1	2	

3	3	0	0

3	4	154.871	5
1	27.00	82.00	40.95	76.48	15.00	1	3	
2	40.95	76.48	82.99	59.84	45.22	0	
3	82.99	59.84	107.25	50.24	26.09	1	5	
4	107.25	50.24	129.16	41.56	23.56	0	
5	129.16	41.56	171.00	25.00	45.00	1	4	

3	5	77.337	5
1	27.00	82.00	38.44	72.30	15.00	1	3	
2	38.44	72.30	39.74	71.20	1.70	0	
3	39.74	71.20	51.66	61.10	15.63	1	2	
4	51.66	61.10	64.64	50.10	17.01	0	
5	64.64	50.10	86.00	32.00	28.00	1	5	

3	6	271.089	3
1	27.00	82.00	37.13	93.07	15.00	1	3	
2	37.13	93.07	197.17	267.98	237.09	0	
3	197.17	267.98	210.00	282.00	19.00	1	6	

3	7	165.680	3
1	27.00	82.00	34.88	94.77	15.00	1	3	
2	34.88	94.77	99.82	200.02	123.68	0	
3	99.82	200.02	114.00	223.00	27.00	1	7	

4	0	126.752	4
1	171.00	25.00	168.88	37.62	12.80	1	4	
2	168.88	37.62	166.64	50.97	13.54	2	1	4	
3	166.64	50.97	163.54	69.38	18.67	1	4	
4	163.54	69.38	150.00	150.00	81.75	0	

4	1	19.647	2
1	171.00	25.00	167.78	37.23	12.65	1	4	
2	167.78	37.23	166.00	44.00	7.00	2	1	4	

4	2	150.479	5
1	171.00	25.00	126.14	28.59	45.00	1	4	
2	126.14	28.59	113.89	29.57	12.29	0	
3	113.89	29.57	59.88	33.89	54.19	1	5	
4	59.88	33.89	58.07	34.03	1.81	2	2	5	
5	58.07	34.03	21.00	37.00	37.19	1	2	

4	3	154.871	5
1	171.00	25.00	129.16	41.56	45.00	1	4	
2	129.16	41.56	107.25	50.24	23.56	0	
3	107.25	50.24	82.99	59.84	26.09	1	5	
4	82.99	59.84	40.95	76.48	45.22	0	
5	40.95	76.48	27.00	82.00	15.00	1	3	

4	4	0	0

4	5	85.288	3
1	171.00	25.00	126.15	28.69	45.00	1	4	
2	126.15	28.69	113.91	29.70	12.29	0	
3	113.91	29.70	86.00	32.00	28.00	1	5	

4	6	259.942	3
1	171.00	25.00	177.75	69.49	45.00	1	4	
2	177.75	69.49	207.15	263.22	195.94	0	
3	207.15	263.22	210.00	282.00	19.00	1	6	

4	7	206.041	5
1	171.00	25.00	167.50	37.16	12.66	1	4	
2	167.50	37.16	163.63	50.59	13.97	2	1	4	
3	163.63	50.59	158.55	68.24	18.37	0	
4	158.55	68.24	121.47	197.05	134.04	0	
5	121.47	197.05	114.00	223.00	27.00	1	7	

5	0	134.239	2
1	86.00	32.00	99.35	56.61	28.00	1	5	
2	99.35	56.61	150.00	150.00	106.24	0	

5	1	80.895	4
1	86.00	32.00	113.69	36.15	28.00	1	5	
2	113.69	36.15	128.01	38.30	14.48	0	
3	128.01	38.30	159.08	42.96	31.41	1	4	
4	159.08	42.96	166.00	44.00	7.00	2	1	4	

5	2	65.192	3
1	86.00	32.00	59.89	34.01	26.19	1	5	
2	59.89	34.01	58.08	34.15	1.81	2	2	5	
3	58.08	34.15	21.00	37.00	37.19	1	2	

5	3	77.337	5
1	86.00	32.00	64.64	50.10	28.00	1	5	
2	64.64	50.10	51.66	61.10	17.01	0	
3	51.66	61.10	39.74	71.20	15.63	1	2	
4	39.74	71.20	38.44	72.30	1.70	0	
5	38.44	72.30	27.00	82.00	15.00	1	3	

5	4	85.288	3
1	86.00	32.00	113.91	29.70	28.00	1	5	
2	113.91	29.70	126.15	28.69	12.29	0	
3	126.15	28.69	171.00	25.00	45.00	1	4	

5	5	0	0

5	6	279.063	3
1	86.00	32.00	98.44	57.08	28.00	1	5	
2	98.44	57.08	201.56	264.98	232.06	0	
3	201.56	264.98	210.00	282.00	19.00	1	6	

5	7	193.041	3
1	86.00	32.00	90.06	59.70	28.00	1	5	
2	90.06	59.70	110.08	196.29	138.04	0	
3	110.08	196.29	114.00	223.00	27.00	0	

6	0	144.997	2
1	210.00	282.00	202.14	264.70	19.00	1	6	
2	202.14	264.70	150.00	150.00	126.00	0	

6	1	242.033	4
1	210.00	282.00	206.55	263.32	19.00	1	6	
2	206.55	263.32	170.81	70.00	196.59	0	
3	170.81	70.00	167.27	50.88	19.44	1	4	
4	167.27	50.88	166.00	44.00	7.00	2	1	4	

6	2	309.429	3
1	210.00	282.00	198.39	266.96	19.00	1	6	
2	198.39	266.96	44.82	67.88	251.43	0	
3	44.82	67.88	21.00	37.00	39.00	1	2	

6	3	271.089	3
1	210.00	282.00	197.17	267.98	19.00	1	6	
2	197.17	267.98	37.13	93.07	237.09	0	
3	37.13	93.07	27.00	82.00	15.00	1	3	

6	4	259.942	3
1	210.00	282.00	207.15	263.22	19.00	1	6	
2	207.15	263.22	177.75	69.49	195.94	0	
3	177.75	69.49	171.00	25.00	45.00	1	4	

6	5	279.063	3
1	210.00	282.00	201.56	264.98	19.00	1	6	
2	201.56	264.98	98.44	57.08	232.06	0	
3	98.44	57.08	86.00	32.00	28.00	1	5	

6	6	0	0

6	7	112.681	3
1	210.00	282.00	193.81	272.05	19.00	1	6	
2	193.81	272.05	137.00	237.14	66.68	0	
3	137.00	237.14	114.00	223.00	27.00	1	7	

7	0	81.394	2
1	114.00	223.00	125.94	198.78	27.00	1	7	
2	125.94	198.78	150.00	150.00	54.39	0	

7	1	186.400	4
1	114.00	223.00	121.53	197.07	27.00	1	7	
2	121.53	197.07	158.93	68.35	134.04	0	
3	158.93	68.35	164.05	50.72	18.36	1	4	
4	164.05	50.72	166.00	44.00	7.00	2	1	4	

7	2	207.954	5
1	114.00	223.00	101.93	198.85	27.00	1	7	
2	101.93	198.85	41.40	77.80	135.34	0	
3	41.40	77.80	39.00	73.00	5.37	1	3	
4	39.00	73.00	38.44	71.88	1.25	0	
5	38.44	71.88	21.00	37.00	39.00	1	2	

7	3	165.680	3
1	114.00	223.00	99.82	200.02	27.00	1	7	
2	99.82	200.02	34.88	94.77	123.68	0	
3	34.88	94.77	27.00	82.00	15.00	1	3	

7	4	206.041	5
1	114.00	223.00	121.47	197.05	27.00	1	7	
2	121.47	197.05	158.55	68.24	134.04	0	
3	158.55	68.24	163.63	50.59	18.37	0	
4	163.63	50.59	167.50	37.16	13.97	2	1	4	
5	167.50	37.16	171.00	25.00	12.66	1	4	

7	5	193.041	3
1	114.00	223.00	110.08	196.29	27.00	0	
2	110.08	196.29	90.06	59.70	138.04	0	
3	90.06	59.70	86.00	32.00	28.00	1	5	

7	6	112.681	3
1	114.00	223.00	137.00	237.14	27.00	1	7	
2	137.00	237.14	193.81	272.05	66.68	0	
3	193.81	272.05	210.00	282.00	19.00	1	6	

7	7	0	0
