8	74	2	0.001	120.0
150.000	150.000	0.000	8.000	0.000
74.000	65.000	21.000	6.000	9.000
200.000	34.000	43.000	1.000	11.000
170.000	16.000	5.000	9.000	4.000
61.000	76.000	36.000	3.000	16.000
75.000	273.000	40.000	2.000	14.000
249.000	273.000	10.000	7.000	15.000
33.000	250.000	10.000	10.000	1.000

0	0	0	0

0	1	114.022	3
1	150.00	150.00	94.83	88.30	82.77	0	
2	94.83	88.30	88.00	80.65	10.26	1	4	
3	88.00	80.65	74.00	65.00	21.00	2	1	4	

0	2	126.317	2
1	150.00	150.00	182.98	73.49	83.32	0	
2	182.98	73.49	200.00	34.00	43.00	1	2	

0	3	135.484	3
1	150.00	150.00	163.84	57.27	93.76	0	
2	163.84	57.27	169.26	20.95	36.73	0	
3	169.26	20.95	170.00	16.00	5.00	2	2	3	

0	4	115.745	3
1	150.00	150.00	88.68	99.02	79.75	0	
2	88.68	99.02	73.00	85.98	20.40	1	4	
3	73.00	85.98	61.00	76.00	15.60	2	1	4	

0	5	144.062	2
1	150.00	150.00	95.82	238.85	104.06	0	
2	95.82	238.85	75.00	273.00	40.00	1	5	

0	6	157.892	2
1	150.00	150.00	242.73	265.21	147.89	0	
2	242.73	265.21	249.00	273.00	10.00	1	6	

0	7	153.912	2
1	150.00	150.00	40.60	243.50	143.91	0	
2	40.60	243.50	33.00	250.00	10.00	1	7	

1	0	114.022	3
1	74.00	65.00	88.00	80.65	21.00	2	1	4	
2	88.00	80.65	94.83	88.30	10.26	1	4	
3	94.83	88.30	150.00	150.00	82.77	0	

1	1	0	0

1	2	129.757	4
1	74.00	65.00	93.36	60.24	19.94	2	1	4	
2	93.36	60.24	94.39	59.98	1.06	1	1	
3	94.39	59.98	158.25	44.27	65.76	0	
4	158.25	44.27	200.00	34.00	43.00	1	2	

1	3	107.782	5
1	74.00	65.00	91.11	56.27	19.21	2	1	4	
2	91.11	56.27	92.70	55.45	1.79	1	1	
3	92.70	55.45	158.79	21.72	74.20	0	
4	158.79	21.72	165.55	18.27	7.59	1	2	
5	165.55	18.27	170.00	16.00	5.00	2	2	3	

1	4	17.029	1
1	74.00	65.00	61.00	76.00	17.03	2	1	4	

1	5	208.002	4
1	74.00	65.00	74.10	86.01	21.01	1	4	
2	74.10	86.01	74.21	109.49	23.48	0	
3	74.21	109.49	74.81	233.00	123.51	0	
4	74.81	233.00	75.00	273.00	40.00	1	5	

1	6	271.825	4
1	74.00	65.00	87.52	81.07	21.00	2	1	4	
2	87.52	81.07	94.45	89.31	10.77	1	4	
3	94.45	89.31	242.56	265.35	230.06	0	
4	242.56	265.35	249.00	273.00	10.00	1	6	

1	7	189.489	4
1	74.00	65.00	69.46	85.50	21.00	2	1	4	
2	69.46	85.50	63.60	111.91	27.04	1	4	
3	63.60	111.91	35.16	240.24	131.45	0	
4	35.16	240.24	33.00	250.00	10.00	1	7	

2	0	126.317	2
1	200.00	34.00	182.98	73.49	43.00	1	2	
2	182.98	73.49	150.00	150.00	83.32	0	

2	1	129.757	4
1	200.00	34.00	158.25	44.27	43.00	1	2	
2	158.25	44.27	94.39	59.98	65.76	0	
3	94.39	59.98	93.36	60.24	1.06	1	1	
4	93.36	60.24	74.00	65.00	19.94	2	1	4	

2	2	0	0

2	3	34.986	2
1	200.00	34.00	174.29	18.57	29.99	1	2	
2	174.29	18.57	170.00	16.00	5.00	2	2	3	

2	4	145.207	4
1	200.00	34.00	158.84	46.44	43.00	1	2	
2	158.84	46.44	95.46	65.59	66.21	0	
3	95.46	65.59	94.99	65.73	0.50	1	4	
4	94.99	65.73	61.00	76.00	35.50	2	1	4	

2	5	269.715	3
1	200.00	34.00	180.07	72.10	43.00	1	2	
2	180.07	72.10	93.54	237.56	186.71	0	
3	93.54	237.56	75.00	273.00	40.00	1	5	

2	6	243.971	3
1	200.00	34.00	208.64	76.12	43.00	0	
2	208.64	76.12	246.99	263.20	190.97	0	
3	246.99	263.20	249.00	273.00	10.00	1	6	

2	7	273.029	3
1	200.00	34.00	173.70	68.02	43.00	1	2	
2	173.70	68.02	39.12	242.09	220.03	0	
3	39.12	242.09	33.00	250.00	10.00	1	7	

3	0	135.484	3
1	170.00	16.00	169.26	20.95	5.00	2	2	3	
2	169.26	20.95	163.84	57.27	36.73	0	
3	163.84	57.27	150.00	150.00	93.76	0	

3	1	107.782	5
1	170.00	16.00	165.55	18.27	5.00	2	2	3	
2	165.55	18.27	158.79	21.72	7.59	1	2	
3	158.79	21.72	92.70	55.45	74.20	0	
4	92.70	55.45	91.11	56.27	1.79	1	1	
5	91.11	56.27	74.00	65.00	19.21	2	1	4	

3	2	34.986	2
1	170.00	16.00	174.29	18.57	5.00	2	2	3	
2	174.29	18.57	200.00	34.00	29.99	1	2	

3	3	0	0

3	4	124.423	5
1	170.00	16.00	165.62	18.41	5.00	2	2	3	
2	165.62	18.41	158.63	22.26	7.97	1	2	
3	158.63	22.26	93.78	57.95	74.03	0	
4	93.78	57.95	92.54	58.64	1.42	1	1	
5	92.54	58.64	61.00	76.00	36.00	2	1	4	

3	5	273.996	4
1	170.00	16.00	168.27	20.69	5.00	2	2	3	
2	168.27	20.69	158.80	46.30	27.31	1	2	
3	158.80	46.30	88.87	235.48	201.69	0	
4	88.87	235.48	75.00	273.00	40.00	1	5	

3	6	268.868	4
1	170.00	16.00	171.47	20.78	5.00	2	2	3	
2	171.47	20.78	188.25	75.36	57.10	1	2	
3	188.25	75.36	246.06	263.44	196.76	0	
4	246.06	263.44	249.00	273.00	10.00	1	6	

3	7	271.155	4
1	170.00	16.00	167.47	20.31	5.00	2	2	3	
2	167.47	20.31	157.18	37.90	20.38	1	2	
3	157.18	37.90	38.05	241.37	235.78	0	
4	38.05	241.37	33.00	250.00	10.00	1	7	

4	0	115.745	3
1	61.00	76.00	73.00	85.98	15.60	2	1	4	
2	73.00	85.98	88.68	99.02	20.40	1	4	
3	88.68	99.02	150.00	150.00	79.75	0	

4	1	17.029	1
1	61.00	76.00	74.00	65.00	17.03	2	1	4	

4	2	145.207	4
1	61.00	76.00	94.99	65.73	35.50	2	1	4	
2	94.99	65.73	95.46	65.59	0.50	1	4	
3	95.46	65.59	158.84	46.44	66.21	0	
4	158.84	46.44	200.00	34.00	43.00	1	2	

4	3	124.423	5
1	61.00	76.00	92.54	58.64	36.00	2	1	4	
2	92.54	58.64	93.78	57.95	1.42	1	1	
3	93.78	57.95	158.63	22.26	74.03	0	
4	158.63	22.26	165.62	18.41	7.97	1	2	
5	165.62	18.41	170.00	16.00	5.00	2	2	3	

4	4	0	0

4	5	197.497	4
1	61.00	76.00	61.41	81.81	5.82	1	4	
2	61.41	81.81	63.55	111.91	30.17	1	4	
3	63.55	111.91	72.16	233.10	121.50	0	
4	72.16	233.10	75.00	273.00	40.00	0	

4	6	272.310	4
1	61.00	76.00	70.21	85.66	13.35	2	1	4	
2	70.21	85.66	85.85	102.04	22.65	1	4	
3	85.85	102.04	242.10	265.77	226.31	0	
4	242.10	265.77	249.00	273.00	10.00	1	6	

4	7	176.238	4
1	61.00	76.00	60.22	80.85	4.91	2	1	4	
2	60.22	80.85	55.28	111.54	31.09	1	4	
3	55.28	111.54	34.59	240.13	130.24	0	
4	34.59	240.13	33.00	250.00	10.00	1	7	

5	0	144.062	2
1	75.00	273.00	95.82	238.85	40.00	1	5	
2	95.82	238.85	150.00	150.00	104.06	0	

5	1	208.002	4
1	75.00	273.00	74.81	233.00	40.00	1	5	
2	74.81	233.00	74.21	109.49	123.51	0	
3	74.21	109.49	74.10	86.01	23.48	0	
4	74.10	86.01	74.00	65.00	21.01	1	4	

5	2	269.715	3
1	75.00	273.00	93.54	237.56	40.00	1	5	
2	93.54	237.56	180.07	72.10	186.71	0	
3	180.07	72.10	200.00	34.00	43.00	1	2	

5	3	273.996	4
1	75.00	273.00	88.87	235.48	40.00	1	5	
2	88.87	235.48	158.80	46.30	201.69	0	
3	158.80	46.30	168.27	20.69	27.31	1	2	
4	168.27	20.69	170.00	16.00	5.00	2	2	3	

5	4	197.497	4
1	75.00	273.00	72.16	233.10	40.00	0	
2	72.16	233.10	63.55	111.91	121.50	0	
3	63.55	111.91	61.41	81.81	30.17	1	4	
4	61.41	81.81	61.00	76.00	5.82	1	4	

5	5	0	0

5	6	174.000	3
1	75.00	273.00	115.00	273.00	40.00	1	5	
2	115.00	273.00	239.00	273.00	124.00	0	
3	239.00	273.00	249.00	273.00	10.00	1	6	

5	7	47.885	3
1	75.00	273.00	41.77	254.80	37.89	1	5	
2	41.77	254.80	39.92	253.79	2.11	2	5	7	
3	39.92	253.79	33.00	250.00	7.89	1	7	

6	0	157.892	2
1	249.00	273.00	242.73	265.21	10.00	1	6	
2	242.73	265.21	150.00	150.00	147.89	0	

6	1	271.825	4
1	249.00	273.00	242.56	265.35	10.00	1	6	
2	242.56	265.35	94.45	89.31	230.06	0	
3	94.45	89.31	87.52	81.07	10.77	1	4	
4	87.52	81.07	74.00	65.00	21.00	2	1	4	

6	2	243.971	3
1	249.00	273.00	246.99	263.20	10.00	1	6	
2	246.99	263.20	208.64	76.12	190.97	0	
3	208.64	76.12	200.00	34.00	43.00	0	

6	3	268.868	4
1	249.00	273.00	246.06	263.44	10.00	1	6	
2	246.06	263.44	188.25	75.36	196.76	0	
3	188.25	75.36	171.47	20.78	57.10	1	2	
4	171.47	20.78	170.00	16.00	5.00	2	2	3	

6	4	272.310	4
1	249.00	273.00	242.10	265.77	10.00	1	6	
2	242.10	265.77	85.85	102.04	226.31	0	
3	85.85	102.04	70.21	85.66	22.65	1	4	
4	70.21	85.66	61.00	76.00	13.35	2	1	4	

6	5	174.000	3
1	249.00	273.00	239.00	273.00	10.00	1	6	
2	239.00	273.00	115.00	273.00	124.00	0	
3	115.00	273.00	75.00	273.00	40.00	1	5	

6	6	0	0

6	7	217.221	5
1	249.00	273.00	239.06	271.94	10.00	1	6	
2	239.06	271.94	112.26	258.44	127.52	0	
3	112.26	258.44	42.94	251.06	69.70	1	5	
4	42.94	251.06	41.65	250.92	1.31	2	5	7	
5	41.65	250.92	33.00	250.00	8.69	1	7	

7	0	153.912	2
1	33.00	250.00	40.60	243.50	10.00	1	7	
2	40.60	243.50	150.00	150.00	143.91	0	

7	1	189.489	4
1	33.00	250.00	35.16	240.24	10.00	1	7	
2	35.16	240.24	63.60	111.91	131.45	0	
3	63.60	111.91	69.46	85.50	27.04	1	4	
4	69.46	85.50	74.00	65.00	21.00	2	1	4	

7	2	273.029	3
1	33.00	250.00	39.12	242.09	10.00	1	7	
2	39.12	242.09	173.70	68.02	220.03	0	
3	173.70	68.02	200.00	34.00	43.00	1	2	

7	3	271.155	4
1	33.00	250.00	38.05	241.37	10.00	1	7	
2	38.05	241.37	157.18	37.90	235.78	0	
3	157.18	37.90	167.47	20.31	20.38	1	2	
4	167.47	20.31	170.00	16.00	5.00	2	2	3	

7	4	176.238	4
1	33.00	250.00	34.59	240.13	10.00	1	7	
2	34.59	240.13	55.28	111.54	130.24	0	
3	55.28	111.54	60.22	80.85	31.09	1	4	
4	60.22	80.85	61.00	76.00	4.91	2	1	4	

7	5	47.885	3
1	33.00	250.00	39.92	253.79	7.89	1	7	
2	39.92	253.79	41.77	254.80	2.11	2	5	7	
3	41.77	254.80	75.00	273.00	37.89	1	5	

7	6	217.221	5
1	33.00	250.00	41.65	250.92	8.69	1	7	
2	41.65	250.92	42.94	251.06	1.31	2	5	7	
3	42.94	251.06	112.26	258.44	69.70	1	5	
4	112.26	258.44	239.06	271.94	127.52	0	
5	239.06	271.94	249.00	273.00	10.00	1	6	

7	7	0	0
