8	100	2	0.001	100.0
150.000	150.000	0.000	5.000	0.000
228.000	207.000	43.000	6.000	3.000
12.000	88.000	22.000	4.000	17.000
188.000	5.000	19.000	8.000	1.000
254.000	203.000	32.000	6.000	4.000
229.000	235.000	28.000	10.000	10.000
206.000	107.000	7.000	6.000	1.000
261.000	260.000	13.000	6.000	15.000

0	0	0	0

0	1	96.607	3
1	150.00	150.00	193.28	181.63	53.61	0	
2	193.28	181.63	222.00	202.62	35.57	1	1	
3	222.00	202.62	228.00	207.00	7.43	2	1	4	

0	2	151.288	2
1	150.00	150.00	32.07	97.02	129.29	0	
2	32.07	97.02	12.00	88.00	22.00	1	2	

0	3	149.897	2
1	150.00	150.00	183.18	23.38	130.90	0	
2	183.18	23.38	188.00	5.00	19.00	1	3	

0	4	116.726	3
1	150.00	150.00	199.20	175.07	55.22	0	
2	199.20	175.07	225.49	188.47	29.51	1	1	
3	225.49	188.47	254.00	203.00	32.00	2	1	4	

0	5	116.043	3
1	150.00	150.00	188.09	190.99	55.95	0	
2	188.09	190.99	209.94	214.49	32.09	1	1	
3	209.94	214.49	229.00	235.00	28.00	2	1	5	

0	6	70.605	2
1	150.00	150.00	200.45	111.26	63.60	0	
2	200.45	111.26	206.00	107.00	7.00	1	6	

0	7	156.272	6
1	150.00	150.00	189.08	188.72	55.01	0	
2	189.08	188.72	212.76	212.19	33.34	1	1	
3	212.76	212.19	246.63	245.76	47.68	2	1	5	
4	246.63	245.76	251.77	250.85	7.24	1	5	
5	251.77	250.85	251.95	251.04	0.26	2	5	7	
6	251.95	251.04	261.00	260.00	12.74	1	7	

1	0	96.607	3
1	228.00	207.00	222.00	202.62	7.43	2	1	4	
2	222.00	202.62	193.28	181.63	35.57	1	1	
3	193.28	181.63	150.00	150.00	53.61	0	

1	1	0	0

1	2	246.611	4
1	228.00	207.00	222.01	203.70	6.84	2	1	4	
2	222.01	203.70	190.34	186.25	36.16	1	1	
3	190.34	186.25	31.27	98.62	181.61	0	
4	31.27	98.62	12.00	88.00	22.00	1	2	

1	3	205.922	6
1	228.00	207.00	224.67	190.20	17.13	2	1	4	
2	224.67	190.20	219.65	164.82	25.87	0	
3	219.65	164.82	209.41	113.11	52.71	0	
4	209.41	113.11	206.82	100.05	13.32	1	6	
5	206.82	100.05	191.69	23.64	77.89	0	
6	191.69	23.64	188.00	5.00	19.00	1	3	

1	4	26.306	1
1	228.00	207.00	254.00	203.00	26.31	2	1	4	

1	5	28.018	3
1	228.00	207.00	228.00	207.02	0.02	2	1	4	
2	228.00	207.02	228.55	222.40	15.39	2	1	4	
3	228.55	222.40	229.00	235.00	12.61	2	1	5	

1	6	102.391	4
1	228.00	207.00	224.43	190.77	16.62	2	1	4	
2	224.43	190.77	218.76	165.00	26.38	0	
3	218.76	165.00	207.50	113.84	52.39	0	
4	207.50	113.84	206.00	107.00	7.00	1	6	

1	7	62.434	6
1	228.00	207.00	228.01	207.02	0.02	2	1	4	
2	228.01	207.02	244.54	233.57	31.28	3	1	4	5	
3	244.54	233.57	250.73	243.50	11.70	2	1	5	
4	250.73	243.50	253.67	248.24	5.57	1	5	
5	253.67	248.24	254.13	248.96	0.86	0	
6	254.13	248.96	261.00	260.00	13.00	1	7	

2	0	151.288	2
1	12.00	88.00	32.07	97.02	22.00	1	2	
2	32.07	97.02	150.00	150.00	129.29	0	

2	1	246.611	4
1	12.00	88.00	31.27	98.62	22.00	1	2	
2	31.27	98.62	190.34	186.25	181.61	0	
3	190.34	186.25	222.01	203.70	36.16	1	1	
4	222.01	203.70	228.00	207.00	6.84	2	1	4	

2	2	0	0

2	3	194.589	3
1	12.00	88.00	31.90	78.62	22.00	1	2	
2	31.90	78.62	170.82	13.10	153.59	0	
3	170.82	13.10	188.00	5.00	19.00	1	3	

2	4	267.935	4
1	12.00	88.00	31.87	97.44	22.00	1	2	
2	31.87	97.44	197.87	176.32	183.79	0	
3	197.87	176.32	225.10	189.27	30.15	1	1	
4	225.10	189.27	254.00	203.00	32.00	2	1	4	

2	5	262.103	4
1	12.00	88.00	30.21	100.34	22.00	1	2	
2	30.21	100.34	185.04	205.22	187.00	0	
3	185.04	205.22	205.82	219.30	25.10	1	1	
4	205.82	219.30	229.00	235.00	28.00	2	1	5	

2	6	194.928	3
1	12.00	88.00	33.90	90.14	22.00	1	2	
2	33.90	90.14	199.03	106.32	165.93	0	
3	199.03	106.32	206.00	107.00	7.00	1	6	

2	7	302.630	7
1	12.00	88.00	30.10	100.50	22.00	1	2	
2	30.10	100.50	185.00	207.50	188.26	0	
3	185.00	207.50	204.69	221.10	23.93	1	1	
4	204.69	221.10	242.75	247.39	46.25	2	1	5	
5	242.75	247.39	250.30	252.61	9.18	1	5	
6	250.30	252.61	250.60	252.82	0.36	2	5	7	
7	250.60	252.82	261.00	260.00	12.64	1	7	

3	0	149.897	2
1	188.00	5.00	183.18	23.38	19.00	1	3	
2	183.18	23.38	150.00	150.00	130.90	0	

3	1	205.922	6
1	188.00	5.00	191.69	23.64	19.00	1	3	
2	191.69	23.64	206.82	100.05	77.89	0	
3	206.82	100.05	209.41	113.11	13.32	1	6	
4	209.41	113.11	219.65	164.82	52.71	0	
5	219.65	164.82	224.67	190.20	25.87	0	
6	224.67	190.20	228.00	207.00	17.13	2	1	4	

3	2	194.589	3
1	188.00	5.00	170.82	13.10	19.00	1	3	
2	170.82	13.10	31.90	78.62	153.59	0	
3	31.90	78.62	12.00	88.00	22.00	1	2	

3	3	0	0

3	4	208.710	4
1	188.00	5.00	194.01	23.02	19.00	1	3	
2	194.01	23.02	241.75	166.26	150.98	0	
3	241.75	166.26	243.88	172.64	6.73	1	1	
4	243.88	172.64	254.00	203.00	32.00	2	1	4	

3	5	233.626	8
1	188.00	5.00	191.33	23.71	19.00	1	3	
2	191.33	23.71	204.95	100.08	77.58	0	
3	204.95	100.08	207.41	113.86	14.00	1	6	
4	207.41	113.86	216.62	165.53	52.49	0	
5	216.62	165.53	222.40	197.97	32.94	0	
6	222.40	197.97	224.09	207.43	9.62	2	1	4	
7	224.09	207.43	226.08	218.64	11.38	3	1	4	5	
8	226.08	218.64	229.00	235.00	16.61	2	1	5	

3	6	103.576	3
1	188.00	5.00	191.30	23.71	19.00	1	3	
2	191.30	23.71	204.78	100.11	77.58	0	
3	204.78	100.11	206.00	107.00	7.00	1	6	

3	7	265.243	9
1	188.00	5.00	193.23	23.27	19.00	1	3	
2	193.23	23.27	233.62	164.37	146.77	0	
3	233.62	164.37	236.93	175.93	12.03	1	1	
4	236.93	175.93	247.94	214.38	39.99	2	1	4	
5	247.94	214.38	253.84	235.00	21.45	3	1	4	5	
6	253.84	235.00	255.33	240.20	5.41	2	1	5	
7	255.33	240.20	255.98	242.48	2.37	1	5	
8	255.98	242.48	257.42	247.50	5.23	0	
9	257.42	247.50	261.00	260.00	13.00	1	7	

4	0	116.726	3
1	254.00	203.00	225.49	188.47	32.00	2	1	4	
2	225.49	188.47	199.20	175.07	29.51	1	1	
3	199.20	175.07	150.00	150.00	55.22	0	

4	1	26.306	1
1	254.00	203.00	228.00	207.00	26.31	2	1	4	

4	2	267.935	4
1	254.00	203.00	225.10	189.27	32.00	2	1	4	
2	225.10	189.27	197.87	176.32	30.15	1	1	
3	197.87	176.32	31.87	97.44	183.79	0	
4	31.87	97.44	12.00	88.00	22.00	1	2	

4	3	208.710	4
1	254.00	203.00	243.88	172.64	32.00	2	1	4	
2	243.88	172.64	241.75	166.26	6.73	1	1	
3	241.75	166.26	194.01	23.02	150.98	0	
4	194.01	23.02	188.00	5.00	19.00	1	3	

4	4	0	0

4	5	40.608	3
1	254.00	203.00	246.24	212.94	12.61	2	1	4	
2	246.24	212.94	234.30	228.22	19.39	3	1	4	5	
3	234.30	228.22	229.00	235.00	8.61	2	1	5	

4	6	107.331	4
1	254.00	203.00	239.69	174.38	32.00	2	1	4	
2	239.69	174.38	234.77	164.54	11.00	1	1	
3	234.77	164.54	209.13	113.26	57.33	0	
4	209.13	113.26	206.00	107.00	7.00	1	6	

4	7	57.428	4
1	254.00	203.00	257.90	234.76	32.00	2	1	4	
2	257.90	234.76	258.24	237.57	2.83	1	1	
3	258.24	237.57	259.42	247.10	9.60	0	
4	259.42	247.10	261.00	260.00	13.00	1	7	

5	0	116.043	3
1	229.00	235.00	209.94	214.49	28.00	2	1	5	
2	209.94	214.49	188.09	190.99	32.09	1	1	
3	188.09	190.99	150.00	150.00	55.95	0	

5	1	28.018	3
1	229.00	235.00	228.55	222.40	12.61	2	1	5	
2	228.55	222.40	228.00	207.02	15.39	2	1	4	
3	228.00	207.02	228.00	207.00	0.02	2	1	4	

5	2	262.103	4
1	229.00	235.00	205.82	219.30	28.00	2	1	5	
2	205.82	219.30	185.04	205.22	25.10	1	1	
3	185.04	205.22	30.21	100.34	187.00	0	
4	30.21	100.34	12.00	88.00	22.00	1	2	

5	3	233.626	8
1	229.00	235.00	226.08	218.64	16.61	2	1	5	
2	226.08	218.64	224.09	207.43	11.38	3	1	4	5	
3	224.09	207.43	222.40	197.97	9.62	2	1	4	
4	222.40	197.97	216.62	165.53	32.94	0	
5	216.62	165.53	207.41	113.86	52.49	0	
6	207.41	113.86	204.95	100.08	14.00	1	6	
7	204.95	100.08	191.33	23.71	77.58	0	
8	191.33	23.71	188.00	5.00	19.00	1	3	

5	4	40.608	3
1	229.00	235.00	234.30	228.22	8.61	2	1	5	
2	234.30	228.22	246.24	212.94	19.39	3	1	4	5	
3	246.24	212.94	254.00	203.00	12.61	2	1	4	

5	5	0	0

5	6	130.050	6
1	229.00	235.00	226.05	218.58	16.68	2	1	5	
2	226.05	218.58	224.05	207.44	11.32	3	1	4	5	
3	224.05	207.44	222.37	198.12	9.47	2	1	4	
4	222.37	198.12	216.52	165.56	33.09	1	1	
5	216.52	165.56	207.24	113.89	52.50	0	
6	207.24	113.89	206.00	107.00	7.00	1	6	

5	7	40.608	4
1	229.00	235.00	244.16	246.85	19.24	2	1	5	
2	244.16	246.85	250.76	252.00	8.37	1	5	
3	250.76	252.00	251.06	252.24	0.39	2	5	7	
4	251.06	252.24	261.00	260.00	12.61	1	7	

6	0	70.605	2
1	206.00	107.00	200.45	111.26	7.00	1	6	
2	200.45	111.26	150.00	150.00	63.60	0	

6	1	102.391	4
1	206.00	107.00	207.50	113.84	7.00	1	6	
2	207.50	113.84	218.76	165.00	52.39	0	
3	218.76	165.00	224.43	190.77	26.38	0	
4	224.43	190.77	228.00	207.00	16.62	2	1	4	

6	2	194.928	3
1	206.00	107.00	199.03	106.32	7.00	1	6	
2	199.03	106.32	33.90	90.14	165.93	0	
3	33.90	90.14	12.00	88.00	22.00	1	2	

6	3	103.576	3
1	206.00	107.00	204.78	100.11	7.00	1	6	
2	204.78	100.11	191.30	23.71	77.58	0	
3	191.30	23.71	188.00	5.00	19.00	1	3	

6	4	107.331	4
1	206.00	107.00	209.13	113.26	7.00	1	6	
2	209.13	113.26	234.77	164.54	57.33	0	
3	234.77	164.54	239.69	174.38	11.00	1	1	
4	239.69	174.38	254.00	203.00	32.00	2	1	4	

6	5	130.050	6
1	206.00	107.00	207.24	113.89	7.00	1	6	
2	207.24	113.89	216.52	165.56	52.50	0	
3	216.52	165.56	222.37	198.12	33.09	1	1	
4	222.37	198.12	224.05	207.44	9.47	2	1	4	
5	224.05	207.44	226.05	218.58	11.32	3	1	4	5	
6	226.05	218.58	229.00	235.00	16.68	2	1	5	

6	6	0	0

6	7	162.585	9
1	206.00	107.00	208.37	113.59	7.00	1	6	
2	208.37	113.59	226.50	164.03	53.60	0	
3	226.50	164.03	232.12	179.65	16.60	1	1	
4	232.12	179.65	243.38	210.97	33.28	2	1	4	
5	243.38	210.97	251.99	234.94	25.47	3	1	4	5	
6	251.99	234.94	254.20	241.09	6.54	2	1	5	
7	254.20	241.09	255.38	244.38	3.49	1	5	
8	255.38	244.38	256.60	247.77	3.60	0	
9	256.60	247.77	261.00	260.00	13.00	1	7	

7	0	156.272	6
1	261.00	260.00	251.95	251.04	12.74	1	7	
2	251.95	251.04	251.77	250.85	0.26	2	5	7	
3	251.77	250.85	246.63	245.76	7.24	1	5	
4	246.63	245.76	212.76	212.19	47.68	2	1	5	
5	212.76	212.19	189.08	188.72	33.34	1	1	
6	189.08	188.72	150.00	150.00	55.01	0	

7	1	62.434	6
1	261.00	260.00	254.13	248.96	13.00	1	7	
2	254.13	248.96	253.67	248.24	0.86	0	
3	253.67	248.24	250.73	243.50	5.57	1	5	
4	250.73	243.50	244.54	233.57	11.70	2	1	5	
5	244.54	233.57	228.01	207.02	31.28	3	1	4	5	
6	228.01	207.02	228.00	207.00	0.02	2	1	4	

7	2	302.630	7
1	261.00	260.00	250.60	252.82	12.64	1	7	
2	250.60	252.82	250.30	252.61	0.36	2	5	7	
3	250.30	252.61	242.75	247.39	9.18	1	5	
4	242.75	247.39	204.69	221.10	46.25	2	1	5	
5	204.69	221.10	185.00	207.50	23.93	1	1	
6	185.00	207.50	30.10	100.50	188.26	0	
7	30.10	100.50	12.00	88.00	22.00	1	2	

7	3	265.243	9
1	261.00	260.00	257.42	247.50	13.00	1	7	
2	257.42	247.50	255.98	242.48	5.23	0	
3	255.98	242.48	255.33	240.20	2.37	1	5	
4	255.33	240.20	253.84	235.00	5.41	2	1	5	
5	253.84	235.00	247.94	214.38	21.45	3	1	4	5	
6	247.94	214.38	236.93	175.93	39.99	2	1	4	
7	236.93	175.93	233.62	164.37	12.03	1	1	
8	233.62	164.37	193.23	23.27	146.77	0	
9	193.23	23.27	188.00	5.00	19.00	1	3	

7	4	57.428	4
1	261.00	260.00	259.42	247.10	13.00	1	7	
2	259.42	247.10	258.24	237.57	9.60	0	
3	258.24	237.57	257.90	234.76	2.83	1	1	
4	257.90	234.76	254.00	203.00	32.00	2	1	4	

7	5	40.608	4
1	261.00	260.00	251.06	252.24	12.61	1	7	
2	251.06	252.24	250.76	252.00	0.39	2	5	7	
3	250.76	252.00	244.16	246.85	8.37	1	5	
4	244.16	246.85	229.00	235.00	19.24	2	1	5	

7	6	162.585	9
1	261.00	260.00	256.60	247.77	13.00	1	7	
2	256.60	247.77	255.38	244.38	3.60	0	
3	255.38	244.38	254.20	241.09	3.49	1	5	
4	254.20	241.09	251.99	234.94	6.54	2	1	5	
5	251.99	234.94	243.38	210.97	25.47	3	1	4	5	
6	243.38	210.97	232.12	179.65	33.28	2	1	4	
7	232.12	179.65	226.50	164.03	16.60	1	1	
8	226.50	164.03	208.37	113.59	53.60	0	
9	208.37	113.59	206.00	107.00	7.00	1	6	

7	7	0	0
