8	78	2	0.001	20.0
0.000	0.000	0.000	10.000	0.000
99.000	74.000	13.000	9.000	16.000
179.000	271.000	37.000	5.000	10.000
99.000	180.000	34.000	3.000	9.000
73.000	207.000	44.000	1.000	13.000
259.000	187.000	49.000	3.000	1.000
254.000	107.000	4.000	1.000	14.000
234.000	34.000	24.000	8.000	10.000
 


0	0	0	0

0	1	123.600	2
1	0.00	0.00	88.59	66.22	110.60	0	
2	88.59	66.22	99.00	74.00	13.00	1	1	

0	2	324.780	4
1	0.00	0.00	96.50	146.09	175.08	0	
2	96.50	146.09	129.20	195.61	59.35	1	3	
3	129.20	195.61	158.61	240.13	53.35	0	
4	158.61	240.13	179.00	271.00	37.00	1	2	

0	3	205.429	3
1	0.00	0.00	82.61	150.21	171.43	0	
2	82.61	150.21	92.03	167.33	19.54	1	3	
3	92.03	167.33	99.00	180.00	14.46	2	3	4	

0	4	219.495	4
1	0.00	0.00	58.37	165.50	175.49	0	
2	58.37	165.50	65.47	185.66	21.37	1	4	
3	65.47	185.66	69.34	196.62	11.62	2	3	4	
4	69.34	196.62	73.00	207.00	11.00	1	4	

0	5	319.453	4
1	0.00	0.00	89.79	64.83	110.74	0	
2	89.79	64.83	110.61	79.86	25.68	1	1	
3	110.61	79.86	219.27	158.32	134.03	0	
4	219.27	158.32	259.00	187.00	49.00	1	5	

0	6	275.617	2
1	0.00	0.00	250.31	105.45	271.62	0	
2	250.31	105.45	254.00	107.00	4.00	1	6	

0	7	236.457	2
1	0.00	0.00	210.25	30.55	212.46	0	
2	210.25	30.55	234.00	34.00	24.00	1	7	

1	0	123.600	2
1	99.00	74.00	88.59	66.22	13.00	1	1	
2	88.59	66.22	0.00	0.00	110.60	0	

1	1	0	0

1	2	212.624	3
1	99.00	74.00	103.89	86.04	13.00	1	1	
2	103.89	86.04	165.08	236.72	162.62	0	
3	165.08	236.72	179.00	271.00	37.00	1	2	

1	3	106.000	4
1	99.00	74.00	99.00	87.00	13.00	1	1	
2	99.00	87.00	99.00	146.00	59.00	0	
3	99.00	146.00	99.00	171.50	25.50	1	3	
4	99.00	171.50	99.00	180.00	8.50	2	3	4	

1	4	135.518	5
1	99.00	74.00	96.51	86.76	13.00	1	1	
2	96.51	86.76	84.27	149.36	63.78	0	
3	84.27	149.36	81.44	163.82	14.73	1	3	
4	81.44	163.82	73.81	202.84	39.76	2	3	4	
5	73.81	202.84	73.00	207.00	4.24	1	4	

1	5	195.880	3
1	99.00	74.00	109.62	81.50	13.00	1	1	
2	109.62	81.50	218.98	158.73	133.88	0	
3	218.98	158.73	259.00	187.00	49.00	1	5	

1	6	158.474	3
1	99.00	74.00	111.72	76.71	13.00	1	1	
2	111.72	76.71	250.09	106.17	141.47	0	
3	250.09	106.17	254.00	107.00	4.00	1	6	

1	7	140.801	3
1	99.00	74.00	111.46	70.31	13.00	1	1	
2	111.46	70.31	210.99	40.82	103.80	0	
3	210.99	40.82	234.00	34.00	24.00	1	7	

2	0	324.780	4
1	179.00	271.00	158.61	240.13	37.00	1	2	
2	158.61	240.13	129.20	195.61	53.35	0	
3	129.20	195.61	96.50	146.09	59.35	1	3	
4	96.50	146.09	0.00	0.00	175.08	0	

2	1	212.624	3
1	179.00	271.00	165.08	236.72	37.00	1	2	
2	165.08	236.72	103.89	86.04	162.62	0	
3	103.89	86.04	99.00	74.00	13.00	1	1	

2	2	0	0

2	3	121.165	4
1	179.00	271.00	154.57	243.21	37.00	1	2	
2	154.57	243.21	121.45	205.54	50.17	0	
3	121.45	205.54	116.41	199.80	7.64	1	3	
4	116.41	199.80	99.00	180.00	26.36	2	3	4	

2	4	123.822	3
1	179.00	271.00	147.33	251.88	37.00	1	2	
2	147.33	251.88	110.67	229.74	42.82	0	
3	110.67	229.74	73.00	207.00	44.00	1	4	

2	5	116.000	3
1	179.00	271.00	204.52	244.21	37.00	1	2	
2	204.52	244.21	225.21	222.48	30.00	0	
3	225.21	222.48	259.00	187.00	49.00	1	5	

2	6	180.336	5
1	179.00	271.00	194.39	237.35	37.00	1	2	
2	194.39	237.35	211.65	199.61	41.50	0	
3	211.65	199.61	237.57	142.94	62.31	1	5	
4	237.57	142.94	252.34	110.64	35.52	0	
5	252.34	110.64	254.00	107.00	4.00	1	6	

2	7	243.298	3
1	179.00	271.00	187.36	234.96	37.00	1	2	
2	187.36	234.96	228.57	57.38	182.30	0	
3	228.57	57.38	234.00	34.00	24.00	1	7	

3	0	205.429	3
1	99.00	180.00	92.03	167.33	14.46	2	3	4	
2	92.03	167.33	82.61	150.21	19.54	1	3	
3	82.61	150.21	0.00	0.00	171.43	0	

3	1	106.000	4
1	99.00	180.00	99.00	171.50	8.50	2	3	4	
2	99.00	171.50	99.00	146.00	25.50	1	3	
3	99.00	146.00	99.00	87.00	59.00	0	
4	99.00	87.00	99.00	74.00	13.00	1	1	

3	2	121.165	4
1	99.00	180.00	116.41	199.80	26.36	2	3	4	
2	116.41	199.80	121.45	205.54	7.64	1	3	
3	121.45	205.54	154.57	243.21	50.17	0	
4	154.57	243.21	179.00	271.00	37.00	1	2	

3	3	0	0

3	4	37.483	2
1	99.00	180.00	75.42	204.49	34.00	2	3	4	
2	75.42	204.49	73.00	207.00	3.48	1	4	

3	5	160.153	4
1	99.00	180.00	108.05	180.40	9.05	2	3	4	
2	108.05	180.40	132.97	181.49	24.95	1	3	
3	132.97	181.49	210.05	184.86	77.15	0	
4	210.05	184.86	259.00	187.00	49.00	1	5	

3	6	171.330	4
1	99.00	180.00	105.24	177.06	6.90	2	3	4	
2	105.24	177.06	129.76	165.51	27.10	1	3	
3	129.76	165.51	250.38	108.70	133.33	0	
4	250.38	108.70	254.00	107.00	4.00	1	6	

3	7	198.849	4
1	99.00	180.00	103.42	175.21	6.52	2	3	4	
2	103.42	175.21	122.08	155.04	27.48	1	3	
3	122.08	155.04	217.71	51.62	140.85	0	
4	217.71	51.62	234.00	34.00	24.00	1	7	

4	0	219.495	4
1	73.00	207.00	69.34	196.62	11.00	1	4	
2	69.34	196.62	65.47	185.66	11.62	2	3	4	
3	65.47	185.66	58.37	165.50	21.37	1	4	
4	58.37	165.50	0.00	0.00	175.49	0	

4	1	135.518	5
1	73.00	207.00	73.81	202.84	4.24	1	4	
2	73.81	202.84	81.44	163.82	39.76	2	3	4	
3	81.44	163.82	84.27	149.36	14.73	1	3	
4	84.27	149.36	96.51	86.76	63.78	0	
5	96.51	86.76	99.00	74.00	13.00	1	1	

4	2	123.822	3
1	73.00	207.00	110.67	229.74	44.00	1	4	
2	110.67	229.74	147.33	251.88	42.82	0	
3	147.33	251.88	179.00	271.00	37.00	1	2	

4	3	37.483	2
1	73.00	207.00	75.42	204.49	3.48	1	4	
2	75.42	204.49	99.00	180.00	34.00	2	3	4	

4	4	0	0

4	5	187.072	5
1	73.00	207.00	77.69	206.50	4.72	1	4	
2	77.69	206.50	116.75	202.30	39.28	2	3	4	
3	116.75	202.30	125.45	201.36	8.76	1	3	
4	125.45	201.36	210.28	192.24	85.32	0	
5	210.28	192.24	259.00	187.00	49.00	1	5	

4	6	206.787	5
1	73.00	207.00	76.21	205.23	3.66	1	4	
2	76.21	205.23	111.51	185.72	40.34	2	3	4	
3	111.51	185.72	132.49	174.13	23.97	1	3	
4	132.49	174.13	250.50	108.93	134.82	0	
5	250.50	108.93	254.00	107.00	4.00	1	6	

4	7	236.326	5
1	73.00	207.00	75.37	204.45	3.48	1	4	
2	75.37	204.45	102.98	174.79	40.52	2	3	4	
3	102.98	174.79	121.69	154.68	27.47	1	3	
4	121.69	154.68	217.65	51.57	140.85	0	
5	217.65	51.57	234.00	34.00	24.00	1	7	

5	0	319.453	4
1	259.00	187.00	219.27	158.32	49.00	1	5	
2	219.27	158.32	110.61	79.86	134.03	0	
3	110.61	79.86	89.79	64.83	25.68	1	1	
4	89.79	64.83	0.00	0.00	110.74	0	

5	1	195.880	3
1	259.00	187.00	218.98	158.73	49.00	1	5	
2	218.98	158.73	109.62	81.50	133.88	0	
3	109.62	81.50	99.00	74.00	13.00	1	1	

5	2	116.000	3
1	259.00	187.00	225.21	222.48	49.00	1	5	
2	225.21	222.48	204.52	244.21	30.00	0	
3	204.52	244.21	179.00	271.00	37.00	1	2	

5	3	160.153	4
1	259.00	187.00	210.05	184.86	49.00	1	5	
2	210.05	184.86	132.97	181.49	77.15	0	
3	132.97	181.49	108.05	180.40	24.95	1	3	
4	108.05	180.40	99.00	180.00	9.05	2	3	4	

5	4	187.072	5
1	259.00	187.00	210.28	192.24	49.00	1	5	
2	210.28	192.24	125.45	201.36	85.32	0	
3	125.45	201.36	116.75	202.30	8.76	1	3	
4	116.75	202.30	77.69	206.50	39.28	2	3	4	
5	77.69	206.50	73.00	207.00	4.72	1	4	

5	5	0	0

5	6	80.156	3
1	259.00	187.00	255.94	138.10	49.00	1	5	
2	255.94	138.10	254.25	110.99	27.16	0	
3	254.25	110.99	254.00	107.00	4.00	1	6	

5	7	155.029	3
1	259.00	187.00	251.10	138.64	49.00	1	5	
2	251.10	138.64	237.87	57.69	82.03	0	
3	237.87	57.69	234.00	34.00	24.00	1	7	

6	0	275.617	2
1	254.00	107.00	250.31	105.45	4.00	1	6	
2	250.31	105.45	0.00	0.00	271.62	0	

6	1	158.474	3
1	254.00	107.00	250.09	106.17	4.00	1	6	
2	250.09	106.17	111.72	76.71	141.47	0	
3	111.72	76.71	99.00	74.00	13.00	1	1	

6	2	180.336	5
1	254.00	107.00	252.34	110.64	4.00	1	6	
2	252.34	110.64	237.57	142.94	35.52	0	
3	237.57	142.94	211.65	199.61	62.31	1	5	
4	211.65	199.61	194.39	237.35	41.50	0	
5	194.39	237.35	179.00	271.00	37.00	1	2	

6	3	171.330	4
1	254.00	107.00	250.38	108.70	4.00	1	6	
2	250.38	108.70	129.76	165.51	133.33	0	
3	129.76	165.51	105.24	177.06	27.10	1	3	
4	105.24	177.06	99.00	180.00	6.90	2	3	4	

6	4	206.787	5
1	254.00	107.00	250.50	108.93	4.00	1	6	
2	250.50	108.93	132.49	174.13	134.82	0	
3	132.49	174.13	111.51	185.72	23.97	1	3	
4	111.51	185.72	76.21	205.23	40.34	2	3	4	
5	76.21	205.23	73.00	207.00	3.66	1	4	

6	5	80.156	3
1	254.00	107.00	254.25	110.99	4.00	1	6	
2	254.25	110.99	255.94	138.10	27.16	0	
3	255.94	138.10	259.00	187.00	49.00	1	5	

6	6	0	0

6	7	75.690	3
1	254.00	107.00	252.94	103.14	4.00	1	6	
2	252.94	103.14	240.34	57.15	47.69	0	
3	240.34	57.15	234.00	34.00	24.00	1	7	

7	0	236.457	2
1	234.00	34.00	210.25	30.55	24.00	1	7	
2	210.25	30.55	0.00	0.00	212.46	0	

7	1	140.801	3
1	234.00	34.00	210.99	40.82	24.00	1	7	
2	210.99	40.82	111.46	70.31	103.80	0	
3	111.46	70.31	99.00	74.00	13.00	1	1	

7	2	243.298	3
1	234.00	34.00	228.57	57.38	24.00	1	7	
2	228.57	57.38	187.36	234.96	182.30	0	
3	187.36	234.96	179.00	271.00	37.00	1	2	

7	3	198.849	4
1	234.00	34.00	217.71	51.62	24.00	1	7	
2	217.71	51.62	122.08	155.04	140.85	0	
3	122.08	155.04	103.42	175.21	27.48	1	3	
4	103.42	175.21	99.00	180.00	6.52	2	3	4	

7	4	236.326	5
1	234.00	34.00	217.65	51.57	24.00	1	7	
2	217.65	51.57	121.69	154.68	140.85	0	
3	121.69	154.68	102.98	174.79	27.47	1	3	
4	102.98	174.79	75.37	204.45	40.52	2	3	4	
5	75.37	204.45	73.00	207.00	3.48	1	4	

7	5	155.029	3
1	234.00	34.00	237.87	57.69	24.00	1	7	
2	237.87	57.69	251.10	138.64	82.03	0	
3	251.10	138.64	259.00	187.00	49.00	1	5	

7	6	75.690	3
1	234.00	34.00	240.34	57.15	24.00	1	7	
2	240.34	57.15	252.94	103.14	47.69	0	
3	252.94	103.14	254.00	107.00	4.00	1	6	

7	7	0	0
