16	484	2	0.001	120.0
150.000	150.000	0.000	6.000	0.000
215.000	169.000	25.000	6.000	13.000
195.000	130.000	26.000	5.000	3.000
161.000	41.000	9.000	5.000	10.000
61.000	192.000	16.000	1.000	6.000
55.000	37.000	49.000	3.000	19.000
87.000	77.000	38.000	6.000	9.000
93.000	215.000	4.000	3.000	12.000
294.000	203.000	2.000	7.000	10.000
124.000	127.000	22.000	4.000	13.000
9.000	146.000	5.000	5.000	11.000
240.000	165.000	22.000	10.000	2.000
57.000	86.000	7.000	5.000	5.000
123.000	6.000	36.000	1.000	12.000
135.000	172.000	10.000	1.000	9.000
88.000	14.000	2.000	9.000	3.000

0	0	0	0

0	1	67.720	2
1	150.00	150.00	191.00	161.99	42.72	0	
2	191.00	161.99	215.00	169.00	25.00	1	1	

0	2	49.244	2
1	150.00	150.00	171.24	140.56	23.24	0	
2	171.24	140.56	195.00	130.00	26.00	1	2	

0	3	109.554	2
1	150.00	150.00	160.10	49.95	100.55	0	
2	160.10	49.95	161.00	41.00	9.00	1	3	

0	4	98.412	2
1	150.00	150.00	75.47	185.17	82.41	0	
2	75.47	185.17	61.00	192.00	16.00	1	4	

0	5	147.628	6
1	150.00	150.00	141.68	140.10	12.94	0	
2	141.68	140.10	114.13	107.34	42.80	1	9	
3	114.13	107.34	112.39	105.27	2.70	0	
4	112.39	105.27	86.53	74.51	40.19	1	6	
5	86.53	74.51	63.51	47.13	35.77	2	5	6	
6	63.51	47.13	55.00	37.00	13.23	1	5	

0	6	96.426	4
1	150.00	150.00	141.57	140.24	12.90	0	
2	141.57	140.24	113.48	107.68	43.00	1	9	
3	113.48	107.68	111.83	105.77	2.53	0	
4	111.83	105.77	87.00	77.00	38.00	1	6	

0	7	86.452	4
1	150.00	150.00	138.81	162.76	16.97	0	
2	138.81	162.76	126.33	176.99	18.93	1	14	
3	126.33	176.99	95.64	211.99	46.56	0	
4	95.64	211.99	93.00	215.00	4.00	1	7	

0	8	153.444	6
1	150.00	150.00	190.35	164.85	42.99	0	
2	190.35	164.85	221.03	176.14	32.70	1	1	
3	221.03	176.14	236.46	181.82	16.44	2	1	11	
4	236.46	181.82	247.22	185.78	11.46	1	11	
5	247.22	185.78	292.12	202.31	47.85	0	
6	292.12	202.31	294.00	203.00	2.00	1	8	

0	9	34.713	2
1	150.00	150.00	140.48	141.58	12.71	0	
2	140.48	141.58	124.00	127.00	22.00	1	9	

0	10	141.057	2
1	150.00	150.00	14.00	146.14	136.06	0	
2	14.00	146.14	9.00	146.00	5.00	1	10	

0	11	91.241	4
1	150.00	150.00	192.98	157.16	43.57	0	
2	192.98	157.16	218.30	161.38	25.67	1	1	
3	218.30	161.38	239.67	164.94	21.66	2	1	11	
4	239.67	164.94	240.00	165.00	0.34	1	11	

0	12	112.894	5
1	150.00	150.00	139.40	142.71	12.86	0	
2	139.40	142.71	103.83	118.22	43.19	1	9	
3	103.83	118.22	97.14	113.62	8.12	0	
4	97.14	113.62	62.77	89.97	41.73	1	6	
5	62.77	89.97	57.00	86.00	7.00	2	6	12	

0	13	146.509	4
1	150.00	150.00	145.95	128.42	21.95	0	
2	145.95	128.42	143.95	117.72	10.89	1	9	
3	143.95	117.72	129.63	41.38	77.67	0	
4	129.63	41.38	123.00	6.00	36.00	1	13	

0	14	26.627	2
1	150.00	150.00	140.63	163.74	16.63	0	
2	140.63	163.74	135.00	172.00	10.00	1	14	

0	15	149.466	8
1	150.00	150.00	143.84	136.50	14.84	0	
2	143.84	136.50	129.85	105.79	33.75	1	9	
3	129.85	105.79	122.68	90.07	17.27	0	
4	122.68	90.07	102.99	46.89	47.46	1	6	
5	102.99	46.89	100.53	41.49	5.93	2	5	6	
6	100.53	41.49	94.20	27.60	15.27	1	5	
7	94.20	27.60	88.83	15.82	12.95	2	5	13	
8	88.83	15.82	88.00	14.00	2.00	3	5	13	15	

1	0	67.720	2
1	215.00	169.00	191.00	161.99	25.00	1	1	
2	191.00	161.99	150.00	150.00	42.72	0	

1	1	0	0

1	2	43.829	3
1	215.00	169.00	206.86	153.14	17.83	1	1	
2	206.86	153.14	203.59	146.75	7.17	2	1	2	
3	203.59	146.75	195.00	130.00	18.83	1	2	

1	3	138.924	5
1	215.00	169.00	208.04	152.50	17.91	1	1	
2	208.04	152.50	205.28	145.97	7.09	2	1	2	
3	205.28	145.97	187.98	104.96	44.50	1	2	
4	187.98	104.96	164.50	49.29	60.42	0	
5	164.50	49.29	161.00	41.00	9.00	1	3	

1	4	155.708	5
1	215.00	169.00	190.27	172.69	25.00	1	1	
2	190.27	172.69	140.91	180.06	49.91	0	
3	140.91	180.06	131.70	181.44	9.31	1	14	
4	131.70	181.44	76.82	189.64	55.49	0	
5	76.82	189.64	61.00	192.00	16.00	1	4	

1	5	207.422	7
1	215.00	169.00	198.89	155.71	20.89	1	1	
2	198.89	155.71	195.72	153.09	4.11	2	1	2	
3	195.72	153.09	169.02	131.07	34.61	1	2	
4	169.02	131.07	121.85	92.15	61.15	0	
5	121.85	92.15	92.80	68.18	37.66	1	6	
6	92.80	68.18	65.50	45.67	35.38	2	5	6	
7	65.50	45.67	55.00	37.00	13.62	1	5	

1	6	157.632	7
1	215.00	169.00	196.82	155.94	22.38	1	1	
2	196.82	155.94	194.70	154.41	2.62	2	1	2	
3	194.70	154.41	169.84	136.54	30.62	1	2	
4	169.84	136.54	144.09	118.03	31.71	0	
5	144.09	118.03	126.10	105.10	22.16	1	9	
6	126.10	105.10	117.86	99.18	10.15	0	
7	117.86	99.18	87.00	77.00	38.00	1	6	

1	7	130.384	3
1	215.00	169.00	191.61	177.82	25.00	1	1	
2	191.61	177.82	96.74	213.59	101.38	0	
3	96.74	213.59	93.00	215.00	4.00	1	7	

1	8	86.006	5
1	215.00	169.00	218.73	170.60	4.06	1	1	
2	218.73	170.60	237.96	178.88	20.94	2	1	11	
3	237.96	178.88	250.56	184.30	13.71	1	11	
4	250.56	184.30	292.16	202.21	45.30	0	
5	292.16	202.21	294.00	203.00	2.00	1	8	

1	9	100.225	3
1	215.00	169.00	192.30	158.52	25.00	1	1	
2	192.30	158.52	143.98	136.22	53.22	0	
3	143.98	136.22	124.00	127.00	22.00	1	9	

1	10	207.280	3
1	215.00	169.00	190.15	166.23	25.00	1	1	
2	190.15	166.23	13.97	146.55	177.28	0	
3	13.97	146.55	9.00	146.00	5.00	1	10	

1	11	25.318	3
1	215.00	169.00	218.28	168.48	3.32	1	1	
2	218.28	168.48	239.69	165.05	21.68	2	1	11	
3	239.69	165.05	240.00	165.00	0.32	1	11	

1	12	178.474	8
1	215.00	169.00	192.87	157.37	25.00	1	1	
2	192.87	157.37	188.85	155.26	4.54	0	
3	188.85	155.26	177.69	149.40	12.60	1	2	
4	177.69	149.40	145.33	132.40	36.56	0	
5	145.33	132.40	107.45	112.50	42.78	1	9	
6	107.45	112.50	104.29	110.84	3.58	0	
7	104.29	110.84	63.20	89.26	46.41	1	6	
8	63.20	89.26	57.00	86.00	7.00	2	6	12	

1	13	187.171	5
1	215.00	169.00	206.22	153.45	17.85	1	1	
2	206.22	153.45	202.71	147.23	7.15	2	1	2	
3	202.71	147.23	180.72	108.27	44.74	1	2	
4	180.72	108.27	140.69	37.35	81.44	0	
5	140.69	37.35	123.00	6.00	36.00	1	13	

1	14	80.056	3
1	215.00	169.00	190.02	169.94	25.00	1	1	
2	190.02	169.94	144.99	171.63	45.06	0	
3	144.99	171.63	135.00	172.00	10.00	1	14	

1	15	200.385	7
1	215.00	169.00	203.25	154.66	18.54	1	1	
2	203.25	154.66	199.16	149.66	6.46	2	1	2	
3	199.16	149.66	172.45	117.06	42.14	1	2	
4	172.45	117.06	108.41	38.91	101.04	0	
5	108.41	38.91	103.86	33.36	7.17	1	13	
6	103.86	33.36	89.27	15.55	23.03	2	5	13	
7	89.27	15.55	88.00	14.00	2.00	3	5	13	15	

2	0	49.244	2
1	195.00	130.00	171.24	140.56	26.00	1	2	
2	171.24	140.56	150.00	150.00	23.24	0	

2	1	43.829	3
1	195.00	130.00	203.59	146.75	18.83	1	2	
2	203.59	146.75	206.86	153.14	7.17	2	1	2	
3	206.86	153.14	215.00	169.00	17.83	1	1	

2	2	0	0

2	3	95.273	3
1	195.00	130.00	185.72	105.71	26.00	1	2	
2	185.72	105.71	164.21	49.41	60.27	0	
3	164.21	49.41	161.00	41.00	9.00	1	3	

2	4	147.648	3
1	195.00	130.00	171.40	140.92	26.00	1	2	
2	171.40	140.92	75.52	185.28	105.65	0	
3	75.52	185.28	61.00	192.00	16.00	1	4	

2	5	168.074	5
1	195.00	130.00	173.34	115.61	26.00	1	2	
2	173.34	115.61	124.50	83.17	58.64	0	
3	124.50	83.17	95.82	64.11	34.43	1	6	
4	95.82	64.11	66.78	44.83	34.86	2	5	6	
5	66.78	44.83	55.00	37.00	14.14	1	5	

2	6	120.304	3
1	195.00	130.00	171.66	118.55	26.00	1	2	
2	171.66	118.55	121.11	93.74	56.30	0	
3	121.11	93.74	87.00	77.00	38.00	1	6	

2	7	132.774	5
1	195.00	130.00	175.03	146.64	26.00	1	2	
2	175.03	146.64	144.99	171.67	39.09	0	
3	144.99	171.67	132.87	181.77	15.78	1	14	
4	132.87	181.77	96.07	212.44	47.90	0	
5	96.07	212.44	93.00	215.00	4.00	1	7	

2	8	123.004	7
1	195.00	130.00	214.01	144.02	23.62	1	2	
2	214.01	144.02	215.93	145.43	2.38	2	1	2	
3	215.93	145.43	223.20	150.79	9.04	1	1	
4	223.20	150.79	239.16	162.56	19.82	2	1	11	
5	239.16	162.56	258.54	176.85	24.08	1	11	
6	258.54	176.85	292.39	201.81	42.06	0	
7	292.39	201.81	294.00	203.00	2.00	1	8	

2	9	71.063	3
1	195.00	130.00	169.02	128.90	26.00	1	2	
2	169.02	128.90	145.98	127.93	23.06	0	
3	145.98	127.93	124.00	127.00	22.00	1	9	

2	10	186.687	5
1	195.00	130.00	169.10	132.23	26.00	1	2	
2	169.10	132.23	144.75	134.32	24.44	0	
3	144.75	134.32	104.81	137.76	40.08	1	9	
4	104.81	137.76	13.98	145.57	91.16	0	
5	13.98	145.57	9.00	146.00	5.00	1	10	

2	11	57.009	5
1	195.00	130.00	213.09	144.07	22.92	1	2	
2	213.09	144.07	215.52	145.96	3.08	2	1	2	
3	215.52	145.96	222.63	151.49	9.01	1	1	
4	222.63	151.49	239.63	164.71	21.53	2	1	11	
5	239.63	164.71	240.00	165.00	0.47	1	11	

2	12	144.845	6
1	195.00	130.00	170.23	122.10	26.00	1	2	
2	170.23	122.10	140.71	112.69	30.98	0	
3	140.71	112.69	118.66	105.66	23.15	1	9	
4	118.66	105.66	113.67	104.07	5.23	0	
5	113.67	104.07	63.67	88.13	52.48	1	6	
6	63.67	88.13	57.00	86.00	7.00	2	6	12	

2	13	143.388	3
1	195.00	130.00	181.94	107.52	26.00	1	2	
2	181.94	107.52	141.08	37.13	81.39	0	
3	141.08	37.13	123.00	6.00	36.00	1	13	

2	14	73.239	3
1	195.00	130.00	173.70	144.91	26.00	1	2	
2	173.70	144.91	143.19	166.27	37.24	0	
3	143.19	166.27	135.00	172.00	10.00	1	14	

2	15	157.813	5
1	195.00	130.00	177.37	110.89	26.00	1	2	
2	177.37	110.89	112.34	40.38	95.92	0	
3	112.34	40.38	103.62	30.94	12.85	1	13	
4	103.62	30.94	89.36	15.47	21.04	2	5	13	
5	89.36	15.47	88.00	14.00	2.00	3	5	13	15	

3	0	109.554	2
1	161.00	41.00	160.10	49.95	9.00	1	3	
2	160.10	49.95	150.00	150.00	100.55	0	

3	1	138.924	5
1	161.00	41.00	164.50	49.29	9.00	1	3	
2	164.50	49.29	187.98	104.96	60.42	0	
3	187.98	104.96	205.28	145.97	44.50	1	2	
4	205.28	145.97	208.04	152.50	7.09	2	1	2	
5	208.04	152.50	215.00	169.00	17.91	1	1	

3	2	95.273	3
1	161.00	41.00	164.21	49.41	9.00	1	3	
2	164.21	49.41	185.72	105.71	60.27	0	
3	185.72	105.71	195.00	130.00	26.00	1	2	

3	3	0	0

3	4	181.110	5
1	161.00	41.00	156.03	48.50	9.00	1	3	
2	156.03	48.50	118.08	105.81	68.74	0	
3	118.08	105.81	102.18	129.82	28.79	1	9	
4	102.18	129.82	69.83	178.66	58.58	0	
5	69.83	178.66	61.00	192.00	16.00	1	4	

3	5	106.075	5
1	161.00	41.00	152.01	40.66	9.00	1	3	
2	152.01	40.66	134.80	40.01	17.22	0	
3	134.80	40.01	108.67	39.03	26.15	1	13	
4	108.67	39.03	103.97	38.85	4.71	0	
5	103.97	38.85	55.00	37.00	49.00	1	5	

3	6	82.292	3
1	161.00	41.00	152.91	44.94	9.00	1	3	
2	152.91	44.94	121.17	60.38	35.29	0	
3	121.17	60.38	87.00	77.00	38.00	1	6	

3	7	186.815	5
1	161.00	41.00	157.72	49.38	9.00	1	3	
2	157.72	49.38	134.87	107.87	62.80	0	
3	134.87	107.87	119.02	148.43	43.54	1	9	
4	119.02	148.43	94.46	211.27	67.48	0	
5	94.46	211.27	93.00	215.00	4.00	1	7	

3	8	209.602	5
1	161.00	41.00	166.71	47.96	9.00	1	3	
2	166.71	47.96	245.27	143.64	123.80	0	
3	245.27	143.64	261.98	163.99	26.34	1	11	
4	261.98	163.99	292.73	201.45	48.47	0	
5	292.73	201.45	294.00	203.00	2.00	1	8	

3	9	93.622	3
1	161.00	41.00	157.44	49.27	9.00	1	3	
2	157.44	49.27	132.69	106.79	62.62	0	
3	132.69	106.79	124.00	127.00	22.00	1	9	

3	10	184.740	5
1	161.00	41.00	153.59	46.12	9.00	1	3	
2	153.59	46.12	123.61	66.83	36.44	0	
3	123.61	66.83	64.53	107.64	71.81	1	6	
4	64.53	107.64	13.11	143.16	62.49	0	
5	13.11	143.16	9.00	146.00	5.00	1	10	

3	11	147.027	7
1	161.00	41.00	165.84	48.59	9.00	1	3	
2	165.84	48.59	201.70	104.88	66.74	0	
3	201.70	104.88	220.60	134.55	35.18	1	2	
4	220.60	134.55	228.18	146.45	14.11	0	
5	228.18	146.45	229.64	148.73	2.71	1	11	
6	229.64	148.73	239.55	164.30	18.46	2	1	11	
7	239.55	164.30	240.00	165.00	0.83	1	11	

3	12	113.318	6
1	161.00	41.00	152.74	44.57	9.00	1	3	
2	152.74	44.57	120.26	58.63	35.39	0	
3	120.26	58.63	89.24	72.05	33.80	1	6	
4	89.24	72.05	63.42	83.22	28.13	2	5	6	
5	63.42	83.22	57.10	85.95	6.89	3	5	6	12	
6	57.10	85.95	57.00	86.00	0.11	2	6	12	

3	13	51.662	3
1	161.00	41.00	154.38	34.90	9.00	1	3	
2	154.38	34.90	149.48	30.39	6.66	0	
3	149.48	30.39	123.00	6.00	36.00	1	13	

3	14	133.555	5
1	161.00	41.00	159.25	49.83	9.00	1	3	
2	159.25	49.83	145.14	120.91	72.47	0	
3	145.14	120.91	141.21	140.70	20.18	1	9	
4	141.21	140.70	136.95	162.19	21.91	0	
5	136.95	162.19	135.00	172.00	10.00	1	14	

3	15	77.833	5
1	161.00	41.00	152.56	37.88	9.00	1	3	
2	152.56	37.88	144.48	34.89	8.61	0	
3	144.48	34.89	100.41	18.59	46.99	1	13	
4	100.41	18.59	89.88	14.69	11.23	2	5	13	
5	89.88	14.69	88.00	14.00	2.00	3	5	13	15	

4	0	98.412	2
1	61.00	192.00	75.47	185.17	16.00	1	4	
2	75.47	185.17	150.00	150.00	82.41	0	

4	1	155.708	5
1	61.00	192.00	76.82	189.64	16.00	1	4	
2	76.82	189.64	131.70	181.44	55.49	0	
3	131.70	181.44	140.91	180.06	9.31	1	14	
4	140.91	180.06	190.27	172.69	49.91	0	
5	190.27	172.69	215.00	169.00	25.00	1	1	

4	2	147.648	3
1	61.00	192.00	75.52	185.28	16.00	1	4	
2	75.52	185.28	171.40	140.92	105.65	0	
3	171.40	140.92	195.00	130.00	26.00	1	2	

4	3	181.110	5
1	61.00	192.00	69.83	178.66	16.00	1	4	
2	69.83	178.66	102.18	129.82	58.58	0	
3	102.18	129.82	118.08	105.81	28.79	1	9	
4	118.08	105.81	156.03	48.50	68.74	0	
5	156.03	48.50	161.00	41.00	9.00	1	3	

4	4	0	0

4	5	155.116	7
1	61.00	192.00	60.38	176.01	16.00	1	4	
2	60.38	176.01	57.47	100.92	75.15	0	
3	57.47	100.92	57.17	93.00	7.93	0	
4	57.17	93.00	56.90	85.96	7.04	1	6	
5	56.90	85.96	56.63	79.01	6.96	2	6	12	
6	56.63	79.01	55.71	55.43	23.60	1	5	
7	55.71	55.43	55.00	37.00	18.45	1	5	

4	6	117.903	3
1	61.00	192.00	64.53	176.39	16.00	1	4	
2	64.53	176.39	78.62	114.06	63.90	0	
3	78.62	114.06	87.00	77.00	38.00	1	6	

4	7	39.408	3
1	61.00	192.00	73.99	201.34	16.00	1	4	
2	73.99	201.34	89.75	212.67	19.41	0	
3	89.75	212.67	93.00	215.00	4.00	1	7	

4	8	233.260	3
1	61.00	192.00	76.98	192.75	16.00	1	4	
2	76.98	192.75	292.00	202.91	215.26	0	
3	292.00	202.91	294.00	203.00	2.00	1	8	

4	9	90.521	3
1	61.00	192.00	72.14	180.51	16.00	1	4	
2	72.14	180.51	108.69	142.80	52.52	0	
3	108.69	142.80	124.00	127.00	22.00	1	9	

4	10	69.426	3
1	61.00	192.00	49.02	181.40	16.00	1	4	
2	49.02	181.40	12.74	149.31	48.43	0	
3	12.74	149.31	9.00	146.00	5.00	1	10	

4	11	181.025	7
1	61.00	192.00	76.82	189.61	16.00	1	4	
2	76.82	189.61	131.50	181.37	55.29	0	
3	131.50	181.37	141.11	179.92	9.72	1	14	
4	141.11	179.92	190.25	172.50	49.69	0	
5	190.25	172.50	218.25	168.28	28.32	1	1	
6	218.25	168.28	239.69	165.05	21.68	2	1	11	
7	239.69	165.05	240.00	165.00	0.32	1	11	

4	12	106.075	4
1	61.00	192.00	60.40	176.01	16.00	1	4	
2	60.40	176.01	57.57	101.04	75.03	0	
3	57.57	101.04	57.26	93.00	8.05	0	
4	57.26	93.00	57.00	86.00	7.00	1	6	

4	13	196.061	5
1	61.00	192.00	66.06	176.82	16.00	1	4	
2	66.06	176.82	86.67	115.00	65.17	0	
3	86.67	115.00	109.53	46.40	72.31	1	6	
4	109.53	46.40	111.62	40.15	6.59	0	
5	111.62	40.15	123.00	6.00	36.00	1	13	

4	14	76.655	3
1	61.00	192.00	76.45	187.83	16.00	1	4	
2	76.45	187.83	125.35	174.61	50.66	0	
3	125.35	174.61	135.00	172.00	10.00	1	14	

4	15	180.036	7
1	61.00	192.00	63.40	176.18	16.00	1	4	
2	63.40	176.18	73.08	112.36	64.55	0	
3	73.08	112.36	77.94	80.30	32.43	1	6	
4	77.94	80.30	84.19	39.10	41.66	2	5	6	
5	84.19	39.10	87.70	15.98	23.39	1	5	
6	87.70	15.98	87.96	14.26	1.74	2	5	15	
7	87.96	14.26	88.00	14.00	0.26	3	5	13	15	

5	0	147.628	6
1	55.00	37.00	63.51	47.13	13.23	1	5	
2	63.51	47.13	86.53	74.51	35.77	2	5	6	
3	86.53	74.51	112.39	105.27	40.19	1	6	
4	112.39	105.27	114.13	107.34	2.70	0	
5	114.13	107.34	141.68	140.10	42.80	1	9	
6	141.68	140.10	150.00	150.00	12.94	0	

5	1	207.422	7
1	55.00	37.00	65.50	45.67	13.62	1	5	
2	65.50	45.67	92.80	68.18	35.38	2	5	6	
3	92.80	68.18	121.85	92.15	37.66	1	6	
4	121.85	92.15	169.02	131.07	61.15	0	
5	169.02	131.07	195.72	153.09	34.61	1	2	
6	195.72	153.09	198.89	155.71	4.11	2	1	2	
7	198.89	155.71	215.00	169.00	20.89	1	1	

5	2	168.074	5
1	55.00	37.00	66.78	44.83	14.14	1	5	
2	66.78	44.83	95.82	64.11	34.86	2	5	6	
3	95.82	64.11	124.50	83.17	34.43	1	6	
4	124.50	83.17	173.34	115.61	58.64	0	
5	173.34	115.61	195.00	130.00	26.00	1	2	

5	3	106.075	5
1	55.00	37.00	103.97	38.85	49.00	1	5	
2	103.97	38.85	108.67	39.03	4.71	0	
3	108.67	39.03	134.80	40.01	26.15	1	13	
4	134.80	40.01	152.01	40.66	17.22	0	
5	152.01	40.66	161.00	41.00	9.00	1	3	

5	4	155.116	7
1	55.00	37.00	55.71	55.43	18.45	1	5	
2	55.71	55.43	56.63	79.01	23.60	1	5	
3	56.63	79.01	56.90	85.96	6.96	2	6	12	
4	56.90	85.96	57.17	93.00	7.04	1	6	
5	57.17	93.00	57.47	100.92	7.93	0	
6	57.47	100.92	60.38	176.01	75.15	0	
7	60.38	176.01	61.00	192.00	16.00	1	4	

5	5	0	0

5	6	51.225	3
1	55.00	37.00	63.26	47.33	13.23	1	5	
2	63.26	47.33	85.61	75.26	35.78	2	5	6	
3	85.61	75.26	87.00	77.00	2.22	1	6	

5	7	182.011	5
1	55.00	37.00	58.24	52.17	15.51	1	5	
2	58.24	52.17	65.23	84.92	33.49	1	6	
3	65.23	84.92	70.89	111.41	27.09	1	6	
4	70.89	111.41	92.16	211.09	101.92	0	
5	92.16	211.09	93.00	215.00	4.00	1	7	

5	8	290.993	11
1	55.00	37.00	66.51	45.00	14.02	1	5	
2	66.51	45.00	95.24	64.95	34.98	2	5	6	
3	95.24	64.95	124.14	85.02	35.18	1	6	
4	124.14	85.02	171.85	118.16	58.09	0	
5	171.85	118.16	209.83	144.54	46.24	1	2	
6	209.83	144.54	214.18	147.56	5.29	2	1	2	
7	214.18	147.56	221.70	152.79	9.16	1	1	
8	221.70	152.79	239.73	165.30	21.94	2	1	11	
9	239.73	165.30	257.83	177.88	22.05	1	11	
10	257.83	177.88	292.36	201.86	42.03	0	
11	292.36	201.86	294.00	203.00	2.00	1	8	

5	9	113.406	5
1	55.00	37.00	63.05	47.50	13.23	1	5	
2	63.05	47.50	84.81	75.89	35.77	2	5	6	
3	84.81	75.89	109.27	107.79	40.20	1	6	
4	109.27	107.79	110.61	109.54	2.21	0	
5	110.61	109.54	124.00	127.00	22.00	1	9	

5	10	118.309	3
1	55.00	37.00	35.95	82.14	49.00	1	5	
2	35.95	82.14	10.94	141.39	64.31	0	
3	10.94	141.39	9.00	146.00	5.00	1	10	

5	11	224.964	9
1	55.00	37.00	66.54	44.98	14.03	1	5	
2	66.54	44.98	95.30	64.88	34.97	2	5	6	
3	95.30	64.88	124.18	84.86	35.12	1	6	
4	124.18	84.86	171.97	117.93	58.12	0	
5	171.97	117.93	210.29	144.45	46.60	1	2	
6	210.29	144.45	214.41	147.30	5.01	2	1	2	
7	214.41	147.30	221.91	152.48	9.12	1	1	
8	221.91	152.48	239.64	164.75	21.56	2	1	11	
9	239.64	164.75	240.00	165.00	0.44	1	11	

5	12	49.041	4
1	55.00	37.00	55.75	55.38	18.40	1	5	
2	55.75	55.38	56.71	79.01	23.65	2	5	6	
3	56.71	79.01	57.00	85.96	6.96	3	5	6	12	
4	57.00	85.96	57.00	86.00	0.04	2	6	12	

5	13	74.733	3
1	55.00	37.00	90.24	20.93	38.73	1	5	
2	90.24	20.93	99.59	16.67	10.27	2	5	13	
3	99.59	16.67	123.00	6.00	25.73	1	13	

5	14	156.924	7
1	55.00	37.00	61.83	48.53	13.40	1	5	
2	61.83	48.53	79.98	79.15	35.60	2	5	6	
3	79.98	79.15	99.89	112.75	39.05	1	6	
4	99.89	112.75	103.54	118.91	7.17	0	
5	103.54	118.91	121.27	148.83	34.78	1	9	
6	121.27	148.83	129.90	163.40	16.93	0	
7	129.90	163.40	135.00	172.00	10.00	1	14	

5	15	40.224	3
1	55.00	37.00	86.36	15.14	38.22	1	5	
2	86.36	15.14	87.91	14.06	1.90	2	5	15	
3	87.91	14.06	88.00	14.00	0.10	3	5	13	15	

6	0	96.426	4
1	87.00	77.00	111.83	105.77	38.00	1	6	
2	111.83	105.77	113.48	107.68	2.53	0	
3	113.48	107.68	141.57	140.24	43.00	1	9	
4	141.57	140.24	150.00	150.00	12.90	0	

6	1	157.632	7
1	87.00	77.00	117.86	99.18	38.00	1	6	
2	117.86	99.18	126.10	105.10	10.15	0	
3	126.10	105.10	144.09	118.03	22.16	1	9	
4	144.09	118.03	169.84	136.54	31.71	0	
5	169.84	136.54	194.70	154.41	30.62	1	2	
6	194.70	154.41	196.82	155.94	2.62	2	1	2	
7	196.82	155.94	215.00	169.00	22.38	1	1	

6	2	120.304	3
1	87.00	77.00	121.11	93.74	38.00	1	6	
2	121.11	93.74	171.66	118.55	56.30	0	
3	171.66	118.55	195.00	130.00	26.00	1	2	

6	3	82.292	3
1	87.00	77.00	121.17	60.38	38.00	1	6	
2	121.17	60.38	152.91	44.94	35.29	0	
3	152.91	44.94	161.00	41.00	9.00	1	3	

6	4	117.903	3
1	87.00	77.00	78.62	114.06	38.00	1	6	
2	78.62	114.06	64.53	176.39	63.90	0	
3	64.53	176.39	61.00	192.00	16.00	1	4	

6	5	51.225	3
1	87.00	77.00	85.61	75.26	2.22	1	6	
2	85.61	75.26	63.26	47.33	35.78	2	5	6	
3	63.26	47.33	55.00	37.00	13.23	1	5	

6	6	0	0

6	7	138.130	3
1	87.00	77.00	88.65	114.96	38.00	1	6	
2	88.65	114.96	92.83	211.00	96.13	0	
3	92.83	211.00	93.00	215.00	4.00	1	7	

6	8	242.332	9
1	87.00	77.00	119.46	96.76	38.00	1	6	
2	119.46	96.76	169.17	127.02	58.20	0	
3	169.17	127.02	202.54	147.33	39.06	1	2	
4	202.54	147.33	209.51	151.57	8.16	2	1	2	
5	209.51	151.57	219.31	157.53	11.46	1	1	
6	219.31	157.53	239.98	170.12	24.20	2	1	11	
7	239.98	170.12	256.14	179.95	18.92	1	11	
8	256.14	179.95	292.29	201.96	42.33	0	
9	292.29	201.96	294.00	203.00	2.00	1	8	

6	9	62.201	3
1	87.00	77.00	109.60	107.55	38.00	1	6	
2	109.60	107.55	110.91	109.32	2.20	0	
3	110.91	109.32	124.00	127.00	22.00	1	9	

6	10	104.139	3
1	87.00	77.00	58.54	102.18	38.00	1	6	
2	58.54	102.18	12.74	142.69	61.14	0	
3	12.74	142.69	9.00	146.00	5.00	1	10	

6	11	176.502	7
1	87.00	77.00	119.94	95.95	38.00	1	6	
2	119.94	95.95	169.59	124.50	57.27	0	
3	169.59	124.50	206.24	145.58	42.29	1	2	
4	206.24	145.58	212.53	149.20	7.25	2	1	2	
5	212.53	149.20	220.93	154.03	9.69	1	1	
6	220.93	154.03	239.64	164.80	21.59	2	1	11	
7	239.64	164.80	240.00	165.00	0.41	1	11	

6	12	31.321	4
1	87.00	77.00	80.14	79.06	7.16	1	6	
2	80.14	79.06	63.70	83.99	17.16	2	5	6	
3	63.70	83.99	57.16	85.95	6.83	3	5	6	12	
4	57.16	85.95	57.00	86.00	0.17	2	6	12	

6	13	79.605	5
1	87.00	77.00	89.78	71.51	6.15	1	6	
2	89.78	71.51	103.40	44.66	30.11	2	5	6	
3	103.40	44.66	104.18	43.11	1.74	1	6	
4	104.18	43.11	106.72	38.11	5.61	0	
5	106.72	38.11	123.00	6.00	36.00	1	13	

6	14	106.438	5
1	87.00	77.00	104.14	110.92	38.00	1	6	
2	104.14	110.92	105.93	114.46	3.97	0	
3	105.93	114.46	123.37	148.99	38.69	1	9	
4	123.37	148.99	130.49	163.07	15.78	0	
5	130.49	163.07	135.00	172.00	10.00	1	14	

6	15	63.008	5
1	87.00	77.00	87.05	74.07	2.93	1	6	
2	87.05	74.07	87.60	39.00	35.07	1	6	
3	87.60	39.00	87.97	16.00	23.01	1	5	
4	87.97	16.00	87.99	14.40	1.60	2	5	15	
5	87.99	14.40	88.00	14.00	0.40	3	5	13	15	

7	0	86.452	4
1	93.00	215.00	95.64	211.99	4.00	1	7	
2	95.64	211.99	126.33	176.99	46.56	0	
3	126.33	176.99	138.81	162.76	18.93	1	14	
4	138.81	162.76	150.00	150.00	16.97	0	

7	1	130.384	3
1	93.00	215.00	96.74	213.59	4.00	1	7	
2	96.74	213.59	191.61	177.82	101.38	0	
3	191.61	177.82	215.00	169.00	25.00	1	1	

7	2	132.774	5
1	93.00	215.00	96.07	212.44	4.00	1	7	
2	96.07	212.44	132.87	181.77	47.90	0	
3	132.87	181.77	144.99	171.67	15.78	1	14	
4	144.99	171.67	175.03	146.64	39.09	0	
5	175.03	146.64	195.00	130.00	26.00	1	2	

7	3	186.815	5
1	93.00	215.00	94.46	211.27	4.00	1	7	
2	94.46	211.27	119.02	148.43	67.48	0	
3	119.02	148.43	134.87	107.87	43.54	1	9	
4	134.87	107.87	157.72	49.38	62.80	0	
5	157.72	49.38	161.00	41.00	9.00	1	3	

7	4	39.408	3
1	93.00	215.00	89.75	212.67	4.00	1	7	
2	89.75	212.67	73.99	201.34	19.41	0	
3	73.99	201.34	61.00	192.00	16.00	1	4	

7	5	182.011	5
1	93.00	215.00	92.16	211.09	4.00	1	7	
2	92.16	211.09	70.89	111.41	101.92	0	
3	70.89	111.41	65.23	84.92	27.09	1	6	
4	65.23	84.92	58.24	52.17	33.49	1	6	
5	58.24	52.17	55.00	37.00	15.51	1	5	

7	6	138.130	3
1	93.00	215.00	92.83	211.00	4.00	1	7	
2	92.83	211.00	88.65	114.96	96.13	0	
3	88.65	114.96	87.00	77.00	38.00	1	6	

7	7	0	0

7	8	201.358	3
1	93.00	215.00	96.99	214.76	4.00	1	7	
2	96.99	214.76	292.00	203.12	195.36	0	
3	292.00	203.12	294.00	203.00	2.00	1	8	

7	9	93.301	3
1	93.00	215.00	94.33	211.23	4.00	1	7	
2	94.33	211.23	116.69	147.75	67.30	0	
3	116.69	147.75	124.00	127.00	22.00	1	9	

7	10	108.706	5
1	93.00	215.00	89.91	212.46	4.00	1	7	
2	89.91	212.46	74.82	200.07	19.53	0	
3	74.82	200.07	50.40	180.01	31.59	1	4	
4	50.40	180.01	12.86	149.17	48.58	0	
5	12.86	149.17	9.00	146.00	5.00	1	10	

7	11	155.271	5
1	93.00	215.00	96.79	213.71	4.00	1	7	
2	96.79	213.71	193.05	180.97	101.68	0	
3	193.05	180.97	219.17	172.08	27.59	1	1	
4	219.17	172.08	239.69	165.10	21.68	2	1	11	
5	239.69	165.10	240.00	165.00	0.32	1	11	

7	12	133.929	4
1	93.00	215.00	91.92	211.15	4.00	1	7	
2	91.92	211.15	62.62	106.15	109.01	0	
3	62.62	106.15	58.88	92.74	13.92	1	6	
4	58.88	92.74	57.00	86.00	7.00	2	6	12	

7	13	211.142	7
1	93.00	215.00	93.57	211.04	4.00	1	7	
2	93.57	211.04	104.24	136.68	75.13	0	
3	104.24	136.68	107.76	112.16	24.77	1	9	
4	107.76	112.16	108.29	108.48	3.72	0	
5	108.29	108.48	116.28	52.78	56.26	1	6	
6	116.28	52.78	117.89	41.63	11.26	0	
7	117.89	41.63	123.00	6.00	36.00	1	13	

7	14	60.108	3
1	93.00	215.00	95.80	212.14	4.00	1	7	
2	95.80	212.14	128.01	179.15	46.11	0	
3	128.01	179.15	135.00	172.00	10.00	1	14	

7	15	201.062	7
1	93.00	215.00	92.90	211.00	4.00	1	7	
2	92.90	211.00	90.51	114.84	96.19	0	
3	90.51	114.84	89.44	71.86	43.00	1	6	
4	89.44	71.86	88.62	39.04	32.83	2	5	6	
5	88.62	39.04	88.05	16.00	23.05	1	5	
6	88.05	16.00	88.01	14.47	1.52	2	5	15	
7	88.01	14.47	88.00	14.00	0.47	3	5	13	15	

8	0	153.444	6
1	294.00	203.00	292.12	202.31	2.00	1	8	
2	292.12	202.31	247.22	185.78	47.85	0	
3	247.22	185.78	236.46	181.82	11.46	1	11	
4	236.46	181.82	221.03	176.14	16.44	2	1	11	
5	221.03	176.14	190.35	164.85	32.70	1	1	
6	190.35	164.85	150.00	150.00	42.99	0	

8	1	86.006	5
1	294.00	203.00	292.16	202.21	2.00	1	8	
2	292.16	202.21	250.56	184.30	45.30	0	
3	250.56	184.30	237.96	178.88	13.71	1	11	
4	237.96	178.88	218.73	170.60	20.94	2	1	11	
5	218.73	170.60	215.00	169.00	4.06	1	1	

8	2	123.004	7
1	294.00	203.00	292.39	201.81	2.00	1	8	
2	292.39	201.81	258.54	176.85	42.06	0	
3	258.54	176.85	239.16	162.56	24.08	1	11	
4	239.16	162.56	223.20	150.79	19.82	2	1	11	
5	223.20	150.79	215.93	145.43	9.04	1	1	
6	215.93	145.43	214.01	144.02	2.38	2	1	2	
7	214.01	144.02	195.00	130.00	23.62	1	2	

8	3	209.602	5
1	294.00	203.00	292.73	201.45	2.00	1	8	
2	292.73	201.45	261.98	163.99	48.47	0	
3	261.98	163.99	245.27	143.64	26.34	1	11	
4	245.27	143.64	166.71	47.96	123.80	0	
5	166.71	47.96	161.00	41.00	9.00	1	3	

8	4	233.260	3
1	294.00	203.00	292.00	202.91	2.00	1	8	
2	292.00	202.91	76.98	192.75	215.26	0	
3	76.98	192.75	61.00	192.00	16.00	1	4	

8	5	290.993	11
1	294.00	203.00	292.36	201.86	2.00	1	8	
2	292.36	201.86	257.83	177.88	42.03	0	
3	257.83	177.88	239.73	165.30	22.05	1	11	
4	239.73	165.30	221.70	152.79	21.94	2	1	11	
5	221.70	152.79	214.18	147.56	9.16	1	1	
6	214.18	147.56	209.83	144.54	5.29	2	1	2	
7	209.83	144.54	171.85	118.16	46.24	1	2	
8	171.85	118.16	124.14	85.02	58.09	0	
9	124.14	85.02	95.24	64.95	35.18	1	6	
10	95.24	64.95	66.51	45.00	34.98	2	5	6	
11	66.51	45.00	55.00	37.00	14.02	1	5	

8	6	242.332	9
1	294.00	203.00	292.29	201.96	2.00	1	8	
2	292.29	201.96	256.14	179.95	42.33	0	
3	256.14	179.95	239.98	170.12	18.92	1	11	
4	239.98	170.12	219.31	157.53	24.20	2	1	11	
5	219.31	157.53	209.51	151.57	11.46	1	1	
6	209.51	151.57	202.54	147.33	8.16	2	1	2	
7	202.54	147.33	169.17	127.02	39.06	1	2	
8	169.17	127.02	119.46	96.76	58.20	0	
9	119.46	96.76	87.00	77.00	38.00	1	6	

8	7	201.358	3
1	294.00	203.00	292.00	203.12	2.00	1	8	
2	292.00	203.12	96.99	214.76	195.36	0	
3	96.99	214.76	93.00	215.00	4.00	1	7	

8	8	0	0

8	9	186.215	7
1	294.00	203.00	292.17	202.18	2.00	1	8	
2	292.17	202.18	251.27	183.90	44.81	0	
3	251.27	183.90	238.29	178.09	14.22	1	11	
4	238.29	178.09	218.41	169.20	21.78	2	1	11	
5	218.41	169.20	192.69	157.71	28.16	1	1	
6	192.69	157.71	144.08	135.98	53.25	0	
7	144.08	135.98	124.00	127.00	22.00	1	9	

8	10	290.644	7
1	294.00	203.00	292.04	202.61	2.00	1	8	
2	292.04	202.61	228.67	189.93	64.63	0	
3	228.67	189.93	194.33	183.07	35.01	1	1	
4	194.33	183.07	144.93	173.19	50.38	0	
5	144.93	173.19	125.38	169.28	19.94	1	14	
6	125.38	169.28	13.90	146.98	113.68	0	
7	13.90	146.98	9.00	146.00	5.00	1	10	

8	11	66.030	3
1	294.00	203.00	292.36	201.85	2.00	1	8	
2	292.36	201.85	257.99	177.66	42.03	0	
3	257.99	177.66	240.00	165.00	22.00	1	11	

8	12	264.307	12
1	294.00	203.00	292.21	202.11	2.00	1	8	
2	292.21	202.11	252.99	182.75	43.73	0	
3	252.99	182.75	239.04	175.87	15.56	1	11	
4	239.04	175.87	218.01	165.48	23.46	2	1	11	
5	218.01	165.48	198.35	155.78	21.91	1	1	
6	198.35	155.78	194.93	154.09	3.82	2	1	2	
7	194.93	154.09	172.49	143.01	25.02	1	2	
8	172.49	143.01	145.82	129.85	29.75	0	
9	145.82	129.85	108.48	111.41	41.64	1	9	
10	108.48	111.41	105.74	110.06	3.05	0	
11	105.74	110.06	63.28	89.10	47.35	1	6	
12	63.28	89.10	57.00	86.00	7.00	2	6	12	

8	13	260.864	7
1	294.00	203.00	292.69	201.49	2.00	1	8	
2	292.69	201.49	261.97	166.10	46.86	0	
3	261.97	166.10	242.00	143.09	30.47	1	11	
4	242.00	143.09	161.19	50.00	123.27	0	
5	161.19	50.00	152.12	39.55	13.84	1	3	
6	152.12	39.55	146.60	33.19	8.42	0	
7	146.60	33.19	123.00	6.00	36.00	1	13	

8	14	161.994	5
1	294.00	203.00	292.04	202.62	2.00	1	8	
2	292.04	202.62	228.27	190.19	64.96	0	
3	228.27	190.19	194.74	183.65	34.16	1	1	
4	194.74	183.65	144.82	173.91	50.87	0	
5	144.82	173.91	135.00	172.00	10.00	1	14	

8	15	279.566	9
1	294.00	203.00	292.53	201.65	2.00	1	8	
2	292.53	201.65	260.70	172.45	43.19	0	
3	260.70	172.45	230.80	145.02	40.58	1	11	
4	230.80	145.02	220.41	135.49	14.09	0	
5	220.41	135.49	187.35	105.15	44.87	1	2	
6	187.35	105.15	118.16	41.67	93.89	0	
7	118.16	41.67	103.15	27.90	20.38	1	13	
8	103.15	27.90	89.47	15.35	18.56	2	5	13	
9	89.47	15.35	88.00	14.00	2.00	3	5	13	15	

9	0	34.713	2
1	124.00	127.00	140.48	141.58	22.00	1	9	
2	140.48	141.58	150.00	150.00	12.71	0	

9	1	100.225	3
1	124.00	127.00	143.98	136.22	22.00	1	9	
2	143.98	136.22	192.30	158.52	53.22	0	
3	192.30	158.52	215.00	169.00	25.00	1	1	

9	2	71.063	3
1	124.00	127.00	145.98	127.93	22.00	1	9	
2	145.98	127.93	169.02	128.90	23.06	0	
3	169.02	128.90	195.00	130.00	26.00	1	2	

9	3	93.622	3
1	124.00	127.00	132.69	106.79	22.00	1	9	
2	132.69	106.79	157.44	49.27	62.62	0	
3	157.44	49.27	161.00	41.00	9.00	1	3	

9	4	90.521	3
1	124.00	127.00	108.69	142.80	22.00	1	9	
2	108.69	142.80	72.14	180.51	52.52	0	
3	72.14	180.51	61.00	192.00	16.00	1	4	

9	5	113.406	5
1	124.00	127.00	110.61	109.54	22.00	1	9	
2	110.61	109.54	109.27	107.79	2.21	0	
3	109.27	107.79	84.81	75.89	40.20	1	6	
4	84.81	75.89	63.05	47.50	35.77	2	5	6	
5	63.05	47.50	55.00	37.00	13.23	1	5	

9	6	62.201	3
1	124.00	127.00	110.91	109.32	22.00	1	9	
2	110.91	109.32	109.60	107.55	2.20	0	
3	109.60	107.55	87.00	77.00	38.00	1	6	

9	7	93.301	3
1	124.00	127.00	116.69	147.75	22.00	1	9	
2	116.69	147.75	94.33	211.23	67.30	0	
3	94.33	211.23	93.00	215.00	4.00	1	7	

9	8	186.215	7
1	124.00	127.00	144.08	135.98	22.00	1	9	
2	144.08	135.98	192.69	157.71	53.25	0	
3	192.69	157.71	218.41	169.20	28.16	1	1	
4	218.41	169.20	238.29	178.09	21.78	2	1	11	
5	238.29	178.09	251.27	183.90	14.22	1	11	
6	251.27	183.90	292.17	202.18	44.81	0	
7	292.17	202.18	294.00	203.00	2.00	1	8	

9	9	0	0

9	10	116.559	3
1	124.00	127.00	102.29	130.59	22.00	1	9	
2	102.29	130.59	13.93	145.19	89.56	0	
3	13.93	145.19	9.00	146.00	5.00	1	10	

9	11	122.066	7
1	124.00	127.00	144.91	133.85	22.00	1	9	
2	144.91	133.85	172.40	142.86	28.93	0	
3	172.40	142.86	197.55	151.09	26.47	1	2	
4	197.55	151.09	205.61	153.74	8.48	2	1	2	
5	205.61	153.74	219.09	158.15	14.19	1	1	
6	219.09	158.15	239.66	164.89	21.64	2	1	11	
7	239.66	164.89	240.00	165.00	0.36	1	11	

9	12	78.549	4
1	124.00	127.00	105.23	115.52	22.00	1	9	
2	105.23	115.52	100.40	112.56	5.67	0	
3	100.40	112.56	62.97	89.65	43.88	1	6	
4	62.97	89.65	57.00	86.00	7.00	2	6	12	

9	13	121.004	5
1	124.00	127.00	123.82	105.00	22.00	1	9	
2	123.82	105.00	123.67	86.97	18.03	0	
3	123.67	86.97	123.50	66.43	20.55	0	
4	123.50	66.43	123.30	42.00	24.43	0	
5	123.30	42.00	123.00	6.00	36.00	1	13	

9	14	46.325	3
1	124.00	127.00	129.22	148.37	22.00	1	9	
2	129.22	148.37	132.63	162.29	14.32	0	
3	132.63	162.29	135.00	172.00	10.00	1	14	

9	15	118.596	7
1	124.00	127.00	117.32	106.04	22.00	1	9	
2	117.32	106.04	115.92	101.65	4.61	0	
3	115.92	101.65	100.84	54.31	49.68	1	6	
4	100.84	54.31	96.34	40.16	14.84	2	5	6	
5	96.34	40.16	90.13	20.67	20.46	1	5	
6	90.13	20.67	88.61	15.91	5.00	2	5	13	
7	88.61	15.91	88.00	14.00	2.00	3	5	13	15	

10	0	141.057	2
1	9.00	146.00	14.00	146.14	5.00	1	10	
2	14.00	146.14	150.00	150.00	136.06	0	

10	1	207.280	3
1	9.00	146.00	13.97	146.55	5.00	1	10	
2	13.97	146.55	190.15	166.23	177.28	0	
3	190.15	166.23	215.00	169.00	25.00	1	1	

10	2	186.687	5
1	9.00	146.00	13.98	145.57	5.00	1	10	
2	13.98	145.57	104.81	137.76	91.16	0	
3	104.81	137.76	144.75	134.32	40.08	1	9	
4	144.75	134.32	169.10	132.23	24.44	0	
5	169.10	132.23	195.00	130.00	26.00	1	2	

10	3	184.740	5
1	9.00	146.00	13.11	143.16	5.00	1	10	
2	13.11	143.16	64.53	107.64	62.49	0	
3	64.53	107.64	123.61	66.83	71.81	1	6	
4	123.61	66.83	153.59	46.12	36.44	0	
5	153.59	46.12	161.00	41.00	9.00	1	3	

10	4	69.426	3
1	9.00	146.00	12.74	149.31	5.00	1	10	
2	12.74	149.31	49.02	181.40	48.43	0	
3	49.02	181.40	61.00	192.00	16.00	1	4	

10	5	118.309	3
1	9.00	146.00	10.94	141.39	5.00	1	10	
2	10.94	141.39	35.95	82.14	64.31	0	
3	35.95	82.14	55.00	37.00	49.00	1	5	

10	6	104.139	3
1	9.00	146.00	12.74	142.69	5.00	1	10	
2	12.74	142.69	58.54	102.18	61.14	0	
3	58.54	102.18	87.00	77.00	38.00	1	6	

10	7	108.706	5
1	9.00	146.00	12.86	149.17	5.00	1	10	
2	12.86	149.17	50.40	180.01	48.58	0	
3	50.40	180.01	74.82	200.07	31.59	1	4	
4	74.82	200.07	89.91	212.46	19.53	0	
5	89.91	212.46	93.00	215.00	4.00	1	7	

10	8	290.644	7
1	9.00	146.00	13.90	146.98	5.00	1	10	
2	13.90	146.98	125.38	169.28	113.68	0	
3	125.38	169.28	144.93	173.19	19.94	1	14	
4	144.93	173.19	194.33	183.07	50.38	0	
5	194.33	183.07	228.67	189.93	35.01	1	1	
6	228.67	189.93	292.04	202.61	64.63	0	
7	292.04	202.61	294.00	203.00	2.00	1	8	

10	9	116.559	3
1	9.00	146.00	13.93	145.19	5.00	1	10	
2	13.93	145.19	102.29	130.59	89.56	0	
3	102.29	130.59	124.00	127.00	22.00	1	9	

10	10	0	0

10	11	231.780	5
1	9.00	146.00	13.98	146.41	5.00	1	10	
2	13.98	146.41	191.32	161.00	177.93	0	
3	191.32	161.00	218.07	163.20	26.85	1	1	
4	218.07	163.20	239.67	164.97	21.67	2	1	11	
5	239.67	164.97	240.00	165.00	0.33	1	11	

10	12	76.837	4
1	9.00	146.00	12.12	142.10	5.00	1	10	
2	12.12	142.10	52.13	92.09	64.03	0	
3	52.13	92.09	52.63	91.47	0.80	1	6	
4	52.63	91.47	57.00	86.00	7.00	2	6	12	

10	13	180.544	9
1	9.00	146.00	12.16	142.12	5.00	1	10	
2	12.16	142.12	52.40	92.71	63.73	0	
3	52.40	92.71	53.12	91.82	1.14	1	6	
4	53.12	91.82	57.93	85.91	7.62	2	6	12	
5	57.93	85.91	61.92	81.02	6.31	3	5	6	12	
6	61.92	81.02	95.37	39.93	52.98	2	5	6	
7	95.37	39.93	100.27	33.92	7.76	1	5	
8	100.27	33.92	103.49	29.96	5.10	2	5	13	
9	103.49	29.96	123.00	6.00	30.90	1	13	

10	14	128.655	3
1	9.00	146.00	13.90	147.01	5.00	1	10	
2	13.90	147.01	125.21	169.98	113.65	0	
3	125.21	169.98	135.00	172.00	10.00	1	14	

10	15	153.834	7
1	9.00	146.00	11.57	141.71	5.00	1	10	
2	11.57	141.71	45.47	85.06	66.02	0	
3	45.47	85.06	49.06	79.07	6.99	1	5	
4	49.06	79.07	70.89	42.58	42.52	2	5	6	
5	70.89	42.58	86.97	15.72	31.31	1	5	
6	86.97	15.72	87.93	14.12	1.86	2	5	15	
7	87.93	14.12	88.00	14.00	0.14	3	5	13	15	

11	0	91.241	4
1	240.00	165.00	239.67	164.94	0.34	1	11	
2	239.67	164.94	218.30	161.38	21.66	2	1	11	
3	218.30	161.38	192.98	157.16	25.67	1	1	
4	192.98	157.16	150.00	150.00	43.57	0	

11	1	25.318	3
1	240.00	165.00	239.69	165.05	0.32	1	11	
2	239.69	165.05	218.28	168.48	21.68	2	1	11	
3	218.28	168.48	215.00	169.00	3.32	1	1	

11	2	57.009	5
1	240.00	165.00	239.63	164.71	0.47	1	11	
2	239.63	164.71	222.63	151.49	21.53	2	1	11	
3	222.63	151.49	215.52	145.96	9.01	1	1	
4	215.52	145.96	213.09	144.07	3.08	2	1	2	
5	213.09	144.07	195.00	130.00	22.92	1	2	

11	3	147.027	7
1	240.00	165.00	239.55	164.30	0.83	1	11	
2	239.55	164.30	229.64	148.73	18.46	2	1	11	
3	229.64	148.73	228.18	146.45	2.71	1	11	
4	228.18	146.45	220.60	134.55	14.11	0	
5	220.60	134.55	201.70	104.88	35.18	1	2	
6	201.70	104.88	165.84	48.59	66.74	0	
7	165.84	48.59	161.00	41.00	9.00	1	3	

11	4	181.025	7
1	240.00	165.00	239.69	165.05	0.32	1	11	
2	239.69	165.05	218.25	168.28	21.68	2	1	11	
3	218.25	168.28	190.25	172.50	28.32	1	1	
4	190.25	172.50	141.11	179.92	49.69	0	
5	141.11	179.92	131.50	181.37	9.72	1	14	
6	131.50	181.37	76.82	189.61	55.29	0	
7	76.82	189.61	61.00	192.00	16.00	1	4	

11	5	224.964	9
1	240.00	165.00	239.64	164.75	0.44	1	11	
2	239.64	164.75	221.91	152.48	21.56	2	1	11	
3	221.91	152.48	214.41	147.30	9.12	1	1	
4	214.41	147.30	210.29	144.45	5.01	2	1	2	
5	210.29	144.45	171.97	117.93	46.60	1	2	
6	171.97	117.93	124.18	84.86	58.12	0	
7	124.18	84.86	95.30	64.88	35.12	1	6	
8	95.30	64.88	66.54	44.98	34.97	2	5	6	
9	66.54	44.98	55.00	37.00	14.03	1	5	

11	6	176.502	7
1	240.00	165.00	239.64	164.80	0.41	1	11	
2	239.64	164.80	220.93	154.03	21.59	2	1	11	
3	220.93	154.03	212.53	149.20	9.69	1	1	
4	212.53	149.20	206.24	145.58	7.25	2	1	2	
5	206.24	145.58	169.59	124.50	42.29	1	2	
6	169.59	124.50	119.94	95.95	57.27	0	
7	119.94	95.95	87.00	77.00	38.00	1	6	

11	7	155.271	5
1	240.00	165.00	239.69	165.10	0.32	1	11	
2	239.69	165.10	219.17	172.08	21.68	2	1	11	
3	219.17	172.08	193.05	180.97	27.59	1	1	
4	193.05	180.97	96.79	213.71	101.68	0	
5	96.79	213.71	93.00	215.00	4.00	1	7	

11	8	66.030	3
1	240.00	165.00	257.99	177.66	22.00	1	11	
2	257.99	177.66	292.36	201.85	42.03	0	
3	292.36	201.85	294.00	203.00	2.00	1	8	

11	9	122.066	7
1	240.00	165.00	239.66	164.89	0.36	1	11	
2	239.66	164.89	219.09	158.15	21.64	2	1	11	
3	219.09	158.15	205.61	153.74	14.19	1	1	
4	205.61	153.74	197.55	151.09	8.48	2	1	2	
5	197.55	151.09	172.40	142.86	26.47	1	2	
6	172.40	142.86	144.91	133.85	28.93	0	
7	144.91	133.85	124.00	127.00	22.00	1	9	

11	10	231.780	5
1	240.00	165.00	239.67	164.97	0.33	1	11	
2	239.67	164.97	218.07	163.20	21.67	2	1	11	
3	218.07	163.20	191.32	161.00	26.85	1	1	
4	191.32	161.00	13.98	146.41	177.93	0	
5	13.98	146.41	9.00	146.00	5.00	1	10	

11	11	0	0

11	12	199.324	10
1	240.00	165.00	239.65	164.85	0.38	1	11	
2	239.65	164.85	219.80	156.28	21.62	2	1	11	
3	219.80	156.28	209.27	151.73	11.47	1	1	
4	209.27	151.73	201.11	148.21	8.89	2	1	2	
5	201.11	148.21	169.40	134.52	34.55	1	2	
6	169.40	134.52	145.84	124.35	25.66	0	
7	145.84	124.35	110.95	109.29	38.00	1	9	
8	110.95	109.29	108.59	108.27	2.57	0	
9	108.59	108.27	63.43	88.77	49.19	1	6	
10	63.43	88.77	57.00	86.00	7.00	2	6	12	

11	13	197.408	7
1	240.00	165.00	239.58	164.43	0.71	1	11	
2	239.58	164.43	226.96	147.28	21.29	2	1	11	
3	226.96	147.28	226.68	146.89	0.48	1	1	
4	226.68	146.89	219.86	137.63	11.51	0	
5	219.86	137.63	195.11	104.00	41.75	1	2	
6	195.11	104.00	144.34	35.00	85.67	0	
7	144.34	35.00	123.00	6.00	36.00	1	13	

11	14	105.233	5
1	240.00	165.00	239.68	165.02	0.32	1	11	
2	239.68	165.02	218.05	166.46	21.68	2	1	11	
3	218.05	166.46	190.01	168.33	28.10	1	1	
4	190.01	168.33	144.98	171.33	45.13	0	
5	144.98	171.33	135.00	172.00	10.00	1	14	

11	15	214.255	9
1	240.00	165.00	239.61	164.61	0.55	1	11	
2	239.61	164.61	224.39	149.50	21.45	2	1	11	
3	224.39	149.50	219.22	144.36	7.29	1	1	
4	219.22	144.36	217.64	142.79	2.23	0	
5	217.64	142.79	182.06	107.45	50.14	1	2	
6	182.06	107.45	115.36	41.18	94.03	0	
7	115.36	41.18	103.39	29.29	16.87	1	13	
8	103.39	29.29	89.42	15.41	19.69	2	5	13	
9	89.42	15.41	88.00	14.00	2.00	3	5	13	15	

12	0	112.894	5
1	57.00	86.00	62.77	89.97	7.00	2	6	12	
2	62.77	89.97	97.14	113.62	41.73	1	6	
3	97.14	113.62	103.83	118.22	8.12	0	
4	103.83	118.22	139.40	142.71	43.19	1	9	
5	139.40	142.71	150.00	150.00	12.86	0	

12	1	178.474	8
1	57.00	86.00	63.20	89.26	7.00	2	6	12	
2	63.20	89.26	104.29	110.84	46.41	1	6	
3	104.29	110.84	107.45	112.50	3.58	0	
4	107.45	112.50	145.33	132.40	42.78	1	9	
5	145.33	132.40	177.69	149.40	36.56	0	
6	177.69	149.40	188.85	155.26	12.60	1	2	
7	188.85	155.26	192.87	157.37	4.54	0	
8	192.87	157.37	215.00	169.00	25.00	1	1	

12	2	144.845	6
1	57.00	86.00	63.67	88.13	7.00	2	6	12	
2	63.67	88.13	113.67	104.07	52.48	1	6	
3	113.67	104.07	118.66	105.66	5.23	0	
4	118.66	105.66	140.71	112.69	23.15	1	9	
5	140.71	112.69	170.23	122.10	30.98	0	
6	170.23	122.10	195.00	130.00	26.00	1	2	

12	3	113.318	6
1	57.00	86.00	57.10	85.95	0.11	2	6	12	
2	57.10	85.95	63.42	83.22	6.89	3	5	6	12	
3	63.42	83.22	89.24	72.05	28.13	2	5	6	
4	89.24	72.05	120.26	58.63	33.80	1	6	
5	120.26	58.63	152.74	44.57	35.39	0	
6	152.74	44.57	161.00	41.00	9.00	1	3	

12	4	106.075	4
1	57.00	86.00	57.26	93.00	7.00	1	6	
2	57.26	93.00	57.57	101.04	8.05	0	
3	57.57	101.04	60.40	176.01	75.03	0	
4	60.40	176.01	61.00	192.00	16.00	1	4	

12	5	49.041	4
1	57.00	86.00	57.00	85.96	0.04	2	6	12	
2	57.00	85.96	56.71	79.01	6.96	3	5	6	12	
3	56.71	79.01	55.75	55.38	23.65	2	5	6	
4	55.75	55.38	55.00	37.00	18.40	1	5	

12	6	31.321	4
1	57.00	86.00	57.16	85.95	0.17	2	6	12	
2	57.16	85.95	63.70	83.99	6.83	3	5	6	12	
3	63.70	83.99	80.14	79.06	17.16	2	5	6	
4	80.14	79.06	87.00	77.00	7.16	1	6	

12	7	133.929	4
1	57.00	86.00	58.88	92.74	7.00	2	6	12	
2	58.88	92.74	62.62	106.15	13.92	1	6	
3	62.62	106.15	91.92	211.15	109.01	0	
4	91.92	211.15	93.00	215.00	4.00	1	7	

12	8	264.307	12
1	57.00	86.00	63.28	89.10	7.00	2	6	12	
2	63.28	89.10	105.74	110.06	47.35	1	6	
3	105.74	110.06	108.48	111.41	3.05	0	
4	108.48	111.41	145.82	129.85	41.64	1	9	
5	145.82	129.85	172.49	143.01	29.75	0	
6	172.49	143.01	194.93	154.09	25.02	1	2	
7	194.93	154.09	198.35	155.78	3.82	2	1	2	
8	198.35	155.78	218.01	165.48	21.91	1	1	
9	218.01	165.48	239.04	175.87	23.46	2	1	11	
10	239.04	175.87	252.99	182.75	15.56	1	11	
11	252.99	182.75	292.21	202.11	43.73	0	
12	292.21	202.11	294.00	203.00	2.00	1	8	

12	9	78.549	4
1	57.00	86.00	62.97	89.65	7.00	2	6	12	
2	62.97	89.65	100.40	112.56	43.88	1	6	
3	100.40	112.56	105.23	115.52	5.67	0	
4	105.23	115.52	124.00	127.00	22.00	1	9	

12	10	76.837	4
1	57.00	86.00	52.63	91.47	7.00	2	6	12	
2	52.63	91.47	52.13	92.09	0.80	1	6	
3	52.13	92.09	12.12	142.10	64.03	0	
4	12.12	142.10	9.00	146.00	5.00	1	10	

12	11	199.324	10
1	57.00	86.00	63.43	88.77	7.00	2	6	12	
2	63.43	88.77	108.59	108.27	49.19	1	6	
3	108.59	108.27	110.95	109.29	2.57	0	
4	110.95	109.29	145.84	124.35	38.00	1	9	
5	145.84	124.35	169.40	134.52	25.66	0	
6	169.40	134.52	201.11	148.21	34.55	1	2	
7	201.11	148.21	209.27	151.73	8.89	2	1	2	
8	209.27	151.73	219.80	156.28	11.47	1	1	
9	219.80	156.28	239.65	164.85	21.62	2	1	11	
10	239.65	164.85	240.00	165.00	0.38	1	11	

12	12	0	0

12	13	103.711	6
1	57.00	86.00	57.03	85.96	0.05	2	6	12	
2	57.03	85.96	61.45	80.60	6.95	3	5	6	12	
3	61.45	80.60	95.06	39.87	52.81	2	5	6	
4	95.06	39.87	100.09	33.77	7.90	1	5	
5	100.09	33.77	103.45	29.69	5.28	2	5	13	
6	103.45	29.69	123.00	6.00	30.72	1	13	

12	14	116.103	4
1	57.00	86.00	61.70	91.19	7.00	2	6	12	
2	61.70	91.19	83.12	114.80	31.88	1	6	
3	83.12	114.80	128.28	164.59	67.22	0	
4	128.28	164.59	135.00	172.00	10.00	1	14	

12	15	78.390	6
1	57.00	86.00	57.02	85.96	0.05	2	6	12	
2	57.02	85.96	59.77	79.57	6.95	3	5	6	12	
3	59.77	79.57	76.61	40.45	42.60	2	5	6	
4	76.61	40.45	87.21	15.84	26.79	1	5	
5	87.21	15.84	87.93	14.15	1.84	2	5	15	
6	87.93	14.15	88.00	14.00	0.16	3	5	13	15	

13	0	146.509	4
1	123.00	6.00	129.63	41.38	36.00	1	13	
2	129.63	41.38	143.95	117.72	77.67	0	
3	143.95	117.72	145.95	128.42	10.89	1	9	
4	145.95	128.42	150.00	150.00	21.95	0	

13	1	187.171	5
1	123.00	6.00	140.69	37.35	36.00	1	13	
2	140.69	37.35	180.72	108.27	81.44	0	
3	180.72	108.27	202.71	147.23	44.74	1	2	
4	202.71	147.23	206.22	153.45	7.15	2	1	2	
5	206.22	153.45	215.00	169.00	17.85	1	1	

13	2	143.388	3
1	123.00	6.00	141.08	37.13	36.00	1	13	
2	141.08	37.13	181.94	107.52	81.39	0	
3	181.94	107.52	195.00	130.00	26.00	1	2	

13	3	51.662	3
1	123.00	6.00	149.48	30.39	36.00	1	13	
2	149.48	30.39	154.38	34.90	6.66	0	
3	154.38	34.90	161.00	41.00	9.00	1	3	

13	4	196.061	5
1	123.00	6.00	111.62	40.15	36.00	1	13	
2	111.62	40.15	109.53	46.40	6.59	0	
3	109.53	46.40	86.67	115.00	72.31	1	6	
4	86.67	115.00	66.06	176.82	65.17	0	
5	66.06	176.82	61.00	192.00	16.00	1	4	

13	5	74.733	3
1	123.00	6.00	99.59	16.67	25.73	1	13	
2	99.59	16.67	90.24	20.93	10.27	2	5	13	
3	90.24	20.93	55.00	37.00	38.73	1	5	

13	6	79.605	5
1	123.00	6.00	106.72	38.11	36.00	1	13	
2	106.72	38.11	104.18	43.11	5.61	0	
3	104.18	43.11	103.40	44.66	1.74	1	6	
4	103.40	44.66	89.78	71.51	30.11	2	5	6	
5	89.78	71.51	87.00	77.00	6.15	1	6	

13	7	211.142	7
1	123.00	6.00	117.89	41.63	36.00	1	13	
2	117.89	41.63	116.28	52.78	11.26	0	
3	116.28	52.78	108.29	108.48	56.26	1	6	
4	108.29	108.48	107.76	112.16	3.72	0	
5	107.76	112.16	104.24	136.68	24.77	1	9	
6	104.24	136.68	93.57	211.04	75.13	0	
7	93.57	211.04	93.00	215.00	4.00	1	7	

13	8	260.864	7
1	123.00	6.00	146.60	33.19	36.00	1	13	
2	146.60	33.19	152.12	39.55	8.42	0	
3	152.12	39.55	161.19	50.00	13.84	1	3	
4	161.19	50.00	242.00	143.09	123.27	0	
5	242.00	143.09	261.97	166.10	30.47	1	11	
6	261.97	166.10	292.69	201.49	46.86	0	
7	292.69	201.49	294.00	203.00	2.00	1	8	

13	9	121.004	5
1	123.00	6.00	123.30	42.00	36.00	1	13	
2	123.30	42.00	123.50	66.43	24.43	0	
3	123.50	66.43	123.67	86.97	20.55	0	
4	123.67	86.97	123.82	105.00	18.03	0	
5	123.82	105.00	124.00	127.00	22.00	1	9	

13	10	180.544	9
1	123.00	6.00	103.49	29.96	30.90	1	13	
2	103.49	29.96	100.27	33.92	5.10	2	5	13	
3	100.27	33.92	95.37	39.93	7.76	1	5	
4	95.37	39.93	61.92	81.02	52.98	2	5	6	
5	61.92	81.02	57.93	85.91	6.31	3	5	6	12	
6	57.93	85.91	53.12	91.82	7.62	2	6	12	
7	53.12	91.82	52.40	92.71	1.14	1	6	
8	52.40	92.71	12.16	142.12	63.73	0	
9	12.16	142.12	9.00	146.00	5.00	1	10	

13	11	197.408	7
1	123.00	6.00	144.34	35.00	36.00	1	13	
2	144.34	35.00	195.11	104.00	85.67	0	
3	195.11	104.00	219.86	137.63	41.75	1	2	
4	219.86	137.63	226.68	146.89	11.51	0	
5	226.68	146.89	226.96	147.28	0.48	1	1	
6	226.96	147.28	239.58	164.43	21.29	2	1	11	
7	239.58	164.43	240.00	165.00	0.71	1	11	

13	12	103.711	6
1	123.00	6.00	103.45	29.69	30.72	1	13	
2	103.45	29.69	100.09	33.77	5.28	2	5	13	
3	100.09	33.77	95.06	39.87	7.90	1	5	
4	95.06	39.87	61.45	80.60	52.81	2	5	6	
5	61.45	80.60	57.03	85.96	6.95	3	5	6	12	
6	57.03	85.96	57.00	86.00	0.05	2	6	12	

13	13	0	0

13	14	166.433	5
1	123.00	6.00	125.60	41.91	36.00	1	13	
2	125.60	41.91	130.22	105.90	64.16	0	
3	130.22	105.90	133.19	146.99	41.20	0	
4	133.19	146.99	134.28	162.03	15.08	0	
5	134.28	162.03	135.00	172.00	10.00	1	14	

13	15	35.903	3
1	123.00	6.00	97.10	11.92	26.57	1	13	
2	97.10	11.92	89.95	13.55	7.33	2	5	13	
3	89.95	13.55	88.00	14.00	2.00	3	5	13	15	

14	0	26.627	2
1	135.00	172.00	140.63	163.74	10.00	1	14	
2	140.63	163.74	150.00	150.00	16.63	0	

14	1	80.056	3
1	135.00	172.00	144.99	171.63	10.00	1	14	
2	144.99	171.63	190.02	169.94	45.06	0	
3	190.02	169.94	215.00	169.00	25.00	1	1	

14	2	73.239	3
1	135.00	172.00	143.19	166.27	10.00	1	14	
2	143.19	166.27	173.70	144.91	37.24	0	
3	173.70	144.91	195.00	130.00	26.00	1	2	

14	3	133.555	5
1	135.00	172.00	136.95	162.19	10.00	1	14	
2	136.95	162.19	141.21	140.70	21.91	0	
3	141.21	140.70	145.14	120.91	20.18	1	9	
4	145.14	120.91	159.25	49.83	72.47	0	
5	159.25	49.83	161.00	41.00	9.00	1	3	

14	4	76.655	3
1	135.00	172.00	125.35	174.61	10.00	1	14	
2	125.35	174.61	76.45	187.83	50.66	0	
3	76.45	187.83	61.00	192.00	16.00	1	4	

14	5	156.924	7
1	135.00	172.00	129.90	163.40	10.00	1	14	
2	129.90	163.40	121.27	148.83	16.93	0	
3	121.27	148.83	103.54	118.91	34.78	1	9	
4	103.54	118.91	99.89	112.75	7.17	0	
5	99.89	112.75	79.98	79.15	39.05	1	6	
6	79.98	79.15	61.83	48.53	35.60	2	5	6	
7	61.83	48.53	55.00	37.00	13.40	1	5	

14	6	106.438	5
1	135.00	172.00	130.49	163.07	10.00	1	14	
2	130.49	163.07	123.37	148.99	15.78	0	
3	123.37	148.99	105.93	114.46	38.69	1	9	
4	105.93	114.46	104.14	110.92	3.97	0	
5	104.14	110.92	87.00	77.00	38.00	1	6	

14	7	60.108	3
1	135.00	172.00	128.01	179.15	10.00	1	14	
2	128.01	179.15	95.80	212.14	46.11	0	
3	95.80	212.14	93.00	215.00	4.00	1	7	

14	8	161.994	5
1	135.00	172.00	144.82	173.91	10.00	1	14	
2	144.82	173.91	194.74	183.65	50.87	0	
3	194.74	183.65	228.27	190.19	34.16	1	1	
4	228.27	190.19	292.04	202.62	64.96	0	
5	292.04	202.62	294.00	203.00	2.00	1	8	

14	9	46.325	3
1	135.00	172.00	132.63	162.29	10.00	1	14	
2	132.63	162.29	129.22	148.37	14.32	0	
3	129.22	148.37	124.00	127.00	22.00	1	9	

14	10	128.655	3
1	135.00	172.00	125.21	169.98	10.00	1	14	
2	125.21	169.98	13.90	147.01	113.65	0	
3	13.90	147.01	9.00	146.00	5.00	1	10	

14	11	105.233	5
1	135.00	172.00	144.98	171.33	10.00	1	14	
2	144.98	171.33	190.01	168.33	45.13	0	
3	190.01	168.33	218.05	166.46	28.10	1	1	
4	218.05	166.46	239.68	165.02	21.68	2	1	11	
5	239.68	165.02	240.00	165.00	0.32	1	11	

14	12	116.103	4
1	135.00	172.00	128.28	164.59	10.00	1	14	
2	128.28	164.59	83.12	114.80	67.22	0	
3	83.12	114.80	61.70	91.19	31.88	1	6	
4	61.70	91.19	57.00	86.00	7.00	2	6	12	

14	13	166.433	5
1	135.00	172.00	134.28	162.03	10.00	1	14	
2	134.28	162.03	133.19	146.99	15.08	0	
3	133.19	146.99	130.22	105.90	41.20	0	
4	130.22	105.90	125.60	41.91	64.16	0	
5	125.60	41.91	123.00	6.00	36.00	1	13	

14	14	0	0

14	15	164.842	9
1	135.00	172.00	132.15	162.42	10.00	1	14	
2	132.15	162.42	128.05	148.62	14.39	0	
3	128.05	148.62	115.57	106.68	43.76	1	9	
4	115.57	106.68	114.53	103.19	3.64	0	
5	114.53	103.19	100.36	55.54	49.71	1	6	
6	100.36	55.54	95.74	40.02	16.19	1	6	
7	95.74	40.02	89.66	19.58	21.32	1	5	
8	89.66	19.58	88.57	15.92	3.82	2	5	13	
9	88.57	15.92	88.00	14.00	2.00	3	5	13	15	

15	0	149.466	8
1	88.00	14.00	88.83	15.82	2.00	3	5	13	15	
2	88.83	15.82	94.20	27.60	12.95	2	5	13	
3	94.20	27.60	100.53	41.49	15.27	1	5	
4	100.53	41.49	102.99	46.89	5.93	2	5	6	
5	102.99	46.89	122.68	90.07	47.46	1	6	
6	122.68	90.07	129.85	105.79	17.27	0	
7	129.85	105.79	143.84	136.50	33.75	1	9	
8	143.84	136.50	150.00	150.00	14.84	0	

15	1	200.385	7
1	88.00	14.00	89.27	15.55	2.00	3	5	13	15	
2	89.27	15.55	103.86	33.36	23.03	2	5	13	
3	103.86	33.36	108.41	38.91	7.17	1	13	
4	108.41	38.91	172.45	117.06	101.04	0	
5	172.45	117.06	199.16	149.66	42.14	1	2	
6	199.16	149.66	203.25	154.66	6.46	2	1	2	
7	203.25	154.66	215.00	169.00	18.54	1	1	

15	2	157.813	5
1	88.00	14.00	89.36	15.47	2.00	3	5	13	15	
2	89.36	15.47	103.62	30.94	21.04	2	5	13	
3	103.62	30.94	112.34	40.38	12.85	1	13	
4	112.34	40.38	177.37	110.89	95.92	0	
5	177.37	110.89	195.00	130.00	26.00	1	2	

15	3	77.833	5
1	88.00	14.00	89.88	14.69	2.00	3	5	13	15	
2	89.88	14.69	100.41	18.59	11.23	2	5	13	
3	100.41	18.59	144.48	34.89	46.99	1	13	
4	144.48	34.89	152.56	37.88	8.61	0	
5	152.56	37.88	161.00	41.00	9.00	1	3	

15	4	180.036	7
1	88.00	14.00	87.96	14.26	0.26	3	5	13	15	
2	87.96	14.26	87.70	15.98	1.74	2	5	15	
3	87.70	15.98	84.19	39.10	23.39	1	5	
4	84.19	39.10	77.94	80.30	41.66	2	5	6	
5	77.94	80.30	73.08	112.36	32.43	1	6	
6	73.08	112.36	63.40	176.18	64.55	0	
7	63.40	176.18	61.00	192.00	16.00	1	4	

15	5	40.224	3
1	88.00	14.00	87.91	14.06	0.10	3	5	13	15	
2	87.91	14.06	86.36	15.14	1.90	2	5	15	
3	86.36	15.14	55.00	37.00	38.22	1	5	

15	6	63.008	5
1	88.00	14.00	87.99	14.40	0.40	3	5	13	15	
2	87.99	14.40	87.97	16.00	1.60	2	5	15	
3	87.97	16.00	87.60	39.00	23.01	1	5	
4	87.60	39.00	87.05	74.07	35.07	1	6	
5	87.05	74.07	87.00	77.00	2.93	1	6	

15	7	201.062	7
1	88.00	14.00	88.01	14.47	0.47	3	5	13	15	
2	88.01	14.47	88.05	16.00	1.52	2	5	15	
3	88.05	16.00	88.62	39.04	23.05	1	5	
4	88.62	39.04	89.44	71.86	32.83	2	5	6	
5	89.44	71.86	90.51	114.84	43.00	1	6	
6	90.51	114.84	92.90	211.00	96.19	0	
7	92.90	211.00	93.00	215.00	4.00	1	7	

15	8	279.566	9
1	88.00	14.00	89.47	15.35	2.00	3	5	13	15	
2	89.47	15.35	103.15	27.90	18.56	2	5	13	
3	103.15	27.90	118.16	41.67	20.38	1	13	
4	118.16	41.67	187.35	105.15	93.89	0	
5	187.35	105.15	220.41	135.49	44.87	1	2	
6	220.41	135.49	230.80	145.02	14.09	0	
7	230.80	145.02	260.70	172.45	40.58	1	11	
8	260.70	172.45	292.53	201.65	43.19	0	
9	292.53	201.65	294.00	203.00	2.00	1	8	

15	9	118.596	7
1	88.00	14.00	88.61	15.91	2.00	3	5	13	15	
2	88.61	15.91	90.13	20.67	5.00	2	5	13	
3	90.13	20.67	96.34	40.16	20.46	1	5	
4	96.34	40.16	100.84	54.31	14.84	2	5	6	
5	100.84	54.31	115.92	101.65	49.68	1	6	
6	115.92	101.65	117.32	106.04	4.61	0	
7	117.32	106.04	124.00	127.00	22.00	1	9	

15	10	153.834	7
1	88.00	14.00	87.93	14.12	0.14	3	5	13	15	
2	87.93	14.12	86.97	15.72	1.86	2	5	15	
3	86.97	15.72	70.89	42.58	31.31	1	5	
4	70.89	42.58	49.06	79.07	42.52	2	5	6	
5	49.06	79.07	45.47	85.06	6.99	1	5	
6	45.47	85.06	11.57	141.71	66.02	0	
7	11.57	141.71	9.00	146.00	5.00	1	10	

15	11	214.255	9
1	88.00	14.00	89.42	15.41	2.00	3	5	13	15	
2	89.42	15.41	103.39	29.29	19.69	2	5	13	
3	103.39	29.29	115.36	41.18	16.87	1	13	
4	115.36	41.18	182.06	107.45	94.03	0	
5	182.06	107.45	217.64	142.79	50.14	1	2	
6	217.64	142.79	219.22	144.36	2.23	0	
7	219.22	144.36	224.39	149.50	7.29	1	1	
8	224.39	149.50	239.61	164.61	21.45	2	1	11	
9	239.61	164.61	240.00	165.00	0.55	1	11	

15	12	78.390	6
1	88.00	14.00	87.93	14.15	0.16	3	5	13	15	
2	87.93	14.15	87.21	15.84	1.84	2	5	15	
3	87.21	15.84	76.61	40.45	26.79	1	5	
4	76.61	40.45	59.77	79.57	42.60	2	5	6	
5	59.77	79.57	57.02	85.96	6.95	3	5	6	12	
6	57.02	85.96	57.00	86.00	0.05	2	6	12	

15	13	35.903	3
1	88.00	14.00	89.95	13.55	2.00	3	5	13	15	
2	89.95	13.55	97.10	11.92	7.33	2	5	13	
3	97.10	11.92	123.00	6.00	26.57	1	13	

15	14	164.842	9
1	88.00	14.00	88.57	15.92	2.00	3	5	13	15	
2	88.57	15.92	89.66	19.58	3.82	2	5	13	
3	89.66	19.58	95.74	40.02	21.32	1	5	
4	95.74	40.02	100.36	55.54	16.19	1	6	
5	100.36	55.54	114.53	103.19	49.71	1	6	
6	114.53	103.19	115.57	106.68	3.64	0	
7	115.57	106.68	128.05	148.62	43.76	1	9	
8	128.05	148.62	132.15	162.42	14.39	0	
9	132.15	162.42	135.00	172.00	10.00	1	14	

15	15	0	0