16	498	2	0.001	100.0
150.000	150.000	0.000	4.000	0.000
25.000	156.000	50.000	10.000	4.000
143.000	9.000	4.000	4.000	12.000
206.000	71.000	36.000	9.000	19.000
29.000	157.000	26.000	5.000	20.000
113.000	5.000	34.000	5.000	19.000
218.000	50.000	16.000	10.000	6.000
91.000	285.000	23.000	10.000	17.000
63.000	131.000	46.000	3.000	9.000
287.000	96.000	12.000	7.000	3.000
157.000	217.000	44.000	5.000	17.000
288.000	179.000	45.000	5.000	10.000
36.000	21.000	39.000	3.000	11.000
26.000	123.000	11.000	7.000	17.000
225.000	27.000	2.000	7.000	18.000
12.000	125.000	16.000	7.000	16.000

0	0	0	0

0	1	125.144	4
1	150.00	150.00	103.81	152.22	46.24	0	
2	103.81	152.22	74.94	153.60	28.91	1	8	
3	74.94	153.60	54.89	154.57	20.08	2	1	8	
4	54.89	154.57	25.00	156.00	29.92	3	1	4	8	

0	2	141.174	3
1	150.00	150.00	143.54	19.94	130.22	0	
2	143.54	19.94	143.20	12.99	6.95	1	5	
3	143.20	12.99	143.00	9.00	4.00	2	2	5	

0	3	96.835	2
1	150.00	150.00	185.18	100.37	60.83	0	
2	185.18	100.37	206.00	71.00	36.00	1	3	

0	4	121.202	4
1	150.00	150.00	103.57	152.69	46.51	0	
2	103.57	152.69	74.97	154.34	28.64	1	8	
3	74.97	154.34	54.96	155.50	20.05	2	1	8	
4	54.96	155.50	29.00	157.00	26.00	3	1	4	8	

0	5	149.646	2
1	150.00	150.00	121.41	37.94	115.65	0	
2	121.41	37.94	113.00	5.00	34.00	1	5	

0	6	120.930	3
1	150.00	150.00	184.23	99.67	60.87	0	
2	184.23	99.67	209.00	63.23	44.06	1	3	
3	209.00	63.23	218.00	50.00	16.00	2	3	6	

0	7	147.330	4
1	150.00	150.00	138.08	177.28	29.77	0	
2	138.08	177.28	114.99	230.10	57.65	1	10	
3	114.99	230.10	100.21	263.92	36.92	0	
4	100.21	263.92	91.00	285.00	23.00	1	7	

0	8	89.051	3
1	150.00	150.00	107.94	140.81	43.05	0	
2	107.94	140.81	69.04	132.32	39.82	1	8	
3	69.04	132.32	63.00	131.00	6.18	2	1	8	

0	9	147.258	2
1	150.00	150.00	275.84	100.40	135.26	0	
2	275.84	100.40	287.00	96.00	12.00	1	9	

0	10	67.365	2
1	150.00	150.00	152.43	173.24	23.36	0	
2	152.43	173.24	157.00	217.00	44.00	1	10	

0	11	141.014	2
1	150.00	150.00	243.96	169.75	96.01	0	
2	243.96	169.75	288.00	179.00	45.00	1	11	

0	12	172.154	2
1	150.00	150.00	61.83	50.22	133.15	0	
2	61.83	50.22	36.00	21.00	39.00	1	12	

0	13	126.905	5
1	150.00	150.00	107.94	140.84	43.05	0	
2	107.94	140.84	69.07	132.38	39.78	1	8	
3	69.07	132.38	36.75	125.34	33.08	2	1	8	
4	36.75	125.34	27.92	123.42	9.03	3	1	8	13	
5	27.92	123.42	26.00	123.00	1.97	4	1	8	13	15	

0	14	144.062	6
1	150.00	150.00	181.88	97.72	61.23	0	
2	181.88	97.72	205.16	59.54	44.72	1	3	
3	205.16	59.54	218.71	37.32	26.03	2	3	6	
4	218.71	37.32	220.60	34.21	3.64	1	6	
5	220.60	34.21	223.96	28.71	6.45	0	
6	223.96	28.71	225.00	27.00	2.00	1	14	

0	15	140.246	7
1	150.00	150.00	107.59	142.32	43.10	0	
2	107.59	142.32	70.66	135.63	37.53	1	8	
3	70.66	135.63	35.10	129.18	36.14	2	1	8	
4	35.10	129.18	27.74	127.85	7.47	3	1	8	13	
5	27.74	127.85	17.28	125.96	10.64	4	1	8	13	15	
6	17.28	125.96	15.31	125.60	2.00	3	1	13	15	
7	15.31	125.60	12.00	125.00	3.37	2	1	15	

1	0	125.144	4
1	25.00	156.00	54.89	154.57	29.92	3	1	4	8	
2	54.89	154.57	74.94	153.60	20.08	2	1	8	
3	74.94	153.60	103.81	152.22	28.91	1	8	
4	103.81	152.22	150.00	150.00	46.24	0	

1	1	0	0

1	2	188.502	6
1	25.00	156.00	42.19	134.59	27.45	3	1	4	8	
2	42.19	134.59	56.30	117.01	22.55	2	1	8	
3	56.30	117.01	79.53	88.07	37.11	1	8	
4	79.53	88.07	119.41	38.39	63.71	0	
5	119.41	38.39	140.50	12.12	33.69	1	5	
6	140.50	12.12	143.00	9.00	4.00	2	2	5	

1	3	199.965	5
1	25.00	156.00	51.31	143.65	29.06	3	1	4	8	
2	51.31	143.65	70.26	134.75	20.94	2	1	8	
3	70.26	134.75	106.98	117.50	40.56	1	8	
4	106.98	117.50	173.41	86.30	73.40	0	
5	173.41	86.30	206.00	71.00	36.00	1	3	

1	4	4.123	1
1	25.00	156.00	29.00	157.00	4.12	3	1	4	8	

1	5	174.771	5
1	25.00	156.00	38.52	132.80	26.85	3	1	4	8	
2	38.52	132.80	50.18	112.80	23.15	2	1	8	
3	50.18	112.80	66.31	85.12	32.04	1	8	
4	66.31	85.12	95.88	34.38	58.73	0	
5	95.88	34.38	113.00	5.00	34.00	1	5	

1	6	220.193	6
1	25.00	156.00	50.31	142.10	28.87	3	1	4	8	
2	50.31	142.10	68.83	131.93	21.13	2	1	8	
3	68.83	131.93	104.94	112.10	41.20	1	8	
4	104.94	112.10	170.37	76.16	74.65	0	
5	170.37	76.16	203.98	57.70	38.34	1	3	
6	203.98	57.70	218.00	50.00	16.00	2	3	6	

1	7	144.903	5
1	25.00	156.00	26.60	159.12	3.51	3	1	4	8	
2	26.60	159.12	37.99	181.40	25.02	2	1	4	
3	37.99	181.40	47.77	200.51	21.47	1	1	
4	47.77	200.51	80.52	264.52	71.90	0	
5	80.52	264.52	91.00	285.00	23.00	1	7	

1	8	45.486	2
1	25.00	156.00	48.91	140.27	28.61	3	1	4	8	
2	48.91	140.27	63.00	131.00	16.87	2	1	8	

1	9	268.782	5
1	25.00	156.00	53.86	149.39	29.61	3	1	4	8	
2	53.86	149.39	73.74	144.84	20.39	2	1	8	
3	73.74	144.84	108.63	136.85	35.79	1	8	
4	108.63	136.85	275.30	98.68	170.99	0	
5	275.30	98.68	287.00	96.00	12.00	1	9	

1	10	145.413	5
1	25.00	156.00	52.27	168.60	30.04	3	1	4	8	
2	52.27	168.60	69.46	176.54	18.94	2	1	8	
3	69.46	176.54	70.39	176.97	1.03	1	1	
4	70.39	176.97	117.06	198.54	51.41	0	
5	117.06	198.54	157.00	217.00	44.00	1	10	

1	11	264.004	5
1	25.00	156.00	54.95	158.62	30.06	3	1	4	8	
2	54.95	158.62	74.81	160.36	19.94	2	1	8	
3	74.81	160.36	96.73	162.27	22.01	1	8	
4	96.73	162.27	243.17	175.08	147.00	0	
5	243.17	175.08	288.00	179.00	45.00	1	11	

1	12	135.447	9
1	25.00	156.00	26.79	133.97	22.10	3	1	4	8	
2	26.79	133.97	27.03	131.07	2.91	2	1	8	
3	27.03	131.07	27.09	130.31	0.77	3	1	8	13	
4	27.09	130.31	27.75	122.20	8.13	4	1	8	13	15	
5	27.75	122.20	28.56	112.30	9.93	2	1	8	
6	28.56	112.30	29.06	106.17	6.16	2	1	8	
7	29.06	106.17	29.62	99.35	6.83	1	8	
8	29.62	99.35	32.83	59.87	39.61	0	
9	32.83	59.87	36.00	21.00	39.00	0	

1	13	33.015	4
1	25.00	156.00	25.67	134.00	22.01	3	1	4	8	
2	25.67	134.00	25.69	133.28	0.71	3	1	4	8	
3	25.69	133.28	25.75	131.20	2.08	5	1	4	8	13	15	
4	25.75	131.20	26.00	123.00	8.21	4	1	8	13	15	

1	14	237.994	9
1	25.00	156.00	49.07	140.47	28.64	3	1	4	8	
2	49.07	140.47	67.02	128.90	21.36	2	1	8	
3	67.02	128.90	101.88	106.41	41.48	1	8	
4	101.88	106.41	171.23	61.68	82.52	0	
5	171.23	61.68	206.36	39.02	41.81	1	3	
6	206.36	39.02	211.85	35.48	6.54	2	3	6	
7	211.85	35.48	212.80	34.87	1.13	1	6	
8	212.80	34.87	223.32	28.08	12.52	0	
9	223.32	28.08	225.00	27.00	2.00	1	14	

1	15	33.615	4
1	25.00	156.00	18.19	139.75	17.62	3	1	4	8	
2	18.19	139.75	17.59	138.32	1.55	4	1	4	8	15	
3	17.59	138.32	15.98	134.49	4.15	3	1	4	15	
4	15.98	134.49	12.00	125.00	10.30	2	1	15	

2	0	141.174	3
1	143.00	9.00	143.20	12.99	4.00	2	2	5	
2	143.20	12.99	143.54	19.94	6.95	1	5	
3	143.54	19.94	150.00	150.00	130.22	0	

2	1	188.502	6
1	143.00	9.00	140.50	12.12	4.00	2	2	5	
2	140.50	12.12	119.41	38.39	33.69	1	5	
3	119.41	38.39	79.53	88.07	63.71	0	
4	79.53	88.07	56.30	117.01	37.11	1	8	
5	56.30	117.01	42.19	134.59	22.55	2	1	8	
6	42.19	134.59	25.00	156.00	27.45	3	1	4	8	

2	2	0	0

2	3	88.391	4
1	143.00	9.00	145.85	11.81	4.00	2	2	5	
2	145.85	11.81	146.23	12.18	0.54	1	5	
3	146.23	12.18	180.34	45.75	47.86	0	
4	180.34	45.75	206.00	71.00	36.00	1	3	

2	4	186.815	6
1	143.00	9.00	140.56	12.17	4.00	2	2	5	
2	140.56	12.17	120.54	38.15	32.80	1	5	
3	120.54	38.15	81.48	88.87	64.02	0	
4	81.48	88.87	58.42	118.81	37.79	1	8	
5	58.42	118.81	44.87	136.40	22.21	2	1	8	
6	44.87	136.40	29.00	157.00	26.00	3	1	4	8	

2	5	30.265	2
1	143.00	9.00	139.04	8.47	4.00	2	2	5	
2	139.04	8.47	113.00	5.00	26.27	1	5	

2	6	85.475	5
1	143.00	9.00	146.48	10.90	3.97	2	2	5	
2	146.48	10.90	146.51	10.92	0.03	1	2	
3	146.51	10.92	194.20	36.99	54.35	0	
4	194.20	36.99	203.96	42.33	11.12	1	3	
5	203.96	42.33	218.00	50.00	16.00	2	3	6	

2	7	280.856	4
1	143.00	9.00	142.26	12.93	4.00	2	2	5	
2	142.26	12.93	139.82	25.90	13.20	1	5	
3	139.82	25.90	95.26	262.40	240.66	0	
4	95.26	262.40	91.00	285.00	23.00	1	7	

2	8	145.890	5
1	143.00	9.00	140.81	12.34	4.00	2	2	5	
2	140.81	12.34	124.69	36.93	29.40	1	5	
3	124.69	36.93	88.22	92.53	66.49	0	
4	88.22	92.53	65.67	126.92	41.12	1	8	
5	65.67	126.92	63.00	131.00	4.88	2	1	8	

2	9	168.241	8
1	143.00	9.00	146.42	11.07	4.00	2	2	5	
2	146.42	11.07	146.45	11.09	0.03	1	5	
3	146.45	11.09	191.26	38.16	52.35	0	
4	191.26	38.16	202.77	45.11	13.44	1	3	
5	202.77	45.11	229.42	61.21	31.14	2	3	6	
6	229.42	61.21	241.93	68.77	14.62	1	3	
7	241.93	68.77	276.73	89.79	40.66	0	
8	276.73	89.79	287.00	96.00	12.00	1	9	

2	10	208.471	4
1	143.00	9.00	143.27	12.99	4.00	2	2	5	
2	143.27	12.99	143.71	19.59	6.61	1	5	
3	143.71	19.59	154.05	173.10	153.86	0	
4	154.05	173.10	157.00	217.00	44.00	0	

2	11	223.439	6
1	143.00	9.00	145.60	12.04	4.00	2	2	5	
2	145.60	12.04	146.12	12.66	0.82	1	5	
3	146.12	12.66	177.32	49.24	48.07	0	
4	177.32	49.24	222.97	102.75	70.33	1	3	
5	222.97	102.75	258.80	144.76	55.22	0	
6	258.80	144.76	288.00	179.00	45.00	1	11	

2	12	107.671	4
1	143.00	9.00	139.02	9.45	4.00	2	2	5	
2	139.02	9.45	80.82	15.97	58.57	1	5	
3	80.82	15.97	74.76	16.65	6.10	0	
4	74.76	16.65	36.00	21.00	39.00	1	12	

2	13	163.355	7
1	143.00	9.00	140.14	11.79	4.00	2	2	5	
2	140.14	11.79	112.22	38.99	38.98	1	5	
3	112.22	38.99	64.96	85.04	65.99	0	
4	64.96	85.04	40.81	108.57	33.71	1	8	
5	40.81	108.57	33.88	115.32	9.68	2	1	8	
6	33.88	115.32	27.60	121.44	8.77	3	1	8	13	
7	27.60	121.44	26.00	123.00	2.23	4	1	8	13	15	

2	14	83.952	4
1	143.00	9.00	146.66	9.80	3.75	2	2	5	
2	146.66	9.80	146.91	9.86	0.25	1	2	
3	146.91	9.86	223.05	26.57	77.95	0	
4	223.05	26.57	225.00	27.00	2.00	1	14	

2	15	174.977	9
1	143.00	9.00	140.01	11.65	4.00	2	2	5	
2	140.01	11.65	109.34	38.80	40.96	1	5	
3	109.34	38.80	56.68	85.44	70.34	0	
4	56.68	85.44	32.77	106.61	31.94	1	8	
5	32.77	106.61	26.66	112.02	8.16	2	1	8	
6	26.66	112.02	23.98	114.39	3.58	3	1	8	13	
7	23.98	114.39	18.54	119.21	7.27	4	1	8	13	15	
8	18.54	119.21	15.02	122.33	4.70	3	1	13	15	
9	15.02	122.33	12.00	125.00	4.03	2	1	15	

3	0	96.835	2
1	206.00	71.00	185.18	100.37	36.00	1	3	
2	185.18	100.37	150.00	150.00	60.83	0	

3	1	199.965	5
1	206.00	71.00	173.41	86.30	36.00	1	3	
2	173.41	86.30	106.98	117.50	73.40	0	
3	106.98	117.50	70.26	134.75	40.56	1	8	
4	70.26	134.75	51.31	143.65	20.94	2	1	8	
5	51.31	143.65	25.00	156.00	29.06	3	1	4	8	

3	2	88.391	4
1	206.00	71.00	180.34	45.75	36.00	1	3	
2	180.34	45.75	146.23	12.18	47.86	0	
3	146.23	12.18	145.85	11.81	0.54	1	5	
4	145.85	11.81	143.00	9.00	4.00	2	2	5	

3	3	0	0

3	4	196.787	5
1	206.00	71.00	173.62	86.73	36.00	1	3	
2	173.62	86.73	107.38	118.92	73.64	0	
3	107.38	118.92	71.07	136.56	40.38	1	8	
4	71.07	136.56	52.39	145.64	20.77	2	1	8	
5	52.39	145.64	29.00	157.00	26.00	3	1	4	8	

3	5	114.039	3
1	206.00	71.00	176.64	50.17	36.00	1	3	
2	176.64	50.17	140.73	24.68	44.04	0	
3	140.73	24.68	113.00	5.00	34.00	1	5	

3	6	24.187	2
1	206.00	71.00	210.06	63.89	8.19	1	3	
2	210.06	63.89	218.00	50.00	16.00	2	3	6	

3	7	242.942	5
1	206.00	71.00	188.96	102.71	36.00	1	3	
2	188.96	102.71	150.96	173.42	80.27	0	
3	150.96	173.42	117.32	236.02	71.07	1	10	
4	117.32	236.02	101.89	264.74	32.61	0	
5	101.89	264.74	91.00	285.00	23.00	1	7	

3	8	155.077	4
1	206.00	71.00	172.80	84.93	36.00	1	3	
2	172.80	84.93	105.42	113.20	73.08	0	
3	105.42	113.20	67.23	129.23	41.42	1	8	
4	67.23	129.23	63.00	131.00	4.58	2	1	8	

3	9	84.770	3
1	206.00	71.00	240.40	81.62	36.00	1	3	
2	240.40	81.62	275.53	92.46	36.77	0	
3	275.53	92.46	287.00	96.00	12.00	1	9	

3	10	154.003	3
1	206.00	71.00	194.55	105.13	36.00	1	3	
2	194.55	105.13	171.00	175.29	74.00	0	
3	171.00	175.29	157.00	217.00	44.00	1	10	

3	11	135.602	3
1	206.00	71.00	227.77	99.67	36.00	1	3	
2	227.77	99.67	260.79	143.16	54.60	0	
3	260.79	143.16	288.00	179.00	45.00	1	11	

3	12	177.200	3
1	206.00	71.00	171.46	60.84	36.00	1	3	
2	171.46	60.84	73.42	32.00	102.20	0	
3	73.42	32.00	36.00	21.00	39.00	1	12	

3	13	187.361	6
1	206.00	71.00	171.41	80.99	36.00	1	3	
2	171.41	80.99	98.70	102.00	75.68	0	
3	98.70	102.00	53.64	115.02	46.91	1	8	
4	53.64	115.02	36.57	119.95	17.77	2	1	8	
5	36.57	119.95	27.80	122.48	9.13	3	1	8	13	
6	27.80	122.48	26.00	123.00	1.87	4	1	8	13	15	

3	14	47.927	5
1	206.00	71.00	209.28	63.41	8.26	1	3	
2	209.28	63.41	220.27	37.95	27.74	2	3	6	
3	220.27	37.95	221.78	34.45	3.81	1	6	
4	221.78	34.45	224.21	28.84	6.12	0	
5	224.21	28.84	225.00	27.00	2.00	1	14	

3	15	201.375	8
1	206.00	71.00	171.32	80.65	36.00	1	3	
2	171.32	80.65	97.94	101.08	76.17	0	
3	97.94	101.08	51.94	113.88	47.74	1	8	
4	51.94	113.88	35.96	118.33	16.59	2	1	8	
5	35.96	118.33	27.41	120.71	8.87	3	1	8	13	
6	27.41	120.71	17.63	123.43	10.16	4	1	8	13	15	
7	17.63	123.43	15.06	124.15	2.66	3	1	13	15	
8	15.06	124.15	12.00	125.00	3.18	2	1	15	

4	0	121.202	4
1	29.00	157.00	54.96	155.50	26.00	3	1	4	8	
2	54.96	155.50	74.97	154.34	20.05	2	1	8	
3	74.97	154.34	103.57	152.69	28.64	1	8	
4	103.57	152.69	150.00	150.00	46.51	0	

4	1	4.123	1
1	29.00	157.00	25.00	156.00	4.12	3	1	4	8	

4	2	186.815	6
1	29.00	157.00	44.87	136.40	26.00	3	1	4	8	
2	44.87	136.40	58.42	118.81	22.21	2	1	8	
3	58.42	118.81	81.48	88.87	37.79	1	8	
4	81.48	88.87	120.54	38.15	64.02	0	
5	120.54	38.15	140.56	12.17	32.80	1	5	
6	140.56	12.17	143.00	9.00	4.00	2	2	5	

4	3	196.787	5
1	29.00	157.00	52.39	145.64	26.00	3	1	4	8	
2	52.39	145.64	71.07	136.56	20.77	2	1	8	
3	71.07	136.56	107.38	118.92	40.38	1	8	
4	107.38	118.92	173.62	86.73	73.64	0	
5	173.62	86.73	206.00	71.00	36.00	1	3	

4	4	0	0

4	5	173.666	5
1	29.00	157.00	41.58	134.24	26.00	3	1	4	8	
2	41.58	134.24	52.59	114.30	22.78	2	1	8	
3	52.59	114.30	68.60	85.34	33.09	1	8	
4	68.60	85.34	96.55	34.76	57.79	0	
5	96.55	34.76	113.00	5.00	34.00	1	5	

4	6	217.187	6
1	29.00	157.00	51.63	144.19	26.00	3	1	4	8	
2	51.63	144.19	69.84	133.88	20.93	2	1	8	
3	69.84	133.88	105.60	113.64	41.09	1	8	
4	105.60	113.64	170.49	76.90	74.57	0	
5	170.49	76.90	204.08	57.88	38.60	1	3	
6	204.08	57.88	218.00	50.00	16.00	2	3	6	

4	7	142.225	5
1	29.00	157.00	33.50	166.30	10.33	3	1	4	8	
2	33.50	166.30	40.33	180.40	15.67	2	1	4	
3	40.33	180.40	49.60	199.53	21.26	1	1	
4	49.60	199.53	80.97	264.30	71.97	0	
5	80.97	264.30	91.00	285.00	23.00	1	7	

4	8	42.802	2
1	29.00	157.00	49.65	141.21	26.00	3	1	4	8	
2	49.65	141.21	63.00	131.00	16.80	2	1	8	

4	9	265.113	5
1	29.00	157.00	54.30	151.02	26.00	3	1	4	8	
2	54.30	151.02	74.06	146.35	20.30	2	1	8	
3	74.06	146.35	108.43	138.22	35.32	1	8	
4	108.43	138.22	275.32	98.76	171.49	0	
5	275.32	98.76	287.00	96.00	12.00	1	9	

4	10	141.365	5
1	29.00	157.00	52.54	168.04	26.00	3	1	4	8	
2	52.54	168.04	70.39	176.40	19.71	2	1	8	
3	70.39	176.40	70.60	176.50	0.23	1	1	
4	70.60	176.50	117.16	198.32	51.42	0	
5	117.16	198.32	157.00	217.00	44.00	1	10	

4	11	259.933	5
1	29.00	157.00	54.91	159.20	26.00	3	1	4	8	
2	54.91	159.20	74.76	160.89	19.93	2	1	8	
3	74.76	160.89	96.32	162.72	21.63	1	8	
4	96.32	162.72	243.16	175.19	147.37	0	
5	243.16	175.19	288.00	179.00	45.00	1	11	

4	12	136.180	7
1	29.00	157.00	30.23	133.16	23.88	3	1	4	8	
2	30.23	133.16	30.34	131.03	2.12	3	1	8	13	
3	30.34	131.03	31.25	113.33	17.72	3	1	8	13	
4	31.25	113.33	31.60	106.44	6.90	1	8	
5	31.60	106.44	32.09	96.93	9.52	0	
6	32.09	96.93	34.00	59.95	37.03	0	
7	34.00	59.95	36.00	21.00	39.00	1	12	

4	13	34.132	4
1	29.00	157.00	26.97	133.96	23.13	3	1	4	8	
2	26.97	133.96	26.73	131.25	2.72	4	1	4	8	13	
3	26.73	131.25	26.71	131.10	0.15	5	1	4	8	13	15	
4	26.71	131.10	26.00	123.00	8.13	4	1	8	13	15	

4	14	235.194	9
1	29.00	157.00	50.67	142.63	26.00	3	1	4	8	
2	50.67	142.63	68.27	130.95	21.13	2	1	8	
3	68.27	130.95	102.85	108.02	41.49	1	8	
4	102.85	108.02	170.93	62.86	81.70	0	
5	170.93	62.86	205.64	39.84	41.65	1	3	
6	205.64	39.84	212.14	35.53	7.81	2	3	6	
7	212.14	35.53	213.45	34.66	1.57	1	6	
8	213.45	34.66	223.33	28.11	11.86	0	
9	223.33	28.11	225.00	27.00	2.00	1	14	

4	15	36.235	4
1	29.00	157.00	19.51	139.13	20.24	3	1	4	8	
2	19.51	139.13	17.15	134.69	5.03	4	1	4	8	15	
3	17.15	134.69	16.80	134.04	0.74	3	1	4	15	
4	16.80	134.04	12.00	125.00	10.24	2	1	15	

5	0	149.646	2
1	113.00	5.00	121.41	37.94	34.00	1	5	
2	121.41	37.94	150.00	150.00	115.65	0	

5	1	174.771	5
1	113.00	5.00	95.88	34.38	34.00	1	5	
2	95.88	34.38	66.31	85.12	58.73	0	
3	66.31	85.12	50.18	112.80	32.04	1	8	
4	50.18	112.80	38.52	132.80	23.15	2	1	8	
5	38.52	132.80	25.00	156.00	26.85	3	1	4	8	

5	2	30.265	2
1	113.00	5.00	139.04	8.47	26.27	1	5	
2	139.04	8.47	143.00	9.00	4.00	2	2	5	

5	3	114.039	3
1	113.00	5.00	140.73	24.68	34.00	1	5	
2	140.73	24.68	176.64	50.17	44.04	0	
3	176.64	50.17	206.00	71.00	36.00	1	3	

5	4	173.666	5
1	113.00	5.00	96.55	34.76	34.00	1	5	
2	96.55	34.76	68.60	85.34	57.79	0	
3	68.60	85.34	52.59	114.30	33.09	1	8	
4	52.59	114.30	41.58	134.24	22.78	2	1	8	
5	41.58	134.24	29.00	157.00	26.00	3	1	4	8	

5	5	0	0

5	6	114.237	4
1	113.00	5.00	144.25	18.39	34.00	1	5	
2	144.25	18.39	190.83	38.35	50.67	0	
3	190.83	38.35	203.29	43.70	13.56	1	3	
4	203.29	43.70	218.00	50.00	16.00	2	3	6	

5	7	280.863	5
1	113.00	5.00	110.34	38.90	34.00	1	5	
2	110.34	38.90	104.64	111.44	72.77	0	
3	104.64	111.44	101.07	156.82	45.51	0	
4	101.07	156.82	92.80	262.07	105.58	0	
5	92.80	262.07	91.00	285.00	23.00	1	7	

5	8	135.558	4
1	113.00	5.00	100.46	36.60	34.00	1	5	
2	100.46	36.60	79.97	88.24	55.56	0	
3	79.97	88.24	64.99	125.99	40.61	1	8	
4	64.99	125.99	63.00	131.00	5.39	2	1	8	

5	9	196.359	7
1	113.00	5.00	143.13	20.76	34.00	1	5	
2	143.13	20.76	184.29	42.28	46.45	0	
3	184.29	42.28	202.08	51.59	20.08	1	3	
4	202.08	51.59	225.78	63.98	26.75	2	3	6	
5	225.78	63.98	241.97	72.45	18.27	1	3	
6	241.97	72.45	276.37	90.44	38.82	0	
7	276.37	90.44	287.00	96.00	12.00	1	9	

5	10	216.518	3
1	113.00	5.00	119.91	38.29	34.00	0	
2	119.91	38.29	148.06	173.92	138.52	0	
3	148.06	173.92	157.00	217.00	44.00	1	10	

5	11	246.781	5
1	113.00	5.00	137.11	28.97	34.00	1	5	
2	137.11	28.97	170.98	62.65	47.76	0	
3	170.98	62.65	214.55	105.97	61.44	1	3	
4	214.55	105.97	256.09	147.27	58.58	0	
5	256.09	147.27	288.00	179.00	45.00	1	11	

5	12	78.645	3
1	113.00	5.00	79.71	11.92	34.00	1	5	
2	79.71	11.92	74.18	13.07	5.64	0	
3	74.18	13.07	36.00	21.00	39.00	1	12	

5	13	146.605	6
1	113.00	5.00	92.82	32.37	34.00	1	5	
2	92.82	32.37	53.25	86.05	66.69	0	
3	53.25	86.05	37.39	107.56	26.73	1	8	
4	37.39	107.56	32.53	114.15	8.19	2	1	8	
5	32.53	114.15	27.49	120.98	8.49	3	1	8	13	
6	27.49	120.98	26.00	123.00	2.51	4	1	8	13	15	

5	14	114.140	5
1	113.00	5.00	139.17	10.14	26.67	1	5	
2	139.17	10.14	146.12	11.51	7.09	2	2	5	
3	146.12	11.51	146.36	11.55	0.25	1	5	
4	146.36	11.55	223.04	26.61	78.14	0	
5	223.04	26.61	225.00	27.00	2.00	1	14	

5	15	156.847	8
1	113.00	5.00	91.11	31.01	34.00	1	5	
2	91.11	31.01	40.91	90.65	77.95	0	
3	40.91	90.65	27.92	106.09	20.17	1	8	
4	27.92	106.09	22.44	112.59	8.50	2	1	8	
5	22.44	112.59	22.30	112.76	0.22	3	1	8	13	
6	22.30	112.76	19.47	116.12	4.40	4	1	8	13	15	
7	19.47	116.12	15.14	121.27	6.73	3	1	13	15	
8	15.14	121.27	12.00	125.00	4.87	2	1	15	

6	0	120.930	3
1	218.00	50.00	209.00	63.23	16.00	2	3	6	
2	209.00	63.23	184.23	99.67	44.06	1	3	
3	184.23	99.67	150.00	150.00	60.87	0	

6	1	220.193	6
1	218.00	50.00	203.98	57.70	16.00	2	3	6	
2	203.98	57.70	170.37	76.16	38.34	1	3	
3	170.37	76.16	104.94	112.10	74.65	0	
4	104.94	112.10	68.83	131.93	41.20	1	8	
5	68.83	131.93	50.31	142.10	21.13	2	1	8	
6	50.31	142.10	25.00	156.00	28.87	3	1	4	8	

6	2	85.475	5
1	218.00	50.00	203.96	42.33	16.00	2	3	6	
2	203.96	42.33	194.20	36.99	11.12	1	3	
3	194.20	36.99	146.51	10.92	54.35	0	
4	146.51	10.92	146.48	10.90	0.03	1	2	
5	146.48	10.90	143.00	9.00	3.97	2	2	5	

6	3	24.187	2
1	218.00	50.00	210.06	63.89	16.00	2	3	6	
2	210.06	63.89	206.00	71.00	8.19	1	3	

6	4	217.187	6
1	218.00	50.00	204.08	57.88	16.00	2	3	6	
2	204.08	57.88	170.49	76.90	38.60	1	3	
3	170.49	76.90	105.60	113.64	74.57	0	
4	105.60	113.64	69.84	133.88	41.09	1	8	
5	69.84	133.88	51.63	144.19	20.93	2	1	8	
6	51.63	144.19	29.00	157.00	26.00	3	1	4	8	

6	5	114.237	4
1	218.00	50.00	203.29	43.70	16.00	2	3	6	
2	203.29	43.70	190.83	38.35	13.56	1	3	
3	190.83	38.35	144.25	18.39	50.67	0	
4	144.25	18.39	113.00	5.00	34.00	1	5	

6	6	0	0

6	7	267.122	6
1	218.00	50.00	210.39	64.08	16.00	2	3	6	
2	210.39	64.08	189.39	102.94	44.18	1	3	
3	189.39	102.94	151.33	173.37	80.05	0	
4	151.33	173.37	117.39	236.16	71.38	1	10	
5	117.39	236.16	101.94	264.77	32.51	0	
6	101.94	264.77	91.00	285.00	23.00	1	7	

6	8	174.889	5
1	218.00	50.00	203.82	57.41	16.00	2	3	6	
2	203.82	57.41	170.22	74.97	37.91	1	3	
3	170.22	74.97	103.77	109.69	74.98	0	
4	103.77	109.69	67.02	128.90	41.47	1	8	
5	67.02	128.90	63.00	131.00	4.53	2	1	8	

6	9	82.928	4
1	218.00	50.00	231.31	58.88	16.00	2	3	6	
2	231.31	58.88	241.61	65.74	12.38	1	3	
3	241.61	65.74	277.02	89.34	42.55	0	
4	277.02	89.34	287.00	96.00	12.00	1	9	

6	10	177.792	4
1	218.00	50.00	212.51	65.03	16.00	2	3	6	
2	212.51	65.03	197.55	105.99	43.61	1	3	
3	197.55	105.99	172.10	175.67	74.18	0	
4	172.10	175.67	157.00	217.00	44.00	1	10	

6	11	146.769	4
1	218.00	50.00	225.63	64.06	16.00	2	3	6	
2	225.63	64.06	238.17	87.16	26.28	1	3	
3	238.17	87.16	266.54	139.45	59.48	0	
4	266.54	139.45	288.00	179.00	45.00	1	11	

6	12	184.296	6
1	218.00	50.00	202.20	47.48	16.00	2	3	6	
2	202.20	47.48	181.91	44.25	20.55	1	3	
3	181.91	44.25	127.77	35.62	54.82	0	
4	127.77	35.62	89.44	29.52	38.81	1	5	
5	89.44	29.52	74.51	27.14	15.12	0	
6	74.51	27.14	36.00	21.00	39.00	1	12	

6	13	205.409	7
1	218.00	50.00	203.04	55.69	16.00	2	3	6	
2	203.04	55.69	170.11	68.21	35.24	1	3	
3	170.11	68.21	94.10	97.11	81.32	0	
4	94.10	97.11	51.20	113.42	45.89	1	8	
5	51.20	113.42	36.28	119.09	15.96	2	1	8	
6	36.28	119.09	27.77	122.33	9.10	3	1	8	13	
7	27.77	122.33	26.00	123.00	1.90	4	1	8	13	15	

6	14	24.042	4
1	218.00	50.00	221.50	38.51	12.01	2	3	6	
2	221.50	38.51	222.66	34.69	3.99	1	6	
3	222.66	34.69	224.42	28.91	6.04	0	
4	224.42	28.91	225.00	27.00	2.00	1	14	

6	15	219.228	9
1	218.00	50.00	202.97	55.47	16.00	2	3	6	
2	202.97	55.47	170.18	67.41	34.89	1	3	
3	170.18	67.41	92.49	95.70	82.68	0	
4	92.49	95.70	48.33	111.77	47.00	1	8	
5	48.33	111.77	34.97	116.64	14.21	2	1	8	
6	34.97	116.64	27.03	119.53	8.45	3	1	8	13	
7	27.03	119.53	17.72	122.92	9.92	4	1	8	13	15	
8	17.72	122.92	15.04	123.89	2.85	3	1	13	15	
9	15.04	123.89	12.00	125.00	3.23	2	1	15	

7	0	147.330	4
1	91.00	285.00	100.21	263.92	23.00	1	7	
2	100.21	263.92	114.99	230.10	36.92	0	
3	114.99	230.10	138.08	177.28	57.65	1	10	
4	138.08	177.28	150.00	150.00	29.77	0	

7	1	144.903	5
1	91.00	285.00	80.52	264.52	23.00	1	7	
2	80.52	264.52	47.77	200.51	71.90	0	
3	47.77	200.51	37.99	181.40	21.47	1	1	
4	37.99	181.40	26.60	159.12	25.02	2	1	4	
5	26.60	159.12	25.00	156.00	3.51	3	1	4	8	

7	2	280.856	4
1	91.00	285.00	95.26	262.40	23.00	1	7	
2	95.26	262.40	139.82	25.90	240.66	0	
3	139.82	25.90	142.26	12.93	13.20	1	5	
4	142.26	12.93	143.00	9.00	4.00	2	2	5	

7	3	242.942	5
1	91.00	285.00	101.89	264.74	23.00	1	7	
2	101.89	264.74	117.32	236.02	32.61	0	
3	117.32	236.02	150.96	173.42	71.07	1	10	
4	150.96	173.42	188.96	102.71	80.27	0	
5	188.96	102.71	206.00	71.00	36.00	1	3	

7	4	142.225	5
1	91.00	285.00	80.97	264.30	23.00	1	7	
2	80.97	264.30	49.60	199.53	71.97	0	
3	49.60	199.53	40.33	180.40	21.26	1	1	
4	40.33	180.40	33.50	166.30	15.67	2	1	4	
5	33.50	166.30	29.00	157.00	10.33	3	1	4	8	

7	5	280.863	5
1	91.00	285.00	92.80	262.07	23.00	1	7	
2	92.80	262.07	101.07	156.82	105.58	0	
3	101.07	156.82	104.64	111.44	45.51	0	
4	104.64	111.44	110.34	38.90	72.77	0	
5	110.34	38.90	113.00	5.00	34.00	1	5	

7	6	267.122	6
1	91.00	285.00	101.94	264.77	23.00	1	7	
2	101.94	264.77	117.39	236.16	32.51	0	
3	117.39	236.16	151.33	173.37	71.38	1	10	
4	151.33	173.37	189.39	102.94	80.05	0	
5	189.39	102.94	210.39	64.08	44.18	1	3	
6	210.39	64.08	218.00	50.00	16.00	2	3	6	

7	7	0	0

7	8	156.525	4
1	91.00	285.00	86.89	262.37	23.00	1	7	
2	86.89	262.37	71.23	176.26	87.52	0	
3	71.23	176.26	71.08	175.42	0.85	1	8	
4	71.08	175.42	63.00	131.00	45.15	2	1	8	

7	9	272.281	5
1	91.00	285.00	107.56	269.03	23.00	1	7	
2	107.56	269.03	127.58	249.72	27.82	0	
3	127.58	249.72	190.77	188.79	87.78	1	10	
4	190.77	188.79	278.36	104.33	121.68	0	
5	278.36	104.33	287.00	96.00	12.00	1	9	

7	10	94.763	3
1	91.00	285.00	107.02	268.50	23.00	1	7	
2	107.02	268.50	126.36	248.57	27.76	0	
3	126.36	248.57	157.00	217.00	44.00	1	10	

7	11	223.707	5
1	91.00	285.00	111.25	274.10	23.00	1	7	
2	111.25	274.10	141.12	258.03	33.91	0	
3	141.12	258.03	199.99	226.35	66.86	1	10	
4	199.99	226.35	248.37	200.32	54.94	0	
5	248.37	200.32	288.00	179.00	45.00	1	11	

7	12	269.668	7
1	91.00	285.00	86.31	262.48	23.00	1	7	
2	86.31	262.48	69.05	179.65	84.61	0	
3	69.05	179.65	68.43	176.68	3.04	1	1	
4	68.43	176.68	55.94	116.72	61.24	2	1	8	
5	55.94	116.72	49.74	86.95	30.41	1	8	
6	49.74	86.95	43.95	59.18	28.37	0	
7	43.95	59.18	36.00	21.00	39.00	1	12	

7	13	174.554	8
1	91.00	285.00	82.44	263.65	23.00	1	7	
2	82.44	263.65	55.22	195.83	73.08	0	
3	55.22	195.83	47.12	175.64	21.75	1	1	
4	47.12	175.64	46.43	173.91	1.87	2	1	4	
5	46.43	173.91	30.10	133.21	43.86	3	1	4	8	
6	30.10	133.21	29.21	131.00	2.38	4	1	4	8	13	
7	29.21	131.00	27.80	127.50	3.78	3	1	8	13	
8	27.80	127.50	26.00	123.00	4.84	4	1	8	13	15	

7	14	290.723	9
1	91.00	285.00	101.60	264.59	23.00	1	7	
2	101.60	264.59	116.91	235.12	33.20	0	
3	116.91	235.12	148.77	173.78	69.13	1	10	
4	148.77	173.78	186.45	101.23	81.75	0	
5	186.45	101.23	207.01	61.63	44.62	1	3	
6	207.01	61.63	219.48	37.62	27.06	2	3	6	
7	219.48	37.62	221.20	34.32	3.72	1	6	
8	221.20	34.32	224.08	28.77	6.25	0	
9	224.08	28.77	225.00	27.00	2.00	1	14	

7	15	178.440	8
1	91.00	285.00	80.82	264.38	23.00	1	7	
2	80.82	264.38	48.97	199.88	71.93	0	
3	48.97	199.88	39.54	180.77	21.31	1	1	
4	39.54	180.77	31.53	164.55	18.09	2	1	4	
5	31.53	164.55	19.08	139.35	28.11	3	1	4	8	
6	19.08	139.35	17.23	135.59	4.19	4	1	4	8	15	
7	17.23	135.59	16.53	134.18	1.57	3	1	4	15	
8	16.53	134.18	12.00	125.00	10.24	2	1	15	

8	0	89.051	3
1	63.00	131.00	69.04	132.32	6.18	2	1	8	
2	69.04	132.32	107.94	140.81	39.82	1	8	
3	107.94	140.81	150.00	150.00	43.05	0	

8	1	45.486	2
1	63.00	131.00	48.91	140.27	16.87	2	1	8	
2	48.91	140.27	25.00	156.00	28.61	3	1	4	8	

8	2	145.890	5
1	63.00	131.00	65.67	126.92	4.88	2	1	8	
2	65.67	126.92	88.22	92.53	41.12	1	8	
3	88.22	92.53	124.69	36.93	66.49	0	
4	124.69	36.93	140.81	12.34	29.40	1	5	
5	140.81	12.34	143.00	9.00	4.00	2	2	5	

8	3	155.077	4
1	63.00	131.00	67.23	129.23	4.58	2	1	8	
2	67.23	129.23	105.42	113.20	41.42	1	8	
3	105.42	113.20	172.80	84.93	73.08	0	
4	172.80	84.93	206.00	71.00	36.00	1	3	

8	4	42.802	2
1	63.00	131.00	49.65	141.21	16.80	2	1	8	
2	49.65	141.21	29.00	157.00	26.00	3	1	4	8	

8	5	135.558	4
1	63.00	131.00	64.99	125.99	5.39	2	1	8	
2	64.99	125.99	79.97	88.24	40.61	1	8	
3	79.97	88.24	100.46	36.60	55.56	0	
4	100.46	36.60	113.00	5.00	34.00	1	5	

8	6	174.889	5
1	63.00	131.00	67.02	128.90	4.53	2	1	8	
2	67.02	128.90	103.77	109.69	41.47	1	8	
3	103.77	109.69	170.22	74.97	74.98	0	
4	170.22	74.97	203.82	57.41	37.91	1	3	
5	203.82	57.41	218.00	50.00	16.00	2	3	6	

8	7	156.525	4
1	63.00	131.00	71.08	175.42	45.15	2	1	8	
2	71.08	175.42	71.23	176.26	0.85	1	8	
3	71.23	176.26	86.89	262.37	87.52	0	
4	86.89	262.37	91.00	285.00	23.00	1	7	

8	8	0	0

8	9	226.718	4
1	63.00	131.00	67.85	130.24	4.91	2	1	8	
2	67.85	130.24	108.45	123.90	41.09	1	8	
3	108.45	123.90	275.14	97.85	168.72	0	
4	275.14	97.85	287.00	96.00	12.00	1	9	

8	10	127.405	4
1	63.00	131.00	72.16	139.38	12.41	2	1	8	
2	72.16	139.38	96.94	162.05	33.59	1	8	
3	96.94	162.05	124.54	187.30	37.40	0	
4	124.54	187.30	157.00	217.00	44.00	1	10	

8	11	230.063	4
1	63.00	131.00	69.02	132.28	6.15	2	1	8	
2	69.02	132.28	107.99	140.60	39.85	1	8	
3	107.99	140.60	243.99	169.61	139.06	0	
4	243.99	169.61	288.00	179.00	45.00	1	11	

8	12	113.265	4
1	63.00	131.00	60.49	120.78	10.52	2	1	8	
2	60.49	120.78	52.03	86.33	35.48	1	8	
3	52.03	86.33	45.30	58.88	28.27	0	
4	45.30	58.88	36.00	21.00	39.00	0	

8	13	37.855	3
1	63.00	131.00	36.75	125.32	26.85	2	1	8	
2	36.75	125.32	27.92	123.42	9.03	3	1	8	13	
3	27.92	123.42	26.00	123.00	1.97	4	1	8	13	15	

8	14	192.510	8
1	63.00	131.00	66.80	128.56	4.51	2	1	8	
2	66.80	128.56	101.71	106.15	41.49	1	8	
3	101.71	106.15	171.28	61.49	82.67	0	
4	171.28	61.49	206.50	38.88	41.85	1	3	
5	206.50	38.88	211.80	35.47	6.31	2	3	6	
6	211.80	35.47	212.68	34.91	1.04	1	6	
7	212.68	34.91	223.32	28.08	12.65	0	
8	223.32	28.08	225.00	27.00	2.00	1	14	

8	15	51.352	5
1	63.00	131.00	35.89	127.81	27.29	2	1	8	
2	35.89	127.81	27.89	126.87	8.06	3	1	8	13	
3	27.89	126.87	17.32	125.63	10.65	4	1	8	13	15	
4	17.32	125.63	15.26	125.38	2.07	3	1	13	15	
5	15.26	125.38	12.00	125.00	3.28	2	1	15	

9	0	147.258	2
1	287.00	96.00	275.84	100.40	12.00	1	9	
2	275.84	100.40	150.00	150.00	135.26	0	

9	1	268.782	5
1	287.00	96.00	275.30	98.68	12.00	1	9	
2	275.30	98.68	108.63	136.85	170.99	0	
3	108.63	136.85	73.74	144.84	35.79	1	8	
4	73.74	144.84	53.86	149.39	20.39	2	1	8	
5	53.86	149.39	25.00	156.00	29.61	3	1	4	8	

9	2	168.241	8
1	287.00	96.00	276.73	89.79	12.00	1	9	
2	276.73	89.79	241.93	68.77	40.66	0	
3	241.93	68.77	229.42	61.21	14.62	1	3	
4	229.42	61.21	202.77	45.11	31.14	2	3	6	
5	202.77	45.11	191.26	38.16	13.44	1	3	
6	191.26	38.16	146.45	11.09	52.35	0	
7	146.45	11.09	146.42	11.07	0.03	1	5	
8	146.42	11.07	143.00	9.00	4.00	2	2	5	

9	3	84.770	3
1	287.00	96.00	275.53	92.46	12.00	1	9	
2	275.53	92.46	240.40	81.62	36.77	0	
3	240.40	81.62	206.00	71.00	36.00	1	3	

9	4	265.113	5
1	287.00	96.00	275.32	98.76	12.00	1	9	
2	275.32	98.76	108.43	138.22	171.49	0	
3	108.43	138.22	74.06	146.35	35.32	1	8	
4	74.06	146.35	54.30	151.02	20.30	2	1	8	
5	54.30	151.02	29.00	157.00	26.00	3	1	4	8	

9	5	196.359	7
1	287.00	96.00	276.37	90.44	12.00	1	9	
2	276.37	90.44	241.97	72.45	38.82	0	
3	241.97	72.45	225.78	63.98	18.27	1	3	
4	225.78	63.98	202.08	51.59	26.75	2	3	6	
5	202.08	51.59	184.29	42.28	20.08	1	3	
6	184.29	42.28	143.13	20.76	46.45	0	
7	143.13	20.76	113.00	5.00	34.00	1	5	

9	6	82.928	4
1	287.00	96.00	277.02	89.34	12.00	1	9	
2	277.02	89.34	241.61	65.74	42.55	0	
3	241.61	65.74	231.31	58.88	12.38	1	3	
4	231.31	58.88	218.00	50.00	16.00	2	3	6	

9	7	272.281	5
1	287.00	96.00	278.36	104.33	12.00	1	9	
2	278.36	104.33	190.77	188.79	121.68	0	
3	190.77	188.79	127.58	249.72	87.78	1	10	
4	127.58	249.72	107.56	269.03	27.82	0	
5	107.56	269.03	91.00	285.00	23.00	1	7	

9	8	226.718	4
1	287.00	96.00	275.14	97.85	12.00	1	9	
2	275.14	97.85	108.45	123.90	168.72	0	
3	108.45	123.90	67.85	130.24	41.09	1	8	
4	67.85	130.24	63.00	131.00	4.91	2	1	8	

9	9	0	0

9	10	177.598	3
1	287.00	96.00	278.22	104.18	12.00	1	9	
2	278.22	104.18	189.21	187.02	121.60	0	
3	189.21	187.02	157.00	217.00	44.00	1	10	

9	11	83.006	3
1	287.00	96.00	287.14	108.00	12.00	0	
2	287.14	108.00	287.46	134.01	26.01	0	
3	287.46	134.01	288.00	179.00	45.00	1	11	

9	12	261.966	5
1	287.00	96.00	275.50	92.56	12.00	1	9	
2	275.50	92.56	240.27	82.04	36.77	0	
3	240.27	82.04	171.30	61.43	71.98	1	3	
4	171.30	61.43	73.37	32.17	102.21	0	
5	73.37	32.17	36.00	21.00	39.00	1	12	

9	13	262.393	8
1	287.00	96.00	275.06	97.23	12.00	1	9	
2	275.06	97.23	223.26	102.59	52.08	0	
3	223.26	102.59	195.58	105.46	27.83	1	3	
4	195.58	105.46	106.02	114.72	90.03	0	
5	106.02	114.72	59.24	119.56	47.04	1	8	
6	59.24	119.56	36.94	121.87	22.42	2	1	8	
7	36.94	121.87	27.85	122.81	9.14	3	1	8	13	
8	27.85	122.81	26.00	123.00	1.86	4	1	8	13	15	

9	14	92.763	3
1	287.00	96.00	278.98	87.07	12.00	1	9	
2	278.98	87.07	226.34	28.49	78.76	0	
3	226.34	28.49	225.00	27.00	2.00	1	14	

9	15	276.525	10
1	287.00	96.00	275.07	97.26	12.00	1	9	
2	275.07	97.26	222.96	102.75	52.39	0	
3	222.96	102.75	196.03	105.59	27.08	1	3	
4	196.03	105.59	106.15	115.07	90.38	0	
5	106.15	115.07	59.67	119.97	46.74	1	8	
6	59.67	119.97	36.98	122.37	22.81	2	1	8	
7	36.98	122.37	27.91	123.32	9.12	3	1	8	13	
8	27.91	123.32	17.47	124.42	10.50	4	1	8	13	15	
9	17.47	124.42	15.13	124.67	2.36	3	1	13	15	
10	15.13	124.67	12.00	125.00	3.14	2	1	15	

10	0	67.365	2
1	157.00	217.00	152.43	173.24	44.00	1	10	
2	152.43	173.24	150.00	150.00	23.36	0	

10	1	145.413	5
1	157.00	217.00	117.06	198.54	44.00	1	10	
2	117.06	198.54	70.39	176.97	51.41	0	
3	70.39	176.97	69.46	176.54	1.03	1	1	
4	69.46	176.54	52.27	168.60	18.94	2	1	8	
5	52.27	168.60	25.00	156.00	30.04	3	1	4	8	

10	2	208.471	4
1	157.00	217.00	154.05	173.10	44.00	0	
2	154.05	173.10	143.71	19.59	153.86	0	
3	143.71	19.59	143.27	12.99	6.61	1	5	
4	143.27	12.99	143.00	9.00	4.00	2	2	5	

10	3	154.003	3
1	157.00	217.00	171.00	175.29	44.00	1	10	
2	171.00	175.29	194.55	105.13	74.00	0	
3	194.55	105.13	206.00	71.00	36.00	1	3	

10	4	141.365	5
1	157.00	217.00	117.16	198.32	44.00	1	10	
2	117.16	198.32	70.60	176.50	51.42	0	
3	70.60	176.50	70.39	176.40	0.23	1	1	
4	70.39	176.40	52.54	168.04	19.71	2	1	8	
5	52.54	168.04	29.00	157.00	26.00	3	1	4	8	

10	5	216.518	3
1	157.00	217.00	148.06	173.92	44.00	1	10	
2	148.06	173.92	119.91	38.29	138.52	0	
3	119.91	38.29	113.00	5.00	34.00	0	

10	6	177.792	4
1	157.00	217.00	172.10	175.67	44.00	1	10	
2	172.10	175.67	197.55	105.99	74.18	0	
3	197.55	105.99	212.51	65.03	43.61	1	3	
4	212.51	65.03	218.00	50.00	16.00	2	3	6	

10	7	94.763	3
1	157.00	217.00	126.36	248.57	44.00	1	10	
2	126.36	248.57	107.02	268.50	27.76	0	
3	107.02	268.50	91.00	285.00	23.00	1	7	

10	8	127.405	4
1	157.00	217.00	124.54	187.30	44.00	1	10	
2	124.54	187.30	96.94	162.05	37.40	0	
3	96.94	162.05	72.16	139.38	33.59	1	8	
4	72.16	139.38	63.00	131.00	12.41	2	1	8	

10	9	177.598	3
1	157.00	217.00	189.21	187.02	44.00	1	10	
2	189.21	187.02	278.22	104.18	121.60	0	
3	278.22	104.18	287.00	96.00	12.00	1	9	

10	10	0	0

10	11	136.400	3
1	157.00	217.00	199.26	204.74	44.00	1	10	
2	199.26	204.74	244.78	191.54	47.40	0	
3	244.78	191.54	288.00	179.00	45.00	1	11	

10	12	230.341	5
1	157.00	217.00	133.89	179.56	44.00	1	10	
2	133.89	179.56	108.42	138.30	48.49	0	
3	108.42	138.30	76.82	87.13	60.14	1	8	
4	76.82	87.13	56.49	54.19	38.71	0	
5	56.49	54.19	36.00	21.00	39.00	1	12	

10	13	161.236	8
1	157.00	217.00	121.25	191.35	44.00	1	10	
2	121.25	191.35	89.52	168.58	39.05	0	
3	89.52	168.58	74.95	158.13	17.93	1	8	
4	74.95	158.13	46.15	137.46	35.45	2	1	8	
5	46.15	137.46	42.02	134.49	5.09	3	1	4	8	
6	42.02	134.49	34.94	129.41	8.71	2	1	8	
7	34.94	129.41	27.99	124.43	8.55	3	1	8	13	
8	27.99	124.43	26.00	123.00	2.45	4	1	8	13	15	

10	14	201.802	7
1	157.00	217.00	171.83	175.57	44.00	1	10	
2	171.83	175.57	196.80	105.80	74.10	0	
3	196.80	105.80	211.53	64.63	43.73	1	3	
4	211.53	64.63	220.97	38.26	28.01	1	6	
5	220.97	38.26	222.29	34.58	3.90	1	6	
6	222.29	34.58	224.33	28.88	6.06	0	
7	224.33	28.88	225.00	27.00	2.00	1	14	

10	15	171.724	10
1	157.00	217.00	119.85	193.43	44.00	1	10	
2	119.85	193.43	85.07	171.36	41.19	0	
3	85.07	171.36	74.27	164.51	12.79	1	8	
4	74.27	164.51	54.51	151.97	23.40	2	1	8	
5	54.51	151.97	26.18	134.00	33.55	3	1	4	8	
6	26.18	134.00	25.51	133.57	0.80	4	1	4	8	13	
7	25.51	133.57	22.68	131.78	3.35	5	1	4	8	13	15	
8	22.68	131.78	17.08	128.23	6.63	4	1	8	13	15	
9	17.08	128.23	15.97	127.52	1.32	3	1	13	15	
10	15.97	127.52	12.00	125.00	4.70	2	1	15	

11	0	141.014	2
1	288.00	179.00	243.96	169.75	45.00	1	11	
2	243.96	169.75	150.00	150.00	96.01	0	

11	1	264.004	5
1	288.00	179.00	243.17	175.08	45.00	1	11	
2	243.17	175.08	96.73	162.27	147.00	0	
3	96.73	162.27	74.81	160.36	22.01	1	8	
4	74.81	160.36	54.95	158.62	19.94	2	1	8	
5	54.95	158.62	25.00	156.00	30.06	3	1	4	8	

11	2	223.439	6
1	288.00	179.00	258.80	144.76	45.00	1	11	
2	258.80	144.76	222.97	102.75	55.22	0	
3	222.97	102.75	177.32	49.24	70.33	1	3	
4	177.32	49.24	146.12	12.66	48.07	0	
5	146.12	12.66	145.60	12.04	0.82	1	5	
6	145.60	12.04	143.00	9.00	4.00	2	2	5	

11	3	135.602	3
1	288.00	179.00	260.79	143.16	45.00	1	11	
2	260.79	143.16	227.77	99.67	54.60	0	
3	227.77	99.67	206.00	71.00	36.00	1	3	

11	4	259.933	5
1	288.00	179.00	243.16	175.19	45.00	1	11	
2	243.16	175.19	96.32	162.72	147.37	0	
3	96.32	162.72	74.76	160.89	21.63	1	8	
4	74.76	160.89	54.91	159.20	19.93	2	1	8	
5	54.91	159.20	29.00	157.00	26.00	3	1	4	8	

11	5	246.781	5
1	288.00	179.00	256.09	147.27	45.00	1	11	
2	256.09	147.27	214.55	105.97	58.58	0	
3	214.55	105.97	170.98	62.65	61.44	1	3	
4	170.98	62.65	137.11	28.97	47.76	0	
5	137.11	28.97	113.00	5.00	34.00	1	5	

11	6	146.769	4
1	288.00	179.00	266.54	139.45	45.00	1	11	
2	266.54	139.45	238.17	87.16	59.48	0	
3	238.17	87.16	225.63	64.06	26.28	1	3	
4	225.63	64.06	218.00	50.00	16.00	2	3	6	

11	7	223.707	5
1	288.00	179.00	248.37	200.32	45.00	1	11	
2	248.37	200.32	199.99	226.35	54.94	0	
3	199.99	226.35	141.12	258.03	66.86	1	10	
4	141.12	258.03	111.25	274.10	33.91	0	
5	111.25	274.10	91.00	285.00	23.00	1	7	

11	8	230.063	4
1	288.00	179.00	243.99	169.61	45.00	1	11	
2	243.99	169.61	107.99	140.60	139.06	0	
3	107.99	140.60	69.02	132.28	39.85	1	8	
4	69.02	132.28	63.00	131.00	6.15	2	1	8	

11	9	83.006	3
1	288.00	179.00	287.46	134.01	45.00	1	11	
2	287.46	134.01	287.14	108.00	26.01	0	
3	287.14	108.00	287.00	96.00	12.00	0	

11	10	136.400	3
1	288.00	179.00	244.78	191.54	45.00	1	11	
2	244.78	191.54	199.26	204.74	47.40	0	
3	199.26	204.74	157.00	217.00	44.00	1	10	

11	11	0	0

11	12	297.436	3
1	288.00	179.00	249.87	155.10	45.00	1	11	
2	249.87	155.10	69.04	41.72	213.44	0	
3	69.04	41.72	36.00	21.00	39.00	1	12	

11	13	267.918	6
1	288.00	179.00	243.99	169.59	45.00	1	11	
2	243.99	169.59	108.00	140.53	139.06	0	
3	108.00	140.53	68.96	132.18	39.92	1	8	
4	68.96	132.18	36.76	125.30	32.93	2	1	8	
5	36.76	125.30	27.92	123.41	9.04	3	1	8	13	
6	27.92	123.41	26.00	123.00	1.96	4	1	8	13	15	

11	14	164.539	7
1	288.00	179.00	270.77	137.43	45.00	1	11	
2	270.77	137.43	241.84	67.64	75.55	0	
3	241.84	67.64	233.93	48.56	20.65	1	3	
4	233.93	48.56	233.71	48.02	0.58	2	3	6	
5	233.71	48.02	230.28	39.75	8.96	1	6	
6	230.28	39.75	225.77	28.85	11.80	0	
7	225.77	28.85	225.00	27.00	2.00	1	14	

11	15	281.233	8
1	288.00	179.00	243.84	170.36	45.00	1	11	
2	243.84	170.36	107.23	143.63	139.20	0	
3	107.23	143.63	71.06	136.56	36.85	1	8	
4	71.06	136.56	34.89	129.48	36.86	2	1	8	
5	34.89	129.48	27.70	128.07	7.32	3	1	8	13	
6	27.70	128.07	17.27	126.03	10.63	4	1	8	13	15	
7	17.27	126.03	15.32	125.65	1.98	3	1	13	15	
8	15.32	125.65	12.00	125.00	3.39	2	1	15	

12	0	172.154	2
1	36.00	21.00	61.83	50.22	39.00	1	12	
2	61.83	50.22	150.00	150.00	133.15	0	

12	1	135.447	9
1	36.00	21.00	32.83	59.87	39.00	0	
2	32.83	59.87	29.62	99.35	39.61	0	
3	29.62	99.35	29.06	106.17	6.83	1	8	
4	29.06	106.17	28.56	112.30	6.16	2	1	8	
5	28.56	112.30	27.75	122.20	9.93	2	1	8	
6	27.75	122.20	27.09	130.31	8.13	4	1	8	13	15	
7	27.09	130.31	27.03	131.07	0.77	3	1	8	13	
8	27.03	131.07	26.79	133.97	2.91	2	1	8	
9	26.79	133.97	25.00	156.00	22.10	3	1	4	8	

12	2	107.671	4
1	36.00	21.00	74.76	16.65	39.00	1	12	
2	74.76	16.65	80.82	15.97	6.10	0	
3	80.82	15.97	139.02	9.45	58.57	1	5	
4	139.02	9.45	143.00	9.00	4.00	2	2	5	

12	3	177.200	3
1	36.00	21.00	73.42	32.00	39.00	1	12	
2	73.42	32.00	171.46	60.84	102.20	0	
3	171.46	60.84	206.00	71.00	36.00	1	3	

12	4	136.180	7
1	36.00	21.00	34.00	59.95	39.00	1	12	
2	34.00	59.95	32.09	96.93	37.03	0	
3	32.09	96.93	31.60	106.44	9.52	0	
4	31.60	106.44	31.25	113.33	6.90	1	8	
5	31.25	113.33	30.34	131.03	17.72	3	1	8	13	
6	30.34	131.03	30.23	133.16	2.12	3	1	8	13	
7	30.23	133.16	29.00	157.00	23.88	3	1	4	8	

12	5	78.645	3
1	36.00	21.00	74.18	13.07	39.00	1	12	
2	74.18	13.07	79.71	11.92	5.64	0	
3	79.71	11.92	113.00	5.00	34.00	1	5	

12	6	184.296	6
1	36.00	21.00	74.51	27.14	39.00	1	12	
2	74.51	27.14	89.44	29.52	15.12	0	
3	89.44	29.52	127.77	35.62	38.81	1	5	
4	127.77	35.62	181.91	44.25	54.82	0	
5	181.91	44.25	202.20	47.48	20.55	1	3	
6	202.20	47.48	218.00	50.00	16.00	2	3	6	

12	7	269.668	7
1	36.00	21.00	43.95	59.18	39.00	1	12	
2	43.95	59.18	49.74	86.95	28.37	0	
3	49.74	86.95	55.94	116.72	30.41	1	8	
4	55.94	116.72	68.43	176.68	61.24	2	1	8	
5	68.43	176.68	69.05	179.65	3.04	1	1	
6	69.05	179.65	86.31	262.48	84.61	0	
7	86.31	262.48	91.00	285.00	23.00	1	7	

12	8	113.265	4
1	36.00	21.00	45.30	58.88	39.00	0	
2	45.30	58.88	52.03	86.33	28.27	0	
3	52.03	86.33	60.49	120.78	35.48	1	8	
4	60.49	120.78	63.00	131.00	10.52	2	1	8	

12	9	261.966	5
1	36.00	21.00	73.37	32.17	39.00	1	12	
2	73.37	32.17	171.30	61.43	102.21	0	
3	171.30	61.43	240.27	82.04	71.98	1	3	
4	240.27	82.04	275.50	92.56	36.77	0	
5	275.50	92.56	287.00	96.00	12.00	1	9	

12	10	230.341	5
1	36.00	21.00	56.49	54.19	39.00	1	12	
2	56.49	54.19	76.82	87.13	38.71	0	
3	76.82	87.13	108.42	138.30	60.14	1	8	
4	108.42	138.30	133.89	179.56	48.49	0	
5	133.89	179.56	157.00	217.00	44.00	1	10	

12	11	297.436	3
1	36.00	21.00	69.04	41.72	39.00	1	12	
2	69.04	41.72	249.87	155.10	213.44	0	
3	249.87	155.10	288.00	179.00	45.00	1	11	

12	12	0	0

12	13	102.489	6
1	36.00	21.00	32.19	59.81	39.00	0	
2	32.19	59.81	28.16	100.96	41.35	0	
3	28.16	100.96	27.66	106.07	5.13	0	
4	27.66	106.07	27.07	112.05	6.01	2	1	8	
5	27.07	112.05	26.47	118.18	6.16	3	1	8	13	
6	26.47	118.18	26.00	123.00	4.84	4	1	8	13	15	

12	14	189.095	5
1	36.00	21.00	74.98	22.24	39.00	1	12	
2	74.98	22.24	83.86	22.52	8.89	0	
3	83.86	22.52	140.97	24.33	57.14	1	5	
4	140.97	24.33	223.00	26.94	82.07	0	
5	223.00	26.94	225.00	27.00	2.00	1	14	

12	15	106.733	4
1	36.00	21.00	27.23	59.00	39.00	1	12	
2	27.23	59.00	16.20	106.78	49.03	0	
3	16.20	106.78	15.60	109.41	2.70	1	1	
4	15.60	109.41	12.00	125.00	16.00	2	1	15	

13	0	126.905	5
1	26.00	123.00	27.92	123.42	1.97	4	1	8	13	15	
2	27.92	123.42	36.75	125.34	9.03	3	1	8	13	
3	36.75	125.34	69.07	132.38	33.08	2	1	8	
4	69.07	132.38	107.94	140.84	39.78	1	8	
5	107.94	140.84	150.00	150.00	43.05	0	

13	1	33.015	4
1	26.00	123.00	25.75	131.20	8.21	4	1	8	13	15	
2	25.75	131.20	25.69	133.28	2.08	5	1	4	8	13	15	
3	25.69	133.28	25.67	134.00	0.71	3	1	4	8	
4	25.67	134.00	25.00	156.00	22.01	3	1	4	8	

13	2	163.355	7
1	26.00	123.00	27.60	121.44	2.23	4	1	8	13	15	
2	27.60	121.44	33.88	115.32	8.77	3	1	8	13	
3	33.88	115.32	40.81	108.57	9.68	2	1	8	
4	40.81	108.57	64.96	85.04	33.71	1	8	
5	64.96	85.04	112.22	38.99	65.99	0	
6	112.22	38.99	140.14	11.79	38.98	1	5	
7	140.14	11.79	143.00	9.00	4.00	2	2	5	

13	3	187.361	6
1	26.00	123.00	27.80	122.48	1.87	4	1	8	13	15	
2	27.80	122.48	36.57	119.95	9.13	3	1	8	13	
3	36.57	119.95	53.64	115.02	17.77	2	1	8	
4	53.64	115.02	98.70	102.00	46.91	1	8	
5	98.70	102.00	171.41	80.99	75.68	0	
6	171.41	80.99	206.00	71.00	36.00	1	3	

13	4	34.132	4
1	26.00	123.00	26.71	131.10	8.13	4	1	8	13	15	
2	26.71	131.10	26.73	131.25	0.15	5	1	4	8	13	15	
3	26.73	131.25	26.97	133.96	2.72	4	1	4	8	13	
4	26.97	133.96	29.00	157.00	23.13	3	1	4	8	

13	5	146.605	6
1	26.00	123.00	27.49	120.98	2.51	4	1	8	13	15	
2	27.49	120.98	32.53	114.15	8.49	3	1	8	13	
3	32.53	114.15	37.39	107.56	8.19	2	1	8	
4	37.39	107.56	53.25	86.05	26.73	1	8	
5	53.25	86.05	92.82	32.37	66.69	0	
6	92.82	32.37	113.00	5.00	34.00	1	5	

13	6	205.409	7
1	26.00	123.00	27.77	122.33	1.90	4	1	8	13	15	
2	27.77	122.33	36.28	119.09	9.10	3	1	8	13	
3	36.28	119.09	51.20	113.42	15.96	2	1	8	
4	51.20	113.42	94.10	97.11	45.89	1	8	
5	94.10	97.11	170.11	68.21	81.32	0	
6	170.11	68.21	203.04	55.69	35.24	1	3	
7	203.04	55.69	218.00	50.00	16.00	2	3	6	

13	7	174.554	8
1	26.00	123.00	27.80	127.50	4.84	4	1	8	13	15	
2	27.80	127.50	29.21	131.00	3.78	3	1	8	13	
3	29.21	131.00	30.10	133.21	2.38	4	1	4	8	13	
4	30.10	133.21	46.43	173.91	43.86	3	1	4	8	
5	46.43	173.91	47.12	175.64	1.87	2	1	4	
6	47.12	175.64	55.22	195.83	21.75	1	1	
7	55.22	195.83	82.44	263.65	73.08	0	
8	82.44	263.65	91.00	285.00	23.00	1	7	

13	8	37.855	3
1	26.00	123.00	27.92	123.42	1.97	4	1	8	13	15	
2	27.92	123.42	36.75	125.32	9.03	3	1	8	13	
3	36.75	125.32	63.00	131.00	26.85	2	1	8	

13	9	262.393	8
1	26.00	123.00	27.85	122.81	1.86	4	1	8	13	15	
2	27.85	122.81	36.94	121.87	9.14	3	1	8	13	
3	36.94	121.87	59.24	119.56	22.42	2	1	8	
4	59.24	119.56	106.02	114.72	47.04	1	8	
5	106.02	114.72	195.58	105.46	90.03	0	
6	195.58	105.46	223.26	102.59	27.83	1	3	
7	223.26	102.59	275.06	97.23	52.08	0	
8	275.06	97.23	287.00	96.00	12.00	1	9	

13	10	161.236	8
1	26.00	123.00	27.99	124.43	2.45	4	1	8	13	15	
2	27.99	124.43	34.94	129.41	8.55	3	1	8	13	
3	34.94	129.41	42.02	134.49	8.71	2	1	8	
4	42.02	134.49	46.15	137.46	5.09	3	1	4	8	
5	46.15	137.46	74.95	158.13	35.45	2	1	8	
6	74.95	158.13	89.52	168.58	17.93	1	8	
7	89.52	168.58	121.25	191.35	39.05	0	
8	121.25	191.35	157.00	217.00	44.00	1	10	

13	11	267.918	6
1	26.00	123.00	27.92	123.41	1.96	4	1	8	13	15	
2	27.92	123.41	36.76	125.30	9.04	3	1	8	13	
3	36.76	125.30	68.96	132.18	32.93	2	1	8	
4	68.96	132.18	108.00	140.53	39.92	1	8	
5	108.00	140.53	243.99	169.59	139.06	0	
6	243.99	169.59	288.00	179.00	45.00	1	11	

13	12	102.489	6
1	26.00	123.00	26.47	118.18	4.84	4	1	8	13	15	
2	26.47	118.18	27.07	112.05	6.16	3	1	8	13	
3	27.07	112.05	27.66	106.07	6.01	2	1	8	
4	27.66	106.07	28.16	100.96	5.13	0	
5	28.16	100.96	32.19	59.81	41.35	0	
6	32.19	59.81	36.00	21.00	39.00	0	

13	13	0	0

13	14	220.946	8
1	26.00	123.00	27.75	122.16	1.94	4	1	8	13	15	
2	27.75	122.16	35.91	118.22	9.06	3	1	8	13	
3	35.91	118.22	48.77	112.01	14.29	2	1	8	
4	48.77	112.01	88.62	92.79	44.24	1	8	
5	88.62	92.79	176.47	50.41	97.54	0	
6	176.47	50.41	208.27	35.07	35.31	1	3	
7	208.27	35.07	223.20	27.87	16.58	0	
8	223.20	27.87	225.00	27.00	2.00	1	14	

13	15	14.142	3
1	26.00	123.00	17.50	124.21	8.58	4	1	8	13	15	
2	17.50	124.21	15.11	124.56	2.42	3	1	13	15	
3	15.11	124.56	12.00	125.00	3.14	2	1	15	

14	0	144.062	6
1	225.00	27.00	223.96	28.71	2.00	1	14	
2	223.96	28.71	220.60	34.21	6.45	0	
3	220.60	34.21	218.71	37.32	3.64	1	6	
4	218.71	37.32	205.16	59.54	26.03	2	3	6	
5	205.16	59.54	181.88	97.72	44.72	1	3	
6	181.88	97.72	150.00	150.00	61.23	0	

14	1	237.994	9
1	225.00	27.00	223.32	28.08	2.00	1	14	
2	223.32	28.08	212.80	34.87	12.52	0	
3	212.80	34.87	211.85	35.48	1.13	1	6	
4	211.85	35.48	206.36	39.02	6.54	2	3	6	
5	206.36	39.02	171.23	61.68	41.81	1	3	
6	171.23	61.68	101.88	106.41	82.52	0	
7	101.88	106.41	67.02	128.90	41.48	1	8	
8	67.02	128.90	49.07	140.47	21.36	2	1	8	
9	49.07	140.47	25.00	156.00	28.64	3	1	4	8	

14	2	83.952	4
1	225.00	27.00	223.05	26.57	2.00	1	14	
2	223.05	26.57	146.91	9.86	77.95	0	
3	146.91	9.86	146.66	9.80	0.25	1	2	
4	146.66	9.80	143.00	9.00	3.75	2	2	5	

14	3	47.927	5
1	225.00	27.00	224.21	28.84	2.00	1	14	
2	224.21	28.84	221.78	34.45	6.12	0	
3	221.78	34.45	220.27	37.95	3.81	1	6	
4	220.27	37.95	209.28	63.41	27.74	2	3	6	
5	209.28	63.41	206.00	71.00	8.26	1	3	

14	4	235.194	9
1	225.00	27.00	223.33	28.11	2.00	1	14	
2	223.33	28.11	213.45	34.66	11.86	0	
3	213.45	34.66	212.14	35.53	1.57	1	6	
4	212.14	35.53	205.64	39.84	7.81	2	3	6	
5	205.64	39.84	170.93	62.86	41.65	1	3	
6	170.93	62.86	102.85	108.02	81.70	0	
7	102.85	108.02	68.27	130.95	41.49	1	8	
8	68.27	130.95	50.67	142.63	21.13	2	1	8	
9	50.67	142.63	29.00	157.00	26.00	3	1	4	8	

14	5	114.140	5
1	225.00	27.00	223.04	26.61	2.00	1	14	
2	223.04	26.61	146.36	11.55	78.14	0	
3	146.36	11.55	146.12	11.51	0.25	1	5	
4	146.12	11.51	139.17	10.14	7.09	2	2	5	
5	139.17	10.14	113.00	5.00	26.67	1	5	

14	6	24.042	4
1	225.00	27.00	224.42	28.91	2.00	1	14	
2	224.42	28.91	222.66	34.69	6.04	0	
3	222.66	34.69	221.50	38.51	3.99	1	6	
4	221.50	38.51	218.00	50.00	12.01	2	3	6	

14	7	290.723	9
1	225.00	27.00	224.08	28.77	2.00	1	14	
2	224.08	28.77	221.20	34.32	6.25	0	
3	221.20	34.32	219.48	37.62	3.72	1	6	
4	219.48	37.62	207.01	61.63	27.06	2	3	6	
5	207.01	61.63	186.45	101.23	44.62	1	3	
6	186.45	101.23	148.77	173.78	81.75	0	
7	148.77	173.78	116.91	235.12	69.13	1	10	
8	116.91	235.12	101.60	264.59	33.20	0	
9	101.60	264.59	91.00	285.00	23.00	1	7	

14	8	192.510	8
1	225.00	27.00	223.32	28.08	2.00	1	14	
2	223.32	28.08	212.68	34.91	12.65	0	
3	212.68	34.91	211.80	35.47	1.04	1	6	
4	211.80	35.47	206.50	38.88	6.31	2	3	6	
5	206.50	38.88	171.28	61.49	41.85	1	3	
6	171.28	61.49	101.71	106.15	82.67	0	
7	101.71	106.15	66.80	128.56	41.49	1	8	
8	66.80	128.56	63.00	131.00	4.51	2	1	8	

14	9	92.763	3
1	225.00	27.00	226.34	28.49	2.00	1	14	
2	226.34	28.49	278.98	87.07	78.76	0	
3	278.98	87.07	287.00	96.00	12.00	1	9	

14	10	201.802	7
1	225.00	27.00	224.33	28.88	2.00	1	14	
2	224.33	28.88	222.29	34.58	6.06	0	
3	222.29	34.58	220.97	38.26	3.90	1	6	
4	220.97	38.26	211.53	64.63	28.01	1	6	
5	211.53	64.63	196.80	105.80	43.73	1	3	
6	196.80	105.80	171.83	175.57	74.10	0	
7	171.83	175.57	157.00	217.00	44.00	1	10	

14	11	164.539	7
1	225.00	27.00	225.77	28.85	2.00	1	14	
2	225.77	28.85	230.28	39.75	11.80	0	
3	230.28	39.75	233.71	48.02	8.96	1	6	
4	233.71	48.02	233.93	48.56	0.58	2	3	6	
5	233.93	48.56	241.84	67.64	20.65	1	3	
6	241.84	67.64	270.77	137.43	75.55	0	
7	270.77	137.43	288.00	179.00	45.00	1	11	

14	12	189.095	5
1	225.00	27.00	223.00	26.94	2.00	1	14	
2	223.00	26.94	140.97	24.33	82.07	0	
3	140.97	24.33	83.86	22.52	57.14	1	5	
4	83.86	22.52	74.98	22.24	8.89	0	
5	74.98	22.24	36.00	21.00	39.00	1	12	

14	13	220.946	8
1	225.00	27.00	223.20	27.87	2.00	1	14	
2	223.20	27.87	208.27	35.07	16.58	0	
3	208.27	35.07	176.47	50.41	35.31	1	3	
4	176.47	50.41	88.62	92.79	97.54	0	
5	88.62	92.79	48.77	112.01	44.24	1	8	
6	48.77	112.01	35.91	118.22	14.29	2	1	8	
7	35.91	118.22	27.75	122.16	9.06	3	1	8	13	
8	27.75	122.16	26.00	123.00	1.94	4	1	8	13	15	

14	14	0	0

14	15	234.463	10
1	225.00	27.00	223.18	27.84	2.00	1	14	
2	223.18	27.84	207.54	35.03	17.22	0	
3	207.54	35.03	177.68	48.77	32.87	1	3	
4	177.68	48.77	85.80	91.05	101.15	0	
5	85.80	91.05	44.60	110.00	45.35	1	8	
6	44.60	110.00	33.61	115.06	12.10	2	1	8	
7	33.61	115.06	26.54	118.31	7.79	3	1	8	13	
8	26.54	118.31	17.83	122.32	9.59	4	1	8	13	15	
9	17.83	122.32	15.02	123.61	3.09	3	1	13	15	
10	15.02	123.61	12.00	125.00	3.32	2	1	15	

15	0	140.246	7
1	12.00	125.00	15.31	125.60	3.37	2	1	15	
2	15.31	125.60	17.28	125.96	2.00	3	1	13	15	
3	17.28	125.96	27.74	127.85	10.64	4	1	8	13	15	
4	27.74	127.85	35.10	129.18	7.47	3	1	8	13	
5	35.10	129.18	70.66	135.63	36.14	2	1	8	
6	70.66	135.63	107.59	142.32	37.53	1	8	
7	107.59	142.32	150.00	150.00	43.10	0	

15	1	33.615	4
1	12.00	125.00	15.98	134.49	10.30	2	1	15	
2	15.98	134.49	17.59	138.32	4.15	3	1	4	15	
3	17.59	138.32	18.19	139.75	1.55	4	1	4	8	15	
4	18.19	139.75	25.00	156.00	17.62	3	1	4	8	

15	2	174.977	9
1	12.00	125.00	15.02	122.33	4.03	2	1	15	
2	15.02	122.33	18.54	119.21	4.70	3	1	13	15	
3	18.54	119.21	23.98	114.39	7.27	4	1	8	13	15	
4	23.98	114.39	26.66	112.02	3.58	3	1	8	13	
5	26.66	112.02	32.77	106.61	8.16	2	1	8	
6	32.77	106.61	56.68	85.44	31.94	1	8	
7	56.68	85.44	109.34	38.80	70.34	0	
8	109.34	38.80	140.01	11.65	40.96	1	5	
9	140.01	11.65	143.00	9.00	4.00	2	2	5	

15	3	201.375	8
1	12.00	125.00	15.06	124.15	3.18	2	1	15	
2	15.06	124.15	17.63	123.43	2.66	3	1	13	15	
3	17.63	123.43	27.41	120.71	10.16	4	1	8	13	15	
4	27.41	120.71	35.96	118.33	8.87	3	1	8	13	
5	35.96	118.33	51.94	113.88	16.59	2	1	8	
6	51.94	113.88	97.94	101.08	47.74	1	8	
7	97.94	101.08	171.32	80.65	76.17	0	
8	171.32	80.65	206.00	71.00	36.00	1	3	

15	4	36.235	4
1	12.00	125.00	16.80	134.04	10.24	2	1	15	
2	16.80	134.04	17.15	134.69	0.74	3	1	4	15	
3	17.15	134.69	19.51	139.13	5.03	4	1	4	8	15	
4	19.51	139.13	29.00	157.00	20.24	3	1	4	8	

15	5	156.847	8
1	12.00	125.00	15.14	121.27	4.87	2	1	15	
2	15.14	121.27	19.47	116.12	6.73	3	1	13	15	
3	19.47	116.12	22.30	112.76	4.40	4	1	8	13	15	
4	22.30	112.76	22.44	112.59	0.22	3	1	8	13	
5	22.44	112.59	27.92	106.09	8.50	2	1	8	
6	27.92	106.09	40.91	90.65	20.17	1	8	
7	40.91	90.65	91.11	31.01	77.95	0	
8	91.11	31.01	113.00	5.00	34.00	1	5	

15	6	219.228	9
1	12.00	125.00	15.04	123.89	3.23	2	1	15	
2	15.04	123.89	17.72	122.92	2.85	3	1	13	15	
3	17.72	122.92	27.03	119.53	9.92	4	1	8	13	15	
4	27.03	119.53	34.97	116.64	8.45	3	1	8	13	
5	34.97	116.64	48.33	111.77	14.21	2	1	8	
6	48.33	111.77	92.49	95.70	47.00	1	8	
7	92.49	95.70	170.18	67.41	82.68	0	
8	170.18	67.41	202.97	55.47	34.89	1	3	
9	202.97	55.47	218.00	50.00	16.00	2	3	6	

15	7	178.440	8
1	12.00	125.00	16.53	134.18	10.24	2	1	15	
2	16.53	134.18	17.23	135.59	1.57	3	1	4	15	
3	17.23	135.59	19.08	139.35	4.19	4	1	4	8	15	
4	19.08	139.35	31.53	164.55	28.11	3	1	4	8	
5	31.53	164.55	39.54	180.77	18.09	2	1	4	
6	39.54	180.77	48.97	199.88	21.31	1	1	
7	48.97	199.88	80.82	264.38	71.93	0	
8	80.82	264.38	91.00	285.00	23.00	1	7	

15	8	51.352	5
1	12.00	125.00	15.26	125.38	3.28	2	1	15	
2	15.26	125.38	17.32	125.63	2.07	3	1	13	15	
3	17.32	125.63	27.89	126.87	10.65	4	1	8	13	15	
4	27.89	126.87	35.89	127.81	8.06	3	1	8	13	
5	35.89	127.81	63.00	131.00	27.29	2	1	8	

15	9	276.525	10
1	12.00	125.00	15.13	124.67	3.14	2	1	15	
2	15.13	124.67	17.47	124.42	2.36	3	1	13	15	
3	17.47	124.42	27.91	123.32	10.50	4	1	8	13	15	
4	27.91	123.32	36.98	122.37	9.12	3	1	8	13	
5	36.98	122.37	59.67	119.97	22.81	2	1	8	
6	59.67	119.97	106.15	115.07	46.74	1	8	
7	106.15	115.07	196.03	105.59	90.38	0	
8	196.03	105.59	222.96	102.75	27.08	1	3	
9	222.96	102.75	275.07	97.26	52.39	0	
10	275.07	97.26	287.00	96.00	12.00	1	9	

15	10	171.724	10
1	12.00	125.00	15.97	127.52	4.70	2	1	15	
2	15.97	127.52	17.08	128.23	1.32	3	1	13	15	
3	17.08	128.23	22.68	131.78	6.63	4	1	8	13	15	
4	22.68	131.78	25.51	133.57	3.35	5	1	4	8	13	15	
5	25.51	133.57	26.18	134.00	0.80	4	1	4	8	13	
6	26.18	134.00	54.51	151.97	33.55	3	1	4	8	
7	54.51	151.97	74.27	164.51	23.40	2	1	8	
8	74.27	164.51	85.07	171.36	12.79	1	8	
9	85.07	171.36	119.85	193.43	41.19	0	
10	119.85	193.43	157.00	217.00	44.00	1	10	

15	11	281.233	8
1	12.00	125.00	15.32	125.65	3.39	2	1	15	
2	15.32	125.65	17.27	126.03	1.98	3	1	13	15	
3	17.27	126.03	27.70	128.07	10.63	4	1	8	13	15	
4	27.70	128.07	34.89	129.48	7.32	3	1	8	13	
5	34.89	129.48	71.06	136.56	36.86	2	1	8	
6	71.06	136.56	107.23	143.63	36.85	1	8	
7	107.23	143.63	243.84	170.36	139.20	0	
8	243.84	170.36	288.00	179.00	45.00	1	11	

15	12	106.733	4
1	12.00	125.00	15.60	109.41	16.00	2	1	15	
2	15.60	109.41	16.20	106.78	2.70	1	1	
3	16.20	106.78	27.23	59.00	49.03	0	
4	27.23	59.00	36.00	21.00	39.00	1	12	

15	13	14.142	3
1	12.00	125.00	15.11	124.56	3.14	2	1	15	
2	15.11	124.56	17.50	124.21	2.42	3	1	13	15	
3	17.50	124.21	26.00	123.00	8.58	4	1	8	13	15	

15	14	234.463	10
1	12.00	125.00	15.02	123.61	3.32	2	1	15	
2	15.02	123.61	17.83	122.32	3.09	3	1	13	15	
3	17.83	122.32	26.54	118.31	9.59	4	1	8	13	15	
4	26.54	118.31	33.61	115.06	7.79	3	1	8	13	
5	33.61	115.06	44.60	110.00	12.10	2	1	8	
6	44.60	110.00	85.80	91.05	45.35	1	8	
7	85.80	91.05	177.68	48.77	101.15	0	
8	177.68	48.77	207.54	35.03	32.87	1	3	
9	207.54	35.03	223.18	27.84	17.22	0	
10	223.18	27.84	225.00	27.00	2.00	1	14	

15	15	0	0