16	507	2	0.001	120.0
150.000	150.000	0.000	5.000	0.000
1.000	245.000	23.000	8.000	14.000
208.000	253.000	24.000	9.000	12.000
53.000	142.000	24.000	2.000	7.000
72.000	168.000	23.000	4.000	1.000
242.000	234.000	47.000	4.000	8.000
292.000	246.000	2.000	4.000	10.000
286.000	151.000	14.000	9.000	15.000
6.000	41.000	6.000	3.000	8.000
286.000	128.000	3.000	4.000	15.000
133.000	175.000	8.000	1.000	19.000
17.000	280.000	35.000	6.000	2.000
200.000	158.000	32.000	5.000	4.000
144.000	180.000	33.000	4.000	17.000
178.000	285.000	39.000	3.000	5.000
188.000	151.000	20.000	9.000	15.000
 


0	0	0	0

0	1	176.709	3
1	150.00	150.00	111.45	174.58	45.72	1	13	
2	111.45	174.58	20.39	232.63	107.99	0	
3	20.39	232.63	1.00	245.00	23.00	1	1	

0	2	118.207	4
1	150.00	150.00	174.28	193.12	49.48	1	13	
2	174.28	193.12	195.15	230.19	42.54	0	
3	195.15	230.19	196.22	232.09	2.18	1	5	
4	196.22	232.09	208.00	253.00	24.00	2	2	5	

0	3	97.329	3
1	150.00	150.00	133.68	148.65	16.37	1	13	
2	133.68	148.65	76.92	143.97	56.96	0	
3	76.92	143.97	53.00	142.00	24.00	1	3	

0	4	80.050	3
1	150.00	150.00	120.53	156.80	30.24	1	13	
2	120.53	156.80	94.41	162.83	26.81	0	
3	94.41	162.83	72.00	168.00	23.00	1	4	

0	5	124.579	5
1	150.00	150.00	169.56	167.85	26.48	1	13	
2	169.56	167.85	176.48	174.18	9.38	2	12	13	
3	176.48	174.18	192.95	189.21	22.30	1	12	
4	192.95	189.21	207.29	202.31	19.42	0	
5	207.29	202.31	242.00	234.00	47.00	1	5	

0	6	171.406	7
1	150.00	150.00	168.30	162.37	22.09	1	13	
2	168.30	162.37	173.98	166.21	6.86	2	12	13	
3	173.98	166.21	207.76	189.05	40.77	1	12	
4	207.76	189.05	216.17	194.73	10.16	0	
5	216.17	194.73	288.06	243.34	86.78	1	5	
6	288.06	243.34	290.34	244.88	2.75	0	
7	290.34	244.88	292.00	246.00	2.00	1	6	

0	7	136.004	7
1	150.00	150.00	157.87	150.06	7.87	1	13	
2	157.87	150.06	168.02	150.13	10.15	0	
3	168.02	150.13	168.98	150.14	0.96	1	15	
4	168.98	150.14	207.99	150.43	39.01	2	12	15	
5	207.99	150.43	231.13	150.60	23.14	1	12	
6	231.13	150.60	272.00	150.90	40.87	0	
7	272.00	150.90	286.00	151.00	14.00	1	7	

0	8	180.602	3
1	150.00	150.00	146.13	147.07	4.86	1	13	
2	146.13	147.07	10.78	44.62	169.74	0	
3	10.78	44.62	6.00	41.00	6.00	1	8	

0	9	137.768	7
1	150.00	150.00	155.58	149.10	5.65	1	13	
2	155.58	149.10	168.40	147.02	12.99	0	
3	168.40	147.02	170.04	146.76	1.66	1	15	
4	170.04	146.76	205.35	141.05	35.77	2	12	15	
5	205.35	141.05	224.89	137.89	19.79	1	12	
6	224.89	137.89	283.04	128.48	58.91	0	
7	283.04	128.48	286.00	128.00	3.00	1	9	

0	10	30.232	2
1	150.00	150.00	137.50	168.38	22.23	1	13	
2	137.50	168.38	133.00	175.00	8.00	2	10	13	

0	11	185.981	5
1	150.00	150.00	132.60	167.01	24.34	1	13	
2	132.60	167.01	125.02	174.42	10.59	2	10	13	
3	125.02	174.42	111.82	187.32	18.46	1	13	
4	111.82	187.32	42.03	255.54	97.59	0	
5	42.03	255.54	17.00	280.00	35.00	1	11	

0	12	50.636	4
1	150.00	150.00	161.10	151.78	11.24	1	13	
2	161.10	151.78	168.09	152.89	7.08	0	
3	168.09	152.89	168.40	152.94	0.32	1	15	
4	168.40	152.94	200.00	158.00	32.00	2	12	15	

0	13	30.594	1
1	150.00	150.00	144.00	180.00	30.59	1	13	

0	14	137.873	3
1	150.00	150.00	161.96	207.68	58.91	1	13	
2	161.96	207.68	170.08	246.81	39.96	0	
3	170.08	246.81	178.00	285.00	39.00	1	14	

0	15	38.013	4
1	150.00	150.00	158.21	150.22	8.21	1	13	
2	158.21	150.22	168.01	150.47	9.80	0	
3	168.01	150.47	168.89	150.50	0.89	1	15	
4	168.89	150.50	188.00	151.00	19.11	2	12	15	

1	0	176.709	3
1	1.00	245.00	20.39	232.63	23.00	1	1	
2	20.39	232.63	111.45	174.58	107.99	0	
3	111.45	174.58	150.00	150.00	45.72	1	13	

1	1	0	0

1	2	207.155	8
1	1.00	245.00	11.65	245.41	10.66	1	1	
2	11.65	245.41	23.98	245.89	12.34	2	1	11	
3	23.98	245.89	25.00	245.93	1.02	1	11	
4	25.00	245.93	158.73	251.10	133.82	0	
5	158.73	251.10	184.02	252.07	25.31	1	14	
6	184.02	252.07	198.86	252.65	14.85	2	2	14	
7	198.86	252.65	199.83	252.68	0.98	3	2	5	14	
8	199.83	252.68	208.00	253.00	8.17	2	2	5	

1	3	115.382	3
1	1.00	245.00	11.37	224.47	23.00	1	1	
2	11.37	224.47	42.18	163.42	68.38	0	
3	42.18	163.42	53.00	142.00	24.00	1	3	

1	4	104.738	3
1	1.00	245.00	16.59	228.09	23.00	1	1	
2	16.59	228.09	56.41	184.91	58.74	0	
3	56.41	184.91	72.00	168.00	23.00	1	4	

1	5	241.251	5
1	1.00	245.00	23.98	243.95	23.00	1	1	
2	23.98	243.95	190.72	236.34	166.92	0	
3	190.72	236.34	195.05	236.14	4.33	1	2	
4	195.05	236.14	223.69	234.84	28.67	2	2	5	
5	223.69	234.84	242.00	234.00	18.33	1	5	

1	6	291.002	9
1	1.00	245.00	15.16	245.05	14.16	1	1	
2	15.16	245.05	19.08	245.06	3.93	2	1	11	
3	19.08	245.06	24.00	245.08	4.92	1	1	
4	24.00	245.08	185.16	245.63	161.16	0	
5	185.16	245.63	196.47	245.67	11.31	1	2	
6	196.47	245.67	230.89	245.79	34.42	2	2	5	
7	230.89	245.79	287.45	245.98	56.56	1	5	
8	287.45	245.98	290.00	245.99	2.55	0	
9	290.00	245.99	292.00	246.00	2.00	1	6	

1	7	300.102	7
1	1.00	245.00	22.84	237.80	23.00	1	1	
2	22.84	237.80	122.41	204.96	104.84	0	
3	122.41	204.96	176.20	187.21	56.64	1	13	
4	176.20	187.21	182.86	185.02	7.01	0	
5	182.86	185.02	229.86	169.52	49.49	1	12	
6	229.86	169.52	272.70	155.39	45.12	0	
7	272.70	155.39	286.00	151.00	14.00	1	7	

1	8	204.061	3
1	1.00	245.00	1.56	222.01	23.00	0	
2	1.56	222.01	5.85	47.00	175.06	0	
3	5.85	47.00	6.00	41.00	6.00	1	8	

1	9	308.081	9
1	1.00	245.00	22.28	236.27	23.00	1	1	
2	22.28	236.27	116.16	197.72	101.49	0	
3	116.16	197.72	172.61	174.55	61.02	1	13	
4	172.61	174.55	176.26	173.05	3.94	2	12	13	
5	176.26	173.05	182.88	170.33	7.16	1	12	
6	182.88	170.33	205.23	161.16	24.16	2	12	15	
7	205.23	161.16	231.12	150.53	27.99	1	12	
8	231.12	150.53	283.22	129.14	56.33	0	
9	283.22	129.14	286.00	128.00	3.00	1	9	

1	10	149.412	4
1	1.00	245.00	21.32	234.22	23.00	1	1	
2	21.32	234.22	111.61	186.34	102.21	0	
3	111.61	186.34	125.93	178.75	16.21	1	13	
4	125.93	178.75	133.00	175.00	8.00	2	10	13	

1	11	38.484	3
1	1.00	245.00	2.45	248.17	3.48	1	1	
2	2.45	248.17	10.56	265.92	19.52	2	1	11	
3	10.56	265.92	17.00	280.00	15.48	1	11	

1	12	217.187	6
1	1.00	245.00	22.07	235.79	23.00	1	1	
2	22.07	235.79	114.75	195.27	101.14	0	
3	114.75	195.27	170.68	170.82	61.04	1	13	
4	170.68	170.82	175.08	168.90	4.80	2	12	13	
5	175.08	168.90	177.33	167.91	2.45	1	12	
6	177.33	167.91	200.00	158.00	24.75	2	12	15	

1	13	157.080	3
1	1.00	245.00	21.94	235.48	23.00	1	1	
2	21.94	235.48	113.96	193.66	101.08	0	
3	113.96	193.66	144.00	180.00	33.00	1	13	

1	14	181.463	5
1	1.00	245.00	7.20	246.40	6.35	1	1	
2	7.20	246.40	23.43	250.07	16.65	2	1	11	
3	23.43	250.07	40.30	253.88	17.29	1	11	
4	40.30	253.88	139.96	276.40	102.17	0	
5	139.96	276.40	178.00	285.00	39.00	1	14	

1	15	209.296	8
1	1.00	245.00	21.55	234.67	23.00	1	1	
2	21.55	234.67	112.27	189.07	101.54	0	
3	112.27	189.07	127.94	181.19	17.53	1	13	
4	127.94	181.19	140.99	174.63	14.61	2	10	13	
5	140.99	174.63	168.14	160.98	30.38	1	13	
6	168.14	160.98	170.13	159.98	2.23	2	12	13	
7	170.13	159.98	170.21	159.94	0.08	3	12	13	15	
8	170.21	159.94	188.00	151.00	19.92	2	12	15	

2	0	118.207	4
1	208.00	253.00	196.22	232.09	24.00	2	2	5	
2	196.22	232.09	195.15	230.19	2.18	1	5	
3	195.15	230.19	174.28	193.12	42.54	0	
4	174.28	193.12	150.00	150.00	49.48	1	13	

2	1	207.155	8
1	208.00	253.00	199.83	252.68	8.17	2	2	5	
2	199.83	252.68	198.86	252.65	0.98	3	2	5	14	
3	198.86	252.65	184.02	252.07	14.85	2	2	14	
4	184.02	252.07	158.73	251.10	25.31	1	14	
5	158.73	251.10	25.00	245.93	133.82	0	
6	25.00	245.93	23.98	245.89	1.02	1	11	
7	23.98	245.89	11.65	245.41	12.34	2	1	11	
8	11.65	245.41	1.00	245.00	10.66	1	1	

2	2	0	0

2	3	190.646	8
1	208.00	253.00	196.20	244.55	14.51	2	2	5	
2	196.20	244.55	188.49	239.03	9.49	1	2	
3	188.49	239.03	151.07	212.23	46.02	0	
4	151.07	212.23	111.21	183.68	49.04	1	13	
5	111.21	183.68	94.68	171.85	20.33	0	
6	94.68	171.85	72.51	155.97	27.26	1	4	
7	72.51	155.97	61.06	147.77	14.09	2	3	4	
8	61.06	147.77	53.00	142.00	9.91	1	3	

2	4	160.378	5
1	208.00	253.00	196.51	245.82	13.55	2	2	5	
2	196.51	245.82	187.65	240.28	10.45	1	2	
3	187.65	240.28	144.00	213.00	51.47	0	
4	144.00	213.00	91.50	180.19	61.91	0	
5	91.50	180.19	72.00	168.00	23.00	1	4	

2	5	38.949	2
1	208.00	253.00	228.95	241.29	24.00	2	2	5	
2	228.95	241.29	242.00	234.00	14.95	1	5	

2	6	84.291	4
1	208.00	253.00	231.92	251.01	24.00	2	2	5	
2	231.92	251.01	287.34	246.39	55.61	1	5	
3	287.34	246.39	290.01	246.17	2.68	0	
4	290.01	246.17	292.00	246.00	2.00	1	6	

2	7	128.406	4
1	208.00	253.00	222.58	233.94	24.00	2	2	5	
2	222.58	233.94	256.67	189.35	56.13	1	5	
3	256.67	189.35	277.50	162.12	34.28	0	
4	277.50	162.12	286.00	151.00	14.00	1	7	

2	8	292.828	8
1	208.00	253.00	195.35	239.72	18.34	2	2	5	
2	195.35	239.72	191.44	235.62	5.66	1	2	
3	191.44	235.62	163.68	206.49	40.25	0	
4	163.68	206.49	138.86	180.44	35.98	1	13	
5	138.86	180.44	127.85	168.88	15.97	2	10	13	
6	127.85	168.88	118.49	159.06	13.56	1	13	
7	118.49	159.06	10.14	45.34	157.07	0	
8	10.14	45.34	6.00	41.00	6.00	1	8	

2	9	147.340	6
1	208.00	253.00	220.71	232.64	24.00	2	2	5	
2	220.71	232.64	248.87	187.50	53.20	1	5	
3	248.87	187.50	272.01	150.42	43.72	0	
4	272.01	150.42	279.33	138.69	13.82	1	7	
5	279.33	138.69	284.41	130.55	9.60	0	
6	284.41	130.55	286.00	128.00	3.00	1	9	

2	10	108.208	5
1	208.00	253.00	195.37	239.86	18.23	2	2	5	
2	195.37	239.86	191.37	235.70	5.77	1	2	
3	191.37	235.70	163.44	206.66	40.28	0	
4	163.44	206.66	138.54	180.77	35.93	1	13	
5	138.54	180.77	133.00	175.00	8.00	2	10	13	

2	11	192.899	6
1	208.00	253.00	201.55	253.91	6.52	2	2	5	
2	201.55	253.91	199.56	254.19	2.01	3	2	5	14	
3	199.56	254.19	184.24	256.36	15.48	2	2	14	
4	184.24	256.36	146.76	261.66	37.85	1	14	
5	146.76	261.66	51.66	275.10	96.05	0	
6	51.66	275.10	17.00	280.00	35.00	1	11	

2	12	95.336	5
1	208.00	253.00	205.99	229.08	24.00	2	2	5	
2	205.99	229.08	204.06	206.25	22.91	0	
3	204.06	206.25	202.69	189.89	16.43	0	
4	202.69	189.89	200.71	166.44	23.53	1	12	
5	200.71	166.44	200.00	158.00	8.47	2	12	15	

2	13	97.082	4
1	208.00	253.00	195.21	238.41	19.41	2	2	5	
2	195.21	238.41	192.18	234.95	4.59	1	2	
3	192.18	234.95	165.75	204.81	40.08	0	
4	165.75	204.81	144.00	180.00	33.00	1	13	

2	14	43.863	4
1	208.00	253.00	204.67	256.55	4.86	2	2	5	
2	204.67	256.55	202.27	259.11	3.51	3	2	5	14	
3	202.27	259.11	191.59	270.51	15.62	2	2	14	
4	191.59	270.51	178.00	285.00	19.86	1	14	

2	15	103.942	5
1	208.00	253.00	203.38	229.45	24.00	2	2	5	
2	203.38	229.45	200.10	212.71	17.06	1	5	
3	200.10	212.71	195.59	189.69	23.45	0	
4	195.59	189.69	191.85	170.63	19.43	1	12	
5	191.85	170.63	188.00	151.00	20.00	2	12	15	

3	0	97.329	3
1	53.00	142.00	76.92	143.97	24.00	1	3	
2	76.92	143.97	133.68	148.65	56.96	0	
3	133.68	148.65	150.00	150.00	16.37	1	13	

3	1	115.382	3
1	53.00	142.00	42.18	163.42	24.00	1	3	
2	42.18	163.42	11.37	224.47	68.38	0	
3	11.37	224.47	1.00	245.00	23.00	1	1	

3	2	190.646	8
1	53.00	142.00	61.06	147.77	9.91	1	3	
2	61.06	147.77	72.51	155.97	14.09	2	3	4	
3	72.51	155.97	94.68	171.85	27.26	1	4	
4	94.68	171.85	111.21	183.68	20.33	0	
5	111.21	183.68	151.07	212.23	49.04	1	13	
6	151.07	212.23	188.49	239.03	46.02	0	
7	188.49	239.03	196.20	244.55	9.49	1	2	
8	196.20	244.55	208.00	253.00	14.51	2	2	5	

3	3	0	0

3	4	32.202	3
1	53.00	142.00	58.43	149.43	9.20	1	3	
2	58.43	149.43	67.16	161.38	14.80	2	3	4	
3	67.16	161.38	72.00	168.00	8.20	1	4	

3	5	210.202	9
1	53.00	142.00	62.96	146.85	11.08	1	3	
2	62.96	146.85	74.58	152.50	12.92	2	3	4	
3	74.58	152.50	94.22	162.07	21.85	1	4	
4	94.22	162.07	112.29	170.86	20.10	0	
5	112.29	170.86	125.31	177.20	14.48	1	13	
6	125.31	177.20	136.02	182.41	11.91	2	10	13	
7	136.02	182.41	170.75	199.32	38.63	1	13	
8	170.75	199.32	199.74	213.43	32.24	0	
9	199.74	213.43	242.00	234.00	47.00	1	5	

3	6	260.647	11
1	53.00	142.00	63.57	146.60	11.53	1	3	
2	63.57	146.60	75.01	151.58	12.47	2	3	4	
3	75.01	151.58	93.40	159.58	20.06	1	4	
4	93.40	159.58	113.19	168.19	21.57	0	
5	113.19	168.19	125.16	173.40	13.06	1	13	
6	125.16	173.40	139.51	179.65	15.65	2	10	13	
7	139.51	179.65	173.64	194.50	37.22	1	13	
8	173.64	194.50	203.26	207.39	32.30	0	
9	203.26	207.39	287.88	244.21	92.28	1	5	
10	287.88	244.21	290.17	245.20	2.49	0	
11	290.17	245.20	292.00	246.00	2.00	1	6	

3	7	233.174	7
1	53.00	142.00	76.98	142.93	24.00	1	3	
2	76.98	142.93	168.52	146.46	91.61	0	
3	168.52	146.46	170.13	146.52	1.61	1	15	
4	170.13	146.52	207.77	147.98	37.67	2	12	15	
5	207.77	147.98	230.67	148.86	22.91	1	12	
6	230.67	148.86	272.01	150.46	41.37	0	
7	272.01	150.46	286.00	151.00	14.00	1	7	

3	8	111.400	3
1	53.00	142.00	42.87	120.24	24.00	1	3	
2	42.87	120.24	8.53	46.44	81.40	0	
3	8.53	46.44	6.00	41.00	6.00	1	8	

3	9	233.420	7
1	53.00	142.00	76.96	140.56	24.00	1	3	
2	76.96	140.56	176.59	134.57	99.81	0	
3	176.59	134.57	178.31	134.47	1.73	1	15	
4	178.31	134.47	197.36	133.33	19.08	2	12	15	
5	197.36	133.33	218.71	132.04	21.39	1	12	
6	218.71	132.04	283.01	128.18	64.41	0	
7	283.01	128.18	286.00	128.00	3.00	1	9	

3	10	86.539	6
1	53.00	142.00	63.87	146.48	11.76	1	3	
2	63.87	146.48	75.19	151.15	12.24	2	3	4	
3	75.19	151.15	92.93	158.47	19.20	1	4	
4	92.93	158.47	113.66	167.02	22.42	0	
5	113.66	167.02	125.60	171.95	12.92	1	13	
6	125.60	171.95	133.00	175.00	8.00	2	10	13	

3	11	142.618	3
1	53.00	142.00	46.94	165.22	24.00	1	3	
2	46.94	165.22	25.83	246.13	83.62	0	
3	25.83	246.13	17.00	280.00	35.00	1	11	

3	12	147.868	6
1	53.00	142.00	76.86	144.60	24.00	1	3	
2	76.86	144.60	129.55	150.33	53.00	0	
3	129.55	150.33	164.49	154.14	35.15	1	13	
4	164.49	154.14	168.19	154.54	3.72	0	
5	168.19	154.54	168.32	154.55	0.13	1	12	
6	168.32	154.55	200.00	158.00	31.87	2	12	15	

3	13	98.615	7
1	53.00	142.00	63.80	146.51	11.71	1	3	
2	63.80	146.51	75.15	151.25	12.29	2	3	4	
3	75.15	151.25	93.05	158.72	19.40	1	4	
4	93.05	158.72	113.55	167.28	22.22	0	
5	113.55	167.28	125.48	172.27	12.93	1	13	
6	125.48	172.27	140.23	178.43	15.98	2	10	13	
7	140.23	178.43	144.00	180.00	4.09	1	13	

3	14	189.932	5
1	53.00	142.00	59.09	148.97	9.25	1	3	
2	59.09	148.97	68.80	160.07	14.75	2	3	4	
3	68.80	160.07	89.14	183.34	30.91	1	4	
4	89.14	183.34	152.33	255.64	96.02	0	
5	152.33	255.64	178.00	285.00	39.00	1	14	

3	15	135.300	6
1	53.00	142.00	76.95	143.60	24.00	1	3	
2	76.95	143.60	137.55	147.64	60.74	0	
3	137.55	147.64	154.69	148.78	17.18	1	13	
4	154.69	148.78	168.04	149.67	13.38	0	
5	168.04	149.67	169.08	149.74	1.04	1	15	
6	169.08	149.74	188.00	151.00	18.96	2	12	15	

4	0	80.050	3
1	72.00	168.00	94.41	162.83	23.00	1	4	
2	94.41	162.83	120.53	156.80	26.81	0	
3	120.53	156.80	150.00	150.00	30.24	1	13	

4	1	104.738	3
1	72.00	168.00	56.41	184.91	23.00	1	4	
2	56.41	184.91	16.59	228.09	58.74	0	
3	16.59	228.09	1.00	245.00	23.00	1	1	

4	2	160.378	5
1	72.00	168.00	91.50	180.19	23.00	1	4	
2	91.50	180.19	144.00	213.00	61.91	0	
3	144.00	213.00	187.65	240.28	51.47	0	
4	187.65	240.28	196.51	245.82	10.45	1	2	
5	196.51	245.82	208.00	253.00	13.55	2	2	5	

4	3	32.202	3
1	72.00	168.00	67.16	161.38	8.20	1	4	
2	67.16	161.38	58.43	149.43	14.80	2	3	4	
3	58.43	149.43	53.00	142.00	9.20	1	3	

4	4	0	0

4	5	182.362	5
1	72.00	168.00	93.44	176.32	23.00	1	4	
2	93.44	176.32	111.16	183.20	19.00	0	
3	111.16	183.20	166.08	204.53	58.92	1	13	
4	166.08	204.53	198.19	216.99	34.44	0	
5	198.19	216.99	242.00	234.00	47.00	1	5	

4	6	233.418	7
1	72.00	168.00	93.68	175.69	23.00	1	4	
2	93.68	175.69	111.05	181.85	18.43	0	
3	111.05	181.85	168.43	202.19	60.88	1	13	
4	168.43	202.19	199.80	213.31	33.28	0	
5	199.80	213.31	287.81	244.51	93.38	1	5	
6	287.81	244.51	290.12	245.33	2.45	0	
7	290.12	245.33	292.00	246.00	2.00	1	6	

4	7	214.674	9
1	72.00	168.00	94.93	166.18	23.00	1	4	
2	94.93	166.18	114.81	164.60	19.95	0	
3	114.81	164.60	168.09	160.37	53.44	1	13	
4	168.09	160.37	170.24	160.20	2.16	2	12	13	
5	170.24	160.20	170.39	160.18	0.15	3	12	13	15	
6	170.39	160.18	206.99	157.28	36.72	2	12	15	
7	206.99	157.28	231.89	155.30	24.97	1	12	
8	231.89	155.30	272.04	152.11	40.28	0	
9	272.04	152.11	286.00	151.00	14.00	1	7	

4	8	143.126	5
1	72.00	168.00	68.16	160.61	8.33	1	4	
2	68.16	160.61	61.39	147.59	14.67	2	3	4	
3	61.39	147.59	46.48	118.90	32.33	1	3	
4	46.48	118.90	8.77	46.32	81.79	0	
5	8.77	46.32	6.00	41.00	6.00	1	8	

4	9	217.706	9
1	72.00	168.00	94.61	163.77	23.00	1	4	
2	94.61	163.77	118.26	159.35	24.06	0	
3	118.26	159.35	160.55	151.45	43.02	1	13	
4	160.55	151.45	168.02	150.05	7.60	0	
5	168.02	150.05	169.05	149.86	1.05	1	15	
6	169.05	149.86	206.29	142.90	37.88	2	12	15	
7	206.29	142.90	225.92	139.23	19.97	1	12	
8	225.92	139.23	283.05	128.55	58.12	0	
9	283.05	128.55	286.00	128.00	3.00	1	9	

4	10	61.400	4
1	72.00	168.00	94.85	170.62	23.00	1	4	
2	94.85	170.62	111.85	172.57	17.11	0	
3	111.85	172.57	125.05	174.09	13.29	1	13	
4	125.05	174.09	133.00	175.00	8.00	2	10	13	

4	11	124.776	3
1	72.00	168.00	61.86	188.65	23.00	1	4	
2	61.86	188.65	32.43	248.58	66.78	0	
3	32.43	248.58	17.00	280.00	35.00	1	11	

4	12	128.390	6
1	72.00	168.00	94.93	166.21	23.00	1	4	
2	94.93	166.21	114.78	164.66	19.91	0	
3	114.78	164.66	168.10	160.49	53.48	1	13	
4	168.10	160.49	170.30	160.32	2.21	2	12	13	
5	170.30	160.32	170.48	160.31	0.18	3	12	13	15	
6	170.48	160.31	200.00	158.00	29.61	2	12	15	

4	13	72.993	5
1	72.00	168.00	94.69	171.78	23.00	1	4	
2	94.69	171.78	111.45	174.57	16.99	0	
3	111.45	174.57	125.22	176.87	13.96	1	13	
4	125.22	176.87	139.75	179.29	14.73	2	10	13	
5	139.75	179.29	144.00	180.00	4.31	1	13	

4	14	157.877	3
1	72.00	168.00	87.44	185.04	23.00	1	4	
2	87.44	185.04	151.81	256.10	95.88	0	
3	151.81	256.10	178.00	285.00	39.00	1	14	

4	15	117.239	6
1	72.00	168.00	94.76	164.66	23.00	1	4	
2	94.76	164.66	116.71	161.45	22.19	0	
3	116.71	161.45	164.82	154.40	48.63	1	13	
4	164.82	154.40	168.21	153.90	3.43	0	
5	168.21	153.90	168.26	153.89	0.05	1	15	
6	168.26	153.89	188.00	151.00	19.95	2	12	15	

5	0	124.579	5
1	242.00	234.00	207.29	202.31	47.00	1	5	
2	207.29	202.31	192.95	189.21	19.42	0	
3	192.95	189.21	176.48	174.18	22.30	1	12	
4	176.48	174.18	169.56	167.85	9.38	2	12	13	
5	169.56	167.85	150.00	150.00	26.48	1	13	

5	1	241.251	5
1	242.00	234.00	223.69	234.84	18.33	1	5	
2	223.69	234.84	195.05	236.14	28.67	2	2	5	
3	195.05	236.14	190.72	236.34	4.33	1	2	
4	190.72	236.34	23.98	243.95	166.92	0	
5	23.98	243.95	1.00	245.00	23.00	1	1	

5	2	38.949	2
1	242.00	234.00	228.95	241.29	14.95	1	5	
2	228.95	241.29	208.00	253.00	24.00	2	2	5	

5	3	210.202	9
1	242.00	234.00	199.74	213.43	47.00	1	5	
2	199.74	213.43	170.75	199.32	32.24	0	
3	170.75	199.32	136.02	182.41	38.63	1	13	
4	136.02	182.41	125.31	177.20	11.91	2	10	13	
5	125.31	177.20	112.29	170.86	14.48	1	13	
6	112.29	170.86	94.22	162.07	20.10	0	
7	94.22	162.07	74.58	152.50	21.85	1	4	
8	74.58	152.50	62.96	146.85	12.92	2	3	4	
9	62.96	146.85	53.00	142.00	11.08	1	3	

5	4	182.362	5
1	242.00	234.00	198.19	216.99	47.00	1	5	
2	198.19	216.99	166.08	204.53	34.44	0	
3	166.08	204.53	111.16	183.20	58.92	1	13	
4	111.16	183.20	93.44	176.32	19.00	0	
5	93.44	176.32	72.00	168.00	23.00	1	4	

5	5	0	0

5	6	51.420	3
1	242.00	234.00	287.70	244.97	47.00	1	5	
2	287.70	244.97	290.06	245.53	2.42	0	
3	290.06	245.53	292.00	246.00	2.00	1	6	

5	7	93.941	3
1	242.00	234.00	264.01	192.47	47.00	1	5	
2	264.01	192.47	279.44	163.37	32.94	0	
3	279.44	163.37	286.00	151.00	14.00	1	7	

5	8	304.869	5
1	242.00	234.00	205.62	204.25	47.00	1	5	
2	205.62	204.25	176.99	180.83	36.98	0	
3	176.99	180.83	136.63	147.83	52.13	1	13	
4	136.63	147.83	10.64	44.80	162.76	0	
5	10.64	44.80	6.00	41.00	6.00	1	8	

5	9	114.769	5
1	242.00	234.00	260.02	190.59	47.00	1	5	
2	260.02	190.59	273.69	157.66	35.65	0	
3	273.69	157.66	282.02	137.58	21.75	1	7	
4	282.02	137.58	284.85	130.77	7.37	0	
5	284.85	130.77	286.00	128.00	3.00	1	9	

5	10	123.944	4
1	242.00	234.00	200.67	211.63	47.00	1	5	
2	200.67	211.63	172.61	196.44	31.90	0	
3	172.61	196.44	140.04	178.81	37.04	1	13	
4	140.04	178.81	133.00	175.00	8.00	2	10	13	

5	11	229.654	7
1	242.00	234.00	226.11	237.25	16.22	1	5	
2	226.11	237.25	195.95	243.41	30.78	2	2	5	
3	195.95	243.41	185.16	245.62	11.01	1	2	
4	185.16	245.62	182.20	246.23	3.03	0	
5	182.20	246.23	158.92	250.98	23.76	1	14	
6	158.92	250.98	51.29	272.99	109.86	0	
7	51.29	272.99	17.00	280.00	35.00	1	11	

5	12	86.833	4
1	242.00	234.00	219.27	192.86	47.00	1	5	
2	219.27	192.86	215.48	186.01	7.83	0	
3	215.48	186.01	203.27	163.92	25.24	1	12	
4	203.27	163.92	200.00	158.00	6.76	2	12	15	

5	13	111.893	3
1	242.00	234.00	200.84	211.32	47.00	1	5	
2	200.84	211.32	172.90	195.93	31.89	0	
3	172.90	195.93	144.00	180.00	33.00	1	13	

5	14	81.835	5
1	242.00	234.00	230.05	243.52	15.28	1	5	
2	230.05	243.52	208.50	260.70	27.55	2	2	5	
3	208.50	260.70	205.24	263.29	4.16	3	2	5	14	
4	205.24	263.29	193.84	272.38	14.58	2	2	14	
5	193.84	272.38	178.00	285.00	20.25	1	14	

5	15	99.020	4
1	242.00	234.00	216.37	194.60	47.00	1	5	
2	216.37	194.60	211.88	187.71	8.22	0	
3	211.88	187.71	198.91	167.76	23.80	1	12	
4	198.91	167.76	188.00	151.00	20.00	2	12	15	

6	0	171.406	7
1	292.00	246.00	290.34	244.88	2.00	1	6	
2	290.34	244.88	288.06	243.34	2.75	0	
3	288.06	243.34	216.17	194.73	86.78	1	5	
4	216.17	194.73	207.76	189.05	10.16	0	
5	207.76	189.05	173.98	166.21	40.77	1	12	
6	173.98	166.21	168.30	162.37	6.86	2	12	13	
7	168.30	162.37	150.00	150.00	22.09	1	13	

6	1	291.002	9
1	292.00	246.00	290.00	245.99	2.00	1	6	
2	290.00	245.99	287.45	245.98	2.55	0	
3	287.45	245.98	230.89	245.79	56.56	1	5	
4	230.89	245.79	196.47	245.67	34.42	2	2	5	
5	196.47	245.67	185.16	245.63	11.31	1	2	
6	185.16	245.63	24.00	245.08	161.16	0	
7	24.00	245.08	19.08	245.06	4.92	1	1	
8	19.08	245.06	15.16	245.05	3.93	2	1	11	
9	15.16	245.05	1.00	245.00	14.16	1	1	

6	2	84.291	4
1	292.00	246.00	290.01	246.17	2.00	1	6	
2	290.01	246.17	287.34	246.39	2.68	0	
3	287.34	246.39	231.92	251.01	55.61	1	5	
4	231.92	251.01	208.00	253.00	24.00	2	2	5	

6	3	260.647	11
1	292.00	246.00	290.17	245.20	2.00	1	6	
2	290.17	245.20	287.88	244.21	2.49	0	
3	287.88	244.21	203.26	207.39	92.28	1	5	
4	203.26	207.39	173.64	194.50	32.30	0	
5	173.64	194.50	139.51	179.65	37.22	1	13	
6	139.51	179.65	125.16	173.40	15.65	2	10	13	
7	125.16	173.40	113.19	168.19	13.06	1	13	
8	113.19	168.19	93.40	159.58	21.57	0	
9	93.40	159.58	75.01	151.58	20.06	1	4	
10	75.01	151.58	63.57	146.60	12.47	2	3	4	
11	63.57	146.60	53.00	142.00	11.53	1	3	

6	4	233.418	7
1	292.00	246.00	290.12	245.33	2.00	1	6	
2	290.12	245.33	287.81	244.51	2.45	0	
3	287.81	244.51	199.80	213.31	93.38	1	5	
4	199.80	213.31	168.43	202.19	33.28	0	
5	168.43	202.19	111.05	181.85	60.88	1	13	
6	111.05	181.85	93.68	175.69	18.43	0	
7	93.68	175.69	72.00	168.00	23.00	1	4	

6	5	51.420	3
1	292.00	246.00	290.06	245.53	2.00	1	6	
2	290.06	245.53	287.70	244.97	2.42	0	
3	287.70	244.97	242.00	234.00	47.00	1	5	

6	6	0	0

6	7	95.189	3
1	292.00	246.00	291.87	244.00	2.00	1	6	
2	291.87	244.00	286.88	164.97	79.19	0	
3	286.88	164.97	286.00	151.00	14.00	0	

6	8	351.882	11
1	292.00	246.00	290.37	244.83	2.00	1	6	
2	290.37	244.83	288.09	243.20	2.81	0	
3	288.09	243.20	218.48	193.31	85.64	1	5	
4	218.48	193.31	211.10	188.01	9.08	0	
5	211.10	188.01	187.35	170.99	29.22	1	12	
6	187.35	170.99	169.28	158.03	22.24	2	12	15	
7	169.28	158.03	168.01	157.13	1.56	1	12	
8	168.01	157.13	167.25	156.58	0.94	0	
9	167.25	156.58	158.71	150.46	10.51	1	13	
10	158.71	150.46	10.88	44.50	181.89	0	
11	10.88	44.50	6.00	41.00	6.00	1	8	

6	9	118.152	5
1	292.00	246.00	291.90	244.00	2.00	1	6	
2	291.90	244.00	287.87	164.87	79.23	0	
3	287.87	164.87	286.46	137.01	27.90	1	7	
4	286.46	137.01	286.15	131.00	6.02	0	
5	286.15	131.00	286.00	128.00	3.00	1	9	

6	10	174.132	6
1	292.00	246.00	290.17	245.18	2.00	1	6	
2	290.17	245.18	287.89	244.16	2.50	0	
3	287.89	244.16	203.80	206.62	92.09	1	5	
4	203.80	206.62	174.16	193.38	32.46	0	
5	174.16	193.38	140.30	178.26	37.08	1	13	
6	140.30	178.26	133.00	175.00	8.00	2	10	13	

6	11	277.094	9
1	292.00	246.00	290.02	246.25	2.00	1	6	
2	290.02	246.25	287.28	246.58	2.75	0	
3	287.28	246.58	232.00	253.42	55.71	1	5	
4	232.00	253.42	204.91	256.77	27.30	2	2	5	
5	204.91	256.77	201.14	257.23	3.79	3	2	5	14	
6	201.14	257.23	184.83	259.25	16.44	2	2	14	
7	184.83	259.25	145.03	264.17	40.10	1	14	
8	145.03	264.17	51.74	275.71	94.00	0	
9	51.74	275.71	17.00	280.00	35.00	1	11	

6	12	127.311	6
1	292.00	246.00	290.55	244.62	2.00	1	6	
2	290.55	244.62	288.24	242.41	3.20	0	
3	288.24	242.41	231.55	188.18	78.45	1	5	
4	231.55	188.18	223.12	180.12	11.66	0	
5	223.12	180.12	204.50	162.30	25.77	1	12	
6	204.50	162.30	200.00	158.00	6.23	2	12	15	

6	13	162.049	5
1	292.00	246.00	290.17	245.19	2.00	1	6	
2	290.17	245.19	287.89	244.17	2.50	0	
3	287.89	244.17	203.77	206.66	92.10	1	5	
4	203.77	206.66	174.14	193.44	32.45	0	
5	174.14	193.44	144.00	180.00	33.00	1	13	

6	14	120.487	7
1	292.00	246.00	290.11	246.65	2.00	1	6	
2	290.11	246.65	286.95	247.73	3.34	0	
3	286.95	247.73	226.36	268.46	64.04	1	5	
4	226.36	268.46	214.90	272.38	12.11	2	2	5	
5	214.90	272.38	214.88	272.38	0.02	3	2	5	14	
6	214.88	272.38	202.95	276.46	12.60	2	2	14	
7	202.95	276.46	178.00	285.00	26.37	1	14	

6	15	140.858	6
1	292.00	246.00	290.52	244.65	2.00	1	6	
2	290.52	244.65	288.22	242.54	3.12	0	
3	288.22	242.54	229.32	188.74	79.77	1	5	
4	229.32	188.74	221.56	181.65	10.52	0	
5	221.56	181.65	202.77	164.49	25.45	1	12	
6	202.77	164.49	188.00	151.00	20.00	2	12	15	

7	0	136.004	7
1	286.00	151.00	272.00	150.90	14.00	1	7	
2	272.00	150.90	231.13	150.60	40.87	0	
3	231.13	150.60	207.99	150.43	23.14	1	12	
4	207.99	150.43	168.98	150.14	39.01	2	12	15	
5	168.98	150.14	168.02	150.13	0.96	1	15	
6	168.02	150.13	157.87	150.06	10.15	0	
7	157.87	150.06	150.00	150.00	7.87	1	13	

7	1	300.102	7
1	286.00	151.00	272.70	155.39	14.00	1	7	
2	272.70	155.39	229.86	169.52	45.12	0	
3	229.86	169.52	182.86	185.02	49.49	1	12	
4	182.86	185.02	176.20	187.21	7.01	0	
5	176.20	187.21	122.41	204.96	56.64	1	13	
6	122.41	204.96	22.84	237.80	104.84	0	
7	22.84	237.80	1.00	245.00	23.00	1	1	

7	2	128.406	4
1	286.00	151.00	277.50	162.12	14.00	1	7	
2	277.50	162.12	256.67	189.35	34.28	0	
3	256.67	189.35	222.58	233.94	56.13	1	5	
4	222.58	233.94	208.00	253.00	24.00	2	2	5	

7	3	233.174	7
1	286.00	151.00	272.01	150.46	14.00	1	7	
2	272.01	150.46	230.67	148.86	41.37	0	
3	230.67	148.86	207.77	147.98	22.91	1	12	
4	207.77	147.98	170.13	146.52	37.67	2	12	15	
5	170.13	146.52	168.52	146.46	1.61	1	15	
6	168.52	146.46	76.98	142.93	91.61	0	
7	76.98	142.93	53.00	142.00	24.00	1	3	

7	4	214.674	9
1	286.00	151.00	272.04	152.11	14.00	1	7	
2	272.04	152.11	231.89	155.30	40.28	0	
3	231.89	155.30	206.99	157.28	24.97	1	12	
4	206.99	157.28	170.39	160.18	36.72	2	12	15	
5	170.39	160.18	170.24	160.20	0.15	3	12	13	15	
6	170.24	160.20	168.09	160.37	2.16	2	12	13	
7	168.09	160.37	114.81	164.60	53.44	1	13	
8	114.81	164.60	94.93	166.18	19.95	0	
9	94.93	166.18	72.00	168.00	23.00	1	4	

7	5	93.941	3
1	286.00	151.00	279.44	163.37	14.00	1	7	
2	279.44	163.37	264.01	192.47	32.94	0	
3	264.01	192.47	242.00	234.00	47.00	1	5	

7	6	95.189	3
1	286.00	151.00	286.88	164.97	14.00	0	
2	286.88	164.97	291.87	244.00	79.19	0	
3	291.87	244.00	292.00	246.00	2.00	1	6	

7	7	0	0

7	8	300.832	3
1	286.00	151.00	272.97	145.88	14.00	1	7	
2	272.97	145.88	11.58	43.19	280.83	0	
3	11.58	43.19	6.00	41.00	6.00	1	8	

7	9	23.000	3
1	286.00	151.00	286.00	137.00	14.00	1	7	
2	286.00	137.00	286.00	131.00	6.00	0	
3	286.00	131.00	286.00	128.00	3.00	1	9	

7	10	154.871	8
1	286.00	151.00	272.17	153.17	14.00	1	7	
2	272.17	153.17	231.97	159.48	40.69	0	
3	231.97	159.48	203.21	163.99	29.11	1	12	
4	203.21	163.99	177.50	168.02	26.03	2	12	15	
5	177.50	168.02	174.90	168.43	2.62	1	12	
6	174.90	168.43	170.02	169.19	4.94	2	12	13	
7	170.02	169.19	140.90	173.76	29.47	1	13	
8	140.90	173.76	133.00	175.00	8.00	2	10	13	

7	11	298.332	5
1	286.00	151.00	273.38	157.05	14.00	1	7	
2	273.38	157.05	220.93	182.20	58.16	0	
3	220.93	182.20	205.77	189.48	16.82	1	12	
4	205.77	189.48	48.56	264.87	174.35	0	
5	48.56	264.87	17.00	280.00	35.00	1	11	

7	12	86.284	4
1	286.00	151.00	272.05	152.14	14.00	1	7	
2	272.05	152.14	231.89	155.40	40.28	0	
3	231.89	155.40	206.94	157.44	25.04	1	12	
4	206.94	157.44	200.00	158.00	6.96	2	12	15	

7	13	144.931	7
1	286.00	151.00	272.28	153.80	14.00	1	7	
2	272.28	153.80	231.74	162.08	41.38	0	
3	231.74	162.08	195.78	169.43	36.70	1	12	
4	195.78	169.43	188.07	171.00	7.87	2	12	15	
5	188.07	171.00	176.33	173.40	11.98	1	12	
6	176.33	173.40	172.40	174.20	4.01	2	12	13	
7	172.40	174.20	144.00	180.00	28.99	1	13	

7	14	172.105	7
1	286.00	151.00	277.21	161.90	14.00	1	7	
2	277.21	161.90	255.41	188.95	34.75	0	
3	255.41	188.95	220.37	232.43	55.84	1	5	
4	220.37	232.43	202.47	254.63	28.52	2	2	5	
5	202.47	254.63	200.83	256.67	2.62	3	2	5	14	
6	200.83	256.67	190.53	269.45	16.42	2	2	14	
7	190.53	269.45	178.00	285.00	19.97	1	14	

7	15	98.000	4
1	286.00	151.00	272.00	151.00	14.00	1	7	
2	272.00	151.00	231.22	151.00	40.78	0	
3	231.22	151.00	208.00	151.00	23.22	1	12	
4	208.00	151.00	188.00	151.00	20.00	2	12	15	

8	0	180.602	3
1	6.00	41.00	10.78	44.62	6.00	1	8	
2	10.78	44.62	146.13	147.07	169.74	0	
3	146.13	147.07	150.00	150.00	4.86	1	13	

8	1	204.061	3
1	6.00	41.00	5.85	47.00	6.00	1	8	
2	5.85	47.00	1.56	222.01	175.06	0	
3	1.56	222.01	1.00	245.00	23.00	0	

8	2	292.828	8
1	6.00	41.00	10.14	45.34	6.00	1	8	
2	10.14	45.34	118.49	159.06	157.07	0	
3	118.49	159.06	127.85	168.88	13.56	1	13	
4	127.85	168.88	138.86	180.44	15.97	2	10	13	
5	138.86	180.44	163.68	206.49	35.98	1	13	
6	163.68	206.49	191.44	235.62	40.25	0	
7	191.44	235.62	195.35	239.72	5.66	1	2	
8	195.35	239.72	208.00	253.00	18.34	2	2	5	

8	3	111.400	3
1	6.00	41.00	8.53	46.44	6.00	1	8	
2	8.53	46.44	42.87	120.24	81.40	0	
3	42.87	120.24	53.00	142.00	24.00	1	3	

8	4	143.126	5
1	6.00	41.00	8.77	46.32	6.00	1	8	
2	8.77	46.32	46.48	118.90	81.79	0	
3	46.48	118.90	61.39	147.59	32.33	1	3	
4	61.39	147.59	68.16	160.61	14.67	2	3	4	
5	68.16	160.61	72.00	168.00	8.33	1	4	

8	5	304.869	5
1	6.00	41.00	10.64	44.80	6.00	1	8	
2	10.64	44.80	136.63	147.83	162.76	0	
3	136.63	147.83	176.99	180.83	52.13	1	13	
4	176.99	180.83	205.62	204.25	36.98	0	
5	205.62	204.25	242.00	234.00	47.00	1	5	

8	6	351.882	11
1	6.00	41.00	10.88	44.50	6.00	1	8	
2	10.88	44.50	158.71	150.46	181.89	0	
3	158.71	150.46	167.25	156.58	10.51	1	13	
4	167.25	156.58	168.01	157.13	0.94	0	
5	168.01	157.13	169.28	158.03	1.56	1	12	
6	169.28	158.03	187.35	170.99	22.24	2	12	15	
7	187.35	170.99	211.10	188.01	29.22	1	12	
8	211.10	188.01	218.48	193.31	9.08	0	
9	218.48	193.31	288.09	243.20	85.64	1	5	
10	288.09	243.20	290.37	244.83	2.81	0	
11	290.37	244.83	292.00	246.00	2.00	1	6	

8	7	300.832	3
1	6.00	41.00	11.58	43.19	6.00	1	8	
2	11.58	43.19	272.97	145.88	280.83	0	
3	272.97	145.88	286.00	151.00	14.00	1	7	

8	8	0	0

8	9	293.205	3
1	6.00	41.00	11.73	42.78	6.00	1	8	
2	11.73	42.78	283.14	127.11	284.20	0	
3	283.14	127.11	286.00	128.00	3.00	1	9	

8	10	184.621	4
1	6.00	41.00	10.13	45.35	6.00	1	8	
2	10.13	45.35	118.22	159.40	157.13	0	
3	118.22	159.40	127.50	169.19	13.49	1	13	
4	127.50	169.19	133.00	175.00	8.00	2	10	13	

8	11	239.253	5
1	6.00	41.00	6.28	46.99	6.00	0	
2	6.28	46.99	14.53	226.40	179.60	0	
3	14.53	226.40	15.39	245.04	18.65	1	1	
4	15.39	245.04	16.18	262.27	17.26	1	1	
5	16.18	262.27	17.00	280.00	17.74	1	11	

8	12	226.550	4
1	6.00	41.00	11.14	44.10	6.00	1	8	
2	11.14	44.10	170.98	140.50	186.66	0	
3	170.98	140.50	172.60	141.47	1.89	1	15	
4	172.60	141.47	200.00	158.00	32.00	2	12	15	

8	13	195.870	5
1	6.00	41.00	10.23	45.26	6.00	1	8	
2	10.23	45.26	120.75	156.58	156.87	0	
3	120.75	156.58	131.28	167.19	14.95	1	13	
4	131.28	167.19	140.80	176.78	13.51	2	10	13	
5	140.80	176.78	144.00	180.00	4.54	1	13	

8	14	298.530	9
1	6.00	41.00	9.46	45.90	6.00	1	8	
2	9.46	45.90	61.33	119.49	90.03	0	
3	61.33	119.49	77.00	141.72	27.19	1	3	
4	77.00	141.72	80.44	146.61	5.98	0	
5	80.44	146.61	94.99	167.24	25.24	1	4	
6	94.99	167.24	114.74	195.26	34.28	0	
7	114.74	195.26	119.80	202.43	8.78	1	13	
8	119.80	202.43	155.53	253.12	62.02	0	
9	155.53	253.12	178.00	285.00	39.00	1	14	

8	15	212.659	4
1	6.00	41.00	11.13	44.10	6.00	1	8	
2	11.13	44.10	170.88	140.65	186.66	0	
3	170.88	140.65	172.50	141.63	1.89	1	15	
4	172.50	141.63	188.00	151.00	18.11	2	12	15	

9	0	137.768	7
1	286.00	128.00	283.04	128.48	3.00	1	9	
2	283.04	128.48	224.89	137.89	58.91	0	
3	224.89	137.89	205.35	141.05	19.79	1	12	
4	205.35	141.05	170.04	146.76	35.77	2	12	15	
5	170.04	146.76	168.40	147.02	1.66	1	15	
6	168.40	147.02	155.58	149.10	12.99	0	
7	155.58	149.10	150.00	150.00	5.65	1	13	

9	1	308.081	9
1	286.00	128.00	283.22	129.14	3.00	1	9	
2	283.22	129.14	231.12	150.53	56.33	0	
3	231.12	150.53	205.23	161.16	27.99	1	12	
4	205.23	161.16	182.88	170.33	24.16	2	12	15	
5	182.88	170.33	176.26	173.05	7.16	1	12	
6	176.26	173.05	172.61	174.55	3.94	2	12	13	
7	172.61	174.55	116.16	197.72	61.02	1	13	
8	116.16	197.72	22.28	236.27	101.49	0	
9	22.28	236.27	1.00	245.00	23.00	1	1	

9	2	147.340	6
1	286.00	128.00	284.41	130.55	3.00	1	9	
2	284.41	130.55	279.33	138.69	9.60	0	
3	279.33	138.69	272.01	150.42	13.82	1	7	
4	272.01	150.42	248.87	187.50	43.72	0	
5	248.87	187.50	220.71	232.64	53.20	1	5	
6	220.71	232.64	208.00	253.00	24.00	2	2	5	

9	3	233.420	7
1	286.00	128.00	283.01	128.18	3.00	1	9	
2	283.01	128.18	218.71	132.04	64.41	0	
3	218.71	132.04	197.36	133.33	21.39	1	12	
4	197.36	133.33	178.31	134.47	19.08	2	12	15	
5	178.31	134.47	176.59	134.57	1.73	1	15	
6	176.59	134.57	76.96	140.56	99.81	0	
7	76.96	140.56	53.00	142.00	24.00	1	3	

9	4	217.706	9
1	286.00	128.00	283.05	128.55	3.00	1	9	
2	283.05	128.55	225.92	139.23	58.12	0	
3	225.92	139.23	206.29	142.90	19.97	1	12	
4	206.29	142.90	169.05	149.86	37.88	2	12	15	
5	169.05	149.86	168.02	150.05	1.05	1	15	
6	168.02	150.05	160.55	151.45	7.60	0	
7	160.55	151.45	118.26	159.35	43.02	1	13	
8	118.26	159.35	94.61	163.77	24.06	0	
9	94.61	163.77	72.00	168.00	23.00	1	4	

9	5	114.769	5
1	286.00	128.00	284.85	130.77	3.00	1	9	
2	284.85	130.77	282.02	137.58	7.37	0	
3	282.02	137.58	273.69	157.66	21.75	1	7	
4	273.69	157.66	260.02	190.59	35.65	0	
5	260.02	190.59	242.00	234.00	47.00	1	5	

9	6	118.152	5
1	286.00	128.00	286.15	131.00	3.00	1	9	
2	286.15	131.00	286.46	137.01	6.02	0	
3	286.46	137.01	287.87	164.87	27.90	1	7	
4	287.87	164.87	291.90	244.00	79.23	0	
5	291.90	244.00	292.00	246.00	2.00	1	6	

9	7	23.000	3
1	286.00	128.00	286.00	131.00	3.00	1	9	
2	286.00	131.00	286.00	137.00	6.00	0	
3	286.00	137.00	286.00	151.00	14.00	1	7	

9	8	293.205	3
1	286.00	128.00	283.14	127.11	3.00	1	9	
2	283.14	127.11	11.73	42.78	284.20	0	
3	11.73	42.78	6.00	41.00	6.00	1	8	

9	9	0	0

9	10	160.056	8
1	286.00	128.00	283.13	128.88	3.00	1	9	
2	283.13	128.88	229.41	145.38	56.20	0	
3	229.41	145.38	207.98	151.97	22.42	1	12	
4	207.98	151.97	172.25	162.94	37.37	2	12	15	
5	172.25	162.94	172.01	163.02	0.25	3	12	13	15	
6	172.01	163.02	168.58	164.07	3.59	2	12	13	
7	168.58	164.07	140.65	172.65	29.22	1	13	
8	140.65	172.65	133.00	175.00	8.00	2	10	13	

9	11	308.974	7
1	286.00	128.00	283.39	129.48	3.00	1	9	
2	283.39	129.48	232.00	158.52	59.03	0	
3	232.00	158.52	183.93	185.67	55.21	1	12	
4	183.93	185.67	175.26	190.57	9.96	0	
5	175.26	190.57	136.93	212.23	44.03	1	13	
6	136.93	212.23	47.47	262.78	102.75	0	
7	47.47	262.78	17.00	280.00	35.00	1	11	

9	12	91.082	4
1	286.00	128.00	283.17	128.99	3.00	1	9	
2	283.17	128.99	230.21	147.46	56.08	0	
3	230.21	147.46	207.51	155.38	24.04	1	12	
4	207.51	155.38	200.00	158.00	7.96	2	12	15	

9	13	151.222	7
1	286.00	128.00	283.18	129.03	3.00	1	9	
2	283.18	129.03	230.50	148.32	56.10	0	
3	230.50	148.32	207.11	156.89	24.91	1	12	
4	207.11	156.89	177.21	167.84	31.85	2	12	15	
5	177.21	167.84	174.99	168.65	2.37	1	12	
6	174.99	168.65	170.46	170.31	4.82	2	12	13	
7	170.46	170.31	144.00	180.00	28.18	1	13	

9	14	190.560	9
1	286.00	128.00	284.30	130.47	3.00	1	9	
2	284.30	130.47	278.15	139.40	10.84	0	
3	278.15	139.40	272.37	147.82	10.21	1	7	
4	272.37	147.82	245.33	187.12	47.70	0	
5	245.33	187.12	215.66	230.25	52.36	1	5	
6	215.66	230.25	200.10	252.87	27.45	2	2	5	
7	200.10	252.87	199.41	253.88	1.22	3	2	5	14	
8	199.41	253.88	189.50	268.29	17.49	2	2	14	
9	189.50	268.29	178.00	285.00	20.29	1	14	

9	15	100.663	4
1	286.00	128.00	283.08	128.69	3.00	1	9	
2	283.08	128.69	227.55	141.72	57.04	0	
3	227.55	141.72	207.47	146.43	20.62	1	12	
4	207.47	146.43	188.00	151.00	20.00	2	12	15	

10	0	30.232	2
1	133.00	175.00	137.50	168.38	8.00	2	10	13	
2	137.50	168.38	150.00	150.00	22.23	1	13	

10	1	149.412	4
1	133.00	175.00	125.93	178.75	8.00	2	10	13	
2	125.93	178.75	111.61	186.34	16.21	1	13	
3	111.61	186.34	21.32	234.22	102.21	0	
4	21.32	234.22	1.00	245.00	23.00	1	1	

10	2	108.208	5
1	133.00	175.00	138.54	180.77	8.00	2	10	13	
2	138.54	180.77	163.44	206.66	35.93	1	13	
3	163.44	206.66	191.37	235.70	40.28	0	
4	191.37	235.70	195.37	239.86	5.77	1	2	
5	195.37	239.86	208.00	253.00	18.23	2	2	5	

10	3	86.539	6
1	133.00	175.00	125.60	171.95	8.00	2	10	13	
2	125.60	171.95	113.66	167.02	12.92	1	13	
3	113.66	167.02	92.93	158.47	22.42	0	
4	92.93	158.47	75.19	151.15	19.20	1	4	
5	75.19	151.15	63.87	146.48	12.24	2	3	4	
6	63.87	146.48	53.00	142.00	11.76	1	3	

10	4	61.400	4
1	133.00	175.00	125.05	174.09	8.00	2	10	13	
2	125.05	174.09	111.85	172.57	13.29	1	13	
3	111.85	172.57	94.85	170.62	17.11	0	
4	94.85	170.62	72.00	168.00	23.00	1	4	

10	5	123.944	4
1	133.00	175.00	140.04	178.81	8.00	2	10	13	
2	140.04	178.81	172.61	196.44	37.04	1	13	
3	172.61	196.44	200.67	211.63	31.90	0	
4	200.67	211.63	242.00	234.00	47.00	1	5	

10	6	174.132	6
1	133.00	175.00	140.30	178.26	8.00	2	10	13	
2	140.30	178.26	174.16	193.38	37.08	1	13	
3	174.16	193.38	203.80	206.62	32.46	0	
4	203.80	206.62	287.89	244.16	92.09	1	5	
5	287.89	244.16	290.17	245.18	2.50	0	
6	290.17	245.18	292.00	246.00	2.00	1	6	

10	7	154.871	8
1	133.00	175.00	140.90	173.76	8.00	2	10	13	
2	140.90	173.76	170.02	169.19	29.47	1	13	
3	170.02	169.19	174.90	168.43	4.94	2	12	13	
4	174.90	168.43	177.50	168.02	2.62	1	12	
5	177.50	168.02	203.21	163.99	26.03	2	12	15	
6	203.21	163.99	231.97	159.48	29.11	1	12	
7	231.97	159.48	272.17	153.17	40.69	0	
8	272.17	153.17	286.00	151.00	14.00	1	7	

10	8	184.621	4
1	133.00	175.00	127.50	169.19	8.00	2	10	13	
2	127.50	169.19	118.22	159.40	13.49	1	13	
3	118.22	159.40	10.13	45.35	157.13	0	
4	10.13	45.35	6.00	41.00	6.00	1	8	

10	9	160.056	8
1	133.00	175.00	140.65	172.65	8.00	2	10	13	
2	140.65	172.65	168.58	164.07	29.22	1	13	
3	168.58	164.07	172.01	163.02	3.59	2	12	13	
4	172.01	163.02	172.25	162.94	0.25	3	12	13	15	
5	172.25	162.94	207.98	151.97	37.37	2	12	15	
6	207.98	151.97	229.41	145.38	22.42	1	12	
7	229.41	145.38	283.13	128.88	56.20	0	
8	283.13	128.88	286.00	128.00	3.00	1	9	

10	10	0	0

10	11	156.464	4
1	133.00	175.00	127.07	180.37	8.00	2	10	13	
2	127.07	180.37	113.52	192.64	18.28	1	13	
3	113.52	192.64	42.95	256.51	95.18	0	
4	42.95	256.51	17.00	280.00	35.00	1	11	

10	12	69.123	5
1	133.00	175.00	140.75	173.03	8.00	2	10	13	
2	140.75	173.03	168.98	165.87	29.12	1	13	
3	168.98	165.87	173.28	164.78	4.43	2	12	13	
4	173.28	164.78	173.46	164.73	0.19	1	12	
5	173.46	164.73	200.00	158.00	27.38	2	12	15	

10	13	12.083	2
1	133.00	175.00	140.28	178.31	8.00	2	10	13	
2	140.28	178.31	144.00	180.00	4.08	1	13	

10	14	118.849	4
1	133.00	175.00	136.03	182.40	8.00	2	10	13	
2	136.03	182.40	148.42	212.70	32.73	1	13	
3	148.42	212.70	163.23	248.90	39.11	0	
4	163.23	248.90	178.00	285.00	39.00	1	14	

10	15	60.008	5
1	133.00	175.00	140.33	171.80	8.00	2	10	13	
2	140.33	171.80	168.05	159.71	30.24	1	13	
3	168.05	159.71	169.51	159.07	1.60	2	12	13	
4	169.51	159.07	169.67	159.00	0.17	1	12	
5	169.67	159.00	188.00	151.00	20.00	2	12	15	

11	0	185.981	5
1	17.00	280.00	42.03	255.54	35.00	1	11	
2	42.03	255.54	111.82	187.32	97.59	0	
3	111.82	187.32	125.02	174.42	18.46	1	13	
4	125.02	174.42	132.60	167.01	10.59	2	10	13	
5	132.60	167.01	150.00	150.00	24.34	1	13	

11	1	38.484	3
1	17.00	280.00	10.56	265.92	15.48	1	11	
2	10.56	265.92	2.45	248.17	19.52	2	1	11	
3	2.45	248.17	1.00	245.00	3.48	1	1	

11	2	192.899	6
1	17.00	280.00	51.66	275.10	35.00	1	11	
2	51.66	275.10	146.76	261.66	96.05	0	
3	146.76	261.66	184.24	256.36	37.85	1	14	
4	184.24	256.36	199.56	254.19	15.48	2	2	14	
5	199.56	254.19	201.55	253.91	2.01	3	2	5	14	
6	201.55	253.91	208.00	253.00	6.52	2	2	5	

11	3	142.618	3
1	17.00	280.00	25.83	246.13	35.00	1	11	
2	25.83	246.13	46.94	165.22	83.62	0	
3	46.94	165.22	53.00	142.00	24.00	1	3	

11	4	124.776	3
1	17.00	280.00	32.43	248.58	35.00	1	11	
2	32.43	248.58	61.86	188.65	66.78	0	
3	61.86	188.65	72.00	168.00	23.00	1	4	

11	5	229.654	7
1	17.00	280.00	51.29	272.99	35.00	1	11	
2	51.29	272.99	158.92	250.98	109.86	0	
3	158.92	250.98	182.20	246.23	23.76	1	14	
4	182.20	246.23	185.16	245.62	3.03	0	
5	185.16	245.62	195.95	243.41	11.01	1	2	
6	195.95	243.41	226.11	237.25	30.78	2	2	5	
7	226.11	237.25	242.00	234.00	16.22	1	5	

11	6	277.094	9
1	17.00	280.00	51.74	275.71	35.00	1	11	
2	51.74	275.71	145.03	264.17	94.00	0	
3	145.03	264.17	184.83	259.25	40.10	1	14	
4	184.83	259.25	201.14	257.23	16.44	2	2	14	
5	201.14	257.23	204.91	256.77	3.79	3	2	5	14	
6	204.91	256.77	232.00	253.42	27.30	2	2	5	
7	232.00	253.42	287.28	246.58	55.71	1	5	
8	287.28	246.58	290.02	246.25	2.75	0	
9	290.02	246.25	292.00	246.00	2.00	1	6	

11	7	298.332	5
1	17.00	280.00	48.56	264.87	35.00	1	11	
2	48.56	264.87	205.77	189.48	174.35	0	
3	205.77	189.48	220.93	182.20	16.82	1	12	
4	220.93	182.20	273.38	157.05	58.16	0	
5	273.38	157.05	286.00	151.00	14.00	1	7	

11	8	239.253	5
1	17.00	280.00	16.18	262.27	17.74	1	11	
2	16.18	262.27	15.39	245.04	17.26	1	1	
3	15.39	245.04	14.53	226.40	18.65	1	1	
4	14.53	226.40	6.28	46.99	179.60	0	
5	6.28	46.99	6.00	41.00	6.00	0	

11	9	308.974	7
1	17.00	280.00	47.47	262.78	35.00	1	11	
2	47.47	262.78	136.93	212.23	102.75	0	
3	136.93	212.23	175.26	190.57	44.03	1	13	
4	175.26	190.57	183.93	185.67	9.96	0	
5	183.93	185.67	232.00	158.52	55.21	1	12	
6	232.00	158.52	283.39	129.48	59.03	0	
7	283.39	129.48	286.00	128.00	3.00	1	9	

11	10	156.464	4
1	17.00	280.00	42.95	256.51	35.00	1	11	
2	42.95	256.51	113.52	192.64	95.18	0	
3	113.52	192.64	127.07	180.37	18.28	1	13	
4	127.07	180.37	133.00	175.00	8.00	2	10	13	

11	11	0	0

11	12	219.939	6
1	17.00	280.00	46.12	260.59	35.00	1	11	
2	46.12	260.59	125.75	207.50	95.71	0	
3	125.75	207.50	173.37	175.75	57.23	1	13	
4	173.37	175.75	176.40	173.73	3.64	2	12	13	
5	176.40	173.73	181.92	170.05	6.63	1	12	
6	181.92	170.05	200.00	158.00	21.73	2	12	15	

11	13	161.645	3
1	17.00	280.00	44.50	258.35	35.00	1	11	
2	44.50	258.35	118.07	200.42	93.64	0	
3	118.07	200.42	144.00	180.00	33.00	1	13	

11	14	161.078	3
1	17.00	280.00	51.98	281.09	35.00	1	11	
2	51.98	281.09	139.02	283.79	87.08	0	
3	139.02	283.79	178.00	285.00	39.00	1	14	

11	15	214.201	6
1	17.00	280.00	44.94	258.92	35.00	1	11	
2	44.94	258.92	119.81	202.44	93.78	0	
3	119.81	202.44	168.87	165.43	61.46	1	13	
4	168.87	165.43	172.03	163.04	3.96	2	12	13	
5	172.03	163.04	172.22	162.90	0.24	3	12	13	15	
6	172.22	162.90	188.00	151.00	19.76	2	12	15	

12	0	50.636	4
1	200.00	158.00	168.40	152.94	32.00	2	12	15	
2	168.40	152.94	168.09	152.89	0.32	1	15	
3	168.09	152.89	161.10	151.78	7.08	0	
4	161.10	151.78	150.00	150.00	11.24	1	13	

12	1	217.187	6
1	200.00	158.00	177.33	167.91	24.75	2	12	15	
2	177.33	167.91	175.08	168.90	2.45	1	12	
3	175.08	168.90	170.68	170.82	4.80	2	12	13	
4	170.68	170.82	114.75	195.27	61.04	1	13	
5	114.75	195.27	22.07	235.79	101.14	0	
6	22.07	235.79	1.00	245.00	23.00	1	1	

12	2	95.336	5
1	200.00	158.00	200.71	166.44	8.47	2	12	15	
2	200.71	166.44	202.69	189.89	23.53	1	12	
3	202.69	189.89	204.06	206.25	16.43	0	
4	204.06	206.25	205.99	229.08	22.91	0	
5	205.99	229.08	208.00	253.00	24.00	2	2	5	

12	3	147.868	6
1	200.00	158.00	168.32	154.55	31.87	2	12	15	
2	168.32	154.55	168.19	154.54	0.13	1	12	
3	168.19	154.54	164.49	154.14	3.72	0	
4	164.49	154.14	129.55	150.33	35.15	1	13	
5	129.55	150.33	76.86	144.60	53.00	0	
6	76.86	144.60	53.00	142.00	24.00	1	3	

12	4	128.390	6
1	200.00	158.00	170.48	160.31	29.61	2	12	15	
2	170.48	160.31	170.30	160.32	0.18	3	12	13	15	
3	170.30	160.32	168.10	160.49	2.21	2	12	13	
4	168.10	160.49	114.78	164.66	53.48	1	13	
5	114.78	164.66	94.93	166.21	19.91	0	
6	94.93	166.21	72.00	168.00	23.00	1	4	

12	5	86.833	4
1	200.00	158.00	203.27	163.92	6.76	2	12	15	
2	203.27	163.92	215.48	186.01	25.24	1	12	
3	215.48	186.01	219.27	192.86	7.83	0	
4	219.27	192.86	242.00	234.00	47.00	1	5	

12	6	127.311	6
1	200.00	158.00	204.50	162.30	6.23	2	12	15	
2	204.50	162.30	223.12	180.12	25.77	1	12	
3	223.12	180.12	231.55	188.18	11.66	0	
4	231.55	188.18	288.24	242.41	78.45	1	5	
5	288.24	242.41	290.55	244.62	3.20	0	
6	290.55	244.62	292.00	246.00	2.00	1	6	

12	7	86.284	4
1	200.00	158.00	206.94	157.44	6.96	2	12	15	
2	206.94	157.44	231.89	155.40	25.04	1	12	
3	231.89	155.40	272.05	152.14	40.28	0	
4	272.05	152.14	286.00	151.00	14.00	1	7	

12	8	226.550	4
1	200.00	158.00	172.60	141.47	32.00	2	12	15	
2	172.60	141.47	170.98	140.50	1.89	1	15	
3	170.98	140.50	11.14	44.10	186.66	0	
4	11.14	44.10	6.00	41.00	6.00	1	8	

12	9	91.082	4
1	200.00	158.00	207.51	155.38	7.96	2	12	15	
2	207.51	155.38	230.21	147.46	24.04	1	12	
3	230.21	147.46	283.17	128.99	56.08	0	
4	283.17	128.99	286.00	128.00	3.00	1	9	

12	10	69.123	5
1	200.00	158.00	173.46	164.73	27.38	2	12	15	
2	173.46	164.73	173.28	164.78	0.19	1	12	
3	173.28	164.78	168.98	165.87	4.43	2	12	13	
4	168.98	165.87	140.75	173.03	29.12	1	13	
5	140.75	173.03	133.00	175.00	8.00	2	10	13	

12	11	219.939	6
1	200.00	158.00	181.92	170.05	21.73	2	12	15	
2	181.92	170.05	176.40	173.73	6.63	1	12	
3	176.40	173.73	173.37	175.75	3.64	2	12	13	
4	173.37	175.75	125.75	207.50	57.23	1	13	
5	125.75	207.50	46.12	260.59	95.71	0	
6	46.12	260.59	17.00	280.00	35.00	1	11	

12	12	0	0

12	13	60.166	4
1	200.00	158.00	176.38	167.28	25.38	2	12	15	
2	176.38	167.28	174.71	167.93	1.79	1	12	
3	174.71	167.93	170.22	169.70	4.83	2	12	13	
4	170.22	169.70	144.00	180.00	28.17	1	13	

12	14	128.891	4
1	200.00	158.00	198.24	168.18	10.33	2	12	15	
2	198.24	168.18	194.54	189.53	21.67	0	
3	194.54	189.53	184.66	246.57	57.89	0	
4	184.66	246.57	178.00	285.00	39.00	0	

12	15	13.892	1
1	200.00	158.00	188.00	151.00	13.89	2	12	15	

13	0	30.594	1
1	144.00	180.00	150.00	150.00	30.59	1	13	

13	1	157.080	3
1	144.00	180.00	113.96	193.66	33.00	1	13	
2	113.96	193.66	21.94	235.48	101.08	0	
3	21.94	235.48	1.00	245.00	23.00	1	1	

13	2	97.082	4
1	144.00	180.00	165.75	204.81	33.00	1	13	
2	165.75	204.81	192.18	234.95	40.08	0	
3	192.18	234.95	195.21	238.41	4.59	1	2	
4	195.21	238.41	208.00	253.00	19.41	2	2	5	

13	3	98.615	7
1	144.00	180.00	140.23	178.43	4.09	1	13	
2	140.23	178.43	125.48	172.27	15.98	2	10	13	
3	125.48	172.27	113.55	167.28	12.93	1	13	
4	113.55	167.28	93.05	158.72	22.22	0	
5	93.05	158.72	75.15	151.25	19.40	1	4	
6	75.15	151.25	63.80	146.51	12.29	2	3	4	
7	63.80	146.51	53.00	142.00	11.71	1	3	

13	4	72.993	5
1	144.00	180.00	139.75	179.29	4.31	1	13	
2	139.75	179.29	125.22	176.87	14.73	2	10	13	
3	125.22	176.87	111.45	174.57	13.96	1	13	
4	111.45	174.57	94.69	171.78	16.99	0	
5	94.69	171.78	72.00	168.00	23.00	1	4	

13	5	111.893	3
1	144.00	180.00	172.90	195.93	33.00	1	13	
2	172.90	195.93	200.84	211.32	31.89	0	
3	200.84	211.32	242.00	234.00	47.00	1	5	

13	6	162.049	5
1	144.00	180.00	174.14	193.44	33.00	1	13	
2	174.14	193.44	203.77	206.66	32.45	0	
3	203.77	206.66	287.89	244.17	92.10	1	5	
4	287.89	244.17	290.17	245.19	2.50	0	
5	290.17	245.19	292.00	246.00	2.00	1	6	

13	7	144.931	7
1	144.00	180.00	172.40	174.20	28.99	1	13	
2	172.40	174.20	176.33	173.40	4.01	2	12	13	
3	176.33	173.40	188.07	171.00	11.98	1	12	
4	188.07	171.00	195.78	169.43	7.87	2	12	15	
5	195.78	169.43	231.74	162.08	36.70	1	12	
6	231.74	162.08	272.28	153.80	41.38	0	
7	272.28	153.80	286.00	151.00	14.00	1	7	

13	8	195.870	5
1	144.00	180.00	140.80	176.78	4.54	1	13	
2	140.80	176.78	131.28	167.19	13.51	2	10	13	
3	131.28	167.19	120.75	156.58	14.95	1	13	
4	120.75	156.58	10.23	45.26	156.87	0	
5	10.23	45.26	6.00	41.00	6.00	1	8	

13	9	151.222	7
1	144.00	180.00	170.46	170.31	28.18	1	13	
2	170.46	170.31	174.99	168.65	4.82	2	12	13	
3	174.99	168.65	177.21	167.84	2.37	1	12	
4	177.21	167.84	207.11	156.89	31.85	2	12	15	
5	207.11	156.89	230.50	148.32	24.91	1	12	
6	230.50	148.32	283.18	129.03	56.10	0	
7	283.18	129.03	286.00	128.00	3.00	1	9	

13	10	12.083	2
1	144.00	180.00	140.28	178.31	4.08	1	13	
2	140.28	178.31	133.00	175.00	8.00	2	10	13	

13	11	161.645	3
1	144.00	180.00	118.07	200.42	33.00	1	13	
2	118.07	200.42	44.50	258.35	93.64	0	
3	44.50	258.35	17.00	280.00	35.00	1	11	

13	12	60.166	4
1	144.00	180.00	170.22	169.70	28.17	1	13	
2	170.22	169.70	174.71	167.93	4.83	2	12	13	
3	174.71	167.93	176.38	167.28	1.79	1	12	
4	176.38	167.28	200.00	158.00	25.38	2	12	15	

13	13	0	0

13	14	110.368	3
1	144.00	180.00	154.17	211.40	33.00	1	13	
2	154.17	211.40	165.99	247.90	38.37	0	
3	165.99	247.90	178.00	285.00	39.00	1	14	

13	15	52.697	4
1	144.00	180.00	168.54	163.83	29.39	1	13	
2	168.54	163.83	171.30	162.01	3.31	2	12	13	
3	171.30	162.01	171.55	161.84	0.30	3	12	13	15	
4	171.55	161.84	188.00	151.00	19.70	2	12	15	

14	0	137.873	3
1	178.00	285.00	170.08	246.81	39.00	1	14	
2	170.08	246.81	161.96	207.68	39.96	0	
3	161.96	207.68	150.00	150.00	58.91	1	13	

14	1	181.463	5
1	178.00	285.00	139.96	276.40	39.00	1	14	
2	139.96	276.40	40.30	253.88	102.17	0	
3	40.30	253.88	23.43	250.07	17.29	1	11	
4	23.43	250.07	7.20	246.40	16.65	2	1	11	
5	7.20	246.40	1.00	245.00	6.35	1	1	

14	2	43.863	4
1	178.00	285.00	191.59	270.51	19.86	1	14	
2	191.59	270.51	202.27	259.11	15.62	2	2	14	
3	202.27	259.11	204.67	256.55	3.51	3	2	5	14	
4	204.67	256.55	208.00	253.00	4.86	2	2	5	

14	3	189.932	5
1	178.00	285.00	152.33	255.64	39.00	1	14	
2	152.33	255.64	89.14	183.34	96.02	0	
3	89.14	183.34	68.80	160.07	30.91	1	4	
4	68.80	160.07	59.09	148.97	14.75	2	3	4	
5	59.09	148.97	53.00	142.00	9.25	1	3	

14	4	157.877	3
1	178.00	285.00	151.81	256.10	39.00	1	14	
2	151.81	256.10	87.44	185.04	95.88	0	
3	87.44	185.04	72.00	168.00	23.00	1	4	

14	5	81.835	5
1	178.00	285.00	193.84	272.38	20.25	1	14	
2	193.84	272.38	205.24	263.29	14.58	2	2	14	
3	205.24	263.29	208.50	260.70	4.16	3	2	5	14	
4	208.50	260.70	230.05	243.52	27.55	2	2	5	
5	230.05	243.52	242.00	234.00	15.28	1	5	

14	6	120.487	7
1	178.00	285.00	202.95	276.46	26.37	1	14	
2	202.95	276.46	214.88	272.38	12.60	2	2	14	
3	214.88	272.38	214.90	272.38	0.02	3	2	5	14	
4	214.90	272.38	226.36	268.46	12.11	2	2	5	
5	226.36	268.46	286.95	247.73	64.04	1	5	
6	286.95	247.73	290.11	246.65	3.34	0	
7	290.11	246.65	292.00	246.00	2.00	1	6	

14	7	172.105	7
1	178.00	285.00	190.53	269.45	19.97	1	14	
2	190.53	269.45	200.83	256.67	16.42	2	2	14	
3	200.83	256.67	202.47	254.63	2.62	3	2	5	14	
4	202.47	254.63	220.37	232.43	28.52	2	2	5	
5	220.37	232.43	255.41	188.95	55.84	1	5	
6	255.41	188.95	277.21	161.90	34.75	0	
7	277.21	161.90	286.00	151.00	14.00	1	7	

14	8	298.530	9
1	178.00	285.00	155.53	253.12	39.00	1	14	
2	155.53	253.12	119.80	202.43	62.02	0	
3	119.80	202.43	114.74	195.26	8.78	1	13	
4	114.74	195.26	94.99	167.24	34.28	0	
5	94.99	167.24	80.44	146.61	25.24	1	4	
6	80.44	146.61	77.00	141.72	5.98	0	
7	77.00	141.72	61.33	119.49	27.19	1	3	
8	61.33	119.49	9.46	45.90	90.03	0	
9	9.46	45.90	6.00	41.00	6.00	1	8	

14	9	190.560	9
1	178.00	285.00	189.50	268.29	20.29	1	14	
2	189.50	268.29	199.41	253.88	17.49	2	2	14	
3	199.41	253.88	200.10	252.87	1.22	3	2	5	14	
4	200.10	252.87	215.66	230.25	27.45	2	2	5	
5	215.66	230.25	245.33	187.12	52.36	1	5	
6	245.33	187.12	272.37	147.82	47.70	0	
7	272.37	147.82	278.15	139.40	10.21	1	7	
8	278.15	139.40	284.30	130.47	10.84	0	
9	284.30	130.47	286.00	128.00	3.00	1	9	

14	10	118.849	4
1	178.00	285.00	163.23	248.90	39.00	1	14	
2	163.23	248.90	148.42	212.70	39.11	0	
3	148.42	212.70	136.03	182.40	32.73	1	13	
4	136.03	182.40	133.00	175.00	8.00	2	10	13	

14	11	161.078	3
1	178.00	285.00	139.02	283.79	39.00	1	14	
2	139.02	283.79	51.98	281.09	87.08	0	
3	51.98	281.09	17.00	280.00	35.00	1	11	

14	12	128.891	4
1	178.00	285.00	184.66	246.57	39.00	0	
2	184.66	246.57	194.54	189.53	57.89	0	
3	194.54	189.53	198.24	168.18	21.67	0	
4	198.24	168.18	200.00	158.00	10.33	2	12	15	

14	13	110.368	3
1	178.00	285.00	165.99	247.90	39.00	1	14	
2	165.99	247.90	154.17	211.40	38.37	0	
3	154.17	211.40	144.00	180.00	33.00	1	13	

14	14	0	0

14	15	134.373	4
1	178.00	285.00	180.90	246.11	39.00	0	
2	180.90	246.11	185.35	186.45	59.82	0	
3	185.35	186.45	186.51	170.94	15.55	0	
4	186.51	170.94	188.00	151.00	20.00	2	12	15	

15	0	38.013	4
1	188.00	151.00	168.89	150.50	19.11	2	12	15	
2	168.89	150.50	168.01	150.47	0.89	1	15	
3	168.01	150.47	158.21	150.22	9.80	0	
4	158.21	150.22	150.00	150.00	8.21	1	13	

15	1	209.296	8
1	188.00	151.00	170.21	159.94	19.92	2	12	15	
2	170.21	159.94	170.13	159.98	0.08	3	12	13	15	
3	170.13	159.98	168.14	160.98	2.23	2	12	13	
4	168.14	160.98	140.99	174.63	30.38	1	13	
5	140.99	174.63	127.94	181.19	14.61	2	10	13	
6	127.94	181.19	112.27	189.07	17.53	1	13	
7	112.27	189.07	21.55	234.67	101.54	0	
8	21.55	234.67	1.00	245.00	23.00	1	1	

15	2	103.942	5
1	188.00	151.00	191.85	170.63	20.00	2	12	15	
2	191.85	170.63	195.59	189.69	19.43	1	12	
3	195.59	189.69	200.10	212.71	23.45	0	
4	200.10	212.71	203.38	229.45	17.06	1	5	
5	203.38	229.45	208.00	253.00	24.00	2	2	5	

15	3	135.300	6
1	188.00	151.00	169.08	149.74	18.96	2	12	15	
2	169.08	149.74	168.04	149.67	1.04	1	15	
3	168.04	149.67	154.69	148.78	13.38	0	
4	154.69	148.78	137.55	147.64	17.18	1	13	
5	137.55	147.64	76.95	143.60	60.74	0	
6	76.95	143.60	53.00	142.00	24.00	1	3	

15	4	117.239	6
1	188.00	151.00	168.26	153.89	19.95	2	12	15	
2	168.26	153.89	168.21	153.90	0.05	1	15	
3	168.21	153.90	164.82	154.40	3.43	0	
4	164.82	154.40	116.71	161.45	48.63	1	13	
5	116.71	161.45	94.76	164.66	22.19	0	
6	94.76	164.66	72.00	168.00	23.00	1	4	

15	5	99.020	4
1	188.00	151.00	198.91	167.76	20.00	2	12	15	
2	198.91	167.76	211.88	187.71	23.80	1	12	
3	211.88	187.71	216.37	194.60	8.22	0	
4	216.37	194.60	242.00	234.00	47.00	1	5	

15	6	140.858	6
1	188.00	151.00	202.77	164.49	20.00	2	12	15	
2	202.77	164.49	221.56	181.65	25.45	1	12	
3	221.56	181.65	229.32	188.74	10.52	0	
4	229.32	188.74	288.22	242.54	79.77	1	5	
5	288.22	242.54	290.52	244.65	3.12	0	
6	290.52	244.65	292.00	246.00	2.00	1	6	

15	7	98.000	4
1	188.00	151.00	208.00	151.00	20.00	2	12	15	
2	208.00	151.00	231.22	151.00	23.22	1	12	
3	231.22	151.00	272.00	151.00	40.78	0	
4	272.00	151.00	286.00	151.00	14.00	1	7	

15	8	212.659	4
1	188.00	151.00	172.50	141.63	18.11	2	12	15	
2	172.50	141.63	170.88	140.65	1.89	1	15	
3	170.88	140.65	11.13	44.10	186.66	0	
4	11.13	44.10	6.00	41.00	6.00	1	8	

15	9	100.663	4
1	188.00	151.00	207.47	146.43	20.00	2	12	15	
2	207.47	146.43	227.55	141.72	20.62	1	12	
3	227.55	141.72	283.08	128.69	57.04	0	
4	283.08	128.69	286.00	128.00	3.00	1	9	

15	10	60.008	5
1	188.00	151.00	169.67	159.00	20.00	2	12	15	
2	169.67	159.00	169.51	159.07	0.17	1	12	
3	169.51	159.07	168.05	159.71	1.60	2	12	13	
4	168.05	159.71	140.33	171.80	30.24	1	13	
5	140.33	171.80	133.00	175.00	8.00	2	10	13	

15	11	214.201	6
1	188.00	151.00	172.22	162.90	19.76	2	12	15	
2	172.22	162.90	172.03	163.04	0.24	3	12	13	15	
3	172.03	163.04	168.87	165.43	3.96	2	12	13	
4	168.87	165.43	119.81	202.44	61.46	1	13	
5	119.81	202.44	44.94	258.92	93.78	0	
6	44.94	258.92	17.00	280.00	35.00	1	11	

15	12	13.892	1
1	188.00	151.00	200.00	158.00	13.89	2	12	15	

15	13	52.697	4
1	188.00	151.00	171.55	161.84	19.70	2	12	15	
2	171.55	161.84	171.30	162.01	0.30	3	12	13	15	
3	171.30	162.01	168.54	163.83	3.31	2	12	13	
4	168.54	163.83	144.00	180.00	29.39	1	13	

15	14	134.373	4
1	188.00	151.00	186.51	170.94	20.00	2	12	15	
2	186.51	170.94	185.35	186.45	15.55	0	
3	185.35	186.45	180.90	246.11	59.82	0	
4	180.90	246.11	178.00	285.00	39.00	0	

15	15	0	0
