16	464	2	0.001	120.0
60.000	70.000	0.000	6.000	0.000
130.000	77.000	10.000	2.000	7.000
123.000	299.000	3.000	4.000	14.000
99.000	12.000	36.000	10.000	17.000
61.000	48.000	20.000	3.000	1.000
265.000	209.000	9.000	5.000	13.000
62.000	52.000	50.000	1.000	11.000
272.000	284.000	10.000	8.000	8.000
14.000	13.000	2.000	6.000	6.000
91.000	210.000	34.000	7.000	15.000
210.000	135.000	40.000	3.000	2.000
199.000	225.000	21.000	3.000	13.000
25.000	291.000	13.000	5.000	4.000
200.000	23.000	16.000	9.000	16.000
127.000	216.000	36.000	7.000	1.000
252.000	294.000	18.000	7.000	8.000
 


0	0	0	0

0	1	70.349	3
1	60.00	70.00	106.57	74.66	46.80	1	6	
2	106.57	74.66	120.05	76.00	13.54	0	
3	120.05	76.00	130.00	77.00	10.00	1	1	

0	2	237.508	7
1	60.00	70.00	68.68	101.55	32.72	1	6	
2	68.68	101.55	89.18	176.05	77.27	0	
3	89.18	176.05	95.41	198.73	23.52	1	9	
4	95.41	198.73	106.80	240.11	42.92	2	9	14	
5	106.80	240.11	108.69	247.00	7.15	1	14	
6	108.69	247.00	122.20	296.11	50.93	0	
7	122.20	296.11	123.00	299.00	3.00	1	2	

0	3	69.893	5
1	60.00	70.00	61.35	68.00	2.41	1	6	
2	61.35	68.00	78.91	41.87	31.48	2	4	6	
3	78.91	41.87	79.65	40.78	1.32	3	3	4	6	
4	79.65	40.78	96.46	15.77	30.13	2	3	6	
5	96.46	15.77	99.00	12.00	4.55	1	3	

0	4	22.023	2
1	60.00	70.00	60.09	67.98	2.02	1	6	
2	60.09	67.98	61.00	48.00	20.00	1	6	

0	5	247.681	5
1	60.00	70.00	92.21	91.84	38.92	1	6	
2	92.21	91.84	171.41	145.54	95.69	0	
3	171.41	145.54	214.48	174.75	52.04	1	10	
4	214.48	174.75	257.55	203.95	52.03	0	
5	257.55	203.95	265.00	209.00	9.00	1	5	

0	6	18.111	2
1	60.00	70.00	60.22	67.98	2.03	1	6	
2	60.22	67.98	62.00	52.00	16.08	2	4	6	

0	7	301.231	5
1	60.00	70.00	85.75	96.00	36.59	1	6	
2	85.75	96.00	193.48	204.74	153.07	0	
3	193.48	204.74	219.21	230.71	36.56	1	11	
4	219.21	230.71	264.96	276.90	65.01	0	
5	264.96	276.90	272.00	284.00	10.00	1	7	

0	8	73.246	5
1	60.00	70.00	58.23	67.81	2.82	1	6	
2	58.23	67.81	41.05	46.52	27.35	2	4	6	
3	41.05	46.52	21.65	22.48	30.90	1	6	
4	21.65	22.48	15.26	14.56	10.18	0	
5	15.26	14.56	14.00	13.00	2.00	1	8	

0	9	143.391	3
1	60.00	70.00	67.03	101.75	32.52	0	
2	67.03	101.75	83.65	176.80	76.88	0	
3	83.65	176.80	91.00	210.00	34.00	1	9	

0	10	163.478	3
1	60.00	70.00	98.16	86.53	41.59	1	6	
2	98.16	86.53	173.30	119.10	81.89	0	
3	173.30	119.10	210.00	135.00	40.00	1	10	

0	11	208.197	3
1	60.00	70.00	84.09	96.86	36.08	1	6	
2	84.09	96.86	184.98	209.37	151.12	0	
3	184.98	209.37	199.00	225.00	21.00	1	11	

0	12	223.754	3
1	60.00	70.00	55.01	101.51	31.90	1	6	
2	55.01	101.51	27.03	278.16	178.85	0	
3	27.03	278.16	25.00	291.00	13.00	1	12	

0	13	147.679	3
1	60.00	70.00	112.00	52.54	54.85	1	6	
2	112.00	52.54	184.83	28.09	76.83	0	
3	184.83	28.09	200.00	23.00	16.00	1	13	

0	14	160.639	5
1	60.00	70.00	74.01	100.54	33.60	0	
2	74.01	100.54	111.96	183.23	90.99	0	
3	111.96	183.23	111.98	183.28	0.05	1	9	
4	111.98	183.28	124.96	211.56	31.12	2	9	14	
5	124.96	211.56	127.00	216.00	4.88	1	14	

0	15	295.025	5
1	60.00	70.00	83.33	97.22	35.85	1	6	
2	83.33	97.22	182.13	212.49	151.82	0	
3	182.13	212.49	208.78	243.58	40.95	1	11	
4	208.78	243.58	240.29	280.33	48.41	0	
5	240.29	280.33	252.00	294.00	18.00	1	15	

1	0	70.349	3
1	130.00	77.00	120.05	76.00	10.00	1	1	
2	120.05	76.00	106.57	74.66	13.54	0	
3	106.57	74.66	60.00	70.00	46.80	1	6	

1	1	0	0

1	2	222.110	5
1	130.00	77.00	129.68	87.00	10.00	0	
2	129.68	87.00	126.75	180.00	93.05	0	
3	126.75	180.00	124.48	251.91	71.94	1	14	
4	124.48	251.91	123.09	296.00	44.11	0	
5	123.09	296.00	123.00	299.00	3.00	1	2	

1	3	72.014	3
1	130.00	77.00	125.70	67.97	10.00	1	1	
2	125.70	67.97	114.50	44.49	26.01	0	
3	114.50	44.49	99.00	12.00	36.00	1	3	

1	4	74.847	4
1	130.00	77.00	120.78	73.13	10.00	1	1	
2	120.78	73.13	109.27	68.29	12.48	0	
3	109.27	68.29	79.44	55.75	32.36	1	6	
4	79.44	55.75	61.00	48.00	20.00	2	4	6	

1	5	188.809	5
1	130.00	77.00	137.15	83.99	10.00	1	1	
2	137.15	83.99	173.23	119.26	50.45	0	
3	173.23	119.26	226.56	171.41	74.59	1	10	
4	226.56	171.41	258.56	202.71	44.76	0	
5	258.56	202.71	265.00	209.00	9.00	1	5	

1	6	72.450	4
1	130.00	77.00	120.61	73.55	10.00	1	1	
2	120.61	73.55	108.93	69.25	12.45	0	
3	108.93	69.25	78.32	58.00	32.61	1	6	
4	78.32	58.00	62.00	52.00	17.39	2	4	6	

1	7	251.024	5
1	130.00	77.00	135.66	85.25	10.00	1	1	
2	135.66	85.25	170.00	135.31	60.71	0	
3	170.00	135.31	195.31	172.20	44.74	1	10	
4	195.31	172.20	266.34	275.75	125.57	0	
5	266.34	275.75	272.00	284.00	10.00	1	7	

1	8	132.484	7
1	130.00	77.00	121.24	72.17	10.00	1	1	
2	121.24	72.17	110.01	65.97	12.83	0	
3	110.01	65.97	80.91	49.91	33.24	1	6	
4	80.91	49.91	48.76	32.18	36.71	2	4	6	
5	48.76	32.18	24.58	18.84	27.62	1	6	
6	24.58	18.84	15.75	13.97	10.08	0	
7	15.75	13.97	14.00	13.00	2.00	1	8	

1	9	138.600	3
1	130.00	77.00	127.19	86.60	10.00	1	1	
2	127.19	86.60	100.57	177.37	94.60	0	
3	100.57	177.37	91.00	210.00	34.00	1	9	

1	10	98.813	3
1	130.00	77.00	138.10	82.87	10.00	1	1	
2	138.10	82.87	177.62	111.52	48.81	0	
3	177.62	111.52	210.00	135.00	40.00	1	10	

1	11	163.294	3
1	130.00	77.00	134.23	86.06	10.00	1	1	
2	134.23	86.06	190.13	205.97	132.29	0	
3	190.13	205.97	199.00	225.00	21.00	1	11	

1	12	238.372	5
1	130.00	77.00	125.60	85.98	10.00	1	1	
2	125.60	85.98	80.63	177.62	102.08	0	
3	80.63	177.62	59.04	221.61	49.00	1	9	
4	59.04	221.61	30.73	279.33	64.29	0	
5	30.73	279.33	25.00	291.00	13.00	1	12	

1	13	88.408	3
1	130.00	77.00	137.92	70.89	10.00	1	1	
2	137.92	70.89	187.33	32.77	62.41	0	
3	187.33	32.77	200.00	23.00	16.00	1	13	

1	14	139.032	3
1	130.00	77.00	129.78	87.00	10.00	0	
2	129.78	87.00	127.78	180.01	93.03	0	
3	127.78	180.01	127.00	216.00	36.00	1	14	

1	15	248.944	5
1	130.00	77.00	134.90	85.72	10.00	1	1	
2	134.90	85.72	201.48	204.15	135.86	0	
3	201.48	204.15	218.11	233.71	33.92	1	11	
4	218.11	233.71	243.18	278.31	51.16	0	
5	243.18	278.31	252.00	294.00	18.00	1	15	

2	0	237.508	7
1	123.00	299.00	122.20	296.11	3.00	1	2	
2	122.20	296.11	108.69	247.00	50.93	0	
3	108.69	247.00	106.80	240.11	7.15	1	14	
4	106.80	240.11	95.41	198.73	42.92	2	9	14	
5	95.41	198.73	89.18	176.05	23.52	1	9	
6	89.18	176.05	68.68	101.55	77.27	0	
7	68.68	101.55	60.00	70.00	32.72	1	6	

2	1	222.110	5
1	123.00	299.00	123.09	296.00	3.00	1	2	
2	123.09	296.00	124.48	251.91	44.11	0	
3	124.48	251.91	126.75	180.00	71.94	1	14	
4	126.75	180.00	129.68	87.00	93.05	0	
5	129.68	87.00	130.00	77.00	10.00	0	

2	2	0	0

2	3	288.002	9
1	123.00	299.00	122.75	296.01	3.00	1	2	
2	122.75	296.01	118.99	251.10	45.07	0	
3	118.99	251.10	117.35	231.48	19.68	1	14	
4	117.35	231.48	113.42	184.44	47.21	1	14	
5	113.42	184.44	113.28	182.72	1.73	0	
6	113.28	182.72	104.54	78.27	104.81	0	
7	104.54	78.27	102.00	47.88	30.50	0	
8	102.00	47.88	99.59	19.03	28.95	1	6	
9	99.59	19.03	99.00	12.00	7.05	1	3	

2	4	258.544	8
1	123.00	299.00	122.28	296.09	3.00	1	2	
2	122.28	296.09	110.39	247.94	49.60	0	
3	110.39	247.94	108.25	239.30	8.90	1	14	
4	108.25	239.30	97.43	195.47	45.14	2	9	14	
5	97.43	195.47	92.63	176.04	20.02	1	9	
6	92.63	176.04	73.98	100.54	77.76	0	
7	73.98	100.54	65.80	67.42	34.12	0	
8	65.80	67.42	61.00	48.00	20.00	2	4	6	

2	5	168.119	3
1	123.00	299.00	125.53	297.39	3.00	1	2	
2	125.53	297.39	257.40	213.82	156.12	0	
3	257.40	213.82	265.00	209.00	9.00	1	5	

2	6	254.421	8
1	123.00	299.00	122.28	296.09	3.00	1	2	
2	122.28	296.09	110.39	247.94	49.59	0	
3	110.39	247.94	108.26	239.30	8.90	1	14	
4	108.26	239.30	97.43	195.47	45.15	2	9	14	
5	97.43	195.47	92.63	176.04	20.01	1	9	
6	92.63	176.04	73.99	100.54	77.77	0	
7	73.99	100.54	65.81	67.41	34.12	1	6	
8	65.81	67.41	62.00	52.00	15.88	2	4	6	

2	7	149.753	5
1	123.00	299.00	125.98	298.70	3.00	1	2	
2	125.98	298.70	235.13	287.71	109.70	0	
3	235.13	287.71	262.05	285.00	27.05	1	15	
4	262.05	285.00	267.27	284.48	5.25	2	7	15	
5	267.27	284.48	272.00	284.00	4.75	1	7	

2	8	306.067	9
1	123.00	299.00	121.93	296.20	3.00	1	2	
2	121.93	296.20	101.42	242.37	57.61	0	
3	101.42	242.37	100.76	240.65	1.84	1	9	
4	100.76	240.65	91.01	215.07	27.37	2	9	14	
5	91.01	215.07	77.23	178.91	38.69	1	9	
6	77.23	178.91	47.05	99.71	84.76	0	
7	47.05	99.71	19.09	26.34	78.52	1	6	
8	19.09	26.34	14.71	14.87	12.28	0	
9	14.71	14.87	14.00	13.00	2.00	1	8	

2	9	94.578	5
1	123.00	299.00	121.98	296.18	3.00	1	2	
2	121.98	296.18	102.71	242.57	56.97	0	
3	102.71	242.57	102.50	241.99	0.61	1	14	
4	102.50	241.99	91.35	210.98	32.96	2	9	14	
5	91.35	210.98	91.00	210.00	1.04	1	9	

2	10	185.648	5
1	123.00	299.00	124.41	296.35	3.00	1	2	
2	124.41	296.35	155.08	238.53	65.45	0	
3	155.08	238.53	161.40	226.61	13.49	1	14	
4	161.40	226.61	191.25	170.34	63.71	0	
5	191.25	170.34	210.00	135.00	40.00	1	10	

2	11	106.075	3
1	123.00	299.00	125.15	296.91	3.00	1	2	
2	125.15	296.91	183.95	239.65	82.08	0	
3	183.95	239.65	199.00	225.00	21.00	1	11	

2	12	98.326	3
1	123.00	299.00	120.01	298.76	3.00	1	2	
2	120.01	298.76	37.96	292.06	82.33	0	
3	37.96	292.06	25.00	291.00	13.00	1	12	

2	13	286.540	7
1	123.00	299.00	123.81	296.11	3.00	1	2	
2	123.81	296.11	136.47	250.73	47.11	0	
3	136.47	250.73	153.08	191.18	61.82	1	14	
4	153.08	191.18	170.48	128.80	64.77	0	
5	170.48	128.80	172.98	119.85	9.29	1	10	
6	172.98	119.85	195.70	38.41	84.55	0	
7	195.70	38.41	200.00	23.00	16.00	1	13	

2	14	83.096	3
1	123.00	299.00	123.14	296.00	3.00	1	2	
2	123.14	296.00	125.27	251.96	44.10	0	
3	125.27	251.96	127.00	216.00	36.00	1	14	

2	15	129.097	3
1	123.00	299.00	126.00	298.88	3.00	1	2	
2	126.00	298.88	234.01	294.70	108.10	0	
3	234.01	294.70	252.00	294.00	18.00	1	15	

3	0	69.893	5
1	99.00	12.00	96.46	15.77	4.55	1	3	
2	96.46	15.77	79.65	40.78	30.13	2	3	6	
3	79.65	40.78	78.91	41.87	1.32	3	3	4	6	
4	78.91	41.87	61.35	68.00	31.48	2	4	6	
5	61.35	68.00	60.00	70.00	2.41	1	6	

3	1	72.014	3
1	99.00	12.00	114.50	44.49	36.00	1	3	
2	114.50	44.49	125.70	67.97	26.01	0	
3	125.70	67.97	130.00	77.00	10.00	1	1	

3	2	288.002	9
1	99.00	12.00	99.59	19.03	7.05	1	3	
2	99.59	19.03	102.00	47.88	28.95	1	6	
3	102.00	47.88	104.54	78.27	30.50	0	
4	104.54	78.27	113.28	182.72	104.81	0	
5	113.28	182.72	113.42	184.44	1.73	0	
6	113.42	184.44	117.35	231.48	47.21	1	14	
7	117.35	231.48	118.99	251.10	19.68	1	14	
8	118.99	251.10	122.75	296.01	45.07	0	
9	122.75	296.01	123.00	299.00	3.00	1	2	

3	3	0	0

3	4	52.345	4
1	99.00	12.00	95.73	15.09	4.50	1	3	
2	95.73	15.09	75.52	34.25	27.85	2	3	6	
3	75.52	34.25	72.87	36.76	3.66	3	3	4	6	
4	72.87	36.76	61.00	48.00	16.35	2	4	6	

3	5	257.614	5
1	99.00	12.00	122.20	39.53	36.00	1	3	
2	122.20	39.53	180.18	108.34	89.98	0	
3	180.18	108.34	231.22	168.91	79.20	1	10	
4	231.22	168.91	259.20	202.12	43.43	0	
5	259.20	202.12	265.00	209.00	9.00	1	5	

3	6	54.489	4
1	99.00	12.00	95.95	15.29	4.49	1	3	
2	95.95	15.29	76.91	35.88	28.04	2	3	6	
3	76.91	35.88	74.55	38.43	3.47	3	3	4	6	
4	74.55	38.43	62.00	52.00	18.49	2	4	6	

3	7	322.355	7
1	99.00	12.00	118.32	42.38	36.00	1	3	
2	118.32	42.38	134.74	68.20	30.60	0	
3	134.74	68.20	139.98	76.44	9.77	1	1	
4	139.98	76.44	171.16	125.45	58.09	0	
5	171.16	125.45	202.18	174.23	57.81	1	10	
6	202.18	174.23	266.63	275.56	120.09	0	
7	266.63	275.56	272.00	284.00	10.00	1	7	

3	8	85.006	5
1	99.00	12.00	92.11	12.08	6.89	1	3	
2	92.11	12.08	63.00	12.42	29.11	2	3	6	
3	63.00	12.42	30.96	12.80	32.04	1	6	
4	30.96	12.80	16.00	12.98	14.96	0	
5	16.00	12.98	14.00	13.00	2.00	1	8	

3	9	198.162	5
1	99.00	12.00	98.75	18.10	6.11	1	3	
2	98.75	18.10	97.55	47.97	29.90	1	6	
3	97.55	47.97	95.90	88.75	40.82	0	
4	95.90	88.75	92.37	176.03	87.34	0	
5	92.37	176.03	91.00	210.00	34.00	1	9	

3	10	165.680	3
1	99.00	12.00	123.12	38.73	36.00	1	3	
2	123.12	38.73	183.20	105.30	89.68	0	
3	183.20	105.30	210.00	135.00	40.00	1	10	

3	11	235.306	5
1	99.00	12.00	114.30	44.59	36.00	1	3	
2	114.30	44.59	125.36	68.14	26.02	0	
3	125.36	68.14	133.85	86.23	19.98	1	1	
4	133.85	86.23	190.08	205.99	132.30	0	
5	190.08	205.99	199.00	225.00	21.00	1	11	

3	12	288.647	5
1	99.00	12.00	97.68	16.97	5.15	1	3	
2	97.68	16.97	89.77	46.80	30.85	1	6	
3	89.77	46.80	75.63	100.11	55.15	1	6	
4	75.63	100.11	28.33	278.43	184.49	0	
5	28.33	278.43	25.00	291.00	13.00	1	12	

3	13	101.597	3
1	99.00	12.00	134.79	15.90	36.00	1	3	
2	134.79	15.90	184.09	21.27	49.60	0	
3	184.09	21.27	200.00	23.00	16.00	1	13	

3	14	205.913	5
1	99.00	12.00	100.04	19.55	7.62	1	3	
2	100.04	19.55	103.90	47.67	28.38	1	6	
3	103.90	47.67	107.37	73.01	25.58	1	6	
4	107.37	73.01	122.10	180.33	108.33	0	
5	122.10	180.33	127.00	216.00	36.00	0	

3	15	320.832	9
1	99.00	12.00	116.17	43.64	36.00	1	3	
2	116.17	43.64	128.87	67.06	26.65	0	
3	128.87	67.06	137.72	83.36	18.54	1	1	
4	137.72	83.36	171.37	145.40	70.58	0	
5	171.37	145.40	180.23	161.71	18.56	1	10	
6	180.23	161.71	203.43	204.47	48.65	0	
7	203.43	204.47	218.62	232.48	31.87	1	11	
8	218.62	232.48	243.42	278.18	51.99	0	
9	243.42	278.18	252.00	294.00	18.00	1	15	

4	0	22.023	2
1	61.00	48.00	60.09	67.98	20.00	1	6	
2	60.09	67.98	60.00	70.00	2.02	1	6	

4	1	74.847	4
1	61.00	48.00	79.44	55.75	20.00	2	4	6	
2	79.44	55.75	109.27	68.29	32.36	1	6	
3	109.27	68.29	120.78	73.13	12.48	0	
4	120.78	73.13	130.00	77.00	10.00	1	1	

4	2	258.544	8
1	61.00	48.00	65.80	67.42	20.00	2	4	6	
2	65.80	67.42	73.98	100.54	34.12	0	
3	73.98	100.54	92.63	176.04	77.76	0	
4	92.63	176.04	97.43	195.47	20.02	1	9	
5	97.43	195.47	108.25	239.30	45.14	2	9	14	
6	108.25	239.30	110.39	247.94	8.90	1	14	
7	110.39	247.94	122.28	296.09	49.60	0	
8	122.28	296.09	123.00	299.00	3.00	1	2	

4	3	52.345	4
1	61.00	48.00	72.87	36.76	16.35	2	4	6	
2	72.87	36.76	75.52	34.25	3.66	3	3	4	6	
3	75.52	34.25	95.73	15.09	27.85	2	3	6	
4	95.73	15.09	99.00	12.00	4.50	1	3	

4	4	0	0

4	5	259.879	6
1	61.00	48.00	76.70	60.39	20.00	2	4	6	
2	76.70	60.39	102.76	80.96	33.20	1	6	
3	102.76	80.96	170.01	134.03	85.67	0	
4	170.01	134.03	220.23	173.67	63.98	1	10	
5	220.23	173.67	257.94	203.42	48.03	0	
6	257.94	203.42	265.00	209.00	9.00	1	5	

4	6	4.123	1
1	61.00	48.00	62.00	52.00	4.12	2	4	6	

4	7	316.571	6
1	61.00	48.00	74.33	62.91	20.00	2	4	6	
2	74.33	62.91	96.73	87.97	33.61	1	6	
3	96.73	87.97	200.52	204.06	155.72	0	
4	200.52	204.06	219.98	225.82	29.20	1	11	
5	219.98	225.82	265.33	276.55	68.04	0	
6	265.33	276.55	272.00	284.00	10.00	1	7	

4	8	58.600	4
1	61.00	48.00	44.96	36.05	20.00	2	4	6	
2	44.96	36.05	23.51	20.08	26.74	1	6	
3	23.51	20.08	15.60	14.19	9.86	0	
4	15.60	14.19	14.00	13.00	2.00	1	8	

4	9	164.754	4
1	61.00	48.00	64.64	67.67	20.00	2	4	6	
2	64.64	67.67	70.85	101.21	34.11	0	
3	70.85	101.21	84.81	176.57	76.64	0	
4	84.81	176.57	91.00	210.00	34.00	1	9	

4	10	172.540	6
1	61.00	48.00	78.27	58.08	20.00	2	4	6	
2	78.27	58.08	106.59	74.62	32.79	1	6	
3	106.59	74.62	123.16	84.29	19.19	0	
4	123.16	84.29	127.01	86.54	4.46	1	1	
5	127.01	86.54	175.46	114.83	56.10	0	
6	175.46	114.83	210.00	135.00	40.00	1	10	

4	11	224.439	4
1	61.00	48.00	73.30	63.77	20.00	2	4	6	
2	73.30	63.77	94.04	90.38	33.74	1	6	
3	94.04	90.38	186.09	208.44	149.70	0	
4	186.09	208.44	199.00	225.00	21.00	1	11	

4	12	245.652	4
1	61.00	48.00	58.07	67.78	20.00	2	4	6	
2	58.07	67.78	53.12	101.20	33.79	1	6	
3	53.12	101.20	26.91	278.14	178.87	0	
4	26.91	278.14	25.00	291.00	13.00	1	12	

4	13	141.230	6
1	61.00	48.00	80.68	44.46	20.00	2	4	6	
2	80.68	44.46	82.70	44.10	2.05	1	6	
3	82.70	44.10	110.32	39.13	28.06	2	3	6	
4	110.32	39.13	125.46	36.41	15.39	1	3	
5	125.46	36.41	184.25	25.83	59.73	0	
6	184.25	25.83	200.00	23.00	16.00	1	13	

4	14	180.499	6
1	61.00	48.00	68.31	66.61	20.00	2	4	6	
2	68.31	66.61	80.78	98.34	34.09	1	6	
3	80.78	98.34	113.84	182.49	90.41	0	
4	113.84	182.49	115.30	186.22	4.00	1	14	
5	115.30	186.22	124.99	210.88	26.49	2	9	14	
6	124.99	210.88	127.00	216.00	5.50	1	14	

4	15	311.443	6
1	61.00	48.00	73.27	63.80	20.00	2	4	6	
2	73.27	63.80	93.96	90.45	33.74	1	6	
3	93.96	90.45	185.77	208.69	149.70	0	
4	185.77	208.69	211.52	241.86	41.99	1	11	
5	211.52	241.86	240.96	279.78	48.01	0	
6	240.96	279.78	252.00	294.00	18.00	1	15	

5	0	247.681	5
1	265.00	209.00	257.55	203.95	9.00	1	5	
2	257.55	203.95	214.48	174.75	52.03	0	
3	214.48	174.75	171.41	145.54	52.04	1	10	
4	171.41	145.54	92.21	91.84	95.69	0	
5	92.21	91.84	60.00	70.00	38.92	1	6	

5	1	188.809	5
1	265.00	209.00	258.56	202.71	9.00	1	5	
2	258.56	202.71	226.56	171.41	44.76	0	
3	226.56	171.41	173.23	119.26	74.59	1	10	
4	173.23	119.26	137.15	83.99	50.45	0	
5	137.15	83.99	130.00	77.00	10.00	1	1	

5	2	168.119	3
1	265.00	209.00	257.40	213.82	9.00	1	5	
2	257.40	213.82	125.53	297.39	156.12	0	
3	125.53	297.39	123.00	299.00	3.00	1	2	

5	3	257.614	5
1	265.00	209.00	259.20	202.12	9.00	1	5	
2	259.20	202.12	231.22	168.91	43.43	0	
3	231.22	168.91	180.18	108.34	79.20	1	10	
4	180.18	108.34	122.20	39.53	89.98	0	
5	122.20	39.53	99.00	12.00	36.00	1	3	

5	4	259.879	6
1	265.00	209.00	257.94	203.42	9.00	1	5	
2	257.94	203.42	220.23	173.67	48.03	0	
3	220.23	173.67	170.01	134.03	63.98	1	10	
4	170.01	134.03	102.76	80.96	85.67	0	
5	102.76	80.96	76.70	60.39	33.20	1	6	
6	76.70	60.39	61.00	48.00	20.00	2	4	6	

5	5	0	0

5	6	256.628	6
1	265.00	209.00	257.88	203.49	9.00	1	5	
2	257.88	203.49	219.54	173.84	48.46	0	
3	219.54	173.84	170.00	135.53	62.63	1	10	
4	170.00	135.53	101.55	82.59	86.54	0	
5	101.55	82.59	75.13	62.15	33.40	1	6	
6	75.13	62.15	62.00	52.00	16.60	2	4	6	

5	7	75.326	3
1	265.00	209.00	265.84	217.96	9.00	1	5	
2	265.84	217.96	271.07	274.04	56.33	0	
3	271.07	274.04	272.00	284.00	10.00	1	7	

5	8	318.460	9
1	265.00	209.00	257.91	203.46	9.00	1	5	
2	257.91	203.46	219.87	173.76	48.25	0	
3	219.87	173.76	170.00	134.82	63.28	1	10	
4	170.00	134.82	102.13	81.82	86.11	0	
5	102.13	81.82	75.90	61.34	33.28	1	6	
6	75.90	61.34	44.45	36.78	39.91	2	4	6	
7	44.45	36.78	23.34	20.29	26.78	1	6	
8	23.34	20.29	15.58	14.23	9.85	0	
9	15.58	14.23	14.00	13.00	2.00	1	8	

5	9	174.003	7
1	265.00	209.00	256.00	209.05	9.00	1	5	
2	256.00	209.05	212.95	209.30	43.06	0	
3	212.95	209.30	184.87	209.46	28.07	1	11	
4	184.87	209.46	162.42	209.59	22.45	0	
5	162.42	209.59	125.00	209.80	37.43	1	14	
6	125.00	209.80	91.50	210.00	33.50	2	9	14	
7	91.50	210.00	91.00	210.00	0.50	1	9	

5	10	92.201	3
1	265.00	209.00	259.63	201.78	9.00	1	5	
2	259.63	201.78	233.86	167.10	43.20	0	
3	233.86	167.10	210.00	135.00	40.00	1	10	

5	11	67.912	3
1	265.00	209.00	256.25	211.12	9.00	1	5	
2	256.25	211.12	219.41	220.05	37.91	0	
3	219.41	220.05	199.00	225.00	21.00	1	11	

5	12	253.622	5
1	265.00	209.00	256.48	211.91	9.00	1	5	
2	256.48	211.91	219.99	224.38	38.56	0	
3	219.99	224.38	182.02	237.35	40.13	1	11	
4	182.02	237.35	37.30	286.80	152.93	0	
5	37.30	286.80	25.00	291.00	13.00	1	12	

5	13	197.030	5
1	265.00	209.00	262.03	200.50	9.00	1	5	
2	262.03	200.50	245.55	153.34	49.96	0	
3	245.55	153.34	226.39	98.51	58.08	1	10	
4	226.39	98.51	205.28	38.10	63.99	0	
5	205.28	38.10	200.00	23.00	16.00	1	13	

5	14	138.177	5
1	265.00	209.00	256.01	209.46	9.00	1	5	
2	256.01	209.46	215.11	211.53	40.95	0	
3	215.11	211.53	181.61	213.23	33.55	1	11	
4	181.61	213.23	162.95	214.18	18.68	0	
5	162.95	214.18	127.00	216.00	36.00	1	14	

5	15	85.988	3
1	265.00	209.00	263.64	217.90	9.00	1	5	
2	263.64	217.90	254.72	276.21	58.99	0	
3	254.72	276.21	252.00	294.00	18.00	1	15	

6	0	18.111	2
1	62.00	52.00	60.22	67.98	16.08	2	4	6	
2	60.22	67.98	60.00	70.00	2.03	1	6	

6	1	72.450	4
1	62.00	52.00	78.32	58.00	17.39	2	4	6	
2	78.32	58.00	108.93	69.25	32.61	1	6	
3	108.93	69.25	120.61	73.55	12.45	0	
4	120.61	73.55	130.00	77.00	10.00	1	1	

6	2	254.421	8
1	62.00	52.00	65.81	67.41	15.88	2	4	6	
2	65.81	67.41	73.99	100.54	34.12	1	6	
3	73.99	100.54	92.63	176.04	77.77	0	
4	92.63	176.04	97.43	195.47	20.01	1	9	
5	97.43	195.47	108.26	239.30	45.15	2	9	14	
6	108.26	239.30	110.39	247.94	8.90	1	14	
7	110.39	247.94	122.28	296.09	49.59	0	
8	122.28	296.09	123.00	299.00	3.00	1	2	

6	3	54.489	4
1	62.00	52.00	74.55	38.43	18.49	2	4	6	
2	74.55	38.43	76.91	35.88	3.47	3	3	4	6	
3	76.91	35.88	95.95	15.29	28.04	2	3	6	
4	95.95	15.29	99.00	12.00	4.49	1	3	

6	4	4.123	1
1	62.00	52.00	61.00	48.00	4.12	2	4	6	

6	5	256.628	6
1	62.00	52.00	75.13	62.15	16.60	2	4	6	
2	75.13	62.15	101.55	82.59	33.40	1	6	
3	101.55	82.59	170.00	135.53	86.54	0	
4	170.00	135.53	219.54	173.84	62.63	1	10	
5	219.54	173.84	257.88	203.49	48.46	0	
6	257.88	203.49	265.00	209.00	9.00	1	5	

6	6	0	0

6	7	312.928	6
1	62.00	52.00	72.92	64.06	16.27	2	4	6	
2	72.92	64.06	95.55	89.07	33.73	1	6	
3	95.55	89.07	199.59	204.01	155.03	0	
4	199.59	204.01	219.95	226.49	30.33	1	11	
5	219.95	226.49	265.29	276.59	67.57	0	
6	265.29	276.59	272.00	284.00	10.00	1	7	

6	8	61.847	4
1	62.00	52.00	44.04	37.41	23.14	2	4	6	
2	44.04	37.41	23.19	20.47	26.86	1	6	
3	23.19	20.47	15.55	14.26	9.85	0	
4	15.55	14.26	14.00	13.00	2.00	1	8	

6	9	160.639	4
1	62.00	52.00	64.87	67.62	15.88	2	4	6	
2	64.87	67.62	71.03	101.18	34.12	1	6	
3	71.03	101.18	84.86	176.56	76.64	0	
4	84.86	176.56	91.00	210.00	34.00	1	9	

6	10	169.685	4
1	62.00	52.00	76.78	60.29	16.94	2	4	6	
2	76.78	60.29	105.61	76.46	33.05	1	6	
3	105.61	76.46	175.11	115.43	79.68	0	
4	175.11	115.43	210.00	135.00	40.00	1	10	

6	11	220.676	4
1	62.00	52.00	72.04	64.68	16.17	2	4	6	
2	72.04	64.68	93.04	91.20	33.83	0	
3	93.04	91.20	185.96	208.54	149.68	0	
4	185.96	208.54	199.00	225.00	21.00	1	11	

6	12	241.847	4
1	62.00	52.00	59.53	67.95	16.14	2	4	6	
2	59.53	67.95	54.35	101.41	33.86	0	
3	54.35	101.41	26.99	278.15	178.85	0	
4	26.99	278.15	25.00	291.00	13.00	1	12	

6	13	141.014	6
1	62.00	52.00	81.00	48.01	19.42	2	4	6	
2	81.00	48.01	88.49	46.43	7.66	1	6	
3	88.49	46.43	110.93	41.72	22.93	2	3	6	
4	110.93	41.72	122.48	39.29	11.80	1	3	
5	122.48	39.29	184.34	26.29	63.22	0	
6	184.34	26.29	200.00	23.00	16.00	1	13	

6	14	176.411	6
1	62.00	52.00	67.86	66.79	15.91	2	4	6	
2	67.86	66.79	80.42	98.48	34.09	1	6	
3	80.42	98.48	113.74	182.53	90.41	0	
4	113.74	182.53	115.13	186.04	3.78	1	14	
5	115.13	186.04	124.99	210.92	26.76	2	9	14	
6	124.99	210.92	127.00	216.00	5.46	1	14	

6	15	307.675	6
1	62.00	52.00	71.98	64.71	16.17	2	4	6	
2	71.98	64.71	92.88	91.33	33.83	1	6	
3	92.88	91.33	185.32	209.07	149.69	0	
4	185.32	209.07	211.23	242.07	41.96	1	11	
5	211.23	242.07	240.88	279.84	48.02	0	
6	240.88	279.84	252.00	294.00	18.00	1	15	

7	0	301.231	5
1	272.00	284.00	264.96	276.90	10.00	1	7	
2	264.96	276.90	219.21	230.71	65.01	0	
3	219.21	230.71	193.48	204.74	36.56	1	11	
4	193.48	204.74	85.75	96.00	153.07	0	
5	85.75	96.00	60.00	70.00	36.59	1	6	

7	1	251.024	5
1	272.00	284.00	266.34	275.75	10.00	1	7	
2	266.34	275.75	195.31	172.20	125.57	0	
3	195.31	172.20	170.00	135.31	44.74	1	10	
4	170.00	135.31	135.66	85.25	60.71	0	
5	135.66	85.25	130.00	77.00	10.00	1	1	

7	2	149.753	5
1	272.00	284.00	267.27	284.48	4.75	1	7	
2	267.27	284.48	262.05	285.00	5.25	2	7	15	
3	262.05	285.00	235.13	287.71	27.05	1	15	
4	235.13	287.71	125.98	298.70	109.70	0	
5	125.98	298.70	123.00	299.00	3.00	1	2	

7	3	322.355	7
1	272.00	284.00	266.63	275.56	10.00	1	7	
2	266.63	275.56	202.18	174.23	120.09	0	
3	202.18	174.23	171.16	125.45	57.81	1	10	
4	171.16	125.45	139.98	76.44	58.09	0	
5	139.98	76.44	134.74	68.20	9.77	1	1	
6	134.74	68.20	118.32	42.38	30.60	0	
7	118.32	42.38	99.00	12.00	36.00	1	3	

7	4	316.571	6
1	272.00	284.00	265.33	276.55	10.00	1	7	
2	265.33	276.55	219.98	225.82	68.04	0	
3	219.98	225.82	200.52	204.06	29.20	1	11	
4	200.52	204.06	96.73	87.97	155.72	0	
5	96.73	87.97	74.33	62.91	33.61	1	6	
6	74.33	62.91	61.00	48.00	20.00	2	4	6	

7	5	75.326	3
1	272.00	284.00	271.07	274.04	10.00	1	7	
2	271.07	274.04	265.84	217.96	56.33	0	
3	265.84	217.96	265.00	209.00	9.00	1	5	

7	6	312.928	6
1	272.00	284.00	265.29	276.59	10.00	1	7	
2	265.29	276.59	219.95	226.49	67.57	0	
3	219.95	226.49	199.59	204.01	30.33	1	11	
4	199.59	204.01	95.55	89.07	155.03	0	
5	95.55	89.07	72.92	64.06	33.73	1	6	
6	72.92	64.06	62.00	52.00	16.27	2	4	6	

7	7	0	0

7	8	374.172	9
1	272.00	284.00	265.10	276.76	10.00	1	7	
2	265.10	276.76	219.62	228.98	65.97	0	
3	219.62	228.98	196.04	204.21	34.20	1	11	
4	196.04	204.21	90.34	93.19	153.29	0	
5	90.34	93.19	65.80	67.41	35.59	1	6	
6	65.80	67.41	41.84	42.25	34.75	2	4	6	
7	41.84	42.25	22.25	21.67	28.42	1	6	
8	22.25	21.67	15.38	14.45	9.97	0	
9	15.38	14.45	14.00	13.00	2.00	1	8	

7	9	195.543	7
1	272.00	284.00	264.29	280.85	8.33	1	7	
2	264.29	280.85	262.74	280.22	1.67	2	7	15	
3	262.74	280.22	252.45	276.01	11.13	1	15	
4	252.45	276.01	156.42	236.75	103.74	0	
5	156.42	236.75	122.47	222.87	36.68	1	14	
6	122.47	222.87	91.47	210.19	33.49	2	9	14	
7	91.47	210.19	91.00	210.00	0.51	1	9	

7	10	161.385	3
1	272.00	284.00	268.16	274.77	10.00	1	7	
2	268.16	274.77	225.37	171.93	111.38	0	
3	225.37	171.93	210.00	135.00	40.00	1	10	

7	11	93.862	3
1	272.00	284.00	264.22	277.71	10.00	1	7	
2	264.22	277.71	215.33	238.20	62.86	0	
3	215.33	238.20	199.00	225.00	21.00	1	11	

7	12	247.099	5
1	272.00	284.00	267.06	284.14	4.94	1	7	
2	267.06	284.14	262.00	284.28	5.06	2	7	15	
3	262.00	284.28	236.41	285.01	25.61	1	15	
4	236.41	285.01	37.99	290.63	198.49	0	
5	37.99	290.63	25.00	291.00	13.00	1	12	

7	13	270.749	5
1	272.00	284.00	269.34	274.36	10.00	1	7	
2	269.34	274.36	238.61	162.96	115.56	0	
3	238.61	162.96	220.23	96.33	69.11	1	10	
4	220.23	96.33	204.25	38.42	60.07	0	
5	204.25	38.42	200.00	23.00	16.00	1	13	

7	14	160.153	5
1	272.00	284.00	263.09	279.82	9.84	1	7	
2	263.09	279.82	262.95	279.75	0.16	2	7	15	
3	262.95	279.75	255.81	276.41	7.88	1	15	
4	255.81	276.41	159.59	231.29	106.27	0	
5	159.59	231.29	127.00	216.00	36.00	1	14	

7	15	22.361	3
1	272.00	284.00	268.10	285.95	4.36	1	7	
2	268.10	285.95	263.06	288.47	5.64	2	7	15	
3	263.06	288.47	252.00	294.00	12.36	1	15	

8	0	73.246	5
1	14.00	13.00	15.26	14.56	2.00	1	8	
2	15.26	14.56	21.65	22.48	10.18	0	
3	21.65	22.48	41.05	46.52	30.90	1	6	
4	41.05	46.52	58.23	67.81	27.35	2	4	6	
5	58.23	67.81	60.00	70.00	2.82	1	6	

8	1	132.484	7
1	14.00	13.00	15.75	13.97	2.00	1	8	
2	15.75	13.97	24.58	18.84	10.08	0	
3	24.58	18.84	48.76	32.18	27.62	1	6	
4	48.76	32.18	80.91	49.91	36.71	2	4	6	
5	80.91	49.91	110.01	65.97	33.24	1	6	
6	110.01	65.97	121.24	72.17	12.83	0	
7	121.24	72.17	130.00	77.00	10.00	1	1	

8	2	306.067	9
1	14.00	13.00	14.71	14.87	2.00	1	8	
2	14.71	14.87	19.09	26.34	12.28	0	
3	19.09	26.34	47.05	99.71	78.52	1	6	
4	47.05	99.71	77.23	178.91	84.76	0	
5	77.23	178.91	91.01	215.07	38.69	1	9	
6	91.01	215.07	100.76	240.65	27.37	2	9	14	
7	100.76	240.65	101.42	242.37	1.84	1	9	
8	101.42	242.37	121.93	296.20	57.61	0	
9	121.93	296.20	123.00	299.00	3.00	1	2	

8	3	85.006	5
1	14.00	13.00	16.00	12.98	2.00	1	8	
2	16.00	12.98	30.96	12.80	14.96	0	
3	30.96	12.80	63.00	12.42	32.04	1	6	
4	63.00	12.42	92.11	12.08	29.11	2	3	6	
5	92.11	12.08	99.00	12.00	6.89	1	3	

8	4	58.600	4
1	14.00	13.00	15.60	14.19	2.00	1	8	
2	15.60	14.19	23.51	20.08	9.86	0	
3	23.51	20.08	44.96	36.05	26.74	1	6	
4	44.96	36.05	61.00	48.00	20.00	2	4	6	

8	5	318.460	9
1	14.00	13.00	15.58	14.23	2.00	1	8	
2	15.58	14.23	23.34	20.29	9.85	0	
3	23.34	20.29	44.45	36.78	26.78	1	6	
4	44.45	36.78	75.90	61.34	39.91	2	4	6	
5	75.90	61.34	102.13	81.82	33.28	1	6	
6	102.13	81.82	170.00	134.82	86.11	0	
7	170.00	134.82	219.87	173.76	63.28	1	10	
8	219.87	173.76	257.91	203.46	48.25	0	
9	257.91	203.46	265.00	209.00	9.00	1	5	

8	6	61.847	4
1	14.00	13.00	15.55	14.26	2.00	1	8	
2	15.55	14.26	23.19	20.47	9.85	0	
3	23.19	20.47	44.04	37.41	26.86	1	6	
4	44.04	37.41	62.00	52.00	23.14	2	4	6	

8	7	374.172	9
1	14.00	13.00	15.38	14.45	2.00	1	8	
2	15.38	14.45	22.25	21.67	9.97	0	
3	22.25	21.67	41.84	42.25	28.42	1	6	
4	41.84	42.25	65.80	67.41	34.75	2	4	6	
5	65.80	67.41	90.34	93.19	35.59	1	6	
6	90.34	93.19	196.04	204.21	153.29	0	
7	196.04	204.21	219.62	228.98	34.20	1	11	
8	219.62	228.98	265.10	276.76	65.97	0	
9	265.10	276.76	272.00	284.00	10.00	1	7	

8	8	0	0

8	9	211.514	5
1	14.00	13.00	14.73	14.86	2.00	1	8	
2	14.73	14.86	19.16	26.21	12.18	0	
3	19.16	26.21	48.01	100.00	79.23	1	6	
4	48.01	100.00	78.62	178.33	84.10	0	
5	78.62	178.33	91.00	210.00	34.00	1	9	

8	10	230.868	9
1	14.00	13.00	15.70	14.06	2.00	1	8	
2	15.70	14.06	24.16	19.32	9.96	0	
3	24.16	19.32	47.11	33.61	27.04	1	6	
4	47.11	33.61	80.04	54.11	38.79	2	4	6	
5	80.04	54.11	108.03	71.53	32.96	1	6	
6	108.03	71.53	120.23	79.12	14.37	0	
7	120.23	79.12	132.41	86.70	14.35	1	1	
8	132.41	86.70	176.04	113.86	51.39	0	
9	176.04	113.86	210.00	135.00	40.00	1	10	

8	11	281.370	7
1	14.00	13.00	15.31	14.51	2.00	1	8	
2	15.31	14.51	21.93	22.09	10.06	0	
3	21.93	22.09	41.34	44.33	29.52	1	6	
4	41.34	44.33	61.97	67.98	31.38	2	4	6	
5	61.97	67.98	86.21	95.75	36.86	1	6	
6	86.21	95.75	185.19	209.18	150.55	0	
7	185.19	209.18	199.00	225.00	21.00	1	11	

8	12	278.218	5
1	14.00	13.00	14.08	15.00	2.00	1	8	
2	14.08	15.00	14.88	35.27	20.29	0	
3	14.88	35.27	16.35	72.40	37.15	1	6	
4	16.35	72.40	24.49	278.01	205.77	0	
5	24.49	278.01	25.00	291.00	13.00	1	12	

8	13	186.269	7
1	14.00	13.00	16.00	13.11	2.00	1	8	
2	16.00	13.11	29.69	13.84	13.71	0	
3	29.69	13.84	63.18	15.64	33.55	1	6	
4	63.18	15.64	98.22	17.53	35.08	2	3	6	
5	98.22	17.53	134.22	19.46	36.05	1	3	
6	134.22	19.46	184.02	22.14	49.88	0	
7	184.02	22.14	200.00	23.00	16.00	1	13	

8	14	232.332	7
1	14.00	13.00	14.97	14.75	2.00	1	8	
2	14.97	14.75	20.33	24.37	11.01	0	
3	20.33	24.37	63.53	101.98	88.82	1	6	
4	63.53	101.98	106.94	179.97	89.26	0	
5	106.94	179.97	109.49	184.54	5.24	1	9	
6	109.49	184.54	124.92	212.27	31.73	2	9	14	
7	124.92	212.27	127.00	216.00	4.27	1	14	

8	15	368.246	9
1	14.00	13.00	15.29	14.53	2.00	1	8	
2	15.29	14.53	21.82	22.24	10.10	0	
3	21.82	22.24	41.21	45.12	29.99	1	6	
4	41.21	45.12	60.58	68.00	29.97	2	4	6	
5	60.58	68.00	84.75	96.53	37.39	1	6	
6	84.75	96.53	182.53	211.98	151.29	0	
7	182.53	211.98	209.14	243.39	41.17	1	11	
8	209.14	243.39	240.37	280.26	48.32	0	
9	240.37	280.26	252.00	294.00	18.00	1	15	

9	0	143.391	3
1	91.00	210.00	83.65	176.80	34.00	1	9	
2	83.65	176.80	67.03	101.75	76.88	0	
3	67.03	101.75	60.00	70.00	32.52	0	

9	1	138.600	3
1	91.00	210.00	100.57	177.37	34.00	1	9	
2	100.57	177.37	127.19	86.60	94.60	0	
3	127.19	86.60	130.00	77.00	10.00	1	1	

9	2	94.578	5
1	91.00	210.00	91.35	210.98	1.04	1	9	
2	91.35	210.98	102.50	241.99	32.96	2	9	14	
3	102.50	241.99	102.71	242.57	0.61	1	14	
4	102.71	242.57	121.98	296.18	56.97	0	
5	121.98	296.18	123.00	299.00	3.00	1	2	

9	3	198.162	5
1	91.00	210.00	92.37	176.03	34.00	1	9	
2	92.37	176.03	95.90	88.75	87.34	0	
3	95.90	88.75	97.55	47.97	40.82	0	
4	97.55	47.97	98.75	18.10	29.90	1	6	
5	98.75	18.10	99.00	12.00	6.11	1	3	

9	4	164.754	4
1	91.00	210.00	84.81	176.57	34.00	1	9	
2	84.81	176.57	70.85	101.21	76.64	0	
3	70.85	101.21	64.64	67.67	34.11	0	
4	64.64	67.67	61.00	48.00	20.00	2	4	6	

9	5	174.003	7
1	91.00	210.00	91.50	210.00	0.50	1	9	
2	91.50	210.00	125.00	209.80	33.50	2	9	14	
3	125.00	209.80	162.42	209.59	37.43	1	14	
4	162.42	209.59	184.87	209.46	22.45	0	
5	184.87	209.46	212.95	209.30	28.07	1	11	
6	212.95	209.30	256.00	209.05	43.06	0	
7	256.00	209.05	265.00	209.00	9.00	1	5	

9	6	160.639	4
1	91.00	210.00	84.86	176.56	34.00	1	9	
2	84.86	176.56	71.03	101.18	76.64	0	
3	71.03	101.18	64.87	67.62	34.12	1	6	
4	64.87	67.62	62.00	52.00	15.88	2	4	6	

9	7	195.543	7
1	91.00	210.00	91.47	210.19	0.51	1	9	
2	91.47	210.19	122.47	222.87	33.49	2	9	14	
3	122.47	222.87	156.42	236.75	36.68	1	14	
4	156.42	236.75	252.45	276.01	103.74	0	
5	252.45	276.01	262.74	280.22	11.13	1	15	
6	262.74	280.22	264.29	280.85	1.67	2	7	15	
7	264.29	280.85	272.00	284.00	8.33	1	7	

9	8	211.514	5
1	91.00	210.00	78.62	178.33	34.00	1	9	
2	78.62	178.33	48.01	100.00	84.10	0	
3	48.01	100.00	19.16	26.21	79.23	1	6	
4	19.16	26.21	14.73	14.86	12.18	0	
5	14.73	14.86	14.00	13.00	2.00	1	8	

9	9	0	0

9	10	140.663	5
1	91.00	210.00	91.57	209.64	0.67	1	9	
2	91.57	209.64	119.76	191.87	33.33	2	9	14	
3	119.76	191.87	136.55	181.29	19.84	1	14	
4	136.55	181.29	176.16	156.33	46.82	0	
5	176.16	156.33	210.00	135.00	40.00	1	10	

9	11	109.037	5
1	91.00	210.00	91.49	210.07	0.50	1	9	
2	91.49	210.07	124.68	214.68	33.50	2	9	14	
3	124.68	214.68	162.78	219.97	38.47	1	14	
4	162.78	219.97	178.20	222.11	15.57	0	
5	178.20	222.11	199.00	225.00	21.00	1	11	

9	12	104.484	3
1	91.00	210.00	69.52	236.36	34.00	1	9	
2	69.52	236.36	33.21	280.92	57.48	0	
3	33.21	280.92	25.00	291.00	13.00	1	12	

9	13	216.449	5
1	91.00	210.00	91.74	208.73	1.47	1	9	
2	91.74	208.73	103.30	188.91	22.94	2	9	14	
3	103.30	188.91	108.12	180.63	9.58	1	9	
4	108.12	180.63	191.94	36.82	166.45	0	
5	191.94	36.82	200.00	23.00	16.00	1	13	

9	14	36.497	3
1	91.00	210.00	91.49	210.08	0.50	1	9	
2	91.49	210.08	124.54	215.59	33.50	2	9	14	
3	124.54	215.59	127.00	216.00	2.50	1	14	

9	15	181.596	5
1	91.00	210.00	91.46	210.24	0.52	1	9	
2	91.46	210.24	121.14	225.73	33.48	2	9	14	
3	121.14	225.73	152.05	241.85	34.86	1	14	
4	152.05	241.85	236.04	285.67	94.73	0	
5	236.04	285.67	252.00	294.00	18.00	1	15	

10	0	163.478	3
1	210.00	135.00	173.30	119.10	40.00	1	10	
2	173.30	119.10	98.16	86.53	81.89	0	
3	98.16	86.53	60.00	70.00	41.59	1	6	

10	1	98.813	3
1	210.00	135.00	177.62	111.52	40.00	1	10	
2	177.62	111.52	138.10	82.87	48.81	0	
3	138.10	82.87	130.00	77.00	10.00	1	1	

10	2	185.648	5
1	210.00	135.00	191.25	170.34	40.00	1	10	
2	191.25	170.34	161.40	226.61	63.71	0	
3	161.40	226.61	155.08	238.53	13.49	1	14	
4	155.08	238.53	124.41	296.35	65.45	0	
5	124.41	296.35	123.00	299.00	3.00	1	2	

10	3	165.680	3
1	210.00	135.00	183.20	105.30	40.00	1	10	
2	183.20	105.30	123.12	38.73	89.68	0	
3	123.12	38.73	99.00	12.00	36.00	1	3	

10	4	172.540	6
1	210.00	135.00	175.46	114.83	40.00	1	10	
2	175.46	114.83	127.01	86.54	56.10	0	
3	127.01	86.54	123.16	84.29	4.46	1	1	
4	123.16	84.29	106.59	74.62	19.19	0	
5	106.59	74.62	78.27	58.08	32.79	1	6	
6	78.27	58.08	61.00	48.00	20.00	2	4	6	

10	5	92.201	3
1	210.00	135.00	233.86	167.10	40.00	1	10	
2	233.86	167.10	259.63	201.78	43.20	0	
3	259.63	201.78	265.00	209.00	9.00	1	5	

10	6	169.685	4
1	210.00	135.00	175.11	115.43	40.00	1	10	
2	175.11	115.43	105.61	76.46	79.68	0	
3	105.61	76.46	76.78	60.29	33.05	1	6	
4	76.78	60.29	62.00	52.00	16.94	2	4	6	

10	7	161.385	3
1	210.00	135.00	225.37	171.93	40.00	1	10	
2	225.37	171.93	268.16	274.77	111.38	0	
3	268.16	274.77	272.00	284.00	10.00	1	7	

10	8	230.868	9
1	210.00	135.00	176.04	113.86	40.00	1	10	
2	176.04	113.86	132.41	86.70	51.39	0	
3	132.41	86.70	120.23	79.12	14.35	1	1	
4	120.23	79.12	108.03	71.53	14.37	0	
5	108.03	71.53	80.04	54.11	32.96	1	6	
6	80.04	54.11	47.11	33.61	38.79	2	4	6	
7	47.11	33.61	24.16	19.32	27.04	1	6	
8	24.16	19.32	15.70	14.06	9.96	0	
9	15.70	14.06	14.00	13.00	2.00	1	8	

10	9	140.663	5
1	210.00	135.00	176.16	156.33	40.00	1	10	
2	176.16	156.33	136.55	181.29	46.82	0	
3	136.55	181.29	119.76	191.87	19.84	1	14	
4	119.76	191.87	91.57	209.64	33.33	2	9	14	
5	91.57	209.64	91.00	210.00	0.67	1	9	

10	10	0	0

10	11	90.670	3
1	210.00	135.00	205.15	174.70	40.00	0	
2	205.15	174.70	201.55	204.16	29.67	0	
3	201.55	204.16	199.00	225.00	21.00	1	11	

10	12	241.994	7
1	210.00	135.00	179.42	160.79	40.00	1	10	
2	179.42	160.79	148.33	187.00	40.67	0	
3	148.33	187.00	124.85	206.80	30.72	1	14	
4	124.85	206.80	94.82	232.13	39.29	2	9	14	
5	94.82	232.13	82.13	242.82	16.59	1	9	
6	82.13	242.82	34.94	282.62	61.73	0	
7	34.94	282.62	25.00	291.00	13.00	1	12	

10	13	112.446	3
1	210.00	135.00	206.44	95.16	40.00	0	
2	206.44	95.16	201.42	38.94	56.45	0	
3	201.42	38.94	200.00	23.00	16.00	1	13	

10	14	115.974	3
1	210.00	135.00	181.37	162.94	40.00	1	10	
2	181.37	162.94	152.76	190.86	39.97	0	
3	152.76	190.86	127.00	216.00	36.00	1	14	

10	15	164.454	3
1	210.00	135.00	220.22	173.67	40.00	1	10	
2	220.22	173.67	247.40	276.60	106.45	0	
3	247.40	276.60	252.00	294.00	18.00	1	15	

11	0	208.197	3
1	199.00	225.00	184.98	209.37	21.00	1	11	
2	184.98	209.37	84.09	96.86	151.12	0	
3	84.09	96.86	60.00	70.00	36.08	1	6	

11	1	163.294	3
1	199.00	225.00	190.13	205.97	21.00	1	11	
2	190.13	205.97	134.23	86.06	132.29	0	
3	134.23	86.06	130.00	77.00	10.00	1	1	

11	2	106.075	3
1	199.00	225.00	183.95	239.65	21.00	1	11	
2	183.95	239.65	125.15	296.91	82.08	0	
3	125.15	296.91	123.00	299.00	3.00	1	2	

11	3	235.306	5
1	199.00	225.00	190.08	205.99	21.00	1	11	
2	190.08	205.99	133.85	86.23	132.30	0	
3	133.85	86.23	125.36	68.14	19.98	1	1	
4	125.36	68.14	114.30	44.59	26.02	0	
5	114.30	44.59	99.00	12.00	36.00	1	3	

11	4	224.439	4
1	199.00	225.00	186.09	208.44	21.00	1	11	
2	186.09	208.44	94.04	90.38	149.70	0	
3	94.04	90.38	73.30	63.77	33.74	1	6	
4	73.30	63.77	61.00	48.00	20.00	2	4	6	

11	5	67.912	3
1	199.00	225.00	219.41	220.05	21.00	1	11	
2	219.41	220.05	256.25	211.12	37.91	0	
3	256.25	211.12	265.00	209.00	9.00	1	5	

11	6	220.676	4
1	199.00	225.00	185.96	208.54	21.00	1	11	
2	185.96	208.54	93.04	91.20	149.68	0	
3	93.04	91.20	72.04	64.68	33.83	0	
4	72.04	64.68	62.00	52.00	16.17	2	4	6	

11	7	93.862	3
1	199.00	225.00	215.33	238.20	21.00	1	11	
2	215.33	238.20	264.22	277.71	62.86	0	
3	264.22	277.71	272.00	284.00	10.00	1	7	

11	8	281.370	7
1	199.00	225.00	185.19	209.18	21.00	1	11	
2	185.19	209.18	86.21	95.75	150.55	0	
3	86.21	95.75	61.97	67.98	36.86	1	6	
4	61.97	67.98	41.34	44.33	31.38	2	4	6	
5	41.34	44.33	21.93	22.09	29.52	1	6	
6	21.93	22.09	15.31	14.51	10.06	0	
7	15.31	14.51	14.00	13.00	2.00	1	8	

11	9	109.037	5
1	199.00	225.00	178.20	222.11	21.00	1	11	
2	178.20	222.11	162.78	219.97	15.57	0	
3	162.78	219.97	124.68	214.68	38.47	1	14	
4	124.68	214.68	91.49	210.07	33.50	2	9	14	
5	91.49	210.07	91.00	210.00	0.50	1	9	

11	10	90.670	3
1	199.00	225.00	201.55	204.16	21.00	1	11	
2	201.55	204.16	205.15	174.70	29.67	0	
3	205.15	174.70	210.00	135.00	40.00	0	

11	11	0	0

11	12	186.097	5
1	199.00	225.00	179.37	232.45	21.00	1	11	
2	179.37	232.45	150.24	243.50	31.15	0	
3	150.24	243.50	127.84	251.99	23.95	1	14	
4	127.84	251.99	37.16	286.39	96.99	0	
5	37.16	286.39	25.00	291.00	13.00	1	12	

11	13	202.002	5
1	199.00	225.00	199.10	203.99	21.01	0	
2	199.10	203.99	199.25	173.53	30.46	0	
3	199.25	173.53	199.64	96.37	77.16	0	
4	199.64	96.37	199.92	39.00	57.37	0	
5	199.92	39.00	200.00	23.00	16.00	1	13	

11	14	72.560	3
1	199.00	225.00	178.16	222.40	21.00	1	11	
2	178.16	222.40	162.72	220.47	15.56	0	
3	162.72	220.47	127.00	216.00	36.00	1	14	

11	15	87.006	3
1	199.00	225.00	211.79	241.65	21.00	1	11	
2	211.79	241.65	241.04	279.73	48.01	0	
3	241.04	279.73	252.00	294.00	18.00	1	15	

12	0	223.754	3
1	25.00	291.00	27.03	278.16	13.00	1	12	
2	27.03	278.16	55.01	101.51	178.85	0	
3	55.01	101.51	60.00	70.00	31.90	1	6	

12	1	238.372	5
1	25.00	291.00	30.73	279.33	13.00	1	12	
2	30.73	279.33	59.04	221.61	64.29	0	
3	59.04	221.61	80.63	177.62	49.00	1	9	
4	80.63	177.62	125.60	85.98	102.08	0	
5	125.60	85.98	130.00	77.00	10.00	1	1	

12	2	98.326	3
1	25.00	291.00	37.96	292.06	13.00	1	12	
2	37.96	292.06	120.01	298.76	82.33	0	
3	120.01	298.76	123.00	299.00	3.00	1	2	

12	3	288.647	5
1	25.00	291.00	28.33	278.43	13.00	1	12	
2	28.33	278.43	75.63	100.11	184.49	0	
3	75.63	100.11	89.77	46.80	55.15	1	6	
4	89.77	46.80	97.68	16.97	30.85	1	6	
5	97.68	16.97	99.00	12.00	5.15	1	3	

12	4	245.652	4
1	25.00	291.00	26.91	278.14	13.00	1	12	
2	26.91	278.14	53.12	101.20	178.87	0	
3	53.12	101.20	58.07	67.78	33.79	1	6	
4	58.07	67.78	61.00	48.00	20.00	2	4	6	

12	5	253.622	5
1	25.00	291.00	37.30	286.80	13.00	1	12	
2	37.30	286.80	182.02	237.35	152.93	0	
3	182.02	237.35	219.99	224.38	40.13	1	11	
4	219.99	224.38	256.48	211.91	38.56	0	
5	256.48	211.91	265.00	209.00	9.00	1	5	

12	6	241.847	4
1	25.00	291.00	26.99	278.15	13.00	1	12	
2	26.99	278.15	54.35	101.41	178.85	0	
3	54.35	101.41	59.53	67.95	33.86	0	
4	59.53	67.95	62.00	52.00	16.14	2	4	6	

12	7	247.099	5
1	25.00	291.00	37.99	290.63	13.00	1	12	
2	37.99	290.63	236.41	285.01	198.49	0	
3	236.41	285.01	262.00	284.28	25.61	1	15	
4	262.00	284.28	267.06	284.14	5.06	2	7	15	
5	267.06	284.14	272.00	284.00	4.94	1	7	

12	8	278.218	5
1	25.00	291.00	24.49	278.01	13.00	1	12	
2	24.49	278.01	16.35	72.40	205.77	0	
3	16.35	72.40	14.88	35.27	37.15	1	6	
4	14.88	35.27	14.08	15.00	20.29	0	
5	14.08	15.00	14.00	13.00	2.00	1	8	

12	9	104.484	3
1	25.00	291.00	33.21	280.92	13.00	1	12	
2	33.21	280.92	69.52	236.36	57.48	0	
3	69.52	236.36	91.00	210.00	34.00	1	9	

12	10	241.994	7
1	25.00	291.00	34.94	282.62	13.00	1	12	
2	34.94	282.62	82.13	242.82	61.73	0	
3	82.13	242.82	94.82	232.13	16.59	1	9	
4	94.82	232.13	124.85	206.80	39.29	2	9	14	
5	124.85	206.80	148.33	187.00	30.72	1	14	
6	148.33	187.00	179.42	160.79	40.67	0	
7	179.42	160.79	210.00	135.00	40.00	1	10	

12	11	186.097	5
1	25.00	291.00	37.16	286.39	13.00	1	12	
2	37.16	286.39	127.84	251.99	96.99	0	
3	127.84	251.99	150.24	243.50	23.95	1	14	
4	150.24	243.50	179.37	232.45	31.15	0	
5	179.37	232.45	199.00	225.00	21.00	1	11	

12	12	0	0

12	13	320.077	5
1	25.00	291.00	32.11	280.12	13.00	1	12	
2	32.11	280.12	64.22	230.94	58.73	0	
3	64.22	230.94	99.40	177.06	64.36	1	9	
4	99.40	177.06	191.25	36.40	167.99	0	
5	191.25	36.40	200.00	23.00	16.00	1	13	

12	14	126.606	5
1	25.00	291.00	35.47	283.30	13.00	1	12	
2	35.47	283.30	89.00	243.94	66.44	0	
3	89.00	243.94	98.00	237.33	11.17	1	9	
4	98.00	237.33	123.99	218.21	32.27	2	9	14	
5	123.99	218.21	127.00	216.00	3.73	1	14	

12	15	227.020	3
1	25.00	291.00	38.00	291.17	13.00	1	12	
2	38.00	291.17	234.00	293.76	196.02	0	
3	234.00	293.76	252.00	294.00	18.00	1	15	

13	0	147.679	3
1	200.00	23.00	184.83	28.09	16.00	1	13	
2	184.83	28.09	112.00	52.54	76.83	0	
3	112.00	52.54	60.00	70.00	54.85	1	6	

13	1	88.408	3
1	200.00	23.00	187.33	32.77	16.00	1	13	
2	187.33	32.77	137.92	70.89	62.41	0	
3	137.92	70.89	130.00	77.00	10.00	1	1	

13	2	286.540	7
1	200.00	23.00	195.70	38.41	16.00	1	13	
2	195.70	38.41	172.98	119.85	84.55	0	
3	172.98	119.85	170.48	128.80	9.29	1	10	
4	170.48	128.80	153.08	191.18	64.77	0	
5	153.08	191.18	136.47	250.73	61.82	1	14	
6	136.47	250.73	123.81	296.11	47.11	0	
7	123.81	296.11	123.00	299.00	3.00	1	2	

13	3	101.597	3
1	200.00	23.00	184.09	21.27	16.00	1	13	
2	184.09	21.27	134.79	15.90	49.60	0	
3	134.79	15.90	99.00	12.00	36.00	1	3	

13	4	141.230	6
1	200.00	23.00	184.25	25.83	16.00	1	13	
2	184.25	25.83	125.46	36.41	59.73	0	
3	125.46	36.41	110.32	39.13	15.39	1	3	
4	110.32	39.13	82.70	44.10	28.06	2	3	6	
5	82.70	44.10	80.68	44.46	2.05	1	6	
6	80.68	44.46	61.00	48.00	20.00	2	4	6	

13	5	197.030	5
1	200.00	23.00	205.28	38.10	16.00	1	13	
2	205.28	38.10	226.39	98.51	63.99	0	
3	226.39	98.51	245.55	153.34	58.08	1	10	
4	245.55	153.34	262.03	200.50	49.96	0	
5	262.03	200.50	265.00	209.00	9.00	1	5	

13	6	141.014	6
1	200.00	23.00	184.34	26.29	16.00	1	13	
2	184.34	26.29	122.48	39.29	63.22	0	
3	122.48	39.29	110.93	41.72	11.80	1	3	
4	110.93	41.72	88.49	46.43	22.93	2	3	6	
5	88.49	46.43	81.00	48.01	7.66	1	6	
6	81.00	48.01	62.00	52.00	19.42	2	4	6	

13	7	270.749	5
1	200.00	23.00	204.25	38.42	16.00	1	13	
2	204.25	38.42	220.23	96.33	60.07	0	
3	220.23	96.33	238.61	162.96	69.11	1	10	
4	238.61	162.96	269.34	274.36	115.56	0	
5	269.34	274.36	272.00	284.00	10.00	1	7	

13	8	186.269	7
1	200.00	23.00	184.02	22.14	16.00	1	13	
2	184.02	22.14	134.22	19.46	49.88	0	
3	134.22	19.46	98.22	17.53	36.05	1	3	
4	98.22	17.53	63.18	15.64	35.08	2	3	6	
5	63.18	15.64	29.69	13.84	33.55	1	6	
6	29.69	13.84	16.00	13.11	13.71	0	
7	16.00	13.11	14.00	13.00	2.00	1	8	

13	9	216.449	5
1	200.00	23.00	191.94	36.82	16.00	1	13	
2	191.94	36.82	108.12	180.63	166.45	0	
3	108.12	180.63	103.30	188.91	9.58	1	9	
4	103.30	188.91	91.74	208.73	22.94	2	9	14	
5	91.74	208.73	91.00	210.00	1.47	1	9	

13	10	112.446	3
1	200.00	23.00	201.42	38.94	16.00	1	13	
2	201.42	38.94	206.44	95.16	56.45	0	
3	206.44	95.16	210.00	135.00	40.00	0	

13	11	202.002	5
1	200.00	23.00	199.92	39.00	16.00	1	13	
2	199.92	39.00	199.64	96.37	57.37	0	
3	199.64	96.37	199.25	173.53	77.16	0	
4	199.25	173.53	199.10	203.99	30.46	0	
5	199.10	203.99	199.00	225.00	21.01	0	

13	12	320.077	5
1	200.00	23.00	191.25	36.40	16.00	1	13	
2	191.25	36.40	99.40	177.06	167.99	0	
3	99.40	177.06	64.22	230.94	64.36	1	9	
4	64.22	230.94	32.11	280.12	58.73	0	
5	32.11	280.12	25.00	291.00	13.00	1	12	

13	13	0	0

13	14	206.344	3
1	200.00	23.00	194.34	37.97	16.00	1	13	
2	194.34	37.97	139.74	182.33	154.34	0	
3	139.74	182.33	127.00	216.00	36.00	1	14	

13	15	275.944	5
1	200.00	23.00	203.02	38.71	16.00	1	13	
2	203.02	38.71	213.85	95.19	57.50	0	
3	213.85	95.19	228.31	170.56	76.75	1	10	
4	228.31	170.56	248.61	276.32	107.69	0	
5	248.61	276.32	252.00	294.00	18.00	1	15	

14	0	160.639	5
1	127.00	216.00	124.96	211.56	4.88	1	14	
2	124.96	211.56	111.98	183.28	31.12	2	9	14	
3	111.98	183.28	111.96	183.23	0.05	1	9	
4	111.96	183.23	74.01	100.54	90.99	0	
5	74.01	100.54	60.00	70.00	33.60	0	

14	1	139.032	3
1	127.00	216.00	127.78	180.01	36.00	1	14	
2	127.78	180.01	129.78	87.00	93.03	0	
3	129.78	87.00	130.00	77.00	10.00	0	

14	2	83.096	3
1	127.00	216.00	125.27	251.96	36.00	1	14	
2	125.27	251.96	123.14	296.00	44.10	0	
3	123.14	296.00	123.00	299.00	3.00	1	2	

14	3	205.913	5
1	127.00	216.00	122.10	180.33	36.00	0	
2	122.10	180.33	107.37	73.01	108.33	0	
3	107.37	73.01	103.90	47.67	25.58	1	6	
4	103.90	47.67	100.04	19.55	28.38	1	6	
5	100.04	19.55	99.00	12.00	7.62	1	3	

14	4	180.499	6
1	127.00	216.00	124.99	210.88	5.50	1	14	
2	124.99	210.88	115.30	186.22	26.49	2	9	14	
3	115.30	186.22	113.84	182.49	4.00	1	14	
4	113.84	182.49	80.78	98.34	90.41	0	
5	80.78	98.34	68.31	66.61	34.09	1	6	
6	68.31	66.61	61.00	48.00	20.00	2	4	6	

14	5	138.177	5
1	127.00	216.00	162.95	214.18	36.00	1	14	
2	162.95	214.18	181.61	213.23	18.68	0	
3	181.61	213.23	215.11	211.53	33.55	1	11	
4	215.11	211.53	256.01	209.46	40.95	0	
5	256.01	209.46	265.00	209.00	9.00	1	5	

14	6	176.411	6
1	127.00	216.00	124.99	210.92	5.46	1	14	
2	124.99	210.92	115.13	186.04	26.76	2	9	14	
3	115.13	186.04	113.74	182.53	3.78	1	14	
4	113.74	182.53	80.42	98.48	90.41	0	
5	80.42	98.48	67.86	66.79	34.09	1	6	
6	67.86	66.79	62.00	52.00	15.91	2	4	6	

14	7	160.153	5
1	127.00	216.00	159.59	231.29	36.00	1	14	
2	159.59	231.29	255.81	276.41	106.27	0	
3	255.81	276.41	262.95	279.75	7.88	1	15	
4	262.95	279.75	263.09	279.82	0.16	2	7	15	
5	263.09	279.82	272.00	284.00	9.84	1	7	

14	8	232.332	7
1	127.00	216.00	124.92	212.27	4.27	1	14	
2	124.92	212.27	109.49	184.54	31.73	2	9	14	
3	109.49	184.54	106.94	179.97	5.24	1	9	
4	106.94	179.97	63.53	101.98	89.26	0	
5	63.53	101.98	20.33	24.37	88.82	1	6	
6	20.33	24.37	14.97	14.75	11.01	0	
7	14.97	14.75	14.00	13.00	2.00	1	8	

14	9	36.497	3
1	127.00	216.00	124.54	215.59	2.50	1	14	
2	124.54	215.59	91.49	210.08	33.50	2	9	14	
3	91.49	210.08	91.00	210.00	0.50	1	9	

14	10	115.974	3
1	127.00	216.00	152.76	190.86	36.00	1	14	
2	152.76	190.86	181.37	162.94	39.97	0	
3	181.37	162.94	210.00	135.00	40.00	1	10	

14	11	72.560	3
1	127.00	216.00	162.72	220.47	36.00	1	14	
2	162.72	220.47	178.16	222.40	15.56	0	
3	178.16	222.40	199.00	225.00	21.00	1	11	

14	12	126.606	5
1	127.00	216.00	123.99	218.21	3.73	1	14	
2	123.99	218.21	98.00	237.33	32.27	2	9	14	
3	98.00	237.33	89.00	243.94	11.17	1	9	
4	89.00	243.94	35.47	283.30	66.44	0	
5	35.47	283.30	25.00	291.00	13.00	1	12	

14	13	206.344	3
1	127.00	216.00	139.74	182.33	36.00	1	14	
2	139.74	182.33	194.34	37.97	154.34	0	
3	194.34	37.97	200.00	23.00	16.00	1	13	

14	14	0	0

14	15	147.340	3
1	127.00	216.00	157.54	235.06	36.00	1	14	
2	157.54	235.06	236.73	284.47	93.34	0	
3	236.73	284.47	252.00	294.00	18.00	1	15	

15	0	295.025	5
1	252.00	294.00	240.29	280.33	18.00	1	15	
2	240.29	280.33	208.78	243.58	48.41	0	
3	208.78	243.58	182.13	212.49	40.95	1	11	
4	182.13	212.49	83.33	97.22	151.82	0	
5	83.33	97.22	60.00	70.00	35.85	1	6	

15	1	248.944	5
1	252.00	294.00	243.18	278.31	18.00	1	15	
2	243.18	278.31	218.11	233.71	51.16	0	
3	218.11	233.71	201.48	204.15	33.92	1	11	
4	201.48	204.15	134.90	85.72	135.86	0	
5	134.90	85.72	130.00	77.00	10.00	1	1	

15	2	129.097	3
1	252.00	294.00	234.01	294.70	18.00	1	15	
2	234.01	294.70	126.00	298.88	108.10	0	
3	126.00	298.88	123.00	299.00	3.00	1	2	

15	3	320.832	9
1	252.00	294.00	243.42	278.18	18.00	1	15	
2	243.42	278.18	218.62	232.48	51.99	0	
3	218.62	232.48	203.43	204.47	31.87	1	11	
4	203.43	204.47	180.23	161.71	48.65	0	
5	180.23	161.71	171.37	145.40	18.56	1	10	
6	171.37	145.40	137.72	83.36	70.58	0	
7	137.72	83.36	128.87	67.06	18.54	1	1	
8	128.87	67.06	116.17	43.64	26.65	0	
9	116.17	43.64	99.00	12.00	36.00	1	3	

15	4	311.443	6
1	252.00	294.00	240.96	279.78	18.00	1	15	
2	240.96	279.78	211.52	241.86	48.01	0	
3	211.52	241.86	185.77	208.69	41.99	1	11	
4	185.77	208.69	93.96	90.45	149.70	0	
5	93.96	90.45	73.27	63.80	33.74	1	6	
6	73.27	63.80	61.00	48.00	20.00	2	4	6	

15	5	85.988	3
1	252.00	294.00	254.72	276.21	18.00	1	15	
2	254.72	276.21	263.64	217.90	58.99	0	
3	263.64	217.90	265.00	209.00	9.00	1	5	

15	6	307.675	6
1	252.00	294.00	240.88	279.84	18.00	1	15	
2	240.88	279.84	211.23	242.07	48.02	0	
3	211.23	242.07	185.32	209.07	41.96	1	11	
4	185.32	209.07	92.88	91.33	149.69	0	
5	92.88	91.33	71.98	64.71	33.83	1	6	
6	71.98	64.71	62.00	52.00	16.17	2	4	6	

15	7	22.361	3
1	252.00	294.00	263.06	288.47	12.36	1	15	
2	263.06	288.47	268.10	285.95	5.64	2	7	15	
3	268.10	285.95	272.00	284.00	4.36	1	7	

15	8	368.246	9
1	252.00	294.00	240.37	280.26	18.00	1	15	
2	240.37	280.26	209.14	243.39	48.32	0	
3	209.14	243.39	182.53	211.98	41.17	1	11	
4	182.53	211.98	84.75	96.53	151.29	0	
5	84.75	96.53	60.58	68.00	37.39	1	6	
6	60.58	68.00	41.21	45.12	29.97	2	4	6	
7	41.21	45.12	21.82	22.24	29.99	1	6	
8	21.82	22.24	15.29	14.53	10.10	0	
9	15.29	14.53	14.00	13.00	2.00	1	8	

15	9	181.596	5
1	252.00	294.00	236.04	285.67	18.00	1	15	
2	236.04	285.67	152.05	241.85	94.73	0	
3	152.05	241.85	121.14	225.73	34.86	1	14	
4	121.14	225.73	91.46	210.24	33.48	2	9	14	
5	91.46	210.24	91.00	210.00	0.52	1	9	

15	10	164.454	3
1	252.00	294.00	247.40	276.60	18.00	1	15	
2	247.40	276.60	220.22	173.67	106.45	0	
3	220.22	173.67	210.00	135.00	40.00	1	10	

15	11	87.006	3
1	252.00	294.00	241.04	279.73	18.00	1	15	
2	241.04	279.73	211.79	241.65	48.01	0	
3	211.79	241.65	199.00	225.00	21.00	1	11	

15	12	227.020	3
1	252.00	294.00	234.00	293.76	18.00	1	15	
2	234.00	293.76	38.00	291.17	196.02	0	
3	38.00	291.17	25.00	291.00	13.00	1	12	

15	13	275.944	5
1	252.00	294.00	248.61	276.32	18.00	1	15	
2	248.61	276.32	228.31	170.56	107.69	0	
3	228.31	170.56	213.85	95.19	76.75	1	10	
4	213.85	95.19	203.02	38.71	57.50	0	
5	203.02	38.71	200.00	23.00	16.00	1	13	

15	14	147.340	3
1	252.00	294.00	236.73	284.47	18.00	1	15	
2	236.73	284.47	157.54	235.06	93.34	0	
3	157.54	235.06	127.00	216.00	36.00	1	14	

15	15	0	0
