9	101	2	0.001	30.0
16.000	214.000	0.000	1.000	0.000
96.000	231.000	47.000	1.000	10.000
157.000	147.000	2.000	10.000	16.000
114.000	229.000	4.000	7.000	4.000
285.000	106.000	45.000	2.000	19.000
36.000	287.000	27.000	9.000	1.000
66.000	113.000	12.000	5.000	15.000
162.000	245.000	28.000	4.000	4.000
264.000	84.000	19.000	3.000	13.000
 


0	0	0	0

0	1	81.786	2
1	16.00	214.00	50.03	221.23	34.79	0	
2	50.03	221.23	96.00	231.00	47.00	1	1	

0	2	156.109	2
1	16.00	214.00	155.19	147.86	154.11	0	
2	155.19	147.86	157.00	147.00	2.00	1	2	

0	3	99.141	3
1	16.00	214.00	50.49	219.28	34.89	0	
2	50.49	219.28	110.05	228.39	60.25	1	1	
3	110.05	228.39	114.00	229.00	4.00	2	1	3	

0	4	289.871	4
1	16.00	214.00	68.39	192.97	56.45	0	
2	68.39	192.97	89.65	184.43	22.91	1	1	
3	89.65	184.43	243.24	122.77	165.51	0	
4	243.24	122.77	285.00	106.00	45.00	1	4	

0	5	75.690	2
1	16.00	214.00	28.87	260.96	48.69	0	
2	28.87	260.96	36.00	287.00	27.00	1	5	

0	6	112.699	2
1	16.00	214.00	60.68	123.75	100.70	0	
2	60.68	123.75	66.00	113.00	12.00	1	6	

0	7	149.255	4
1	16.00	214.00	50.03	221.23	34.79	0	
2	50.03	221.23	134.61	239.18	86.47	1	1	
3	134.61	239.18	141.98	240.75	7.53	2	1	7	
4	141.98	240.75	162.00	245.00	20.47	1	7	

0	8	280.007	3
1	16.00	214.00	241.13	95.99	254.18	0	
2	241.13	95.99	247.17	92.82	6.82	1	4	
3	247.17	92.82	264.00	84.00	19.00	2	4	8	

1	0	81.786	2
1	96.00	231.00	50.03	221.23	47.00	1	1	
2	50.03	221.23	16.00	214.00	34.79	0	

1	1	0	0

1	2	103.812	3
1	96.00	231.00	123.62	192.97	47.00	1	1	
2	123.62	192.97	155.82	148.62	54.81	0	
3	155.82	148.62	157.00	147.00	2.00	1	2	

1	3	18.111	2
1	96.00	231.00	110.02	229.44	14.11	1	1	
2	110.02	229.44	114.00	229.00	4.00	2	1	3	

1	4	226.597	3
1	96.00	231.00	135.20	205.07	47.00	1	1	
2	135.20	205.07	247.47	130.82	134.60	0	
3	247.47	130.82	285.00	106.00	45.00	1	4	

1	5	82.073	3
1	96.00	231.00	61.64	263.07	47.00	1	1	
2	61.64	263.07	55.74	268.58	8.07	0	
3	55.74	268.58	36.00	287.00	27.00	1	5	

1	6	121.754	3
1	96.00	231.00	84.42	185.45	47.00	1	1	
2	84.42	185.45	68.96	124.63	62.75	0	
3	68.96	124.63	66.00	113.00	12.00	1	6	

1	7	67.469	3
1	96.00	231.00	134.61	239.19	39.47	1	1	
2	134.61	239.19	141.98	240.75	7.53	2	1	7	
3	141.98	240.75	162.00	245.00	20.47	1	7	

1	8	223.233	4
1	96.00	231.00	131.37	200.05	47.00	1	1	
2	131.37	200.05	240.01	104.99	144.36	0	
3	240.01	104.99	249.70	96.51	12.88	1	4	
4	249.70	96.51	264.00	84.00	19.00	2	4	8	

2	0	156.109	2
1	157.00	147.00	155.19	147.86	2.00	1	2	
2	155.19	147.86	16.00	214.00	154.11	0	

2	1	103.812	3
1	157.00	147.00	155.82	148.62	2.00	1	2	
2	155.82	148.62	123.62	192.97	54.81	0	
3	123.62	192.97	96.00	231.00	47.00	1	1	

2	2	0	0

2	3	92.590	4
1	157.00	147.00	156.07	148.77	2.00	1	2	
2	156.07	148.77	129.98	198.53	56.18	0	
3	129.98	198.53	115.86	225.46	30.41	1	1	
4	115.86	225.46	114.00	229.00	4.00	2	1	3	

2	4	134.406	3
1	157.00	147.00	158.90	146.39	2.00	1	2	
2	158.90	146.39	242.14	119.73	87.41	0	
3	242.14	119.73	285.00	106.00	45.00	1	4	

2	5	185.043	5
1	157.00	147.00	155.69	148.51	2.00	1	2	
2	155.69	148.51	119.55	190.33	55.27	0	
3	119.55	190.33	59.17	260.19	92.35	1	1	
4	59.17	260.19	53.66	266.57	8.43	0	
5	53.66	266.57	36.00	287.00	27.00	1	5	

2	6	97.144	3
1	157.00	147.00	155.13	146.30	2.00	1	2	
2	155.13	146.30	77.24	117.20	83.14	0	
3	77.24	117.20	66.00	113.00	12.00	1	6	

2	7	98.127	3
1	157.00	147.00	157.10	149.00	2.00	1	2	
2	157.10	149.00	160.57	217.04	68.13	0	
3	160.57	217.04	162.00	245.00	28.00	1	7	

2	8	124.169	4
1	157.00	147.00	158.72	145.99	2.00	1	2	
2	158.72	145.99	240.78	97.67	95.22	0	
3	240.78	97.67	247.63	93.64	7.95	1	4	
4	247.63	93.64	264.00	84.00	19.00	2	4	8	

3	0	99.141	3
1	114.00	229.00	110.05	228.39	4.00	2	1	3	
2	110.05	228.39	50.49	219.28	60.25	1	1	
3	50.49	219.28	16.00	214.00	34.89	0	

3	1	18.111	2
1	114.00	229.00	110.02	229.44	4.00	2	1	3	
2	110.02	229.44	96.00	231.00	14.11	1	1	

3	2	92.590	4
1	114.00	229.00	115.86	225.46	4.00	2	1	3	
2	115.86	225.46	129.98	198.53	30.41	1	1	
3	129.98	198.53	156.07	148.77	56.18	0	
4	156.07	148.77	157.00	147.00	2.00	1	2	

3	3	0	0

3	4	210.642	4
1	114.00	229.00	117.25	226.66	4.00	2	1	3	
2	117.25	226.66	138.66	211.26	26.37	1	1	
3	138.66	211.26	248.47	132.28	135.27	0	
4	248.47	132.28	285.00	106.00	45.00	1	4	

3	5	97.201	4
1	114.00	229.00	110.79	231.39	4.00	2	1	3	
2	110.79	231.39	64.45	265.84	57.74	1	1	
3	64.45	265.84	57.67	270.89	8.46	0	
4	57.67	270.89	36.00	287.00	27.00	1	5	

3	6	125.539	4
1	114.00	229.00	112.47	225.30	4.00	2	1	3	
2	112.47	225.30	95.38	184.00	44.70	1	1	
3	95.38	184.00	70.59	124.09	64.84	0	
4	70.59	124.09	66.00	113.00	12.00	1	6	

3	7	50.596	4
1	114.00	229.00	117.79	230.26	4.00	2	1	3	
2	117.79	230.26	135.44	236.15	18.60	1	1	
3	135.44	236.15	142.40	238.47	7.34	2	1	7	
4	142.40	238.47	162.00	245.00	20.66	1	7	

3	8	208.626	5
1	114.00	229.00	116.88	226.22	4.00	2	1	3	
2	116.88	226.22	136.54	207.21	27.35	1	1	
3	136.54	207.21	240.02	107.18	143.92	0	
4	240.02	107.18	250.34	97.21	14.36	1	4	
5	250.34	97.21	264.00	84.00	19.00	2	4	8	

4	0	289.871	4
1	285.00	106.00	243.24	122.77	45.00	1	4	
2	243.24	122.77	89.65	184.43	165.51	0	
3	89.65	184.43	68.39	192.97	22.91	1	1	
4	68.39	192.97	16.00	214.00	56.45	0	

4	1	226.597	3
1	285.00	106.00	247.47	130.82	45.00	1	4	
2	247.47	130.82	135.20	205.07	134.60	0	
3	135.20	205.07	96.00	231.00	47.00	1	1	

4	2	134.406	3
1	285.00	106.00	242.14	119.73	45.00	1	4	
2	242.14	119.73	158.90	146.39	87.41	0	
3	158.90	146.39	157.00	147.00	2.00	1	2	

4	3	210.642	4
1	285.00	106.00	248.47	132.28	45.00	1	4	
2	248.47	132.28	138.66	211.26	135.27	0	
3	138.66	211.26	117.25	226.66	26.37	1	1	
4	117.25	226.66	114.00	229.00	4.00	2	1	3	

4	4	0	0

4	5	307.834	7
1	285.00	106.00	248.60	132.46	45.00	1	4	
2	248.60	132.46	139.03	212.10	135.46	0	
3	139.03	212.10	117.74	227.58	26.33	1	1	
4	117.74	227.58	111.50	232.12	7.72	2	1	3	
5	111.50	232.12	64.75	266.10	57.80	1	1	
6	64.75	266.10	57.84	271.12	8.54	0	
7	57.84	271.12	36.00	287.00	27.00	1	5	

4	6	219.112	3
1	285.00	106.00	240.02	107.44	45.00	1	4	
2	240.02	107.44	77.99	112.62	162.11	0	
3	77.99	112.62	66.00	113.00	12.00	1	6	

4	7	185.607	3
1	285.00	106.00	255.18	139.70	45.00	1	4	
2	255.18	139.70	180.56	224.03	112.61	0	
3	180.56	224.03	162.00	245.00	28.00	1	7	

4	8	30.414	2
1	285.00	106.00	277.12	97.74	11.41	1	4	
2	277.12	97.74	264.00	84.00	19.00	2	4	8	

5	0	75.690	2
1	36.00	287.00	28.87	260.96	27.00	1	5	
2	28.87	260.96	16.00	214.00	48.69	0	

5	1	82.073	3
1	36.00	287.00	55.74	268.58	27.00	1	5	
2	55.74	268.58	61.64	263.07	8.07	0	
3	61.64	263.07	96.00	231.00	47.00	1	1	

5	2	185.043	5
1	36.00	287.00	53.66	266.57	27.00	1	5	
2	53.66	266.57	59.17	260.19	8.43	0	
3	59.17	260.19	119.55	190.33	92.35	1	1	
4	119.55	190.33	155.69	148.51	55.27	0	
5	155.69	148.51	157.00	147.00	2.00	1	2	

5	3	97.201	4
1	36.00	287.00	57.67	270.89	27.00	1	5	
2	57.67	270.89	64.45	265.84	8.46	0	
3	64.45	265.84	110.79	231.39	57.74	1	1	
4	110.79	231.39	114.00	229.00	4.00	2	1	3	

5	4	307.834	7
1	36.00	287.00	57.84	271.12	27.00	1	5	
2	57.84	271.12	64.75	266.10	8.54	0	
3	64.75	266.10	111.50	232.12	57.80	1	1	
4	111.50	232.12	117.74	227.58	7.72	2	1	3	
5	117.74	227.58	139.03	212.10	26.33	1	1	
6	139.03	212.10	248.60	132.46	135.46	0	
7	248.60	132.46	285.00	106.00	45.00	1	4	

5	5	0	0

5	6	176.567	3
1	36.00	287.00	40.59	260.39	27.00	1	5	
2	40.59	260.39	63.96	124.83	137.57	0	
3	63.96	124.83	66.00	113.00	12.00	1	6	

5	7	132.816	5
1	36.00	287.00	61.61	278.46	27.00	1	5	
2	61.61	278.46	76.17	273.61	15.34	0	
3	76.17	273.61	135.44	253.85	62.48	1	1	
4	135.44	253.85	137.43	253.19	2.10	2	1	7	
5	137.43	253.19	162.00	245.00	25.90	1	7	

5	8	305.275	6
1	36.00	287.00	56.17	269.05	27.00	1	5	
2	56.17	269.05	62.21	263.67	8.09	0	
3	62.21	263.67	132.35	201.21	93.92	1	1	
4	132.35	201.21	240.00	105.36	144.14	0	
5	240.00	105.36	249.81	96.63	13.13	1	4	
6	249.81	96.63	264.00	84.00	19.00	2	4	8	

6	0	112.699	2
1	66.00	113.00	60.68	123.75	12.00	1	6	
2	60.68	123.75	16.00	214.00	100.70	0	

6	1	121.754	3
1	66.00	113.00	68.96	124.63	12.00	1	6	
2	68.96	124.63	84.42	185.45	62.75	0	
3	84.42	185.45	96.00	231.00	47.00	1	1	

6	2	97.144	3
1	66.00	113.00	77.24	117.20	12.00	1	6	
2	77.24	117.20	155.13	146.30	83.14	0	
3	155.13	146.30	157.00	147.00	2.00	1	2	

6	3	125.539	4
1	66.00	113.00	70.59	124.09	12.00	1	6	
2	70.59	124.09	95.38	184.00	64.84	0	
3	95.38	184.00	112.47	225.30	44.70	1	1	
4	112.47	225.30	114.00	229.00	4.00	2	1	3	

6	4	219.112	3
1	66.00	113.00	77.99	112.62	12.00	1	6	
2	77.99	112.62	240.02	107.44	162.11	0	
3	240.02	107.44	285.00	106.00	45.00	1	4	

6	5	176.567	3
1	66.00	113.00	63.96	124.83	12.00	1	6	
2	63.96	124.83	40.59	260.39	137.57	0	
3	40.59	260.39	36.00	287.00	27.00	1	5	

6	6	0	0

6	7	163.218	5
1	66.00	113.00	73.06	122.70	12.00	1	6	
2	73.06	122.70	124.81	193.87	87.99	0	
3	124.81	193.87	140.20	215.03	26.17	1	1	
4	140.20	215.03	145.53	222.36	9.06	0	
5	145.53	222.36	162.00	245.00	28.00	1	7	

6	8	200.112	4
1	66.00	113.00	77.87	111.26	12.00	1	6	
2	77.87	111.26	244.26	86.89	168.16	0	
3	244.26	86.89	245.20	86.75	0.95	1	4	
4	245.20	86.75	264.00	84.00	19.00	2	4	8	

7	0	149.255	4
1	162.00	245.00	141.98	240.75	20.47	1	7	
2	141.98	240.75	134.61	239.18	7.53	2	1	7	
3	134.61	239.18	50.03	221.23	86.47	1	1	
4	50.03	221.23	16.00	214.00	34.79	0	

7	1	67.469	3
1	162.00	245.00	141.98	240.75	20.47	1	7	
2	141.98	240.75	134.61	239.19	7.53	2	1	7	
3	134.61	239.19	96.00	231.00	39.47	1	1	

7	2	98.127	3
1	162.00	245.00	160.57	217.04	28.00	1	7	
2	160.57	217.04	157.10	149.00	68.13	0	
3	157.10	149.00	157.00	147.00	2.00	1	2	

7	3	50.596	4
1	162.00	245.00	142.40	238.47	20.66	1	7	
2	142.40	238.47	135.44	236.15	7.34	2	1	7	
3	135.44	236.15	117.79	230.26	18.60	1	1	
4	117.79	230.26	114.00	229.00	4.00	2	1	3	

7	4	185.607	3
1	162.00	245.00	180.56	224.03	28.00	1	7	
2	180.56	224.03	255.18	139.70	112.61	0	
3	255.18	139.70	285.00	106.00	45.00	1	4	

7	5	132.816	5
1	162.00	245.00	137.43	253.19	25.90	1	7	
2	137.43	253.19	135.44	253.85	2.10	2	1	7	
3	135.44	253.85	76.17	273.61	62.48	1	1	
4	76.17	273.61	61.61	278.46	15.34	0	
5	61.61	278.46	36.00	287.00	27.00	1	5	

7	6	163.218	5
1	162.00	245.00	145.53	222.36	28.00	1	7	
2	145.53	222.36	140.20	215.03	9.06	0	
3	140.20	215.03	124.81	193.87	26.17	1	1	
4	124.81	193.87	73.06	122.70	87.99	0	
5	73.06	122.70	66.00	113.00	12.00	1	6	

7	7	0	0

7	8	190.591	4
1	162.00	245.00	176.99	221.35	28.00	1	7	
2	176.99	221.35	241.89	118.90	121.28	0	
3	241.89	118.90	253.83	100.05	22.32	1	4	
4	253.83	100.05	264.00	84.00	19.00	2	4	8	

8	0	280.007	3
1	264.00	84.00	247.17	92.82	19.00	2	4	8	
2	247.17	92.82	241.13	95.99	6.82	1	4	
3	241.13	95.99	16.00	214.00	254.18	0	

8	1	223.233	4
1	264.00	84.00	249.70	96.51	19.00	2	4	8	
2	249.70	96.51	240.01	104.99	12.88	1	4	
3	240.01	104.99	131.37	200.05	144.36	0	
4	131.37	200.05	96.00	231.00	47.00	1	1	

8	2	124.169	4
1	264.00	84.00	247.63	93.64	19.00	2	4	8	
2	247.63	93.64	240.78	97.67	7.95	1	4	
3	240.78	97.67	158.72	145.99	95.22	0	
4	158.72	145.99	157.00	147.00	2.00	1	2	

8	3	208.626	5
1	264.00	84.00	250.34	97.21	19.00	2	4	8	
2	250.34	97.21	240.02	107.18	14.36	1	4	
3	240.02	107.18	136.54	207.21	143.92	0	
4	136.54	207.21	116.88	226.22	27.35	1	1	
5	116.88	226.22	114.00	229.00	4.00	2	1	3	

8	4	30.414	2
1	264.00	84.00	277.12	97.74	19.00	2	4	8	
2	277.12	97.74	285.00	106.00	11.41	1	4	

8	5	305.275	6
1	264.00	84.00	249.81	96.63	19.00	2	4	8	
2	249.81	96.63	240.00	105.36	13.13	1	4	
3	240.00	105.36	132.35	201.21	144.14	0	
4	132.35	201.21	62.21	263.67	93.92	1	1	
5	62.21	263.67	56.17	269.05	8.09	0	
6	56.17	269.05	36.00	287.00	27.00	1	5	

8	6	200.112	4
1	264.00	84.00	245.20	86.75	19.00	2	4	8	
2	245.20	86.75	244.26	86.89	0.95	1	4	
3	244.26	86.89	77.87	111.26	168.16	0	
4	77.87	111.26	66.00	113.00	12.00	1	6	

8	7	190.591	4
1	264.00	84.00	253.83	100.05	19.00	2	4	8	
2	253.83	100.05	241.89	118.90	22.32	1	4	
3	241.89	118.90	176.99	221.35	121.28	0	
4	176.99	221.35	162.00	245.00	28.00	1	7	

8	8	0	0
