7	61	2	0.001	20.0
150.000	150.000	0.000	5.000	0.000
78.000	179.000	39.000	10.000	20.000
117.000	165.000	26.000	10.000	20.000
144.000	195.000	32.000	1.000	10.000
152.000	173.000	5.000	2.000	6.000
206.000	225.000	26.000	8.000	16.000
184.000	146.000	8.000	8.000	17.000

0	0	0	0

0	1	77.621	4
1	150.00	150.00	140.48	153.83	10.26	0	
2	140.48	153.83	114.18	164.43	28.36	1	2	
3	114.18	164.43	92.34	173.23	23.55	2	1	2	
4	92.34	173.23	78.00	179.00	15.45	1	1	

0	2	36.249	2
1	150.00	150.00	140.67	154.24	10.25	0	
2	140.67	154.24	117.00	165.00	26.00	1	2	

0	3	45.398	2
1	150.00	150.00	148.23	163.28	13.40	0	
2	148.23	163.28	144.00	195.00	32.00	1	3	

0	4	23.087	3
1	150.00	150.00	151.20	163.82	13.87	0	
2	151.20	163.82	151.57	168.02	4.21	0	
3	151.57	168.02	152.00	173.00	5.00	2	3	4	

0	5	93.600	4
1	150.00	150.00	166.95	172.70	28.33	0	
2	166.95	172.70	171.90	179.34	8.29	1	3	
3	171.90	179.34	190.44	204.17	30.99	0	
4	190.44	204.17	206.00	225.00	26.00	1	5	

0	6	34.234	2
1	150.00	150.00	176.05	146.93	26.23	0	
2	176.05	146.93	184.00	146.00	8.00	1	6	

1	0	77.621	4
1	78.00	179.00	92.34	173.23	15.45	1	1	
2	92.34	173.23	114.18	164.43	23.55	2	1	2	
3	114.18	164.43	140.48	153.83	28.36	1	2	
4	140.48	153.83	150.00	150.00	10.26	0	

1	1	0	0

1	2	41.437	3
1	78.00	179.00	92.53	173.78	15.44	1	1	
2	92.53	173.78	114.71	165.82	23.56	2	1	2	
3	114.71	165.82	117.00	165.00	2.44	1	2	

1	3	67.912	5
1	78.00	179.00	99.47	184.21	22.10	1	1	
2	99.47	184.21	112.90	187.46	13.81	2	1	2	
3	112.90	187.46	115.90	188.19	3.09	3	1	2	3	
4	115.90	188.19	123.78	190.10	8.11	2	2	3	
5	123.78	190.10	144.00	195.00	20.80	1	3	

1	4	74.243	6
1	78.00	179.00	94.30	177.68	16.35	1	1	
2	94.30	177.68	116.87	175.85	22.65	2	1	2	
3	116.87	175.85	118.46	175.72	1.59	1	2	
4	118.46	175.72	141.45	173.86	23.06	2	2	3	
5	141.45	173.86	147.02	173.40	5.59	1	3	
6	147.02	173.40	152.00	173.00	5.00	2	3	4	

1	5	136.015	5
1	78.00	179.00	112.22	191.30	36.36	1	1	
2	112.22	191.30	114.70	192.19	2.64	2	1	3	
3	114.70	192.19	170.87	212.38	59.69	1	3	
4	170.87	212.38	181.53	216.21	11.33	0	
5	181.53	216.21	206.00	225.00	26.00	1	5	

1	6	111.018	5
1	78.00	179.00	92.76	174.40	15.46	1	1	
2	92.76	174.40	115.24	167.41	23.54	2	1	2	
3	115.24	167.41	142.29	158.98	28.34	1	2	
4	142.29	158.98	176.36	148.38	35.68	0	
5	176.36	148.38	184.00	146.00	8.00	1	6	

2	0	36.249	2
1	117.00	165.00	140.67	154.24	26.00	1	2	
2	140.67	154.24	150.00	150.00	10.25	0	

2	1	41.437	3
1	117.00	165.00	114.71	165.82	2.44	1	2	
2	114.71	165.82	92.53	173.78	23.56	2	1	2	
3	92.53	173.78	78.00	179.00	15.44	1	1	

2	2	0	0

2	3	40.361	3
1	117.00	165.00	122.59	171.21	8.36	1	2	
2	122.59	171.21	134.39	184.33	17.64	2	2	3	
3	134.39	184.33	144.00	195.00	14.36	1	3	

2	4	35.903	4
1	117.00	165.00	127.72	167.45	11.00	1	2	
2	127.72	167.45	142.35	170.79	15.00	2	2	3	
3	142.35	170.79	147.13	171.89	4.90	1	3	
4	147.13	171.89	152.00	173.00	5.00	2	3	4	

2	5	107.336	5
1	117.00	165.00	124.20	169.86	8.69	1	2	
2	124.20	169.86	138.56	179.53	17.31	2	2	3	
3	138.56	179.53	174.73	203.92	43.63	1	3	
4	174.73	203.92	184.44	210.47	11.71	0	
5	184.44	210.47	206.00	225.00	26.00	1	5	

2	6	69.642	3
1	117.00	165.00	142.01	157.91	26.00	1	2	
2	142.01	157.91	176.30	148.18	35.64	0	
3	176.30	148.18	184.00	146.00	8.00	1	6	

3	0	45.398	2
1	144.00	195.00	148.23	163.28	32.00	1	3	
2	148.23	163.28	150.00	150.00	13.40	0	

3	1	67.912	5
1	144.00	195.00	123.78	190.10	20.80	1	3	
2	123.78	190.10	115.90	188.19	8.11	2	2	3	
3	115.90	188.19	112.90	187.46	3.09	3	1	2	3	
4	112.90	187.46	99.47	184.21	13.81	2	1	2	
5	99.47	184.21	78.00	179.00	22.10	1	1	

3	2	40.361	3
1	144.00	195.00	134.39	184.33	14.36	1	3	
2	134.39	184.33	122.59	171.21	17.64	2	2	3	
3	122.59	171.21	117.00	165.00	8.36	1	2	

3	3	0	0

3	4	23.409	2
1	144.00	195.00	150.29	177.70	18.41	1	3	
2	150.29	177.70	152.00	173.00	5.00	2	3	4	

3	5	68.877	3
1	144.00	195.00	172.81	208.94	32.00	1	3	
2	172.81	208.94	182.60	213.68	10.88	0	
3	182.60	213.68	206.00	225.00	26.00	1	5	

3	6	63.253	3
1	144.00	195.00	164.24	170.21	32.00	1	3	
2	164.24	170.21	178.94	152.20	23.25	0	
3	178.94	152.20	184.00	146.00	8.00	1	6	

4	0	23.087	3
1	152.00	173.00	151.57	168.02	5.00	2	3	4	
2	151.57	168.02	151.20	163.82	4.21	0	
3	151.20	163.82	150.00	150.00	13.87	0	

4	1	74.243	6
1	152.00	173.00	147.02	173.40	5.00	2	3	4	
2	147.02	173.40	141.45	173.86	5.59	1	3	
3	141.45	173.86	118.46	175.72	23.06	2	2	3	
4	118.46	175.72	116.87	175.85	1.59	1	2	
5	116.87	175.85	94.30	177.68	22.65	2	1	2	
6	94.30	177.68	78.00	179.00	16.35	1	1	

4	2	35.903	4
1	152.00	173.00	147.13	171.89	5.00	2	3	4	
2	147.13	171.89	142.35	170.79	4.90	1	3	
3	142.35	170.79	127.72	167.45	15.00	2	2	3	
4	127.72	167.45	117.00	165.00	11.00	1	2	

4	3	23.409	2
1	152.00	173.00	150.29	177.70	5.00	2	3	4	
2	150.29	177.70	144.00	195.00	18.41	1	3	

4	4	0	0

4	5	74.967	4
1	152.00	173.00	155.60	176.47	5.00	2	3	4	
2	155.60	176.47	175.98	196.09	28.29	1	3	
3	175.98	196.09	187.27	206.97	15.67	0	
4	187.27	206.97	206.00	225.00	26.00	1	5	

4	6	41.869	4
1	152.00	173.00	155.82	169.78	5.00	2	3	4	
2	155.82	169.78	159.26	166.87	4.50	1	3	
3	159.26	166.87	177.89	151.16	24.37	0	
4	177.89	151.16	184.00	146.00	8.00	1	6	

5	0	93.600	4
1	206.00	225.00	190.44	204.17	26.00	1	5	
2	190.44	204.17	171.90	179.34	30.99	0	
3	171.90	179.34	166.95	172.70	8.29	1	3	
4	166.95	172.70	150.00	150.00	28.33	0	

5	1	136.015	5
1	206.00	225.00	181.53	216.21	26.00	1	5	
2	181.53	216.21	170.87	212.38	11.33	0	
3	170.87	212.38	114.70	192.19	59.69	1	3	
4	114.70	192.19	112.22	191.30	2.64	2	1	3	
5	112.22	191.30	78.00	179.00	36.36	1	1	

5	2	107.336	5
1	206.00	225.00	184.44	210.47	26.00	1	5	
2	184.44	210.47	174.73	203.92	11.71	0	
3	174.73	203.92	138.56	179.53	43.63	1	3	
4	138.56	179.53	124.20	169.86	17.31	2	2	3	
5	124.20	169.86	117.00	165.00	8.69	1	2	

5	3	68.877	3
1	206.00	225.00	182.60	213.68	26.00	1	5	
2	182.60	213.68	172.81	208.94	10.88	0	
3	172.81	208.94	144.00	195.00	32.00	1	3	

5	4	74.967	4
1	206.00	225.00	187.27	206.97	26.00	1	5	
2	187.27	206.97	175.98	196.09	15.67	0	
3	175.98	196.09	155.60	176.47	28.29	1	3	
4	155.60	176.47	152.00	173.00	5.00	2	3	4	

5	5	0	0

5	6	82.006	3
1	206.00	225.00	199.02	199.95	26.00	1	5	
2	199.02	199.95	186.15	153.71	48.01	0	
3	186.15	153.71	184.00	146.00	8.00	1	6	

6	0	34.234	2
1	184.00	146.00	176.05	146.93	8.00	1	6	
2	176.05	146.93	150.00	150.00	26.23	0	

6	1	111.018	5
1	184.00	146.00	176.36	148.38	8.00	1	6	
2	176.36	148.38	142.29	158.98	35.68	0	
3	142.29	158.98	115.24	167.41	28.34	1	2	
4	115.24	167.41	92.76	174.40	23.54	2	1	2	
5	92.76	174.40	78.00	179.00	15.46	1	1	

6	2	69.642	3
1	184.00	146.00	176.30	148.18	8.00	1	6	
2	176.30	148.18	142.01	157.91	35.64	0	
3	142.01	157.91	117.00	165.00	26.00	1	2	

6	3	63.253	3
1	184.00	146.00	178.94	152.20	8.00	1	6	
2	178.94	152.20	164.24	170.21	23.25	0	
3	164.24	170.21	144.00	195.00	32.00	1	3	

6	4	41.869	4
1	184.00	146.00	177.89	151.16	8.00	1	6	
2	177.89	151.16	159.26	166.87	24.37	0	
3	159.26	166.87	155.82	169.78	4.50	1	3	
4	155.82	169.78	152.00	173.00	5.00	2	3	4	

6	5	82.006	3
1	184.00	146.00	186.15	153.71	8.00	1	6	
2	186.15	153.71	199.02	199.95	48.01	0	
3	199.02	199.95	206.00	225.00	26.00	1	5	

6	6	0	0
