7	57	2	0.001	60.0
150.000	150.000	0.000	10.000	0.000
109.000	180.000	16.000	5.000	17.000
296.000	279.000	33.000	7.000	4.000
180.000	62.000	26.000	1.000	10.000
92.000	93.000	23.000	3.000	4.000
219.000	18.000	4.000	9.000	7.000
226.000	48.000	31.000	1.000	19.000

0	0	0	0

0	1	50.804	2
1	150.00	150.00	121.91	170.55	34.80	0	
2	121.91	170.55	109.00	180.00	16.00	1	1	

0	2	194.826	2
1	150.00	150.00	271.27	257.15	161.83	0	
2	271.27	257.15	296.00	279.00	33.00	1	2	

0	3	92.973	2
1	150.00	150.00	171.61	86.61	66.97	0	
2	171.61	86.61	180.00	62.00	26.00	1	3	

0	4	81.320	2
1	150.00	150.00	108.40	109.12	58.32	0	
2	108.40	109.12	92.00	93.00	23.00	1	4	

0	5	148.946	5
1	150.00	150.00	182.47	87.88	70.09	0	
2	182.47	87.88	197.25	59.60	31.91	1	3	
3	197.25	59.60	202.66	49.26	11.68	2	3	6	
4	202.66	49.26	217.15	21.54	31.27	1	6	
5	217.15	21.54	219.00	18.00	4.00	2	5	6	

0	6	127.201	2
1	150.00	150.00	207.48	72.86	96.20	0	
2	207.48	72.86	226.00	48.00	31.00	1	6	

1	0	50.804	2
1	109.00	180.00	121.91	170.55	16.00	1	1	
2	121.91	170.55	150.00	150.00	34.80	0	

1	1	0	0

1	2	211.589	3
1	109.00	180.00	123.14	187.49	16.00	1	1	
2	123.14	187.49	266.83	263.56	162.59	0	
3	266.83	263.56	296.00	279.00	33.00	1	2	

1	3	137.713	3
1	109.00	180.00	117.25	166.29	16.00	1	1	
2	117.25	166.29	166.60	84.28	95.71	0	
3	166.60	84.28	180.00	62.00	26.00	1	3	

1	4	88.645	3
1	109.00	180.00	105.93	164.30	16.00	1	1	
2	105.93	164.30	96.41	115.57	49.65	0	
3	96.41	115.57	92.00	93.00	23.00	1	4	

1	5	195.816	6
1	109.00	180.00	117.99	166.76	16.00	1	1	
2	117.99	166.76	172.27	86.82	96.63	0	
3	172.27	86.82	195.37	52.80	41.13	1	3	
4	195.37	52.80	200.22	45.66	8.63	2	3	6	
5	200.22	45.66	216.75	21.31	29.43	1	6	
6	216.75	21.31	219.00	18.00	4.00	2	5	6	

1	6	176.389	5
1	109.00	180.00	119.61	168.03	16.00	1	1	
2	119.61	168.03	194.41	83.64	112.76	0	
3	194.41	83.64	203.22	73.70	13.28	1	3	
4	203.22	73.70	205.44	71.20	3.35	0	
5	205.44	71.20	226.00	48.00	31.00	1	6	

2	0	194.826	2
1	296.00	279.00	271.27	257.15	33.00	1	2	
2	271.27	257.15	150.00	150.00	161.83	0	

2	1	211.589	3
1	296.00	279.00	266.83	263.56	33.00	1	2	
2	266.83	263.56	123.14	187.49	162.59	0	
3	123.14	187.49	109.00	180.00	16.00	1	1	

2	2	0	0

2	3	246.059	3
1	296.00	279.00	280.44	249.90	33.00	1	2	
2	280.44	249.90	192.26	84.93	187.06	0	
3	192.26	84.93	180.00	62.00	26.00	1	3	

2	4	276.065	3
1	296.00	279.00	271.61	256.77	33.00	1	2	
2	271.61	256.77	109.00	108.50	220.07	0	
3	109.00	108.50	92.00	93.00	23.00	1	4	

2	5	272.121	4
1	296.00	279.00	286.66	247.35	33.00	1	2	
2	286.66	247.35	236.46	77.18	177.42	0	
3	236.46	77.18	220.13	21.84	57.70	1	6	
4	220.13	21.84	219.00	18.00	4.00	2	5	6	

2	6	241.373	3
1	296.00	279.00	286.43	247.42	33.00	1	2	
2	286.43	247.42	234.99	77.67	177.37	0	
3	234.99	77.67	226.00	48.00	31.00	1	6	

3	0	92.973	2
1	180.00	62.00	171.61	86.61	26.00	1	3	
2	171.61	86.61	150.00	150.00	66.97	0	

3	1	137.713	3
1	180.00	62.00	166.60	84.28	26.00	1	3	
2	166.60	84.28	117.25	166.29	95.71	0	
3	117.25	166.29	109.00	180.00	16.00	1	1	

3	2	246.059	3
1	180.00	62.00	192.26	84.93	26.00	1	3	
2	192.26	84.93	280.44	249.90	187.06	0	
3	280.44	249.90	296.00	279.00	33.00	1	2	

3	3	0	0

3	4	93.301	3
1	180.00	62.00	155.48	70.64	26.00	1	3	
2	155.48	70.64	113.69	85.36	44.30	0	
3	113.69	85.36	92.00	93.00	23.00	1	4	

3	5	58.796	4
1	180.00	62.00	195.16	44.90	22.85	1	3	
2	195.16	44.90	197.25	42.54	3.15	2	3	6	
3	197.25	42.54	216.35	20.99	28.80	1	6	
4	216.35	20.99	219.00	18.00	4.00	2	5	6	

3	6	48.083	3
1	180.00	62.00	196.34	57.03	17.08	1	3	
2	196.34	57.03	204.87	54.43	8.92	2	3	6	
3	204.87	54.43	226.00	48.00	22.08	1	6	

4	0	81.320	2
1	92.00	93.00	108.40	109.12	23.00	1	4	
2	108.40	109.12	150.00	150.00	58.32	0	

4	1	88.645	3
1	92.00	93.00	96.41	115.57	23.00	1	4	
2	96.41	115.57	105.93	164.30	49.65	0	
3	105.93	164.30	109.00	180.00	16.00	1	1	

4	2	276.065	3
1	92.00	93.00	109.00	108.50	23.00	1	4	
2	109.00	108.50	271.61	256.77	220.07	0	
3	271.61	256.77	296.00	279.00	33.00	1	2	

4	3	93.301	3
1	92.00	93.00	113.69	85.36	23.00	1	4	
2	113.69	85.36	155.48	70.64	44.30	0	
3	155.48	70.64	180.00	62.00	26.00	1	3	

4	4	0	0

4	5	147.492	6
1	92.00	93.00	111.80	81.30	23.00	1	4	
2	111.80	81.30	154.71	55.97	49.83	0	
3	154.71	55.97	186.93	36.94	37.42	1	3	
4	186.93	36.94	202.57	27.70	18.16	0	
5	202.57	27.70	215.56	20.03	15.08	1	6	
6	215.56	20.03	219.00	18.00	4.00	2	5	6	

4	6	141.354	5
1	92.00	93.00	113.80	85.68	23.00	1	4	
2	113.80	85.68	155.82	71.57	44.33	0	
3	155.82	71.57	196.61	57.87	43.03	1	3	
4	196.61	57.87	205.05	55.04	8.90	2	3	6	
5	205.05	55.04	226.00	48.00	22.10	1	6	

5	0	148.946	5
1	219.00	18.00	217.15	21.54	4.00	2	5	6	
2	217.15	21.54	202.66	49.26	31.27	1	6	
3	202.66	49.26	197.25	59.60	11.68	2	3	6	
4	197.25	59.60	182.47	87.88	31.91	1	3	
5	182.47	87.88	150.00	150.00	70.09	0	

5	1	195.816	6
1	219.00	18.00	216.75	21.31	4.00	2	5	6	
2	216.75	21.31	200.22	45.66	29.43	1	6	
3	200.22	45.66	195.37	52.80	8.63	2	3	6	
4	195.37	52.80	172.27	86.82	41.13	1	3	
5	172.27	86.82	117.99	166.76	96.63	0	
6	117.99	166.76	109.00	180.00	16.00	1	1	

5	2	272.121	4
1	219.00	18.00	220.13	21.84	4.00	2	5	6	
2	220.13	21.84	236.46	77.18	57.70	1	6	
3	236.46	77.18	286.66	247.35	177.42	0	
4	286.66	247.35	296.00	279.00	33.00	1	2	

5	3	58.796	4
1	219.00	18.00	216.35	20.99	4.00	2	5	6	
2	216.35	20.99	197.25	42.54	28.80	1	6	
3	197.25	42.54	195.16	44.90	3.15	2	3	6	
4	195.16	44.90	180.00	62.00	22.85	1	3	

5	4	147.492	6
1	219.00	18.00	215.56	20.03	4.00	2	5	6	
2	215.56	20.03	202.57	27.70	15.08	1	6	
3	202.57	27.70	186.93	36.94	18.16	0	
4	186.93	36.94	154.71	55.97	37.42	1	3	
5	154.71	55.97	111.80	81.30	49.83	0	
6	111.80	81.30	92.00	93.00	23.00	1	4	

5	5	0	0

5	6	30.806	2
1	219.00	18.00	219.91	21.90	4.00	2	5	6	
2	219.91	21.90	226.00	48.00	26.81	1	6	

6	0	127.201	2
1	226.00	48.00	207.48	72.86	31.00	1	6	
2	207.48	72.86	150.00	150.00	96.20	0	

6	1	176.389	5
1	226.00	48.00	205.44	71.20	31.00	1	6	
2	205.44	71.20	203.22	73.70	3.35	0	
3	203.22	73.70	194.41	83.64	13.28	1	3	
4	194.41	83.64	119.61	168.03	112.76	0	
5	119.61	168.03	109.00	180.00	16.00	1	1	

6	2	241.373	3
1	226.00	48.00	234.99	77.67	31.00	1	6	
2	234.99	77.67	286.43	247.42	177.37	0	
3	286.43	247.42	296.00	279.00	33.00	1	2	

6	3	48.083	3
1	226.00	48.00	204.87	54.43	22.08	1	6	
2	204.87	54.43	196.34	57.03	8.92	2	3	6	
3	196.34	57.03	180.00	62.00	17.08	1	3	

6	4	141.354	5
1	226.00	48.00	205.05	55.04	22.10	1	6	
2	205.05	55.04	196.61	57.87	8.90	2	3	6	
3	196.61	57.87	155.82	71.57	43.03	1	3	
4	155.82	71.57	113.80	85.68	44.33	0	
5	113.80	85.68	92.00	93.00	23.00	1	4	

6	5	30.806	2
1	226.00	48.00	219.91	21.90	26.81	1	6	
2	219.91	21.90	219.00	18.00	4.00	2	5	6	

6	6	0	0
