7	59	2	0.001	80.0
150.000	150.000	0.000	2.000	0.000
252.000	94.000	13.000	8.000	19.000
48.000	15.000	33.000	2.000	8.000
23.000	229.000	24.000	6.000	7.000
131.000	252.000	10.000	1.000	16.000
227.000	132.000	35.000	9.000	4.000
129.000	169.000	22.000	7.000	5.000

0	0	0	0

0	1	116.362	4
1	150.00	150.00	192.40	126.72	48.37	0	
2	192.40	126.72	240.60	100.26	54.99	1	5	
3	240.60	100.26	241.12	99.97	0.59	2	1	5	
4	241.12	99.97	252.00	94.00	12.41	1	1	

0	2	169.201	2
1	150.00	150.00	67.89	41.33	136.20	0	
2	67.89	41.33	48.00	15.00	33.00	1	2	

0	3	149.566	4
1	150.00	150.00	144.52	153.41	6.45	0	
2	144.52	153.41	108.15	176.03	42.83	1	6	
3	108.15	176.03	43.38	216.32	76.28	0	
4	43.38	216.32	23.00	229.00	24.00	1	3	

0	4	103.755	4
1	150.00	150.00	148.40	158.62	8.76	0	
2	148.40	158.62	143.36	185.67	27.52	1	6	
3	143.36	185.67	132.83	242.17	57.47	0	
4	132.83	242.17	131.00	252.00	10.00	1	4	

0	5	79.076	2
1	150.00	150.00	192.92	139.97	44.08	0	
2	192.92	139.97	227.00	132.00	35.00	1	5	

0	6	28.320	2
1	150.00	150.00	145.31	154.24	6.32	0	
2	145.31	154.24	129.00	169.00	22.00	1	6	

1	0	116.362	4
1	252.00	94.00	241.12	99.97	12.41	1	1	
2	241.12	99.97	240.60	100.26	0.59	2	1	5	
3	240.60	100.26	192.40	126.72	54.99	1	5	
4	192.40	126.72	150.00	150.00	48.37	0	

1	1	0	0

1	2	218.762	3
1	252.00	94.00	239.88	89.31	13.00	1	1	
2	239.88	89.31	78.77	26.92	172.76	0	
3	78.77	26.92	48.00	15.00	33.00	1	2	

1	3	265.831	7
1	252.00	94.00	241.54	100.16	12.14	1	1	
2	241.54	100.16	240.80	100.60	0.86	2	1	5	
3	240.80	100.60	192.10	129.31	56.53	1	5	
4	192.10	129.31	146.77	156.03	52.62	0	
5	146.77	156.03	109.05	178.27	43.79	1	6	
6	109.05	178.27	43.67	216.81	75.89	0	
7	43.67	216.81	23.00	229.00	24.00	1	3	

1	4	199.010	5
1	252.00	94.00	245.60	102.35	10.52	1	1	
2	245.60	102.35	244.10	104.32	2.48	2	1	5	
3	244.10	104.32	203.23	157.69	67.22	1	5	
4	203.23	157.69	137.08	244.06	108.79	0	
5	137.08	244.06	131.00	252.00	10.00	1	4	

1	5	45.486	3
1	252.00	94.00	246.24	102.76	10.49	1	1	
2	246.24	102.76	244.85	104.86	2.51	2	1	5	
3	244.85	104.86	227.00	132.00	32.49	1	5	

1	6	144.062	5
1	252.00	94.00	241.74	100.26	12.02	1	1	
2	241.74	100.26	240.90	100.77	0.98	2	1	5	
3	240.90	100.77	192.03	130.57	57.24	1	5	
4	192.03	130.57	147.78	157.55	51.82	0	
5	147.78	157.55	129.00	169.00	22.00	1	6	

2	0	169.201	2
1	48.00	15.00	67.89	41.33	33.00	1	2	
2	67.89	41.33	150.00	150.00	136.20	0	

2	1	218.762	3
1	48.00	15.00	78.77	26.92	33.00	1	2	
2	78.77	26.92	239.88	89.31	172.76	0	
3	239.88	89.31	252.00	94.00	13.00	1	1	

2	2	0	0

2	3	215.455	3
1	48.00	15.00	44.17	47.78	33.00	1	2	
2	44.17	47.78	25.78	205.16	158.46	0	
3	25.78	205.16	23.00	229.00	24.00	1	3	

2	4	251.114	3
1	48.00	15.00	58.91	46.15	33.00	1	2	
2	58.91	46.15	127.69	242.56	208.11	0	
3	127.69	242.56	131.00	252.00	10.00	1	4	

2	5	213.846	3
1	48.00	15.00	75.62	33.06	33.00	1	2	
2	75.62	33.06	197.70	112.85	145.85	0	
3	197.70	112.85	227.00	132.00	35.00	1	5	

2	6	174.003	3
1	48.00	15.00	63.36	44.21	33.00	1	2	
2	63.36	44.21	118.76	149.53	119.00	0	
3	118.76	149.53	129.00	169.00	22.00	1	6	

3	0	149.566	4
1	23.00	229.00	43.38	216.32	24.00	1	3	
2	43.38	216.32	108.15	176.03	76.28	0	
3	108.15	176.03	144.52	153.41	42.83	1	6	
4	144.52	153.41	150.00	150.00	6.45	0	

3	1	265.831	7
1	23.00	229.00	43.67	216.81	24.00	1	3	
2	43.67	216.81	109.05	178.27	75.89	0	
3	109.05	178.27	146.77	156.03	43.79	1	6	
4	146.77	156.03	192.10	129.31	52.62	0	
5	192.10	129.31	240.80	100.60	56.53	1	5	
6	240.80	100.60	241.54	100.16	0.86	2	1	5	
7	241.54	100.16	252.00	94.00	12.14	1	1	

3	2	215.455	3
1	23.00	229.00	25.78	205.16	24.00	1	3	
2	25.78	205.16	44.17	47.78	158.46	0	
3	44.17	47.78	48.00	15.00	33.00	1	2	

3	3	0	0

3	4	110.422	3
1	23.00	229.00	46.47	234.00	24.00	1	3	
2	46.47	234.00	121.22	249.92	76.42	0	
3	121.22	249.92	131.00	252.00	10.00	1	4	

3	5	225.887	5
1	23.00	229.00	44.67	218.69	24.00	1	3	
2	44.67	218.69	114.46	185.51	77.27	0	
3	114.46	185.51	150.98	168.15	40.44	1	6	
4	150.98	168.15	195.39	147.03	49.17	0	
5	195.39	147.03	227.00	132.00	35.00	1	5	

3	6	121.803	3
1	23.00	229.00	43.89	217.18	24.00	1	3	
2	43.89	217.18	109.85	179.84	75.80	0	
3	109.85	179.84	129.00	169.00	22.00	1	6	

4	0	103.755	4
1	131.00	252.00	132.83	242.17	10.00	1	4	
2	132.83	242.17	143.36	185.67	57.47	0	
3	143.36	185.67	148.40	158.62	27.52	1	6	
4	148.40	158.62	150.00	150.00	8.76	0	

4	1	199.010	5
1	131.00	252.00	137.08	244.06	10.00	1	4	
2	137.08	244.06	203.23	157.69	108.79	0	
3	203.23	157.69	244.10	104.32	67.22	1	5	
4	244.10	104.32	245.60	102.35	2.48	2	1	5	
5	245.60	102.35	252.00	94.00	10.52	1	1	

4	2	251.114	3
1	131.00	252.00	127.69	242.56	10.00	1	4	
2	127.69	242.56	58.91	46.15	208.11	0	
3	58.91	46.15	48.00	15.00	33.00	1	2	

4	3	110.422	3
1	131.00	252.00	121.22	249.92	10.00	1	4	
2	121.22	249.92	46.47	234.00	76.42	0	
3	46.47	234.00	23.00	229.00	24.00	1	3	

4	4	0	0

4	5	153.675	3
1	131.00	252.00	137.25	244.19	10.00	1	4	
2	137.25	244.19	205.14	159.33	108.67	0	
3	205.14	159.33	227.00	132.00	35.00	1	5	

4	6	83.024	3
1	131.00	252.00	130.76	242.00	10.00	1	4	
2	130.76	242.00	129.53	191.00	51.02	0	
3	129.53	191.00	129.00	169.00	22.00	0	

5	0	79.076	2
1	227.00	132.00	192.92	139.97	35.00	1	5	
2	192.92	139.97	150.00	150.00	44.08	0	

5	1	45.486	3
1	227.00	132.00	244.85	104.86	32.49	1	5	
2	244.85	104.86	246.24	102.76	2.51	2	1	5	
3	246.24	102.76	252.00	94.00	10.49	1	1	

5	2	213.846	3
1	227.00	132.00	197.70	112.85	35.00	1	5	
2	197.70	112.85	75.62	33.06	145.85	0	
3	75.62	33.06	48.00	15.00	33.00	1	2	

5	3	225.887	5
1	227.00	132.00	195.39	147.03	35.00	1	5	
2	195.39	147.03	150.98	168.15	49.17	0	
3	150.98	168.15	114.46	185.51	40.44	1	6	
4	114.46	185.51	44.67	218.69	77.27	0	
5	44.67	218.69	23.00	229.00	24.00	1	3	

5	4	153.675	3
1	227.00	132.00	205.14	159.33	35.00	1	5	
2	205.14	159.33	137.25	244.19	108.67	0	
3	137.25	244.19	131.00	252.00	10.00	1	4	

5	5	0	0

5	6	104.752	3
1	227.00	132.00	194.26	144.36	35.00	1	5	
2	194.26	144.36	149.58	161.23	47.75	0	
3	149.58	161.23	129.00	169.00	22.00	1	6	

6	0	28.320	2
1	129.00	169.00	145.31	154.24	22.00	1	6	
2	145.31	154.24	150.00	150.00	6.32	0	

6	1	144.062	5
1	129.00	169.00	147.78	157.55	22.00	1	6	
2	147.78	157.55	192.03	130.57	51.82	0	
3	192.03	130.57	240.90	100.77	57.24	1	5	
4	240.90	100.77	241.74	100.26	0.98	2	1	5	
5	241.74	100.26	252.00	94.00	12.02	1	1	

6	2	174.003	3
1	129.00	169.00	118.76	149.53	22.00	1	6	
2	118.76	149.53	63.36	44.21	119.00	0	
3	63.36	44.21	48.00	15.00	33.00	1	2	

6	3	121.803	3
1	129.00	169.00	109.85	179.84	22.00	1	6	
2	109.85	179.84	43.89	217.18	75.80	0	
3	43.89	217.18	23.00	229.00	24.00	1	3	

6	4	83.024	3
1	129.00	169.00	129.53	191.00	22.00	0	
2	129.53	191.00	130.76	242.00	51.02	0	
3	130.76	242.00	131.00	252.00	10.00	1	4	

6	5	104.752	3
1	129.00	169.00	149.58	161.23	22.00	1	6	
2	149.58	161.23	194.26	144.36	47.75	0	
3	194.26	144.36	227.00	132.00	35.00	1	5	

6	6	0	0
