7	61	2	0.001	120.0
150.000	150.000	0.000	8.000	0.000
128.000	142.000	10.000	10.000	19.000
4.000	20.000	9.000	5.000	10.000
89.000	7.000	49.000	5.000	2.000
170.000	81.000	35.000	2.000	18.000
102.000	28.000	43.000	3.000	5.000
212.000	161.000	45.000	2.000	6.000

0	0	0	0

0	1	23.409	2
1	150.00	150.00	137.40	145.42	13.41	0	
2	137.40	145.42	128.00	142.00	10.00	1	1	

0	2	195.489	4
1	150.00	150.00	137.50	138.87	16.74	0	
2	137.50	138.87	130.01	132.21	10.02	1	1	
3	130.01	132.21	10.72	25.98	159.73	0	
4	10.72	25.98	4.00	20.00	9.00	1	2	

0	3	155.467	3
1	150.00	150.00	115.39	68.86	88.21	0	
2	115.39	68.86	108.23	52.07	18.26	1	5	
3	108.23	52.07	89.00	7.00	49.00	2	3	5	

0	4	71.840	2
1	150.00	150.00	160.26	114.62	36.84	0	
2	160.26	114.62	170.00	81.00	35.00	0	

0	5	131.103	3
1	150.00	150.00	117.74	68.01	88.10	0	
2	117.74	68.01	110.97	50.80	18.50	1	5	
3	110.97	50.80	102.00	28.00	24.50	2	3	5	

0	6	62.968	2
1	150.00	150.00	167.69	153.14	17.97	0	
2	167.69	153.14	212.00	161.00	45.00	1	6	

1	0	23.409	2
1	128.00	142.00	137.40	145.42	10.00	1	1	
2	137.40	145.42	150.00	150.00	13.41	0	

1	1	0	0

1	2	173.954	3
1	128.00	142.00	120.87	134.99	10.00	1	1	
2	120.87	134.99	10.42	26.31	154.95	0	
3	10.42	26.31	4.00	20.00	9.00	1	2	

1	3	140.520	4
1	128.00	142.00	125.22	132.39	10.00	1	1	
2	125.22	132.39	107.39	70.66	64.26	0	
3	107.39	70.66	102.60	54.07	17.26	1	5	
4	102.60	54.07	89.00	7.00	49.00	2	3	5	

1	4	74.061	3
1	128.00	142.00	133.67	133.76	10.00	1	1	
2	133.67	133.76	150.15	109.83	29.06	0	
3	150.15	109.83	170.00	81.00	35.00	1	4	

1	5	116.927	4
1	128.00	142.00	125.78	132.25	10.00	1	1	
2	125.78	132.25	111.56	69.92	63.93	0	
3	111.56	69.92	107.55	52.35	18.02	1	5	
4	107.55	52.35	102.00	28.00	24.98	2	3	5	

1	6	86.122	3
1	128.00	142.00	137.75	144.21	10.00	1	1	
2	137.75	144.21	168.11	151.07	31.12	0	
3	168.11	151.07	212.00	161.00	45.00	1	6	

2	0	195.489	4
1	4.00	20.00	10.72	25.98	9.00	1	2	
2	10.72	25.98	130.01	132.21	159.73	0	
3	130.01	132.21	137.50	138.87	10.02	1	1	
4	137.50	138.87	150.00	150.00	16.74	0	

2	1	173.954	3
1	4.00	20.00	10.42	26.31	9.00	1	2	
2	10.42	26.31	120.87	134.99	154.95	0	
3	120.87	134.99	128.00	142.00	10.00	1	1	

2	2	0	0

2	3	85.988	4
1	4.00	20.00	12.90	18.64	9.00	1	2	
2	12.90	18.64	40.56	14.41	27.99	0	
3	40.56	14.41	62.48	11.06	22.17	1	3	
4	62.48	11.06	89.00	7.00	26.83	2	3	5	

2	4	176.853	7
1	4.00	20.00	12.45	23.10	9.00	1	2	
2	12.45	23.10	50.26	37.00	40.28	0	
3	50.26	37.00	60.99	40.94	11.44	1	3	
4	60.99	40.94	99.10	54.95	40.60	2	3	5	
5	99.10	54.95	124.87	64.42	27.45	1	5	
6	124.87	64.42	137.15	68.93	13.08	0	
7	137.15	68.93	170.00	81.00	35.00	1	4	

2	5	98.326	4
1	4.00	20.00	12.97	20.73	9.00	1	2	
2	12.97	20.73	42.74	23.16	29.87	0	
3	42.74	23.16	59.14	24.50	16.45	1	3	
4	59.14	24.50	102.00	28.00	43.00	2	3	5	

2	6	251.287	3
1	4.00	20.00	11.45	25.05	9.00	1	2	
2	11.45	25.05	174.75	135.75	197.29	0	
3	174.75	135.75	212.00	161.00	45.00	1	6	

3	0	155.467	3
1	89.00	7.00	108.23	52.07	49.00	2	3	5	
2	108.23	52.07	115.39	68.86	18.26	1	5	
3	115.39	68.86	150.00	150.00	88.21	0	

3	1	140.520	4
1	89.00	7.00	102.60	54.07	49.00	2	3	5	
2	102.60	54.07	107.39	70.66	17.26	1	5	
3	107.39	70.66	125.22	132.39	64.26	0	
4	125.22	132.39	128.00	142.00	10.00	1	1	

3	2	85.988	4
1	89.00	7.00	62.48	11.06	26.83	2	3	5	
2	62.48	11.06	40.56	14.41	22.17	1	3	
3	40.56	14.41	12.90	18.64	27.99	0	
4	12.90	18.64	4.00	20.00	9.00	1	2	

3	3	0	0

3	4	109.713	4
1	89.00	7.00	125.18	40.05	49.00	2	3	5	
2	125.18	40.05	137.90	51.67	17.23	1	5	
3	137.90	51.67	144.16	57.39	8.48	0	
4	144.16	57.39	170.00	81.00	35.00	1	4	

3	5	24.698	1
1	89.00	7.00	102.00	28.00	24.70	2	3	5	

3	6	197.091	6
1	89.00	7.00	119.58	45.29	49.00	2	3	5	
2	119.58	45.29	131.08	59.68	18.42	1	5	
3	131.08	59.68	137.58	67.82	10.42	0	
4	137.58	67.82	175.69	115.53	61.07	1	4	
5	175.69	115.53	183.92	125.84	13.19	0	
6	183.92	125.84	212.00	161.00	45.00	1	6	

4	0	71.840	2
1	170.00	81.00	160.26	114.62	35.00	0	
2	160.26	114.62	150.00	150.00	36.84	0	

4	1	74.061	3
1	170.00	81.00	150.15	109.83	35.00	1	4	
2	150.15	109.83	133.67	133.76	29.06	0	
3	133.67	133.76	128.00	142.00	10.00	1	1	

4	2	176.853	7
1	170.00	81.00	137.15	68.93	35.00	1	4	
2	137.15	68.93	124.87	64.42	13.08	0	
3	124.87	64.42	99.10	54.95	27.45	1	5	
4	99.10	54.95	60.99	40.94	40.60	2	3	5	
5	60.99	40.94	50.26	37.00	11.44	1	3	
6	50.26	37.00	12.45	23.10	40.28	0	
7	12.45	23.10	4.00	20.00	9.00	1	2	

4	3	109.713	4
1	170.00	81.00	144.16	57.39	35.00	1	4	
2	144.16	57.39	137.90	51.67	8.48	0	
3	137.90	51.67	125.18	40.05	17.23	1	5	
4	125.18	40.05	89.00	7.00	49.00	2	3	5	

4	4	0	0

4	5	86.215	4
1	170.00	81.00	142.39	59.48	35.00	1	4	
2	142.39	59.48	135.92	54.43	8.21	0	
3	135.92	54.43	121.78	43.42	17.92	1	5	
4	121.78	43.42	102.00	28.00	25.08	2	3	5	

4	6	90.355	3
1	170.00	81.00	186.27	111.99	35.00	1	4	
2	186.27	111.99	191.08	121.16	10.35	0	
3	191.08	121.16	212.00	161.00	45.00	1	6	

5	0	131.103	3
1	102.00	28.00	110.97	50.80	24.50	2	3	5	
2	110.97	50.80	117.74	68.01	18.50	1	5	
3	117.74	68.01	150.00	150.00	88.10	0	

5	1	116.927	4
1	102.00	28.00	107.55	52.35	24.98	2	3	5	
2	107.55	52.35	111.56	69.92	18.02	1	5	
3	111.56	69.92	125.78	132.25	63.93	0	
4	125.78	132.25	128.00	142.00	10.00	1	1	

5	2	98.326	4
1	102.00	28.00	59.14	24.50	43.00	2	3	5	
2	59.14	24.50	42.74	23.16	16.45	1	3	
3	42.74	23.16	12.97	20.73	29.87	0	
4	12.97	20.73	4.00	20.00	9.00	1	2	

5	3	24.698	1
1	102.00	28.00	89.00	7.00	24.70	2	3	5	

5	4	86.215	4
1	102.00	28.00	121.78	43.42	25.08	2	3	5	
2	121.78	43.42	135.92	54.43	17.92	1	5	
3	135.92	54.43	142.39	59.48	8.21	0	
4	142.39	59.48	170.00	81.00	35.00	1	4	

5	5	0	0

5	6	172.595	6
1	102.00	28.00	117.56	46.82	24.42	2	3	5	
2	117.56	46.82	129.41	61.14	18.58	1	5	
3	129.41	61.14	136.76	70.03	11.54	0	
4	136.76	70.03	174.54	115.70	59.27	1	4	
5	174.54	115.70	183.32	126.32	13.78	0	
6	183.32	126.32	212.00	161.00	45.00	1	6	

6	0	62.968	2
1	212.00	161.00	167.69	153.14	45.00	1	6	
2	167.69	153.14	150.00	150.00	17.97	0	

6	1	86.122	3
1	212.00	161.00	168.11	151.07	45.00	1	6	
2	168.11	151.07	137.75	144.21	31.12	0	
3	137.75	144.21	128.00	142.00	10.00	1	1	

6	2	251.287	3
1	212.00	161.00	174.75	135.75	45.00	1	6	
2	174.75	135.75	11.45	25.05	197.29	0	
3	11.45	25.05	4.00	20.00	9.00	1	2	

6	3	197.091	6
1	212.00	161.00	183.92	125.84	45.00	1	6	
2	183.92	125.84	175.69	115.53	13.19	0	
3	175.69	115.53	137.58	67.82	61.07	1	4	
4	137.58	67.82	131.08	59.68	10.42	0	
5	131.08	59.68	119.58	45.29	18.42	1	5	
6	119.58	45.29	89.00	7.00	49.00	2	3	5	

6	4	90.355	3
1	212.00	161.00	191.08	121.16	45.00	1	6	
2	191.08	121.16	186.27	111.99	10.35	0	
3	186.27	111.99	170.00	81.00	35.00	1	4	

6	5	172.595	6
1	212.00	161.00	183.32	126.32	45.00	1	6	
2	183.32	126.32	174.54	115.70	13.78	0	
3	174.54	115.70	136.76	70.03	59.27	1	4	
4	136.76	70.03	129.41	61.14	11.54	0	
5	129.41	61.14	117.56	46.82	18.58	1	5	
6	117.56	46.82	102.00	28.00	24.42	2	3	5	

6	6	0	0
