7	61	2	0.001	80.0
150.000	150.000	0.000	10.000	0.000
113.000	264.000	16.000	9.000	2.000
30.000	11.000	38.000	4.000	19.000
218.000	52.000	40.000	1.000	15.000
244.000	70.000	8.000	8.000	17.000
95.000	204.000	3.000	4.000	17.000
206.000	98.000	36.000	1.000	12.000

0	0	0	0

0	1	119.854	2
1	150.00	150.00	117.94	248.78	103.85	0	
2	117.94	248.78	113.00	264.00	16.00	1	1	

0	2	183.633	2
1	150.00	150.00	54.83	39.76	145.63	0	
2	54.83	39.76	30.00	11.00	38.00	1	2	

0	3	119.281	4
1	150.00	150.00	174.28	115.02	42.58	0	
2	174.28	115.02	195.20	84.86	36.70	1	6	
3	195.20	84.86	210.83	62.33	27.43	2	3	6	
4	210.83	62.33	218.00	52.00	12.57	1	3	

0	4	123.434	5
1	150.00	150.00	180.84	123.75	40.50	0	
2	180.84	123.75	218.15	92.00	48.99	1	6	
3	218.15	92.00	235.44	77.28	22.71	2	3	6	
4	235.44	77.28	237.91	75.18	3.24	1	3	
5	237.91	75.18	244.00	70.00	8.00	2	3	4	

0	5	77.078	2
1	150.00	150.00	97.14	201.90	74.08	0	
2	97.14	201.90	95.00	204.00	3.00	1	5	

0	6	76.420	2
1	150.00	150.00	179.62	122.50	40.42	0	
2	179.62	122.50	206.00	98.00	36.00	1	6	

1	0	119.854	2
1	113.00	264.00	117.94	248.78	16.00	1	1	
2	117.94	248.78	150.00	150.00	103.85	0	

1	1	0	0

1	2	266.267	5
1	113.00	264.00	108.01	248.80	16.00	1	1	
2	108.01	248.80	94.27	206.91	44.08	0	
3	94.27	206.91	92.69	202.09	5.08	1	5	
4	92.69	202.09	41.85	47.11	163.11	0	
5	41.85	47.11	30.00	11.00	38.00	0	

1	3	236.578	5
1	113.00	264.00	120.10	249.66	16.00	1	1	
2	120.10	249.66	181.95	124.79	139.35	0	
3	181.95	124.79	200.25	87.84	41.23	1	6	
4	200.25	87.84	212.73	62.64	28.13	1	6	
5	212.73	62.64	218.00	52.00	11.87	1	3	

1	4	234.088	6
1	113.00	264.00	121.95	250.74	16.00	1	1	
2	121.95	250.74	201.02	133.65	141.28	0	
3	201.02	133.65	230.50	90.00	52.68	1	6	
4	230.50	90.00	237.21	80.06	12.00	2	3	6	
5	237.21	80.06	239.52	76.63	4.13	1	3	
6	239.52	76.63	244.00	70.00	8.00	2	3	4	

1	5	62.642	3
1	113.00	264.00	108.40	248.67	16.00	1	1	
2	108.40	248.67	95.86	206.87	43.64	0	
3	95.86	206.87	95.00	204.00	3.00	1	5	

1	6	190.276	3
1	113.00	264.00	120.82	250.04	16.00	1	1	
2	120.82	250.04	188.40	129.41	138.28	0	
3	188.40	129.41	206.00	98.00	36.00	1	6	

2	0	183.633	2
1	30.00	11.00	54.83	39.76	38.00	1	2	
2	54.83	39.76	150.00	150.00	145.63	0	

2	1	266.267	5
1	30.00	11.00	41.85	47.11	38.00	0	
2	41.85	47.11	92.69	202.09	163.11	0	
3	92.69	202.09	94.27	206.91	5.08	1	5	
4	94.27	206.91	108.01	248.80	44.08	0	
5	108.01	248.80	113.00	264.00	16.00	1	1	

2	2	0	0

2	3	192.419	3
1	30.00	11.00	67.13	19.10	38.00	1	2	
2	67.13	19.10	178.92	43.48	114.42	0	
3	178.92	43.48	218.00	52.00	40.00	1	3	

2	4	221.984	4
1	30.00	11.00	66.63	21.10	38.00	1	2	
2	66.63	21.10	178.00	51.80	115.52	0	
3	178.00	51.80	236.29	67.87	60.46	1	3	
4	236.29	67.87	244.00	70.00	8.00	2	3	4	

2	5	203.652	3
1	30.00	11.00	42.13	47.01	38.00	0	
2	42.13	47.01	94.04	201.16	162.65	0	
3	94.04	201.16	95.00	204.00	3.00	1	5	

2	6	196.329	3
1	30.00	11.00	64.07	27.84	38.00	1	2	
2	64.07	27.84	173.73	82.05	122.33	0	
3	173.73	82.05	206.00	98.00	36.00	1	6	

3	0	119.281	4
1	218.00	52.00	210.83	62.33	12.57	1	3	
2	210.83	62.33	195.20	84.86	27.43	2	3	6	
3	195.20	84.86	174.28	115.02	36.70	1	6	
4	174.28	115.02	150.00	150.00	42.58	0	

3	1	236.578	5
1	218.00	52.00	212.73	62.64	11.87	1	3	
2	212.73	62.64	200.25	87.84	28.13	1	6	
3	200.25	87.84	181.95	124.79	41.23	1	6	
4	181.95	124.79	120.10	249.66	139.35	0	
5	120.10	249.66	113.00	264.00	16.00	1	1	

3	2	192.419	3
1	218.00	52.00	178.92	43.48	40.00	1	3	
2	178.92	43.48	67.13	19.10	114.42	0	
3	67.13	19.10	30.00	11.00	38.00	1	2	

3	3	0	0

3	4	31.623	2
1	218.00	52.00	237.42	65.45	23.62	1	3	
2	237.42	65.45	244.00	70.00	8.00	2	3	4	

3	5	195.533	5
1	218.00	52.00	209.75	62.20	13.12	1	3	
2	209.75	62.20	192.84	83.09	26.88	2	3	6	
3	192.84	83.09	171.77	109.14	33.50	1	6	
4	171.77	109.14	96.89	201.67	119.03	0	
5	96.89	201.67	95.00	204.00	3.00	1	5	

3	6	47.539	3
1	218.00	52.00	215.09	63.17	11.54	1	3	
2	215.09	63.17	207.90	90.70	28.46	2	3	6	
3	207.90	90.70	206.00	98.00	7.54	1	6	

4	0	123.434	5
1	244.00	70.00	237.91	75.18	8.00	2	3	4	
2	237.91	75.18	235.44	77.28	3.24	1	3	
3	235.44	77.28	218.15	92.00	22.71	2	3	6	
4	218.15	92.00	180.84	123.75	48.99	1	6	
5	180.84	123.75	150.00	150.00	40.50	0	

4	1	234.088	6
1	244.00	70.00	239.52	76.63	8.00	2	3	4	
2	239.52	76.63	237.21	80.06	4.13	1	3	
3	237.21	80.06	230.50	90.00	12.00	2	3	6	
4	230.50	90.00	201.02	133.65	52.68	1	6	
5	201.02	133.65	121.95	250.74	141.28	0	
6	121.95	250.74	113.00	264.00	16.00	1	1	

4	2	221.984	4
1	244.00	70.00	236.29	67.87	8.00	2	3	4	
2	236.29	67.87	178.00	51.80	60.46	1	3	
3	178.00	51.80	66.63	21.10	115.52	0	
4	66.63	21.10	30.00	11.00	38.00	1	2	

4	3	31.623	2
1	244.00	70.00	237.42	65.45	8.00	2	3	4	
2	237.42	65.45	218.00	52.00	23.62	1	3	

4	4	0	0

4	5	200.392	6
1	244.00	70.00	238.05	75.35	8.00	2	3	4	
2	238.05	75.35	235.62	77.54	3.27	1	3	
3	235.62	77.54	219.57	91.97	21.58	2	3	6	
4	219.57	91.97	182.52	125.29	49.83	1	6	
5	182.52	125.29	97.23	201.99	114.71	0	
6	97.23	201.99	95.00	204.00	3.00	1	5	

4	6	47.202	4
1	244.00	70.00	237.56	74.75	8.00	2	3	4	
2	237.56	74.75	234.98	76.64	3.20	1	3	
3	234.98	76.64	214.37	91.83	25.61	2	3	6	
4	214.37	91.83	206.00	98.00	10.39	1	6	

5	0	77.078	2
1	95.00	204.00	97.14	201.90	3.00	1	5	
2	97.14	201.90	150.00	150.00	74.08	0	

5	1	62.642	3
1	95.00	204.00	95.86	206.87	3.00	1	5	
2	95.86	206.87	108.40	248.67	43.64	0	
3	108.40	248.67	113.00	264.00	16.00	1	1	

5	2	203.652	3
1	95.00	204.00	94.04	201.16	3.00	1	5	
2	94.04	201.16	42.13	47.01	162.65	0	
3	42.13	47.01	30.00	11.00	38.00	0	

5	3	195.533	5
1	95.00	204.00	96.89	201.67	3.00	1	5	
2	96.89	201.67	171.77	109.14	119.03	0	
3	171.77	109.14	192.84	83.09	33.50	1	6	
4	192.84	83.09	209.75	62.20	26.88	2	3	6	
5	209.75	62.20	218.00	52.00	13.12	1	3	

5	4	200.392	6
1	95.00	204.00	97.23	201.99	3.00	1	5	
2	97.23	201.99	182.52	125.29	114.71	0	
3	182.52	125.29	219.57	91.97	49.83	1	6	
4	219.57	91.97	235.62	77.54	21.58	2	3	6	
5	235.62	77.54	238.05	75.35	3.27	1	3	
6	238.05	75.35	244.00	70.00	8.00	2	3	4	

5	5	0	0

5	6	153.483	3
1	95.00	204.00	97.17	201.93	3.00	1	5	
2	97.17	201.93	179.96	122.86	114.48	0	
3	179.96	122.86	206.00	98.00	36.00	1	6	

6	0	76.420	2
1	206.00	98.00	179.62	122.50	36.00	1	6	
2	179.62	122.50	150.00	150.00	40.42	0	

6	1	190.276	3
1	206.00	98.00	188.40	129.41	36.00	1	6	
2	188.40	129.41	120.82	250.04	138.28	0	
3	120.82	250.04	113.00	264.00	16.00	1	1	

6	2	196.329	3
1	206.00	98.00	173.73	82.05	36.00	1	6	
2	173.73	82.05	64.07	27.84	122.33	0	
3	64.07	27.84	30.00	11.00	38.00	1	2	

6	3	47.539	3
1	206.00	98.00	207.90	90.70	7.54	1	6	
2	207.90	90.70	215.09	63.17	28.46	2	3	6	
3	215.09	63.17	218.00	52.00	11.54	1	3	

6	4	47.202	4
1	206.00	98.00	214.37	91.83	10.39	1	6	
2	214.37	91.83	234.98	76.64	25.61	2	3	6	
3	234.98	76.64	237.56	74.75	3.20	1	3	
4	237.56	74.75	244.00	70.00	8.00	2	3	4	

6	5	153.483	3
1	206.00	98.00	179.96	122.86	36.00	1	6	
2	179.96	122.86	97.17	201.93	114.48	0	
3	97.17	201.93	95.00	204.00	3.00	1	5	

6	6	0	0
