7	59	2	0.001	120.0
150.000	150.000	0.000	2.000	0.000
246.000	162.000	24.000	10.000	12.000
210.000	129.000	14.000	10.000	14.000
187.000	246.000	34.000	6.000	3.000
94.000	236.000	3.000	1.000	8.000
223.000	107.000	42.000	9.000	1.000
102.000	260.000	39.000	7.000	8.000

0	0	0	0

0	1	96.747	2
1	150.00	150.00	222.19	159.02	72.75	0	
2	222.19	159.02	246.00	162.00	24.00	1	1	

0	2	63.569	3
1	150.00	150.00	191.97	135.31	44.47	0	
2	191.97	135.31	196.79	133.62	5.10	1	5	
3	196.79	133.62	210.00	129.00	14.00	2	2	5	

0	3	102.883	2
1	150.00	150.00	174.77	214.27	68.88	0	
2	174.77	214.27	187.00	246.00	34.00	1	3	

0	4	102.626	3
1	150.00	150.00	103.74	221.04	84.77	0	
2	103.74	221.04	95.64	233.49	14.85	1	6	
3	95.64	233.49	94.00	236.00	3.00	2	4	6	

0	5	84.723	4
1	150.00	150.00	186.81	128.32	42.72	0	
2	186.81	128.32	198.06	121.69	13.05	1	5	
3	198.06	121.69	209.40	115.01	13.16	2	2	5	
4	209.40	115.01	223.00	107.00	15.79	1	5	

0	6	120.017	2
1	150.00	150.00	117.60	224.25	81.02	0	
2	117.60	224.25	102.00	260.00	39.00	1	6	

1	0	96.747	2
1	246.00	162.00	222.19	159.02	24.00	1	1	
2	222.19	159.02	150.00	150.00	72.75	0	

1	1	0	0

1	2	48.836	4
1	246.00	162.00	230.98	148.23	20.37	1	1	
2	230.98	148.23	228.31	145.78	3.63	2	1	5	
3	228.31	145.78	220.32	138.46	10.84	1	5	
4	220.32	138.46	210.00	129.00	14.00	2	2	5	

1	3	102.650	3
1	246.00	162.00	232.21	181.64	24.00	1	1	
2	232.21	181.64	206.54	218.18	44.65	0	
3	206.54	218.18	187.00	246.00	34.00	1	3	

1	4	169.056	4
1	246.00	162.00	224.42	172.51	24.00	1	1	
2	224.42	172.51	117.87	224.38	118.50	0	
3	117.87	224.38	96.70	234.69	23.55	1	6	
4	96.70	234.69	94.00	236.00	3.00	2	4	6	

1	5	59.615	3
1	246.00	162.00	239.20	145.75	17.62	1	1	
2	239.20	145.75	236.74	139.86	6.38	1	1	
3	236.74	139.86	223.00	107.00	35.62	1	5	

1	6	174.184	3
1	246.00	162.00	226.16	175.50	24.00	1	1	
2	226.16	175.50	134.24	238.06	111.18	0	
3	134.24	238.06	102.00	260.00	39.00	1	6	

2	0	63.569	3
1	210.00	129.00	196.79	133.62	14.00	2	2	5	
2	196.79	133.62	191.97	135.31	5.10	1	5	
3	191.97	135.31	150.00	150.00	44.47	0	

2	1	48.836	4
1	210.00	129.00	220.32	138.46	14.00	2	2	5	
2	220.32	138.46	228.31	145.78	10.84	1	5	
3	228.31	145.78	230.98	148.23	3.63	2	1	5	
4	230.98	148.23	246.00	162.00	20.37	1	1	

2	2	0	0

2	3	119.239	4
1	210.00	129.00	207.30	142.74	14.00	2	2	5	
2	207.30	142.74	206.71	145.71	3.03	0	
3	206.71	145.71	193.56	212.64	68.21	0	
4	193.56	212.64	187.00	246.00	34.00	1	3	

2	4	157.813	5
1	210.00	129.00	199.71	138.49	14.00	2	2	5	
2	199.71	138.49	197.59	140.44	2.88	1	5	
3	197.59	140.44	109.48	221.72	119.88	0	
4	109.48	221.72	96.21	233.97	18.06	1	6	
5	96.21	233.97	94.00	236.00	3.00	2	4	6	

2	5	25.554	2
1	210.00	129.00	217.12	116.95	14.00	2	2	5	
2	217.12	116.95	223.00	107.00	11.55	1	5	

2	6	169.779	4
1	210.00	129.00	201.09	139.80	14.00	2	2	5	
2	201.09	139.80	199.46	141.78	2.57	1	5	
3	199.46	141.78	126.81	229.91	114.21	0	
4	126.81	229.91	102.00	260.00	39.00	1	6	

3	0	102.883	2
1	187.00	246.00	174.77	214.27	34.00	1	3	
2	174.77	214.27	150.00	150.00	68.88	0	

3	1	102.650	3
1	187.00	246.00	206.54	218.18	34.00	1	3	
2	206.54	218.18	232.21	181.64	44.65	0	
3	232.21	181.64	246.00	162.00	24.00	1	1	

3	2	119.239	4
1	187.00	246.00	193.56	212.64	34.00	1	3	
2	193.56	212.64	206.71	145.71	68.21	0	
3	206.71	145.71	207.30	142.74	3.03	0	
4	207.30	142.74	210.00	129.00	14.00	2	2	5	

3	3	0	0

3	4	93.536	4
1	187.00	246.00	153.19	242.37	34.00	1	3	
2	153.19	242.37	135.77	240.49	17.53	0	
3	135.77	240.49	96.98	236.32	39.01	1	6	
4	96.98	236.32	94.00	236.00	3.00	2	4	6	

3	5	143.586	5
1	187.00	246.00	195.52	213.09	34.00	1	3	
2	195.52	213.09	212.47	147.66	67.59	0	
3	212.47	147.66	213.81	142.47	5.36	0	
4	213.81	142.47	219.87	119.07	24.17	2	2	5	
5	219.87	119.07	223.00	107.00	12.47	1	5	

3	6	86.145	3
1	187.00	246.00	153.45	251.53	34.00	1	3	
2	153.45	251.53	140.48	253.66	13.15	0	
3	140.48	253.66	102.00	260.00	39.00	1	6	

4	0	102.626	3
1	94.00	236.00	95.64	233.49	3.00	2	4	6	
2	95.64	233.49	103.74	221.04	14.85	1	6	
3	103.74	221.04	150.00	150.00	84.77	0	

4	1	169.056	4
1	94.00	236.00	96.70	234.69	3.00	2	4	6	
2	96.70	234.69	117.87	224.38	23.55	1	6	
3	117.87	224.38	224.42	172.51	118.50	0	
4	224.42	172.51	246.00	162.00	24.00	1	1	

4	2	157.813	5
1	94.00	236.00	96.21	233.97	3.00	2	4	6	
2	96.21	233.97	109.48	221.72	18.06	1	6	
3	109.48	221.72	197.59	140.44	119.88	0	
4	197.59	140.44	199.71	138.49	2.88	1	5	
5	199.71	138.49	210.00	129.00	14.00	2	2	5	

4	3	93.536	4
1	94.00	236.00	96.98	236.32	3.00	2	4	6	
2	96.98	236.32	135.77	240.49	39.01	1	6	
3	135.77	240.49	153.19	242.37	17.53	0	
4	153.19	242.37	187.00	246.00	34.00	1	3	

4	4	0	0

4	5	182.434	6
1	94.00	236.00	96.12	233.88	3.00	2	4	6	
2	96.12	233.88	108.46	221.54	17.45	1	6	
3	108.46	221.54	193.30	136.70	119.98	0	
4	193.30	136.70	196.68	133.32	4.78	1	5	
5	196.68	133.32	214.32	115.68	24.94	2	2	5	
6	214.32	115.68	223.00	107.00	12.28	1	5	

4	6	25.298	2
1	94.00	236.00	94.95	238.85	3.00	2	4	6	
2	94.95	238.85	102.00	260.00	22.30	1	6	

5	0	84.723	4
1	223.00	107.00	209.40	115.01	15.79	1	5	
2	209.40	115.01	198.06	121.69	13.16	2	2	5	
3	198.06	121.69	186.81	128.32	13.05	1	5	
4	186.81	128.32	150.00	150.00	42.72	0	

5	1	59.615	3
1	223.00	107.00	236.74	139.86	35.62	1	5	
2	236.74	139.86	239.20	145.75	6.38	1	1	
3	239.20	145.75	246.00	162.00	17.62	1	1	

5	2	25.554	2
1	223.00	107.00	217.12	116.95	11.55	1	5	
2	217.12	116.95	210.00	129.00	14.00	2	2	5	

5	3	143.586	5
1	223.00	107.00	219.87	119.07	12.47	1	5	
2	219.87	119.07	213.81	142.47	24.17	2	2	5	
3	213.81	142.47	212.47	147.66	5.36	0	
4	212.47	147.66	195.52	213.09	67.59	0	
5	195.52	213.09	187.00	246.00	34.00	1	3	

5	4	182.434	6
1	223.00	107.00	214.32	115.68	12.28	1	5	
2	214.32	115.68	196.68	133.32	24.94	2	2	5	
3	196.68	133.32	193.30	136.70	4.78	1	5	
4	193.30	136.70	108.46	221.54	119.98	0	
5	108.46	221.54	96.12	233.88	17.45	1	6	
6	96.12	233.88	94.00	236.00	3.00	2	4	6	

5	5	0	0

5	6	195.064	5
1	223.00	107.00	215.71	116.22	11.75	1	5	
2	215.71	116.22	198.88	137.50	27.14	2	2	5	
3	198.88	137.50	196.95	139.94	3.11	1	5	
4	196.95	139.94	126.19	229.41	114.06	0	
5	126.19	229.41	102.00	260.00	39.00	1	6	

6	0	120.017	2
1	102.00	260.00	117.60	224.25	39.00	1	6	
2	117.60	224.25	150.00	150.00	81.02	0	

6	1	174.184	3
1	102.00	260.00	134.24	238.06	39.00	1	6	
2	134.24	238.06	226.16	175.50	111.18	0	
3	226.16	175.50	246.00	162.00	24.00	1	1	

6	2	169.779	4
1	102.00	260.00	126.81	229.91	39.00	1	6	
2	126.81	229.91	199.46	141.78	114.21	0	
3	199.46	141.78	201.09	139.80	2.57	1	5	
4	201.09	139.80	210.00	129.00	14.00	2	2	5	

6	3	86.145	3
1	102.00	260.00	140.48	253.66	39.00	1	6	
2	140.48	253.66	153.45	251.53	13.15	0	
3	153.45	251.53	187.00	246.00	34.00	1	3	

6	4	25.298	2
1	102.00	260.00	94.95	238.85	22.30	1	6	
2	94.95	238.85	94.00	236.00	3.00	2	4	6	

6	5	195.064	5
1	102.00	260.00	126.19	229.41	39.00	1	6	
2	126.19	229.41	196.95	139.94	114.06	0	
3	196.95	139.94	198.88	137.50	3.11	1	5	
4	198.88	137.50	215.71	116.22	27.14	2	2	5	
5	215.71	116.22	223.00	107.00	11.75	1	5	

6	6	0	0
