7	53	2	0.001	120.0
150.000	150.000	0.000	10.000	0.000
266.000	270.000	49.000	7.000	3.000
111.000	279.000	15.000	2.000	3.000
57.000	68.000	44.000	7.000	9.000
238.000	132.000	26.000	3.000	19.000
5.000	297.000	22.000	9.000	10.000
95.000	74.000	21.000	10.000	18.000

0	0	0	0

0	1	166.901	2
1	150.00	150.00	231.94	234.77	117.90	0	
2	231.94	234.77	266.00	270.00	49.00	1	1	

0	2	134.766	2
1	150.00	150.00	115.34	264.64	119.77	0	
2	115.34	264.64	111.00	279.00	15.00	1	2	

0	3	123.988	4
1	150.00	150.00	90.00	97.10	79.99	0	
2	90.00	97.10	84.30	92.07	7.61	1	3	
3	84.30	92.07	78.42	86.88	7.84	2	3	6	
4	78.42	86.88	57.00	68.00	28.55	1	3	

0	4	89.822	2
1	150.00	150.00	212.53	137.21	63.82	0	
2	212.53	137.21	238.00	132.00	26.00	1	4	

0	5	206.480	2
1	150.00	150.00	20.45	281.34	184.48	0	
2	20.45	281.34	5.00	297.00	22.00	1	5	

0	6	93.814	3
1	150.00	150.00	107.31	91.01	72.81	0	
2	107.31	91.01	99.33	79.99	13.61	1	6	
3	99.33	79.99	95.00	74.00	7.39	2	3	6	

1	0	166.901	2
1	266.00	270.00	231.94	234.77	49.00	1	1	
2	231.94	234.77	150.00	150.00	117.90	0	

1	1	0	0

1	2	155.261	3
1	266.00	270.00	217.08	272.84	49.00	1	1	
2	217.08	272.84	125.97	278.13	91.26	0	
3	125.97	278.13	111.00	279.00	15.00	1	2	

1	3	290.663	3
1	266.00	270.00	230.77	235.95	49.00	1	1	
2	230.77	235.95	88.64	98.58	197.66	0	
3	88.64	98.58	57.00	68.00	44.00	1	3	

1	4	140.812	3
1	266.00	270.00	256.26	221.98	49.00	1	1	
2	256.26	221.98	243.17	157.48	65.81	0	
3	243.17	157.48	238.00	132.00	26.00	1	4	

1	5	262.393	5
1	266.00	270.00	217.26	275.04	49.00	1	1	
2	217.26	275.04	124.92	284.59	92.84	0	
3	124.92	284.59	98.52	287.33	26.54	1	2	
4	98.52	287.33	26.88	294.74	72.02	0	
5	26.88	294.74	5.00	297.00	22.00	1	5	

1	6	260.110	4
1	266.00	270.00	233.79	233.08	49.00	1	1	
2	233.79	233.08	108.81	89.82	190.11	0	
3	108.81	89.82	99.55	79.21	14.08	1	6	
4	99.55	79.21	95.00	74.00	6.92	2	3	6	

2	0	134.766	2
1	111.00	279.00	115.34	264.64	15.00	1	2	
2	115.34	264.64	150.00	150.00	119.77	0	

2	1	155.261	3
1	111.00	279.00	125.97	278.13	15.00	1	2	
2	125.97	278.13	217.08	272.84	91.26	0	
3	217.08	272.84	266.00	270.00	49.00	1	1	

2	2	0	0

2	3	217.800	3
1	111.00	279.00	107.28	264.47	15.00	1	2	
2	107.28	264.47	67.91	110.63	158.80	0	
3	67.91	110.63	57.00	68.00	44.00	1	3	

2	4	194.263	3
1	111.00	279.00	120.81	267.65	15.00	1	2	
2	120.81	267.65	221.00	151.67	153.26	0	
3	221.00	151.67	238.00	132.00	26.00	1	4	

2	5	107.517	3
1	111.00	279.00	96.21	281.51	15.00	1	2	
2	96.21	281.51	26.69	293.32	70.52	0	
3	26.69	293.32	5.00	297.00	22.00	1	5	

2	6	205.623	4
1	111.00	279.00	109.83	264.05	15.00	1	2	
2	109.83	264.05	96.63	94.94	169.62	0	
3	96.63	94.94	96.11	88.17	6.79	0	
4	96.11	88.17	95.00	74.00	14.21	1	6	

3	0	123.988	4
1	57.00	68.00	78.42	86.88	28.55	1	3	
2	78.42	86.88	84.30	92.07	7.84	2	3	6	
3	84.30	92.07	90.00	97.10	7.61	1	3	
4	90.00	97.10	150.00	150.00	79.99	0	

3	1	290.663	3
1	57.00	68.00	88.64	98.58	44.00	1	3	
2	88.64	98.58	230.77	235.95	197.66	0	
3	230.77	235.95	266.00	270.00	49.00	1	1	

3	2	217.800	3
1	57.00	68.00	67.91	110.63	44.00	1	3	
2	67.91	110.63	107.28	264.47	158.80	0	
3	107.28	264.47	111.00	279.00	15.00	1	2	

3	3	0	0

3	4	191.982	5
1	57.00	68.00	74.00	74.01	18.03	1	3	
2	74.00	74.01	98.48	82.67	25.97	2	3	6	
3	98.48	82.67	111.33	87.21	13.62	1	6	
4	111.33	87.21	213.49	123.33	108.36	0	
5	213.49	123.33	238.00	132.00	26.00	1	4	

3	5	234.830	3
1	57.00	68.00	47.26	110.91	44.00	1	3	
2	47.26	110.91	9.87	275.55	168.83	0	
3	9.87	275.55	5.00	297.00	22.00	1	5	

3	6	38.471	2
1	57.00	68.00	74.26	70.72	17.47	1	3	
2	74.26	70.72	95.00	74.00	21.00	2	3	6	

4	0	89.822	2
1	238.00	132.00	212.53	137.21	26.00	1	4	
2	212.53	137.21	150.00	150.00	63.82	0	

4	1	140.812	3
1	238.00	132.00	243.17	157.48	26.00	1	4	
2	243.17	157.48	256.26	221.98	65.81	0	
3	256.26	221.98	266.00	270.00	49.00	1	1	

4	2	194.263	3
1	238.00	132.00	221.00	151.67	26.00	1	4	
2	221.00	151.67	120.81	267.65	153.26	0	
3	120.81	267.65	111.00	279.00	15.00	1	2	

4	3	191.982	5
1	238.00	132.00	213.49	123.33	26.00	1	4	
2	213.49	123.33	111.33	87.21	108.36	0	
3	111.33	87.21	98.48	82.67	13.62	1	6	
4	98.48	82.67	74.00	74.01	25.97	2	3	6	
5	74.00	74.01	57.00	68.00	18.03	1	3	

4	4	0	0

4	5	285.507	3
1	238.00	132.00	216.78	147.03	26.00	1	4	
2	216.78	147.03	22.95	284.29	237.51	0	
3	22.95	284.29	5.00	297.00	22.00	1	5	

4	6	154.315	4
1	238.00	132.00	213.91	122.23	26.00	1	4	
2	213.91	122.23	114.46	81.89	107.31	0	
3	114.46	81.89	100.24	76.13	15.34	1	6	
4	100.24	76.13	95.00	74.00	5.66	2	3	6	

5	0	206.480	2
1	5.00	297.00	20.45	281.34	22.00	1	5	
2	20.45	281.34	150.00	150.00	184.48	0	

5	1	262.393	5
1	5.00	297.00	26.88	294.74	22.00	1	5	
2	26.88	294.74	98.52	287.33	72.02	0	
3	98.52	287.33	124.92	284.59	26.54	1	2	
4	124.92	284.59	217.26	275.04	92.84	0	
5	217.26	275.04	266.00	270.00	49.00	1	1	

5	2	107.517	3
1	5.00	297.00	26.69	293.32	22.00	1	5	
2	26.69	293.32	96.21	281.51	70.52	0	
3	96.21	281.51	111.00	279.00	15.00	1	2	

5	3	234.830	3
1	5.00	297.00	9.87	275.55	22.00	1	5	
2	9.87	275.55	47.26	110.91	168.83	0	
3	47.26	110.91	57.00	68.00	44.00	1	3	

5	4	285.507	3
1	5.00	297.00	22.95	284.29	22.00	1	5	
2	22.95	284.29	216.78	147.03	237.51	0	
3	216.78	147.03	238.00	132.00	26.00	1	4	

5	5	0	0

5	6	240.477	4
1	5.00	297.00	13.23	276.60	22.00	1	5	
2	13.23	276.60	83.14	103.40	186.78	0	
3	83.14	103.40	87.14	93.47	10.70	1	3	
4	87.14	93.47	95.00	74.00	21.00	2	3	6	

6	0	93.814	3
1	95.00	74.00	99.33	79.99	7.39	2	3	6	
2	99.33	79.99	107.31	91.01	13.61	1	6	
3	107.31	91.01	150.00	150.00	72.81	0	

6	1	260.110	4
1	95.00	74.00	99.55	79.21	6.92	2	3	6	
2	99.55	79.21	108.81	89.82	14.08	1	6	
3	108.81	89.82	233.79	233.08	190.11	0	
4	233.79	233.08	266.00	270.00	49.00	1	1	

6	2	205.623	4
1	95.00	74.00	96.11	88.17	14.21	1	6	
2	96.11	88.17	96.63	94.94	6.79	0	
3	96.63	94.94	109.83	264.05	169.62	0	
4	109.83	264.05	111.00	279.00	15.00	1	2	

6	3	38.471	2
1	95.00	74.00	74.26	70.72	21.00	2	3	6	
2	74.26	70.72	57.00	68.00	17.47	1	3	

6	4	154.315	4
1	95.00	74.00	100.24	76.13	5.66	2	3	6	
2	100.24	76.13	114.46	81.89	15.34	1	6	
3	114.46	81.89	213.91	122.23	107.31	0	
4	213.91	122.23	238.00	132.00	26.00	1	4	

6	5	240.477	4
1	95.00	74.00	87.14	93.47	21.00	2	3	6	
2	87.14	93.47	83.14	103.40	10.70	1	3	
3	83.14	103.40	13.23	276.60	186.78	0	
4	13.23	276.60	5.00	297.00	22.00	1	5	

6	6	0	0
