7	47	2	0.001	30.0
150.000	150.000	0.000	3.000	0.000
128.000	238.000	17.000	5.000	15.000
104.000	106.000	9.000	6.000	4.000
75.000	77.000	12.000	9.000	11.000
189.000	29.000	30.000	10.000	1.000
265.000	153.000	27.000	6.000	20.000
10.000	104.000	2.000	8.000	20.000

0	0	0	0

0	1	90.708	2
1	150.00	150.00	132.12	221.51	73.71	0	
2	132.12	221.51	128.00	238.00	17.00	1	1	

0	2	63.655	2
1	150.00	150.00	110.50	112.22	54.66	0	
2	110.50	112.22	104.00	106.00	9.00	1	2	

0	3	104.661	4
1	150.00	150.00	110.82	111.87	54.67	0	
2	110.82	111.87	97.95	99.34	17.97	1	2	
3	97.95	99.34	83.60	85.37	20.03	0	
4	83.60	85.37	75.00	77.00	12.00	1	3	

0	4	127.130	2
1	150.00	150.00	179.80	57.55	97.13	0	
2	179.80	57.55	189.00	29.00	30.00	1	4	

0	5	115.039	2
1	150.00	150.00	238.01	152.30	88.04	0	
2	238.01	152.30	265.00	153.00	27.00	1	5	

0	6	147.363	2
1	150.00	150.00	11.90	104.62	145.36	0	
2	11.90	104.62	10.00	104.00	2.00	1	6	

1	0	90.708	2
1	128.00	238.00	132.12	221.51	17.00	1	1	
2	132.12	221.51	150.00	150.00	73.71	0	

1	1	0	0

1	2	134.164	3
1	128.00	238.00	124.96	221.27	17.00	1	1	
2	124.96	221.27	105.61	114.86	108.16	0	
3	105.61	114.86	104.00	106.00	9.00	1	2	

1	3	169.499	3
1	128.00	238.00	122.68	221.85	17.00	1	1	
2	122.68	221.85	78.75	88.40	140.50	0	
3	78.75	88.40	75.00	77.00	12.00	1	3	

1	4	217.720	3
1	128.00	238.00	132.76	221.68	17.00	1	1	
2	132.76	221.68	180.59	57.80	170.72	0	
3	180.59	57.80	189.00	29.00	30.00	1	4	

1	5	161.227	3
1	128.00	238.00	142.45	229.04	17.00	1	1	
2	142.45	229.04	242.06	167.23	117.23	0	
3	242.06	167.23	265.00	153.00	27.00	1	5	

1	6	178.550	3
1	128.00	238.00	116.77	225.24	17.00	1	1	
2	116.77	225.24	11.32	105.50	159.55	0	
3	11.32	105.50	10.00	104.00	2.00	1	6	

2	0	63.655	2
1	104.00	106.00	110.50	112.22	9.00	1	2	
2	110.50	112.22	150.00	150.00	54.66	0	

2	1	134.164	3
1	104.00	106.00	105.61	114.86	9.00	1	2	
2	105.61	114.86	124.96	221.27	108.16	0	
3	124.96	221.27	128.00	238.00	17.00	1	1	

2	2	0	0

2	3	41.012	3
1	104.00	106.00	97.64	99.64	9.00	1	2	
2	97.64	99.64	83.49	85.49	20.01	0	
3	83.49	85.49	75.00	77.00	12.00	1	3	

2	4	114.691	3
1	104.00	106.00	110.67	99.96	9.00	1	2	
2	110.67	99.96	166.77	49.14	75.69	0	
3	166.77	49.14	189.00	29.00	30.00	1	4	

2	5	167.720	3
1	104.00	106.00	112.64	108.52	9.00	1	2	
2	112.64	108.52	239.08	145.43	131.72	0	
3	239.08	145.43	265.00	153.00	27.00	1	5	

2	6	94.021	3
1	104.00	106.00	95.00	105.81	9.00	1	2	
2	95.00	105.81	12.00	104.04	83.02	0	
3	12.00	104.04	10.00	104.00	2.00	1	6	

3	0	104.661	4
1	75.00	77.00	83.60	85.37	12.00	1	3	
2	83.60	85.37	97.95	99.34	20.03	0	
3	97.95	99.34	110.82	111.87	17.97	1	2	
4	110.82	111.87	150.00	150.00	54.67	0	

3	1	169.499	3
1	75.00	77.00	78.75	88.40	12.00	1	3	
2	78.75	88.40	122.68	221.85	140.50	0	
3	122.68	221.85	128.00	238.00	17.00	1	1	

3	2	41.012	3
1	75.00	77.00	83.49	85.49	12.00	1	3	
2	83.49	85.49	97.64	99.64	20.01	0	
3	97.64	99.64	104.00	106.00	9.00	1	2	

3	3	0	0

3	4	123.693	3
1	75.00	77.00	86.06	72.34	12.00	1	3	
2	86.06	72.34	161.35	40.64	81.69	0	
3	161.35	40.64	189.00	29.00	30.00	1	4	

3	5	204.636	3
1	75.00	77.00	86.14	81.46	12.00	1	3	
2	86.14	81.46	239.93	142.97	165.64	0	
3	239.93	142.97	265.00	153.00	27.00	1	5	

3	6	70.385	3
1	75.00	77.00	63.92	81.60	12.00	1	3	
2	63.92	81.60	11.85	103.23	56.38	0	
3	11.85	103.23	10.00	104.00	2.00	1	6	

4	0	127.130	2
1	189.00	29.00	179.80	57.55	30.00	1	4	
2	179.80	57.55	150.00	150.00	97.13	0	

4	1	217.720	3
1	189.00	29.00	180.59	57.80	30.00	1	4	
2	180.59	57.80	132.76	221.68	170.72	0	
3	132.76	221.68	128.00	238.00	17.00	1	1	

4	2	114.691	3
1	189.00	29.00	166.77	49.14	30.00	1	4	
2	166.77	49.14	110.67	99.96	75.69	0	
3	110.67	99.96	104.00	106.00	9.00	1	2	

4	3	123.693	3
1	189.00	29.00	161.35	40.64	30.00	1	4	
2	161.35	40.64	86.06	72.34	81.69	0	
3	86.06	72.34	75.00	77.00	12.00	1	3	

4	4	0	0

4	5	145.437	3
1	189.00	29.00	204.68	54.58	30.00	1	4	
2	204.68	54.58	250.89	129.98	88.44	0	
3	250.89	129.98	265.00	153.00	27.00	1	5	

4	6	194.077	5
1	189.00	29.00	161.33	40.59	30.00	1	4	
2	161.33	40.59	85.98	72.16	81.69	0	
3	85.98	72.16	63.85	81.44	24.00	1	3	
4	63.85	81.44	11.84	103.23	56.39	0	
5	11.84	103.23	10.00	104.00	2.00	1	6	

5	0	115.039	2
1	265.00	153.00	238.01	152.30	27.00	1	5	
2	238.01	152.30	150.00	150.00	88.04	0	

5	1	161.227	3
1	265.00	153.00	242.06	167.23	27.00	1	5	
2	242.06	167.23	142.45	229.04	117.23	0	
3	142.45	229.04	128.00	238.00	17.00	1	1	

5	2	167.720	3
1	265.00	153.00	239.08	145.43	27.00	1	5	
2	239.08	145.43	112.64	108.52	131.72	0	
3	112.64	108.52	104.00	106.00	9.00	1	2	

5	3	204.636	3
1	265.00	153.00	239.93	142.97	27.00	1	5	
2	239.93	142.97	86.14	81.46	165.64	0	
3	86.14	81.46	75.00	77.00	12.00	1	3	

5	4	145.437	3
1	265.00	153.00	250.89	129.98	27.00	1	5	
2	250.89	129.98	204.68	54.58	88.44	0	
3	204.68	54.58	189.00	29.00	30.00	1	4	

5	5	0	0

5	6	259.665	3
1	265.00	153.00	238.49	147.91	27.00	1	5	
2	238.49	147.91	11.96	104.38	230.67	0	
3	11.96	104.38	10.00	104.00	2.00	1	6	

6	0	147.363	2
1	10.00	104.00	11.90	104.62	2.00	1	6	
2	11.90	104.62	150.00	150.00	145.36	0	

6	1	178.550	3
1	10.00	104.00	11.32	105.50	2.00	1	6	
2	11.32	105.50	116.77	225.24	159.55	0	
3	116.77	225.24	128.00	238.00	17.00	1	1	

6	2	94.021	3
1	10.00	104.00	12.00	104.04	2.00	1	6	
2	12.00	104.04	95.00	105.81	83.02	0	
3	95.00	105.81	104.00	106.00	9.00	1	2	

6	3	70.385	3
1	10.00	104.00	11.85	103.23	2.00	1	6	
2	11.85	103.23	63.92	81.60	56.38	0	
3	63.92	81.60	75.00	77.00	12.00	1	3	

6	4	194.077	5
1	10.00	104.00	11.84	103.23	2.00	1	6	
2	11.84	103.23	63.85	81.44	56.39	0	
3	63.85	81.44	85.98	72.16	24.00	1	3	
4	85.98	72.16	161.33	40.59	81.69	0	
5	161.33	40.59	189.00	29.00	30.00	1	4	

6	5	259.665	3
1	10.00	104.00	11.96	104.38	2.00	1	6	
2	11.96	104.38	238.49	147.91	230.67	0	
3	238.49	147.91	265.00	153.00	27.00	1	5	

6	6	0	0
