9	99	2	0.001	100.0
0.000	0.000	0.000	5.000	0.000
34.000	288.000	28.000	7.000	6.000
202.000	247.000	22.000	7.000	20.000
205.000	16.000	46.000	8.000	16.000
275.000	119.000	31.000	4.000	15.000
7.000	170.000	8.000	2.000	3.000
26.000	144.000	39.000	10.000	2.000
195.000	129.000	32.000	4.000	17.000
228.000	180.000	48.000	3.000	3.000
 


0	0	0	0

0	1	290.000	4
1	0.00	0.00	12.67	107.35	108.09	0	
2	12.67	107.35	21.57	182.75	75.92	1	6	
3	21.57	182.75	30.72	260.19	77.98	0	
4	30.72	260.19	34.00	288.00	28.00	0	

0	2	319.081	2
1	0.00	0.00	188.07	229.97	297.08	0	
2	188.07	229.97	202.00	247.00	22.00	1	2	

0	3	205.623	2
1	0.00	0.00	159.14	12.42	159.62	0	
2	159.14	12.42	205.00	16.00	46.00	1	3	

0	4	299.643	2
1	0.00	0.00	246.55	106.69	268.64	0	
2	246.55	106.69	275.00	119.00	31.00	1	4	

0	5	170.144	3
1	0.00	0.00	4.59	111.40	111.50	0	
2	4.59	111.40	6.67	162.01	50.65	0	
3	6.67	162.01	7.00	170.00	8.00	2	5	6	

0	6	146.328	2
1	0.00	0.00	19.07	105.62	107.33	0	
2	19.07	105.62	26.00	144.00	39.00	1	6	

0	7	233.808	2
1	0.00	0.00	168.31	111.34	201.81	0	
2	168.31	111.34	195.00	129.00	32.00	1	7	

0	8	290.489	4
1	0.00	0.00	163.00	128.69	207.68	0	
2	163.00	128.69	190.33	150.26	34.81	1	7	
3	190.33	150.26	202.73	160.05	15.81	2	7	8	
4	202.73	160.05	228.00	180.00	32.19	1	8	

1	0	290.000	4
1	34.00	288.00	30.72	260.19	28.00	0	
2	30.72	260.19	21.57	182.75	77.98	0	
3	21.57	182.75	12.67	107.35	75.92	1	6	
4	12.67	107.35	0.00	0.00	108.09	0	

1	1	0	0

1	2	172.931	3
1	34.00	288.00	61.20	281.36	28.00	1	1	
2	61.20	281.36	180.63	252.22	122.93	0	
3	180.63	252.22	202.00	247.00	22.00	1	2	

1	3	321.286	3
1	34.00	288.00	48.90	264.30	28.00	1	1	
2	48.90	264.30	180.52	54.94	247.29	0	
3	180.52	54.94	205.00	16.00	46.00	1	3	

1	4	294.350	5
1	34.00	288.00	56.93	271.92	28.00	1	1	
2	56.93	271.92	180.31	185.40	150.69	0	
3	180.31	185.40	249.33	137.00	84.31	1	8	
4	249.33	137.00	249.62	136.80	0.35	0	
5	249.62	136.80	275.00	119.00	31.00	1	4	

1	5	121.050	4
1	34.00	288.00	27.75	260.71	28.00	1	1	
2	27.75	260.71	9.09	179.14	83.67	0	
3	9.09	179.14	8.78	177.80	1.38	1	6	
4	8.78	177.80	7.00	170.00	8.00	2	5	6	

1	6	144.222	3
1	34.00	288.00	32.45	260.04	28.00	0	
2	32.45	260.04	28.16	182.94	77.22	0	
3	28.16	182.94	26.00	144.00	39.00	1	6	

1	7	226.279	3
1	34.00	288.00	53.92	268.33	28.00	1	1	
2	53.92	268.33	172.23	151.49	166.28	0	
3	172.23	151.49	195.00	129.00	32.00	1	7	

1	8	222.036	3
1	34.00	288.00	58.46	274.38	28.00	1	1	
2	58.46	274.38	186.06	203.35	146.04	0	
3	186.06	203.35	228.00	180.00	48.00	1	8	

2	0	319.081	2
1	202.00	247.00	188.07	229.97	22.00	1	2	
2	188.07	229.97	0.00	0.00	297.08	0	

2	1	172.931	3
1	202.00	247.00	180.63	252.22	22.00	1	2	
2	180.63	252.22	61.20	281.36	122.93	0	
3	61.20	281.36	34.00	288.00	28.00	1	1	

2	2	0	0

2	3	231.019	7
1	202.00	247.00	202.29	225.00	22.00	0	
2	202.29	225.00	202.34	220.57	4.44	0	
3	202.34	220.57	203.13	159.95	60.62	1	8	
4	203.13	159.95	203.41	138.78	21.18	0	
5	203.41	138.78	203.93	98.27	40.51	1	7	
6	203.93	98.27	204.40	62.00	36.28	0	
7	204.40	62.00	205.00	16.00	46.00	0	

2	4	147.353	5
1	202.00	247.00	212.90	227.89	22.00	1	2	
2	212.90	227.89	214.02	225.92	2.27	0	
3	214.02	225.92	259.64	145.93	92.09	1	8	
4	259.64	145.93	260.41	144.59	1.54	2	4	8	
5	260.41	144.59	275.00	119.00	29.46	1	4	

2	5	209.652	4
1	202.00	247.00	181.54	238.92	22.00	1	2	
2	181.54	238.92	36.37	181.60	156.08	0	
3	36.37	181.60	14.44	172.94	23.57	1	6	
4	14.44	172.94	7.00	170.00	8.00	2	5	6	

2	6	203.924	3
1	202.00	247.00	183.01	235.89	22.00	1	2	
2	183.01	235.89	59.66	163.70	142.92	0	
3	59.66	163.70	26.00	144.00	39.00	1	6	

2	7	118.207	5
1	202.00	247.00	200.70	225.04	22.00	1	2	
2	200.70	225.04	200.35	219.24	5.81	0	
3	200.35	219.24	196.90	160.94	58.40	1	8	
4	196.90	160.94	195.91	144.31	16.67	1	8	
5	195.91	144.31	195.00	129.00	15.33	1	7	

2	8	71.868	3
1	202.00	247.00	209.96	226.49	22.00	1	2	
2	209.96	226.49	210.63	224.75	1.87	0	
3	210.63	224.75	228.00	180.00	48.00	1	8	

3	0	205.623	2
1	205.00	16.00	159.14	12.42	46.00	1	3	
2	159.14	12.42	0.00	0.00	159.62	0	

3	1	321.286	3
1	205.00	16.00	180.52	54.94	46.00	1	3	
2	180.52	54.94	48.90	264.30	247.29	0	
3	48.90	264.30	34.00	288.00	28.00	1	1	

3	2	231.019	7
1	205.00	16.00	204.40	62.00	46.00	0	
2	204.40	62.00	203.93	98.27	36.28	0	
3	203.93	98.27	203.41	138.78	40.51	1	7	
4	203.41	138.78	203.13	159.95	21.18	0	
5	203.13	159.95	202.34	220.57	60.62	1	8	
6	202.34	220.57	202.29	225.00	4.44	0	
7	202.29	225.00	202.00	247.00	22.00	0	

3	3	0	0

3	4	124.535	3
1	205.00	16.00	230.86	54.05	46.00	0	
2	230.86	54.05	257.58	93.36	47.54	0	
3	257.58	93.36	275.00	119.00	31.00	1	4	

3	5	250.839	4
1	205.00	16.00	168.69	44.24	46.00	1	3	
2	168.69	44.24	61.42	127.67	135.90	0	
3	61.42	127.67	13.31	165.09	60.94	1	6	
4	13.31	165.09	7.00	170.00	8.00	2	5	6	

3	6	220.057	3
1	205.00	16.00	167.58	42.76	46.00	1	3	
2	167.58	42.76	57.72	121.31	135.06	0	
3	57.72	121.31	26.00	144.00	39.00	1	6	

3	7	113.442	3
1	205.00	16.00	200.95	61.82	46.00	1	3	
2	200.95	61.82	197.82	97.12	35.44	0	
3	197.82	97.12	195.00	129.00	32.00	1	7	

3	8	165.605	5
1	205.00	16.00	211.39	61.55	46.00	1	3	
2	211.39	61.55	217.68	106.43	45.31	0	
3	217.68	106.43	221.33	132.47	26.29	1	7	
4	221.33	132.47	223.02	144.46	12.12	1	7	
5	223.02	144.46	228.00	180.00	35.89	1	8	

4	0	299.643	2
1	275.00	119.00	246.55	106.69	31.00	1	4	
2	246.55	106.69	0.00	0.00	268.64	0	

4	1	294.350	5
1	275.00	119.00	249.62	136.80	31.00	1	4	
2	249.62	136.80	249.33	137.00	0.35	0	
3	249.33	137.00	180.31	185.40	84.31	1	8	
4	180.31	185.40	56.93	271.92	150.69	0	
5	56.93	271.92	34.00	288.00	28.00	1	1	

4	2	147.353	5
1	275.00	119.00	260.41	144.59	29.46	1	4	
2	260.41	144.59	259.64	145.93	1.54	2	4	8	
3	259.64	145.93	214.02	225.92	92.09	1	8	
4	214.02	225.92	212.90	227.89	2.27	0	
5	212.90	227.89	202.00	247.00	22.00	1	2	

4	3	124.535	3
1	275.00	119.00	257.58	93.36	31.00	1	4	
2	257.58	93.36	230.86	54.05	47.54	0	
3	230.86	54.05	205.00	16.00	46.00	0	

4	4	0	0

4	5	272.809	6
1	275.00	119.00	244.55	124.80	31.00	1	4	
2	244.55	124.80	226.99	128.14	17.87	0	
3	226.99	128.14	164.93	139.95	63.17	1	7	
4	164.93	139.95	61.75	159.58	105.03	0	
5	61.75	159.58	14.86	168.50	47.74	1	6	
6	14.86	168.50	7.00	170.00	8.00	2	5	6	

4	6	250.252	5
1	275.00	119.00	244.16	122.10	31.00	1	4	
2	244.16	122.10	226.58	123.86	17.66	0	
3	226.58	123.86	163.02	130.24	63.88	1	7	
4	163.02	130.24	64.80	140.10	98.71	0	
5	64.80	140.10	26.00	144.00	39.00	1	6	

4	7	80.623	3
1	275.00	119.00	244.24	122.85	31.00	1	4	
2	244.24	122.85	226.75	125.03	17.62	0	
3	226.75	125.03	195.00	129.00	32.00	1	7	

4	8	77.006	3
1	275.00	119.00	257.30	141.98	29.01	1	4	
2	257.30	141.98	256.08	143.56	1.99	2	4	8	
3	256.08	143.56	228.00	180.00	46.01	1	8	

5	0	170.144	3
1	7.00	170.00	6.67	162.01	8.00	2	5	6	
2	6.67	162.01	4.59	111.40	50.65	0	
3	4.59	111.40	0.00	0.00	111.50	0	

5	1	121.050	4
1	7.00	170.00	8.78	177.80	8.00	2	5	6	
2	8.78	177.80	9.09	179.14	1.38	1	6	
3	9.09	179.14	27.75	260.71	83.67	0	
4	27.75	260.71	34.00	288.00	28.00	1	1	

5	2	209.652	4
1	7.00	170.00	14.44	172.94	8.00	2	5	6	
2	14.44	172.94	36.37	181.60	23.57	1	6	
3	36.37	181.60	181.54	238.92	156.08	0	
4	181.54	238.92	202.00	247.00	22.00	1	2	

5	3	250.839	4
1	7.00	170.00	13.31	165.09	8.00	2	5	6	
2	13.31	165.09	61.42	127.67	60.94	1	6	
3	61.42	127.67	168.69	44.24	135.90	0	
4	168.69	44.24	205.00	16.00	46.00	1	3	

5	4	272.809	6
1	7.00	170.00	14.86	168.50	8.00	2	5	6	
2	14.86	168.50	61.75	159.58	47.74	1	6	
3	61.75	159.58	164.93	139.95	105.03	0	
4	164.93	139.95	226.99	128.14	63.17	1	7	
5	226.99	128.14	244.55	124.80	17.87	0	
6	244.55	124.80	275.00	119.00	31.00	1	4	

5	5	0	0

5	6	32.202	2
1	7.00	170.00	11.72	163.54	8.00	2	5	6	
2	11.72	163.54	26.00	144.00	24.20	1	6	

5	7	192.419	4
1	7.00	170.00	14.82	168.30	8.00	2	5	6	
2	14.82	168.30	62.43	157.91	48.74	1	6	
3	62.43	157.91	163.73	135.82	103.68	0	
4	163.73	135.82	195.00	129.00	32.00	1	7	

5	8	221.226	4
1	7.00	170.00	14.99	170.36	8.00	2	5	6	
2	14.99	170.36	53.06	172.08	38.11	1	6	
3	53.06	172.08	180.05	177.83	127.12	0	
4	180.05	177.83	228.00	180.00	48.00	1	8	

6	0	146.328	2
1	26.00	144.00	19.07	105.62	39.00	1	6	
2	19.07	105.62	0.00	0.00	107.33	0	

6	1	144.222	3
1	26.00	144.00	28.16	182.94	39.00	1	6	
2	28.16	182.94	32.45	260.04	77.22	0	
3	32.45	260.04	34.00	288.00	28.00	0	

6	2	203.924	3
1	26.00	144.00	59.66	163.70	39.00	1	6	
2	59.66	163.70	183.01	235.89	142.92	0	
3	183.01	235.89	202.00	247.00	22.00	1	2	

6	3	220.057	3
1	26.00	144.00	57.72	121.31	39.00	1	6	
2	57.72	121.31	167.58	42.76	135.06	0	
3	167.58	42.76	205.00	16.00	46.00	1	3	

6	4	250.252	5
1	26.00	144.00	64.80	140.10	39.00	1	6	
2	64.80	140.10	163.02	130.24	98.71	0	
3	163.02	130.24	226.58	123.86	63.88	1	7	
4	226.58	123.86	244.16	122.10	17.66	0	
5	244.16	122.10	275.00	119.00	31.00	1	4	

6	5	32.202	2
1	26.00	144.00	11.72	163.54	24.20	1	6	
2	11.72	163.54	7.00	170.00	8.00	2	5	6	

6	6	0	0

6	7	169.664	3
1	26.00	144.00	64.85	140.55	39.00	1	6	
2	64.85	140.55	163.13	131.83	98.66	0	
3	163.13	131.83	195.00	129.00	32.00	1	7	

6	8	205.183	3
1	26.00	144.00	64.39	150.84	39.00	1	6	
2	64.39	150.84	180.74	171.58	118.18	0	
3	180.74	171.58	228.00	180.00	48.00	1	8	

7	0	233.808	2
1	195.00	129.00	168.31	111.34	32.00	1	7	
2	168.31	111.34	0.00	0.00	201.81	0	

7	1	226.279	3
1	195.00	129.00	172.23	151.49	32.00	1	7	
2	172.23	151.49	53.92	268.33	166.28	0	
3	53.92	268.33	34.00	288.00	28.00	1	1	

7	2	118.207	5
1	195.00	129.00	195.91	144.31	15.33	1	7	
2	195.91	144.31	196.90	160.94	16.67	1	8	
3	196.90	160.94	200.35	219.24	58.40	1	8	
4	200.35	219.24	200.70	225.04	5.81	0	
5	200.70	225.04	202.00	247.00	22.00	1	2	

7	3	113.442	3
1	195.00	129.00	197.82	97.12	32.00	1	7	
2	197.82	97.12	200.95	61.82	35.44	0	
3	200.95	61.82	205.00	16.00	46.00	1	3	

7	4	80.623	3
1	195.00	129.00	226.75	125.03	32.00	1	7	
2	226.75	125.03	244.24	122.85	17.62	0	
3	244.24	122.85	275.00	119.00	31.00	1	4	

7	5	192.419	4
1	195.00	129.00	163.73	135.82	32.00	1	7	
2	163.73	135.82	62.43	157.91	103.68	0	
3	62.43	157.91	14.82	168.30	48.74	1	6	
4	14.82	168.30	7.00	170.00	8.00	2	5	6	

7	6	169.664	3
1	195.00	129.00	163.13	131.83	32.00	1	7	
2	163.13	131.83	64.85	140.55	98.66	0	
3	64.85	140.55	26.00	144.00	39.00	1	6	

7	7	0	0

7	8	60.745	3
1	195.00	129.00	201.92	139.70	12.75	1	7	
2	201.92	139.70	212.38	155.87	19.25	2	7	8	
3	212.38	155.87	228.00	180.00	28.75	1	8	

8	0	290.489	4
1	228.00	180.00	202.73	160.05	32.19	1	8	
2	202.73	160.05	190.33	150.26	15.81	2	7	8	
3	190.33	150.26	163.00	128.69	34.81	1	7	
4	163.00	128.69	0.00	0.00	207.68	0	

8	1	222.036	3
1	228.00	180.00	186.06	203.35	48.00	1	8	
2	186.06	203.35	58.46	274.38	146.04	0	
3	58.46	274.38	34.00	288.00	28.00	1	1	

8	2	71.868	3
1	228.00	180.00	210.63	224.75	48.00	1	8	
2	210.63	224.75	209.96	226.49	1.87	0	
3	209.96	226.49	202.00	247.00	22.00	1	2	

8	3	165.605	5
1	228.00	180.00	223.02	144.46	35.89	1	8	
2	223.02	144.46	221.33	132.47	12.12	1	7	
3	221.33	132.47	217.68	106.43	26.29	1	7	
4	217.68	106.43	211.39	61.55	45.31	0	
5	211.39	61.55	205.00	16.00	46.00	1	3	

8	4	77.006	3
1	228.00	180.00	256.08	143.56	46.01	1	8	
2	256.08	143.56	257.30	141.98	1.99	2	4	8	
3	257.30	141.98	275.00	119.00	29.01	1	4	

8	5	221.226	4
1	228.00	180.00	180.05	177.83	48.00	1	8	
2	180.05	177.83	53.06	172.08	127.12	0	
3	53.06	172.08	14.99	170.36	38.11	1	6	
4	14.99	170.36	7.00	170.00	8.00	2	5	6	

8	6	205.183	3
1	228.00	180.00	180.74	171.58	48.00	1	8	
2	180.74	171.58	64.39	150.84	118.18	0	
3	64.39	150.84	26.00	144.00	39.00	1	6	

8	7	60.745	3
1	228.00	180.00	212.38	155.87	28.75	1	8	
2	212.38	155.87	201.92	139.70	19.25	2	7	8	
3	201.92	139.70	195.00	129.00	12.75	1	7	

8	8	0	0
