8	101	2	0.001	80.0
122.000	182.000	0.000	6.000	0.000
11.000	73.000	22.000	5.000	12.000
172.000	225.000	20.000	4.000	5.000
41.000	109.000	47.000	5.000	20.000
66.000	118.000	26.000	6.000	17.000
155.000	149.000	24.000	7.000	4.000
238.000	20.000	17.000	8.000	9.000
43.000	127.000	34.000	7.000	10.000
 


0	0	0	0

0	1	155.570	7
1	122.00	182.00	79.47	140.24	59.60	0	
2	79.47	140.24	77.64	138.44	2.57	1	4	
3	77.64	138.44	75.65	136.49	2.79	2	3	4	
4	75.65	136.49	43.52	104.94	45.03	3	3	4	7	
5	43.52	104.94	32.92	94.53	14.85	2	3	7	
6	32.92	94.53	26.70	88.41	8.73	1	3	
7	26.70	88.41	11.00	73.00	22.00	2	1	3	

0	2	65.947	2
1	122.00	182.00	156.84	211.96	45.95	0	
2	156.84	211.96	172.00	225.00	20.00	1	2	

0	3	109.041	5
1	122.00	182.00	77.08	141.52	60.47	0	
2	77.08	141.52	75.91	140.47	1.57	1	4	
3	75.91	140.47	74.68	139.35	1.66	2	3	4	
4	74.68	139.35	41.46	109.41	44.72	3	3	4	7	
5	41.46	109.41	41.00	109.00	0.62	2	3	7	

0	4	85.041	4
1	122.00	182.00	83.12	137.57	59.04	0	
2	83.12	137.57	80.46	134.53	4.04	1	4	
3	80.46	134.53	76.83	130.38	5.51	2	3	4	
4	76.83	130.38	66.00	118.00	16.45	3	3	4	7	

0	5	46.669	2
1	122.00	182.00	138.03	165.97	22.67	0	
2	138.03	165.97	155.00	149.00	24.00	1	5	

0	6	199.249	4
1	122.00	182.00	135.56	163.07	23.28	0	
2	135.56	163.07	162.06	126.06	45.52	1	5	
3	162.06	126.06	228.10	33.82	113.45	0	
4	228.10	33.82	238.00	20.00	17.00	1	6	

0	7	96.260	4
1	122.00	182.00	70.90	146.43	62.26	0	
2	70.90	146.43	70.13	145.89	0.95	1	7	
3	70.13	145.89	67.37	143.96	3.36	2	3	7	
4	67.37	143.96	43.00	127.00	29.69	3	3	4	7	

1	0	155.570	7
1	11.00	73.00	26.70	88.41	22.00	2	1	3	
2	26.70	88.41	32.92	94.53	8.73	1	3	
3	32.92	94.53	43.52	104.94	14.85	2	3	7	
4	43.52	104.94	75.65	136.49	45.03	3	3	4	7	
5	75.65	136.49	77.64	138.44	2.79	2	3	4	
6	77.64	138.44	79.47	140.24	2.57	1	4	
7	79.47	140.24	122.00	182.00	59.60	0	

1	1	0	0

1	2	221.416	8
1	11.00	73.00	27.00	88.10	22.00	2	1	3	
2	27.00	88.10	33.59	94.33	9.07	1	3	
3	33.59	94.33	44.00	104.15	14.31	2	3	7	
4	44.00	104.15	76.16	134.52	44.23	3	3	4	7	
5	76.16	134.52	78.77	136.98	3.59	2	3	4	
6	78.77	136.98	81.09	139.17	3.20	1	4	
7	81.09	139.17	157.46	211.27	105.02	0	
8	157.46	211.27	172.00	225.00	20.00	1	2	

1	3	46.861	3
1	11.00	73.00	25.08	89.90	22.00	2	1	3	
2	25.08	89.90	29.87	95.64	7.47	1	3	
3	29.87	95.64	41.00	109.00	17.39	2	3	7	

1	4	71.063	4
1	11.00	73.00	28.03	86.93	22.00	2	1	3	
2	28.03	86.93	36.27	93.67	10.65	1	3	
3	36.27	93.67	45.88	101.54	12.42	2	3	7	
4	45.88	101.54	66.00	118.00	26.00	3	3	4	7	

1	5	162.825	8
1	11.00	73.00	30.46	83.27	22.00	2	1	3	
2	30.46	83.27	50.47	93.83	22.63	1	3	
3	50.47	93.83	53.29	95.32	3.19	2	3	7	
4	53.29	95.32	66.17	102.12	14.57	3	3	4	7	
5	66.17	102.12	87.78	113.52	24.44	2	3	4	
6	87.78	113.52	91.90	115.70	4.65	1	4	
7	91.90	115.70	133.77	137.80	47.35	0	
8	133.77	137.80	155.00	149.00	24.00	1	5	

1	6	233.105	4
1	11.00	73.00	32.42	68.00	22.00	2	1	3	
2	32.42	68.00	52.26	63.37	20.37	1	3	
3	52.26	63.37	221.45	23.87	173.74	0	
4	221.45	23.87	238.00	20.00	17.00	1	6	

1	7	62.769	4
1	11.00	73.00	22.22	91.93	22.00	2	1	3	
2	22.22	91.93	25.67	97.75	6.77	1	3	
3	25.67	97.75	40.42	122.64	28.94	2	3	7	
4	40.42	122.64	43.00	127.00	5.06	3	3	4	7	

2	0	65.947	2
1	172.00	225.00	156.84	211.96	20.00	1	2	
2	156.84	211.96	122.00	182.00	45.95	0	

2	1	221.416	8
1	172.00	225.00	157.46	211.27	20.00	1	2	
2	157.46	211.27	81.09	139.17	105.02	0	
3	81.09	139.17	78.77	136.98	3.20	1	4	
4	78.77	136.98	76.16	134.52	3.59	2	3	4	
5	76.16	134.52	44.00	104.15	44.23	3	3	4	7	
6	44.00	104.15	33.59	94.33	14.31	2	3	7	
7	33.59	94.33	27.00	88.10	9.07	1	3	
8	27.00	88.10	11.00	73.00	22.00	2	1	3	

2	2	0	0

2	3	174.977	6
1	172.00	225.00	157.03	211.74	20.00	1	2	
2	157.03	211.74	77.50	141.32	106.23	0	
3	77.50	141.32	76.19	140.16	1.75	1	4	
4	76.19	140.16	74.83	138.96	1.81	2	3	4	
5	74.83	138.96	41.46	109.41	44.57	3	3	4	7	
6	41.46	109.41	41.00	109.00	0.62	2	3	7	

2	4	150.615	5
1	172.00	225.00	157.92	210.79	20.00	1	2	
2	157.92	210.79	84.30	136.47	104.62	0	
3	84.30	136.47	81.20	133.35	4.40	1	4	
4	81.20	133.35	76.94	129.04	6.06	2	3	4	
5	76.94	129.04	66.00	118.00	15.54	3	3	4	7	

2	5	77.878	3
1	172.00	225.00	167.63	205.48	20.00	1	2	
2	167.63	205.48	160.24	172.42	33.88	0	
3	160.24	172.42	155.00	149.00	24.00	1	5	

2	6	215.362	3
1	172.00	225.00	178.13	205.96	20.00	1	2	
2	178.13	205.96	232.79	36.18	178.36	0	
3	232.79	36.18	238.00	20.00	17.00	1	6	

2	7	162.003	5
1	172.00	225.00	156.07	212.90	20.00	1	2	
2	156.07	212.90	70.07	147.57	108.00	0	
3	70.07	147.57	69.00	146.75	1.35	1	7	
4	69.00	146.75	65.37	143.99	4.56	2	3	7	
5	65.37	143.99	43.00	127.00	28.09	3	3	4	7	

3	0	109.041	5
1	41.00	109.00	41.46	109.41	0.62	2	3	7	
2	41.46	109.41	74.68	139.35	44.72	3	3	4	7	
3	74.68	139.35	75.91	140.47	1.66	2	3	4	
4	75.91	140.47	77.08	141.52	1.57	1	4	
5	77.08	141.52	122.00	182.00	60.47	0	

3	1	46.861	3
1	41.00	109.00	29.87	95.64	17.39	2	3	7	
2	29.87	95.64	25.08	89.90	7.47	1	3	
3	25.08	89.90	11.00	73.00	22.00	2	1	3	

3	2	174.977	6
1	41.00	109.00	41.46	109.41	0.62	2	3	7	
2	41.46	109.41	74.83	138.96	44.57	3	3	4	7	
3	74.83	138.96	76.19	140.16	1.81	2	3	4	
4	76.19	140.16	77.50	141.32	1.75	1	4	
5	77.50	141.32	157.03	211.74	106.23	0	
6	157.03	211.74	172.00	225.00	20.00	1	2	

3	3	0	0

3	4	26.571	2
1	41.00	109.00	41.54	109.19	0.57	2	3	7	
2	41.54	109.19	66.00	118.00	26.00	3	3	4	7	

3	5	120.814	6
1	41.00	109.00	41.54	109.19	0.57	2	3	7	
2	41.54	109.19	76.55	121.47	37.10	3	3	4	7	
3	76.55	121.47	85.35	124.56	9.33	2	3	4	
4	85.35	124.56	90.60	126.40	5.57	1	4	
5	90.60	126.40	132.35	141.05	44.25	0	
6	132.35	141.05	155.00	149.00	24.00	1	5	

3	6	216.171	6
1	41.00	109.00	41.73	108.67	0.80	2	3	7	
2	41.73	108.67	62.62	99.23	22.92	3	3	4	7	
3	62.62	99.23	75.04	93.62	13.63	2	3	4	
4	75.04	93.62	83.83	89.65	9.65	1	3	
5	83.83	89.65	222.51	27.00	152.17	0	
6	222.51	27.00	238.00	20.00	17.00	1	6	

3	7	18.111	2
1	41.00	109.00	41.15	110.35	1.36	2	3	7	
2	41.15	110.35	43.00	127.00	16.75	3	3	4	7	

4	0	85.041	4
1	66.00	118.00	76.83	130.38	16.45	3	3	4	7	
2	76.83	130.38	80.46	134.53	5.51	2	3	4	
3	80.46	134.53	83.12	137.57	4.04	1	4	
4	83.12	137.57	122.00	182.00	59.04	0	

4	1	71.063	4
1	66.00	118.00	45.88	101.54	26.00	3	3	4	7	
2	45.88	101.54	36.27	93.67	12.42	2	3	7	
3	36.27	93.67	28.03	86.93	10.65	1	3	
4	28.03	86.93	11.00	73.00	22.00	2	1	3	

4	2	150.615	5
1	66.00	118.00	76.94	129.04	15.54	3	3	4	7	
2	76.94	129.04	81.20	133.35	6.06	2	3	4	
3	81.20	133.35	84.30	136.47	4.40	1	4	
4	84.30	136.47	157.92	210.79	104.62	0	
5	157.92	210.79	172.00	225.00	20.00	1	2	

4	3	26.571	2
1	66.00	118.00	41.54	109.19	26.00	3	3	4	7	
2	41.54	109.19	41.00	109.00	0.57	2	3	7	

4	4	0	0

4	5	94.244	5
1	66.00	118.00	76.58	121.69	11.21	3	3	4	7	
2	76.58	121.69	85.29	124.72	9.22	2	3	4	
3	85.29	124.72	90.55	126.55	5.57	1	4	
4	90.55	126.55	132.34	141.11	44.24	0	
5	132.34	141.11	155.00	149.00	24.00	1	5	

4	6	197.960	5
1	66.00	118.00	74.14	113.36	9.37	3	3	4	7	
2	74.14	113.36	87.87	105.54	15.80	2	3	4	
3	87.87	105.54	88.59	105.13	0.83	1	4	
4	88.59	105.13	223.23	28.42	154.96	0	
5	223.23	28.42	238.00	20.00	17.00	1	6	

4	7	24.698	1
1	66.00	118.00	43.00	127.00	24.70	3	3	4	7	

5	0	46.669	2
1	155.00	149.00	138.03	165.97	24.00	1	5	
2	138.03	165.97	122.00	182.00	22.67	0	

5	1	162.825	8
1	155.00	149.00	133.77	137.80	24.00	1	5	
2	133.77	137.80	91.90	115.70	47.35	0	
3	91.90	115.70	87.78	113.52	4.65	1	4	
4	87.78	113.52	66.17	102.12	24.44	2	3	4	
5	66.17	102.12	53.29	95.32	14.57	3	3	4	7	
6	53.29	95.32	50.47	93.83	3.19	2	3	7	
7	50.47	93.83	30.46	83.27	22.63	1	3	
8	30.46	83.27	11.00	73.00	22.00	2	1	3	

5	2	77.878	3
1	155.00	149.00	160.24	172.42	24.00	1	5	
2	160.24	172.42	167.63	205.48	33.88	0	
3	167.63	205.48	172.00	225.00	20.00	1	2	

5	3	120.814	6
1	155.00	149.00	132.35	141.05	24.00	1	5	
2	132.35	141.05	90.60	126.40	44.25	0	
3	90.60	126.40	85.35	124.56	5.57	1	4	
4	85.35	124.56	76.55	121.47	9.33	2	3	4	
5	76.55	121.47	41.54	109.19	37.10	3	3	4	7	
6	41.54	109.19	41.00	109.00	0.57	2	3	7	

5	4	94.244	5
1	155.00	149.00	132.34	141.11	24.00	1	5	
2	132.34	141.11	90.55	126.55	44.24	0	
3	90.55	126.55	85.29	124.72	5.57	1	4	
4	85.29	124.72	76.58	121.69	9.22	2	3	4	
5	76.58	121.69	66.00	118.00	11.21	3	3	4	7	

5	5	0	0

5	6	153.395	3
1	155.00	149.00	167.99	128.82	24.00	1	5	
2	167.99	128.82	228.80	34.30	112.39	0	
3	228.80	34.30	238.00	20.00	17.00	1	6	

5	7	114.140	5
1	155.00	149.00	131.45	144.37	24.00	1	5	
2	131.45	144.37	85.39	135.33	46.94	0	
3	85.39	135.33	80.56	134.38	4.92	1	4	
4	80.56	134.38	76.36	133.55	4.28	2	3	4	
5	76.36	133.55	43.00	127.00	34.00	3	3	4	7	

6	0	199.249	4
1	238.00	20.00	228.10	33.82	17.00	1	6	
2	228.10	33.82	162.06	126.06	113.45	0	
3	162.06	126.06	135.56	163.07	45.52	1	5	
4	135.56	163.07	122.00	182.00	23.28	0	

6	1	233.105	4
1	238.00	20.00	221.45	23.87	17.00	1	6	
2	221.45	23.87	52.26	63.37	173.74	0	
3	52.26	63.37	32.42	68.00	20.37	1	3	
4	32.42	68.00	11.00	73.00	22.00	2	1	3	

6	2	215.362	3
1	238.00	20.00	232.79	36.18	17.00	1	6	
2	232.79	36.18	178.13	205.96	178.36	0	
3	178.13	205.96	172.00	225.00	20.00	1	2	

6	3	216.171	6
1	238.00	20.00	222.51	27.00	17.00	1	6	
2	222.51	27.00	83.83	89.65	152.17	0	
3	83.83	89.65	75.04	93.62	9.65	1	3	
4	75.04	93.62	62.62	99.23	13.63	2	3	4	
5	62.62	99.23	41.73	108.67	22.92	3	3	4	7	
6	41.73	108.67	41.00	109.00	0.80	2	3	7	

6	4	197.960	5
1	238.00	20.00	223.23	28.42	17.00	1	6	
2	223.23	28.42	88.59	105.13	154.96	0	
3	88.59	105.13	87.87	105.54	0.83	1	4	
4	87.87	105.54	74.14	113.36	15.80	2	3	4	
5	74.14	113.36	66.00	118.00	9.37	3	3	4	7	

6	5	153.395	3
1	238.00	20.00	228.80	34.30	17.00	1	6	
2	228.80	34.30	167.99	128.82	112.39	0	
3	167.99	128.82	155.00	149.00	24.00	1	5	

6	6	0	0

6	7	222.428	5
1	238.00	20.00	223.10	28.18	17.00	1	6	
2	223.10	28.18	87.56	102.55	154.61	0	
3	87.56	102.55	87.10	102.80	0.52	1	3	
4	87.10	102.80	72.81	110.64	16.30	2	3	4	
5	72.81	110.64	43.00	127.00	34.00	3	3	4	7	

7	0	96.260	4
1	43.00	127.00	67.37	143.96	29.69	3	3	4	7	
2	67.37	143.96	70.13	145.89	3.36	2	3	7	
3	70.13	145.89	70.90	146.43	0.95	1	7	
4	70.90	146.43	122.00	182.00	62.26	0	

7	1	62.769	4
1	43.00	127.00	40.42	122.64	5.06	3	3	4	7	
2	40.42	122.64	25.67	97.75	28.94	2	3	7	
3	25.67	97.75	22.22	91.93	6.77	1	3	
4	22.22	91.93	11.00	73.00	22.00	2	1	3	

7	2	162.003	5
1	43.00	127.00	65.37	143.99	28.09	3	3	4	7	
2	65.37	143.99	69.00	146.75	4.56	2	3	7	
3	69.00	146.75	70.07	147.57	1.35	1	7	
4	70.07	147.57	156.07	212.90	108.00	0	
5	156.07	212.90	172.00	225.00	20.00	1	2	

7	3	18.111	2
1	43.00	127.00	41.15	110.35	16.75	3	3	4	7	
2	41.15	110.35	41.00	109.00	1.36	2	3	7	

7	4	24.698	1
1	43.00	127.00	66.00	118.00	24.70	3	3	4	7	

7	5	114.140	5
1	43.00	127.00	76.36	133.55	34.00	3	3	4	7	
2	76.36	133.55	80.56	134.38	4.28	2	3	4	
3	80.56	134.38	85.39	135.33	4.92	1	4	
4	85.39	135.33	131.45	144.37	46.94	0	
5	131.45	144.37	155.00	149.00	24.00	1	5	

7	6	222.428	5
1	43.00	127.00	72.81	110.64	34.00	3	3	4	7	
2	72.81	110.64	87.10	102.80	16.30	2	3	4	
3	87.10	102.80	87.56	102.55	0.52	1	3	
4	87.56	102.55	223.10	28.18	154.61	0	
5	223.10	28.18	238.00	20.00	17.00	1	6	

7	7	0	0
