8	99	2	0.001	60.0
116.000	12.000	0.000	3.000	0.000
135.000	112.000	1.000	5.000	6.000
227.000	78.000	49.000	2.000	10.000
295.000	9.000	37.000	10.000	18.000
140.000	113.000	22.000	1.000	4.000
256.000	4.000	49.000	9.000	14.000
42.000	258.000	11.000	5.000	1.000
81.000	145.000	50.000	9.000	16.000
 


0	0	0	0

0	1	101.789	3
1	116.00	12.00	131.35	92.77	82.22	0	
2	131.35	92.77	134.81	111.02	18.57	1	4	
3	134.81	111.02	135.00	112.00	1.00	2	1	4	

0	2	129.139	2
1	116.00	12.00	184.88	52.96	80.14	0	
2	184.88	52.96	227.00	78.00	49.00	1	2	

0	3	179.025	3
1	116.00	12.00	207.43	10.47	91.44	0	
2	207.43	10.47	258.01	9.62	50.58	1	5	
3	258.01	9.62	295.00	9.00	37.00	2	3	5	

0	4	103.812	2
1	116.00	12.00	134.91	91.60	81.81	0	
2	134.91	91.60	140.00	113.00	22.00	1	4	

0	5	140.228	2
1	116.00	12.00	207.08	6.80	91.23	0	
2	207.08	6.80	256.00	4.00	49.00	1	5	

0	6	256.889	4
1	116.00	12.00	90.74	95.96	87.68	0	
2	90.74	95.96	62.07	191.28	99.54	0	
3	62.07	191.28	45.17	247.47	58.67	0	
4	45.17	247.47	42.00	258.00	11.00	1	6	

0	7	137.528	2
1	116.00	12.00	93.72	96.65	87.53	0	
2	93.72	96.65	81.00	145.00	50.00	0	

1	0	101.789	3
1	135.00	112.00	134.81	111.02	1.00	2	1	4	
2	134.81	111.02	131.35	92.77	18.57	1	4	
3	131.35	92.77	116.00	12.00	82.22	0	

1	1	0	0

1	2	98.082	4
1	135.00	112.00	135.94	111.65	1.00	2	1	4	
2	135.94	111.65	159.56	102.92	25.18	1	4	
3	159.56	102.92	181.04	94.99	22.90	0	
4	181.04	94.99	227.00	78.00	49.00	1	2	

1	3	190.287	7
1	135.00	112.00	135.84	111.46	1.00	2	1	4	
2	135.84	111.46	156.34	98.26	24.38	1	4	
3	156.34	98.26	178.38	84.08	26.21	0	
4	178.38	84.08	234.43	47.99	66.66	1	2	
5	234.43	47.99	252.66	36.26	21.69	2	2	5	
6	252.66	36.26	263.89	29.03	13.35	1	5	
7	263.89	29.03	295.00	9.00	37.00	2	3	5	

1	4	5.099	2
1	135.00	112.00	135.98	112.20	1.00	2	1	4	
2	135.98	112.20	140.00	113.00	4.10	1	4	

1	5	162.188	6
1	135.00	112.00	135.75	111.33	1.00	2	1	4	
2	135.75	111.33	153.42	95.56	23.68	1	4	
3	153.42	95.56	178.21	73.43	33.24	0	
4	178.21	73.43	219.44	36.63	55.26	1	2	
5	219.44	36.63	227.98	29.01	11.44	2	2	5	
6	227.98	29.01	256.00	4.00	37.56	1	5	

1	6	173.104	6
1	135.00	112.00	134.46	112.84	1.00	2	1	4	
2	134.46	112.84	126.78	124.90	14.30	1	4	
3	126.78	124.90	124.45	128.56	4.34	2	4	7	
4	124.45	128.56	82.14	194.99	78.76	1	7	
5	82.14	194.99	47.91	248.72	63.71	0	
6	47.91	248.72	42.00	258.00	11.00	1	6	

1	7	63.285	4
1	135.00	112.00	134.15	112.52	1.00	2	1	4	
2	134.15	112.52	123.66	118.93	12.29	1	4	
3	123.66	118.93	119.66	121.38	4.70	2	4	7	
4	119.66	121.38	81.00	145.00	45.30	1	7	

2	0	129.139	2
1	227.00	78.00	184.88	52.96	49.00	1	2	
2	184.88	52.96	116.00	12.00	80.14	0	

2	1	98.082	4
1	227.00	78.00	181.04	94.99	49.00	1	2	
2	181.04	94.99	159.56	102.92	22.90	0	
3	159.56	102.92	135.94	111.65	25.18	1	4	
4	135.94	111.65	135.00	112.00	1.00	2	1	4	

2	2	0	0

2	3	96.876	4
1	227.00	78.00	251.81	52.82	35.35	1	2	
2	251.81	52.82	261.39	43.10	13.65	2	2	5	
3	261.39	43.10	269.03	35.35	10.88	1	5	
4	269.03	35.35	295.00	9.00	37.00	2	3	5	

2	4	93.776	3
1	227.00	78.00	181.54	96.29	49.00	1	2	
2	181.54	96.29	160.41	104.79	22.78	0	
3	160.41	104.79	140.00	113.00	22.00	1	4	

2	5	79.480	3
1	227.00	78.00	238.12	49.62	30.48	1	2	
2	238.12	49.62	244.88	32.38	18.52	2	2	5	
3	244.88	32.38	256.00	4.00	30.48	1	5	

2	6	258.118	3
1	227.00	78.00	191.88	112.17	49.00	1	2	
2	191.88	112.17	49.88	250.33	198.12	0	
3	49.88	250.33	42.00	258.00	11.00	1	6	

2	7	160.639	5
1	227.00	78.00	182.47	98.44	49.00	1	2	
2	182.47	98.44	161.44	108.08	23.13	0	
3	161.44	108.08	126.44	124.15	38.51	1	4	
4	126.44	124.15	122.29	126.05	4.57	2	4	7	
5	122.29	126.05	81.00	145.00	45.43	1	7	

3	0	179.025	3
1	295.00	9.00	258.01	9.62	37.00	2	3	5	
2	258.01	9.62	207.43	10.47	50.58	1	5	
3	207.43	10.47	116.00	12.00	91.44	0	

3	1	190.287	7
1	295.00	9.00	263.89	29.03	37.00	2	3	5	
2	263.89	29.03	252.66	36.26	13.35	1	5	
3	252.66	36.26	234.43	47.99	21.69	2	2	5	
4	234.43	47.99	178.38	84.08	66.66	1	2	
5	178.38	84.08	156.34	98.26	26.21	0	
6	156.34	98.26	135.84	111.46	24.38	1	4	
7	135.84	111.46	135.00	112.00	1.00	2	1	4	

3	2	96.876	4
1	295.00	9.00	269.03	35.35	37.00	2	3	5	
2	269.03	35.35	261.39	43.10	10.88	1	5	
3	261.39	43.10	251.81	52.82	13.65	2	2	5	
4	251.81	52.82	227.00	78.00	35.35	1	2	

3	3	0	0

3	4	186.657	6
1	295.00	9.00	264.28	29.62	37.00	2	3	5	
2	264.28	29.62	253.55	36.81	12.92	1	5	
3	253.55	36.81	235.87	48.67	21.29	2	2	5	
4	235.87	48.67	178.82	86.95	68.70	1	2	
5	178.82	86.95	158.27	100.74	24.75	0	
6	158.27	100.74	140.00	113.00	22.00	1	4	

3	5	39.319	2
1	295.00	9.00	258.30	4.29	37.00	2	3	5	
2	258.30	4.29	256.00	4.00	2.32	1	5	

3	6	354.979	6
1	295.00	9.00	268.63	34.95	37.00	2	3	5	
2	268.63	34.95	260.87	42.59	10.89	1	5	
3	260.87	42.59	250.60	52.70	14.41	2	2	5	
4	250.60	52.70	191.06	111.30	83.54	1	2	
5	191.06	111.30	49.84	250.28	198.14	0	
6	49.84	250.28	42.00	258.00	11.00	1	6	

3	7	253.559	8
1	295.00	9.00	263.77	28.85	37.00	2	3	5	
2	263.77	28.85	252.38	36.09	13.50	1	5	
3	252.38	36.09	233.98	47.78	21.80	2	2	5	
4	233.98	47.78	178.27	83.18	66.01	1	2	
5	178.27	83.18	155.66	97.55	26.79	0	
6	155.66	97.55	123.20	118.18	38.46	1	4	
7	123.20	118.18	119.36	120.62	4.55	2	4	7	
8	119.36	120.62	81.00	145.00	45.45	1	7	

4	0	103.812	2
1	140.00	113.00	134.91	91.60	22.00	1	4	
2	134.91	91.60	116.00	12.00	81.81	0	

4	1	5.099	2
1	140.00	113.00	135.98	112.20	4.10	1	4	
2	135.98	112.20	135.00	112.00	1.00	2	1	4	

4	2	93.776	3
1	140.00	113.00	160.41	104.79	22.00	1	4	
2	160.41	104.79	181.54	96.29	22.78	0	
3	181.54	96.29	227.00	78.00	49.00	1	2	

4	3	186.657	6
1	140.00	113.00	158.27	100.74	22.00	1	4	
2	158.27	100.74	178.82	86.95	24.75	0	
3	178.82	86.95	235.87	48.67	68.70	1	2	
4	235.87	48.67	253.55	36.81	21.29	2	2	5	
5	253.55	36.81	264.28	29.62	12.92	1	5	
6	264.28	29.62	295.00	9.00	37.00	2	3	5	

4	4	0	0

4	5	159.176	5
1	140.00	113.00	156.03	97.93	22.00	1	4	
2	156.03	97.93	178.01	77.29	30.15	0	
3	178.01	77.29	220.29	37.55	58.02	1	2	
4	220.29	37.55	229.34	29.06	12.41	2	2	5	
5	229.34	29.06	256.00	4.00	36.59	1	5	

4	6	175.011	5
1	140.00	113.00	128.64	129.81	20.29	1	4	
2	128.64	129.81	127.68	131.23	1.71	2	4	7	
3	127.68	131.23	84.67	194.87	76.81	1	7	
4	84.67	194.87	48.16	248.89	65.20	0	
5	48.16	248.89	42.00	258.00	11.00	1	6	

4	7	67.119	3
1	140.00	113.00	124.95	121.16	17.12	1	4	
2	124.95	121.16	120.66	123.49	4.88	2	4	7	
3	120.66	123.49	81.00	145.00	45.12	1	7	

5	0	140.228	2
1	256.00	4.00	207.08	6.80	49.00	1	5	
2	207.08	6.80	116.00	12.00	91.23	0	

5	1	162.188	6
1	256.00	4.00	227.98	29.01	37.56	1	5	
2	227.98	29.01	219.44	36.63	11.44	2	2	5	
3	219.44	36.63	178.21	73.43	55.26	1	2	
4	178.21	73.43	153.42	95.56	33.24	0	
5	153.42	95.56	135.75	111.33	23.68	1	4	
6	135.75	111.33	135.00	112.00	1.00	2	1	4	

5	2	79.480	3
1	256.00	4.00	244.88	32.38	30.48	1	5	
2	244.88	32.38	238.12	49.62	18.52	2	2	5	
3	238.12	49.62	227.00	78.00	30.48	1	2	

5	3	39.319	2
1	256.00	4.00	258.30	4.29	2.32	1	5	
2	258.30	4.29	295.00	9.00	37.00	2	3	5	

5	4	159.176	5
1	256.00	4.00	229.34	29.06	36.59	1	5	
2	229.34	29.06	220.29	37.55	12.41	2	2	5	
3	220.29	37.55	178.01	77.29	58.02	1	2	
4	178.01	77.29	156.03	97.93	30.15	0	
5	156.03	97.93	140.00	113.00	22.00	1	4	

5	5	0	0

5	6	332.133	9
1	256.00	4.00	234.46	29.57	33.44	1	5	
2	234.46	29.57	224.43	41.47	15.56	2	2	5	
3	224.43	41.47	180.54	93.57	68.12	1	2	
4	180.54	93.57	161.82	115.78	29.05	0	
5	161.82	115.78	146.44	134.04	23.87	1	4	
6	146.44	134.04	130.33	153.16	25.01	0	
7	130.33	153.16	97.41	192.23	51.09	1	7	
8	97.41	192.23	49.09	249.59	75.00	0	
9	49.09	249.59	42.00	258.00	11.00	1	6	

5	7	224.735	7
1	256.00	4.00	224.92	29.04	39.92	1	5	
2	224.92	29.04	217.84	34.74	9.08	2	2	5	
3	217.84	34.74	179.61	65.55	49.10	1	2	
4	179.61	65.55	146.72	92.05	42.24	0	
5	146.72	92.05	119.93	113.63	34.39	1	4	
6	119.93	113.63	118.10	115.11	2.35	2	4	7	
7	118.10	115.11	81.00	145.00	47.65	1	7	

6	0	256.889	4
1	42.00	258.00	45.17	247.47	11.00	1	6	
2	45.17	247.47	62.07	191.28	58.67	0	
3	62.07	191.28	90.74	95.96	99.54	0	
4	90.74	95.96	116.00	12.00	87.68	0	

6	1	173.104	6
1	42.00	258.00	47.91	248.72	11.00	1	6	
2	47.91	248.72	82.14	194.99	63.71	0	
3	82.14	194.99	124.45	128.56	78.76	1	7	
4	124.45	128.56	126.78	124.90	4.34	2	4	7	
5	126.78	124.90	134.46	112.84	14.30	1	4	
6	134.46	112.84	135.00	112.00	1.00	2	1	4	

6	2	258.118	3
1	42.00	258.00	49.88	250.33	11.00	1	6	
2	49.88	250.33	191.88	112.17	198.12	0	
3	191.88	112.17	227.00	78.00	49.00	1	2	

6	3	354.979	6
1	42.00	258.00	49.84	250.28	11.00	1	6	
2	49.84	250.28	191.06	111.30	198.14	0	
3	191.06	111.30	250.60	52.70	83.54	1	2	
4	250.60	52.70	260.87	42.59	14.41	2	2	5	
5	260.87	42.59	268.63	34.95	10.89	1	5	
6	268.63	34.95	295.00	9.00	37.00	2	3	5	

6	4	175.011	5
1	42.00	258.00	48.16	248.89	11.00	1	6	
2	48.16	248.89	84.67	194.87	65.20	0	
3	84.67	194.87	127.68	131.23	76.81	1	7	
4	127.68	131.23	128.64	129.81	1.71	2	4	7	
5	128.64	129.81	140.00	113.00	20.29	1	4	

6	5	332.133	9
1	42.00	258.00	49.09	249.59	11.00	1	6	
2	49.09	249.59	97.41	192.23	75.00	0	
3	97.41	192.23	130.33	153.16	51.09	1	7	
4	130.33	153.16	146.44	134.04	25.01	0	
5	146.44	134.04	161.82	115.78	23.87	1	4	
6	161.82	115.78	180.54	93.57	29.05	0	
7	180.54	93.57	224.43	41.47	68.12	1	2	
8	224.43	41.47	234.46	29.57	15.56	2	2	5	
9	234.46	29.57	256.00	4.00	33.44	1	5	

6	6	0	0

6	7	119.541	3
1	42.00	258.00	45.59	247.60	11.00	1	6	
2	45.59	247.60	64.69	192.26	58.54	0	
3	64.69	192.26	81.00	145.00	50.00	1	7	

7	0	137.528	2
1	81.00	145.00	93.72	96.65	50.00	0	
2	93.72	96.65	116.00	12.00	87.53	0	

7	1	63.285	4
1	81.00	145.00	119.66	121.38	45.30	1	7	
2	119.66	121.38	123.66	118.93	4.70	2	4	7	
3	123.66	118.93	134.15	112.52	12.29	1	4	
4	134.15	112.52	135.00	112.00	1.00	2	1	4	

7	2	160.639	5
1	81.00	145.00	122.29	126.05	45.43	1	7	
2	122.29	126.05	126.44	124.15	4.57	2	4	7	
3	126.44	124.15	161.44	108.08	38.51	1	4	
4	161.44	108.08	182.47	98.44	23.13	0	
5	182.47	98.44	227.00	78.00	49.00	1	2	

7	3	253.559	8
1	81.00	145.00	119.36	120.62	45.45	1	7	
2	119.36	120.62	123.20	118.18	4.55	2	4	7	
3	123.20	118.18	155.66	97.55	38.46	1	4	
4	155.66	97.55	178.27	83.18	26.79	0	
5	178.27	83.18	233.98	47.78	66.01	1	2	
6	233.98	47.78	252.38	36.09	21.80	2	2	5	
7	252.38	36.09	263.77	28.85	13.50	1	5	
8	263.77	28.85	295.00	9.00	37.00	2	3	5	

7	4	67.119	3
1	81.00	145.00	120.66	123.49	45.12	1	7	
2	120.66	123.49	124.95	121.16	4.88	2	4	7	
3	124.95	121.16	140.00	113.00	17.12	1	4	

7	5	224.735	7
1	81.00	145.00	118.10	115.11	47.65	1	7	
2	118.10	115.11	119.93	113.63	2.35	2	4	7	
3	119.93	113.63	146.72	92.05	34.39	1	4	
4	146.72	92.05	179.61	65.55	42.24	0	
5	179.61	65.55	217.84	34.74	49.10	1	2	
6	217.84	34.74	224.92	29.04	9.08	2	2	5	
7	224.92	29.04	256.00	4.00	39.92	1	5	

7	6	119.541	3
1	81.00	145.00	64.69	192.26	50.00	1	7	
2	64.69	192.26	45.59	247.60	58.54	0	
3	45.59	247.60	42.00	258.00	11.00	1	6	

7	7	0	0
