8	91	2	0.001	60.0
54.000	167.000	0.000	5.000	0.000
17.000	102.000	38.000	8.000	16.000
211.000	280.000	36.000	5.000	14.000
294.000	72.000	5.000	9.000	19.000
28.000	214.000	45.000	4.000	11.000
6.000	125.000	33.000	5.000	14.000
135.000	155.000	21.000	9.000	13.000
85.000	156.000	31.000	7.000	8.000
 


0	0	0	0

0	1	74.793	3
1	54.00	167.00	36.81	136.81	34.74	0	
2	36.81	136.81	35.80	135.02	2.05	1	5	
3	35.80	135.02	17.00	102.00	38.00	2	1	5	

0	2	193.437	4
1	54.00	167.00	56.90	169.09	3.57	0	
2	56.90	169.09	81.51	186.80	30.33	1	7	
3	81.51	186.80	181.78	258.97	123.54	0	
4	181.78	258.97	211.00	280.00	36.00	1	2	

0	3	258.118	6
1	54.00	167.00	55.76	166.30	1.90	0	
2	55.76	166.30	113.37	143.50	61.96	1	7	
3	113.37	143.50	119.17	141.20	6.24	0	
4	119.17	141.20	137.10	134.11	19.29	1	6	
5	137.10	134.11	289.35	73.84	163.74	0	
6	289.35	73.84	294.00	72.00	5.00	1	3	

0	4	53.712	2
1	54.00	167.00	49.78	174.62	8.71	0	
2	49.78	174.62	28.00	214.00	45.00	1	4	

0	5	63.781	3
1	54.00	167.00	30.84	146.73	30.78	0	
2	30.84	146.73	22.66	139.58	10.86	1	5	
3	22.66	139.58	6.00	125.00	22.14	2	1	5	

0	6	81.884	4
1	54.00	167.00	55.91	166.72	1.93	0	
2	55.91	166.72	114.23	158.08	58.95	1	7	
3	114.23	158.08	115.95	157.82	1.74	2	6	7	
4	115.95	157.82	135.00	155.00	19.26	1	6	

0	7	32.894	2
1	54.00	167.00	55.78	166.37	1.89	0	
2	55.78	166.37	85.00	156.00	31.00	1	7	

1	0	74.793	3
1	17.00	102.00	35.80	135.02	38.00	2	1	5	
2	35.80	135.02	36.81	136.81	2.05	1	5	
3	36.81	136.81	54.00	167.00	34.74	0	

1	1	0	0

1	2	263.287	6
1	17.00	102.00	38.87	122.07	29.68	2	1	5	
2	38.87	122.07	45.00	127.69	8.32	1	1	
3	45.00	127.69	58.44	140.02	18.24	0	
4	58.44	140.02	103.20	181.09	60.75	1	7	
5	103.20	181.09	184.47	255.66	110.30	0	
6	184.47	255.66	211.00	280.00	36.00	1	2	

1	3	278.620	4
1	17.00	102.00	28.40	100.77	11.47	2	1	5	
2	28.40	100.77	54.78	97.91	26.53	1	1	
3	54.78	97.91	289.03	72.54	235.62	0	
4	289.03	72.54	294.00	72.00	5.00	1	3	

1	4	112.539	4
1	17.00	102.00	20.71	139.82	38.00	1	5	
2	20.71	139.82	22.09	153.81	14.06	1	5	
3	22.09	153.81	23.60	169.22	15.48	0	
4	23.60	169.22	28.00	214.00	45.00	0	

1	5	25.495	1
1	17.00	102.00	6.00	125.00	25.50	2	1	5	

1	6	129.356	6
1	17.00	102.00	35.56	110.34	20.35	2	1	5	
2	35.56	110.34	51.66	117.57	17.65	1	1	
3	51.66	117.57	73.31	127.29	23.73	0	
4	73.31	127.29	114.23	145.67	44.86	1	7	
5	114.23	145.67	115.84	146.40	1.77	0	
6	115.84	146.40	135.00	155.00	21.00	1	6	

1	7	86.833	4
1	17.00	102.00	38.46	119.04	27.40	2	1	5	
2	38.46	119.04	46.76	125.63	10.60	1	1	
3	46.76	125.63	60.72	136.72	17.83	0	
4	60.72	136.72	85.00	156.00	31.00	1	7	

2	0	193.437	4
1	211.00	280.00	181.78	258.97	36.00	1	2	
2	181.78	258.97	81.51	186.80	123.54	0	
3	81.51	186.80	56.90	169.09	30.33	1	7	
4	56.90	169.09	54.00	167.00	3.57	0	

2	1	263.287	6
1	211.00	280.00	184.47	255.66	36.00	1	2	
2	184.47	255.66	103.20	181.09	110.30	0	
3	103.20	181.09	58.44	140.02	60.75	1	7	
4	58.44	140.02	45.00	127.69	18.24	0	
5	45.00	127.69	38.87	122.07	8.32	1	1	
6	38.87	122.07	17.00	102.00	29.68	2	1	5	

2	2	0	0

2	3	223.949	3
1	211.00	280.00	224.34	246.56	36.00	1	2	
2	224.34	246.56	292.15	76.64	182.95	0	
3	292.15	76.64	294.00	72.00	5.00	1	3	

2	4	194.538	3
1	211.00	280.00	177.14	267.79	36.00	1	2	
2	177.14	267.79	70.33	229.27	113.54	0	
3	70.33	229.27	28.00	214.00	45.00	1	4	

2	5	257.002	6
1	211.00	280.00	182.28	258.29	36.00	1	2	
2	182.28	258.29	87.83	186.87	118.42	0	
3	87.83	186.87	54.53	161.69	41.75	1	7	
4	54.53	161.69	32.32	144.90	27.84	0	
5	32.32	144.90	24.78	139.20	9.46	1	5	
6	24.78	139.20	6.00	125.00	23.54	2	1	5	

2	6	146.291	3
1	211.00	280.00	192.30	249.24	36.00	1	2	
2	192.30	249.24	145.91	172.94	89.29	0	
3	145.91	172.94	135.00	155.00	21.00	1	6	

2	7	176.782	3
1	211.00	280.00	185.34	254.75	36.00	1	2	
2	185.34	254.75	107.09	177.74	109.78	0	
3	107.09	177.74	85.00	156.00	31.00	1	7	

3	0	258.118	6
1	294.00	72.00	289.35	73.84	5.00	1	3	
2	289.35	73.84	137.10	134.11	163.74	0	
3	137.10	134.11	119.17	141.20	19.29	1	6	
4	119.17	141.20	113.37	143.50	6.24	0	
5	113.37	143.50	55.76	166.30	61.96	1	7	
6	55.76	166.30	54.00	167.00	1.90	0	

3	1	278.620	4
1	294.00	72.00	289.03	72.54	5.00	1	3	
2	289.03	72.54	54.78	97.91	235.62	0	
3	54.78	97.91	28.40	100.77	26.53	1	1	
4	28.40	100.77	17.00	102.00	11.47	2	1	5	

3	2	223.949	3
1	294.00	72.00	292.15	76.64	5.00	1	3	
2	292.15	76.64	224.34	246.56	182.95	0	
3	224.34	246.56	211.00	280.00	36.00	1	2	

3	3	0	0

3	4	301.529	7
1	294.00	72.00	289.59	74.35	5.00	1	3	
2	289.59	74.35	154.25	146.60	153.42	0	
3	154.25	146.60	117.31	166.32	41.87	1	6	
4	117.31	166.32	113.41	168.41	4.43	0	
5	113.41	168.41	79.50	186.51	38.44	1	7	
6	79.50	186.51	67.70	192.81	13.38	0	
7	67.70	192.81	28.00	214.00	45.00	1	4	

3	5	292.836	4
1	294.00	72.00	289.08	72.90	5.00	1	3	
2	289.08	72.90	52.12	116.51	240.94	0	
3	52.12	116.51	38.45	119.03	13.89	1	1	
4	38.45	119.03	6.00	125.00	33.00	2	1	5	

3	6	179.360	3
1	294.00	72.00	289.57	74.31	5.00	1	3	
2	289.57	74.31	153.62	145.28	153.36	0	
3	153.62	145.28	135.00	155.00	21.00	1	6	

3	7	225.249	5
1	294.00	72.00	289.36	73.86	5.00	1	3	
2	289.36	73.86	138.85	134.36	162.21	0	
3	138.85	134.36	117.93	142.76	22.54	1	6	
4	117.93	142.76	113.76	144.44	4.49	0	
5	113.76	144.44	85.00	156.00	31.00	1	7	

4	0	53.712	2
1	28.00	214.00	49.78	174.62	45.00	1	4	
2	49.78	174.62	54.00	167.00	8.71	0	

4	1	112.539	4
1	28.00	214.00	23.60	169.22	45.00	0	
2	23.60	169.22	22.09	153.81	15.48	0	
3	22.09	153.81	20.71	139.82	14.06	1	5	
4	20.71	139.82	17.00	102.00	38.00	1	5	

4	2	194.538	3
1	28.00	214.00	70.33	229.27	45.00	1	4	
2	70.33	229.27	177.14	267.79	113.54	0	
3	177.14	267.79	211.00	280.00	36.00	1	2	

4	3	301.529	7
1	28.00	214.00	67.70	192.81	45.00	1	4	
2	67.70	192.81	79.50	186.51	13.38	0	
3	79.50	186.51	113.41	168.41	38.44	1	7	
4	113.41	168.41	117.31	166.32	4.43	0	
5	117.31	166.32	154.25	146.60	41.87	1	6	
6	154.25	146.60	289.59	74.35	153.42	0	
7	289.59	74.35	294.00	72.00	5.00	1	3	

4	4	0	0

4	5	91.679	4
1	28.00	214.00	17.20	170.31	45.00	1	4	
2	17.20	170.31	13.92	157.04	13.68	0	
3	13.92	157.04	9.52	139.26	18.31	0	
4	9.52	139.26	6.00	125.00	14.69	2	1	5	

4	6	122.188	5
1	28.00	214.00	67.41	192.27	45.00	1	4	
2	67.41	192.27	78.30	186.27	12.44	0	
3	78.30	186.27	114.17	166.48	40.97	1	7	
4	114.17	166.48	116.61	165.14	2.78	0	
5	116.61	165.14	135.00	155.00	21.00	1	6	

4	7	81.320	3
1	28.00	214.00	59.54	181.90	45.00	1	4	
2	59.54	181.90	63.27	178.11	5.32	0	
3	63.27	178.11	85.00	156.00	31.00	1	7	

5	0	63.781	3
1	6.00	125.00	22.66	139.58	22.14	2	1	5	
2	22.66	139.58	30.84	146.73	10.86	1	5	
3	30.84	146.73	54.00	167.00	30.78	0	

5	1	25.495	1
1	6.00	125.00	17.00	102.00	25.50	2	1	5	

5	2	257.002	6
1	6.00	125.00	24.78	139.20	23.54	2	1	5	
2	24.78	139.20	32.32	144.90	9.46	1	5	
3	32.32	144.90	54.53	161.69	27.84	0	
4	54.53	161.69	87.83	186.87	41.75	1	7	
5	87.83	186.87	182.28	258.29	118.42	0	
6	182.28	258.29	211.00	280.00	36.00	1	2	

5	3	292.836	4
1	6.00	125.00	38.45	119.03	33.00	2	1	5	
2	38.45	119.03	52.12	116.51	13.89	1	1	
3	52.12	116.51	289.08	72.90	240.94	0	
4	289.08	72.90	294.00	72.00	5.00	1	3	

5	4	91.679	4
1	6.00	125.00	9.52	139.26	14.69	2	1	5	
2	9.52	139.26	13.92	157.04	18.31	0	
3	13.92	157.04	17.20	170.31	13.68	0	
4	17.20	170.31	28.00	214.00	45.00	1	4	

5	5	0	0

5	6	132.442	6
1	6.00	125.00	38.14	132.47	33.00	2	1	5	
2	38.14	132.47	39.33	132.75	1.21	1	1	
3	39.33	132.75	60.07	137.57	21.30	0	
4	60.07	137.57	114.55	150.24	55.93	1	7	
5	114.55	150.24	115.50	150.47	0.98	2	6	7	
6	115.50	150.47	135.00	155.00	20.02	1	6	

5	7	84.865	4
1	6.00	125.00	34.00	135.99	30.08	2	1	5	
2	34.00	135.99	36.72	137.05	2.92	1	5	
3	36.72	137.05	56.14	144.68	20.86	0	
4	56.14	144.68	85.00	156.00	31.00	1	7	

6	0	81.884	4
1	135.00	155.00	115.95	157.82	19.26	1	6	
2	115.95	157.82	114.23	158.08	1.74	2	6	7	
3	114.23	158.08	55.91	166.72	58.95	1	7	
4	55.91	166.72	54.00	167.00	1.93	0	

6	1	129.356	6
1	135.00	155.00	115.84	146.40	21.00	1	6	
2	115.84	146.40	114.23	145.67	1.77	0	
3	114.23	145.67	73.31	127.29	44.86	1	7	
4	73.31	127.29	51.66	117.57	23.73	0	
5	51.66	117.57	35.56	110.34	17.65	1	1	
6	35.56	110.34	17.00	102.00	20.35	2	1	5	

6	2	146.291	3
1	135.00	155.00	145.91	172.94	21.00	1	6	
2	145.91	172.94	192.30	249.24	89.29	0	
3	192.30	249.24	211.00	280.00	36.00	1	2	

6	3	179.360	3
1	135.00	155.00	153.62	145.28	21.00	1	6	
2	153.62	145.28	289.57	74.31	153.36	0	
3	289.57	74.31	294.00	72.00	5.00	1	3	

6	4	122.188	5
1	135.00	155.00	116.61	165.14	21.00	1	6	
2	116.61	165.14	114.17	166.48	2.78	0	
3	114.17	166.48	78.30	186.27	40.97	1	7	
4	78.30	186.27	67.41	192.27	12.44	0	
5	67.41	192.27	28.00	214.00	45.00	1	4	

6	5	132.442	6
1	135.00	155.00	115.50	150.47	20.02	1	6	
2	115.50	150.47	114.55	150.24	0.98	2	6	7	
3	114.55	150.24	60.07	137.57	55.93	1	7	
4	60.07	137.57	39.33	132.75	21.30	0	
5	39.33	132.75	38.14	132.47	1.21	1	1	
6	38.14	132.47	6.00	125.00	33.00	2	1	5	

6	6	0	0

6	7	50.010	3
1	135.00	155.00	115.99	155.38	19.01	1	6	
2	115.99	155.38	114.00	155.42	1.99	2	6	7	
3	114.00	155.42	85.00	156.00	29.01	1	7	

7	0	32.894	2
1	85.00	156.00	55.78	166.37	31.00	1	7	
2	55.78	166.37	54.00	167.00	1.89	0	

7	1	86.833	4
1	85.00	156.00	60.72	136.72	31.00	1	7	
2	60.72	136.72	46.76	125.63	17.83	0	
3	46.76	125.63	38.46	119.04	10.60	1	1	
4	38.46	119.04	17.00	102.00	27.40	2	1	5	

7	2	176.782	3
1	85.00	156.00	107.09	177.74	31.00	1	7	
2	107.09	177.74	185.34	254.75	109.78	0	
3	185.34	254.75	211.00	280.00	36.00	1	2	

7	3	225.249	5
1	85.00	156.00	113.76	144.44	31.00	1	7	
2	113.76	144.44	117.93	142.76	4.49	0	
3	117.93	142.76	138.85	134.36	22.54	1	6	
4	138.85	134.36	289.36	73.86	162.21	0	
5	289.36	73.86	294.00	72.00	5.00	1	3	

7	4	81.320	3
1	85.00	156.00	63.27	178.11	31.00	1	7	
2	63.27	178.11	59.54	181.90	5.32	0	
3	59.54	181.90	28.00	214.00	45.00	1	4	

7	5	84.865	4
1	85.00	156.00	56.14	144.68	31.00	1	7	
2	56.14	144.68	36.72	137.05	20.86	0	
3	36.72	137.05	34.00	135.99	2.92	1	5	
4	34.00	135.99	6.00	125.00	30.08	2	1	5	

7	6	50.010	3
1	85.00	156.00	114.00	155.42	29.01	1	7	
2	114.00	155.42	115.99	155.38	1.99	2	6	7	
3	115.99	155.38	135.00	155.00	19.01	1	6	

7	7	0	0
