16	611	2	0.001	80.0
7.000	298.000	0.000	2.000	0.000
286.000	157.000	6.000	6.000	12.000
189.000	110.000	30.000	4.000	18.000
84.000	287.000	7.000	3.000	3.000
240.000	197.000	26.000	5.000	9.000
232.000	233.000	27.000	10.000	9.000
231.000	299.000	12.000	1.000	15.000
73.000	260.000	30.000	8.000	13.000
208.000	240.000	44.000	1.000	8.000
97.000	250.000	49.000	9.000	7.000
60.000	278.000	17.000	2.000	6.000
17.000	74.000	20.000	8.000	19.000
272.000	297.000	39.000	7.000	5.000
230.000	164.000	45.000	2.000	2.000
215.000	157.000	38.000	1.000	2.000
117.000	66.000	4.000	3.000	19.000
 


0	0	0	0

0	1	312.605	16
1	7.00	298.00	43.09	279.76	40.44	0	
2	43.09	279.76	48.35	277.10	5.89	1	10	
3	48.35	277.10	54.33	274.08	6.69	2	7	10	
4	54.33	274.08	71.45	265.43	19.18	3	7	9	10	
5	71.45	265.43	101.39	250.30	33.55	2	7	9	
6	101.39	250.30	141.70	229.93	45.17	1	9	
7	141.70	229.93	172.10	214.56	34.06	0	
8	172.10	214.56	202.17	199.36	33.70	1	8	
9	202.17	199.36	208.81	196.01	7.44	2	8	13	
10	208.81	196.01	211.19	194.81	2.66	1	13	
11	211.19	194.81	214.27	193.25	3.46	2	13	14	
12	214.27	193.25	247.70	176.36	37.46	3	4	13	14	
13	247.70	176.36	252.24	174.06	5.09	2	4	13	
14	252.24	174.06	274.98	162.57	25.48	1	13	
15	274.98	162.57	280.64	159.71	6.35	0	
16	280.64	159.71	286.00	157.00	6.00	1	1	

0	2	261.664	6
1	7.00	298.00	43.01	260.80	51.77	0	
2	43.01	260.80	48.29	255.35	7.59	1	7	
3	48.29	255.35	72.83	230.00	35.28	2	7	9	
4	72.83	230.00	100.76	201.14	40.16	1	9	
5	100.76	201.14	168.13	131.55	96.86	0	
6	168.13	131.55	189.00	110.00	30.00	1	2	

0	3	77.782	6
1	7.00	298.00	50.13	291.84	43.56	0	
2	50.13	291.84	67.10	289.41	17.15	1	10	
3	67.10	289.41	67.76	289.32	0.67	2	7	10	
4	67.76	289.32	73.35	288.52	5.65	3	7	9	10	
5	73.35	288.52	77.07	287.99	3.75	2	7	9	
6	77.07	287.99	84.00	287.00	7.00	3	3	7	9	

0	4	253.949	11
1	7.00	298.00	43.52	282.17	39.80	0	
2	43.52	282.17	50.06	279.33	7.13	1	10	
3	50.06	279.33	55.96	276.78	6.43	2	7	10	
4	55.96	276.78	74.31	268.82	20.00	3	7	9	10	
5	74.31	268.82	102.79	256.48	31.04	2	7	9	
6	102.79	256.48	144.60	238.36	45.56	1	9	
7	144.60	238.36	165.30	229.38	22.57	0	
8	165.30	229.38	216.14	207.34	55.42	1	8	
9	216.14	207.34	216.85	207.04	0.77	2	4	8	
10	216.85	207.04	229.44	201.58	13.72	3	4	8	13	
11	229.44	201.58	240.00	197.00	11.51	2	4	13	

0	5	234.201	9
1	7.00	298.00	45.50	286.88	40.08	0	
2	45.50	286.88	55.13	284.10	10.02	1	10	
3	55.13	284.10	60.40	282.57	5.48	2	7	10	
4	60.40	282.57	77.00	277.78	17.28	3	7	9	10	
5	77.00	277.78	100.97	270.85	24.95	2	7	9	
6	100.97	270.85	145.34	258.04	46.18	1	9	
7	145.34	258.04	165.71	252.15	21.21	0	
8	165.71	252.15	206.06	240.49	42.00	1	8	
9	206.06	240.49	232.00	233.00	27.00	2	5	8	

0	6	224.002	4
1	7.00	298.00	89.15	298.37	82.15	0	
2	89.15	298.37	104.42	298.43	15.27	1	9	
3	104.42	298.43	219.00	298.95	114.58	0	
4	219.00	298.95	231.00	299.00	12.00	1	6	

0	7	76.158	5
1	7.00	298.00	43.02	277.26	41.56	0	
2	43.02	277.26	47.00	274.97	4.60	1	10	
3	47.00	274.97	52.98	271.53	6.90	2	7	10	
4	52.98	271.53	67.89	262.94	17.20	3	7	9	10	
5	67.89	262.94	73.00	260.00	5.90	2	7	9	

0	8	209.201	9
1	7.00	298.00	45.51	286.89	40.08	0	
2	45.51	286.89	55.14	284.11	10.03	1	10	
3	55.14	284.11	60.41	282.59	5.48	2	7	10	
4	60.41	282.59	77.00	277.80	17.27	3	7	9	10	
5	77.00	277.80	100.95	270.89	24.93	2	7	9	
6	100.95	270.89	145.33	258.08	46.18	1	9	
7	145.33	258.08	165.72	252.20	21.23	0	
8	165.72	252.20	206.08	240.55	42.00	1	8	
9	206.08	240.55	208.00	240.00	2.00	2	5	8	

0	9	102.000	4
1	7.00	298.00	43.02	278.79	40.82	0	
2	43.02	278.79	47.78	276.25	5.40	1	10	
3	47.78	276.25	70.12	264.34	25.31	2	7	10	
4	70.12	264.34	97.00	250.00	30.47	2	7	9	

0	10	56.648	4
1	7.00	298.00	44.09	284.00	39.65	0	
2	44.09	284.00	51.70	281.13	8.13	1	10	
3	51.70	281.13	57.47	278.95	6.16	2	7	10	
4	57.47	278.95	60.00	278.00	2.70	3	7	9	10	

0	11	224.223	2
1	7.00	298.00	16.11	93.98	204.22	0	
2	16.11	93.98	17.00	74.00	20.00	0	

0	12	265.002	6
1	7.00	298.00	85.80	297.70	78.80	0	
2	85.80	297.70	108.56	297.62	22.76	1	9	
3	108.56	297.62	219.14	297.20	110.58	0	
4	219.14	297.20	233.00	297.15	13.86	1	6	
5	233.00	297.15	242.85	297.11	9.85	2	6	12	
6	242.85	297.11	272.00	297.00	29.15	1	12	

0	13	260.163	9
1	7.00	298.00	43.08	276.32	42.10	0	
2	43.08	276.32	46.58	274.22	4.08	1	10	
3	46.58	274.22	52.55	270.63	6.97	2	7	10	
4	52.55	270.63	66.46	262.27	16.22	3	7	9	10	
5	66.46	262.27	97.95	243.35	36.75	2	7	9	
6	97.95	243.35	136.08	220.44	44.48	1	9	
7	136.08	220.44	191.43	187.18	64.57	0	
8	191.43	187.18	191.70	187.02	0.31	1	13	
9	191.70	187.02	230.00	164.00	44.69	2	13	14	

0	14	251.287	9
1	7.00	298.00	43.72	273.11	44.36	0	
2	43.72	273.11	45.47	271.92	2.12	1	10	
3	45.47	271.92	51.39	267.91	7.15	2	7	10	
4	51.39	267.91	61.49	261.06	12.20	3	7	9	10	
5	61.49	261.06	94.27	238.84	39.61	2	7	9	
6	94.27	238.84	130.53	214.26	43.80	1	9	
7	130.53	214.26	183.55	178.32	64.05	0	
8	183.55	178.32	186.68	176.19	3.79	1	14	
9	186.68	176.19	215.00	157.00	34.21	2	13	14	

0	15	256.757	2
1	7.00	298.00	115.29	69.61	252.76	0	
2	115.29	69.61	117.00	66.00	4.00	1	15	

1	0	312.605	16
1	286.00	157.00	280.64	159.71	6.00	1	1	
2	280.64	159.71	274.98	162.57	6.35	0	
3	274.98	162.57	252.24	174.06	25.48	1	13	
4	252.24	174.06	247.70	176.36	5.09	2	4	13	
5	247.70	176.36	214.27	193.25	37.46	3	4	13	14	
6	214.27	193.25	211.19	194.81	3.46	2	13	14	
7	211.19	194.81	208.81	196.01	2.66	1	13	
8	208.81	196.01	202.17	199.36	7.44	2	8	13	
9	202.17	199.36	172.10	214.56	33.70	1	8	
10	172.10	214.56	141.70	229.93	34.06	0	
11	141.70	229.93	101.39	250.30	45.17	1	9	
12	101.39	250.30	71.45	265.43	33.55	2	7	9	
13	71.45	265.43	54.33	274.08	19.18	3	7	9	10	
14	54.33	274.08	48.35	277.10	6.69	2	7	10	
15	48.35	277.10	43.09	279.76	5.89	1	10	
16	43.09	279.76	7.00	298.00	40.44	0	

1	1	0	0

1	2	107.787	7
1	286.00	157.00	280.60	154.38	6.00	1	1	
2	280.60	154.38	272.99	150.70	8.46	0	
3	272.99	150.70	248.33	138.75	27.40	1	13	
4	248.33	138.75	216.00	123.08	35.93	2	13	14	
5	216.00	123.08	213.80	122.02	2.44	3	2	13	14	
6	213.80	122.02	208.67	119.53	5.70	2	2	14	
7	208.67	119.53	189.00	110.00	21.86	1	2	

1	3	240.217	11
1	286.00	157.00	280.95	160.25	6.00	1	1	
2	280.95	160.25	275.00	164.08	7.08	0	
3	275.00	164.08	255.86	176.40	22.76	1	13	
4	255.86	176.40	221.90	198.25	40.39	2	4	13	
5	221.90	198.25	214.68	202.90	8.59	3	4	8	13	
6	214.68	202.90	211.43	204.99	3.86	2	8	13	
7	211.43	204.99	164.25	235.36	56.11	1	8	
8	164.25	235.36	145.92	247.15	21.80	0	
9	145.92	247.15	95.97	279.30	59.40	1	9	
10	95.97	279.30	89.89	283.21	7.24	2	7	9	
11	89.89	283.21	84.00	287.00	7.00	3	3	7	9	

1	4	60.959	4
1	286.00	157.00	281.47	160.94	6.00	1	1	
2	281.47	160.94	274.92	166.63	8.68	0	
3	274.92	166.63	259.62	179.94	20.28	1	13	
4	259.62	179.94	240.00	197.00	26.00	2	4	13	

1	5	93.231	8
1	286.00	157.00	282.52	161.89	6.00	1	1	
2	282.52	161.89	273.85	174.10	14.97	0	
3	273.85	174.10	264.25	187.62	16.58	1	13	
4	264.25	187.62	253.96	202.09	17.76	2	4	13	
5	253.96	202.09	247.64	210.99	10.92	1	4	
6	247.64	210.99	244.49	215.42	5.43	2	4	5	
7	244.49	215.42	239.12	222.99	9.28	3	4	5	8	
8	239.12	222.99	232.00	233.00	12.29	2	5	8	

1	6	152.279	9
1	286.00	157.00	283.83	162.60	6.00	1	1	
2	283.83	162.60	258.52	227.94	70.08	0	
3	258.52	227.94	251.62	245.76	19.11	1	5	
4	251.62	245.76	248.20	254.60	9.48	2	5	8	
5	248.20	254.60	244.12	265.13	11.29	1	8	
6	244.12	265.13	240.88	273.50	8.98	0	
7	240.88	273.50	235.33	287.81	15.35	1	12	
8	235.33	287.81	233.17	293.41	6.00	2	6	12	
9	233.17	293.41	231.00	299.00	6.00	1	6	

1	7	236.597	12
1	286.00	157.00	280.60	159.61	6.00	1	1	
2	280.60	159.61	274.97	162.33	6.25	0	
3	274.97	162.33	251.50	173.68	26.07	1	13	
4	251.50	173.68	248.36	175.20	3.49	2	4	13	
5	248.36	175.20	214.58	191.54	37.52	3	4	13	14	
6	214.58	191.54	208.56	194.45	6.69	2	13	14	
7	208.56	194.45	205.16	196.09	3.77	1	13	
8	205.16	196.09	200.77	198.21	4.88	2	8	13	
9	200.77	198.21	175.35	210.51	28.24	1	8	
10	175.35	210.51	140.46	227.38	38.75	0	
11	140.46	227.38	100.01	246.94	44.94	1	9	
12	100.01	246.94	73.00	260.00	30.00	2	7	9	

1	8	113.899	8
1	286.00	157.00	281.89	161.37	6.00	1	1	
2	281.89	161.37	274.72	169.00	10.47	0	
3	274.72	169.00	261.77	182.78	18.91	1	13	
4	261.77	182.78	239.07	206.94	33.15	2	4	13	
5	239.07	206.94	238.13	207.94	1.37	3	4	5	13	
6	238.13	207.94	237.77	208.32	0.53	4	4	5	8	13	
7	237.77	208.32	227.16	219.61	15.49	3	4	5	8	
8	227.16	219.61	208.00	240.00	27.98	2	5	8	

1	9	210.642	12
1	286.00	157.00	280.62	159.65	6.00	1	1	
2	280.62	159.65	274.97	162.43	6.29	0	
3	274.97	162.43	251.80	173.83	25.83	1	13	
4	251.80	173.83	248.11	175.64	4.11	2	4	13	
5	248.11	175.64	214.45	192.21	37.52	3	4	13	14	
6	214.45	192.21	209.57	194.61	5.44	2	13	14	
7	209.57	194.61	206.70	196.02	3.19	1	13	
8	206.70	196.02	201.31	198.67	6.01	2	8	13	
9	201.31	198.67	173.95	212.14	30.50	1	8	
10	173.95	212.14	140.97	228.37	36.76	0	
11	140.97	228.37	100.60	248.23	44.99	1	9	
12	100.60	248.23	97.00	250.00	4.01	2	7	9	

1	10	256.353	13
1	286.00	157.00	280.71	159.83	6.00	1	1	
2	280.71	159.83	274.99	162.90	6.49	0	
3	274.99	162.90	253.17	174.58	24.75	1	13	
4	253.17	174.58	246.61	178.09	7.43	2	4	13	
5	246.61	178.09	215.02	195.00	35.83	3	4	13	14	
6	215.02	195.00	214.04	195.53	1.12	2	4	13	
7	214.04	195.53	212.69	196.25	1.53	1	13	
8	212.69	196.25	204.14	200.83	9.70	2	8	13	
9	204.14	200.83	168.99	219.65	39.87	1	8	
10	168.99	219.65	143.13	233.49	29.33	0	
11	143.13	233.49	102.61	255.19	45.97	1	9	
12	102.61	255.19	74.99	269.98	31.33	2	7	9	
13	74.99	269.98	60.00	278.00	17.00	3	7	9	10	

1	11	281.514	9
1	286.00	157.00	280.27	155.23	6.00	1	1	
2	280.27	155.23	273.68	153.20	6.89	0	
3	273.68	153.20	251.48	146.35	23.24	1	13	
4	251.48	146.35	208.25	133.01	45.24	2	13	14	
5	208.25	133.01	200.00	130.46	8.64	3	2	13	14	
6	200.00	130.46	190.87	127.65	9.55	2	2	14	
7	190.87	127.65	160.13	118.16	32.17	1	2	
8	160.13	118.16	36.11	79.90	129.79	0	
9	36.11	79.90	17.00	74.00	20.00	1	11	

1	12	140.698	2
1	286.00	157.00	285.40	162.97	6.00	1	1	
2	285.40	162.97	272.00	297.00	134.70	0	

1	13	56.436	4
1	286.00	157.00	280.05	157.74	6.00	1	1	
2	280.05	157.74	274.65	158.42	5.44	0	
3	274.65	158.42	252.77	161.15	22.05	1	13	
4	252.77	161.15	230.00	164.00	22.95	2	13	14	

1	14	71.000	4
1	286.00	157.00	280.00	157.00	6.00	1	1	
2	280.00	157.00	274.45	157.00	5.55	0	
3	274.45	157.00	253.00	157.00	21.45	1	13	
4	253.00	157.00	215.00	157.00	38.00	2	13	14	

1	15	191.943	9
1	286.00	157.00	280.72	154.16	6.00	1	1	
2	280.72	154.16	272.72	149.85	9.09	0	
3	272.72	149.85	246.48	135.72	29.79	1	13	
4	246.48	135.72	218.30	120.55	32.01	2	13	14	
5	218.30	120.55	217.28	120.00	1.16	1	14	
6	217.28	120.00	215.43	119.00	2.10	2	2	14	
7	215.43	119.00	165.08	91.89	57.19	1	2	
8	165.08	91.89	120.52	67.90	50.61	0	
9	120.52	67.90	117.00	66.00	4.00	1	15	

2	0	261.664	6
1	189.00	110.00	168.13	131.55	30.00	1	2	
2	168.13	131.55	100.76	201.14	96.86	0	
3	100.76	201.14	72.83	230.00	40.16	1	9	
4	72.83	230.00	48.29	255.35	35.28	2	7	9	
5	48.29	255.35	43.01	260.80	7.59	1	7	
6	43.01	260.80	7.00	298.00	51.77	0	

2	1	107.787	7
1	189.00	110.00	208.67	119.53	21.86	1	2	
2	208.67	119.53	213.80	122.02	5.70	2	2	14	
3	213.80	122.02	216.00	123.08	2.44	3	2	13	14	
4	216.00	123.08	248.33	138.75	35.93	2	13	14	
5	248.33	138.75	272.99	150.70	27.40	1	13	
6	272.99	150.70	280.60	154.38	8.46	0	
7	280.60	154.38	286.00	157.00	6.00	1	1	

2	2	0	0

2	3	205.801	5
1	189.00	110.00	173.69	135.80	30.00	1	2	
2	173.69	135.80	128.31	212.31	88.95	0	
3	128.31	212.31	102.67	255.53	50.26	1	9	
4	102.67	255.53	87.57	280.98	29.59	2	7	9	
5	87.57	280.98	84.00	287.00	7.00	3	3	7	9	

2	4	100.846	6
1	189.00	110.00	196.95	123.56	15.72	1	2	
2	196.95	123.56	200.66	129.88	7.33	2	2	14	
3	200.66	129.88	204.17	135.88	6.95	3	2	13	14	
4	204.17	135.88	226.85	174.57	44.85	2	13	14	
5	226.85	174.57	235.36	189.09	16.83	3	4	13	14	
6	235.36	189.09	240.00	197.00	9.17	2	4	13	

2	5	130.300	10
1	189.00	110.00	194.29	125.14	16.04	1	2	
2	194.29	125.14	197.13	133.26	8.61	2	2	14	
3	197.13	133.26	198.90	138.32	5.36	2	13	14	
4	198.90	138.32	215.96	187.11	51.68	2	13	14	
5	215.96	187.11	218.65	194.82	8.18	3	4	13	14	
6	218.65	194.82	219.61	197.56	2.90	2	4	13	
7	219.61	197.56	223.09	207.51	10.54	3	4	8	13	
8	223.09	207.51	223.44	208.52	1.07	4	4	5	8	13	
9	223.44	208.52	227.36	219.72	11.86	3	4	5	8	
10	227.36	219.72	232.00	233.00	14.07	2	5	8	

2	6	193.610	11
1	189.00	110.00	192.62	126.29	16.69	1	2	
2	192.62	126.29	194.78	135.99	9.94	2	2	14	
3	194.78	135.99	195.51	139.29	3.37	3	2	13	14	
4	195.51	139.29	207.73	194.30	56.35	2	13	14	
5	207.73	194.30	208.11	196.00	1.74	1	13	
6	208.11	196.00	209.95	204.29	8.49	1	13	
7	209.95	204.29	212.24	214.60	10.56	1	8	
8	212.24	214.60	221.90	258.04	44.50	2	5	8	
9	221.90	258.04	226.74	279.81	22.30	1	8	
10	226.74	279.81	228.40	287.29	7.66	0	
11	228.40	287.29	231.00	299.00	12.00	1	6	

2	7	189.621	4
1	189.00	110.00	170.65	133.73	30.00	1	2	
2	170.65	133.73	115.74	204.73	89.75	0	
3	115.74	204.73	91.35	236.27	39.87	1	9	
4	91.35	236.27	73.00	260.00	30.00	2	7	9	

2	8	131.381	8
1	189.00	110.00	191.50	127.13	17.32	1	2	
2	191.50	127.13	193.12	138.21	11.19	2	2	14	
3	193.12	138.21	193.34	139.68	1.49	3	2	13	14	
4	193.34	139.68	201.03	192.34	53.22	2	13	14	
5	201.03	192.34	201.64	196.46	4.17	1	13	
6	201.64	196.46	202.05	199.26	2.83	1	13	
7	202.05	199.26	205.94	225.93	26.94	1	8	
8	205.94	225.93	208.00	240.00	14.22	2	5	8	

2	9	167.523	4
1	189.00	110.00	172.52	135.07	30.00	1	2	
2	172.52	135.07	123.91	209.05	88.52	0	
3	123.91	209.05	99.58	246.08	44.31	1	9	
4	99.58	246.08	97.00	250.00	4.69	2	7	9	

2	10	211.814	5
1	189.00	110.00	170.73	133.79	30.00	1	2	
2	170.73	133.79	116.14	204.89	89.64	0	
3	116.14	204.89	91.78	236.61	39.99	1	9	
4	91.78	236.61	70.35	264.52	35.19	2	7	9	
5	70.35	264.52	60.00	278.00	17.00	3	7	9	10	

2	11	175.727	3
1	189.00	110.00	159.64	103.85	30.00	1	2	
2	159.64	103.85	36.58	78.10	125.73	0	
3	36.58	78.10	17.00	74.00	20.00	1	11	

2	12	204.592	13
1	189.00	110.00	195.41	124.44	15.80	1	2	
2	195.41	124.44	198.64	131.72	7.97	1	2	
3	198.64	131.72	201.17	137.42	6.23	3	2	13	14	
4	201.17	137.42	220.16	180.20	46.80	2	13	14	
5	220.16	180.20	226.00	193.37	14.41	3	4	13	14	
6	226.00	193.37	229.72	201.73	9.15	2	4	13	
7	229.72	201.73	231.61	206.00	4.67	3	4	8	13	
8	231.61	206.00	232.90	208.91	3.18	3	4	5	8	
9	232.90	208.91	239.15	222.99	15.40	3	4	5	8	
10	239.15	222.99	250.95	249.57	29.08	2	5	8	
11	250.95	249.57	251.76	251.40	2.00	1	5	
12	251.76	251.40	256.18	261.35	10.89	0	
13	256.18	261.35	272.00	297.00	39.00	1	12	

2	13	67.801	4
1	189.00	110.00	198.64	122.70	15.95	1	2	
2	198.64	122.70	202.79	128.16	6.85	2	2	14	
3	202.79	128.16	207.14	133.89	7.20	3	2	13	14	
4	207.14	133.89	230.00	164.00	37.80	2	13	14	

2	14	53.712	4
1	189.00	110.00	196.61	123.75	15.71	1	2	
2	196.61	123.75	200.21	130.27	7.45	2	2	14	
3	200.21	130.27	203.52	136.25	6.84	3	2	13	14	
4	203.52	136.25	215.00	157.00	23.71	2	13	14	

2	15	84.380	3
1	189.00	110.00	163.40	94.36	30.00	1	2	
2	163.40	94.36	120.41	68.09	50.38	0	
3	120.41	68.09	117.00	66.00	4.00	1	15	

3	0	77.782	6
1	84.00	287.00	77.07	287.99	7.00	3	3	7	9	
2	77.07	287.99	73.35	288.52	3.75	2	7	9	
3	73.35	288.52	67.76	289.32	5.65	3	7	9	10	
4	67.76	289.32	67.10	289.41	0.67	2	7	10	
5	67.10	289.41	50.13	291.84	17.15	1	10	
6	50.13	291.84	7.00	298.00	43.56	0	

3	1	240.217	11
1	84.00	287.00	89.89	283.21	7.00	3	3	7	9	
2	89.89	283.21	95.97	279.30	7.24	2	7	9	
3	95.97	279.30	145.92	247.15	59.40	1	9	
4	145.92	247.15	164.25	235.36	21.80	0	
5	164.25	235.36	211.43	204.99	56.11	1	8	
6	211.43	204.99	214.68	202.90	3.86	2	8	13	
7	214.68	202.90	221.90	198.25	8.59	3	4	8	13	
8	221.90	198.25	255.86	176.40	40.39	2	4	13	
9	255.86	176.40	275.00	164.08	22.76	1	13	
10	275.00	164.08	280.95	160.25	7.08	0	
11	280.95	160.25	286.00	157.00	6.00	1	1	

3	2	205.801	5
1	84.00	287.00	87.57	280.98	7.00	3	3	7	9	
2	87.57	280.98	102.67	255.53	29.59	2	7	9	
3	102.67	255.53	128.31	212.31	50.26	1	9	
4	128.31	212.31	173.69	135.80	88.95	0	
5	173.69	135.80	189.00	110.00	30.00	1	2	

3	3	0	0

3	4	180.100	8
1	84.00	287.00	90.06	283.50	7.00	3	3	7	9	
2	90.06	283.50	94.46	280.97	5.07	2	7	9	
3	94.46	280.97	145.98	251.24	59.49	1	9	
4	145.98	251.24	164.01	240.84	20.81	0	
5	164.01	240.84	217.48	209.99	61.73	1	8	
6	217.48	209.99	220.83	208.06	3.87	2	4	8	
7	220.83	208.06	230.75	202.34	11.45	3	4	8	13	
8	230.75	202.34	240.00	197.00	10.68	2	4	13	

3	5	157.544	6
1	84.00	287.00	89.71	284.92	6.07	3	3	7	9	
2	89.71	284.92	90.58	284.60	0.93	2	3	9	
3	90.58	284.60	143.56	265.27	56.40	1	9	
4	143.56	265.27	167.26	256.62	25.23	0	
5	167.26	256.62	206.64	242.25	41.91	1	8	
6	206.64	242.25	232.00	233.00	27.00	2	5	8	

3	6	147.489	5
1	84.00	287.00	85.77	287.14	1.78	3	3	7	9	
2	85.77	287.14	90.98	287.57	5.22	2	3	9	
3	90.98	287.57	124.83	290.33	33.96	1	9	
4	124.83	290.33	219.04	298.02	94.53	0	
5	219.04	298.02	231.00	299.00	12.00	1	6	

3	7	29.155	2
1	84.00	287.00	81.36	280.52	7.00	3	3	7	9	
2	81.36	280.52	73.00	260.00	22.15	2	7	9	

3	8	132.608	6
1	84.00	287.00	89.98	284.73	6.39	3	3	7	9	
2	89.98	284.73	90.55	284.52	0.61	2	3	9	
3	90.55	284.52	143.86	264.31	57.02	1	9	
4	143.86	264.31	166.86	255.59	24.59	0	
5	166.86	255.59	206.12	240.71	41.99	1	8	
6	206.12	240.71	208.00	240.00	2.01	2	5	8	

3	9	39.217	2
1	84.00	287.00	86.32	280.40	7.00	3	3	7	9	
2	86.32	280.40	97.00	250.00	32.22	2	7	9	

3	10	25.632	3
1	84.00	287.00	77.45	284.54	7.00	3	3	7	9	
2	77.45	284.54	75.92	283.97	1.63	2	7	9	
3	75.92	283.97	60.00	278.00	17.00	3	7	9	10	

3	11	223.289	5
1	84.00	287.00	81.90	280.32	7.00	3	3	7	9	
2	81.90	280.32	66.31	230.76	51.96	2	7	9	
3	66.31	230.76	61.68	216.04	15.43	1	9	
4	61.68	216.04	23.00	93.08	128.90	0	
5	23.00	93.08	17.00	74.00	20.00	1	11	

3	12	188.266	7
1	84.00	287.00	85.87	287.10	1.87	3	3	7	9	
2	85.87	287.10	90.99	287.37	5.13	2	3	9	
3	90.99	287.37	126.33	289.25	35.39	1	9	
4	126.33	289.25	219.99	294.23	93.79	0	
5	219.99	294.23	233.06	294.93	13.09	1	6	
6	233.06	294.93	242.46	295.43	9.41	2	6	12	
7	242.46	295.43	272.00	297.00	29.59	1	12	

3	13	190.906	8
1	84.00	287.00	89.35	282.49	7.00	3	3	7	9	
2	89.35	282.49	99.61	273.85	13.42	2	7	9	
3	99.61	273.85	144.07	236.39	58.13	1	9	
4	144.07	236.39	178.05	207.76	44.43	0	
5	178.05	207.76	181.31	205.02	4.26	1	8	
6	181.31	205.02	195.59	192.99	18.66	0	
7	195.59	192.99	197.98	190.98	3.13	1	13	
8	197.98	190.98	230.00	164.00	41.87	2	13	14	

3	14	184.556	6
1	84.00	287.00	88.97	282.07	7.00	3	3	7	9	
2	88.97	282.07	101.37	269.77	17.47	2	7	9	
3	101.37	269.77	141.64	229.80	56.74	1	9	
4	141.64	229.80	188.03	183.77	65.35	0	
5	188.03	183.77	189.08	182.72	1.48	1	14	
6	189.08	182.72	215.00	157.00	36.52	2	13	14	

3	15	223.450	5
1	84.00	287.00	85.03	280.08	7.00	3	3	7	9	
2	85.03	280.08	91.55	236.42	44.14	1	9	
3	91.55	236.42	96.84	201.00	35.82	1	9	
4	96.84	201.00	116.41	69.96	132.50	0	
5	116.41	69.96	117.00	66.00	4.00	1	15	

4	0	253.949	11
1	240.00	197.00	229.44	201.58	11.51	2	4	13	
2	229.44	201.58	216.85	207.04	13.72	3	4	8	13	
3	216.85	207.04	216.14	207.34	0.77	2	4	8	
4	216.14	207.34	165.30	229.38	55.42	1	8	
5	165.30	229.38	144.60	238.36	22.57	0	
6	144.60	238.36	102.79	256.48	45.56	1	9	
7	102.79	256.48	74.31	268.82	31.04	2	7	9	
8	74.31	268.82	55.96	276.78	20.00	3	7	9	10	
9	55.96	276.78	50.06	279.33	6.43	2	7	10	
10	50.06	279.33	43.52	282.17	7.13	1	10	
11	43.52	282.17	7.00	298.00	39.80	0	

4	1	60.959	4
1	240.00	197.00	259.62	179.94	26.00	2	4	13	
2	259.62	179.94	274.92	166.63	20.28	1	13	
3	274.92	166.63	281.47	160.94	8.68	0	
4	281.47	160.94	286.00	157.00	6.00	1	1	

4	2	100.846	6
1	240.00	197.00	235.36	189.09	9.17	2	4	13	
2	235.36	189.09	226.85	174.57	16.83	3	4	13	14	
3	226.85	174.57	204.17	135.88	44.85	2	13	14	
4	204.17	135.88	200.66	129.88	6.95	3	2	13	14	
5	200.66	129.88	196.95	123.56	7.33	2	2	14	
6	196.95	123.56	189.00	110.00	15.72	1	2	

4	3	180.100	8
1	240.00	197.00	230.75	202.34	10.68	2	4	13	
2	230.75	202.34	220.83	208.06	11.45	3	4	8	13	
3	220.83	208.06	217.48	209.99	3.87	2	4	8	
4	217.48	209.99	164.01	240.84	61.73	1	8	
5	164.01	240.84	145.98	251.24	20.81	0	
6	145.98	251.24	94.46	280.97	59.49	1	9	
7	94.46	280.97	90.06	283.50	5.07	2	7	9	
8	90.06	283.50	84.00	287.00	7.00	3	3	7	9	

4	4	0	0

4	5	36.878	5
1	240.00	197.00	237.86	206.64	9.88	2	4	13	
2	237.86	206.64	237.67	207.50	0.88	3	4	5	13	
3	237.67	207.50	237.47	208.38	0.89	4	4	5	8	13	
4	237.47	208.38	234.36	222.38	14.35	3	4	5	8	
5	234.36	222.38	232.00	233.00	10.88	2	5	8	

4	6	102.396	8
1	240.00	197.00	239.12	206.96	9.99	2	4	13	
2	239.12	206.96	239.02	208.09	1.13	3	4	5	13	
3	239.02	208.09	238.96	208.74	0.66	2	4	5	
4	238.96	208.74	237.71	222.90	14.21	2	4	5	
5	237.71	222.90	234.45	259.89	37.13	2	5	8	
6	234.45	259.89	233.01	276.20	16.37	1	8	
7	233.01	276.20	232.05	287.05	10.89	0	
8	232.05	287.05	231.00	299.00	12.00	1	6	

4	7	178.488	7
1	240.00	197.00	228.80	201.23	11.97	2	4	13	
2	228.80	201.23	215.67	206.18	14.03	3	4	8	13	
3	215.67	206.18	215.01	206.43	0.71	2	8	13	
4	215.01	206.43	166.77	224.62	51.55	1	8	
5	166.77	224.62	143.15	233.54	25.25	0	
6	143.15	233.54	101.07	249.41	44.98	1	9	
7	101.07	249.41	73.00	260.00	30.00	2	7	9	

4	8	53.600	5
1	240.00	197.00	234.27	204.70	9.60	2	4	13	
2	234.27	204.70	233.28	206.03	1.66	3	4	8	13	
3	233.28	206.03	231.08	208.99	3.69	4	4	5	8	13	
4	231.08	208.99	224.48	217.86	11.06	3	4	5	8	
5	224.48	217.86	208.00	240.00	27.60	2	5	8	

4	9	152.506	7
1	240.00	197.00	228.72	201.18	12.03	2	4	13	
2	228.72	201.18	215.62	206.04	13.97	3	4	8	13	
3	215.62	206.04	214.78	206.35	0.90	2	8	13	
4	214.78	206.35	166.99	224.06	50.97	1	8	
5	166.99	224.06	142.95	232.97	25.64	0	
6	142.95	232.97	100.75	248.61	45.00	1	9	
7	100.75	248.61	97.00	250.00	4.00	2	7	9	

4	10	197.385	8
1	240.00	197.00	229.61	201.67	11.39	2	4	13	
2	229.61	201.67	217.36	207.19	13.44	3	4	8	13	
3	217.36	207.19	216.29	207.67	1.17	2	4	8	
4	216.29	207.67	164.98	230.76	56.26	1	8	
5	164.98	230.76	144.92	239.78	22.00	0	
6	144.92	239.78	102.97	258.66	46.01	1	9	
7	102.97	258.66	75.50	271.02	30.12	2	7	9	
8	75.50	271.02	60.00	278.00	17.00	3	7	9	10	

4	11	254.672	6
1	240.00	197.00	230.43	191.72	10.92	2	4	13	
2	230.43	191.72	217.23	184.44	15.08	3	4	13	14	
3	217.23	184.44	185.08	166.71	36.72	2	13	14	
4	185.08	166.71	177.40	162.47	8.78	1	14	
5	177.40	162.47	34.51	83.66	163.18	0	
6	34.51	83.66	17.00	74.00	20.00	1	11	

4	12	104.995	8
1	240.00	197.00	243.21	207.02	10.52	1	4	
2	243.21	207.02	243.74	208.69	1.75	1	4	
3	243.74	208.69	247.67	220.96	12.89	2	4	5	
4	247.67	220.96	247.92	221.76	0.84	3	4	5	8	
5	247.92	221.76	251.35	232.47	11.25	2	5	8	
6	251.35	232.47	255.67	245.98	14.18	1	5	
7	255.67	245.98	260.11	259.86	14.57	0	
8	260.11	259.86	272.00	297.00	39.00	0	

4	13	34.482	3
1	240.00	197.00	237.22	187.83	9.59	2	4	13	
2	237.22	187.83	232.46	172.12	16.41	3	4	13	14	
3	232.46	172.12	230.00	164.00	8.48	2	13	14	

4	14	47.170	3
1	240.00	197.00	235.14	189.22	9.17	2	4	13	
2	235.14	189.22	226.22	174.95	16.83	3	4	13	14	
3	226.22	174.95	215.00	157.00	21.17	2	13	14	

4	15	179.694	8
1	240.00	197.00	233.57	190.15	9.39	2	4	13	
2	233.57	190.15	222.20	178.05	16.61	3	4	13	14	
3	222.20	178.05	189.88	143.62	47.22	2	13	14	
4	189.88	143.62	186.37	139.88	5.12	1	14	
5	186.37	139.88	183.08	136.38	4.81	2	2	14	
6	183.08	136.38	159.01	110.74	35.17	1	2	
7	159.01	110.74	119.74	68.92	57.37	0	
8	119.74	68.92	117.00	66.00	4.00	1	15	

5	0	234.201	9
1	232.00	233.00	206.06	240.49	27.00	2	5	8	
2	206.06	240.49	165.71	252.15	42.00	1	8	
3	165.71	252.15	145.34	258.04	21.21	0	
4	145.34	258.04	100.97	270.85	46.18	1	9	
5	100.97	270.85	77.00	277.78	24.95	2	7	9	
6	77.00	277.78	60.40	282.57	17.28	3	7	9	10	
7	60.40	282.57	55.13	284.10	5.48	2	7	10	
8	55.13	284.10	45.50	286.88	10.02	1	10	
9	45.50	286.88	7.00	298.00	40.08	0	

5	1	93.231	8
1	232.00	233.00	239.12	222.99	12.29	2	5	8	
2	239.12	222.99	244.49	215.42	9.28	3	4	5	8	
3	244.49	215.42	247.64	210.99	5.43	2	4	5	
4	247.64	210.99	253.96	202.09	10.92	1	4	
5	253.96	202.09	264.25	187.62	17.76	2	4	13	
6	264.25	187.62	273.85	174.10	16.58	1	13	
7	273.85	174.10	282.52	161.89	14.97	0	
8	282.52	161.89	286.00	157.00	6.00	1	1	

5	2	130.300	10
1	232.00	233.00	227.36	219.72	14.07	2	5	8	
2	227.36	219.72	223.44	208.52	11.86	3	4	5	8	
3	223.44	208.52	223.09	207.51	1.07	4	4	5	8	13	
4	223.09	207.51	219.61	197.56	10.54	3	4	8	13	
5	219.61	197.56	218.65	194.82	2.90	2	4	13	
6	218.65	194.82	215.96	187.11	8.18	3	4	13	14	
7	215.96	187.11	198.90	138.32	51.68	2	13	14	
8	198.90	138.32	197.13	133.26	5.36	2	13	14	
9	197.13	133.26	194.29	125.14	8.61	2	2	14	
10	194.29	125.14	189.00	110.00	16.04	1	2	

5	3	157.544	6
1	232.00	233.00	206.64	242.25	27.00	2	5	8	
2	206.64	242.25	167.26	256.62	41.91	1	8	
3	167.26	256.62	143.56	265.27	25.23	0	
4	143.56	265.27	90.58	284.60	56.40	1	9	
5	90.58	284.60	89.71	284.92	0.93	2	3	9	
6	89.71	284.92	84.00	287.00	6.07	3	3	7	9	

5	4	36.878	5
1	232.00	233.00	234.36	222.38	10.88	2	5	8	
2	234.36	222.38	237.47	208.38	14.35	3	4	5	8	
3	237.47	208.38	237.67	207.50	0.89	4	4	5	8	13	
4	237.67	207.50	237.86	206.64	0.88	3	4	5	13	
5	237.86	206.64	240.00	197.00	9.88	2	4	13	

5	5	0	0

5	6	66.008	4
1	232.00	233.00	231.59	259.99	27.00	2	5	8	
2	231.59	259.99	231.33	277.31	17.31	1	8	
3	231.33	277.31	231.18	287.00	9.70	0	
4	231.18	287.00	231.00	299.00	12.00	1	6	

5	7	161.276	5
1	232.00	233.00	205.38	237.52	27.00	2	5	8	
2	205.38	237.52	164.23	244.51	41.74	1	8	
3	164.23	244.51	145.94	247.61	18.55	0	
4	145.94	247.61	102.58	254.98	43.99	1	9	
5	102.58	254.98	73.00	260.00	30.00	2	7	9	

5	8	25.000	1
1	232.00	233.00	208.00	240.00	25.00	2	5	8	

5	9	136.066	5
1	232.00	233.00	205.21	236.37	27.00	2	5	8	
2	205.21	236.37	164.03	241.56	41.51	1	8	
3	164.03	241.56	145.62	243.88	18.56	0	
4	145.62	243.88	101.10	249.48	44.87	1	9	
5	101.10	249.48	97.00	250.00	4.13	2	7	9	

5	10	177.789	6
1	232.00	233.00	205.88	239.83	27.00	2	5	8	
2	205.88	239.83	165.26	250.46	41.98	1	8	
3	165.26	250.46	145.68	255.58	20.24	0	
4	145.68	255.58	102.18	266.96	44.96	1	9	
5	102.18	266.96	76.45	273.70	26.60	2	7	9	
6	76.45	273.70	60.00	278.00	17.00	3	7	9	10	

5	11	267.406	4
1	232.00	233.00	210.29	216.95	27.00	2	5	8	
2	210.29	216.95	188.28	200.67	27.38	1	8	
3	188.28	200.67	33.08	85.89	193.03	0	
4	33.08	85.89	17.00	74.00	20.00	1	11	

5	12	75.472	4
1	232.00	233.00	246.31	255.90	27.00	2	5	8	
2	246.31	255.90	247.93	258.49	3.05	1	8	
3	247.93	258.49	251.33	263.93	6.42	0	
4	251.33	263.93	272.00	297.00	39.00	1	12	

5	13	69.029	7
1	232.00	233.00	231.67	221.63	11.38	2	5	8	
2	231.67	221.63	231.30	208.98	12.65	3	4	5	8	
3	231.30	208.98	231.22	206.01	2.97	3	4	8	13	
4	231.22	206.01	231.12	202.56	3.45	3	4	8	13	
5	231.12	202.56	230.80	191.56	11.01	2	4	13	
6	230.80	191.56	230.26	172.89	18.67	3	4	13	14	
7	230.26	172.89	230.00	164.00	8.90	2	13	14	

5	14	77.878	7
1	232.00	233.00	229.24	220.67	12.63	2	5	8	
2	229.24	220.67	226.60	208.87	12.09	3	4	5	8	
3	226.60	208.87	226.11	206.65	2.28	3	4	5	8	
4	226.11	206.65	224.44	199.18	7.65	2	4	13	
5	224.44	199.18	223.29	194.08	5.23	2	4	13	
6	223.29	194.08	220.18	180.17	14.26	3	4	13	14	
7	220.18	180.17	215.00	157.00	23.74	2	13	14	

5	15	202.766	8
1	232.00	233.00	216.69	210.76	27.00	2	5	8	
2	216.69	210.76	213.25	205.76	6.07	1	8	
3	213.25	205.76	206.54	196.02	11.83	2	8	13	
4	206.54	196.02	204.89	193.63	2.91	1	13	
5	204.89	193.63	185.01	164.76	35.06	2	13	14	
6	185.01	164.76	177.17	153.38	13.81	1	14	
7	177.17	153.38	119.27	69.29	102.10	0	
8	119.27	69.29	117.00	66.00	4.00	1	15	

6	0	224.002	4
1	231.00	299.00	219.00	298.95	12.00	1	6	
2	219.00	298.95	104.42	298.43	114.58	0	
3	104.42	298.43	89.15	298.37	15.27	1	9	
4	89.15	298.37	7.00	298.00	82.15	0	

6	1	152.279	9
1	231.00	299.00	233.17	293.41	6.00	1	6	
2	233.17	293.41	235.33	287.81	6.00	2	6	12	
3	235.33	287.81	240.88	273.50	15.35	1	12	
4	240.88	273.50	244.12	265.13	8.98	0	
5	244.12	265.13	248.20	254.60	11.29	1	8	
6	248.20	254.60	251.62	245.76	9.48	2	5	8	
7	251.62	245.76	258.52	227.94	19.11	1	5	
8	258.52	227.94	283.83	162.60	70.08	0	
9	283.83	162.60	286.00	157.00	6.00	1	1	

6	2	193.610	11
1	231.00	299.00	228.40	287.29	12.00	1	6	
2	228.40	287.29	226.74	279.81	7.66	0	
3	226.74	279.81	221.90	258.04	22.30	1	8	
4	221.90	258.04	212.24	214.60	44.50	2	5	8	
5	212.24	214.60	209.95	204.29	10.56	1	8	
6	209.95	204.29	208.11	196.00	8.49	1	13	
7	208.11	196.00	207.73	194.30	1.74	1	13	
8	207.73	194.30	195.51	139.29	56.35	2	13	14	
9	195.51	139.29	194.78	135.99	3.37	3	2	13	14	
10	194.78	135.99	192.62	126.29	9.94	2	2	14	
11	192.62	126.29	189.00	110.00	16.69	1	2	

6	3	147.489	5
1	231.00	299.00	219.04	298.02	12.00	1	6	
2	219.04	298.02	124.83	290.33	94.53	0	
3	124.83	290.33	90.98	287.57	33.96	1	9	
4	90.98	287.57	85.77	287.14	5.22	2	3	9	
5	85.77	287.14	84.00	287.00	1.78	3	3	7	9	

6	4	102.396	8
1	231.00	299.00	232.05	287.05	12.00	1	6	
2	232.05	287.05	233.01	276.20	10.89	0	
3	233.01	276.20	234.45	259.89	16.37	1	8	
4	234.45	259.89	237.71	222.90	37.13	2	5	8	
5	237.71	222.90	238.96	208.74	14.21	2	4	5	
6	238.96	208.74	239.02	208.09	0.66	2	4	5	
7	239.02	208.09	239.12	206.96	1.13	3	4	5	13	
8	239.12	206.96	240.00	197.00	9.99	2	4	13	

6	5	66.008	4
1	231.00	299.00	231.18	287.00	12.00	1	6	
2	231.18	287.00	231.33	277.31	9.70	0	
3	231.33	277.31	231.59	259.99	17.31	1	8	
4	231.59	259.99	232.00	233.00	27.00	2	5	8	

6	6	0	0

6	7	162.742	4
1	231.00	299.00	219.35	296.12	12.00	1	6	
2	219.35	296.12	138.44	276.15	83.34	0	
3	138.44	276.15	102.13	267.19	37.40	1	9	
4	102.13	267.19	73.00	260.00	30.00	2	7	9	

6	8	63.325	4
1	231.00	299.00	226.64	287.82	12.00	1	6	
2	226.64	287.82	223.98	281.00	7.32	0	
3	223.98	281.00	212.59	251.76	31.37	0	
4	212.59	251.76	208.00	240.00	12.63	2	5	8	

6	9	142.678	4
1	231.00	299.00	219.73	294.88	12.00	1	6	
2	219.73	294.88	143.02	266.83	81.68	0	
3	143.02	266.83	101.85	251.77	43.84	1	9	
4	101.85	251.77	97.00	250.00	5.16	2	7	9	

6	10	172.285	7
1	231.00	299.00	219.09	297.54	12.00	1	6	
2	219.09	297.54	129.63	286.55	90.13	0	
3	129.63	286.55	93.30	282.09	36.61	1	9	
4	93.30	282.09	88.30	281.48	5.04	2	7	9	
5	88.30	281.48	81.17	280.60	7.19	3	3	7	9	
6	81.17	280.60	76.87	280.07	4.33	2	7	9	
7	76.87	280.07	60.00	278.00	17.00	3	7	9	10	

6	11	310.517	5
1	231.00	299.00	222.73	290.30	12.00	1	6	
2	222.73	290.30	216.03	283.26	9.72	0	
3	216.03	283.26	165.20	229.81	73.76	1	8	
4	165.20	229.81	30.78	88.49	195.03	0	
5	30.78	88.49	17.00	74.00	20.00	1	11	

6	12	41.049	3
1	231.00	299.00	233.05	298.90	2.05	1	6	
2	233.05	298.90	242.99	298.42	9.95	2	6	12	
3	242.99	298.42	272.00	297.00	29.05	1	12	

6	13	135.004	10
1	231.00	299.00	230.91	287.00	12.00	0	
2	230.91	287.00	230.84	277.60	9.40	0	
3	230.84	277.60	230.71	259.97	17.63	1	8	
4	230.71	259.97	230.42	221.17	38.80	1	8	
5	230.42	221.17	230.33	209.00	12.18	2	5	8	
6	230.33	209.00	230.31	206.05	2.94	3	4	8	13	
7	230.31	206.05	230.28	202.06	4.00	2	4	13	
8	230.28	202.06	230.21	191.82	10.23	2	4	13	
9	230.21	191.82	230.07	172.98	18.85	3	4	13	14	
10	230.07	172.98	230.00	164.00	8.98	2	13	14	

6	14	142.899	10
1	231.00	299.00	229.66	287.08	12.00	1	6	
2	229.66	287.08	228.73	278.81	8.31	0	
3	228.73	278.81	226.54	259.44	19.49	1	8	
4	226.54	259.44	221.57	215.34	44.38	2	5	8	
5	221.57	215.34	220.80	208.43	6.95	2	4	8	
6	220.80	208.43	220.75	208.04	0.40	2	4	8	
7	220.75	208.04	219.57	197.55	10.56	3	4	8	13	
8	219.57	197.55	219.25	194.76	2.80	2	4	13	
9	219.25	194.76	217.95	183.22	11.62	2	4	13	
10	217.95	183.22	215.00	157.00	26.38	2	13	14	

6	15	259.394	5
1	231.00	299.00	225.73	288.22	12.00	1	6	
2	225.73	288.22	222.46	281.55	7.42	0	
3	222.46	281.55	184.07	203.08	87.37	1	8	
4	184.07	203.08	118.76	69.59	148.61	0	
5	118.76	69.59	117.00	66.00	4.00	1	15	

7	0	76.158	5
1	73.00	260.00	67.89	262.94	5.90	2	7	9	
2	67.89	262.94	52.98	271.53	17.20	3	7	9	10	
3	52.98	271.53	47.00	274.97	6.90	2	7	10	
4	47.00	274.97	43.02	277.26	4.60	1	10	
5	43.02	277.26	7.00	298.00	41.56	0	

7	1	236.597	12
1	73.00	260.00	100.01	246.94	30.00	2	7	9	
2	100.01	246.94	140.46	227.38	44.94	1	9	
3	140.46	227.38	175.35	210.51	38.75	0	
4	175.35	210.51	200.77	198.21	28.24	1	8	
5	200.77	198.21	205.16	196.09	4.88	2	8	13	
6	205.16	196.09	208.56	194.45	3.77	1	13	
7	208.56	194.45	214.58	191.54	6.69	2	13	14	
8	214.58	191.54	248.36	175.20	37.52	3	4	13	14	
9	248.36	175.20	251.50	173.68	3.49	2	4	13	
10	251.50	173.68	274.97	162.33	26.07	1	13	
11	274.97	162.33	280.60	159.61	6.25	0	
12	280.60	159.61	286.00	157.00	6.00	1	1	

7	2	189.621	4
1	73.00	260.00	91.35	236.27	30.00	2	7	9	
2	91.35	236.27	115.74	204.73	39.87	1	9	
3	115.74	204.73	170.65	133.73	89.75	0	
4	170.65	133.73	189.00	110.00	30.00	1	2	

7	3	29.155	2
1	73.00	260.00	81.36	280.52	22.15	2	7	9	
2	81.36	280.52	84.00	287.00	7.00	3	3	7	9	

7	4	178.488	7
1	73.00	260.00	101.07	249.41	30.00	2	7	9	
2	101.07	249.41	143.15	233.54	44.98	1	9	
3	143.15	233.54	166.77	224.62	25.25	0	
4	166.77	224.62	215.01	206.43	51.55	1	8	
5	215.01	206.43	215.67	206.18	0.71	2	8	13	
6	215.67	206.18	228.80	201.23	14.03	3	4	8	13	
7	228.80	201.23	240.00	197.00	11.97	2	4	13	

7	5	161.276	5
1	73.00	260.00	102.58	254.98	30.00	2	7	9	
2	102.58	254.98	145.94	247.61	43.99	1	9	
3	145.94	247.61	164.23	244.51	18.55	0	
4	164.23	244.51	205.38	237.52	41.74	1	8	
5	205.38	237.52	232.00	233.00	27.00	2	5	8	

7	6	162.742	4
1	73.00	260.00	102.13	267.19	30.00	2	7	9	
2	102.13	267.19	138.44	276.15	37.40	1	9	
3	138.44	276.15	219.35	296.12	83.34	0	
4	219.35	296.12	231.00	299.00	12.00	1	6	

7	7	0	0

7	8	136.473	5
1	73.00	260.00	102.68	255.60	30.00	2	7	9	
2	102.68	255.60	145.99	249.19	43.79	1	9	
3	145.99	249.19	164.47	246.45	18.68	0	
4	164.47	246.45	206.00	240.30	41.98	1	8	
5	206.00	240.30	208.00	240.00	2.02	2	5	8	

7	9	26.000	1
1	73.00	260.00	97.00	250.00	26.00	2	7	9	

7	10	22.204	2
1	73.00	260.00	69.95	264.22	5.20	2	7	9	
2	69.95	264.22	60.00	278.00	17.00	3	7	9	10	

7	11	194.247	4
1	73.00	260.00	64.35	231.27	30.00	2	7	9	
2	64.35	231.27	60.24	217.61	14.27	1	9	
3	60.24	217.61	22.77	93.15	129.97	0	
4	22.77	93.15	17.00	74.00	20.00	1	11	

7	12	202.410	6
1	73.00	260.00	102.49	265.48	30.00	2	7	9	
2	102.49	265.48	140.50	272.55	38.66	1	9	
3	140.50	272.55	225.47	288.35	86.43	0	
4	225.47	288.35	233.66	289.87	8.33	1	6	
5	233.66	289.87	239.99	291.05	6.44	2	6	12	
6	239.99	291.05	272.00	297.00	32.56	1	12	

7	13	184.024	5
1	73.00	260.00	98.59	244.35	30.00	2	7	9	
2	98.59	244.35	136.58	221.12	44.53	1	9	
3	136.58	221.12	191.61	187.48	64.49	0	
4	191.61	187.48	191.99	187.24	0.45	1	13	
5	191.99	187.24	230.00	164.00	44.55	2	13	14	

7	14	175.422	5
1	73.00	260.00	97.28	242.39	30.00	2	7	9	
2	97.28	242.39	132.84	216.59	43.93	1	9	
3	132.84	216.59	184.24	179.31	63.49	0	
4	184.24	179.31	187.01	177.30	3.42	1	14	
5	187.01	177.30	215.00	157.00	34.58	2	13	14	

7	15	198.927	4
1	73.00	260.00	79.64	230.74	30.00	2	7	9	
2	79.64	230.74	86.10	202.23	29.24	0	
3	86.10	202.23	116.12	69.90	135.69	0	
4	116.12	69.90	117.00	66.00	4.00	1	15	

8	0	209.201	9
1	208.00	240.00	206.08	240.55	2.00	2	5	8	
2	206.08	240.55	165.72	252.20	42.00	1	8	
3	165.72	252.20	145.33	258.08	21.23	0	
4	145.33	258.08	100.95	270.89	46.18	1	9	
5	100.95	270.89	77.00	277.80	24.93	2	7	9	
6	77.00	277.80	60.41	282.59	17.27	3	7	9	10	
7	60.41	282.59	55.14	284.11	5.48	2	7	10	
8	55.14	284.11	45.51	286.89	10.03	1	10	
9	45.51	286.89	7.00	298.00	40.08	0	

8	1	113.899	8
1	208.00	240.00	227.16	219.61	27.98	2	5	8	
2	227.16	219.61	237.77	208.32	15.49	3	4	5	8	
3	237.77	208.32	238.13	207.94	0.53	4	4	5	8	13	
4	238.13	207.94	239.07	206.94	1.37	3	4	5	13	
5	239.07	206.94	261.77	182.78	33.15	2	4	13	
6	261.77	182.78	274.72	169.00	18.91	1	13	
7	274.72	169.00	281.89	161.37	10.47	0	
8	281.89	161.37	286.00	157.00	6.00	1	1	

8	2	131.381	8
1	208.00	240.00	205.94	225.93	14.22	2	5	8	
2	205.94	225.93	202.05	199.26	26.94	1	8	
3	202.05	199.26	201.64	196.46	2.83	1	13	
4	201.64	196.46	201.03	192.34	4.17	1	13	
5	201.03	192.34	193.34	139.68	53.22	2	13	14	
6	193.34	139.68	193.12	138.21	1.49	3	2	13	14	
7	193.12	138.21	191.50	127.13	11.19	2	2	14	
8	191.50	127.13	189.00	110.00	17.32	1	2	

8	3	132.608	6
1	208.00	240.00	206.12	240.71	2.01	2	5	8	
2	206.12	240.71	166.86	255.59	41.99	1	8	
3	166.86	255.59	143.86	264.31	24.59	0	
4	143.86	264.31	90.55	284.52	57.02	1	9	
5	90.55	284.52	89.98	284.73	0.61	2	3	9	
6	89.98	284.73	84.00	287.00	6.39	3	3	7	9	

8	4	53.600	5
1	208.00	240.00	224.48	217.86	27.60	2	5	8	
2	224.48	217.86	231.08	208.99	11.06	3	4	5	8	
3	231.08	208.99	233.28	206.03	3.69	4	4	5	8	13	
4	233.28	206.03	234.27	204.70	1.66	3	4	8	13	
5	234.27	204.70	240.00	197.00	9.60	2	4	13	

8	5	25.000	1
1	208.00	240.00	232.00	233.00	25.00	2	5	8	

8	6	63.325	4
1	208.00	240.00	212.59	251.76	12.63	2	5	8	
2	212.59	251.76	223.98	281.00	31.37	0	
3	223.98	281.00	226.64	287.82	7.32	0	
4	226.64	287.82	231.00	299.00	12.00	1	6	

8	7	136.473	5
1	208.00	240.00	206.00	240.30	2.02	2	5	8	
2	206.00	240.30	164.47	246.45	41.98	1	8	
3	164.47	246.45	145.99	249.19	18.68	0	
4	145.99	249.19	102.68	255.60	43.79	1	9	
5	102.68	255.60	73.00	260.00	30.00	2	7	9	

8	8	0	0

8	9	111.450	5
1	208.00	240.00	205.97	240.18	2.04	2	5	8	
2	205.97	240.18	164.18	243.95	41.96	1	8	
3	164.18	243.95	145.80	245.60	18.45	0	
4	145.80	245.60	101.15	249.63	44.83	1	9	
5	101.15	249.63	97.00	250.00	4.17	2	7	9	

8	10	152.801	6
1	208.00	240.00	206.06	240.50	2.00	2	5	8	
2	206.06	240.50	165.38	250.94	42.00	1	8	
3	165.38	250.94	145.63	256.01	20.39	0	
4	145.63	256.01	102.13	267.18	44.91	1	9	
5	102.13	267.18	76.47	273.77	26.49	2	7	9	
6	76.47	273.77	60.00	278.00	17.00	3	7	9	10	

8	11	253.055	4
1	208.00	240.00	205.42	237.76	3.41	2	5	8	
2	205.42	237.76	174.79	211.14	40.59	1	8	
3	174.79	211.14	32.10	87.12	189.06	0	
4	32.10	87.12	17.00	74.00	20.00	1	11	

8	12	85.703	4
1	208.00	240.00	230.40	259.95	30.00	2	5	8	
2	230.40	259.95	240.86	269.26	14.00	1	8	
3	240.86	269.26	242.88	271.06	2.70	0	
4	242.88	271.06	272.00	297.00	39.00	1	12	

8	13	79.120	7
1	208.00	240.00	216.41	210.96	30.23	2	5	8	
2	216.41	210.96	216.96	209.05	1.99	1	8	
3	216.96	209.05	217.49	207.23	1.90	2	4	8	
4	217.49	207.23	220.23	197.74	9.88	2	4	13	
5	220.23	197.74	221.17	194.50	3.37	2	4	13	
6	221.17	194.50	226.96	174.51	20.81	3	4	13	14	
7	226.96	174.51	230.00	164.00	10.94	2	13	14	

8	14	83.295	5
1	208.00	240.00	209.90	217.49	22.59	2	5	8	
2	209.90	217.49	210.97	204.78	12.76	1	8	
3	210.97	204.78	211.70	196.16	8.65	2	8	13	
4	211.70	196.16	211.81	194.87	1.29	1	13	
5	211.81	194.87	215.00	157.00	38.00	1	13	

8	15	196.359	4
1	208.00	240.00	205.03	234.33	6.40	2	5	8	
2	205.03	234.33	187.61	201.01	37.60	1	8	
3	187.61	201.01	118.85	69.54	148.36	0	
4	118.85	69.54	117.00	66.00	4.00	1	15	

9	0	102.000	4
1	97.00	250.00	70.12	264.34	30.47	2	7	9	
2	70.12	264.34	47.78	276.25	25.31	2	7	10	
3	47.78	276.25	43.02	278.79	5.40	1	10	
4	43.02	278.79	7.00	298.00	40.82	0	

9	1	210.642	12
1	97.00	250.00	100.60	248.23	4.01	2	7	9	
2	100.60	248.23	140.97	228.37	44.99	1	9	
3	140.97	228.37	173.95	212.14	36.76	0	
4	173.95	212.14	201.31	198.67	30.50	1	8	
5	201.31	198.67	206.70	196.02	6.01	2	8	13	
6	206.70	196.02	209.57	194.61	3.19	1	13	
7	209.57	194.61	214.45	192.21	5.44	2	13	14	
8	214.45	192.21	248.11	175.64	37.52	3	4	13	14	
9	248.11	175.64	251.80	173.83	4.11	2	4	13	
10	251.80	173.83	274.97	162.43	25.83	1	13	
11	274.97	162.43	280.62	159.65	6.29	0	
12	280.62	159.65	286.00	157.00	6.00	1	1	

9	2	167.523	4
1	97.00	250.00	99.58	246.08	4.69	2	7	9	
2	99.58	246.08	123.91	209.05	44.31	1	9	
3	123.91	209.05	172.52	135.07	88.52	0	
4	172.52	135.07	189.00	110.00	30.00	1	2	

9	3	39.217	2
1	97.00	250.00	86.32	280.40	32.22	2	7	9	
2	86.32	280.40	84.00	287.00	7.00	3	3	7	9	

9	4	152.506	7
1	97.00	250.00	100.75	248.61	4.00	2	7	9	
2	100.75	248.61	142.95	232.97	45.00	1	9	
3	142.95	232.97	166.99	224.06	25.64	0	
4	166.99	224.06	214.78	206.35	50.97	1	8	
5	214.78	206.35	215.62	206.04	0.90	2	8	13	
6	215.62	206.04	228.72	201.18	13.97	3	4	8	13	
7	228.72	201.18	240.00	197.00	12.03	2	4	13	

9	5	136.066	5
1	97.00	250.00	101.10	249.48	4.13	2	7	9	
2	101.10	249.48	145.62	243.88	44.87	1	9	
3	145.62	243.88	164.03	241.56	18.56	0	
4	164.03	241.56	205.21	236.37	41.51	1	8	
5	205.21	236.37	232.00	233.00	27.00	2	5	8	

9	6	142.678	4
1	97.00	250.00	101.85	251.77	5.16	2	7	9	
2	101.85	251.77	143.02	266.83	43.84	1	9	
3	143.02	266.83	219.73	294.88	81.68	0	
4	219.73	294.88	231.00	299.00	12.00	1	6	

9	7	26.000	1
1	97.00	250.00	73.00	260.00	26.00	2	7	9	

9	8	111.450	5
1	97.00	250.00	101.15	249.63	4.17	2	7	9	
2	101.15	249.63	145.80	245.60	44.83	1	9	
3	145.80	245.60	164.18	243.95	18.45	0	
4	164.18	243.95	205.97	240.18	41.96	1	8	
5	205.97	240.18	208.00	240.00	2.04	2	5	8	

9	9	0	0

9	10	46.400	2
1	97.00	250.00	73.56	267.74	29.40	2	7	9	
2	73.56	267.74	60.00	278.00	17.00	3	7	9	10	

9	11	193.329	4
1	97.00	250.00	90.45	235.60	15.82	2	7	9	
2	90.45	235.60	76.72	205.39	33.18	1	9	
3	76.72	205.39	25.28	92.21	124.33	0	
4	25.28	92.21	17.00	74.00	20.00	1	11	

9	12	181.202	6
1	97.00	250.00	101.70	251.26	4.87	2	7	9	
2	101.70	251.26	144.32	262.71	44.13	1	9	
3	144.32	262.71	177.37	271.58	34.21	0	
4	177.37	271.58	218.69	282.68	42.79	1	8	
5	218.69	282.68	234.33	286.88	16.20	0	
6	234.33	286.88	272.00	297.00	39.00	1	12	

9	13	158.382	5
1	97.00	250.00	100.41	247.80	4.06	2	7	9	
2	100.41	247.80	138.15	223.39	44.94	1	9	
3	138.15	223.39	192.21	188.43	64.38	0	
4	192.21	188.43	192.96	187.95	0.89	1	13	
5	192.96	187.95	230.00	164.00	44.11	2	13	14	

9	14	150.243	5
1	97.00	250.00	100.25	247.44	4.13	2	7	9	
2	100.25	247.44	135.48	219.67	44.87	1	9	
3	135.48	219.67	185.16	180.52	63.24	0	
4	185.16	180.52	187.47	178.70	2.95	1	14	
5	187.47	178.70	215.00	157.00	35.05	2	13	14	

9	15	185.084	4
1	97.00	250.00	97.76	243.05	6.99	1	9	
2	97.76	243.05	102.29	201.29	42.01	1	9	
3	102.29	201.29	116.57	69.98	132.08	0	
4	116.57	69.98	117.00	66.00	4.00	1	15	

10	0	56.648	4
1	60.00	278.00	57.47	278.95	2.70	3	7	9	10	
2	57.47	278.95	51.70	281.13	6.16	2	7	10	
3	51.70	281.13	44.09	284.00	8.13	1	10	
4	44.09	284.00	7.00	298.00	39.65	0	

10	1	256.353	13
1	60.00	278.00	74.99	269.98	17.00	3	7	9	10	
2	74.99	269.98	102.61	255.19	31.33	2	7	9	
3	102.61	255.19	143.13	233.49	45.97	1	9	
4	143.13	233.49	168.99	219.65	29.33	0	
5	168.99	219.65	204.14	200.83	39.87	1	8	
6	204.14	200.83	212.69	196.25	9.70	2	8	13	
7	212.69	196.25	214.04	195.53	1.53	1	13	
8	214.04	195.53	215.02	195.00	1.12	2	4	13	
9	215.02	195.00	246.61	178.09	35.83	3	4	13	14	
10	246.61	178.09	253.17	174.58	7.43	2	4	13	
11	253.17	174.58	274.99	162.90	24.75	1	13	
12	274.99	162.90	280.71	159.83	6.49	0	
13	280.71	159.83	286.00	157.00	6.00	1	1	

10	2	211.814	5
1	60.00	278.00	70.35	264.52	17.00	3	7	9	10	
2	70.35	264.52	91.78	236.61	35.19	2	7	9	
3	91.78	236.61	116.14	204.89	39.99	1	9	
4	116.14	204.89	170.73	133.79	89.64	0	
5	170.73	133.79	189.00	110.00	30.00	1	2	

10	3	25.632	3
1	60.00	278.00	75.92	283.97	17.00	3	7	9	10	
2	75.92	283.97	77.45	284.54	1.63	2	7	9	
3	77.45	284.54	84.00	287.00	7.00	3	3	7	9	

10	4	197.385	8
1	60.00	278.00	75.50	271.02	17.00	3	7	9	10	
2	75.50	271.02	102.97	258.66	30.12	2	7	9	
3	102.97	258.66	144.92	239.78	46.01	1	9	
4	144.92	239.78	164.98	230.76	22.00	0	
5	164.98	230.76	216.29	207.67	56.26	1	8	
6	216.29	207.67	217.36	207.19	1.17	2	4	8	
7	217.36	207.19	229.61	201.67	13.44	3	4	8	13	
8	229.61	201.67	240.00	197.00	11.39	2	4	13	

10	5	177.789	6
1	60.00	278.00	76.45	273.70	17.00	3	7	9	10	
2	76.45	273.70	102.18	266.96	26.60	2	7	9	
3	102.18	266.96	145.68	255.58	44.96	1	9	
4	145.68	255.58	165.26	250.46	20.24	0	
5	165.26	250.46	205.88	239.83	41.98	1	8	
6	205.88	239.83	232.00	233.00	27.00	2	5	8	

10	6	172.285	7
1	60.00	278.00	76.87	280.07	17.00	3	7	9	10	
2	76.87	280.07	81.17	280.60	4.33	2	7	9	
3	81.17	280.60	88.30	281.48	7.19	3	3	7	9	
4	88.30	281.48	93.30	282.09	5.04	2	7	9	
5	93.30	282.09	129.63	286.55	36.61	1	9	
6	129.63	286.55	219.09	297.54	90.13	0	
7	219.09	297.54	231.00	299.00	12.00	1	6	

10	7	22.204	2
1	60.00	278.00	69.95	264.22	17.00	3	7	9	10	
2	69.95	264.22	73.00	260.00	5.20	2	7	9	

10	8	152.801	6
1	60.00	278.00	76.47	273.77	17.00	3	7	9	10	
2	76.47	273.77	102.13	267.18	26.49	2	7	9	
3	102.13	267.18	145.63	256.01	44.91	1	9	
4	145.63	256.01	165.38	250.94	20.39	0	
5	165.38	250.94	206.06	240.50	42.00	1	8	
6	206.06	240.50	208.00	240.00	2.00	2	5	8	

10	9	46.400	2
1	60.00	278.00	73.56	267.74	17.00	3	7	9	10	
2	73.56	267.74	97.00	250.00	29.40	2	7	9	

10	10	0	0

10	11	208.483	5
1	60.00	278.00	56.49	261.37	17.00	3	7	9	10	
2	56.49	261.37	51.74	238.83	23.03	2	7	9	
3	51.74	238.83	50.71	233.93	5.01	1	9	
4	50.71	233.93	21.12	93.57	143.44	0	
5	21.12	93.57	17.00	74.00	20.00	1	11	

10	12	212.850	9
1	60.00	278.00	76.93	279.52	17.00	3	7	9	10	
2	76.93	279.52	83.05	280.07	6.14	2	7	9	
3	83.05	280.07	86.17	280.35	3.14	3	3	7	9	
4	86.17	280.35	94.35	281.08	8.21	2	7	9	
5	94.35	281.08	131.86	284.44	37.66	1	9	
6	131.86	284.44	220.96	292.43	89.46	0	
7	220.96	292.43	233.16	293.52	12.24	1	6	
8	233.16	293.52	242.05	294.32	8.93	2	6	12	
9	242.05	294.32	272.00	297.00	30.07	1	12	

10	13	204.685	6
1	60.00	278.00	74.12	268.53	17.00	3	7	9	10	
2	74.12	268.53	101.37	250.26	32.81	2	7	9	
3	101.37	250.26	139.11	224.95	45.44	1	9	
4	139.11	224.95	192.63	189.06	64.43	0	
5	192.63	189.06	193.61	188.41	1.18	1	13	
6	193.61	188.41	230.00	164.00	43.82	2	13	14	

10	14	196.637	6
1	60.00	278.00	73.40	267.54	17.00	3	7	9	10	
2	73.40	267.54	99.95	246.82	33.68	2	7	9	
3	99.95	246.82	135.19	219.30	44.71	1	9	
4	135.19	219.30	185.05	180.38	63.25	0	
5	185.05	180.38	187.41	178.54	3.00	1	14	
6	187.41	178.54	215.00	157.00	35.00	2	13	14	

10	15	219.529	5
1	60.00	278.00	64.41	261.58	17.00	3	7	9	10	
2	64.41	261.58	72.91	230.00	32.70	2	7	9	
3	72.91	230.00	79.87	204.09	26.83	1	9	
4	79.87	204.09	115.96	69.86	139.00	0	
5	115.96	69.86	117.00	66.00	4.00	1	15	

11	0	224.223	2
1	17.00	74.00	16.11	93.98	20.00	0	
2	16.11	93.98	7.00	298.00	204.22	0	

11	1	281.514	9
1	17.00	74.00	36.11	79.90	20.00	1	11	
2	36.11	79.90	160.13	118.16	129.79	0	
3	160.13	118.16	190.87	127.65	32.17	1	2	
4	190.87	127.65	200.00	130.46	9.55	2	2	14	
5	200.00	130.46	208.25	133.01	8.64	3	2	13	14	
6	208.25	133.01	251.48	146.35	45.24	2	13	14	
7	251.48	146.35	273.68	153.20	23.24	1	13	
8	273.68	153.20	280.27	155.23	6.89	0	
9	280.27	155.23	286.00	157.00	6.00	1	1	

11	2	175.727	3
1	17.00	74.00	36.58	78.10	20.00	1	11	
2	36.58	78.10	159.64	103.85	125.73	0	
3	159.64	103.85	189.00	110.00	30.00	1	2	

11	3	223.289	5
1	17.00	74.00	23.00	93.08	20.00	1	11	
2	23.00	93.08	61.68	216.04	128.90	0	
3	61.68	216.04	66.31	230.76	15.43	1	9	
4	66.31	230.76	81.90	280.32	51.96	2	7	9	
5	81.90	280.32	84.00	287.00	7.00	3	3	7	9	

11	4	254.672	6
1	17.00	74.00	34.51	83.66	20.00	1	11	
2	34.51	83.66	177.40	162.47	163.18	0	
3	177.40	162.47	185.08	166.71	8.78	1	14	
4	185.08	166.71	217.23	184.44	36.72	2	13	14	
5	217.23	184.44	230.43	191.72	15.08	3	4	13	14	
6	230.43	191.72	240.00	197.00	10.92	2	4	13	

11	5	267.406	4
1	17.00	74.00	33.08	85.89	20.00	1	11	
2	33.08	85.89	188.28	200.67	193.03	0	
3	188.28	200.67	210.29	216.95	27.38	1	8	
4	210.29	216.95	232.00	233.00	27.00	2	5	8	

11	6	310.517	5
1	17.00	74.00	30.78	88.49	20.00	1	11	
2	30.78	88.49	165.20	229.81	195.03	0	
3	165.20	229.81	216.03	283.26	73.76	1	8	
4	216.03	283.26	222.73	290.30	9.72	0	
5	222.73	290.30	231.00	299.00	12.00	1	6	

11	7	194.247	4
1	17.00	74.00	22.77	93.15	20.00	1	11	
2	22.77	93.15	60.24	217.61	129.97	0	
3	60.24	217.61	64.35	231.27	14.27	1	9	
4	64.35	231.27	73.00	260.00	30.00	2	7	9	

11	8	253.055	4
1	17.00	74.00	32.10	87.12	20.00	1	11	
2	32.10	87.12	174.79	211.14	189.06	0	
3	174.79	211.14	205.42	237.76	40.59	1	8	
4	205.42	237.76	208.00	240.00	3.41	2	5	8	

11	9	193.329	4
1	17.00	74.00	25.28	92.21	20.00	1	11	
2	25.28	92.21	76.72	205.39	124.33	0	
3	76.72	205.39	90.45	235.60	33.18	1	9	
4	90.45	235.60	97.00	250.00	15.82	2	7	9	

11	10	208.483	5
1	17.00	74.00	21.12	93.57	20.00	1	11	
2	21.12	93.57	50.71	233.93	143.44	0	
3	50.71	233.93	51.74	238.83	5.01	1	9	
4	51.74	238.83	56.49	261.37	23.03	2	7	9	
5	56.49	261.37	60.00	278.00	17.00	3	7	9	10	

11	11	0	0

11	12	338.754	7
1	17.00	74.00	32.06	87.17	20.00	1	11	
2	32.06	87.17	174.37	211.62	189.06	0	
3	174.37	211.62	205.67	239.00	41.58	1	8	
4	205.67	239.00	229.56	259.89	31.74	2	5	8	
5	229.56	259.89	240.61	269.54	14.67	1	8	
6	240.61	269.54	242.64	271.33	2.71	0	
7	242.64	271.33	272.00	297.00	39.00	1	12	

11	13	231.234	4
1	17.00	74.00	35.42	81.78	20.00	1	11	
2	35.42	81.78	179.76	142.77	156.70	0	
3	179.76	142.77	188.55	146.49	9.54	1	14	
4	188.55	146.49	230.00	164.00	45.00	2	13	14	

11	14	214.693	4
1	17.00	74.00	35.45	81.73	20.00	1	11	
2	35.45	81.73	179.95	142.31	156.69	0	
3	179.95	142.31	188.76	146.00	9.54	1	14	
4	188.76	146.00	215.00	157.00	28.46	2	13	14	

11	15	100.319	3
1	17.00	74.00	36.94	72.41	20.00	1	11	
2	36.94	72.41	113.01	66.32	76.32	0	
3	113.01	66.32	117.00	66.00	4.00	1	15	

12	0	265.002	6
1	272.00	297.00	242.85	297.11	29.15	1	12	
2	242.85	297.11	233.00	297.15	9.85	2	6	12	
3	233.00	297.15	219.14	297.20	13.86	1	6	
4	219.14	297.20	108.56	297.62	110.58	0	
5	108.56	297.62	85.80	297.70	22.76	1	9	
6	85.80	297.70	7.00	298.00	78.80	0	

12	1	140.698	3
1	272.00	297.00	275.88	258.19	39.00	1	12	
2	275.88	258.19	285.40	162.97	95.70	0	
3	285.40	162.97	286.00	157.00	6.00	1	1	

12	2	204.592	13
1	272.00	297.00	256.18	261.35	39.00	1	12	
2	256.18	261.35	251.76	251.40	10.89	0	
3	251.76	251.40	250.95	249.57	2.00	1	5	
4	250.95	249.57	239.15	222.99	29.08	2	5	8	
5	239.15	222.99	232.90	208.91	15.40	3	4	5	8	
6	232.90	208.91	231.61	206.00	3.18	3	4	5	8	
7	231.61	206.00	229.72	201.73	4.67	3	4	8	13	
8	229.72	201.73	226.00	193.37	9.15	2	4	13	
9	226.00	193.37	220.16	180.20	14.41	3	4	13	14	
10	220.16	180.20	201.17	137.42	46.80	2	13	14	
11	201.17	137.42	198.64	131.72	6.23	3	2	13	14	
12	198.64	131.72	195.41	124.44	7.97	1	2	
13	195.41	124.44	189.00	110.00	15.80	1	2	

12	3	188.266	7
1	272.00	297.00	242.46	295.43	29.59	1	12	
2	242.46	295.43	233.06	294.93	9.41	2	6	12	
3	233.06	294.93	219.99	294.23	13.09	1	6	
4	219.99	294.23	126.33	289.25	93.79	0	
5	126.33	289.25	90.99	287.37	35.39	1	9	
6	90.99	287.37	85.87	287.10	5.13	2	3	9	
7	85.87	287.10	84.00	287.00	1.87	3	3	7	9	

12	4	104.995	8
1	272.00	297.00	260.11	259.86	39.00	0	
2	260.11	259.86	255.67	245.98	14.57	0	
3	255.67	245.98	251.35	232.47	14.18	1	5	
4	251.35	232.47	247.92	221.76	11.25	2	5	8	
5	247.92	221.76	247.67	220.96	0.84	3	4	5	8	
6	247.67	220.96	243.74	208.69	12.89	2	4	5	
7	243.74	208.69	243.21	207.02	1.75	1	4	
8	243.21	207.02	240.00	197.00	10.52	1	4	

12	5	75.472	4
1	272.00	297.00	251.33	263.93	39.00	1	12	
2	251.33	263.93	247.93	258.49	6.42	0	
3	247.93	258.49	246.31	255.90	3.05	1	8	
4	246.31	255.90	232.00	233.00	27.00	2	5	8	

12	6	41.049	3
1	272.00	297.00	242.99	298.42	29.05	1	12	
2	242.99	298.42	233.05	298.90	9.95	2	6	12	
3	233.05	298.90	231.00	299.00	2.05	1	6	

12	7	202.410	6
1	272.00	297.00	239.99	291.05	32.56	1	12	
2	239.99	291.05	233.66	289.87	6.44	2	6	12	
3	233.66	289.87	225.47	288.35	8.33	1	6	
4	225.47	288.35	140.50	272.55	86.43	0	
5	140.50	272.55	102.49	265.48	38.66	1	9	
6	102.49	265.48	73.00	260.00	30.00	2	7	9	

12	8	85.703	4
1	272.00	297.00	242.88	271.06	39.00	1	12	
2	242.88	271.06	240.86	269.26	2.70	0	
3	240.86	269.26	230.40	259.95	14.00	1	8	
4	230.40	259.95	208.00	240.00	30.00	2	5	8	

12	9	181.202	6
1	272.00	297.00	234.33	286.88	39.00	1	12	
2	234.33	286.88	218.69	282.68	16.20	0	
3	218.69	282.68	177.37	271.58	42.79	1	8	
4	177.37	271.58	144.32	262.71	34.21	0	
5	144.32	262.71	101.70	251.26	44.13	1	9	
6	101.70	251.26	97.00	250.00	4.87	2	7	9	

12	10	212.850	9
1	272.00	297.00	242.05	294.32	30.07	1	12	
2	242.05	294.32	233.16	293.52	8.93	2	6	12	
3	233.16	293.52	220.96	292.43	12.24	1	6	
4	220.96	292.43	131.86	284.44	89.46	0	
5	131.86	284.44	94.35	281.08	37.66	1	9	
6	94.35	281.08	86.17	280.35	8.21	2	7	9	
7	86.17	280.35	83.05	280.07	3.14	3	3	7	9	
8	83.05	280.07	76.93	279.52	6.14	2	7	9	
9	76.93	279.52	60.00	278.00	17.00	3	7	9	10	

12	11	338.754	7
1	272.00	297.00	242.64	271.33	39.00	1	12	
2	242.64	271.33	240.61	269.54	2.71	0	
3	240.61	269.54	229.56	259.89	14.67	1	8	
4	229.56	259.89	205.67	239.00	31.74	2	5	8	
5	205.67	239.00	174.37	211.62	41.58	1	8	
6	174.37	211.62	32.06	87.17	189.06	0	
7	32.06	87.17	17.00	74.00	20.00	1	11	

12	12	0	0

12	13	139.474	10
1	272.00	297.00	260.26	259.81	39.00	1	12	
2	260.26	259.81	255.81	245.73	14.76	0	
3	255.81	245.73	250.87	230.08	16.42	1	5	
4	250.87	230.08	248.79	223.50	6.89	2	5	8	
5	248.79	223.50	248.21	221.67	1.92	1	5	
6	248.21	221.67	244.18	208.90	13.39	2	4	5	
7	244.18	208.90	243.55	206.91	2.09	1	4	
8	243.55	206.91	237.47	187.65	20.20	2	4	13	
9	237.47	187.65	232.55	172.09	16.32	2	4	13	
10	232.55	172.09	230.00	164.00	8.48	2	13	14	

12	14	151.159	10
1	272.00	297.00	257.29	260.88	39.00	1	12	
2	257.29	260.88	252.90	250.09	11.65	0	
3	252.90	250.09	251.50	246.64	3.73	1	5	
4	251.50	246.64	241.84	222.93	25.59	2	5	8	
5	241.84	222.93	236.01	208.60	15.48	3	4	5	8	
6	236.01	208.60	235.02	206.17	2.62	4	4	5	8	13	
7	235.02	206.17	234.49	204.87	1.41	3	4	8	13	
8	234.49	204.87	229.33	192.19	13.68	2	4	13	
9	229.33	192.19	223.20	177.15	16.24	3	4	13	14	
10	223.20	177.15	215.00	157.00	21.76	2	13	14	

12	15	278.183	11
1	272.00	297.00	250.27	264.61	39.00	1	12	
2	250.27	264.61	247.18	260.02	5.54	0	
3	247.18	260.02	244.95	256.69	4.00	1	8	
4	244.95	256.69	214.99	212.03	53.78	2	5	8	
5	214.99	212.03	209.71	204.17	9.48	1	8	
6	209.71	204.17	204.33	196.15	9.65	2	8	13	
7	204.33	196.15	202.03	192.72	4.14	1	13	
8	202.03	192.72	185.14	167.55	30.31	2	13	14	
9	185.14	167.55	177.03	155.47	14.55	1	14	
10	177.03	155.47	119.23	69.32	103.74	0	
11	119.23	69.32	117.00	66.00	4.00	1	15	

13	0	260.163	9
1	230.00	164.00	191.70	187.02	44.69	2	13	14	
2	191.70	187.02	191.43	187.18	0.31	1	13	
3	191.43	187.18	136.08	220.44	64.57	0	
4	136.08	220.44	97.95	243.35	44.48	1	9	
5	97.95	243.35	66.46	262.27	36.75	2	7	9	
6	66.46	262.27	52.55	270.63	16.22	3	7	9	10	
7	52.55	270.63	46.58	274.22	6.97	2	7	10	
8	46.58	274.22	43.08	276.32	4.08	1	10	
9	43.08	276.32	7.00	298.00	42.10	0	

13	1	56.436	4
1	230.00	164.00	252.77	161.15	22.95	2	13	14	
2	252.77	161.15	274.65	158.42	22.05	1	13	
3	274.65	158.42	280.05	157.74	5.44	0	
4	280.05	157.74	286.00	157.00	6.00	1	1	

13	2	67.801	4
1	230.00	164.00	207.14	133.89	37.80	2	13	14	
2	207.14	133.89	202.79	128.16	7.20	3	2	13	14	
3	202.79	128.16	198.64	122.70	6.85	2	2	14	
4	198.64	122.70	189.00	110.00	15.95	1	2	

13	3	190.906	8
1	230.00	164.00	197.98	190.98	41.87	2	13	14	
2	197.98	190.98	195.59	192.99	3.13	1	13	
3	195.59	192.99	181.31	205.02	18.66	0	
4	181.31	205.02	178.05	207.76	4.26	1	8	
5	178.05	207.76	144.07	236.39	44.43	0	
6	144.07	236.39	99.61	273.85	58.13	1	9	
7	99.61	273.85	89.35	282.49	13.42	2	7	9	
8	89.35	282.49	84.00	287.00	7.00	3	3	7	9	

13	4	34.482	3
1	230.00	164.00	232.46	172.12	8.48	2	13	14	
2	232.46	172.12	237.22	187.83	16.41	3	4	13	14	
3	237.22	187.83	240.00	197.00	9.59	2	4	13	

13	5	69.029	7
1	230.00	164.00	230.26	172.89	8.90	2	13	14	
2	230.26	172.89	230.80	191.56	18.67	3	4	13	14	
3	230.80	191.56	231.12	202.56	11.01	2	4	13	
4	231.12	202.56	231.22	206.01	3.45	3	4	8	13	
5	231.22	206.01	231.30	208.98	2.97	3	4	8	13	
6	231.30	208.98	231.67	221.63	12.65	3	4	5	8	
7	231.67	221.63	232.00	233.00	11.38	2	5	8	

13	6	135.004	10
1	230.00	164.00	230.07	172.98	8.98	2	13	14	
2	230.07	172.98	230.21	191.82	18.85	3	4	13	14	
3	230.21	191.82	230.28	202.06	10.23	2	4	13	
4	230.28	202.06	230.31	206.05	4.00	2	4	13	
5	230.31	206.05	230.33	209.00	2.94	3	4	8	13	
6	230.33	209.00	230.42	221.17	12.18	2	5	8	
7	230.42	221.17	230.71	259.97	38.80	1	8	
8	230.71	259.97	230.84	277.60	17.63	1	8	
9	230.84	277.60	230.91	287.00	9.40	0	
10	230.91	287.00	231.00	299.00	12.00	0	

13	7	184.024	5
1	230.00	164.00	191.99	187.24	44.55	2	13	14	
2	191.99	187.24	191.61	187.48	0.45	1	13	
3	191.61	187.48	136.58	221.12	64.49	0	
4	136.58	221.12	98.59	244.35	44.53	1	9	
5	98.59	244.35	73.00	260.00	30.00	2	7	9	

13	8	79.120	7
1	230.00	164.00	226.96	174.51	10.94	2	13	14	
2	226.96	174.51	221.17	194.50	20.81	3	4	13	14	
3	221.17	194.50	220.23	197.74	3.37	2	4	13	
4	220.23	197.74	217.49	207.23	9.88	2	4	13	
5	217.49	207.23	216.96	209.05	1.90	2	4	8	
6	216.96	209.05	216.41	210.96	1.99	1	8	
7	216.41	210.96	208.00	240.00	30.23	2	5	8	

13	9	158.382	5
1	230.00	164.00	192.96	187.95	44.11	2	13	14	
2	192.96	187.95	192.21	188.43	0.89	1	13	
3	192.21	188.43	138.15	223.39	64.38	0	
4	138.15	223.39	100.41	247.80	44.94	1	9	
5	100.41	247.80	97.00	250.00	4.06	2	7	9	

13	10	204.685	6
1	230.00	164.00	193.61	188.41	43.82	2	13	14	
2	193.61	188.41	192.63	189.06	1.18	1	13	
3	192.63	189.06	139.11	224.95	64.43	0	
4	139.11	224.95	101.37	250.26	45.44	1	9	
5	101.37	250.26	74.12	268.53	32.81	2	7	9	
6	74.12	268.53	60.00	278.00	17.00	3	7	9	10	

13	11	231.234	4
1	230.00	164.00	188.55	146.49	45.00	2	13	14	
2	188.55	146.49	179.76	142.77	9.54	1	14	
3	179.76	142.77	35.42	81.78	156.70	0	
4	35.42	81.78	17.00	74.00	20.00	1	11	

13	12	139.474	10
1	230.00	164.00	232.55	172.09	8.48	2	13	14	
2	232.55	172.09	237.47	187.65	16.32	2	4	13	
3	237.47	187.65	243.55	206.91	20.20	2	4	13	
4	243.55	206.91	244.18	208.90	2.09	1	4	
5	244.18	208.90	248.21	221.67	13.39	2	4	5	
6	248.21	221.67	248.79	223.50	1.92	1	5	
7	248.79	223.50	250.87	230.08	6.89	2	5	8	
8	250.87	230.08	255.81	245.73	16.42	1	5	
9	255.81	245.73	260.26	259.81	14.76	0	
10	260.26	259.81	272.00	297.00	39.00	1	12	

13	13	0	0

13	14	16.553	1
1	230.00	164.00	215.00	157.00	16.55	2	13	14	

13	15	149.576	6
1	230.00	164.00	199.94	137.93	39.79	2	13	14	
2	199.94	137.93	196.00	134.52	5.21	3	2	13	14	
3	196.00	134.52	189.47	128.85	8.65	2	2	14	
4	189.47	128.85	159.80	103.12	39.28	1	2	
5	159.80	103.12	120.02	68.62	52.65	0	
6	120.02	68.62	117.00	66.00	4.00	1	15	

14	0	251.287	9
1	215.00	157.00	186.68	176.19	34.21	2	13	14	
2	186.68	176.19	183.55	178.32	3.79	1	14	
3	183.55	178.32	130.53	214.26	64.05	0	
4	130.53	214.26	94.27	238.84	43.80	1	9	
5	94.27	238.84	61.49	261.06	39.61	2	7	9	
6	61.49	261.06	51.39	267.91	12.20	3	7	9	10	
7	51.39	267.91	45.47	271.92	7.15	2	7	10	
8	45.47	271.92	43.72	273.11	2.12	1	10	
9	43.72	273.11	7.00	298.00	44.36	0	

14	1	71.000	4
1	215.00	157.00	253.00	157.00	38.00	2	13	14	
2	253.00	157.00	274.45	157.00	21.45	1	13	
3	274.45	157.00	280.00	157.00	5.55	0	
4	280.00	157.00	286.00	157.00	6.00	1	1	

14	2	53.712	4
1	215.00	157.00	203.52	136.25	23.71	2	13	14	
2	203.52	136.25	200.21	130.27	6.84	3	2	13	14	
3	200.21	130.27	196.61	123.75	7.45	2	2	14	
4	196.61	123.75	189.00	110.00	15.71	1	2	

14	3	184.556	6
1	215.00	157.00	189.08	182.72	36.52	2	13	14	
2	189.08	182.72	188.03	183.77	1.48	1	14	
3	188.03	183.77	141.64	229.80	65.35	0	
4	141.64	229.80	101.37	269.77	56.74	1	9	
5	101.37	269.77	88.97	282.07	17.47	2	7	9	
6	88.97	282.07	84.00	287.00	7.00	3	3	7	9	

14	4	47.170	3
1	215.00	157.00	226.22	174.95	21.17	2	13	14	
2	226.22	174.95	235.14	189.22	16.83	3	4	13	14	
3	235.14	189.22	240.00	197.00	9.17	2	4	13	

14	5	77.878	7
1	215.00	157.00	220.18	180.17	23.74	2	13	14	
2	220.18	180.17	223.29	194.08	14.26	3	4	13	14	
3	223.29	194.08	224.44	199.18	5.23	2	4	13	
4	224.44	199.18	226.11	206.65	7.65	2	4	13	
5	226.11	206.65	226.60	208.87	2.28	3	4	5	8	
6	226.60	208.87	229.24	220.67	12.09	3	4	5	8	
7	229.24	220.67	232.00	233.00	12.63	2	5	8	

14	6	142.899	10
1	215.00	157.00	217.95	183.22	26.38	2	13	14	
2	217.95	183.22	219.25	194.76	11.62	2	4	13	
3	219.25	194.76	219.57	197.55	2.80	2	4	13	
4	219.57	197.55	220.75	208.04	10.56	3	4	8	13	
5	220.75	208.04	220.80	208.43	0.40	2	4	8	
6	220.80	208.43	221.57	215.34	6.95	2	4	8	
7	221.57	215.34	226.54	259.44	44.38	2	5	8	
8	226.54	259.44	228.73	278.81	19.49	1	8	
9	228.73	278.81	229.66	287.08	8.31	0	
10	229.66	287.08	231.00	299.00	12.00	1	6	

14	7	175.422	5
1	215.00	157.00	187.01	177.30	34.58	2	13	14	
2	187.01	177.30	184.24	179.31	3.42	1	14	
3	184.24	179.31	132.84	216.59	63.49	0	
4	132.84	216.59	97.28	242.39	43.93	1	9	
5	97.28	242.39	73.00	260.00	30.00	2	7	9	

14	8	83.295	5
1	215.00	157.00	211.81	194.87	38.00	1	13	
2	211.81	194.87	211.70	196.16	1.29	1	13	
3	211.70	196.16	210.97	204.78	8.65	2	8	13	
4	210.97	204.78	209.90	217.49	12.76	1	8	
5	209.90	217.49	208.00	240.00	22.59	2	5	8	

14	9	150.243	5
1	215.00	157.00	187.47	178.70	35.05	2	13	14	
2	187.47	178.70	185.16	180.52	2.95	1	14	
3	185.16	180.52	135.48	219.67	63.24	0	
4	135.48	219.67	100.25	247.44	44.87	1	9	
5	100.25	247.44	97.00	250.00	4.13	2	7	9	

14	10	196.637	6
1	215.00	157.00	187.41	178.54	35.00	2	13	14	
2	187.41	178.54	185.05	180.38	3.00	1	14	
3	185.05	180.38	135.19	219.30	63.25	0	
4	135.19	219.30	99.95	246.82	44.71	1	9	
5	99.95	246.82	73.40	267.54	33.68	2	7	9	
6	73.40	267.54	60.00	278.00	17.00	3	7	9	10	

14	11	214.693	4
1	215.00	157.00	188.76	146.00	28.46	2	13	14	
2	188.76	146.00	179.95	142.31	9.54	1	14	
3	179.95	142.31	35.45	81.73	156.69	0	
4	35.45	81.73	17.00	74.00	20.00	1	11	

14	12	151.159	10
1	215.00	157.00	223.20	177.15	21.76	2	13	14	
2	223.20	177.15	229.33	192.19	16.24	3	4	13	14	
3	229.33	192.19	234.49	204.87	13.68	2	4	13	
4	234.49	204.87	235.02	206.17	1.41	3	4	8	13	
5	235.02	206.17	236.01	208.60	2.62	4	4	5	8	13	
6	236.01	208.60	241.84	222.93	15.48	3	4	5	8	
7	241.84	222.93	251.50	246.64	25.59	2	5	8	
8	251.50	246.64	252.90	250.09	3.73	1	5	
9	252.90	250.09	257.29	260.88	11.65	0	
10	257.29	260.88	272.00	297.00	39.00	1	12	

14	13	16.553	1
1	215.00	157.00	230.00	164.00	16.55	2	13	14	

14	14	0	0

14	15	133.735	6
1	215.00	157.00	195.84	139.21	26.15	2	13	14	
2	195.84	139.21	193.78	137.30	2.81	3	2	13	14	
3	193.78	137.30	187.15	131.14	9.04	2	2	14	
4	187.15	131.14	159.36	105.34	37.92	1	2	
5	159.36	105.34	119.93	68.72	53.81	0	
6	119.93	68.72	117.00	66.00	4.00	1	15	

15	0	256.757	2
1	117.00	66.00	115.29	69.61	4.00	1	15	
2	115.29	69.61	7.00	298.00	252.76	0	

15	1	191.943	9
1	117.00	66.00	120.52	67.90	4.00	1	15	
2	120.52	67.90	165.08	91.89	50.61	0	
3	165.08	91.89	215.43	119.00	57.19	1	2	
4	215.43	119.00	217.28	120.00	2.10	2	2	14	
5	217.28	120.00	218.30	120.55	1.16	1	14	
6	218.30	120.55	246.48	135.72	32.01	2	13	14	
7	246.48	135.72	272.72	149.85	29.79	1	13	
8	272.72	149.85	280.72	154.16	9.09	0	
9	280.72	154.16	286.00	157.00	6.00	1	1	

15	2	84.380	3
1	117.00	66.00	120.41	68.09	4.00	1	15	
2	120.41	68.09	163.40	94.36	50.38	0	
3	163.40	94.36	189.00	110.00	30.00	1	2	

15	3	223.450	5
1	117.00	66.00	116.41	69.96	4.00	1	15	
2	116.41	69.96	96.84	201.00	132.50	0	
3	96.84	201.00	91.55	236.42	35.82	1	9	
4	91.55	236.42	85.03	280.08	44.14	1	9	
5	85.03	280.08	84.00	287.00	7.00	3	3	7	9	

15	4	179.694	8
1	117.00	66.00	119.74	68.92	4.00	1	15	
2	119.74	68.92	159.01	110.74	57.37	0	
3	159.01	110.74	183.08	136.38	35.17	1	2	
4	183.08	136.38	186.37	139.88	4.81	2	2	14	
5	186.37	139.88	189.88	143.62	5.12	1	14	
6	189.88	143.62	222.20	178.05	47.22	2	13	14	
7	222.20	178.05	233.57	190.15	16.61	3	4	13	14	
8	233.57	190.15	240.00	197.00	9.39	2	4	13	

15	5	202.766	8
1	117.00	66.00	119.27	69.29	4.00	1	15	
2	119.27	69.29	177.17	153.38	102.10	0	
3	177.17	153.38	185.01	164.76	13.81	1	14	
4	185.01	164.76	204.89	193.63	35.06	2	13	14	
5	204.89	193.63	206.54	196.02	2.91	1	13	
6	206.54	196.02	213.25	205.76	11.83	2	8	13	
7	213.25	205.76	216.69	210.76	6.07	1	8	
8	216.69	210.76	232.00	233.00	27.00	2	5	8	

15	6	259.394	5
1	117.00	66.00	118.76	69.59	4.00	1	15	
2	118.76	69.59	184.07	203.08	148.61	0	
3	184.07	203.08	222.46	281.55	87.37	1	8	
4	222.46	281.55	225.73	288.22	7.42	0	
5	225.73	288.22	231.00	299.00	12.00	1	6	

15	7	198.927	4
1	117.00	66.00	116.12	69.90	4.00	1	15	
2	116.12	69.90	86.10	202.23	135.69	0	
3	86.10	202.23	79.64	230.74	29.24	0	
4	79.64	230.74	73.00	260.00	30.00	2	7	9	

15	8	196.359	4
1	117.00	66.00	118.85	69.54	4.00	1	15	
2	118.85	69.54	187.61	201.01	148.36	0	
3	187.61	201.01	205.03	234.33	37.60	1	8	
4	205.03	234.33	208.00	240.00	6.40	2	5	8	

15	9	185.084	4
1	117.00	66.00	116.57	69.98	4.00	1	15	
2	116.57	69.98	102.29	201.29	132.08	0	
3	102.29	201.29	97.76	243.05	42.01	1	9	
4	97.76	243.05	97.00	250.00	6.99	1	9	

15	10	219.529	5
1	117.00	66.00	115.96	69.86	4.00	1	15	
2	115.96	69.86	79.87	204.09	139.00	0	
3	79.87	204.09	72.91	230.00	26.83	1	9	
4	72.91	230.00	64.41	261.58	32.70	2	7	9	
5	64.41	261.58	60.00	278.00	17.00	3	7	9	10	

15	11	100.319	3
1	117.00	66.00	113.01	66.32	4.00	1	15	
2	113.01	66.32	36.94	72.41	76.32	0	
3	36.94	72.41	17.00	74.00	20.00	1	11	

15	12	278.183	11
1	117.00	66.00	119.23	69.32	4.00	1	15	
2	119.23	69.32	177.03	155.47	103.74	0	
3	177.03	155.47	185.14	167.55	14.55	1	14	
4	185.14	167.55	202.03	192.72	30.31	2	13	14	
5	202.03	192.72	204.33	196.15	4.14	1	13	
6	204.33	196.15	209.71	204.17	9.65	2	8	13	
7	209.71	204.17	214.99	212.03	9.48	1	8	
8	214.99	212.03	244.95	256.69	53.78	2	5	8	
9	244.95	256.69	247.18	260.02	4.00	1	8	
10	247.18	260.02	250.27	264.61	5.54	0	
11	250.27	264.61	272.00	297.00	39.00	1	12	

15	13	149.576	6
1	117.00	66.00	120.02	68.62	4.00	1	15	
2	120.02	68.62	159.80	103.12	52.65	0	
3	159.80	103.12	189.47	128.85	39.28	1	2	
4	189.47	128.85	196.00	134.52	8.65	2	2	14	
5	196.00	134.52	199.94	137.93	5.21	3	2	13	14	
6	199.94	137.93	230.00	164.00	39.79	2	13	14	

15	14	133.735	6
1	117.00	66.00	119.93	68.72	4.00	1	15	
2	119.93	68.72	159.36	105.34	53.81	0	
3	159.36	105.34	187.15	131.14	37.92	1	2	
4	187.15	131.14	193.78	137.30	9.04	2	2	14	
5	193.78	137.30	195.84	139.21	2.81	3	2	13	14	
6	195.84	139.21	215.00	157.00	26.15	2	13	14	

15	15	0	0
