16	499	2	0.001	90.0
293.000	222.000	0.000	10.000	0.000
184.000	139.000	16.000	6.000	17.000
29.000	161.000	8.000	1.000	10.000
61.000	58.000	9.000	7.000	2.000
224.000	91.000	47.000	3.000	16.000
289.000	115.000	15.000	6.000	5.000
8.000	168.000	44.000	8.000	15.000
289.000	8.000	15.000	6.000	15.000
261.000	100.000	17.000	1.000	18.000
291.000	81.000	6.000	5.000	1.000
294.000	115.000	21.000	5.000	9.000
173.000	130.000	10.000	5.000	10.000
222.000	5.000	16.000	5.000	4.000
172.000	231.000	28.000	7.000	1.000
99.000	270.000	28.000	3.000	1.000
30.000	141.000	5.000	10.000	12.000
 


0	0	0	0

0	1	137.004	2
1	293.00	222.00	196.73	148.69	121.00	0	
2	196.73	148.69	184.00	139.00	16.00	1	1	

0	2	270.956	3
1	293.00	222.00	51.97	166.31	247.38	0	
2	51.97	166.31	36.79	162.80	15.57	1	6	
3	36.79	162.80	29.00	161.00	8.00	2	2	6	

0	3	284.113	6
1	293.00	222.00	193.64	151.77	121.67	0	
2	193.64	151.77	176.24	139.46	21.32	1	1	
3	176.24	139.46	168.75	134.17	9.17	2	1	11	
4	168.75	134.17	163.00	130.10	7.04	1	11	
5	163.00	130.10	68.35	63.20	115.91	0	
6	68.35	63.20	61.00	58.00	9.00	1	3	

0	4	148.061	2
1	293.00	222.00	245.90	132.58	101.06	0	
2	245.90	132.58	224.00	91.00	47.00	1	4	

0	5	107.075	3
1	293.00	222.00	289.77	135.57	86.49	0	
2	289.77	135.57	289.56	129.99	5.58	1	10	
3	289.56	129.99	289.00	115.00	15.00	1	10	

0	6	290.071	2
1	293.00	222.00	51.23	176.19	246.07	0	
2	51.23	176.19	8.00	168.00	44.00	1	6	

0	7	214.037	8
1	293.00	222.00	291.39	135.84	86.18	0	
2	291.39	135.84	291.28	129.82	6.01	0	
3	291.28	129.82	290.72	100.10	29.73	2	5	10	
4	290.72	100.10	290.61	94.27	5.83	0	
5	290.61	94.27	290.48	86.98	7.30	0	
6	290.48	86.98	290.25	75.05	11.93	1	9	
7	290.25	75.05	289.28	23.00	52.06	0	
8	289.28	23.00	289.00	8.00	15.00	1	7	

0	8	126.127	3
1	293.00	222.00	265.31	116.44	109.13	0	
2	265.31	116.44	264.77	114.38	2.13	1	8	
3	264.77	114.38	261.00	100.00	14.87	2	4	8	

0	9	141.014	6
1	293.00	222.00	291.78	135.88	86.12	0	
2	291.78	135.88	291.69	129.76	6.13	0	
3	291.69	129.76	291.27	100.18	29.58	1	10	
4	291.27	100.18	291.19	94.19	5.99	1	10	
5	291.19	94.19	291.09	87.00	7.19	0	
6	291.09	87.00	291.00	81.00	6.00	1	9	

0	10	107.005	3
1	293.00	222.00	293.80	136.00	86.00	0	
2	293.80	136.00	293.87	129.19	6.82	0	
3	293.87	129.19	294.00	115.00	14.19	2	5	10	

0	11	151.208	3
1	293.00	222.00	196.97	148.37	121.01	0	
2	196.97	148.37	180.94	136.08	20.20	1	1	
3	180.94	136.08	173.00	130.00	10.00	2	1	11	

0	12	228.320	6
1	293.00	222.00	260.02	121.19	106.06	0	
2	260.02	121.19	258.59	116.83	4.59	1	4	
3	258.59	116.83	249.11	87.85	30.49	2	4	8	
4	249.11	87.85	235.20	45.35	44.71	1	4	
5	235.20	45.35	226.98	20.21	26.46	0	
6	226.98	20.21	222.00	5.00	16.00	1	12	

0	13	121.334	2
1	293.00	222.00	199.92	228.92	93.33	0	
2	199.92	228.92	172.00	231.00	28.00	1	13	

0	14	199.850	4
1	293.00	222.00	195.58	246.10	100.36	0	
2	195.58	246.10	158.19	255.36	38.52	1	13	
3	158.19	255.36	126.18	263.27	32.97	0	
4	126.18	263.27	99.00	270.00	28.00	1	14	

0	15	275.191	3
1	293.00	222.00	46.08	145.95	258.37	0	
2	46.08	145.95	34.78	142.47	11.82	1	6	
3	34.78	142.47	30.00	141.00	5.00	2	6	15	

1	0	137.004	2
1	184.00	139.00	196.73	148.69	16.00	1	1	
2	196.73	148.69	293.00	222.00	121.00	0	

1	1	0	0

1	2	156.554	4
1	184.00	139.00	168.16	141.25	16.00	1	1	
2	168.16	141.25	50.83	157.90	118.51	0	
3	50.83	157.90	36.92	159.88	14.04	1	6	
4	36.92	159.88	29.00	161.00	8.00	2	2	6	

1	3	147.275	5
1	184.00	139.00	180.45	136.67	4.24	1	1	
2	180.45	136.67	170.64	130.20	11.76	2	1	11	
3	170.64	130.20	163.93	125.78	8.03	1	11	
4	163.93	125.78	68.52	62.95	114.25	0	
5	68.52	62.95	61.00	58.00	9.00	1	3	

1	4	62.482	3
1	184.00	139.00	193.91	127.11	15.48	1	1	
2	193.91	127.11	194.24	126.71	0.52	2	1	4	
3	194.24	126.71	224.00	91.00	46.48	1	4	

1	5	107.708	6
1	184.00	139.00	199.60	135.43	16.00	1	1	
2	199.60	135.43	205.32	134.13	5.87	0	
3	205.32	134.13	259.56	121.73	55.64	1	4	
4	259.56	121.73	273.31	118.59	14.10	0	
5	273.31	118.59	274.38	118.34	1.10	1	10	
6	274.38	118.34	289.00	115.00	15.00	2	5	10	

1	6	178.373	5
1	184.00	139.00	168.21	141.60	16.00	1	1	
2	168.21	141.60	51.41	160.85	118.37	0	
3	51.41	160.85	36.67	163.28	14.94	1	6	
4	36.67	163.28	22.47	165.62	14.39	2	2	6	
5	22.47	165.62	8.00	168.00	14.66	1	6	

1	7	167.887	5
1	184.00	139.00	193.69	126.92	15.49	1	1	
2	193.69	126.92	194.01	126.52	0.51	2	1	4	
3	194.01	126.52	252.46	53.59	93.46	1	4	
4	252.46	53.59	279.62	19.70	43.43	0	
5	279.62	19.70	289.00	8.00	15.00	1	7	

1	8	86.313	4
1	184.00	139.00	198.27	131.77	16.00	1	1	
2	198.27	131.77	199.54	131.13	1.41	0	
3	199.54	131.13	245.83	107.68	51.90	1	4	
4	245.83	107.68	261.00	100.00	17.00	2	4	8	

1	9	121.709	7
1	184.00	139.00	198.07	131.38	16.00	1	1	
2	198.07	131.38	199.06	130.84	1.13	0	
3	199.06	130.84	245.06	105.90	52.32	1	4	
4	245.06	105.90	270.99	91.85	29.50	2	4	8	
5	270.99	91.85	274.65	89.86	4.16	1	8	
6	274.65	89.86	285.73	83.86	12.60	0	
7	285.73	83.86	291.00	81.00	6.00	1	9	

1	10	112.588	6
1	184.00	139.00	199.63	135.59	16.00	1	1	
2	199.63	135.59	205.66	134.27	6.17	0	
3	205.66	134.27	258.70	122.70	54.29	1	4	
4	258.70	122.70	273.48	119.48	15.13	0	
5	273.48	119.48	274.61	119.23	1.15	1	10	
6	274.61	119.23	294.00	115.00	19.85	2	5	10	

1	11	14.213	2
1	184.00	139.00	180.74	136.33	4.21	1	1	
2	180.74	136.33	173.00	130.00	10.00	2	1	11	

1	12	139.284	5
1	184.00	139.00	188.37	123.61	16.00	1	1	
2	188.37	123.61	188.78	122.13	1.54	0	
3	188.78	122.13	210.37	46.02	79.11	1	4	
4	210.37	46.02	217.63	20.39	26.64	0	
5	217.63	20.39	222.00	5.00	16.00	1	12	

1	13	92.779	3
1	184.00	139.00	181.93	154.87	16.00	1	1	
2	181.93	154.87	175.62	203.24	48.78	0	
3	175.62	203.24	172.00	231.00	28.00	1	13	

1	14	156.160	3
1	184.00	139.00	175.29	152.42	16.00	1	1	
2	175.29	152.42	114.24	246.51	112.16	0	
3	114.24	246.51	99.00	270.00	28.00	1	14	

1	15	154.013	6
1	184.00	139.00	177.17	139.09	6.83	1	1	
2	177.17	139.09	169.07	139.19	8.10	2	1	11	
3	169.07	139.19	168.00	139.21	1.07	1	1	
4	168.00	139.21	42.61	140.84	125.40	0	
5	42.61	140.84	35.00	140.94	7.62	1	6	
6	35.00	140.94	30.00	141.00	5.00	2	6	15	

2	0	270.956	3
1	29.00	161.00	36.79	162.80	8.00	2	2	6	
2	36.79	162.80	51.97	166.31	15.57	1	6	
3	51.97	166.31	293.00	222.00	247.38	0	

2	1	156.554	4
1	29.00	161.00	36.92	159.88	8.00	2	2	6	
2	36.92	159.88	50.83	157.90	14.04	1	6	
3	50.83	157.90	168.16	141.25	118.51	0	
4	168.16	141.25	184.00	139.00	16.00	1	1	

2	2	0	0

2	3	107.856	6
1	29.00	161.00	31.37	153.36	8.00	2	2	6	
2	31.37	153.36	34.62	142.92	10.94	1	6	
3	34.62	142.92	34.89	142.04	0.92	2	6	15	
4	34.89	142.04	37.08	134.98	7.39	1	6	
5	37.08	134.98	58.33	66.59	71.61	0	
6	58.33	66.59	61.00	58.00	9.00	1	3	

2	4	207.183	4
1	29.00	161.00	36.53	158.30	8.00	2	2	6	
2	36.53	158.30	49.58	153.61	13.87	1	6	
3	49.58	153.61	179.76	106.88	138.32	0	
4	179.76	106.88	224.00	91.00	47.00	1	4	

2	5	264.038	11
1	29.00	161.00	36.88	159.61	8.00	2	2	6	
2	36.88	159.61	50.65	157.17	13.98	1	6	
3	50.65	157.17	165.68	136.82	116.82	0	
4	165.68	136.82	168.22	136.37	2.57	1	11	
5	168.22	136.37	182.21	133.89	14.21	2	1	11	
6	182.21	133.89	197.92	131.11	15.95	1	1	
7	197.92	131.11	199.15	130.90	1.25	0	
8	199.15	130.90	261.03	119.95	62.83	1	4	
9	261.03	119.95	273.19	117.80	12.35	0	
10	273.19	117.80	274.23	117.61	1.06	1	10	
11	274.23	117.61	289.00	115.00	15.00	2	5	10	

2	6	22.136	2
1	29.00	161.00	21.41	163.53	8.00	2	2	6	
2	21.41	163.53	8.00	168.00	14.14	1	6	

2	7	301.677	6
1	29.00	161.00	35.89	156.94	8.00	2	2	6	
2	35.89	156.94	48.05	149.79	14.11	1	6	
3	48.05	149.79	181.29	71.38	154.59	0	
4	181.29	71.38	227.59	44.14	53.72	1	4	
5	227.59	44.14	276.07	15.61	56.25	0	
6	276.07	15.61	289.00	8.00	15.00	1	7	

2	8	239.885	7
1	29.00	161.00	36.74	158.97	8.00	2	2	6	
2	36.74	158.97	50.17	155.43	13.89	1	6	
3	50.17	155.43	164.08	125.48	117.78	0	
4	164.08	125.48	178.55	121.68	14.96	1	11	
5	178.55	121.68	186.66	119.55	8.39	0	
6	186.66	119.55	244.56	104.32	59.86	1	4	
7	244.56	104.32	261.00	100.00	17.00	2	4	8	

2	9	273.942	8
1	29.00	161.00	36.65	158.66	8.00	2	2	6	
2	36.65	158.66	49.91	154.61	13.87	1	6	
3	49.91	154.61	183.00	113.98	139.15	0	
4	183.00	113.98	244.71	95.13	64.52	1	4	
5	244.71	95.13	270.84	87.16	27.32	2	4	8	
6	270.84	87.16	271.79	86.86	0.99	1	8	
7	271.79	86.86	285.26	82.75	14.08	0	
8	285.26	82.75	291.00	81.00	6.00	1	9	

2	10	268.963	11
1	29.00	161.00	36.88	159.63	8.00	2	2	6	
2	36.88	159.63	50.66	157.24	13.99	1	6	
3	50.66	157.24	166.07	137.21	117.13	0	
4	166.07	137.21	168.15	136.85	2.11	1	11	
5	168.15	136.85	181.96	134.45	14.02	2	1	11	
6	181.96	134.45	198.20	131.63	16.49	1	1	
7	198.20	131.63	199.88	131.34	1.70	0	
8	199.88	131.34	260.30	120.85	61.33	1	4	
9	260.30	120.85	273.31	118.59	13.20	0	
10	273.31	118.59	274.39	118.40	1.10	1	10	
11	274.39	118.40	294.00	115.00	19.90	2	5	10	

2	11	147.299	5
1	29.00	161.00	36.82	159.32	8.00	2	2	6	
2	36.82	159.32	50.44	156.38	13.93	1	6	
3	50.44	156.38	163.22	132.10	115.37	0	
4	163.22	132.10	170.41	130.56	7.35	1	11	
5	170.41	130.56	173.00	130.00	2.65	2	1	11	

2	12	248.163	4
1	29.00	161.00	35.22	155.97	8.00	2	2	6	
2	35.22	155.97	46.56	146.81	14.58	1	6	
3	46.56	146.81	209.56	15.06	209.58	0	
4	209.56	15.06	222.00	5.00	16.00	1	12	

2	13	159.214	4
1	29.00	161.00	36.19	164.52	8.00	2	2	6	
2	36.19	164.52	51.80	172.16	17.39	1	6	
3	51.80	172.16	146.85	218.69	105.83	0	
4	146.85	218.69	172.00	231.00	28.00	1	13	

2	14	129.541	4
1	29.00	161.00	33.32	167.73	8.00	2	2	6	
2	33.32	167.73	46.81	188.73	24.96	1	6	
3	46.81	188.73	83.87	246.44	68.58	0	
4	83.87	246.44	99.00	270.00	28.00	1	14	

2	15	20.025	3
1	29.00	161.00	29.40	153.01	8.00	2	2	6	
2	29.40	153.01	29.75	145.99	7.02	1	6	
3	29.75	145.99	30.00	141.00	5.00	2	6	15	

3	0	284.113	6
1	61.00	58.00	68.35	63.20	9.00	1	3	
2	68.35	63.20	163.00	130.10	115.91	0	
3	163.00	130.10	168.75	134.17	7.04	1	11	
4	168.75	134.17	176.24	139.46	9.17	2	1	11	
5	176.24	139.46	193.64	151.77	21.32	1	1	
6	193.64	151.77	293.00	222.00	121.67	0	

3	1	147.275	5
1	61.00	58.00	68.52	62.95	9.00	1	3	
2	68.52	62.95	163.93	125.78	114.25	0	
3	163.93	125.78	170.64	130.20	8.03	1	11	
4	170.64	130.20	180.45	136.67	11.76	2	1	11	
5	180.45	136.67	184.00	139.00	4.24	1	1	

3	2	107.856	6
1	61.00	58.00	58.33	66.59	9.00	1	3	
2	58.33	66.59	37.08	134.98	71.61	0	
3	37.08	134.98	34.89	142.04	7.39	1	6	
4	34.89	142.04	34.62	142.92	0.92	2	6	15	
5	34.62	142.92	31.37	153.36	10.94	1	6	
6	31.37	153.36	29.00	161.00	8.00	2	2	6	

3	3	0	0

3	4	166.307	3
1	61.00	58.00	69.82	59.79	9.00	1	3	
2	69.82	59.79	177.93	81.67	110.31	0	
3	177.93	81.67	224.00	91.00	47.00	1	4	

3	5	235.017	8
1	61.00	58.00	69.73	60.18	9.00	1	3	
2	69.73	60.18	177.17	87.04	110.74	0	
3	177.17	87.04	244.44	103.86	69.35	1	4	
4	244.44	103.86	267.19	109.55	23.44	2	4	8	
5	267.19	109.55	273.37	111.09	6.37	1	8	
6	273.37	111.09	273.79	111.20	0.44	2	8	10	
7	273.79	111.20	274.45	111.36	0.68	1	10	
8	274.45	111.36	289.00	115.00	15.00	2	5	10	

3	6	122.102	3
1	61.00	58.00	57.09	66.11	9.00	1	3	
2	57.09	66.11	27.10	128.36	69.10	0	
3	27.10	128.36	8.00	168.00	44.00	1	6	

3	7	233.418	3
1	61.00	58.00	69.79	56.07	9.00	1	3	
2	69.79	56.07	274.35	11.21	209.42	0	
3	274.35	11.21	289.00	8.00	15.00	1	7	

3	8	204.362	4
1	61.00	58.00	69.81	59.85	9.00	1	3	
2	69.81	59.85	177.77	82.52	110.32	0	
3	177.77	82.52	244.36	96.51	68.04	1	4	
4	244.36	96.51	261.00	100.00	17.00	2	4	8	

3	9	231.147	5
1	61.00	58.00	69.96	58.90	9.00	1	3	
2	69.96	58.90	181.91	70.09	112.51	0	
3	181.91	70.09	269.40	78.84	87.93	1	4	
4	269.40	78.84	285.03	80.40	15.71	0	
5	285.03	80.40	291.00	81.00	6.00	1	9	

3	10	239.871	8
1	61.00	58.00	69.74	60.14	9.00	1	3	
2	69.74	60.14	177.22	86.43	110.65	0	
3	177.22	86.43	244.24	102.83	68.99	1	4	
4	244.24	102.83	267.60	108.54	24.06	2	4	8	
5	267.60	108.54	273.60	110.01	6.17	1	8	
6	273.60	110.01	274.57	110.25	0.99	2	8	10	
7	274.57	110.25	274.76	110.29	0.20	1	10	
8	274.76	110.29	294.00	115.00	19.81	2	5	10	

3	11	133.147	4
1	61.00	58.00	68.57	62.87	9.00	1	3	
2	68.57	62.87	164.59	124.59	114.15	0	
3	164.59	124.59	171.49	129.03	8.20	1	11	
4	171.49	129.03	173.00	130.00	1.80	2	1	11	

3	12	169.499	3
1	61.00	58.00	69.55	55.19	9.00	1	3	
2	69.55	55.19	206.80	10.00	144.50	0	
3	206.80	10.00	222.00	5.00	16.00	1	12	

3	13	205.548	3
1	61.00	58.00	65.86	65.57	9.00	1	3	
2	65.86	65.57	156.88	207.43	168.55	0	
3	156.88	207.43	172.00	231.00	28.00	1	13	

3	14	215.379	3
1	61.00	58.00	62.59	66.86	9.00	1	3	
2	62.59	66.86	94.06	242.44	178.38	0	
3	94.06	242.44	99.00	270.00	28.00	1	14	

3	15	88.600	4
1	61.00	58.00	57.85	66.43	9.00	1	3	
2	57.85	66.43	33.35	132.04	70.03	0	
3	33.35	132.04	31.75	136.32	4.57	1	6	
4	31.75	136.32	30.00	141.00	5.00	2	6	15	

4	0	148.061	2
1	224.00	91.00	245.90	132.58	47.00	1	4	
2	245.90	132.58	293.00	222.00	101.06	0	

4	1	62.482	3
1	224.00	91.00	194.24	126.71	46.48	1	4	
2	194.24	126.71	193.91	127.11	0.52	2	1	4	
3	193.91	127.11	184.00	139.00	15.48	1	1	

4	2	207.183	4
1	224.00	91.00	179.76	106.88	47.00	1	4	
2	179.76	106.88	49.58	153.61	138.32	0	
3	49.58	153.61	36.53	158.30	13.87	1	6	
4	36.53	158.30	29.00	161.00	8.00	2	2	6	

4	3	166.307	3
1	224.00	91.00	177.93	81.67	47.00	1	4	
2	177.93	81.67	69.82	59.79	110.31	0	
3	69.82	59.79	61.00	58.00	9.00	1	3	

4	4	0	0

4	5	69.289	6
1	224.00	91.00	244.07	98.41	21.40	1	4	
2	244.07	98.41	268.09	107.28	25.60	2	4	8	
3	268.09	107.28	273.77	109.38	6.05	1	8	
4	273.77	109.38	274.90	109.79	1.20	2	8	10	
5	274.90	109.79	274.93	109.80	0.03	1	10	
6	274.93	109.80	289.00	115.00	15.00	2	5	10	

4	6	229.314	5
1	224.00	91.00	179.73	106.78	47.00	1	4	
2	179.73	106.78	49.45	153.23	138.31	0	
3	49.45	153.23	36.37	157.89	13.88	1	6	
4	36.37	157.89	21.32	163.25	15.97	2	2	6	
5	21.32	163.25	8.00	168.00	14.14	1	6	

4	7	105.423	3
1	224.00	91.00	252.98	54.00	47.00	1	4	
2	252.98	54.00	279.75	19.81	43.42	0	
3	279.75	19.81	289.00	8.00	15.00	1	7	

4	8	38.079	2
1	224.00	91.00	244.48	95.98	21.08	1	4	
2	244.48	95.98	261.00	100.00	17.00	2	4	8	

4	9	67.742	5
1	224.00	91.00	249.89	87.14	26.17	1	4	
2	249.89	87.14	267.87	84.45	18.19	2	4	8	
3	267.87	84.45	270.49	84.06	2.64	1	4	
4	270.49	84.06	285.07	81.89	14.74	0	
5	285.07	81.89	291.00	81.00	6.00	1	9	

4	10	74.000	4
1	224.00	91.00	244.13	97.90	21.28	1	4	
2	244.13	97.90	275.42	108.63	33.08	1	8	
3	275.42	108.63	275.61	108.69	0.20	3	5	8	10	
4	275.61	108.69	294.00	115.00	19.44	2	5	10	

4	11	64.203	4
1	224.00	91.00	186.67	119.55	47.00	1	4	
2	186.67	119.55	181.99	123.13	5.89	0	
3	181.99	123.13	180.94	123.93	1.31	1	1	
4	180.94	123.93	173.00	130.00	10.00	2	1	11	

4	12	86.023	3
1	224.00	91.00	222.91	44.01	47.00	1	4	
2	222.91	44.01	222.37	21.00	23.02	0	
3	222.37	21.00	222.00	5.00	16.00	0	

4	13	149.345	3
1	224.00	91.00	207.64	135.06	47.00	0	
2	207.64	135.06	181.75	204.75	74.35	0	
3	181.75	204.75	172.00	231.00	28.00	1	13	

4	14	218.325	5
1	224.00	91.00	197.09	129.53	47.00	1	4	
2	197.09	129.53	197.00	129.67	0.16	0	
3	197.00	129.67	179.72	154.42	30.18	1	1	
4	179.72	154.42	115.03	247.04	112.98	0	
5	115.03	247.04	99.00	270.00	28.00	1	14	

4	15	200.340	4
1	224.00	91.00	178.49	102.73	47.00	1	4	
2	178.49	102.73	40.47	138.30	142.53	0	
3	40.47	138.30	34.84	139.75	5.81	1	6	
4	34.84	139.75	30.00	141.00	5.00	2	6	15	

5	0	107.075	3
1	289.00	115.00	289.56	129.99	15.00	1	10	
2	289.56	129.99	289.77	135.57	5.58	1	10	
3	289.77	135.57	293.00	222.00	86.49	0	

5	1	107.708	6
1	289.00	115.00	274.38	118.34	15.00	2	5	10	
2	274.38	118.34	273.31	118.59	1.10	1	10	
3	273.31	118.59	259.56	121.73	14.10	0	
4	259.56	121.73	205.32	134.13	55.64	1	4	
5	205.32	134.13	199.60	135.43	5.87	0	
6	199.60	135.43	184.00	139.00	16.00	1	1	

5	2	264.038	11
1	289.00	115.00	274.23	117.61	15.00	2	5	10	
2	274.23	117.61	273.19	117.80	1.06	1	10	
3	273.19	117.80	261.03	119.95	12.35	0	
4	261.03	119.95	199.15	130.90	62.83	1	4	
5	199.15	130.90	197.92	131.11	1.25	0	
6	197.92	131.11	182.21	133.89	15.95	1	1	
7	182.21	133.89	168.22	136.37	14.21	2	1	11	
8	168.22	136.37	165.68	136.82	2.57	1	11	
9	165.68	136.82	50.65	157.17	116.82	0	
10	50.65	157.17	36.88	159.61	13.98	1	6	
11	36.88	159.61	29.00	161.00	8.00	2	2	6	

5	3	235.017	8
1	289.00	115.00	274.45	111.36	15.00	2	5	10	
2	274.45	111.36	273.79	111.20	0.68	1	10	
3	273.79	111.20	273.37	111.09	0.44	2	8	10	
4	273.37	111.09	267.19	109.55	6.37	1	8	
5	267.19	109.55	244.44	103.86	23.44	2	4	8	
6	244.44	103.86	177.17	87.04	69.35	1	4	
7	177.17	87.04	69.73	60.18	110.74	0	
8	69.73	60.18	61.00	58.00	9.00	1	3	

5	4	69.289	6
1	289.00	115.00	274.93	109.80	15.00	2	5	10	
2	274.93	109.80	274.90	109.79	0.03	1	10	
3	274.90	109.79	273.77	109.38	1.20	2	8	10	
4	273.77	109.38	268.09	107.28	6.05	1	8	
5	268.09	107.28	244.07	98.41	25.60	2	4	8	
6	244.07	98.41	224.00	91.00	21.40	1	4	

5	5	0	0

5	6	285.955	12
1	289.00	115.00	274.26	117.78	15.00	2	5	10	
2	274.26	117.78	273.21	117.98	1.07	1	10	
3	273.21	117.98	260.72	120.33	12.71	0	
4	260.72	120.33	200.49	131.69	61.30	1	4	
5	200.49	131.69	198.43	132.08	2.09	0	
6	198.43	132.08	181.49	135.28	17.23	1	1	
7	181.49	135.28	168.04	137.81	13.69	2	1	11	
8	168.04	137.81	167.01	138.01	1.05	1	11	
9	167.01	138.01	51.24	159.84	117.82	0	
10	51.24	159.84	36.85	162.56	14.64	1	6	
11	36.85	162.56	22.26	165.31	14.84	2	2	6	
12	22.26	165.31	8.00	168.00	14.51	1	6	

5	7	107.000	6
1	289.00	115.00	289.00	100.00	15.00	2	5	10	
2	289.00	100.00	289.00	94.60	5.40	1	10	
3	289.00	94.60	289.00	86.66	7.95	0	
4	289.00	86.66	289.00	75.34	11.31	1	9	
5	289.00	75.34	289.00	23.00	52.34	0	
6	289.00	23.00	289.00	8.00	15.00	1	7	

5	8	31.765	5
1	289.00	115.00	275.99	108.03	14.76	2	5	10	
2	275.99	108.03	275.78	107.92	0.24	3	5	8	10	
3	275.78	107.92	274.49	107.23	1.46	2	8	10	
4	274.49	107.23	269.07	104.32	6.15	1	8	
5	269.07	104.32	261.00	100.00	9.16	2	4	8	

5	9	34.059	4
1	289.00	115.00	289.88	100.03	15.00	2	5	10	
2	289.88	100.03	290.22	94.34	5.69	0	
3	290.22	94.34	290.65	86.99	7.37	0	
4	290.65	86.99	291.00	81.00	6.00	1	9	

5	10	5.000	1
1	289.00	115.00	294.00	115.00	5.00	2	5	10	

5	11	116.966	7
1	289.00	115.00	274.12	116.92	15.00	2	5	10	
2	274.12	116.92	273.10	117.06	1.03	1	10	
3	273.10	117.06	262.13	118.47	11.06	0	
4	262.13	118.47	194.79	127.18	67.91	1	4	
5	194.79	127.18	194.11	127.27	0.68	2	1	4	
6	194.11	127.27	182.92	128.72	11.28	1	1	
7	182.92	128.72	173.00	130.00	10.00	2	1	11	

5	12	128.798	8
1	289.00	115.00	281.20	102.19	15.00	2	5	10	
2	281.20	102.19	279.66	99.66	2.96	1	10	
3	279.66	99.66	277.58	96.25	3.99	0	
4	277.58	96.25	271.94	86.98	10.85	1	8	
5	271.94	86.98	270.58	84.77	2.60	0	
6	270.58	84.77	250.91	52.47	37.82	1	4	
7	250.91	52.47	230.32	18.66	39.58	0	
8	230.32	18.66	222.00	5.00	16.00	1	12	

5	13	164.757	4
1	289.00	115.00	278.35	125.56	15.00	2	5	10	
2	278.35	125.56	276.82	127.08	2.15	1	10	
3	276.82	127.08	191.88	211.29	119.61	0	
4	191.88	211.29	172.00	231.00	28.00	1	13	

5	14	245.204	6
1	289.00	115.00	277.38	124.48	15.00	2	5	10	
2	277.38	124.48	275.92	125.67	1.89	1	10	
3	275.92	125.67	179.78	204.10	124.07	0	
4	179.78	204.10	144.09	233.22	46.06	1	13	
5	144.09	233.22	120.70	252.30	30.19	0	
6	120.70	252.30	99.00	270.00	28.00	1	14	

5	15	260.302	11
1	289.00	115.00	274.07	116.50	15.00	2	5	10	
2	274.07	116.50	273.06	116.60	1.02	1	10	
3	273.06	116.60	262.72	117.64	10.39	0	
4	262.72	117.64	191.37	124.80	71.71	1	4	
5	191.37	124.80	191.35	124.80	0.03	2	1	4	
6	191.35	124.80	182.05	125.74	9.35	1	1	
7	182.05	125.74	173.95	126.55	8.14	2	1	11	
8	173.95	126.55	163.29	127.62	10.72	1	11	
9	163.29	127.62	41.79	139.82	122.11	0	
10	41.79	139.82	34.98	140.50	6.85	1	6	
11	34.98	140.50	30.00	141.00	5.00	2	6	15	

6	0	290.071	2
1	8.00	168.00	51.23	176.19	44.00	1	6	
2	51.23	176.19	293.00	222.00	246.07	0	

6	1	178.373	5
1	8.00	168.00	22.47	165.62	14.66	1	6	
2	22.47	165.62	36.67	163.28	14.39	2	2	6	
3	36.67	163.28	51.41	160.85	14.94	1	6	
4	51.41	160.85	168.21	141.60	118.37	0	
5	168.21	141.60	184.00	139.00	16.00	1	1	

6	2	22.136	2
1	8.00	168.00	21.41	163.53	14.14	1	6	
2	21.41	163.53	29.00	161.00	8.00	2	2	6	

6	3	122.102	3
1	8.00	168.00	27.10	128.36	44.00	1	6	
2	27.10	128.36	57.09	66.11	69.10	0	
3	57.09	66.11	61.00	58.00	9.00	1	3	

6	4	229.314	5
1	8.00	168.00	21.32	163.25	14.14	1	6	
2	21.32	163.25	36.37	157.89	15.97	2	2	6	
3	36.37	157.89	49.45	153.23	13.88	1	6	
4	49.45	153.23	179.73	106.78	138.31	0	
5	179.73	106.78	224.00	91.00	47.00	1	4	

6	5	285.955	12
1	8.00	168.00	22.26	165.31	14.51	1	6	
2	22.26	165.31	36.85	162.56	14.84	2	2	6	
3	36.85	162.56	51.24	159.84	14.64	1	6	
4	51.24	159.84	167.01	138.01	117.82	0	
5	167.01	138.01	168.04	137.81	1.05	1	11	
6	168.04	137.81	181.49	135.28	13.69	2	1	11	
7	181.49	135.28	198.43	132.08	17.23	1	1	
8	198.43	132.08	200.49	131.69	2.09	0	
9	200.49	131.69	260.72	120.33	61.30	1	4	
10	260.72	120.33	273.21	117.98	12.71	0	
11	273.21	117.98	274.26	117.78	1.07	1	10	
12	274.26	117.78	289.00	115.00	15.00	2	5	10	

6	6	0	0

6	7	323.359	7
1	8.00	168.00	21.01	160.59	14.97	1	6	
2	21.01	160.59	32.73	153.92	13.48	2	2	6	
3	32.73	153.92	46.24	146.23	15.55	1	6	
4	46.24	146.23	182.73	68.51	157.07	0	
5	182.73	68.51	225.72	44.03	49.47	1	4	
6	225.72	44.03	275.96	15.42	57.82	0	
7	275.96	15.42	289.00	8.00	15.00	1	7	

6	8	261.979	8
1	8.00	168.00	21.72	164.31	14.21	1	6	
2	21.72	164.31	36.96	160.22	15.78	2	2	6	
3	36.96	160.22	50.49	156.58	14.01	1	6	
4	50.49	156.58	163.78	126.13	117.31	0	
5	163.78	126.13	179.04	122.03	15.80	1	11	
6	179.04	122.03	186.94	119.91	8.18	0	
7	186.94	119.91	244.58	104.41	59.69	1	4	
8	244.58	104.41	261.00	100.00	17.00	2	4	8	

6	9	296.071	9
1	8.00	168.00	21.52	163.84	14.15	1	6	
2	21.52	163.84	36.78	159.15	15.97	2	2	6	
3	36.78	159.15	50.06	155.07	13.89	1	6	
4	50.06	155.07	183.11	114.17	139.19	0	
5	183.11	114.17	244.68	95.24	64.42	1	4	
6	244.68	95.24	270.85	87.20	27.37	2	4	8	
7	270.85	87.20	271.83	86.89	1.03	1	8	
8	271.83	86.89	285.26	82.76	14.06	0	
9	285.26	82.76	291.00	81.00	6.00	1	9	

6	10	290.869	12
1	8.00	168.00	22.29	165.35	14.53	1	6	
2	22.29	165.35	36.83	162.66	14.79	2	2	6	
3	36.83	162.66	51.26	159.98	14.68	1	6	
4	51.26	159.98	167.61	138.42	118.33	0	
5	167.61	138.42	168.01	138.35	0.41	1	11	
6	168.01	138.35	181.05	135.93	13.26	2	1	11	
7	181.05	135.93	198.69	132.66	17.94	1	1	
8	198.69	132.66	201.33	132.17	2.69	0	
9	201.33	132.17	259.92	121.32	59.58	1	4	
10	259.92	121.32	273.35	118.83	13.66	0	
11	273.35	118.83	274.44	118.62	1.11	1	10	
12	274.44	118.62	294.00	115.00	19.89	2	5	10	

6	11	169.319	6
1	8.00	168.00	21.95	164.79	14.32	1	6	
2	21.95	164.79	36.99	161.32	15.43	2	2	6	
3	36.99	161.32	50.88	158.13	14.25	1	6	
4	50.88	158.13	163.26	132.24	115.32	0	
5	163.26	132.24	170.38	130.60	7.31	1	11	
6	170.38	130.60	173.00	130.00	2.69	2	1	11	

6	12	269.007	5
1	8.00	168.00	21.82	157.47	17.37	1	6	
2	21.82	157.47	27.51	153.14	7.15	2	2	6	
3	27.51	153.14	43.00	141.34	19.48	1	6	
4	43.00	141.34	209.27	14.69	209.01	0	
5	209.27	14.69	222.00	5.00	16.00	1	12	

6	13	175.684	3
1	8.00	168.00	49.07	183.78	44.00	1	6	
2	49.07	183.78	145.86	220.96	103.68	0	
3	145.86	220.96	172.00	231.00	28.00	1	13	

6	14	136.693	3
1	8.00	168.00	37.29	200.83	44.00	1	6	
2	37.29	200.83	80.36	249.11	64.69	0	
3	80.36	249.11	99.00	270.00	28.00	1	14	

6	15	34.828	2
1	8.00	168.00	26.84	144.88	29.83	1	6	
2	26.84	144.88	30.00	141.00	5.00	2	6	15	

7	0	214.037	8
1	289.00	8.00	289.28	23.00	15.00	1	7	
2	289.28	23.00	290.25	75.05	52.06	0	
3	290.25	75.05	290.48	86.98	11.93	1	9	
4	290.48	86.98	290.61	94.27	7.30	0	
5	290.61	94.27	290.72	100.10	5.83	0	
6	290.72	100.10	291.28	129.82	29.73	2	5	10	
7	291.28	129.82	291.39	135.84	6.01	0	
8	291.39	135.84	293.00	222.00	86.18	0	

7	1	167.887	5
1	289.00	8.00	279.62	19.70	15.00	1	7	
2	279.62	19.70	252.46	53.59	43.43	0	
3	252.46	53.59	194.01	126.52	93.46	1	4	
4	194.01	126.52	193.69	126.92	0.51	2	1	4	
5	193.69	126.92	184.00	139.00	15.49	1	1	

7	2	301.677	6
1	289.00	8.00	276.07	15.61	15.00	1	7	
2	276.07	15.61	227.59	44.14	56.25	0	
3	227.59	44.14	181.29	71.38	53.72	1	4	
4	181.29	71.38	48.05	149.79	154.59	0	
5	48.05	149.79	35.89	156.94	14.11	1	6	
6	35.89	156.94	29.00	161.00	8.00	2	2	6	

7	3	233.418	3
1	289.00	8.00	274.35	11.21	15.00	1	7	
2	274.35	11.21	69.79	56.07	209.42	0	
3	69.79	56.07	61.00	58.00	9.00	1	3	

7	4	105.423	3
1	289.00	8.00	279.75	19.81	15.00	1	7	
2	279.75	19.81	252.98	54.00	43.42	0	
3	252.98	54.00	224.00	91.00	47.00	1	4	

7	5	107.000	6
1	289.00	8.00	289.00	23.00	15.00	1	7	
2	289.00	23.00	289.00	75.34	52.34	0	
3	289.00	75.34	289.00	86.66	11.31	1	9	
4	289.00	86.66	289.00	94.60	7.95	0	
5	289.00	94.60	289.00	100.00	5.40	1	10	
6	289.00	100.00	289.00	115.00	15.00	2	5	10	

7	6	323.359	7
1	289.00	8.00	275.96	15.42	15.00	1	7	
2	275.96	15.42	225.72	44.03	57.82	0	
3	225.72	44.03	182.73	68.51	49.47	1	4	
4	182.73	68.51	46.24	146.23	157.07	0	
5	46.24	146.23	32.73	153.92	15.55	1	6	
6	32.73	153.92	21.01	160.59	13.48	2	2	6	
7	21.01	160.59	8.00	168.00	14.97	1	6	

7	7	0	0

7	8	96.167	4
1	289.00	8.00	284.63	22.35	15.00	1	7	
2	284.63	22.35	268.42	75.63	55.69	0	
3	268.42	75.63	265.95	83.74	8.47	1	4	
4	265.95	83.74	261.00	100.00	17.00	2	4	8	

7	9	73.027	3
1	289.00	8.00	289.41	22.99	15.00	1	7	
2	289.41	22.99	290.84	75.00	52.03	0	
3	290.84	75.00	291.00	81.00	6.00	1	9	

7	10	107.117	6
1	289.00	8.00	289.70	22.98	15.00	0	
2	289.70	22.98	292.14	75.11	52.18	0	
3	292.14	75.11	292.68	86.76	11.67	1	9	
4	292.68	86.76	293.02	94.02	7.27	0	
5	293.02	94.02	293.33	100.64	6.62	1	10	
6	293.33	100.64	294.00	115.00	14.38	2	5	10	

7	11	168.345	6
1	289.00	8.00	278.66	18.87	15.00	1	7	
2	278.66	18.87	248.32	50.78	44.03	0	
3	248.32	50.78	185.06	117.32	91.81	1	4	
4	185.06	117.32	179.89	122.75	7.50	0	
5	179.89	122.75	178.84	123.85	1.52	1	11	
6	178.84	123.85	173.00	130.00	8.48	2	1	11	

7	12	67.067	3
1	289.00	8.00	274.01	7.33	15.00	1	7	
2	274.01	7.33	237.98	5.72	36.07	0	
3	237.98	5.72	222.00	5.00	16.00	1	12	

7	13	251.829	5
1	289.00	8.00	282.03	21.28	15.00	1	7	
2	282.03	21.28	260.80	61.76	45.71	0	
3	260.80	61.76	220.85	137.89	85.98	1	4	
4	220.85	137.89	185.01	206.21	77.14	0	
5	185.01	206.21	172.00	231.00	28.00	1	13	

7	14	323.642	7
1	289.00	8.00	280.19	20.14	15.00	1	7	
2	280.19	20.14	254.65	55.37	43.51	0	
3	254.65	55.37	199.65	131.20	93.68	1	4	
4	199.65	131.20	198.66	132.58	1.70	0	
5	198.66	132.58	182.45	154.92	27.60	1	1	
6	182.45	154.92	115.44	247.33	114.15	0	
7	115.44	247.33	99.00	270.00	28.00	1	14	

7	15	291.153	6
1	289.00	8.00	275.66	14.85	15.00	1	7	
2	275.66	14.85	218.19	44.36	64.60	0	
3	218.19	44.36	189.48	59.11	32.28	1	4	
4	189.48	59.11	38.74	136.51	169.46	0	
5	38.74	136.51	34.45	138.72	4.82	1	6	
6	34.45	138.72	30.00	141.00	5.00	2	6	15	

8	0	126.127	3
1	261.00	100.00	264.77	114.38	14.87	2	4	8	
2	264.77	114.38	265.31	116.44	2.13	1	8	
3	265.31	116.44	293.00	222.00	109.13	0	

8	1	86.313	4
1	261.00	100.00	245.83	107.68	17.00	2	4	8	
2	245.83	107.68	199.54	131.13	51.90	1	4	
3	199.54	131.13	198.27	131.77	1.41	0	
4	198.27	131.77	184.00	139.00	16.00	1	1	

8	2	239.885	7
1	261.00	100.00	244.56	104.32	17.00	2	4	8	
2	244.56	104.32	186.66	119.55	59.86	1	4	
3	186.66	119.55	178.55	121.68	8.39	0	
4	178.55	121.68	164.08	125.48	14.96	1	11	
5	164.08	125.48	50.17	155.43	117.78	0	
6	50.17	155.43	36.74	158.97	13.89	1	6	
7	36.74	158.97	29.00	161.00	8.00	2	2	6	

8	3	204.362	4
1	261.00	100.00	244.36	96.51	17.00	2	4	8	
2	244.36	96.51	177.77	82.52	68.04	1	4	
3	177.77	82.52	69.81	59.85	110.32	0	
4	69.81	59.85	61.00	58.00	9.00	1	3	

8	4	38.079	2
1	261.00	100.00	244.48	95.98	17.00	2	4	8	
2	244.48	95.98	224.00	91.00	21.08	1	4	

8	5	31.765	5
1	261.00	100.00	269.07	104.32	9.16	2	4	8	
2	269.07	104.32	274.49	107.23	6.15	1	8	
3	274.49	107.23	275.78	107.92	1.46	2	8	10	
4	275.78	107.92	275.99	108.03	0.24	3	5	8	10	
5	275.99	108.03	289.00	115.00	14.76	2	5	10	

8	6	261.979	8
1	261.00	100.00	244.58	104.41	17.00	2	4	8	
2	244.58	104.41	186.94	119.91	59.69	1	4	
3	186.94	119.91	179.04	122.03	8.18	0	
4	179.04	122.03	163.78	126.13	15.80	1	11	
5	163.78	126.13	50.49	156.58	117.31	0	
6	50.49	156.58	36.96	160.22	14.01	1	6	
7	36.96	160.22	21.72	164.31	15.78	2	2	6	
8	21.72	164.31	8.00	168.00	14.21	1	6	

8	7	96.167	4
1	261.00	100.00	265.95	83.74	17.00	2	4	8	
2	265.95	83.74	268.42	75.63	8.47	1	4	
3	268.42	75.63	284.63	22.35	55.69	0	
4	284.63	22.35	289.00	8.00	15.00	1	7	

8	8	0	0

8	9	35.511	4
1	261.00	100.00	270.92	93.72	11.74	2	4	8	
2	270.92	93.72	275.36	90.90	5.26	1	8	
3	275.36	90.90	285.93	84.21	12.51	0	
4	285.93	84.21	291.00	81.00	6.00	1	9	

8	10	36.249	5
1	261.00	100.00	269.24	103.75	9.05	2	4	8	
2	269.24	103.75	274.88	106.31	6.20	1	8	
3	274.88	106.31	276.33	106.97	1.59	2	8	10	
4	276.33	106.97	276.48	107.03	0.16	3	5	8	10	
5	276.48	107.03	294.00	115.00	19.25	2	5	10	

8	11	92.973	5
1	261.00	100.00	244.91	105.49	17.00	2	4	8	
2	244.91	105.49	190.55	124.02	57.43	1	4	
3	190.55	124.02	190.05	124.19	0.53	0	
4	190.05	124.19	182.47	126.77	8.01	1	1	
5	182.47	126.77	173.00	130.00	10.00	2	1	11	

8	12	102.694	4
1	261.00	100.00	254.54	84.27	17.00	2	4	8	
2	254.54	84.27	239.02	46.47	40.87	1	4	
3	239.02	46.47	228.08	19.80	28.82	0	
4	228.08	19.80	222.00	5.00	16.00	1	12	

8	13	158.373	4
1	261.00	100.00	251.45	114.06	17.00	2	4	8	
2	251.45	114.06	236.30	136.36	26.96	1	4	
3	236.30	136.36	187.74	207.84	86.41	0	
4	187.74	207.84	172.00	231.00	28.00	1	13	

8	14	234.828	6
1	261.00	100.00	249.27	112.31	17.00	2	4	8	
2	249.27	112.31	224.79	137.99	35.48	1	4	
3	224.79	137.99	160.49	205.48	93.22	0	
4	160.49	205.48	145.95	220.73	21.07	1	13	
5	145.95	220.73	118.32	249.73	40.06	0	
6	118.32	249.73	99.00	270.00	28.00	1	14	

8	15	234.610	5
1	261.00	100.00	244.26	102.97	17.00	2	4	8	
2	244.26	102.97	182.93	113.86	62.29	1	4	
3	182.93	113.86	41.11	139.03	144.03	0	
4	41.11	139.03	34.92	140.13	6.29	1	6	
5	34.92	140.13	30.00	141.00	5.00	2	6	15	

9	0	141.014	6
1	291.00	81.00	291.09	87.00	6.00	1	9	
2	291.09	87.00	291.19	94.19	7.19	0	
3	291.19	94.19	291.27	100.18	5.99	1	10	
4	291.27	100.18	291.69	129.76	29.58	1	10	
5	291.69	129.76	291.78	135.88	6.13	0	
6	291.78	135.88	293.00	222.00	86.12	0	

9	1	121.709	7
1	291.00	81.00	285.73	83.86	6.00	1	9	
2	285.73	83.86	274.65	89.86	12.60	0	
3	274.65	89.86	270.99	91.85	4.16	1	8	
4	270.99	91.85	245.06	105.90	29.50	2	4	8	
5	245.06	105.90	199.06	130.84	52.32	1	4	
6	199.06	130.84	198.07	131.38	1.13	0	
7	198.07	131.38	184.00	139.00	16.00	1	1	

9	2	273.942	8
1	291.00	81.00	285.26	82.75	6.00	1	9	
2	285.26	82.75	271.79	86.86	14.08	0	
3	271.79	86.86	270.84	87.16	0.99	1	8	
4	270.84	87.16	244.71	95.13	27.32	2	4	8	
5	244.71	95.13	183.00	113.98	64.52	1	4	
6	183.00	113.98	49.91	154.61	139.15	0	
7	49.91	154.61	36.65	158.66	13.87	1	6	
8	36.65	158.66	29.00	161.00	8.00	2	2	6	

9	3	231.147	5
1	291.00	81.00	285.03	80.40	6.00	1	9	
2	285.03	80.40	269.40	78.84	15.71	0	
3	269.40	78.84	181.91	70.09	87.93	1	4	
4	181.91	70.09	69.96	58.90	112.51	0	
5	69.96	58.90	61.00	58.00	9.00	1	3	

9	4	67.742	5
1	291.00	81.00	285.07	81.89	6.00	1	9	
2	285.07	81.89	270.49	84.06	14.74	0	
3	270.49	84.06	267.87	84.45	2.64	1	4	
4	267.87	84.45	249.89	87.14	18.19	2	4	8	
5	249.89	87.14	224.00	91.00	26.17	1	4	

9	5	34.059	4
1	291.00	81.00	290.65	86.99	6.00	1	9	
2	290.65	86.99	290.22	94.34	7.37	0	
3	290.22	94.34	289.88	100.03	5.69	0	
4	289.88	100.03	289.00	115.00	15.00	2	5	10	

9	6	296.071	9
1	291.00	81.00	285.26	82.76	6.00	1	9	
2	285.26	82.76	271.83	86.89	14.06	0	
3	271.83	86.89	270.85	87.20	1.03	1	8	
4	270.85	87.20	244.68	95.24	27.37	2	4	8	
5	244.68	95.24	183.11	114.17	64.42	1	4	
6	183.11	114.17	50.06	155.07	139.19	0	
7	50.06	155.07	36.78	159.15	13.89	1	6	
8	36.78	159.15	21.52	163.84	15.97	2	2	6	
9	21.52	163.84	8.00	168.00	14.15	1	6	

9	7	73.027	3
1	291.00	81.00	290.84	75.00	6.00	1	9	
2	290.84	75.00	289.41	22.99	52.03	0	
3	289.41	22.99	289.00	8.00	15.00	1	7	

9	8	35.511	4
1	291.00	81.00	285.93	84.21	6.00	1	9	
2	285.93	84.21	275.36	90.90	12.51	0	
3	275.36	90.90	270.92	93.72	5.26	1	8	
4	270.92	93.72	261.00	100.00	11.74	2	4	8	

9	9	0	0

9	10	34.132	4
1	291.00	81.00	291.53	86.98	6.00	1	9	
2	291.53	86.98	292.15	94.08	7.13	0	
3	292.15	94.08	292.72	100.47	6.41	0	
4	292.72	100.47	294.00	115.00	14.59	2	5	10	

9	11	127.769	8
1	291.00	81.00	285.46	83.30	6.00	1	9	
2	285.46	83.30	273.36	88.33	13.10	0	
3	273.36	88.33	270.97	89.32	2.59	1	8	
4	270.97	89.32	244.01	100.51	29.19	2	4	8	
5	244.01	100.51	189.65	123.08	58.85	1	4	
6	189.65	123.08	188.38	123.61	1.38	0	
7	188.38	123.61	182.24	126.17	6.66	1	1	
8	182.24	126.17	173.00	130.00	10.00	2	1	11	

9	12	102.650	3
1	291.00	81.00	286.97	76.56	6.00	1	9	
2	286.97	76.56	232.75	16.85	80.65	0	
3	232.75	16.85	222.00	5.00	16.00	1	12	

9	13	191.471	7
1	291.00	81.00	287.27	85.70	6.00	1	9	
2	287.27	85.70	277.83	97.60	15.19	0	
3	277.83	97.60	265.37	113.31	20.05	1	8	
4	265.37	113.31	262.49	116.93	4.63	2	4	8	
5	262.49	116.93	255.13	126.21	11.84	1	4	
6	255.13	126.21	189.40	209.06	105.76	0	
7	189.40	209.06	172.00	231.00	28.00	1	13	

9	14	269.416	9
1	291.00	81.00	286.72	85.21	6.00	1	9	
2	286.72	85.21	277.14	94.65	13.45	0	
3	277.14	94.65	269.70	101.96	10.43	1	8	
4	269.70	101.96	255.39	116.05	20.08	2	4	8	
5	255.39	116.05	234.24	136.87	29.68	1	4	
6	234.24	136.87	166.51	203.54	95.04	0	
7	166.51	203.54	144.63	225.08	30.70	1	13	
8	144.63	225.08	118.95	250.36	36.03	0	
9	118.95	250.36	99.00	270.00	28.00	1	14	

9	15	267.808	8
1	291.00	81.00	285.15	82.34	6.00	1	9	
2	285.15	82.34	270.70	85.67	14.83	0	
3	270.70	85.67	270.29	85.76	0.42	1	4	
4	270.29	85.76	246.43	91.25	24.48	2	4	8	
5	246.43	91.25	179.66	106.59	68.51	1	4	
6	179.66	106.59	40.69	138.54	142.60	0	
7	40.69	138.54	34.87	139.88	5.96	1	6	
8	34.87	139.88	30.00	141.00	5.00	2	6	15	

10	0	107.005	3
1	294.00	115.00	293.87	129.19	14.19	2	5	10	
2	293.87	129.19	293.80	136.00	6.82	0	
3	293.80	136.00	293.00	222.00	86.00	0	

10	1	112.588	6
1	294.00	115.00	274.61	119.23	19.85	2	5	10	
2	274.61	119.23	273.48	119.48	1.15	1	10	
3	273.48	119.48	258.70	122.70	15.13	0	
4	258.70	122.70	205.66	134.27	54.29	1	4	
5	205.66	134.27	199.63	135.59	6.17	0	
6	199.63	135.59	184.00	139.00	16.00	1	1	

10	2	268.963	11
1	294.00	115.00	274.39	118.40	19.90	2	5	10	
2	274.39	118.40	273.31	118.59	1.10	1	10	
3	273.31	118.59	260.30	120.85	13.20	0	
4	260.30	120.85	199.88	131.34	61.33	1	4	
5	199.88	131.34	198.20	131.63	1.70	0	
6	198.20	131.63	181.96	134.45	16.49	1	1	
7	181.96	134.45	168.15	136.85	14.02	2	1	11	
8	168.15	136.85	166.07	137.21	2.11	1	11	
9	166.07	137.21	50.66	157.24	117.13	0	
10	50.66	157.24	36.88	159.63	13.99	1	6	
11	36.88	159.63	29.00	161.00	8.00	2	2	6	

10	3	239.871	8
1	294.00	115.00	274.76	110.29	19.81	2	5	10	
2	274.76	110.29	274.57	110.25	0.20	1	10	
3	274.57	110.25	273.60	110.01	0.99	2	8	10	
4	273.60	110.01	267.60	108.54	6.17	1	8	
5	267.60	108.54	244.24	102.83	24.06	2	4	8	
6	244.24	102.83	177.22	86.43	68.99	1	4	
7	177.22	86.43	69.74	60.14	110.65	0	
8	69.74	60.14	61.00	58.00	9.00	1	3	

10	4	74.000	4
1	294.00	115.00	275.61	108.69	19.44	2	5	10	
2	275.61	108.69	275.42	108.63	0.20	3	5	8	10	
3	275.42	108.63	244.13	97.90	33.08	1	8	
4	244.13	97.90	224.00	91.00	21.28	1	4	

10	5	5.000	1
1	294.00	115.00	289.00	115.00	5.00	2	5	10	

10	6	290.869	12
1	294.00	115.00	274.44	118.62	19.89	2	5	10	
2	274.44	118.62	273.35	118.83	1.11	1	10	
3	273.35	118.83	259.92	121.32	13.66	0	
4	259.92	121.32	201.33	132.17	59.58	1	4	
5	201.33	132.17	198.69	132.66	2.69	0	
6	198.69	132.66	181.05	135.93	17.94	1	1	
7	181.05	135.93	168.01	138.35	13.26	2	1	11	
8	168.01	138.35	167.61	138.42	0.41	1	11	
9	167.61	138.42	51.26	159.98	118.33	0	
10	51.26	159.98	36.83	162.66	14.68	1	6	
11	36.83	162.66	22.29	165.35	14.79	2	2	6	
12	22.29	165.35	8.00	168.00	14.53	1	6	

10	7	107.117	6
1	294.00	115.00	293.33	100.64	14.38	2	5	10	
2	293.33	100.64	293.02	94.02	6.62	1	10	
3	293.02	94.02	292.68	86.76	7.27	0	
4	292.68	86.76	292.14	75.11	11.67	1	9	
5	292.14	75.11	289.70	22.98	52.18	0	
6	289.70	22.98	289.00	8.00	15.00	0	

10	8	36.249	5
1	294.00	115.00	276.48	107.03	19.25	2	5	10	
2	276.48	107.03	276.33	106.97	0.16	3	5	8	10	
3	276.33	106.97	274.88	106.31	1.59	2	8	10	
4	274.88	106.31	269.24	103.75	6.20	1	8	
5	269.24	103.75	261.00	100.00	9.05	2	4	8	

10	9	34.132	4
1	294.00	115.00	292.72	100.47	14.59	2	5	10	
2	292.72	100.47	292.15	94.08	6.41	0	
3	292.15	94.08	291.53	86.98	7.13	0	
4	291.53	86.98	291.00	81.00	6.00	1	9	

10	10	0	0

10	11	121.926	7
1	294.00	115.00	274.20	117.45	19.95	2	5	10	
2	274.20	117.45	273.16	117.58	1.05	1	10	
3	273.16	117.58	261.75	119.00	11.50	0	
4	261.75	119.00	194.90	127.29	67.36	1	4	
5	194.90	127.29	194.23	127.37	0.67	2	1	4	
6	194.23	127.37	182.92	128.77	11.39	1	1	
7	182.92	128.77	173.00	130.00	10.00	2	1	11	

10	12	131.469	6
1	294.00	115.00	284.61	100.66	17.14	2	5	10	
2	284.61	100.66	282.50	97.43	3.86	1	10	
3	282.50	97.43	268.61	76.22	25.35	0	
4	268.61	76.22	255.40	56.03	24.13	1	4	
5	255.40	56.03	230.76	18.39	44.99	0	
6	230.76	18.39	222.00	5.00	16.00	1	12	

10	13	168.345	4
1	294.00	115.00	280.79	127.56	18.22	2	5	10	
2	280.79	127.56	278.78	129.47	2.78	1	10	
3	278.78	129.47	192.29	211.71	119.34	0	
4	192.29	211.71	172.00	231.00	28.00	1	13	

10	14	249.098	6
1	294.00	115.00	279.45	126.57	18.59	2	5	10	
2	279.45	126.57	277.56	128.07	2.41	1	10	
3	277.56	128.07	181.29	204.59	122.97	0	
4	181.29	204.59	144.17	234.09	47.42	1	13	
5	144.17	234.09	120.92	252.58	29.70	0	
6	120.92	252.58	99.00	270.00	28.00	1	14	

10	15	265.277	11
1	294.00	115.00	274.13	116.96	19.97	2	5	10	
2	274.13	116.96	273.10	117.06	1.03	1	10	
3	273.10	117.06	262.39	118.11	10.76	0	
4	262.39	118.11	191.85	125.06	70.88	1	4	
5	191.85	125.06	191.64	125.08	0.22	2	1	4	
6	191.64	125.08	182.17	126.01	9.51	1	1	
7	182.17	126.01	173.58	126.86	8.63	2	1	11	
8	173.58	126.86	163.23	127.88	10.40	1	11	
9	163.23	127.88	41.81	139.84	122.01	0	
10	41.81	139.84	34.98	140.51	6.86	1	6	
11	34.98	140.51	30.00	141.00	5.00	2	6	15	

11	0	151.208	3
1	173.00	130.00	180.94	136.08	10.00	2	1	11	
2	180.94	136.08	196.97	148.37	20.20	1	1	
3	196.97	148.37	293.00	222.00	121.01	0	

11	1	14.213	2
1	173.00	130.00	180.74	136.33	10.00	2	1	11	
2	180.74	136.33	184.00	139.00	4.21	1	1	

11	2	147.299	5
1	173.00	130.00	170.41	130.56	2.65	2	1	11	
2	170.41	130.56	163.22	132.10	7.35	1	11	
3	163.22	132.10	50.44	156.38	115.37	0	
4	50.44	156.38	36.82	159.32	13.93	1	6	
5	36.82	159.32	29.00	161.00	8.00	2	2	6	

11	3	133.147	4
1	173.00	130.00	171.49	129.03	1.80	2	1	11	
2	171.49	129.03	164.59	124.59	8.20	1	11	
3	164.59	124.59	68.57	62.87	114.15	0	
4	68.57	62.87	61.00	58.00	9.00	1	3	

11	4	64.203	4
1	173.00	130.00	180.94	123.93	10.00	2	1	11	
2	180.94	123.93	181.99	123.13	1.31	1	1	
3	181.99	123.13	186.67	119.55	5.89	0	
4	186.67	119.55	224.00	91.00	47.00	1	4	

11	5	116.966	7
1	173.00	130.00	182.92	128.72	10.00	2	1	11	
2	182.92	128.72	194.11	127.27	11.28	1	1	
3	194.11	127.27	194.79	127.18	0.68	2	1	4	
4	194.79	127.18	262.13	118.47	67.91	1	4	
5	262.13	118.47	273.10	117.06	11.06	0	
6	273.10	117.06	274.12	116.92	1.03	1	10	
7	274.12	116.92	289.00	115.00	15.00	2	5	10	

11	6	169.319	6
1	173.00	130.00	170.38	130.60	2.69	2	1	11	
2	170.38	130.60	163.26	132.24	7.31	1	11	
3	163.26	132.24	50.88	158.13	115.32	0	
4	50.88	158.13	36.99	161.32	14.25	1	6	
5	36.99	161.32	21.95	164.79	15.43	2	2	6	
6	21.95	164.79	8.00	168.00	14.32	1	6	

11	7	168.345	6
1	173.00	130.00	178.84	123.85	8.48	2	1	11	
2	178.84	123.85	179.89	122.75	1.52	1	11	
3	179.89	122.75	185.06	117.32	7.50	0	
4	185.06	117.32	248.32	50.78	91.81	1	4	
5	248.32	50.78	278.66	18.87	44.03	0	
6	278.66	18.87	289.00	8.00	15.00	1	7	

11	8	92.973	5
1	173.00	130.00	182.47	126.77	10.00	2	1	11	
2	182.47	126.77	190.05	124.19	8.01	1	1	
3	190.05	124.19	190.55	124.02	0.53	0	
4	190.55	124.02	244.91	105.49	57.43	1	4	
5	244.91	105.49	261.00	100.00	17.00	2	4	8	

11	9	127.769	8
1	173.00	130.00	182.24	126.17	10.00	2	1	11	
2	182.24	126.17	188.38	123.61	6.66	1	1	
3	188.38	123.61	189.65	123.08	1.38	0	
4	189.65	123.08	244.01	100.51	58.85	1	4	
5	244.01	100.51	270.97	89.32	29.19	2	4	8	
6	270.97	89.32	273.36	88.33	2.59	1	8	
7	273.36	88.33	285.46	83.30	13.10	0	
8	285.46	83.30	291.00	81.00	6.00	1	9	

11	10	121.926	7
1	173.00	130.00	182.92	128.77	10.00	2	1	11	
2	182.92	128.77	194.23	127.37	11.39	1	1	
3	194.23	127.37	194.90	127.29	0.67	2	1	4	
4	194.90	127.29	261.75	119.00	67.36	1	4	
5	261.75	119.00	273.16	117.58	11.50	0	
6	273.16	117.58	274.20	117.45	1.05	1	10	
7	274.20	117.45	294.00	115.00	19.95	2	5	10	

11	11	0	0

11	12	134.261	6
1	173.00	130.00	174.53	126.11	4.18	2	1	11	
2	174.53	126.11	176.65	120.69	5.82	1	11	
3	176.65	120.69	180.92	109.79	11.70	0	
4	180.92	109.79	205.17	47.94	66.44	1	4	
5	205.17	47.94	216.16	19.90	30.12	0	
6	216.16	19.90	222.00	5.00	16.00	1	12	

11	13	101.005	4
1	173.00	130.00	172.90	140.00	10.00	2	1	11	
2	172.90	140.00	172.80	150.42	10.42	1	1	
3	172.80	150.42	172.28	203.00	52.58	0	
4	172.28	203.00	172.00	231.00	28.00	1	13	

11	14	158.354	4
1	173.00	130.00	168.33	138.84	10.00	2	1	11	
2	168.33	138.84	168.01	139.45	0.69	1	1	
3	168.01	139.45	112.08	245.25	119.67	0	
4	112.08	245.25	99.00	270.00	28.00	1	14	

11	15	143.422	5
1	173.00	130.00	170.65	130.18	2.36	2	1	11	
2	170.65	130.18	163.03	130.77	7.64	1	11	
3	163.03	130.77	42.00	140.08	121.38	0	
4	42.00	140.08	34.99	140.62	7.04	1	6	
5	34.99	140.62	30.00	141.00	5.00	2	6	15	

12	0	228.320	6
1	222.00	5.00	226.98	20.21	16.00	1	12	
2	226.98	20.21	235.20	45.35	26.46	0	
3	235.20	45.35	249.11	87.85	44.71	1	4	
4	249.11	87.85	258.59	116.83	30.49	2	4	8	
5	258.59	116.83	260.02	121.19	4.59	1	4	
6	260.02	121.19	293.00	222.00	106.06	0	

12	1	139.284	5
1	222.00	5.00	217.63	20.39	16.00	1	12	
2	217.63	20.39	210.37	46.02	26.64	0	
3	210.37	46.02	188.78	122.13	79.11	1	4	
4	188.78	122.13	188.37	123.61	1.54	0	
5	188.37	123.61	184.00	139.00	16.00	1	1	

12	2	248.163	4
1	222.00	5.00	209.56	15.06	16.00	1	12	
2	209.56	15.06	46.56	146.81	209.58	0	
3	46.56	146.81	35.22	155.97	14.58	1	6	
4	35.22	155.97	29.00	161.00	8.00	2	2	6	

12	3	169.499	3
1	222.00	5.00	206.80	10.00	16.00	1	12	
2	206.80	10.00	69.55	55.19	144.50	0	
3	69.55	55.19	61.00	58.00	9.00	1	3	

12	4	86.023	3
1	222.00	5.00	222.37	21.00	16.00	0	
2	222.37	21.00	222.91	44.01	23.02	0	
3	222.91	44.01	224.00	91.00	47.00	1	4	

12	5	128.798	8
1	222.00	5.00	230.32	18.66	16.00	1	12	
2	230.32	18.66	250.91	52.47	39.58	0	
3	250.91	52.47	270.58	84.77	37.82	1	4	
4	270.58	84.77	271.94	86.98	2.60	0	
5	271.94	86.98	277.58	96.25	10.85	1	8	
6	277.58	96.25	279.66	99.66	3.99	0	
7	279.66	99.66	281.20	102.19	2.96	1	10	
8	281.20	102.19	289.00	115.00	15.00	2	5	10	

12	6	269.007	5
1	222.00	5.00	209.27	14.69	16.00	1	12	
2	209.27	14.69	43.00	141.34	209.01	0	
3	43.00	141.34	27.51	153.14	19.48	1	6	
4	27.51	153.14	21.82	157.47	7.15	2	2	6	
5	21.82	157.47	8.00	168.00	17.37	1	6	

12	7	67.067	3
1	222.00	5.00	237.98	5.72	16.00	1	12	
2	237.98	5.72	274.01	7.33	36.07	0	
3	274.01	7.33	289.00	8.00	15.00	1	7	

12	8	102.694	4
1	222.00	5.00	228.08	19.80	16.00	1	12	
2	228.08	19.80	239.02	46.47	28.82	0	
3	239.02	46.47	254.54	84.27	40.87	1	4	
4	254.54	84.27	261.00	100.00	17.00	2	4	8	

12	9	102.650	3
1	222.00	5.00	232.75	16.85	16.00	1	12	
2	232.75	16.85	286.97	76.56	80.65	0	
3	286.97	76.56	291.00	81.00	6.00	1	9	

12	10	131.469	6
1	222.00	5.00	230.76	18.39	16.00	1	12	
2	230.76	18.39	255.40	56.03	44.99	0	
3	255.40	56.03	268.61	76.22	24.13	1	4	
4	268.61	76.22	282.50	97.43	25.35	0	
5	282.50	97.43	284.61	100.66	3.86	1	10	
6	284.61	100.66	294.00	115.00	17.14	2	5	10	

12	11	134.261	6
1	222.00	5.00	216.16	19.90	16.00	1	12	
2	216.16	19.90	205.17	47.94	30.12	0	
3	205.17	47.94	180.92	109.79	66.44	1	4	
4	180.92	109.79	176.65	120.69	11.70	0	
5	176.65	120.69	174.53	126.11	5.82	1	11	
6	174.53	126.11	173.00	130.00	4.18	2	1	11	

12	12	0	0

12	13	231.465	7
1	222.00	5.00	218.54	20.62	16.00	1	12	
2	218.54	20.62	213.09	45.28	25.26	0	
3	213.09	45.28	194.94	127.32	84.02	1	4	
4	194.94	127.32	194.82	127.85	0.54	2	1	4	
5	194.82	127.85	188.99	154.20	26.99	1	1	
6	188.99	154.20	178.05	203.66	50.66	0	
7	178.05	203.66	172.00	231.00	28.00	1	13	

12	14	292.154	7
1	222.00	5.00	215.26	19.51	16.00	1	12	
2	215.26	19.51	201.15	49.93	33.53	0	
3	201.15	49.93	177.88	100.05	55.26	1	4	
4	177.88	100.05	168.00	121.34	23.47	0	
5	168.00	121.34	163.16	131.77	11.50	1	11	
6	163.16	131.77	110.79	244.60	124.39	0	
7	110.79	244.60	99.00	270.00	28.00	1	14	

12	15	235.287	4
1	222.00	5.00	208.94	14.25	16.00	1	12	
2	208.94	14.25	37.71	135.54	209.84	0	
3	37.71	135.54	34.08	138.11	4.44	1	6	
4	34.08	138.11	30.00	141.00	5.00	2	6	15	

13	0	121.334	2
1	172.00	231.00	199.92	228.92	28.00	1	13	
2	199.92	228.92	293.00	222.00	93.33	0	

13	1	92.779	3
1	172.00	231.00	175.62	203.24	28.00	1	13	
2	175.62	203.24	181.93	154.87	48.78	0	
3	181.93	154.87	184.00	139.00	16.00	1	1	

13	2	159.214	4
1	172.00	231.00	146.85	218.69	28.00	1	13	
2	146.85	218.69	51.80	172.16	105.83	0	
3	51.80	172.16	36.19	164.52	17.39	1	6	
4	36.19	164.52	29.00	161.00	8.00	2	2	6	

13	3	205.548	3
1	172.00	231.00	156.88	207.43	28.00	1	13	
2	156.88	207.43	65.86	65.57	168.55	0	
3	65.86	65.57	61.00	58.00	9.00	1	3	

13	4	149.345	3
1	172.00	231.00	181.75	204.75	28.00	1	13	
2	181.75	204.75	207.64	135.06	74.35	0	
3	207.64	135.06	224.00	91.00	47.00	0	

13	5	164.757	4
1	172.00	231.00	191.88	211.29	28.00	1	13	
2	191.88	211.29	276.82	127.08	119.61	0	
3	276.82	127.08	278.35	125.56	2.15	1	10	
4	278.35	125.56	289.00	115.00	15.00	2	5	10	

13	6	175.684	3
1	172.00	231.00	145.86	220.96	28.00	1	13	
2	145.86	220.96	49.07	183.78	103.68	0	
3	49.07	183.78	8.00	168.00	44.00	1	6	

13	7	251.829	5
1	172.00	231.00	185.01	206.21	28.00	1	13	
2	185.01	206.21	220.85	137.89	77.14	0	
3	220.85	137.89	260.80	61.76	85.98	1	4	
4	260.80	61.76	282.03	21.28	45.71	0	
5	282.03	21.28	289.00	8.00	15.00	1	7	

13	8	158.373	4
1	172.00	231.00	187.74	207.84	28.00	1	13	
2	187.74	207.84	236.30	136.36	86.41	0	
3	236.30	136.36	251.45	114.06	26.96	1	4	
4	251.45	114.06	261.00	100.00	17.00	2	4	8	

13	9	191.471	7
1	172.00	231.00	189.40	209.06	28.00	1	13	
2	189.40	209.06	255.13	126.21	105.76	0	
3	255.13	126.21	262.49	116.93	11.84	1	4	
4	262.49	116.93	265.37	113.31	4.63	2	4	8	
5	265.37	113.31	277.83	97.60	20.05	1	8	
6	277.83	97.60	287.27	85.70	15.19	0	
7	287.27	85.70	291.00	81.00	6.00	1	9	

13	10	168.345	4
1	172.00	231.00	192.29	211.71	28.00	1	13	
2	192.29	211.71	278.78	129.47	119.34	0	
3	278.78	129.47	280.79	127.56	2.78	1	10	
4	280.79	127.56	294.00	115.00	18.22	2	5	10	

13	11	101.005	4
1	172.00	231.00	172.28	203.00	28.00	1	13	
2	172.28	203.00	172.80	150.42	52.58	0	
3	172.80	150.42	172.90	140.00	10.42	1	1	
4	172.90	140.00	173.00	130.00	10.00	2	1	11	

13	12	231.465	7
1	172.00	231.00	178.05	203.66	28.00	1	13	
2	178.05	203.66	188.99	154.20	50.66	0	
3	188.99	154.20	194.82	127.85	26.99	1	1	
4	194.82	127.85	194.94	127.32	0.54	2	1	4	
5	194.94	127.32	213.09	45.28	84.02	1	4	
6	213.09	45.28	218.54	20.62	25.26	0	
7	218.54	20.62	222.00	5.00	16.00	1	12	

13	13	0	0

13	14	82.765	3
1	172.00	231.00	147.30	244.19	28.00	1	13	
2	147.30	244.19	123.70	256.81	26.76	0	
3	123.70	256.81	99.00	270.00	28.00	1	14	

13	15	168.119	4
1	172.00	231.00	148.35	216.01	28.00	1	13	
2	148.35	216.01	49.49	153.35	117.04	0	
3	49.49	153.35	34.22	143.68	18.08	1	6	
4	34.22	143.68	30.00	141.00	5.00	2	6	15	

14	0	199.850	4
1	99.00	270.00	126.18	263.27	28.00	1	14	
2	126.18	263.27	158.19	255.36	32.97	0	
3	158.19	255.36	195.58	246.10	38.52	1	13	
4	195.58	246.10	293.00	222.00	100.36	0	

14	1	156.160	3
1	99.00	270.00	114.24	246.51	28.00	1	14	
2	114.24	246.51	175.29	152.42	112.16	0	
3	175.29	152.42	184.00	139.00	16.00	1	1	

14	2	129.541	4
1	99.00	270.00	83.87	246.44	28.00	1	14	
2	83.87	246.44	46.81	188.73	68.58	0	
3	46.81	188.73	33.32	167.73	24.96	1	6	
4	33.32	167.73	29.00	161.00	8.00	2	2	6	

14	3	215.379	3
1	99.00	270.00	94.06	242.44	28.00	1	14	
2	94.06	242.44	62.59	66.86	178.38	0	
3	62.59	66.86	61.00	58.00	9.00	1	3	

14	4	218.325	5
1	99.00	270.00	115.03	247.04	28.00	1	14	
2	115.03	247.04	179.72	154.42	112.98	0	
3	179.72	154.42	197.00	129.67	30.18	1	1	
4	197.00	129.67	197.09	129.53	0.16	0	
5	197.09	129.53	224.00	91.00	47.00	1	4	

14	5	245.204	6
1	99.00	270.00	120.70	252.30	28.00	1	14	
2	120.70	252.30	144.09	233.22	30.19	0	
3	144.09	233.22	179.78	204.10	46.06	1	13	
4	179.78	204.10	275.92	125.67	124.07	0	
5	275.92	125.67	277.38	124.48	1.89	1	10	
6	277.38	124.48	289.00	115.00	15.00	2	5	10	

14	6	136.693	3
1	99.00	270.00	80.36	249.11	28.00	1	14	
2	80.36	249.11	37.29	200.83	64.69	0	
3	37.29	200.83	8.00	168.00	44.00	1	6	

14	7	323.642	7
1	99.00	270.00	115.44	247.33	28.00	1	14	
2	115.44	247.33	182.45	154.92	114.15	0	
3	182.45	154.92	198.66	132.58	27.60	1	1	
4	198.66	132.58	199.65	131.20	1.70	0	
5	199.65	131.20	254.65	55.37	93.68	1	4	
6	254.65	55.37	280.19	20.14	43.51	0	
7	280.19	20.14	289.00	8.00	15.00	1	7	

14	8	234.828	6
1	99.00	270.00	118.32	249.73	28.00	1	14	
2	118.32	249.73	145.95	220.73	40.06	0	
3	145.95	220.73	160.49	205.48	21.07	1	13	
4	160.49	205.48	224.79	137.99	93.22	0	
5	224.79	137.99	249.27	112.31	35.48	1	4	
6	249.27	112.31	261.00	100.00	17.00	2	4	8	

14	9	269.416	9
1	99.00	270.00	118.95	250.36	28.00	1	14	
2	118.95	250.36	144.63	225.08	36.03	0	
3	144.63	225.08	166.51	203.54	30.70	1	13	
4	166.51	203.54	234.24	136.87	95.04	0	
5	234.24	136.87	255.39	116.05	29.68	1	4	
6	255.39	116.05	269.70	101.96	20.08	2	4	8	
7	269.70	101.96	277.14	94.65	10.43	1	8	
8	277.14	94.65	286.72	85.21	13.45	0	
9	286.72	85.21	291.00	81.00	6.00	1	9	

14	10	249.098	6
1	99.00	270.00	120.92	252.58	28.00	1	14	
2	120.92	252.58	144.17	234.09	29.70	0	
3	144.17	234.09	181.29	204.59	47.42	1	13	
4	181.29	204.59	277.56	128.07	122.97	0	
5	277.56	128.07	279.45	126.57	2.41	1	10	
6	279.45	126.57	294.00	115.00	18.59	2	5	10	

14	11	158.354	4
1	99.00	270.00	112.08	245.25	28.00	1	14	
2	112.08	245.25	168.01	139.45	119.67	0	
3	168.01	139.45	168.33	138.84	0.69	1	1	
4	168.33	138.84	173.00	130.00	10.00	2	1	11	

14	12	292.154	7
1	99.00	270.00	110.79	244.60	28.00	1	14	
2	110.79	244.60	163.16	131.77	124.39	0	
3	163.16	131.77	168.00	121.34	11.50	1	11	
4	168.00	121.34	177.88	100.05	23.47	0	
5	177.88	100.05	201.15	49.93	55.26	1	4	
6	201.15	49.93	215.26	19.51	33.53	0	
7	215.26	19.51	222.00	5.00	16.00	1	12	

14	13	82.765	3
1	99.00	270.00	123.70	256.81	28.00	1	14	
2	123.70	256.81	147.30	244.19	26.76	0	
3	147.30	244.19	172.00	231.00	28.00	1	13	

14	14	0	0

14	15	146.294	4
1	99.00	270.00	85.79	245.31	28.00	1	14	
2	85.79	245.31	50.51	179.35	74.81	0	
3	50.51	179.35	32.36	145.41	38.49	1	6	
4	32.36	145.41	30.00	141.00	5.00	2	6	15	

15	0	275.191	3
1	30.00	141.00	34.78	142.47	5.00	2	6	15	
2	34.78	142.47	46.08	145.95	11.82	1	6	
3	46.08	145.95	293.00	222.00	258.37	0	

15	1	154.013	6
1	30.00	141.00	35.00	140.94	5.00	2	6	15	
2	35.00	140.94	42.61	140.84	7.62	1	6	
3	42.61	140.84	168.00	139.21	125.40	0	
4	168.00	139.21	169.07	139.19	1.07	1	1	
5	169.07	139.19	177.17	139.09	8.10	2	1	11	
6	177.17	139.09	184.00	139.00	6.83	1	1	

15	2	20.025	3
1	30.00	141.00	29.75	145.99	5.00	2	6	15	
2	29.75	145.99	29.40	153.01	7.02	1	6	
3	29.40	153.01	29.00	161.00	8.00	2	2	6	

15	3	88.600	4
1	30.00	141.00	31.75	136.32	5.00	2	6	15	
2	31.75	136.32	33.35	132.04	4.57	1	6	
3	33.35	132.04	57.85	66.43	70.03	0	
4	57.85	66.43	61.00	58.00	9.00	1	3	

15	4	200.340	4
1	30.00	141.00	34.84	139.75	5.00	2	6	15	
2	34.84	139.75	40.47	138.30	5.81	1	6	
3	40.47	138.30	178.49	102.73	142.53	0	
4	178.49	102.73	224.00	91.00	47.00	1	4	

15	5	260.302	11
1	30.00	141.00	34.98	140.50	5.00	2	6	15	
2	34.98	140.50	41.79	139.82	6.85	1	6	
3	41.79	139.82	163.29	127.62	122.11	0	
4	163.29	127.62	173.95	126.55	10.72	1	11	
5	173.95	126.55	182.05	125.74	8.14	2	1	11	
6	182.05	125.74	191.35	124.80	9.35	1	1	
7	191.35	124.80	191.37	124.80	0.03	2	1	4	
8	191.37	124.80	262.72	117.64	71.71	1	4	
9	262.72	117.64	273.06	116.60	10.39	0	
10	273.06	116.60	274.07	116.50	1.02	1	10	
11	274.07	116.50	289.00	115.00	15.00	2	5	10	

15	6	34.828	2
1	30.00	141.00	26.84	144.88	5.00	2	6	15	
2	26.84	144.88	8.00	168.00	29.83	1	6	

15	7	291.153	6
1	30.00	141.00	34.45	138.72	5.00	2	6	15	
2	34.45	138.72	38.74	136.51	4.82	1	6	
3	38.74	136.51	189.48	59.11	169.46	0	
4	189.48	59.11	218.19	44.36	32.28	1	4	
5	218.19	44.36	275.66	14.85	64.60	0	
6	275.66	14.85	289.00	8.00	15.00	1	7	

15	8	234.610	5
1	30.00	141.00	34.92	140.13	5.00	2	6	15	
2	34.92	140.13	41.11	139.03	6.29	1	6	
3	41.11	139.03	182.93	113.86	144.03	0	
4	182.93	113.86	244.26	102.97	62.29	1	4	
5	244.26	102.97	261.00	100.00	17.00	2	4	8	

15	9	267.808	8
1	30.00	141.00	34.87	139.88	5.00	2	6	15	
2	34.87	139.88	40.69	138.54	5.96	1	6	
3	40.69	138.54	179.66	106.59	142.60	0	
4	179.66	106.59	246.43	91.25	68.51	1	4	
5	246.43	91.25	270.29	85.76	24.48	2	4	8	
6	270.29	85.76	270.70	85.67	0.42	1	4	
7	270.70	85.67	285.15	82.34	14.83	0	
8	285.15	82.34	291.00	81.00	6.00	1	9	

15	10	265.277	11
1	30.00	141.00	34.98	140.51	5.00	2	6	15	
2	34.98	140.51	41.81	139.84	6.86	1	6	
3	41.81	139.84	163.23	127.88	122.01	0	
4	163.23	127.88	173.58	126.86	10.40	1	11	
5	173.58	126.86	182.17	126.01	8.63	2	1	11	
6	182.17	126.01	191.64	125.08	9.51	1	1	
7	191.64	125.08	191.85	125.06	0.22	2	1	4	
8	191.85	125.06	262.39	118.11	70.88	1	4	
9	262.39	118.11	273.10	117.06	10.76	0	
10	273.10	117.06	274.13	116.96	1.03	1	10	
11	274.13	116.96	294.00	115.00	19.97	2	5	10	

15	11	143.422	5
1	30.00	141.00	34.99	140.62	5.00	2	6	15	
2	34.99	140.62	42.00	140.08	7.04	1	6	
3	42.00	140.08	163.03	130.77	121.38	0	
4	163.03	130.77	170.65	130.18	7.64	1	11	
5	170.65	130.18	173.00	130.00	2.36	2	1	11	

15	12	235.287	4
1	30.00	141.00	34.08	138.11	5.00	2	6	15	
2	34.08	138.11	37.71	135.54	4.44	1	6	
3	37.71	135.54	208.94	14.25	209.84	0	
4	208.94	14.25	222.00	5.00	16.00	1	12	

15	13	168.119	4
1	30.00	141.00	34.22	143.68	5.00	2	6	15	
2	34.22	143.68	49.49	153.35	18.08	1	6	
3	49.49	153.35	148.35	216.01	117.04	0	
4	148.35	216.01	172.00	231.00	28.00	1	13	

15	14	146.294	4
1	30.00	141.00	32.36	145.41	5.00	2	6	15	
2	32.36	145.41	50.51	179.35	38.49	1	6	
3	50.51	179.35	85.79	245.31	74.81	0	
4	85.79	245.31	99.00	270.00	28.00	1	14	

15	15	0	0
