9	119	2	0.001	70.0
150.000	150.000	0.000	1.000	0.000
38.000	259.000	35.000	10.000	14.000
209.000	40.000	48.000	6.000	9.000
102.000	6.000	12.000	9.000	16.000
176.000	191.000	42.000	6.000	12.000
23.000	285.000	32.000	3.000	18.000
162.000	134.000	34.000	8.000	19.000
293.000	59.000	27.000	5.000	16.000
217.000	261.000	19.000	5.000	17.000

0	0	0	0

0	1	156.285	4
1	150.00	150.00	139.90	159.83	14.10	1	6	
2	139.90	159.83	63.08	234.59	107.19	0	
3	63.08	234.59	39.47	257.57	32.94	1	1	
4	39.47	257.57	38.00	259.00	2.06	2	1	5	

0	2	124.824	3
1	150.00	150.00	175.35	102.73	53.64	1	6	
2	175.35	102.73	186.31	82.30	23.19	0	
3	186.31	82.30	209.00	40.00	48.00	1	2	

0	3	151.789	3
1	150.00	150.00	136.99	110.97	41.14	1	6	
2	136.99	110.97	105.79	17.38	98.65	0	
3	105.79	17.38	102.00	6.00	12.00	1	3	

0	4	48.549	3
1	150.00	150.00	153.51	155.53	6.55	1	6	
2	153.51	155.53	161.41	167.99	14.76	2	4	6	
3	161.41	167.99	176.00	191.00	27.24	1	4	

0	5	185.348	4
1	150.00	150.00	140.37	160.23	14.05	1	6	
2	140.37	160.23	66.53	238.73	107.77	0	
3	66.53	238.73	44.93	261.69	31.53	1	1	
4	44.93	261.69	23.00	285.00	32.00	2	1	5	

0	6	20.000	1
1	150.00	150.00	162.00	134.00	20.00	1	6	

0	7	169.499	3
1	150.00	150.00	193.85	122.10	51.97	1	6	
2	193.85	122.10	270.22	73.50	90.53	0	
3	270.22	73.50	293.00	59.00	27.00	1	7	

0	8	129.653	5
1	150.00	150.00	153.39	155.61	6.55	1	6	
2	153.39	155.61	160.85	167.98	14.45	2	4	6	
3	160.85	167.98	196.78	227.50	69.52	1	4	
4	196.78	227.50	207.18	244.73	20.13	0	
5	207.18	244.73	217.00	261.00	19.00	1	8	

1	0	156.285	4
1	38.00	259.00	39.47	257.57	2.06	2	1	5	
2	39.47	257.57	63.08	234.59	32.94	1	1	
3	63.08	234.59	139.90	159.83	107.19	0	
4	139.90	159.83	150.00	150.00	14.10	1	6	

1	1	0	0

1	2	277.852	6
1	38.00	259.00	39.23	257.42	2.00	2	1	5	
2	39.23	257.42	59.54	231.41	33.00	1	1	
3	59.54	231.41	129.05	142.39	112.95	0	
4	129.05	142.39	162.15	100.00	53.78	1	6	
5	162.15	100.00	179.46	77.83	28.12	0	
6	179.46	77.83	209.00	40.00	48.00	1	2	

1	3	260.969	4
1	38.00	259.00	38.50	257.01	2.06	2	1	5	
2	38.50	257.01	46.58	225.07	32.94	1	1	
3	46.58	225.07	99.06	17.63	213.97	0	
4	99.06	17.63	102.00	6.00	12.00	1	3	

1	4	153.844	4
1	38.00	259.00	40.11	257.96	2.35	2	1	5	
2	40.11	257.96	69.40	243.53	32.65	1	1	
3	69.40	243.53	138.33	209.56	76.84	0	
4	138.33	209.56	176.00	191.00	42.00	1	4	

1	5	30.017	1
1	38.00	259.00	23.00	285.00	30.02	2	1	5	

1	6	176.071	4
1	38.00	259.00	39.44	257.55	2.05	2	1	5	
2	39.44	257.55	62.65	234.15	32.95	1	1	
3	62.65	234.15	138.06	158.14	107.07	0	
4	138.06	158.14	162.00	134.00	34.00	1	6	

1	7	324.076	8
1	38.00	259.00	39.67	257.69	2.13	2	1	5	
2	39.67	257.69	65.54	237.40	32.87	1	1	
3	65.54	237.40	134.75	183.12	87.95	0	
4	134.75	183.12	154.96	167.26	25.69	1	4	
5	154.96	167.26	178.18	149.06	29.50	2	4	6	
6	178.18	149.06	195.98	135.09	22.63	1	6	
7	195.98	135.09	271.75	75.66	96.30	0	
8	271.75	75.66	293.00	59.00	27.00	1	7	

1	8	179.011	4
1	38.00	259.00	41.71	259.04	3.71	2	1	5	
2	41.71	259.04	73.00	259.39	31.29	1	1	
3	73.00	259.39	198.00	260.79	125.01	0	
4	198.00	260.79	217.00	261.00	19.00	1	8	

2	0	124.824	3
1	209.00	40.00	186.31	82.30	48.00	1	2	
2	186.31	82.30	175.35	102.73	23.19	0	
3	175.35	102.73	150.00	150.00	53.64	1	6	

2	1	277.852	6
1	209.00	40.00	179.46	77.83	48.00	1	2	
2	179.46	77.83	162.15	100.00	28.12	0	
3	162.15	100.00	129.05	142.39	53.78	1	6	
4	129.05	142.39	59.54	231.41	112.95	0	
5	59.54	231.41	39.23	257.42	33.00	1	1	
6	39.23	257.42	38.00	259.00	2.00	2	1	5	

2	2	0	0

2	3	112.272	3
1	209.00	40.00	163.25	25.46	48.00	1	2	
2	163.25	25.46	113.44	9.63	52.27	0	
3	113.44	9.63	102.00	6.00	12.00	1	3	

2	4	154.564	5
1	209.00	40.00	198.75	86.89	48.00	1	2	
2	198.75	86.89	191.97	117.94	31.78	0	
3	191.97	117.94	184.97	149.97	32.79	1	6	
4	184.97	149.97	182.53	161.10	11.39	1	6	
5	182.53	161.10	176.00	191.00	30.61	1	4	

2	5	307.605	6
1	209.00	40.00	179.98	78.23	48.00	1	2	
2	179.98	78.23	163.43	100.03	27.37	0	
3	163.43	100.03	129.66	144.50	55.84	1	6	
4	129.66	144.50	62.05	233.57	111.82	0	
5	62.05	233.57	42.35	259.51	32.57	1	1	
6	42.35	259.51	23.00	285.00	32.00	2	1	5	

2	6	105.095	3
1	209.00	40.00	187.53	82.93	48.00	0	
2	187.53	82.93	177.21	103.59	23.10	0	
3	177.21	103.59	162.00	134.00	34.00	1	6	

2	7	86.122	3
1	209.00	40.00	255.82	50.59	48.00	1	2	
2	255.82	50.59	266.67	53.04	11.12	0	
3	266.67	53.04	293.00	59.00	27.00	1	7	

2	8	221.145	5
1	209.00	40.00	210.74	87.97	48.00	1	2	
2	210.74	87.97	213.80	172.70	84.79	0	
3	213.80	172.70	215.03	206.52	33.84	0	
4	215.03	206.52	216.31	242.01	35.52	0	
5	216.31	242.01	217.00	261.00	19.00	1	8	

3	0	151.789	3
1	102.00	6.00	105.79	17.38	12.00	1	3	
2	105.79	17.38	136.99	110.97	98.65	0	
3	136.99	110.97	150.00	150.00	41.14	1	6	

3	1	260.969	4
1	102.00	6.00	99.06	17.63	12.00	1	3	
2	99.06	17.63	46.58	225.07	213.97	0	
3	46.58	225.07	38.50	257.01	32.94	1	1	
4	38.50	257.01	38.00	259.00	2.06	2	1	5	

3	2	112.272	3
1	102.00	6.00	113.44	9.63	12.00	1	3	
2	113.44	9.63	163.25	25.46	52.27	0	
3	163.25	25.46	209.00	40.00	48.00	1	2	

3	3	0	0

3	4	199.251	5
1	102.00	6.00	106.46	17.14	12.00	1	3	
2	106.46	17.14	142.16	106.39	96.12	0	
3	142.16	106.39	160.40	152.00	49.13	0	
4	160.40	152.00	166.67	167.68	16.88	2	4	6	
5	166.67	167.68	176.00	191.00	25.12	1	4	

3	5	289.969	4
1	102.00	6.00	98.73	17.55	12.00	1	3	
2	98.73	17.55	40.25	224.07	214.65	0	
3	40.25	224.07	31.72	254.21	31.32	1	1	
4	31.72	254.21	23.00	285.00	32.00	2	1	5	

3	6	141.365	3
1	102.00	6.00	107.09	16.87	12.00	1	3	
2	107.09	16.87	147.57	103.21	95.36	0	
3	147.57	103.21	162.00	134.00	34.00	1	6	

3	7	198.217	5
1	102.00	6.00	113.56	9.21	12.00	1	3	
2	113.56	9.21	164.03	23.21	52.38	0	
3	164.03	23.21	256.19	48.79	95.64	1	2	
4	256.19	48.79	266.98	51.78	11.20	0	
5	266.98	51.78	293.00	59.00	27.00	1	7	

3	8	279.732	7
1	102.00	6.00	106.93	16.94	12.00	1	3	
2	106.93	16.94	146.16	103.92	95.41	0	
3	146.16	103.92	166.94	149.99	50.54	1	6	
4	166.94	149.99	174.06	165.79	17.33	1	4	
5	174.06	165.79	200.74	224.94	64.89	1	4	
6	200.74	224.94	209.19	243.68	20.56	0	
7	209.19	243.68	217.00	261.00	19.00	1	8	

4	0	48.549	3
1	176.00	191.00	161.41	167.99	27.24	1	4	
2	161.41	167.99	153.51	155.53	14.76	2	4	6	
3	153.51	155.53	150.00	150.00	6.55	1	6	

4	1	153.844	4
1	176.00	191.00	138.33	209.56	42.00	1	4	
2	138.33	209.56	69.40	243.53	76.84	0	
3	69.40	243.53	40.11	257.96	32.65	1	1	
4	40.11	257.96	38.00	259.00	2.35	2	1	5	

4	2	154.564	5
1	176.00	191.00	182.53	161.10	30.61	1	4	
2	182.53	161.10	184.97	149.97	11.39	1	6	
3	184.97	149.97	191.97	117.94	32.79	1	6	
4	191.97	117.94	198.75	86.89	31.78	0	
5	198.75	86.89	209.00	40.00	48.00	1	2	

4	3	199.251	5
1	176.00	191.00	166.67	167.68	25.12	1	4	
2	166.67	167.68	160.40	152.00	16.88	2	4	6	
3	160.40	152.00	142.16	106.39	49.13	0	
4	142.16	106.39	106.46	17.14	96.12	0	
5	106.46	17.14	102.00	6.00	12.00	1	3	

4	4	0	0

4	5	179.569	4
1	176.00	191.00	140.21	212.99	42.00	1	4	
2	140.21	212.99	72.70	254.46	79.23	0	
3	72.70	254.46	50.27	268.25	26.34	1	1	
4	50.27	268.25	23.00	285.00	32.00	2	1	5	

4	6	58.694	3
1	176.00	191.00	170.11	167.02	24.69	1	4	
2	170.11	167.02	165.98	150.21	17.31	2	4	6	
3	165.98	150.21	162.00	134.00	16.69	1	6	

4	7	176.389	3
1	176.00	191.00	203.86	159.57	42.00	1	4	
2	203.86	159.57	275.09	79.21	107.39	0	
3	275.09	79.21	293.00	59.00	27.00	1	7	

4	8	81.123	3
1	176.00	191.00	197.23	227.24	42.00	1	4	
2	197.23	227.24	207.40	244.61	20.12	0	
3	207.40	244.61	217.00	261.00	19.00	1	8	

5	0	185.348	4
1	23.00	285.00	44.93	261.69	32.00	2	1	5	
2	44.93	261.69	66.53	238.73	31.53	1	1	
3	66.53	238.73	140.37	160.23	107.77	0	
4	140.37	160.23	150.00	150.00	14.05	1	6	

5	1	30.017	1
1	23.00	285.00	38.00	259.00	30.02	2	1	5	

5	2	307.605	6
1	23.00	285.00	42.35	259.51	32.00	2	1	5	
2	42.35	259.51	62.05	233.57	32.57	1	1	
3	62.05	233.57	129.66	144.50	111.82	0	
4	129.66	144.50	163.43	100.03	55.84	1	6	
5	163.43	100.03	179.98	78.23	27.37	0	
6	179.98	78.23	209.00	40.00	48.00	1	2	

5	3	289.969	4
1	23.00	285.00	31.72	254.21	32.00	2	1	5	
2	31.72	254.21	40.25	224.07	31.32	1	1	
3	40.25	224.07	98.73	17.55	214.65	0	
4	98.73	17.55	102.00	6.00	12.00	1	3	

5	4	179.569	4
1	23.00	285.00	50.27	268.25	32.00	2	1	5	
2	50.27	268.25	72.70	254.46	26.34	1	1	
3	72.70	254.46	140.21	212.99	79.23	0	
4	140.21	212.99	176.00	191.00	42.00	1	4	

5	5	0	0

5	6	205.236	4
1	23.00	285.00	44.67	261.46	32.00	2	1	5	
2	44.67	261.46	66.12	238.16	31.67	1	1	
3	66.12	238.16	138.97	159.02	107.57	0	
4	138.97	159.02	162.00	134.00	34.00	1	6	

5	7	352.102	8
1	23.00	285.00	47.54	264.46	32.00	2	1	5	
2	47.54	264.46	70.27	245.44	29.64	1	1	
3	70.27	245.44	134.01	192.08	83.13	0	
4	134.01	192.08	162.79	167.99	37.53	1	4	
5	162.79	167.99	184.45	149.86	28.25	2	4	6	
6	184.45	149.86	195.32	140.76	14.17	1	6	
7	195.32	140.76	272.30	76.33	100.38	0	
8	272.30	76.33	293.00	59.00	27.00	1	7	

5	8	195.479	4
1	23.00	285.00	54.76	281.07	32.00	2	1	5	
2	54.76	281.07	66.26	279.65	11.59	1	1	
3	66.26	279.65	198.14	263.33	132.89	0	
4	198.14	263.33	217.00	261.00	19.00	1	8	

6	0	20.000	1
1	162.00	134.00	150.00	150.00	20.00	1	6	

6	1	176.071	4
1	162.00	134.00	138.06	158.14	34.00	1	6	
2	138.06	158.14	62.65	234.15	107.07	0	
3	62.65	234.15	39.44	257.55	32.95	1	1	
4	39.44	257.55	38.00	259.00	2.05	2	1	5	

6	2	105.095	3
1	162.00	134.00	177.21	103.59	34.00	1	6	
2	177.21	103.59	187.53	82.93	23.10	0	
3	187.53	82.93	209.00	40.00	48.00	0	

6	3	141.365	3
1	162.00	134.00	147.57	103.21	34.00	1	6	
2	147.57	103.21	107.09	16.87	95.36	0	
3	107.09	16.87	102.00	6.00	12.00	1	3	

6	4	58.694	3
1	162.00	134.00	165.98	150.21	16.69	1	6	
2	165.98	150.21	170.11	167.02	17.31	2	4	6	
3	170.11	167.02	176.00	191.00	24.69	1	4	

6	5	205.236	4
1	162.00	134.00	138.97	159.02	34.00	1	6	
2	138.97	159.02	66.12	238.16	107.57	0	
3	66.12	238.16	44.67	261.46	31.67	1	1	
4	44.67	261.46	23.00	285.00	32.00	2	1	5	

6	6	0	0

6	7	150.950	3
1	162.00	134.00	191.51	117.11	34.00	1	6	
2	191.51	117.11	269.57	72.42	89.95	0	
3	269.57	72.42	293.00	59.00	27.00	1	7	

6	8	138.398	5
1	162.00	134.00	168.77	149.63	17.03	1	6	
2	168.77	149.63	175.51	165.20	16.97	2	4	6	
3	175.51	165.20	201.23	224.58	64.71	1	4	
4	201.23	224.58	209.45	243.56	20.69	0	
5	209.45	243.56	217.00	261.00	19.00	1	8	

7	0	169.499	3
1	293.00	59.00	270.22	73.50	27.00	1	7	
2	270.22	73.50	193.85	122.10	90.53	0	
3	193.85	122.10	150.00	150.00	51.97	1	6	

7	1	324.076	8
1	293.00	59.00	271.75	75.66	27.00	1	7	
2	271.75	75.66	195.98	135.09	96.30	0	
3	195.98	135.09	178.18	149.06	22.63	1	6	
4	178.18	149.06	154.96	167.26	29.50	2	4	6	
5	154.96	167.26	134.75	183.12	25.69	1	4	
6	134.75	183.12	65.54	237.40	87.95	0	
7	65.54	237.40	39.67	257.69	32.87	1	1	
8	39.67	257.69	38.00	259.00	2.13	2	1	5	

7	2	86.122	3
1	293.00	59.00	266.67	53.04	27.00	1	7	
2	266.67	53.04	255.82	50.59	11.12	0	
3	255.82	50.59	209.00	40.00	48.00	1	2	

7	3	198.217	5
1	293.00	59.00	266.98	51.78	27.00	1	7	
2	266.98	51.78	256.19	48.79	11.20	0	
3	256.19	48.79	164.03	23.21	95.64	1	2	
4	164.03	23.21	113.56	9.21	52.38	0	
5	113.56	9.21	102.00	6.00	12.00	1	3	

7	4	176.389	3
1	293.00	59.00	275.09	79.21	27.00	1	7	
2	275.09	79.21	203.86	159.57	107.39	0	
3	203.86	159.57	176.00	191.00	42.00	1	4	

7	5	352.102	8
1	293.00	59.00	272.30	76.33	27.00	1	7	
2	272.30	76.33	195.32	140.76	100.38	0	
3	195.32	140.76	184.45	149.86	14.17	1	6	
4	184.45	149.86	162.79	167.99	28.25	2	4	6	
5	162.79	167.99	134.01	192.08	37.53	1	4	
6	134.01	192.08	70.27	245.44	83.13	0	
7	70.27	245.44	47.54	264.46	29.64	1	1	
8	47.54	264.46	23.00	285.00	32.00	2	1	5	

7	6	150.950	3
1	293.00	59.00	269.57	72.42	27.00	1	7	
2	269.57	72.42	191.51	117.11	89.95	0	
3	191.51	117.11	162.00	134.00	34.00	1	6	

7	7	0	0

7	8	215.824	3
1	293.00	59.00	283.49	84.27	27.00	1	7	
2	283.49	84.27	223.69	243.22	169.82	0	
3	223.69	243.22	217.00	261.00	19.00	1	8	

8	0	129.653	5
1	217.00	261.00	207.18	244.73	19.00	1	8	
2	207.18	244.73	196.78	227.50	20.13	0	
3	196.78	227.50	160.85	167.98	69.52	1	4	
4	160.85	167.98	153.39	155.61	14.45	2	4	6	
5	153.39	155.61	150.00	150.00	6.55	1	6	

8	1	179.011	4
1	217.00	261.00	198.00	260.79	19.00	1	8	
2	198.00	260.79	73.00	259.39	125.01	0	
3	73.00	259.39	41.71	259.04	31.29	1	1	
4	41.71	259.04	38.00	259.00	3.71	2	1	5	

8	2	221.145	5
1	217.00	261.00	216.31	242.01	19.00	1	8	
2	216.31	242.01	215.03	206.52	35.52	0	
3	215.03	206.52	213.80	172.70	33.84	0	
4	213.80	172.70	210.74	87.97	84.79	0	
5	210.74	87.97	209.00	40.00	48.00	1	2	

8	3	279.732	7
1	217.00	261.00	209.19	243.68	19.00	1	8	
2	209.19	243.68	200.74	224.94	20.56	0	
3	200.74	224.94	174.06	165.79	64.89	1	4	
4	174.06	165.79	166.94	149.99	17.33	1	4	
5	166.94	149.99	146.16	103.92	50.54	1	6	
6	146.16	103.92	106.93	16.94	95.41	0	
7	106.93	16.94	102.00	6.00	12.00	1	3	

8	4	81.123	3
1	217.00	261.00	207.40	244.61	19.00	1	8	
2	207.40	244.61	197.23	227.24	20.12	0	
3	197.23	227.24	176.00	191.00	42.00	1	4	

8	5	195.479	4
1	217.00	261.00	198.14	263.33	19.00	1	8	
2	198.14	263.33	66.26	279.65	132.89	0	
3	66.26	279.65	54.76	281.07	11.59	1	1	
4	54.76	281.07	23.00	285.00	32.00	2	1	5	

8	6	138.398	5
1	217.00	261.00	209.45	243.56	19.00	1	8	
2	209.45	243.56	201.23	224.58	20.69	0	
3	201.23	224.58	175.51	165.20	64.71	1	4	
4	175.51	165.20	168.77	149.63	16.97	2	4	6	
5	168.77	149.63	162.00	134.00	17.03	1	6	

8	7	215.824	3
1	217.00	261.00	223.69	243.22	19.00	1	8	
2	223.69	243.22	283.49	84.27	169.82	0	
3	283.49	84.27	293.00	59.00	27.00	1	7	

8	8	0	0