9	101	2	0.001	70.0
150.000	150.000	0.000	7.000	0.000
183.000	14.000	30.000	4.000	9.000
173.000	231.000	35.000	3.000	11.000
104.000	122.000	39.000	8.000	11.000
59.000	263.000	2.000	4.000	11.000
28.000	135.000	13.000	8.000	13.000
194.000	138.000	42.000	9.000	6.000
52.000	14.000	44.000	5.000	20.000
223.000	268.000	20.000	5.000	19.000

0	0	0	0

0	1	139.946	4
1	150.00	150.00	152.13	141.24	9.01	0	
2	152.13	141.24	158.27	115.93	26.05	1	6	
3	158.27	115.93	175.93	43.15	74.89	0	
4	175.93	43.15	183.00	14.00	30.00	1	1	

0	2	84.202	2
1	150.00	150.00	163.44	197.33	49.20	0	
2	163.44	197.33	173.00	231.00	35.00	1	2	

0	3	53.852	2
1	150.00	150.00	137.31	142.28	14.85	0	
2	137.31	142.28	104.00	122.00	39.00	1	3	

0	4	145.086	2
1	150.00	150.00	60.25	261.44	143.09	0	
2	60.25	261.44	59.00	263.00	2.00	1	4	

0	5	122.919	4
1	150.00	150.00	133.13	147.93	16.99	0	
2	133.13	147.93	69.45	140.10	64.16	1	3	
3	69.45	140.10	40.90	136.59	28.76	0	
4	40.90	136.59	28.00	135.00	13.00	1	5	

0	6	45.607	2
1	150.00	150.00	153.48	149.05	3.61	0	
2	153.48	149.05	194.00	138.00	42.00	1	6	

0	7	167.631	4
1	150.00	150.00	140.23	136.44	16.71	0	
2	140.23	136.44	101.77	83.06	65.79	1	3	
3	101.77	83.06	77.72	49.70	41.13	0	
4	77.72	49.70	52.00	14.00	44.00	1	7	

0	8	138.755	4
1	150.00	150.00	178.75	196.48	54.65	0	
2	178.75	196.48	206.46	241.27	52.67	1	2	
3	206.46	241.27	212.48	250.99	11.44	0	
4	212.48	250.99	223.00	268.00	20.00	1	8	

1	0	139.946	4
1	183.00	14.00	175.93	43.15	30.00	1	1	
2	175.93	43.15	158.27	115.93	74.89	0	
3	158.27	115.93	152.13	141.24	26.05	1	6	
4	152.13	141.24	150.00	150.00	9.01	0	

1	1	0	0

1	2	217.230	5
1	183.00	14.00	181.62	43.97	30.00	1	1	
2	181.62	43.97	179.10	98.73	54.82	0	
3	179.10	98.73	175.55	175.73	77.08	0	
4	175.55	175.73	174.61	196.04	20.33	0	
5	174.61	196.04	173.00	231.00	35.00	1	2	

1	3	133.810	3
1	183.00	14.00	165.29	38.21	30.00	1	1	
2	165.29	38.21	127.03	90.52	64.81	0	
3	127.03	90.52	104.00	122.00	39.00	1	3	

1	4	278.167	5
1	183.00	14.00	169.63	40.85	30.00	1	1	
2	169.63	40.85	138.38	103.59	70.09	0	
3	138.38	103.59	110.03	160.53	63.61	1	3	
4	110.03	160.53	59.89	261.21	112.47	0	
5	59.89	261.21	59.00	263.00	2.00	1	4	

1	5	196.637	5
1	183.00	14.00	159.35	32.46	30.00	1	1	
2	159.35	32.46	92.32	84.79	85.04	0	
3	92.32	84.79	70.74	101.64	27.38	1	3	
4	70.74	101.64	38.25	127.00	41.22	0	
5	38.25	127.00	28.00	135.00	13.00	1	5	

1	6	124.487	3
1	183.00	14.00	185.65	43.88	30.00	0	
2	185.65	43.88	190.29	96.16	52.49	0	
3	190.29	96.16	194.00	138.00	42.00	1	6	

1	7	131.000	3
1	183.00	14.00	153.00	14.00	30.00	1	1	
2	153.00	14.00	96.00	14.00	57.00	0	
3	96.00	14.00	52.00	14.00	44.00	1	7	

1	8	257.130	5
1	183.00	14.00	187.67	43.63	30.00	1	1	
2	187.67	43.63	195.92	96.04	53.05	0	
3	195.92	96.04	208.72	177.34	82.29	1	6	
4	208.72	177.34	219.89	248.24	71.78	0	
5	219.89	248.24	223.00	268.00	20.00	0	

2	0	84.202	2
1	173.00	231.00	163.44	197.33	35.00	1	2	
2	163.44	197.33	150.00	150.00	49.20	0	

2	1	217.230	5
1	173.00	231.00	174.61	196.04	35.00	1	2	
2	174.61	196.04	175.55	175.73	20.33	0	
3	175.55	175.73	179.10	98.73	77.08	0	
4	179.10	98.73	181.62	43.97	54.82	0	
5	181.62	43.97	183.00	14.00	30.00	1	1	

2	2	0	0

2	3	129.004	3
1	173.00	231.00	154.28	201.43	35.00	1	2	
2	154.28	201.43	124.86	154.95	55.00	0	
3	124.86	154.95	104.00	122.00	39.00	1	3	

2	4	118.406	3
1	173.00	231.00	139.30	240.46	35.00	1	2	
2	139.30	240.46	60.93	262.46	81.41	0	
3	60.93	262.46	59.00	263.00	2.00	1	4	

2	5	173.899	3
1	173.00	231.00	143.82	211.68	35.00	1	2	
2	143.82	211.68	38.84	142.18	125.90	0	
3	38.84	142.18	28.00	135.00	13.00	1	5	

2	6	95.341	3
1	173.00	231.00	180.71	196.86	35.00	1	2	
2	180.71	196.86	184.75	178.97	18.34	0	
3	184.75	178.97	194.00	138.00	42.00	0	

2	7	248.455	5
1	173.00	231.00	155.95	200.43	35.00	1	2	
2	155.95	200.43	128.94	151.98	55.47	0	
3	128.94	151.98	91.60	85.02	76.67	1	3	
4	91.60	85.02	73.43	52.43	37.32	0	
5	73.43	52.43	52.00	14.00	44.00	1	7	

2	8	62.201	3
1	173.00	231.00	201.13	251.82	35.00	1	2	
2	201.13	251.82	206.92	256.10	7.20	0	
3	206.92	256.10	223.00	268.00	20.00	1	8	

3	0	53.852	2
1	104.00	122.00	137.31	142.28	39.00	1	3	
2	137.31	142.28	150.00	150.00	14.85	0	

3	1	133.810	3
1	104.00	122.00	127.03	90.52	39.00	1	3	
2	127.03	90.52	165.29	38.21	64.81	0	
3	165.29	38.21	183.00	14.00	30.00	1	1	

3	2	129.004	3
1	104.00	122.00	124.86	154.95	39.00	1	3	
2	124.86	154.95	154.28	201.43	55.00	0	
3	154.28	201.43	173.00	231.00	35.00	1	2	

3	3	0	0

3	4	148.007	3
1	104.00	122.00	92.14	159.15	39.00	1	3	
2	92.14	159.15	59.61	261.09	107.01	0	
3	59.61	261.09	59.00	263.00	2.00	1	4	

3	5	77.104	3
1	104.00	122.00	65.56	128.58	39.00	1	3	
2	65.56	128.58	40.81	132.81	25.10	0	
3	40.81	132.81	28.00	135.00	13.00	1	5	

3	6	91.411	3
1	104.00	122.00	142.40	128.83	39.00	1	3	
2	142.40	128.83	152.65	130.65	10.41	0	
3	152.65	130.65	194.00	138.00	42.00	1	6	

3	7	119.867	3
1	104.00	122.00	87.08	86.86	39.00	1	3	
2	87.08	86.86	71.09	53.64	36.87	0	
3	71.09	53.64	52.00	14.00	44.00	1	7	

3	8	188.353	5
1	104.00	122.00	128.64	152.23	39.00	1	3	
2	128.64	152.23	165.06	196.91	57.64	0	
3	165.06	196.91	204.79	245.65	62.88	1	2	
4	204.79	245.65	210.36	252.50	8.83	0	
5	210.36	252.50	223.00	268.00	20.00	1	8	

4	0	145.086	2
1	59.00	263.00	60.25	261.44	2.00	1	4	
2	60.25	261.44	150.00	150.00	143.09	0	

4	1	278.167	5
1	59.00	263.00	59.89	261.21	2.00	1	4	
2	59.89	261.21	110.03	160.53	112.47	0	
3	110.03	160.53	138.38	103.59	63.61	1	3	
4	138.38	103.59	169.63	40.85	70.09	0	
5	169.63	40.85	183.00	14.00	30.00	1	1	

4	2	118.406	3
1	59.00	263.00	60.93	262.46	2.00	1	4	
2	60.93	262.46	139.30	240.46	81.41	0	
3	139.30	240.46	173.00	231.00	35.00	1	2	

4	3	148.007	3
1	59.00	263.00	59.61	261.09	2.00	1	4	
2	59.61	261.09	92.14	159.15	107.01	0	
3	92.14	159.15	104.00	122.00	39.00	1	3	

4	4	0	0

4	5	131.700	3
1	59.00	263.00	58.53	261.06	2.00	1	4	
2	58.53	261.06	31.06	147.63	116.70	0	
3	31.06	147.63	28.00	135.00	13.00	1	5	

4	6	183.984	3
1	59.00	263.00	60.47	261.64	2.00	1	4	
2	60.47	261.64	163.18	166.54	139.98	0	
3	163.18	166.54	194.00	138.00	42.00	1	6	

4	7	249.098	3
1	59.00	263.00	58.94	261.00	2.00	1	4	
2	58.94	261.00	53.24	57.98	203.10	0	
3	53.24	57.98	52.00	14.00	44.00	0	

4	8	164.076	3
1	59.00	263.00	61.00	263.06	2.00	1	4	
2	61.00	263.06	203.01	267.39	142.08	0	
3	203.01	267.39	223.00	268.00	20.00	1	8	

5	0	122.919	4
1	28.00	135.00	40.90	136.59	13.00	1	5	
2	40.90	136.59	69.45	140.10	28.76	0	
3	69.45	140.10	133.13	147.93	64.16	1	3	
4	133.13	147.93	150.00	150.00	16.99	0	

5	1	196.637	5
1	28.00	135.00	38.25	127.00	13.00	1	5	
2	38.25	127.00	70.74	101.64	41.22	0	
3	70.74	101.64	92.32	84.79	27.38	1	3	
4	92.32	84.79	159.35	32.46	85.04	0	
5	159.35	32.46	183.00	14.00	30.00	1	1	

5	2	173.899	3
1	28.00	135.00	38.84	142.18	13.00	1	5	
2	38.84	142.18	143.82	211.68	125.90	0	
3	143.82	211.68	173.00	231.00	35.00	1	2	

5	3	77.104	3
1	28.00	135.00	40.81	132.81	13.00	1	5	
2	40.81	132.81	65.56	128.58	25.10	0	
3	65.56	128.58	104.00	122.00	39.00	1	3	

5	4	131.700	3
1	28.00	135.00	31.06	147.63	13.00	1	5	
2	31.06	147.63	58.53	261.06	116.70	0	
3	58.53	261.06	59.00	263.00	2.00	1	4	

5	5	0	0

5	6	166.027	5
1	28.00	135.00	41.00	135.23	13.00	1	5	
2	41.00	135.23	67.49	135.71	26.50	0	
3	67.49	135.71	139.99	137.02	72.51	1	3	
4	139.99	137.02	152.01	137.24	12.02	0	
5	152.01	137.24	194.00	138.00	42.00	1	6	

5	7	123.357	3
1	28.00	135.00	30.53	122.25	13.00	1	5	
2	30.53	122.25	43.44	57.16	66.36	0	
3	43.44	57.16	52.00	14.00	44.00	1	7	

5	8	236.038	5
1	28.00	135.00	38.74	142.33	13.00	1	5	
2	38.74	142.33	142.80	213.30	125.96	0	
3	142.80	213.30	200.50	252.65	69.84	1	2	
4	200.50	252.65	206.48	256.73	7.24	0	
5	206.48	256.73	223.00	268.00	20.00	1	8	

6	0	45.607	2
1	194.00	138.00	153.48	149.05	42.00	1	6	
2	153.48	149.05	150.00	150.00	3.61	0	

6	1	124.487	3
1	194.00	138.00	190.29	96.16	42.00	1	6	
2	190.29	96.16	185.65	43.88	52.49	0	
3	185.65	43.88	183.00	14.00	30.00	0	

6	2	95.341	3
1	194.00	138.00	184.75	178.97	42.00	0	
2	184.75	178.97	180.71	196.86	18.34	0	
3	180.71	196.86	173.00	231.00	35.00	1	2	

6	3	91.411	3
1	194.00	138.00	152.65	130.65	42.00	1	6	
2	152.65	130.65	142.40	128.83	10.41	0	
3	142.40	128.83	104.00	122.00	39.00	1	3	

6	4	183.984	3
1	194.00	138.00	163.18	166.54	42.00	1	6	
2	163.18	166.54	60.47	261.64	139.98	0	
3	60.47	261.64	59.00	263.00	2.00	1	4	

6	5	166.027	5
1	194.00	138.00	152.01	137.24	42.00	1	6	
2	152.01	137.24	139.99	137.02	12.02	0	
3	139.99	137.02	67.49	135.71	72.51	1	3	
4	67.49	135.71	41.00	135.23	26.50	0	
5	41.00	135.23	28.00	135.00	13.00	1	5	

6	6	0	0

6	7	188.521	3
1	194.00	138.00	162.36	110.37	42.00	1	6	
2	162.36	110.37	85.14	42.94	102.52	0	
3	85.14	42.94	52.00	14.00	44.00	1	7	

6	8	133.195	3
1	194.00	138.00	203.14	178.99	42.00	0	
2	203.14	178.99	218.65	248.48	71.20	0	
3	218.65	248.48	223.00	268.00	20.00	1	8	

7	0	167.631	4
1	52.00	14.00	77.72	49.70	44.00	1	7	
2	77.72	49.70	101.77	83.06	41.13	0	
3	101.77	83.06	140.23	136.44	65.79	1	3	
4	140.23	136.44	150.00	150.00	16.71	0	

7	1	131.000	3
1	52.00	14.00	96.00	14.00	44.00	1	7	
2	96.00	14.00	153.00	14.00	57.00	0	
3	153.00	14.00	183.00	14.00	30.00	1	1	

7	2	248.455	5
1	52.00	14.00	73.43	52.43	44.00	1	7	
2	73.43	52.43	91.60	85.02	37.32	0	
3	91.60	85.02	128.94	151.98	76.67	1	3	
4	128.94	151.98	155.95	200.43	55.47	0	
5	155.95	200.43	173.00	231.00	35.00	1	2	

7	3	119.867	3
1	52.00	14.00	71.09	53.64	44.00	1	7	
2	71.09	53.64	87.08	86.86	36.87	0	
3	87.08	86.86	104.00	122.00	39.00	1	3	

7	4	249.098	3
1	52.00	14.00	53.24	57.98	44.00	0	
2	53.24	57.98	58.94	261.00	203.10	0	
3	58.94	261.00	59.00	263.00	2.00	1	4	

7	5	123.357	3
1	52.00	14.00	43.44	57.16	44.00	1	7	
2	43.44	57.16	30.53	122.25	66.36	0	
3	30.53	122.25	28.00	135.00	13.00	1	5	

7	6	188.521	3
1	52.00	14.00	85.14	42.94	44.00	1	7	
2	85.14	42.94	162.36	110.37	102.52	0	
3	162.36	110.37	194.00	138.00	42.00	1	6	

7	7	0	0

7	8	306.198	7
1	52.00	14.00	76.57	50.50	44.00	1	7	
2	76.57	50.50	98.70	83.36	39.62	0	
3	98.70	83.36	137.80	141.45	70.03	1	3	
4	137.80	141.45	174.55	196.03	65.80	0	
5	174.55	196.03	205.98	242.72	56.28	1	2	
6	205.98	242.72	211.83	251.41	10.48	0	
7	211.83	251.41	223.00	268.00	20.00	1	8	

8	0	138.755	4
1	223.00	268.00	212.48	250.99	20.00	1	8	
2	212.48	250.99	206.46	241.27	11.44	0	
3	206.46	241.27	178.75	196.48	52.67	1	2	
4	178.75	196.48	150.00	150.00	54.65	0	

8	1	257.130	5
1	223.00	268.00	219.89	248.24	20.00	0	
2	219.89	248.24	208.72	177.34	71.78	0	
3	208.72	177.34	195.92	96.04	82.29	1	6	
4	195.92	96.04	187.67	43.63	53.05	0	
5	187.67	43.63	183.00	14.00	30.00	1	1	

8	2	62.201	3
1	223.00	268.00	206.92	256.10	20.00	1	8	
2	206.92	256.10	201.13	251.82	7.20	0	
3	201.13	251.82	173.00	231.00	35.00	1	2	

8	3	188.353	5
1	223.00	268.00	210.36	252.50	20.00	1	8	
2	210.36	252.50	204.79	245.65	8.83	0	
3	204.79	245.65	165.06	196.91	62.88	1	2	
4	165.06	196.91	128.64	152.23	57.64	0	
5	128.64	152.23	104.00	122.00	39.00	1	3	

8	4	164.076	3
1	223.00	268.00	203.01	267.39	20.00	1	8	
2	203.01	267.39	61.00	263.06	142.08	0	
3	61.00	263.06	59.00	263.00	2.00	1	4	

8	5	236.038	5
1	223.00	268.00	206.48	256.73	20.00	1	8	
2	206.48	256.73	200.50	252.65	7.24	0	
3	200.50	252.65	142.80	213.30	69.84	1	2	
4	142.80	213.30	38.74	142.33	125.96	0	
5	38.74	142.33	28.00	135.00	13.00	1	5	

8	6	133.195	3
1	223.00	268.00	218.65	248.48	20.00	1	8	
2	218.65	248.48	203.14	178.99	71.20	0	
3	203.14	178.99	194.00	138.00	42.00	0	

8	7	306.198	7
1	223.00	268.00	211.83	251.41	20.00	1	8	
2	211.83	251.41	205.98	242.72	10.48	0	
3	205.98	242.72	174.55	196.03	56.28	1	2	
4	174.55	196.03	137.80	141.45	65.80	0	
5	137.80	141.45	98.70	83.36	70.03	1	3	
6	98.70	83.36	76.57	50.50	39.62	0	
7	76.57	50.50	52.00	14.00	44.00	1	7	

8	8	0	0