9	109	2	0.001	70.0
150.000	150.000	0.000	10.000	0.000
282.000	158.000	28.000	10.000	12.000
265.000	34.000	44.000	5.000	5.000
254.000	252.000	46.000	5.000	12.000
238.000	53.000	14.000	8.000	5.000
187.000	231.000	29.000	8.000	16.000
31.000	284.000	24.000	4.000	3.000
55.000	253.000	35.000	10.000	8.000
157.000	196.000	12.000	6.000	12.000

0	0	0	0

0	1	132.242	2
1	150.00	150.00	254.05	156.31	104.24	0	
2	254.05	156.31	282.00	158.00	28.00	1	1	

0	2	163.343	4
1	150.00	150.00	233.15	66.13	118.10	0	
2	233.15	66.13	234.02	65.25	1.25	1	4	
3	234.02	65.25	251.09	48.03	24.24	2	2	4	
4	251.09	48.03	265.00	34.00	19.76	1	2	

0	3	145.671	2
1	150.00	150.00	221.16	219.79	99.67	0	
2	221.16	219.79	254.00	252.00	46.00	1	3	

0	4	130.969	3
1	150.00	150.00	228.59	63.37	116.97	0	
2	228.59	63.37	230.48	61.29	2.81	1	4	
3	230.48	61.29	238.00	53.00	11.19	2	2	4	

0	5	89.051	2
1	150.00	150.00	174.95	204.62	60.05	0	
2	174.95	204.62	187.00	231.00	29.00	1	5	

0	6	179.212	4
1	150.00	150.00	80.15	228.66	105.20	0	
2	80.15	228.66	46.94	266.05	50.02	1	7	
3	46.94	266.05	33.80	280.85	19.78	2	6	7	
4	33.80	280.85	31.00	284.00	4.22	1	6	

0	7	140.121	2
1	150.00	150.00	78.73	227.27	105.12	0	
2	78.73	227.27	55.00	253.00	35.00	1	7	

0	8	46.530	2
1	150.00	150.00	155.19	184.14	34.53	0	
2	155.19	184.14	157.00	196.00	12.00	1	8	

1	0	132.242	2
1	282.00	158.00	254.05	156.31	28.00	1	1	
2	254.05	156.31	150.00	150.00	104.24	0	

1	1	0	0

1	2	125.160	3
1	282.00	158.00	278.20	130.26	28.00	1	1	
2	278.20	130.26	270.98	77.59	53.16	0	
3	270.98	77.59	265.00	34.00	44.00	0	

1	3	98.082	3
1	282.00	158.00	274.01	184.83	28.00	1	1	
2	274.01	184.83	267.13	207.91	24.08	0	
3	267.13	207.91	254.00	252.00	46.00	1	3	

1	4	113.846	4
1	282.00	158.00	271.18	132.18	28.00	1	1	
2	271.18	132.18	246.83	74.07	63.00	0	
3	246.83	74.07	243.41	65.91	8.85	1	2	
4	243.41	65.91	238.00	53.00	14.00	2	2	4	

1	5	119.808	3
1	282.00	158.00	259.80	175.06	28.00	1	1	
2	259.80	175.06	210.00	213.33	62.81	0	
3	210.00	213.33	187.00	231.00	29.00	1	5	

1	6	280.850	7
1	282.00	158.00	256.98	170.56	28.00	1	1	
2	256.98	170.56	193.07	202.64	71.51	0	
3	193.07	202.64	160.63	218.93	36.29	1	5	
4	160.63	218.93	89.97	254.40	79.06	0	
5	89.97	254.40	52.45	273.23	41.99	1	7	
6	52.45	273.23	35.23	281.88	19.27	2	6	7	
7	35.23	281.88	31.00	284.00	4.73	1	6	

1	7	246.077	3
1	282.00	158.00	256.17	168.81	28.00	1	1	
2	256.17	168.81	87.29	239.49	183.08	0	
3	87.29	239.49	55.00	253.00	35.00	1	7	

1	8	130.648	3
1	282.00	158.00	255.21	166.14	28.00	1	1	
2	255.21	166.14	168.48	192.51	90.65	0	
3	168.48	192.51	157.00	196.00	12.00	1	8	

2	0	163.343	4
1	265.00	34.00	251.09	48.03	19.76	1	2	
2	251.09	48.03	234.02	65.25	24.24	2	2	4	
3	234.02	65.25	233.15	66.13	1.25	1	4	
4	233.15	66.13	150.00	150.00	118.10	0	

2	1	125.160	3
1	265.00	34.00	270.98	77.59	44.00	0	
2	270.98	77.59	278.20	130.26	53.16	0	
3	278.20	130.26	282.00	158.00	28.00	1	1	

2	2	0	0

2	3	218.277	5
1	265.00	34.00	262.78	77.94	44.00	0	
2	262.78	77.94	259.59	141.21	63.35	0	
3	259.59	141.21	258.01	172.45	31.27	0	
4	258.01	172.45	256.32	206.06	33.65	0	
5	256.32	206.06	254.00	252.00	46.00	0	

2	4	33.015	2
1	265.00	34.00	249.45	44.94	19.02	1	2	
2	249.45	44.94	238.00	53.00	14.00	2	2	4	

2	5	211.880	3
1	265.00	34.00	248.80	74.91	44.00	1	2	
2	248.80	74.91	197.68	204.04	138.88	0	
3	197.68	204.04	187.00	231.00	29.00	1	5	

2	6	342.427	7
1	265.00	34.00	251.30	48.63	20.05	1	2	
2	251.30	48.63	234.93	66.12	23.95	2	2	4	
3	234.93	66.12	234.52	66.56	0.60	1	4	
4	234.52	66.56	81.46	230.09	223.99	0	
5	81.46	230.09	47.40	266.48	49.84	1	7	
6	47.40	266.48	33.89	280.92	19.77	2	6	7	
7	33.89	280.92	31.00	284.00	4.23	1	6	

2	7	303.416	5
1	265.00	34.00	251.21	48.38	19.92	1	2	
2	251.21	48.38	234.55	65.76	24.08	2	2	4	
3	234.55	65.76	233.93	66.40	0.88	1	4	
4	233.93	66.40	79.22	227.74	223.53	0	
5	79.22	227.74	55.00	253.00	35.00	1	7	

2	8	194.700	5
1	265.00	34.00	251.99	53.51	23.45	1	2	
2	251.99	53.51	243.86	65.72	14.67	2	2	4	
3	243.86	65.72	240.59	70.61	5.88	1	2	
4	240.59	70.61	163.66	186.02	138.70	0	
5	163.66	186.02	157.00	196.00	12.00	1	8	

3	0	145.671	2
1	254.00	252.00	221.16	219.79	46.00	1	3	
2	221.16	219.79	150.00	150.00	99.67	0	

3	1	98.082	3
1	254.00	252.00	267.13	207.91	46.00	1	3	
2	267.13	207.91	274.01	184.83	24.08	0	
3	274.01	184.83	282.00	158.00	28.00	1	1	

3	2	218.277	5
1	254.00	252.00	256.32	206.06	46.00	0	
2	256.32	206.06	258.01	172.45	33.65	0	
3	258.01	172.45	259.59	141.21	31.27	0	
4	259.59	141.21	262.78	77.94	63.35	0	
5	262.78	77.94	265.00	34.00	44.00	0	

3	3	0	0

3	4	199.642	4
1	254.00	252.00	250.31	206.15	46.00	1	3	
2	250.31	206.15	239.35	69.75	136.84	0	
3	239.35	69.75	239.12	66.95	2.80	0	
4	239.12	66.95	238.00	53.00	14.00	2	2	4	

3	5	70.214	3
1	254.00	252.00	214.67	239.67	41.21	1	3	
2	214.67	239.67	210.11	238.24	4.79	2	3	5	
3	210.11	238.24	187.00	231.00	24.21	1	5	

3	6	225.284	5
1	254.00	252.00	208.47	258.53	46.00	1	3	
2	208.47	258.53	80.58	276.88	129.19	0	
3	80.58	276.88	54.76	280.59	26.09	1	7	
4	54.76	280.59	37.17	283.12	17.77	2	6	7	
5	37.17	283.12	31.00	284.00	6.23	1	6	

3	7	199.003	5
1	254.00	252.00	208.00	252.23	46.00	1	3	
2	208.00	252.23	206.75	252.24	1.25	0	
3	206.75	252.24	167.47	252.43	39.28	1	5	
4	167.47	252.43	90.00	252.82	77.47	0	
5	90.00	252.82	55.00	253.00	35.00	1	7	

3	8	112.004	5
1	254.00	252.00	215.98	230.05	43.90	1	3	
2	215.98	230.05	214.16	229.00	2.10	2	3	5	
3	214.16	229.00	173.33	205.43	47.15	1	5	
4	173.33	205.43	167.39	202.00	6.85	0	
5	167.39	202.00	157.00	196.00	12.00	1	8	

4	0	130.969	3
1	238.00	53.00	230.48	61.29	11.19	2	2	4	
2	230.48	61.29	228.59	63.37	2.81	1	4	
3	228.59	63.37	150.00	150.00	116.97	0	

4	1	113.846	4
1	238.00	53.00	243.41	65.91	14.00	2	2	4	
2	243.41	65.91	246.83	74.07	8.85	1	2	
3	246.83	74.07	271.18	132.18	63.00	0	
4	271.18	132.18	282.00	158.00	28.00	1	1	

4	2	33.015	2
1	238.00	53.00	249.45	44.94	14.00	2	2	4	
2	249.45	44.94	265.00	34.00	19.02	1	2	

4	3	199.642	4
1	238.00	53.00	239.12	66.95	14.00	2	2	4	
2	239.12	66.95	239.35	69.75	2.80	0	
3	239.35	69.75	250.31	206.15	136.84	0	
4	250.31	206.15	254.00	252.00	46.00	1	3	

4	4	0	0

4	5	185.162	4
1	238.00	53.00	234.39	65.61	13.11	2	2	4	
2	234.39	65.61	234.14	66.46	0.89	1	4	
3	234.14	66.46	194.99	203.12	142.16	0	
4	194.99	203.12	187.00	231.00	29.00	1	5	

4	6	310.177	6
1	238.00	53.00	230.53	61.34	11.20	2	2	4	
2	230.53	61.34	228.66	63.43	2.80	1	4	
3	228.66	63.43	80.38	228.90	222.19	0	
4	80.38	228.90	47.02	266.13	49.99	1	7	
5	47.02	266.13	33.81	280.86	19.78	2	6	7	
6	33.81	280.86	31.00	284.00	4.22	1	6	

4	7	271.089	4
1	238.00	53.00	230.45	61.25	11.18	2	2	4	
2	230.45	61.25	228.55	63.33	2.82	1	4	
3	228.55	63.33	78.63	227.18	222.09	0	
4	78.63	227.18	55.00	253.00	35.00	1	7	

4	8	164.347	4
1	238.00	53.00	232.17	63.29	11.83	2	2	4	
2	232.17	63.29	231.10	65.18	2.17	1	4	
3	231.10	65.18	162.91	185.56	138.35	0	
4	162.91	185.56	157.00	196.00	12.00	1	8	

5	0	89.051	2
1	187.00	231.00	174.95	204.62	29.00	1	5	
2	174.95	204.62	150.00	150.00	60.05	0	

5	1	119.808	3
1	187.00	231.00	210.00	213.33	29.00	1	5	
2	210.00	213.33	259.80	175.06	62.81	0	
3	259.80	175.06	282.00	158.00	28.00	1	1	

5	2	211.880	3
1	187.00	231.00	197.68	204.04	29.00	1	5	
2	197.68	204.04	248.80	74.91	138.88	0	
3	248.80	74.91	265.00	34.00	44.00	1	2	

5	3	70.214	3
1	187.00	231.00	210.11	238.24	24.21	1	5	
2	210.11	238.24	214.67	239.67	4.79	2	3	5	
3	214.67	239.67	254.00	252.00	41.21	1	3	

5	4	185.162	4
1	187.00	231.00	194.99	203.12	29.00	1	5	
2	194.99	203.12	234.14	66.46	142.16	0	
3	234.14	66.46	234.39	65.61	0.89	1	4	
4	234.39	65.61	238.00	53.00	13.11	2	2	4	

5	5	0	0

5	6	164.757	5
1	187.00	231.00	159.54	240.33	29.00	1	5	
2	159.54	240.33	88.01	264.63	75.55	0	
3	88.01	264.63	53.72	276.28	36.21	1	7	
4	53.72	276.28	35.91	282.33	18.82	2	6	7	
5	35.91	282.33	31.00	284.00	5.18	1	6	

5	7	133.821	3
1	187.00	231.00	158.39	235.77	29.00	1	5	
2	158.39	235.77	89.52	247.25	69.82	0	
3	89.52	247.25	55.00	253.00	35.00	1	7	

5	8	46.098	3
1	187.00	231.00	168.13	208.98	29.00	1	5	
2	168.13	208.98	164.81	205.11	5.10	0	
3	164.81	205.11	157.00	196.00	12.00	1	8	

6	0	179.212	4
1	31.00	284.00	33.80	280.85	4.22	1	6	
2	33.80	280.85	46.94	266.05	19.78	2	6	7	
3	46.94	266.05	80.15	228.66	50.02	1	7	
4	80.15	228.66	150.00	150.00	105.20	0	

6	1	280.850	7
1	31.00	284.00	35.23	281.88	4.73	1	6	
2	35.23	281.88	52.45	273.23	19.27	2	6	7	
3	52.45	273.23	89.97	254.40	41.99	1	7	
4	89.97	254.40	160.63	218.93	79.06	0	
5	160.63	218.93	193.07	202.64	36.29	1	5	
6	193.07	202.64	256.98	170.56	71.51	0	
7	256.98	170.56	282.00	158.00	28.00	1	1	

6	2	342.427	7
1	31.00	284.00	33.89	280.92	4.23	1	6	
2	33.89	280.92	47.40	266.48	19.77	2	6	7	
3	47.40	266.48	81.46	230.09	49.84	1	7	
4	81.46	230.09	234.52	66.56	223.99	0	
5	234.52	66.56	234.93	66.12	0.60	1	4	
6	234.93	66.12	251.30	48.63	23.95	2	2	4	
7	251.30	48.63	265.00	34.00	20.05	1	2	

6	3	225.284	5
1	31.00	284.00	37.17	283.12	6.23	1	6	
2	37.17	283.12	54.76	280.59	17.77	2	6	7	
3	54.76	280.59	80.58	276.88	26.09	1	7	
4	80.58	276.88	208.47	258.53	129.19	0	
5	208.47	258.53	254.00	252.00	46.00	1	3	

6	4	310.177	6
1	31.00	284.00	33.81	280.86	4.22	1	6	
2	33.81	280.86	47.02	266.13	19.78	2	6	7	
3	47.02	266.13	80.38	228.90	49.99	1	7	
4	80.38	228.90	228.66	63.43	222.19	0	
5	228.66	63.43	230.53	61.34	2.80	1	4	
6	230.53	61.34	238.00	53.00	11.20	2	2	4	

6	5	164.757	5
1	31.00	284.00	35.91	282.33	5.18	1	6	
2	35.91	282.33	53.72	276.28	18.82	2	6	7	
3	53.72	276.28	88.01	264.63	36.21	1	7	
4	88.01	264.63	159.54	240.33	75.55	0	
5	159.54	240.33	187.00	231.00	29.00	1	5	

6	6	0	0

6	7	39.205	3
1	31.00	284.00	33.57	280.68	4.20	1	6	
2	33.57	280.68	45.69	265.02	19.80	2	6	7	
3	45.69	265.02	55.00	253.00	15.20	1	7	

6	8	153.688	5
1	31.00	284.00	34.63	281.46	4.43	1	6	
2	34.63	281.46	50.68	270.26	19.57	2	6	7	
3	50.68	270.26	88.74	243.68	46.42	1	7	
4	88.74	243.68	147.16	202.87	71.27	0	
5	147.16	202.87	157.00	196.00	12.00	1	8	

7	0	140.121	2
1	55.00	253.00	78.73	227.27	35.00	1	7	
2	78.73	227.27	150.00	150.00	105.12	0	

7	1	246.077	3
1	55.00	253.00	87.29	239.49	35.00	1	7	
2	87.29	239.49	256.17	168.81	183.08	0	
3	256.17	168.81	282.00	158.00	28.00	1	1	

7	2	303.416	5
1	55.00	253.00	79.22	227.74	35.00	1	7	
2	79.22	227.74	233.93	66.40	223.53	0	
3	233.93	66.40	234.55	65.76	0.88	1	4	
4	234.55	65.76	251.21	48.38	24.08	2	2	4	
5	251.21	48.38	265.00	34.00	19.92	1	2	

7	3	199.003	5
1	55.00	253.00	90.00	252.82	35.00	1	7	
2	90.00	252.82	167.47	252.43	77.47	0	
3	167.47	252.43	206.75	252.24	39.28	1	5	
4	206.75	252.24	208.00	252.23	1.25	0	
5	208.00	252.23	254.00	252.00	46.00	1	3	

7	4	271.089	4
1	55.00	253.00	78.63	227.18	35.00	1	7	
2	78.63	227.18	228.55	63.33	222.09	0	
3	228.55	63.33	230.45	61.25	2.82	1	4	
4	230.45	61.25	238.00	53.00	11.18	2	2	4	

7	5	133.821	3
1	55.00	253.00	89.52	247.25	35.00	1	7	
2	89.52	247.25	158.39	235.77	69.82	0	
3	158.39	235.77	187.00	231.00	29.00	1	5	

7	6	39.205	3
1	55.00	253.00	45.69	265.02	15.20	1	7	
2	45.69	265.02	33.57	280.68	19.80	2	6	7	
3	33.57	280.68	31.00	284.00	4.20	1	6	

7	7	0	0

7	8	116.846	3
1	55.00	253.00	85.55	235.93	35.00	1	7	
2	85.55	235.93	146.52	201.85	69.85	0	
3	146.52	201.85	157.00	196.00	12.00	1	8	

8	0	46.530	2
1	157.00	196.00	155.19	184.14	12.00	1	8	
2	155.19	184.14	150.00	150.00	34.53	0	

8	1	130.648	3
1	157.00	196.00	168.48	192.51	12.00	1	8	
2	168.48	192.51	255.21	166.14	90.65	0	
3	255.21	166.14	282.00	158.00	28.00	1	1	

8	2	194.700	5
1	157.00	196.00	163.66	186.02	12.00	1	8	
2	163.66	186.02	240.59	70.61	138.70	0	
3	240.59	70.61	243.86	65.72	5.88	1	2	
4	243.86	65.72	251.99	53.51	14.67	2	2	4	
5	251.99	53.51	265.00	34.00	23.45	1	2	

8	3	112.004	5
1	157.00	196.00	167.39	202.00	12.00	1	8	
2	167.39	202.00	173.33	205.43	6.85	0	
3	173.33	205.43	214.16	229.00	47.15	1	5	
4	214.16	229.00	215.98	230.05	2.10	2	3	5	
5	215.98	230.05	254.00	252.00	43.90	1	3	

8	4	164.347	4
1	157.00	196.00	162.91	185.56	12.00	1	8	
2	162.91	185.56	231.10	65.18	138.35	0	
3	231.10	65.18	232.17	63.29	2.17	1	4	
4	232.17	63.29	238.00	53.00	11.83	2	2	4	

8	5	46.098	3
1	157.00	196.00	164.81	205.11	12.00	1	8	
2	164.81	205.11	168.13	208.98	5.10	0	
3	168.13	208.98	187.00	231.00	29.00	1	5	

8	6	153.688	5
1	157.00	196.00	147.16	202.87	12.00	1	8	
2	147.16	202.87	88.74	243.68	71.27	0	
3	88.74	243.68	50.68	270.26	46.42	1	7	
4	50.68	270.26	34.63	281.46	19.57	2	6	7	
5	34.63	281.46	31.00	284.00	4.43	1	6	

8	7	116.846	3
1	157.00	196.00	146.52	201.85	12.00	1	8	
2	146.52	201.85	85.55	235.93	69.85	0	
3	85.55	235.93	55.00	253.00	35.00	1	7	

8	8	0	0