9	101	2	0.001	120.0
150.000	150.000	0.000	8.000	0.000
252.000	7.000	48.000	3.000	10.000
99.000	29.000	8.000	2.000	17.000
158.000	279.000	9.000	9.000	15.000
90.000	233.000	10.000	1.000	6.000
1.000	49.000	28.000	9.000	16.000
223.000	76.000	27.000	6.000	17.000
209.000	62.000	33.000	4.000	1.000
237.000	131.000	13.000	7.000	3.000

0	0	0	0

0	1	175.650	6
1	150.00	150.00	192.42	90.53	73.05	0	
2	192.42	90.53	197.17	83.87	8.19	1	7	
3	197.17	83.87	222.03	49.02	42.81	2	6	7	
4	222.03	49.02	224.13	46.08	3.61	1	7	
5	224.13	46.08	230.58	37.03	11.11	2	1	7	
6	230.58	37.03	252.00	7.00	36.89	1	1	

0	2	131.309	2
1	150.00	150.00	102.11	36.37	123.31	0	
2	102.11	36.37	99.00	29.00	8.00	1	2	

0	3	129.248	2
1	150.00	150.00	157.44	270.02	120.25	0	
2	157.44	270.02	158.00	279.00	9.00	1	3	

0	4	102.416	2
1	150.00	150.00	95.86	224.90	92.42	0	
2	95.86	224.90	90.00	233.00	10.00	1	4	

0	5	180.006	2
1	150.00	150.00	24.18	64.71	152.01	0	
2	24.18	64.71	1.00	49.00	28.00	1	5	

0	6	103.947	3
1	150.00	150.00	204.04	95.22	76.95	0	
2	204.04	95.22	204.55	94.70	0.73	1	6	
3	204.55	94.70	223.00	76.00	26.27	2	6	7	

0	7	105.948	3
1	150.00	150.00	190.62	89.41	72.95	0	
2	190.62	89.41	196.42	80.76	10.41	1	7	
3	196.42	80.76	209.00	62.00	22.59	2	6	7	

0	8	89.051	2
1	150.00	150.00	224.30	133.77	76.05	0	
2	224.30	133.77	237.00	131.00	13.00	1	8	

1	0	175.650	6
1	252.00	7.00	230.58	37.03	36.89	1	1	
2	230.58	37.03	224.13	46.08	11.11	2	1	7	
3	224.13	46.08	222.03	49.02	3.61	1	7	
4	222.03	49.02	197.17	83.87	42.81	2	6	7	
5	197.17	83.87	192.42	90.53	8.19	1	7	
6	192.42	90.53	150.00	150.00	73.05	0	

1	1	0	0

1	2	154.574	3
1	252.00	7.00	204.49	13.83	48.00	1	1	
2	204.49	13.83	106.92	27.86	98.57	0	
3	106.92	27.86	99.00	29.00	8.00	1	2	

1	3	287.785	7
1	252.00	7.00	238.26	46.75	42.05	1	1	
2	238.26	46.75	236.32	52.37	5.95	2	1	7	
3	236.32	52.37	236.28	52.49	0.13	1	7	
4	236.28	52.49	222.60	92.07	41.87	2	6	7	
5	222.60	92.07	218.93	102.69	11.24	1	6	
6	218.93	102.69	160.94	270.49	177.54	0	
7	160.94	270.49	158.00	279.00	9.00	1	3	

1	4	278.065	7
1	252.00	7.00	230.51	36.98	36.88	1	1	
2	230.51	36.98	224.04	46.01	11.12	2	1	7	
3	224.04	46.01	221.88	49.02	3.70	1	7	
4	221.88	49.02	197.09	83.60	42.54	2	6	7	
5	197.09	83.60	192.21	90.41	8.38	1	7	
6	192.21	90.41	95.83	224.87	165.44	0	
7	95.83	224.87	90.00	233.00	10.00	1	4	

1	5	254.490	5
1	252.00	7.00	204.66	14.92	48.00	1	1	
2	204.66	14.92	106.66	31.32	99.36	0	
3	106.66	31.32	92.52	33.69	14.34	1	2	
4	92.52	33.69	28.62	44.38	64.79	0	
5	28.62	44.38	1.00	49.00	28.00	1	5	

1	6	74.847	4
1	252.00	7.00	236.53	43.81	39.92	1	1	
2	236.53	43.81	233.46	51.11	7.92	2	1	7	
3	233.46	51.11	233.40	51.25	0.15	2	6	7	
4	233.40	51.25	223.00	76.00	26.85	2	6	7	

1	7	69.814	4
1	252.00	7.00	229.33	36.00	36.81	1	1	
2	229.33	36.00	222.44	44.81	11.19	2	1	7	
3	222.44	44.81	218.92	49.31	5.71	1	7	
4	218.92	49.31	209.00	62.00	16.11	2	6	7	

1	8	124.904	5
1	252.00	7.00	246.24	54.65	48.00	1	1	
2	246.24	54.65	245.47	61.02	6.42	0	
3	245.47	61.02	241.25	95.90	35.13	1	6	
4	241.25	95.90	238.56	118.09	22.35	0	
5	238.56	118.09	237.00	131.00	13.00	1	8	

2	0	131.309	2
1	99.00	29.00	102.11	36.37	8.00	1	2	
2	102.11	36.37	150.00	150.00	123.31	0	

2	1	154.574	3
1	99.00	29.00	106.92	27.86	8.00	1	2	
2	106.92	27.86	204.49	13.83	98.57	0	
3	204.49	13.83	252.00	7.00	48.00	1	1	

2	2	0	0

2	3	256.868	3
1	99.00	29.00	100.84	36.79	8.00	1	2	
2	100.84	36.79	155.93	270.24	239.87	0	
3	155.93	270.24	158.00	279.00	9.00	1	3	

2	4	204.198	3
1	99.00	29.00	98.65	36.99	8.00	1	2	
2	98.65	36.99	90.44	223.01	186.20	0	
3	90.44	223.01	90.00	233.00	10.00	1	4	

2	5	100.020	3
1	99.00	29.00	91.16	30.60	8.00	1	2	
2	91.16	30.60	28.43	43.40	64.02	0	
3	28.43	43.40	1.00	49.00	28.00	1	5	

2	6	132.608	4
1	99.00	29.00	106.48	31.84	8.00	1	2	
2	106.48	31.84	176.21	58.27	74.57	0	
3	176.21	58.27	197.75	66.43	23.04	1	7	
4	197.75	66.43	223.00	76.00	27.00	2	6	7	

2	7	114.843	4
1	99.00	29.00	106.66	31.30	8.00	1	2	
2	106.66	31.30	177.39	52.52	73.84	0	
3	177.39	52.52	201.45	59.73	25.12	1	7	
4	201.45	59.73	209.00	62.00	7.88	2	6	7	

2	8	171.604	3
1	99.00	29.00	105.43	33.76	8.00	1	2	
2	105.43	33.76	226.55	123.27	150.60	0	
3	226.55	123.27	237.00	131.00	13.00	1	8	

3	0	129.248	2
1	158.00	279.00	157.44	270.02	9.00	1	3	
2	157.44	270.02	150.00	150.00	120.25	0	

3	1	287.785	7
1	158.00	279.00	160.94	270.49	9.00	1	3	
2	160.94	270.49	218.93	102.69	177.54	0	
3	218.93	102.69	222.60	92.07	11.24	1	6	
4	222.60	92.07	236.28	52.49	41.87	2	6	7	
5	236.28	52.49	236.32	52.37	0.13	1	7	
6	236.32	52.37	238.26	46.75	5.95	2	1	7	
7	238.26	46.75	252.00	7.00	42.05	1	1	

3	2	256.868	3
1	158.00	279.00	155.93	270.24	9.00	1	3	
2	155.93	270.24	100.84	36.79	239.87	0	
3	100.84	36.79	99.00	29.00	8.00	1	2	

3	3	0	0

3	4	82.098	3
1	158.00	279.00	150.55	273.96	9.00	1	3	
2	150.55	273.96	98.28	238.60	63.10	0	
3	98.28	238.60	90.00	233.00	10.00	1	4	

3	5	278.476	3
1	158.00	279.00	152.93	271.57	9.00	1	3	
2	152.93	271.57	16.79	72.13	241.48	0	
3	16.79	72.13	1.00	49.00	28.00	1	5	

3	6	213.153	4
1	158.00	279.00	160.74	270.43	9.00	1	3	
2	160.74	270.43	214.77	101.71	177.15	0	
3	214.77	101.71	217.25	93.95	8.15	1	6	
4	217.25	93.95	223.00	76.00	18.85	1	6	

3	7	222.913	4
1	158.00	279.00	160.06	270.24	9.00	1	3	
2	160.06	270.24	201.45	94.12	180.91	0	
3	201.45	94.12	201.78	92.70	1.46	1	7	
4	201.78	92.70	209.00	62.00	31.54	2	6	7	

3	8	167.765	3
1	158.00	279.00	162.24	271.06	9.00	1	3	
2	162.24	271.06	230.88	142.47	145.76	0	
3	230.88	142.47	237.00	131.00	13.00	1	8	

4	0	102.416	2
1	90.00	233.00	95.86	224.90	10.00	1	4	
2	95.86	224.90	150.00	150.00	92.42	0	

4	1	278.065	7
1	90.00	233.00	95.83	224.87	10.00	1	4	
2	95.83	224.87	192.21	90.41	165.44	0	
3	192.21	90.41	197.09	83.60	8.38	1	7	
4	197.09	83.60	221.88	49.02	42.54	2	6	7	
5	221.88	49.02	224.04	46.01	3.70	1	7	
6	224.04	46.01	230.51	36.98	11.12	2	1	7	
7	230.51	36.98	252.00	7.00	36.88	1	1	

4	2	204.198	3
1	90.00	233.00	90.44	223.01	10.00	1	4	
2	90.44	223.01	98.65	36.99	186.20	0	
3	98.65	36.99	99.00	29.00	8.00	1	2	

4	3	82.098	3
1	90.00	233.00	98.28	238.60	10.00	1	4	
2	98.28	238.60	150.55	273.96	63.10	0	
3	150.55	273.96	158.00	279.00	9.00	1	3	

4	4	0	0

4	5	204.394	3
1	90.00	233.00	85.65	224.00	10.00	1	4	
2	85.65	224.00	13.19	74.21	166.39	0	
3	13.19	74.21	1.00	49.00	28.00	1	5	

4	6	205.762	4
1	90.00	233.00	96.46	225.37	10.00	1	4	
2	96.46	225.37	205.55	96.60	168.76	0	
3	205.55	96.60	206.96	94.94	2.18	1	6	
4	206.96	94.94	223.00	76.00	24.82	2	6	7	

4	7	208.331	4
1	90.00	233.00	95.71	224.79	10.00	1	4	
2	95.71	224.79	190.15	89.09	165.33	0	
3	190.15	89.09	196.33	80.21	10.82	1	7	
4	196.33	80.21	209.00	62.00	22.18	2	6	7	

4	8	178.922	3
1	90.00	233.00	98.22	227.30	10.00	1	4	
2	98.22	227.30	226.32	138.41	155.92	0	
3	226.32	138.41	237.00	131.00	13.00	1	8	

5	0	180.006	2
1	1.00	49.00	24.18	64.71	28.00	1	5	
2	24.18	64.71	150.00	150.00	152.01	0	

5	1	254.490	5
1	1.00	49.00	28.62	44.38	28.00	1	5	
2	28.62	44.38	92.52	33.69	64.79	0	
3	92.52	33.69	106.66	31.32	14.34	1	2	
4	106.66	31.32	204.66	14.92	99.36	0	
5	204.66	14.92	252.00	7.00	48.00	1	1	

5	2	100.020	3
1	1.00	49.00	28.43	43.40	28.00	1	5	
2	28.43	43.40	91.16	30.60	64.02	0	
3	91.16	30.60	99.00	29.00	8.00	1	2	

5	3	278.476	3
1	1.00	49.00	16.79	72.13	28.00	1	5	
2	16.79	72.13	152.93	271.57	241.48	0	
3	152.93	271.57	158.00	279.00	9.00	1	3	

5	4	204.394	3
1	1.00	49.00	13.19	74.21	28.00	1	5	
2	13.19	74.21	85.65	224.00	166.39	0	
3	85.65	224.00	90.00	233.00	10.00	1	4	

5	5	0	0

5	6	223.636	4
1	1.00	49.00	28.80	52.38	28.00	1	5	
2	28.80	52.38	177.09	70.42	149.39	0	
3	177.09	70.42	196.20	72.74	19.25	1	7	
4	196.20	72.74	223.00	76.00	27.00	2	6	7	

5	7	208.406	4
1	1.00	49.00	28.95	50.75	28.00	1	5	
2	28.95	50.75	176.06	59.94	147.41	0	
3	176.06	59.94	200.25	61.45	24.24	1	7	
4	200.25	61.45	209.00	62.00	8.76	2	6	7	

5	8	249.840	3
1	1.00	49.00	27.45	58.19	28.00	1	5	
2	27.45	58.19	224.72	126.73	208.84	0	
3	224.72	126.73	237.00	131.00	13.00	1	8	

6	0	103.947	3
1	223.00	76.00	204.55	94.70	26.27	2	6	7	
2	204.55	94.70	204.04	95.22	0.73	1	6	
3	204.04	95.22	150.00	150.00	76.95	0	

6	1	74.847	4
1	223.00	76.00	233.40	51.25	26.85	2	6	7	
2	233.40	51.25	233.46	51.11	0.15	2	6	7	
3	233.46	51.11	236.53	43.81	7.92	2	1	7	
4	236.53	43.81	252.00	7.00	39.92	1	1	

6	2	132.608	4
1	223.00	76.00	197.75	66.43	27.00	2	6	7	
2	197.75	66.43	176.21	58.27	23.04	1	7	
3	176.21	58.27	106.48	31.84	74.57	0	
4	106.48	31.84	99.00	29.00	8.00	1	2	

6	3	213.153	4
1	223.00	76.00	217.25	93.95	18.85	1	6	
2	217.25	93.95	214.77	101.71	8.15	1	6	
3	214.77	101.71	160.74	270.43	177.15	0	
4	160.74	270.43	158.00	279.00	9.00	1	3	

6	4	205.762	4
1	223.00	76.00	206.96	94.94	24.82	2	6	7	
2	206.96	94.94	205.55	96.60	2.18	1	6	
3	205.55	96.60	96.46	225.37	168.76	0	
4	96.46	225.37	90.00	233.00	10.00	1	4	

6	5	223.636	4
1	223.00	76.00	196.20	72.74	27.00	2	6	7	
2	196.20	72.74	177.09	70.42	19.25	1	7	
3	177.09	70.42	28.80	52.38	149.39	0	
4	28.80	52.38	1.00	49.00	28.00	1	5	

6	6	0	0

6	7	19.799	1
1	223.00	76.00	209.00	62.00	19.80	2	6	7	

6	8	56.754	4
1	223.00	76.00	226.55	89.95	14.39	2	6	7	
2	226.55	89.95	229.66	102.17	12.61	1	6	
3	229.66	102.17	233.79	118.40	16.75	0	
4	233.79	118.40	237.00	131.00	13.00	1	8	

7	0	105.948	3
1	209.00	62.00	196.42	80.76	22.59	2	6	7	
2	196.42	80.76	190.62	89.41	10.41	1	7	
3	190.62	89.41	150.00	150.00	72.95	0	

7	1	69.814	4
1	209.00	62.00	218.92	49.31	16.11	2	6	7	
2	218.92	49.31	222.44	44.81	5.71	1	7	
3	222.44	44.81	229.33	36.00	11.19	2	1	7	
4	229.33	36.00	252.00	7.00	36.81	1	1	

7	2	114.843	4
1	209.00	62.00	201.45	59.73	7.88	2	6	7	
2	201.45	59.73	177.39	52.52	25.12	1	7	
3	177.39	52.52	106.66	31.30	73.84	0	
4	106.66	31.30	99.00	29.00	8.00	1	2	

7	3	222.913	4
1	209.00	62.00	201.78	92.70	31.54	2	6	7	
2	201.78	92.70	201.45	94.12	1.46	1	7	
3	201.45	94.12	160.06	270.24	180.91	0	
4	160.06	270.24	158.00	279.00	9.00	1	3	

7	4	208.331	4
1	209.00	62.00	196.33	80.21	22.18	2	6	7	
2	196.33	80.21	190.15	89.09	10.82	1	7	
3	190.15	89.09	95.71	224.79	165.33	0	
4	95.71	224.79	90.00	233.00	10.00	1	4	

7	5	208.406	4
1	209.00	62.00	200.25	61.45	8.76	2	6	7	
2	200.25	61.45	176.06	59.94	24.24	1	7	
3	176.06	59.94	28.95	50.75	147.41	0	
4	28.95	50.75	1.00	49.00	28.00	1	5	

7	6	19.799	1
1	209.00	62.00	223.00	76.00	19.80	2	6	7	

7	7	0	0

7	8	74.465	4
1	209.00	62.00	221.41	92.58	33.00	2	6	7	
2	221.41	92.58	225.59	102.88	11.11	1	6	
3	225.59	102.88	232.11	118.95	17.35	0	
4	232.11	118.95	237.00	131.00	13.00	1	8	

8	0	89.051	2
1	237.00	131.00	224.30	133.77	13.00	1	8	
2	224.30	133.77	150.00	150.00	76.05	0	

8	1	124.904	5
1	237.00	131.00	238.56	118.09	13.00	1	8	
2	238.56	118.09	241.25	95.90	22.35	0	
3	241.25	95.90	245.47	61.02	35.13	1	6	
4	245.47	61.02	246.24	54.65	6.42	0	
5	246.24	54.65	252.00	7.00	48.00	1	1	

8	2	171.604	3
1	237.00	131.00	226.55	123.27	13.00	1	8	
2	226.55	123.27	105.43	33.76	150.60	0	
3	105.43	33.76	99.00	29.00	8.00	1	2	

8	3	167.765	3
1	237.00	131.00	230.88	142.47	13.00	1	8	
2	230.88	142.47	162.24	271.06	145.76	0	
3	162.24	271.06	158.00	279.00	9.00	1	3	

8	4	178.922	3
1	237.00	131.00	226.32	138.41	13.00	1	8	
2	226.32	138.41	98.22	227.30	155.92	0	
3	98.22	227.30	90.00	233.00	10.00	1	4	

8	5	249.840	3
1	237.00	131.00	224.72	126.73	13.00	1	8	
2	224.72	126.73	27.45	58.19	208.84	0	
3	27.45	58.19	1.00	49.00	28.00	1	5	

8	6	56.754	4
1	237.00	131.00	233.79	118.40	13.00	1	8	
2	233.79	118.40	229.66	102.17	16.75	0	
3	229.66	102.17	226.55	89.95	12.61	1	6	
4	226.55	89.95	223.00	76.00	14.39	2	6	7	

8	7	74.465	4
1	237.00	131.00	232.11	118.95	13.00	1	8	
2	232.11	118.95	225.59	102.88	17.35	0	
3	225.59	102.88	221.41	92.58	11.11	1	6	
4	221.41	92.58	209.00	62.00	33.00	2	6	7	

8	8	0	0