9	113	2	0.001	70.0
150.000	150.000	0.000	4.000	0.000
227.000	216.000	44.000	5.000	11.000
282.000	282.000	32.000	4.000	3.000
44.000	192.000	9.000	6.000	13.000
39.000	146.000	45.000	6.000	5.000
170.000	16.000	42.000	4.000	3.000
259.000	98.000	42.000	2.000	9.000
73.000	77.000	5.000	10.000	10.000
299.000	281.000	19.000	6.000	19.000

0	0	0	0

0	1	101.415	2
1	150.00	150.00	193.59	187.37	57.41	0	
2	193.59	187.37	227.00	216.00	44.00	1	1	

0	2	186.676	5
1	150.00	150.00	190.88	190.88	57.81	0	
2	190.88	190.88	252.12	252.12	86.61	1	1	
3	252.12	252.12	259.37	259.37	10.25	0	
4	259.37	259.37	280.02	280.02	29.21	1	2	
5	280.02	280.02	282.00	282.00	2.79	2	2	8	

0	3	114.018	4
1	150.00	150.00	60.95	185.28	95.79	0	
2	60.95	185.28	52.37	188.68	9.23	1	4	
3	52.37	188.68	49.92	189.66	2.64	2	3	4	
4	49.92	189.66	44.00	192.00	6.36	1	3	

0	4	111.072	2
1	150.00	150.00	83.97	147.62	66.07	0	
2	83.97	147.62	39.00	146.00	45.00	1	4	

0	5	135.484	2
1	150.00	150.00	163.80	57.54	93.48	0	
2	163.80	57.54	170.00	16.00	42.00	0	

0	6	120.768	2
1	150.00	150.00	221.09	116.08	78.77	0	
2	221.09	116.08	259.00	98.00	42.00	1	6	

0	7	106.104	2
1	150.00	150.00	76.63	80.44	101.10	0	
2	76.63	80.44	73.00	77.00	5.00	1	7	

0	8	198.399	5
1	150.00	150.00	193.13	187.92	57.43	0	
2	193.13	187.92	259.19	246.00	87.96	1	1	
3	259.19	246.00	267.62	253.41	11.23	0	
4	267.62	253.41	284.73	268.45	22.78	1	2	
5	284.73	268.45	299.00	281.00	19.00	2	2	8	

1	0	101.415	2
1	227.00	216.00	193.59	187.37	44.00	1	1	
2	193.59	187.37	150.00	150.00	57.41	0	

1	1	0	0

1	2	85.913	4
1	227.00	216.00	255.17	249.80	44.00	1	1	
2	255.17	249.80	261.51	257.42	9.91	0	
3	261.51	257.42	280.05	279.66	28.95	1	2	
4	280.05	279.66	282.00	282.00	3.05	2	2	8	

1	3	184.567	3
1	227.00	216.00	183.37	210.28	44.00	1	1	
2	183.37	210.28	52.92	193.17	131.57	0	
3	52.92	193.17	44.00	192.00	9.00	1	3	

1	4	200.609	3
1	227.00	216.00	185.77	200.65	44.00	1	1	
2	185.77	200.65	81.17	161.70	111.61	0	
3	81.17	161.70	39.00	146.00	45.00	1	4	

1	5	207.964	3
1	227.00	216.00	214.94	173.68	44.00	1	1	
2	214.94	173.68	181.51	56.39	121.96	0	
3	181.51	56.39	170.00	16.00	42.00	1	5	

1	6	122.262	3
1	227.00	216.00	238.52	173.53	44.00	0	
2	238.52	173.53	248.01	138.54	36.26	0	
3	248.01	138.54	259.00	98.00	42.00	1	6	

1	7	207.454	3
1	227.00	216.00	194.34	186.52	44.00	1	1	
2	194.34	186.52	76.71	80.35	158.45	0	
3	76.71	80.35	73.00	77.00	5.00	1	7	

1	8	97.000	4
1	227.00	216.00	259.66	245.48	44.00	1	1	
2	259.66	245.48	268.15	253.15	11.44	0	
3	268.15	253.15	284.90	268.27	22.56	1	2	
4	284.90	268.27	299.00	281.00	19.00	2	2	8	

2	0	186.676	5
1	282.00	282.00	280.02	280.02	2.79	2	2	8	
2	280.02	280.02	259.37	259.37	29.21	1	2	
3	259.37	259.37	252.12	252.12	10.25	0	
4	252.12	252.12	190.88	190.88	86.61	1	1	
5	190.88	190.88	150.00	150.00	57.81	0	

2	1	85.913	4
1	282.00	282.00	280.05	279.66	3.05	2	2	8	
2	280.05	279.66	261.51	257.42	28.95	1	2	
3	261.51	257.42	255.17	249.80	9.91	0	
4	255.17	249.80	227.00	216.00	44.00	1	1	

2	2	0	0

2	3	254.448	6
1	282.00	282.00	280.00	281.24	2.14	2	2	8	
2	280.00	281.24	252.07	270.68	29.86	1	2	
3	252.07	270.68	223.44	259.86	30.61	0	
4	223.44	259.86	200.65	251.24	24.37	1	1	
5	200.65	251.24	52.42	195.18	158.48	0	
6	52.42	195.18	44.00	192.00	9.00	1	3	

2	4	278.469	6
1	282.00	282.00	280.00	280.88	2.29	2	2	8	
2	280.00	280.88	254.08	266.37	29.71	1	2	
3	254.08	266.37	239.47	258.20	16.74	0	
4	239.47	258.20	184.51	227.44	62.98	1	1	
5	184.51	227.44	78.27	167.98	121.75	0	
6	78.27	167.98	39.00	146.00	45.00	1	4	

2	5	288.617	6
1	282.00	282.00	280.26	277.87	4.48	2	2	8	
2	280.26	277.87	269.58	252.51	27.52	1	2	
3	269.58	252.51	264.14	239.59	14.02	0	
4	264.14	239.59	236.08	172.95	72.31	1	1	
5	236.08	172.95	186.30	54.71	128.29	0	
6	186.30	54.71	170.00	16.00	42.00	1	5	

2	6	185.432	4
1	282.00	282.00	281.08	274.67	7.38	2	2	8	
2	281.08	274.67	278.03	250.25	24.62	1	2	
3	278.03	250.25	264.21	139.68	111.43	0	
4	264.21	139.68	259.00	98.00	42.00	0	

2	7	292.756	6
1	282.00	282.00	280.02	280.06	2.77	2	2	8	
2	280.02	280.06	259.15	259.59	29.23	1	2	
3	259.15	259.59	251.78	252.36	10.33	0	
4	251.78	252.36	190.17	191.93	86.30	1	1	
5	190.17	191.93	76.57	80.50	159.12	0	
6	76.57	80.50	73.00	77.00	5.00	1	7	

2	8	17.029	1
1	282.00	282.00	299.00	281.00	17.03	2	2	8	

3	0	114.018	4
1	44.00	192.00	49.92	189.66	6.36	1	3	
2	49.92	189.66	52.37	188.68	2.64	2	3	4	
3	52.37	188.68	60.95	185.28	9.23	1	4	
4	60.95	185.28	150.00	150.00	95.79	0	

3	1	184.567	3
1	44.00	192.00	52.92	193.17	9.00	1	3	
2	52.92	193.17	183.37	210.28	131.57	0	
3	183.37	210.28	227.00	216.00	44.00	1	1	

3	2	254.448	6
1	44.00	192.00	52.42	195.18	9.00	1	3	
2	52.42	195.18	200.65	251.24	158.48	0	
3	200.65	251.24	223.44	259.86	24.37	1	1	
4	223.44	259.86	252.07	270.68	30.61	0	
5	252.07	270.68	280.00	281.24	29.86	1	2	
6	280.00	281.24	282.00	282.00	2.14	2	2	8	

3	3	0	0

3	4	46.271	3
1	44.00	192.00	43.86	190.74	1.27	1	3	
2	43.86	190.74	43.03	183.05	7.73	1	3	
3	43.03	183.05	39.00	146.00	37.27	1	4	

3	5	216.453	5
1	44.00	192.00	45.00	190.60	1.72	1	3	
2	45.00	190.60	49.24	184.68	7.28	2	3	4	
3	49.24	184.68	83.15	137.31	58.26	1	4	
4	83.15	137.31	145.55	50.15	107.19	0	
5	145.55	50.15	170.00	16.00	42.00	1	5	

3	6	234.651	5
1	44.00	192.00	48.71	189.94	5.14	1	3	
2	48.71	189.94	52.25	188.39	3.86	2	3	4	
3	52.25	188.39	64.66	182.97	13.55	1	4	
4	64.66	182.97	220.52	114.83	170.10	0	
5	220.52	114.83	259.00	98.00	42.00	1	6	

3	7	118.600	5
1	44.00	192.00	44.33	190.68	1.36	1	3	
2	44.33	190.68	46.20	183.27	7.64	1	3	
3	46.20	183.27	64.88	109.19	76.40	0	
4	64.88	109.19	71.78	81.85	28.20	0	
5	71.78	81.85	73.00	77.00	5.00	1	7	

3	8	270.085	6
1	44.00	192.00	52.50	194.97	9.00	1	3	
2	52.50	194.97	193.09	244.03	148.91	0	
3	193.09	244.03	236.10	259.05	45.56	1	1	
4	236.10	259.05	254.58	265.50	19.57	0	
5	254.58	265.50	281.06	274.74	28.04	1	2	
6	281.06	274.74	299.00	281.00	19.00	2	2	8	

4	0	111.072	2
1	39.00	146.00	83.97	147.62	45.00	1	4	
2	83.97	147.62	150.00	150.00	66.07	0	

4	1	200.609	3
1	39.00	146.00	81.17	161.70	45.00	1	4	
2	81.17	161.70	185.77	200.65	111.61	0	
3	185.77	200.65	227.00	216.00	44.00	1	1	

4	2	278.469	6
1	39.00	146.00	78.27	167.98	45.00	1	4	
2	78.27	167.98	184.51	227.44	121.75	0	
3	184.51	227.44	239.47	258.20	62.98	1	1	
4	239.47	258.20	254.08	266.37	16.74	0	
5	254.08	266.37	280.00	280.88	29.71	1	2	
6	280.00	280.88	282.00	282.00	2.29	2	2	8	

4	3	46.271	3
1	39.00	146.00	43.03	183.05	37.27	1	4	
2	43.03	183.05	43.86	190.74	7.73	1	3	
3	43.86	190.74	44.00	192.00	1.27	1	3	

4	4	0	0

4	5	184.556	3
1	39.00	146.00	70.94	114.30	45.00	1	4	
2	70.94	114.30	140.19	45.58	97.56	0	
3	140.19	45.58	170.00	16.00	42.00	1	5	

4	6	225.175	3
1	39.00	146.00	82.97	136.41	45.00	1	4	
2	82.97	136.41	217.97	106.95	138.18	0	
3	217.97	106.95	259.00	98.00	42.00	1	6	

4	7	76.922	3
1	39.00	146.00	58.89	105.63	45.00	1	4	
2	58.89	105.63	70.79	81.48	26.92	0	
3	70.79	81.48	73.00	77.00	5.00	1	7	

4	8	292.959	6
1	39.00	146.00	78.94	166.74	45.00	1	4	
2	78.94	166.74	183.28	220.91	117.56	0	
3	183.28	220.91	248.14	254.59	73.08	1	1	
4	248.14	254.59	258.69	260.07	11.90	0	
5	258.69	260.07	282.14	272.24	26.42	1	2	
6	282.14	272.24	299.00	281.00	19.00	2	2	8	

5	0	135.484	2
1	170.00	16.00	163.80	57.54	42.00	0	
2	163.80	57.54	150.00	150.00	93.48	0	

5	1	207.964	3
1	170.00	16.00	181.51	56.39	42.00	1	5	
2	181.51	56.39	214.94	173.68	121.96	0	
3	214.94	173.68	227.00	216.00	44.00	1	1	

5	2	288.617	6
1	170.00	16.00	186.30	54.71	42.00	1	5	
2	186.30	54.71	236.08	172.95	128.29	0	
3	236.08	172.95	264.14	239.59	72.31	1	1	
4	264.14	239.59	269.58	252.51	14.02	0	
5	269.58	252.51	280.26	277.87	27.52	1	2	
6	280.26	277.87	282.00	282.00	4.48	2	2	8	

5	3	216.453	5
1	170.00	16.00	145.55	50.15	42.00	1	5	
2	145.55	50.15	83.15	137.31	107.19	0	
3	83.15	137.31	49.24	184.68	58.26	1	4	
4	49.24	184.68	45.00	190.60	7.28	2	3	4	
5	45.00	190.60	44.00	192.00	1.72	1	3	

5	4	184.556	3
1	170.00	16.00	140.19	45.58	42.00	1	5	
2	140.19	45.58	70.94	114.30	97.56	0	
3	70.94	114.30	39.00	146.00	45.00	1	4	

5	5	0	0

5	6	121.017	3
1	170.00	16.00	200.89	44.46	42.00	1	5	
2	200.89	44.46	228.11	69.54	37.02	0	
3	228.11	69.54	259.00	98.00	42.00	1	6	

5	7	114.586	3
1	170.00	16.00	134.45	38.36	42.00	1	5	
2	134.45	38.36	77.23	74.34	67.59	0	
3	77.23	74.34	73.00	77.00	5.00	1	7	

5	8	294.730	6
1	170.00	16.00	188.38	53.76	42.00	1	5	
2	188.38	53.76	248.74	177.74	137.89	0	
3	248.74	177.74	270.52	222.49	49.77	1	1	
4	270.52	222.49	283.94	250.06	30.66	0	
5	283.94	250.06	290.68	263.92	15.41	1	2	
6	290.68	263.92	299.00	281.00	19.00	2	2	8	

6	0	120.768	2
1	259.00	98.00	221.09	116.08	42.00	1	6	
2	221.09	116.08	150.00	150.00	78.77	0	

6	1	122.262	3
1	259.00	98.00	248.01	138.54	42.00	1	6	
2	248.01	138.54	238.52	173.53	36.26	0	
3	238.52	173.53	227.00	216.00	44.00	0	

6	2	185.432	4
1	259.00	98.00	264.21	139.68	42.00	0	
2	264.21	139.68	278.03	250.25	111.43	0	
3	278.03	250.25	281.08	274.67	24.62	1	2	
4	281.08	274.67	282.00	282.00	7.38	2	2	8	

6	3	234.651	5
1	259.00	98.00	220.52	114.83	42.00	1	6	
2	220.52	114.83	64.66	182.97	170.10	0	
3	64.66	182.97	52.25	188.39	13.55	1	4	
4	52.25	188.39	48.71	189.94	3.86	2	3	4	
5	48.71	189.94	44.00	192.00	5.14	1	3	

6	4	225.175	3
1	259.00	98.00	217.97	106.95	42.00	1	6	
2	217.97	106.95	82.97	136.41	138.18	0	
3	82.97	136.41	39.00	146.00	45.00	1	4	

6	5	121.017	3
1	259.00	98.00	228.11	69.54	42.00	1	6	
2	228.11	69.54	200.89	44.46	37.02	0	
3	200.89	44.46	170.00	16.00	42.00	1	5	

6	6	0	0

6	7	187.182	3
1	259.00	98.00	217.27	93.29	42.00	1	6	
2	217.27	93.29	77.97	77.56	140.18	0	
3	77.97	77.56	73.00	77.00	5.00	1	7	

6	8	187.321	4
1	259.00	98.00	267.97	139.03	42.00	1	6	
2	267.97	139.03	292.62	251.81	115.45	0	
3	292.62	251.81	294.94	262.44	10.88	1	2	
4	294.94	262.44	299.00	281.00	19.00	2	2	8	

7	0	106.104	2
1	73.00	77.00	76.63	80.44	5.00	1	7	
2	76.63	80.44	150.00	150.00	101.10	0	

7	1	207.454	3
1	73.00	77.00	76.71	80.35	5.00	1	7	
2	76.71	80.35	194.34	186.52	158.45	0	
3	194.34	186.52	227.00	216.00	44.00	1	1	

7	2	292.756	6
1	73.00	77.00	76.57	80.50	5.00	1	7	
2	76.57	80.50	190.17	191.93	159.12	0	
3	190.17	191.93	251.78	252.36	86.30	1	1	
4	251.78	252.36	259.15	259.59	10.33	0	
5	259.15	259.59	280.02	280.06	29.23	1	2	
6	280.02	280.06	282.00	282.00	2.77	2	2	8	

7	3	118.600	5
1	73.00	77.00	71.78	81.85	5.00	1	7	
2	71.78	81.85	64.88	109.19	28.20	0	
3	64.88	109.19	46.20	183.27	76.40	0	
4	46.20	183.27	44.33	190.68	7.64	1	3	
5	44.33	190.68	44.00	192.00	1.36	1	3	

7	4	76.922	3
1	73.00	77.00	70.79	81.48	5.00	1	7	
2	70.79	81.48	58.89	105.63	26.92	0	
3	58.89	105.63	39.00	146.00	45.00	1	4	

7	5	114.586	3
1	73.00	77.00	77.23	74.34	5.00	1	7	
2	77.23	74.34	134.45	38.36	67.59	0	
3	134.45	38.36	170.00	16.00	42.00	1	5	

7	6	187.182	3
1	73.00	77.00	77.97	77.56	5.00	1	7	
2	77.97	77.56	217.27	93.29	140.18	0	
3	217.27	93.29	259.00	98.00	42.00	1	6	

7	7	0	0

7	8	304.454	6
1	73.00	77.00	76.71	80.35	5.00	1	7	
2	76.71	80.35	194.33	186.52	158.45	0	
3	194.33	186.52	259.66	245.49	88.00	1	1	
4	259.66	245.49	268.15	253.15	11.44	0	
5	268.15	253.15	284.90	268.27	22.56	1	2	
6	284.90	268.27	299.00	281.00	19.00	2	2	8	

8	0	198.399	5
1	299.00	281.00	284.73	268.45	19.00	2	2	8	
2	284.73	268.45	267.62	253.41	22.78	1	2	
3	267.62	253.41	259.19	246.00	11.23	0	
4	259.19	246.00	193.13	187.92	87.96	1	1	
5	193.13	187.92	150.00	150.00	57.43	0	

8	1	97.000	4
1	299.00	281.00	284.90	268.27	19.00	2	2	8	
2	284.90	268.27	268.15	253.15	22.56	1	2	
3	268.15	253.15	259.66	245.48	11.44	0	
4	259.66	245.48	227.00	216.00	44.00	1	1	

8	2	17.029	1
1	299.00	281.00	282.00	282.00	17.03	2	2	8	

8	3	270.085	6
1	299.00	281.00	281.06	274.74	19.00	2	2	8	
2	281.06	274.74	254.58	265.50	28.04	1	2	
3	254.58	265.50	236.10	259.05	19.57	0	
4	236.10	259.05	193.09	244.03	45.56	1	1	
5	193.09	244.03	52.50	194.97	148.91	0	
6	52.50	194.97	44.00	192.00	9.00	1	3	

8	4	292.959	6
1	299.00	281.00	282.14	272.24	19.00	2	2	8	
2	282.14	272.24	258.69	260.07	26.42	1	2	
3	258.69	260.07	248.14	254.59	11.90	0	
4	248.14	254.59	183.28	220.91	73.08	1	1	
5	183.28	220.91	78.94	166.74	117.56	0	
6	78.94	166.74	39.00	146.00	45.00	1	4	

8	5	294.730	6
1	299.00	281.00	290.68	263.92	19.00	2	2	8	
2	290.68	263.92	283.94	250.06	15.41	1	2	
3	283.94	250.06	270.52	222.49	30.66	0	
4	270.52	222.49	248.74	177.74	49.77	1	1	
5	248.74	177.74	188.38	53.76	137.89	0	
6	188.38	53.76	170.00	16.00	42.00	1	5	

8	6	187.321	4
1	299.00	281.00	294.94	262.44	19.00	2	2	8	
2	294.94	262.44	292.62	251.81	10.88	1	2	
3	292.62	251.81	267.97	139.03	115.45	0	
4	267.97	139.03	259.00	98.00	42.00	1	6	

8	7	304.454	6
1	299.00	281.00	284.90	268.27	19.00	2	2	8	
2	284.90	268.27	268.15	253.15	22.56	1	2	
3	268.15	253.15	259.66	245.49	11.44	0	
4	259.66	245.49	194.33	186.52	88.00	1	1	
5	194.33	186.52	76.71	80.35	158.45	0	
6	76.71	80.35	73.00	77.00	5.00	1	7	

8	8	0	0