9	101	2	0.001	120.0
150.000	150.000	0.000	4.000	0.000
136.000	7.000	6.000	1.000	15.000
89.000	217.000	46.000	5.000	20.000
252.000	154.000	26.000	1.000	13.000
87.000	288.000	5.000	3.000	6.000
272.000	91.000	12.000	7.000	6.000
282.000	92.000	3.000	5.000	19.000
176.000	109.000	32.000	8.000	3.000
21.000	166.000	6.000	4.000	10.000
 


0	0	0	0

0	1	143.684	4
1	150.00	150.00	147.39	123.33	26.79	0	
2	147.39	123.33	145.15	100.49	22.95	1	7	
3	145.15	100.49	136.58	12.97	87.94	0	
4	136.58	12.97	136.00	7.00	6.00	1	1	

0	2	90.609	2
1	150.00	150.00	119.97	182.99	44.61	0	
2	119.97	182.99	89.00	217.00	46.00	1	2	

0	3	102.078	2
1	150.00	150.00	226.02	152.98	76.08	0	
2	226.02	152.98	252.00	154.00	26.00	1	3	

0	4	151.700	4
1	150.00	150.00	129.43	195.06	49.53	0	
2	129.43	195.06	98.91	261.92	73.50	1	2	
3	98.91	261.92	89.08	283.45	23.67	0	
4	89.08	283.45	87.00	288.00	5.00	1	4	

0	5	135.518	4
1	150.00	150.00	169.85	140.40	22.04	0	
2	169.85	140.40	204.44	123.67	38.42	1	7	
3	204.44	123.67	261.20	96.22	63.05	0	
4	261.20	96.22	272.00	91.00	12.00	1	5	

0	6	144.180	5
1	150.00	150.00	171.28	140.65	23.24	0	
2	171.28	140.65	202.51	126.93	34.11	1	7	
3	202.51	126.93	263.97	99.92	67.14	0	
4	263.97	99.92	279.25	93.21	16.69	1	5	
5	279.25	93.21	282.00	92.00	3.00	2	5	6	

0	7	48.549	2
1	150.00	150.00	158.86	136.02	16.55	0	
2	158.86	136.02	176.00	109.00	32.00	1	7	

0	8	129.988	2
1	150.00	150.00	26.95	165.26	123.99	0	
2	26.95	165.26	21.00	166.00	6.00	1	8	

1	0	143.684	4
1	136.00	7.00	136.58	12.97	6.00	1	1	
2	136.58	12.97	145.15	100.49	87.94	0	
3	145.15	100.49	147.39	123.33	22.95	1	7	
4	147.39	123.33	150.00	150.00	26.79	0	

1	1	0	0

1	2	215.195	3
1	136.00	7.00	134.69	12.86	6.00	1	1	
2	134.69	12.86	99.05	172.11	163.20	0	
3	99.05	172.11	89.00	217.00	46.00	1	2	

1	3	187.257	5
1	136.00	7.00	139.72	11.71	6.00	1	1	
2	139.72	11.71	198.66	86.40	95.15	0	
3	198.66	86.40	203.24	92.22	7.40	1	7	
4	203.24	92.22	235.89	133.59	52.71	0	
5	235.89	133.59	252.00	154.00	26.00	1	3	

1	4	285.240	5
1	136.00	7.00	134.97	12.91	6.00	1	1	
2	134.97	12.91	106.78	174.57	164.10	0	
3	106.78	174.57	91.37	262.94	89.70	1	2	
4	91.37	262.94	87.86	283.07	20.44	0	
5	87.86	283.07	87.00	288.00	5.00	1	4	

1	5	159.850	3
1	136.00	7.00	141.10	10.15	6.00	1	1	
2	141.10	10.15	261.79	84.69	141.85	0	
3	261.79	84.69	272.00	91.00	12.00	1	5	

1	6	168.941	4
1	136.00	7.00	141.19	10.02	6.00	1	1	
2	141.19	10.02	264.37	81.74	142.54	0	
3	264.37	81.74	279.41	90.49	17.40	1	5	
4	279.41	90.49	282.00	92.00	3.00	2	5	6	

1	7	109.563	3
1	136.00	7.00	138.19	12.59	6.00	1	1	
2	138.19	12.59	164.32	79.21	71.56	0	
3	164.32	79.21	176.00	109.00	32.00	1	7	

1	8	196.229	3
1	136.00	7.00	132.48	11.86	6.00	1	1	
2	132.48	11.86	24.52	161.14	184.23	0	
3	24.52	161.14	21.00	166.00	6.00	1	8	

2	0	90.609	2
1	89.00	217.00	119.97	182.99	46.00	1	2	
2	119.97	182.99	150.00	150.00	44.61	0	

2	1	215.195	3
1	89.00	217.00	99.05	172.11	46.00	1	2	
2	99.05	172.11	134.69	12.86	163.20	0	
3	134.69	12.86	136.00	7.00	6.00	1	1	

2	2	0	0

2	3	174.751	3
1	89.00	217.00	131.91	200.42	46.00	1	2	
2	131.91	200.42	227.75	163.37	102.75	0	
3	227.75	163.37	252.00	154.00	26.00	1	3	

2	4	71.028	3
1	89.00	217.00	87.70	262.98	46.00	0	
2	87.70	262.98	87.14	283.00	20.03	0	
3	87.14	283.00	87.00	288.00	5.00	1	4	

2	5	222.182	3
1	89.00	217.00	126.89	190.91	46.00	1	2	
2	126.89	190.91	262.12	97.81	164.18	0	
3	262.12	97.81	272.00	91.00	12.00	1	5	

2	6	229.943	4
1	89.00	217.00	127.61	191.99	46.00	1	2	
2	127.61	191.99	266.83	101.83	165.87	0	
3	266.83	101.83	279.48	93.63	15.08	1	5	
4	279.48	93.63	282.00	92.00	3.00	2	5	6	

2	7	138.683	3
1	89.00	217.00	117.86	181.18	46.00	1	2	
2	117.86	181.18	155.93	133.92	60.68	0	
3	155.93	133.92	176.00	109.00	32.00	1	7	

2	8	85.000	3
1	89.00	217.00	52.20	189.40	46.00	1	2	
2	52.20	189.40	25.80	169.60	33.00	0	
3	25.80	169.60	21.00	166.00	6.00	1	8	

3	0	102.078	2
1	252.00	154.00	226.02	152.98	26.00	1	3	
2	226.02	152.98	150.00	150.00	76.08	0	

3	1	187.257	5
1	252.00	154.00	235.89	133.59	26.00	1	3	
2	235.89	133.59	203.24	92.22	52.71	0	
3	203.24	92.22	198.66	86.40	7.40	1	7	
4	198.66	86.40	139.72	11.71	95.15	0	
5	139.72	11.71	136.00	7.00	6.00	1	1	

3	2	174.751	3
1	252.00	154.00	227.75	163.37	26.00	1	3	
2	227.75	163.37	131.91	200.42	102.75	0	
3	131.91	200.42	89.00	217.00	46.00	1	2	

3	3	0	0

3	4	212.558	3
1	252.00	154.00	231.82	170.39	26.00	1	3	
2	231.82	170.39	90.88	284.85	181.56	0	
3	90.88	284.85	87.00	288.00	5.00	1	4	

3	5	66.098	3
1	252.00	154.00	259.87	129.22	26.00	1	3	
2	259.87	129.22	268.37	102.44	28.10	0	
3	268.37	102.44	272.00	91.00	12.00	1	5	

3	6	68.877	4
1	252.00	154.00	263.32	130.60	26.00	1	3	
2	263.32	130.60	277.27	101.78	32.01	0	
3	277.27	101.78	280.69	94.70	7.87	1	5	
4	280.69	94.70	282.00	92.00	3.00	2	5	6	

3	7	88.323	3
1	252.00	154.00	229.63	140.75	26.00	1	3	
2	229.63	140.75	203.54	125.30	30.32	0	
3	203.54	125.30	176.00	109.00	32.00	1	7	

3	8	231.311	3
1	252.00	154.00	226.03	155.35	26.00	1	3	
2	226.03	155.35	26.99	165.69	199.31	0	
3	26.99	165.69	21.00	166.00	6.00	1	8	

4	0	151.700	4
1	87.00	288.00	89.08	283.45	5.00	1	4	
2	89.08	283.45	98.91	261.92	23.67	0	
3	98.91	261.92	129.43	195.06	73.50	1	2	
4	129.43	195.06	150.00	150.00	49.53	0	

4	1	285.240	5
1	87.00	288.00	87.86	283.07	5.00	1	4	
2	87.86	283.07	91.37	262.94	20.44	0	
3	91.37	262.94	106.78	174.57	89.70	1	2	
4	106.78	174.57	134.97	12.91	164.10	0	
5	134.97	12.91	136.00	7.00	6.00	1	1	

4	2	71.028	3
1	87.00	288.00	87.14	283.00	5.00	1	4	
2	87.14	283.00	87.70	262.98	20.03	0	
3	87.70	262.98	89.00	217.00	46.00	0	

4	3	212.558	3
1	87.00	288.00	90.88	284.85	5.00	1	4	
2	90.88	284.85	231.82	170.39	181.56	0	
3	231.82	170.39	252.00	154.00	26.00	1	3	

4	4	0	0

4	5	270.248	3
1	87.00	288.00	90.42	284.36	5.00	1	4	
2	90.42	284.36	263.79	99.75	253.25	0	
3	263.79	99.75	272.00	91.00	12.00	1	5	

4	6	276.480	6
1	87.00	288.00	90.53	284.46	5.00	1	4	
2	90.53	284.46	226.84	147.44	193.27	0	
3	226.84	147.44	245.31	128.87	26.19	1	3	
4	245.31	128.87	271.09	102.97	36.55	0	
5	271.09	102.97	279.88	94.13	12.47	1	5	
6	279.88	94.13	282.00	92.00	3.00	2	5	6	

4	7	199.905	5
1	87.00	288.00	89.23	283.52	5.00	1	4	
2	89.23	283.52	100.11	261.64	24.44	0	
3	100.11	261.64	131.29	198.91	70.05	1	2	
4	131.29	198.91	161.75	137.65	68.41	0	
5	161.75	137.65	176.00	109.00	32.00	1	7	

4	8	138.708	5
1	87.00	288.00	84.62	283.60	5.00	1	4	
2	84.62	283.60	71.63	259.60	27.29	0	
3	71.63	259.60	43.84	208.23	58.40	1	2	
4	43.84	208.23	23.85	171.28	42.01	0	
5	23.85	171.28	21.00	166.00	6.00	1	8	

5	0	135.518	4
1	272.00	91.00	261.20	96.22	12.00	1	5	
2	261.20	96.22	204.44	123.67	63.05	0	
3	204.44	123.67	169.85	140.40	38.42	1	7	
4	169.85	140.40	150.00	150.00	22.04	0	

5	1	159.850	3
1	272.00	91.00	261.79	84.69	12.00	1	5	
2	261.79	84.69	141.10	10.15	141.85	0	
3	141.10	10.15	136.00	7.00	6.00	1	1	

5	2	222.182	3
1	272.00	91.00	262.12	97.81	12.00	1	5	
2	262.12	97.81	126.89	190.91	164.18	0	
3	126.89	190.91	89.00	217.00	46.00	1	2	

5	3	66.098	3
1	272.00	91.00	268.37	102.44	12.00	1	5	
2	268.37	102.44	259.87	129.22	28.10	0	
3	259.87	129.22	252.00	154.00	26.00	1	3	

5	4	270.248	3
1	272.00	91.00	263.79	99.75	12.00	1	5	
2	263.79	99.75	90.42	284.36	253.25	0	
3	90.42	284.36	87.00	288.00	5.00	1	4	

5	5	0	0

5	6	10.050	2
1	272.00	91.00	279.01	91.70	7.05	1	5	
2	279.01	91.70	282.00	92.00	3.00	2	5	6	

5	7	97.673	3
1	272.00	91.00	260.21	93.21	12.00	1	5	
2	260.21	93.21	207.45	103.10	53.67	0	
3	207.45	103.10	176.00	109.00	32.00	1	7	

5	8	261.966	5
1	272.00	91.00	260.50	94.44	12.00	1	5	
2	260.50	94.44	207.98	110.13	54.82	0	
3	207.98	110.13	149.88	127.49	60.64	1	7	
4	149.88	127.49	26.75	164.28	128.51	0	
5	26.75	164.28	21.00	166.00	6.00	1	8	

6	0	144.180	5
1	282.00	92.00	279.25	93.21	3.00	2	5	6	
2	279.25	93.21	263.97	99.92	16.69	1	5	
3	263.97	99.92	202.51	126.93	67.14	0	
4	202.51	126.93	171.28	140.65	34.11	1	7	
5	171.28	140.65	150.00	150.00	23.24	0	

6	1	168.941	4
1	282.00	92.00	279.41	90.49	3.00	2	5	6	
2	279.41	90.49	264.37	81.74	17.40	1	5	
3	264.37	81.74	141.19	10.02	142.54	0	
4	141.19	10.02	136.00	7.00	6.00	1	1	

6	2	229.943	4
1	282.00	92.00	279.48	93.63	3.00	2	5	6	
2	279.48	93.63	266.83	101.83	15.08	1	5	
3	266.83	101.83	127.61	191.99	165.87	0	
4	127.61	191.99	89.00	217.00	46.00	1	2	

6	3	68.877	4
1	282.00	92.00	280.69	94.70	3.00	2	5	6	
2	280.69	94.70	277.27	101.78	7.87	1	5	
3	277.27	101.78	263.32	130.60	32.01	0	
4	263.32	130.60	252.00	154.00	26.00	1	3	

6	4	276.480	6
1	282.00	92.00	279.88	94.13	3.00	2	5	6	
2	279.88	94.13	271.09	102.97	12.47	1	5	
3	271.09	102.97	245.31	128.87	36.55	0	
4	245.31	128.87	226.84	147.44	26.19	1	3	
5	226.84	147.44	90.53	284.46	193.27	0	
6	90.53	284.46	87.00	288.00	5.00	1	4	

6	5	10.050	2
1	282.00	92.00	279.01	91.70	3.00	2	5	6	
2	279.01	91.70	272.00	91.00	7.05	1	5	

6	6	0	0

6	7	107.355	4
1	282.00	92.00	279.04	92.48	3.00	2	5	6	
2	279.04	92.48	260.83	95.39	18.44	1	5	
3	260.83	95.39	207.60	103.93	53.92	0	
4	207.60	103.93	176.00	109.00	32.00	1	7	

6	8	271.288	6
1	282.00	92.00	279.11	92.82	3.00	2	5	6	
2	279.11	92.82	262.02	97.66	17.77	1	5	
3	262.02	97.66	207.74	113.05	56.42	0	
4	207.74	113.05	151.11	129.11	58.87	1	7	
5	151.11	129.11	26.77	164.36	129.24	0	
6	26.77	164.36	21.00	166.00	6.00	1	8	

7	0	48.549	2
1	176.00	109.00	158.86	136.02	32.00	1	7	
2	158.86	136.02	150.00	150.00	16.55	0	

7	1	109.563	3
1	176.00	109.00	164.32	79.21	32.00	1	7	
2	164.32	79.21	138.19	12.59	71.56	0	
3	138.19	12.59	136.00	7.00	6.00	1	1	

7	2	138.683	3
1	176.00	109.00	155.93	133.92	32.00	1	7	
2	155.93	133.92	117.86	181.18	60.68	0	
3	117.86	181.18	89.00	217.00	46.00	1	2	

7	3	88.323	3
1	176.00	109.00	203.54	125.30	32.00	1	7	
2	203.54	125.30	229.63	140.75	30.32	0	
3	229.63	140.75	252.00	154.00	26.00	1	3	

7	4	199.905	5
1	176.00	109.00	161.75	137.65	32.00	1	7	
2	161.75	137.65	131.29	198.91	68.41	0	
3	131.29	198.91	100.11	261.64	70.05	1	2	
4	100.11	261.64	89.23	283.52	24.44	0	
5	89.23	283.52	87.00	288.00	5.00	1	4	

7	5	97.673	3
1	176.00	109.00	207.45	103.10	32.00	1	7	
2	207.45	103.10	260.21	93.21	53.67	0	
3	260.21	93.21	272.00	91.00	12.00	1	5	

7	6	107.355	4
1	176.00	109.00	207.60	103.93	32.00	1	7	
2	207.60	103.93	260.83	95.39	53.92	0	
3	260.83	95.39	279.04	92.48	18.44	1	5	
4	279.04	92.48	282.00	92.00	3.00	2	5	6	

7	7	0	0

7	8	165.148	3
1	176.00	109.00	145.97	120.04	32.00	1	7	
2	145.97	120.04	26.63	163.93	127.15	0	
3	26.63	163.93	21.00	166.00	6.00	1	8	

8	0	129.988	2
1	21.00	166.00	26.95	165.26	6.00	1	8	
2	26.95	165.26	150.00	150.00	123.99	0	

8	1	196.229	3
1	21.00	166.00	24.52	161.14	6.00	1	8	
2	24.52	161.14	132.48	11.86	184.23	0	
3	132.48	11.86	136.00	7.00	6.00	1	1	

8	2	85.000	3
1	21.00	166.00	25.80	169.60	6.00	1	8	
2	25.80	169.60	52.20	189.40	33.00	0	
3	52.20	189.40	89.00	217.00	46.00	1	2	

8	3	231.311	3
1	21.00	166.00	26.99	165.69	6.00	1	8	
2	26.99	165.69	226.03	155.35	199.31	0	
3	226.03	155.35	252.00	154.00	26.00	1	3	

8	4	138.708	5
1	21.00	166.00	23.85	171.28	6.00	1	8	
2	23.85	171.28	43.84	208.23	42.01	0	
3	43.84	208.23	71.63	259.60	58.40	1	2	
4	71.63	259.60	84.62	283.60	27.29	0	
5	84.62	283.60	87.00	288.00	5.00	1	4	

8	5	261.966	5
1	21.00	166.00	26.75	164.28	6.00	1	8	
2	26.75	164.28	149.88	127.49	128.51	0	
3	149.88	127.49	207.98	110.13	60.64	1	7	
4	207.98	110.13	260.50	94.44	54.82	0	
5	260.50	94.44	272.00	91.00	12.00	1	5	

8	6	271.288	6
1	21.00	166.00	26.77	164.36	6.00	1	8	
2	26.77	164.36	151.11	129.11	129.24	0	
3	151.11	129.11	207.74	113.05	58.87	1	7	
4	207.74	113.05	262.02	97.66	56.42	0	
5	262.02	97.66	279.11	92.82	17.77	1	5	
6	279.11	92.82	282.00	92.00	3.00	2	5	6	

8	7	165.148	3
1	21.00	166.00	26.63	163.93	6.00	1	8	
2	26.63	163.93	145.97	120.04	127.15	0	
3	145.97	120.04	176.00	109.00	32.00	1	7	

8	8	0	0
