9	101	2	0.001	40.0
150.000	150.000	0.000	10.000	0.000
122.000	264.000	1.000	2.000	19.000
160.000	201.000	15.000	5.000	4.000
155.000	214.000	6.000	5.000	1.000
133.000	288.000	21.000	6.000	7.000
44.000	134.000	22.000	4.000	18.000
113.000	164.000	21.000	9.000	12.000
77.000	56.000	7.000	2.000	15.000
195.000	132.000	2.000	8.000	18.000

0	0	0	0

0	1	117.388	2
1	150.00	150.00	122.24	263.03	116.39	0	
2	122.24	263.03	122.00	264.00	1.00	1	1	

0	2	51.971	2
1	150.00	150.00	157.11	186.28	36.97	0	
2	157.11	186.28	160.00	201.00	15.00	1	2	

0	3	64.195	3
1	150.00	150.00	152.95	187.76	37.88	0	
2	152.95	187.76	154.53	208.02	20.32	1	2	
3	154.53	208.02	155.00	214.00	6.00	2	2	3	

0	4	139.043	2
1	150.00	150.00	135.57	267.16	118.04	0	
2	135.57	267.16	133.00	288.00	21.00	1	4	

0	5	107.201	4
1	150.00	150.00	123.92	146.06	26.37	0	
2	123.92	146.06	107.86	143.64	16.25	1	6	
3	107.86	143.64	65.75	137.28	42.58	0	
4	65.75	137.28	44.00	134.00	22.00	1	5	

0	6	39.560	2
1	150.00	150.00	132.64	156.57	18.56	0	
2	132.64	156.57	113.00	164.00	21.00	1	6	

0	7	119.017	2
1	150.00	150.00	81.29	61.53	112.02	0	
2	81.29	61.53	77.00	56.00	7.00	1	7	

0	8	48.466	2
1	150.00	150.00	193.14	132.74	46.47	0	
2	193.14	132.74	195.00	132.00	2.00	1	8	

1	0	117.388	2
1	122.00	264.00	122.24	263.03	1.00	1	1	
2	122.24	263.03	150.00	150.00	116.39	0	

1	1	0	0

1	2	73.573	5
1	122.00	264.00	122.52	263.14	1.00	1	1	
2	122.52	263.14	150.08	217.44	53.37	0	
3	150.08	217.44	152.25	213.84	4.20	1	3	
4	152.25	213.84	155.75	208.05	6.77	2	2	3	
5	155.75	208.05	160.00	201.00	8.23	1	2	

1	3	59.908	4
1	122.00	264.00	122.55	263.17	1.00	1	1	
2	122.55	263.17	151.69	219.01	52.91	0	
3	151.69	219.01	154.40	214.91	4.90	1	3	
4	154.40	214.91	155.00	214.00	1.10	2	2	3	

1	4	26.401	3
1	122.00	264.00	122.42	264.91	1.00	1	1	
2	122.42	264.91	124.25	268.91	4.40	0	
3	124.25	268.91	133.00	288.00	21.00	1	4	

1	5	151.605	3
1	122.00	264.00	121.49	263.14	1.00	1	1	
2	121.49	263.14	55.32	152.86	128.60	0	
3	55.32	152.86	44.00	134.00	22.00	1	5	

1	6	100.404	3
1	122.00	264.00	121.91	263.00	1.00	1	1	
2	121.91	263.00	114.88	184.92	78.40	0	
3	114.88	184.92	113.00	164.00	21.00	1	6	

1	7	212.812	5
1	122.00	264.00	121.79	263.02	1.00	1	1	
2	121.79	263.02	104.52	183.21	81.66	0	
3	104.52	183.21	97.34	150.01	33.97	1	6	
4	97.34	150.01	78.48	62.84	89.18	0	
5	78.48	62.84	77.00	56.00	7.00	1	7	

1	8	150.841	7
1	122.00	264.00	122.48	263.12	1.00	1	1	
2	122.48	263.12	149.09	215.02	54.97	0	
3	149.09	215.02	150.45	212.56	2.81	1	3	
4	150.45	212.56	152.72	208.45	4.70	2	2	3	
5	152.72	208.45	164.72	186.76	24.79	1	2	
6	164.72	186.76	194.03	133.75	60.58	0	
7	194.03	133.75	195.00	132.00	2.00	1	8	

2	0	51.971	2
1	160.00	201.00	157.11	186.28	15.00	1	2	
2	157.11	186.28	150.00	150.00	36.97	0	

2	1	73.573	5
1	160.00	201.00	155.75	208.05	8.23	1	2	
2	155.75	208.05	152.25	213.84	6.77	2	2	3	
3	152.25	213.84	150.08	217.44	4.20	1	3	
4	150.08	217.44	122.52	263.14	53.37	0	
5	122.52	263.14	122.00	264.00	1.00	1	1	

2	2	0	0

2	3	13.928	2
1	160.00	201.00	157.15	208.40	7.93	1	2	
2	157.15	208.40	155.00	214.00	6.00	2	2	3	

2	4	91.093	5
1	160.00	201.00	157.64	208.61	7.97	1	2	
2	157.64	208.61	155.55	215.33	7.03	2	2	3	
3	155.55	215.33	154.12	219.94	4.83	1	3	
4	154.12	219.94	139.22	267.94	50.27	0	
5	139.22	267.94	133.00	288.00	21.00	1	4	

2	5	133.959	5
1	160.00	201.00	147.01	193.50	15.00	1	2	
2	147.01	193.50	125.35	180.99	25.02	0	
3	125.35	180.99	92.12	161.79	38.38	1	6	
4	92.12	161.79	63.05	145.00	33.57	0	
5	63.05	145.00	44.00	134.00	22.00	1	5	

2	6	59.816	3
1	160.00	201.00	148.21	191.72	15.00	1	2	
2	148.21	191.72	129.50	176.99	23.82	0	
3	129.50	176.99	113.00	164.00	21.00	1	6	

2	7	167.075	3
1	160.00	201.00	152.55	187.98	15.00	1	2	
2	152.55	187.98	80.48	62.08	145.07	0	
3	80.48	62.08	77.00	56.00	7.00	1	7	

2	8	77.369	3
1	160.00	201.00	166.79	187.62	15.00	1	2	
2	166.79	187.62	194.10	133.78	60.37	0	
3	194.10	133.78	195.00	132.00	2.00	1	8	

3	0	64.195	3
1	155.00	214.00	154.53	208.02	6.00	2	2	3	
2	154.53	208.02	152.95	187.76	20.32	1	2	
3	152.95	187.76	150.00	150.00	37.88	0	

3	1	59.908	4
1	155.00	214.00	154.40	214.91	1.10	2	2	3	
2	154.40	214.91	151.69	219.01	4.90	1	3	
3	151.69	219.01	122.55	263.17	52.91	0	
4	122.55	263.17	122.00	264.00	1.00	1	1	

3	2	13.928	2
1	155.00	214.00	157.15	208.40	6.00	2	2	3	
2	157.15	208.40	160.00	201.00	7.93	1	2	

3	3	0	0

3	4	77.201	4
1	155.00	214.00	154.69	215.03	1.07	2	2	3	
2	154.69	215.03	153.29	219.75	4.93	1	3	
3	153.29	219.75	138.98	267.87	50.20	0	
4	138.98	267.87	133.00	288.00	21.00	1	4	

3	5	136.825	6
1	155.00	214.00	150.13	210.49	6.00	2	2	3	
2	150.13	210.49	146.77	208.07	4.15	1	2	
3	146.77	208.07	114.67	184.93	39.57	0	
4	114.67	184.93	92.61	169.04	27.19	1	6	
5	92.61	169.04	61.85	146.86	37.92	0	
6	61.85	146.86	44.00	134.00	22.00	1	5	

3	6	65.299	4
1	155.00	214.00	151.14	209.41	6.00	2	2	3	
2	151.14	209.41	145.04	202.15	9.48	1	2	
3	145.04	202.15	126.51	180.08	28.82	0	
4	126.51	180.08	113.00	164.00	21.00	1	6	

3	7	176.204	6
1	155.00	214.00	152.34	208.62	6.00	2	2	3	
2	152.34	208.62	145.97	195.70	14.41	1	2	
3	145.97	195.70	133.18	169.80	28.88	0	
4	133.18	169.80	120.66	144.45	28.28	1	6	
5	120.66	144.45	80.10	62.28	91.64	0	
6	80.10	62.28	77.00	56.00	7.00	1	7	

3	8	91.236	4
1	155.00	214.00	157.63	208.61	6.00	2	2	3	
2	157.63	208.61	167.64	188.09	22.83	1	2	
3	167.64	188.09	194.12	133.80	60.41	0	
4	194.12	133.80	195.00	132.00	2.00	1	8	

4	0	139.043	2
1	133.00	288.00	135.57	267.16	21.00	1	4	
2	135.57	267.16	150.00	150.00	118.04	0	

4	1	26.401	3
1	133.00	288.00	124.25	268.91	21.00	1	4	
2	124.25	268.91	122.42	264.91	4.40	0	
3	122.42	264.91	122.00	264.00	1.00	1	1	

4	2	91.093	5
1	133.00	288.00	139.22	267.94	21.00	1	4	
2	139.22	267.94	154.12	219.94	50.27	0	
3	154.12	219.94	155.55	215.33	4.83	1	3	
4	155.55	215.33	157.64	208.61	7.03	2	2	3	
5	157.64	208.61	160.00	201.00	7.97	1	2	

4	3	77.201	4
1	133.00	288.00	138.98	267.87	21.00	1	4	
2	138.98	267.87	153.29	219.75	50.20	0	
3	153.29	219.75	154.69	215.03	4.93	1	3	
4	154.69	215.03	155.00	214.00	1.07	2	2	3	

4	4	0	0

4	5	177.868	3
1	133.00	288.00	122.49	269.82	21.00	1	4	
2	122.49	269.82	55.01	153.05	134.87	0	
3	55.01	153.05	44.00	134.00	22.00	1	5	

4	6	125.603	3
1	133.00	288.00	129.66	267.27	21.00	1	4	
2	129.66	267.27	116.34	184.73	83.60	0	
3	116.34	184.73	113.00	164.00	21.00	1	6	

4	7	238.663	5
1	133.00	288.00	128.07	267.59	21.00	1	4	
2	128.07	267.59	107.99	184.39	85.58	0	
3	107.99	184.39	99.24	148.14	37.30	1	6	
4	99.24	148.14	78.64	62.80	87.78	0	
5	78.64	62.80	77.00	56.00	7.00	1	7	

4	8	167.869	5
1	133.00	288.00	140.76	268.48	21.00	1	4	
2	140.76	268.48	161.65	215.91	56.58	0	
3	161.65	215.91	171.44	191.29	26.49	1	2	
4	171.44	191.29	194.26	133.86	61.80	0	
5	194.26	133.86	195.00	132.00	2.00	1	8	

5	0	107.201	4
1	44.00	134.00	65.75	137.28	22.00	1	5	
2	65.75	137.28	107.86	143.64	42.58	0	
3	107.86	143.64	123.92	146.06	16.25	1	6	
4	123.92	146.06	150.00	150.00	26.37	0	

5	1	151.605	3
1	44.00	134.00	55.32	152.86	22.00	1	5	
2	55.32	152.86	121.49	263.14	128.60	0	
3	121.49	263.14	122.00	264.00	1.00	1	1	

5	2	133.959	5
1	44.00	134.00	63.05	145.00	22.00	1	5	
2	63.05	145.00	92.12	161.79	33.57	0	
3	92.12	161.79	125.35	180.99	38.38	1	6	
4	125.35	180.99	147.01	193.50	25.02	0	
5	147.01	193.50	160.00	201.00	15.00	1	2	

5	3	136.825	6
1	44.00	134.00	61.85	146.86	22.00	1	5	
2	61.85	146.86	92.61	169.04	37.92	0	
3	92.61	169.04	114.67	184.93	27.19	1	6	
4	114.67	184.93	146.77	208.07	39.57	0	
5	146.77	208.07	150.13	210.49	4.15	1	2	
6	150.13	210.49	155.00	214.00	6.00	2	2	3	

5	4	177.868	3
1	44.00	134.00	55.01	153.05	22.00	1	5	
2	55.01	153.05	122.49	269.82	134.87	0	
3	122.49	269.82	133.00	288.00	21.00	1	4	

5	5	0	0

5	6	75.240	3
1	44.00	134.00	64.18	142.77	22.00	1	5	
2	64.18	142.77	93.74	155.63	32.24	0	
3	93.74	155.63	113.00	164.00	21.00	1	6	

5	7	84.694	3
1	44.00	134.00	52.57	113.74	22.00	1	5	
2	52.57	113.74	74.27	62.45	55.69	0	
3	74.27	62.45	77.00	56.00	7.00	1	7	

5	8	151.013	3
1	44.00	134.00	66.00	133.71	22.00	1	5	
2	66.00	133.71	193.00	132.03	127.01	0	
3	193.00	132.03	195.00	132.00	2.00	1	8	

6	0	39.560	2
1	113.00	164.00	132.64	156.57	21.00	1	6	
2	132.64	156.57	150.00	150.00	18.56	0	

6	1	100.404	3
1	113.00	164.00	114.88	184.92	21.00	1	6	
2	114.88	184.92	121.91	263.00	78.40	0	
3	121.91	263.00	122.00	264.00	1.00	1	1	

6	2	59.816	3
1	113.00	164.00	129.50	176.99	21.00	1	6	
2	129.50	176.99	148.21	191.72	23.82	0	
3	148.21	191.72	160.00	201.00	15.00	1	2	

6	3	65.299	4
1	113.00	164.00	126.51	180.08	21.00	1	6	
2	126.51	180.08	145.04	202.15	28.82	0	
3	145.04	202.15	151.14	209.41	9.48	1	2	
4	151.14	209.41	155.00	214.00	6.00	2	2	3	

6	4	125.603	3
1	113.00	164.00	116.34	184.73	21.00	1	6	
2	116.34	184.73	129.66	267.27	83.60	0	
3	129.66	267.27	133.00	288.00	21.00	1	4	

6	5	75.240	3
1	113.00	164.00	93.74	155.63	21.00	1	6	
2	93.74	155.63	64.18	142.77	32.24	0	
3	64.18	142.77	44.00	134.00	22.00	1	5	

6	6	0	0

6	7	113.842	3
1	113.00	164.00	106.36	144.08	21.00	1	6	
2	106.36	144.08	79.21	62.64	85.84	0	
3	79.21	62.64	77.00	56.00	7.00	1	7	

6	8	88.023	3
1	113.00	164.00	132.56	156.37	21.00	1	6	
2	132.56	156.37	193.14	132.73	65.02	0	
3	193.14	132.73	195.00	132.00	2.00	1	8	

7	0	119.017	2
1	77.00	56.00	81.29	61.53	7.00	1	7	
2	81.29	61.53	150.00	150.00	112.02	0	

7	1	212.812	5
1	77.00	56.00	78.48	62.84	7.00	1	7	
2	78.48	62.84	97.34	150.01	89.18	0	
3	97.34	150.01	104.52	183.21	33.97	1	6	
4	104.52	183.21	121.79	263.02	81.66	0	
5	121.79	263.02	122.00	264.00	1.00	1	1	

7	2	167.075	3
1	77.00	56.00	80.48	62.08	7.00	1	7	
2	80.48	62.08	152.55	187.98	145.07	0	
3	152.55	187.98	160.00	201.00	15.00	1	2	

7	3	176.204	6
1	77.00	56.00	80.10	62.28	7.00	1	7	
2	80.10	62.28	120.66	144.45	91.64	0	
3	120.66	144.45	133.18	169.80	28.28	1	6	
4	133.18	169.80	145.97	195.70	28.88	0	
5	145.97	195.70	152.34	208.62	14.41	1	2	
6	152.34	208.62	155.00	214.00	6.00	2	2	3	

7	4	238.663	5
1	77.00	56.00	78.64	62.80	7.00	1	7	
2	78.64	62.80	99.24	148.14	87.78	0	
3	99.24	148.14	107.99	184.39	37.30	1	6	
4	107.99	184.39	128.07	267.59	85.58	0	
5	128.07	267.59	133.00	288.00	21.00	1	4	

7	5	84.694	3
1	77.00	56.00	74.27	62.45	7.00	1	7	
2	74.27	62.45	52.57	113.74	55.69	0	
3	52.57	113.74	44.00	134.00	22.00	1	5	

7	6	113.842	3
1	77.00	56.00	79.21	62.64	7.00	1	7	
2	79.21	62.64	106.36	144.08	85.84	0	
3	106.36	144.08	113.00	164.00	21.00	1	6	

7	7	0	0

7	8	140.357	3
1	77.00	56.00	82.89	59.79	7.00	1	7	
2	82.89	59.79	193.32	130.92	131.36	0	
3	193.32	130.92	195.00	132.00	2.00	1	8	

8	0	48.466	2
1	195.00	132.00	193.14	132.74	2.00	1	8	
2	193.14	132.74	150.00	150.00	46.47	0	

8	1	150.841	7
1	195.00	132.00	194.03	133.75	2.00	1	8	
2	194.03	133.75	164.72	186.76	60.58	0	
3	164.72	186.76	152.72	208.45	24.79	1	2	
4	152.72	208.45	150.45	212.56	4.70	2	2	3	
5	150.45	212.56	149.09	215.02	2.81	1	3	
6	149.09	215.02	122.48	263.12	54.97	0	
7	122.48	263.12	122.00	264.00	1.00	1	1	

8	2	77.369	3
1	195.00	132.00	194.10	133.78	2.00	1	8	
2	194.10	133.78	166.79	187.62	60.37	0	
3	166.79	187.62	160.00	201.00	15.00	1	2	

8	3	91.236	4
1	195.00	132.00	194.12	133.80	2.00	1	8	
2	194.12	133.80	167.64	188.09	60.41	0	
3	167.64	188.09	157.63	208.61	22.83	1	2	
4	157.63	208.61	155.00	214.00	6.00	2	2	3	

8	4	167.869	5
1	195.00	132.00	194.26	133.86	2.00	1	8	
2	194.26	133.86	171.44	191.29	61.80	0	
3	171.44	191.29	161.65	215.91	26.49	1	2	
4	161.65	215.91	140.76	268.48	56.58	0	
5	140.76	268.48	133.00	288.00	21.00	1	4	

8	5	151.013	3
1	195.00	132.00	193.00	132.03	2.00	1	8	
2	193.00	132.03	66.00	133.71	127.01	0	
3	66.00	133.71	44.00	134.00	22.00	1	5	

8	6	88.023	3
1	195.00	132.00	193.14	132.73	2.00	1	8	
2	193.14	132.73	132.56	156.37	65.02	0	
3	132.56	156.37	113.00	164.00	21.00	1	6	

8	7	140.357	3
1	195.00	132.00	193.32	130.92	2.00	1	8	
2	193.32	130.92	82.89	59.79	131.36	0	
3	82.89	59.79	77.00	56.00	7.00	1	7	

8	8	0	0