6	42	2	0.001	90.0
150.000	150.000	0.000	8.000	0.000
140.000	213.000	25.000	3.000	14.000
282.000	109.000	16.000	4.000	18.000
76.000	171.000	12.000	7.000	20.000
167.000	245.000	40.000	4.000	3.000
143.000	137.000	49.000	6.000	7.000
 


0	0	0	0

0	1	63.789	3
1	150.00	150.00	144.29	185.98	36.43	1	5	
2	144.29	185.98	143.92	188.31	2.36	0	
3	143.92	188.31	140.00	213.00	25.00	1	1	

0	2	138.221	3
1	150.00	150.00	192.00	136.95	43.98	1	5	
2	192.00	136.95	266.72	113.75	78.24	0	
3	266.72	113.75	282.00	109.00	16.00	1	2	

0	3	76.922	3
1	150.00	150.00	101.88	163.65	50.02	1	5	
2	101.88	163.65	87.54	167.72	14.91	0	
3	87.54	167.72	76.00	171.00	12.00	1	3	

0	4	96.509	5
1	150.00	150.00	156.12	184.21	34.75	0	
2	156.12	184.21	158.21	195.87	11.84	0	
3	158.21	195.87	159.95	205.63	9.91	1	1	
4	159.95	205.63	163.02	222.75	17.40	1	1	
5	163.02	222.75	167.00	245.00	22.60	1	4	

0	5	14.765	1
1	150.00	150.00	143.00	137.00	14.76	1	5	

1	0	63.789	3
1	140.00	213.00	143.92	188.31	25.00	1	1	
2	143.92	188.31	144.29	185.98	2.36	0	
3	144.29	185.98	150.00	150.00	36.43	1	5	

1	1	0	0

1	2	176.011	3
1	140.00	213.00	160.17	198.23	25.00	1	1	
2	160.17	198.23	269.09	118.45	135.01	0	
3	269.09	118.45	282.00	109.00	16.00	1	2	

1	3	76.551	3
1	140.00	213.00	119.10	199.28	25.00	1	1	
2	119.10	199.28	86.03	177.58	39.55	0	
3	86.03	177.58	76.00	171.00	12.00	1	3	

1	4	41.869	3
1	140.00	213.00	141.21	214.43	1.87	1	1	
2	141.21	214.43	156.12	232.11	23.13	2	1	4	
3	156.12	232.11	167.00	245.00	16.87	1	4	

1	5	76.059	3
1	140.00	213.00	140.99	188.02	25.00	0	
2	140.99	188.02	141.07	185.96	2.06	0	
3	141.07	185.96	143.00	137.00	49.00	1	5	

2	0	138.221	3
1	282.00	109.00	266.72	113.75	16.00	1	2	
2	266.72	113.75	192.00	136.95	78.24	0	
3	192.00	136.95	150.00	150.00	43.98	1	5	

2	1	176.011	3
1	282.00	109.00	269.09	118.45	16.00	1	2	
2	269.09	118.45	160.17	198.23	135.01	0	
3	160.17	198.23	140.00	213.00	25.00	1	1	

2	2	0	0

2	3	215.128	5
1	282.00	109.00	266.68	113.61	16.00	1	2	
2	266.68	113.61	191.99	136.09	78.00	0	
3	191.99	136.09	101.64	163.28	94.35	1	5	
4	101.64	163.28	87.49	167.54	14.78	0	
5	87.49	167.54	76.00	171.00	12.00	1	3	

2	4	178.104	3
1	282.00	109.00	271.67	121.22	16.00	1	2	
2	271.67	121.22	192.83	214.46	122.10	0	
3	192.83	214.46	167.00	245.00	40.00	1	4	

2	5	141.792	3
1	282.00	109.00	266.32	112.16	16.00	1	2	
2	266.32	112.16	191.04	127.32	76.79	0	
3	191.04	127.32	143.00	137.00	49.00	1	5	

3	0	76.922	3
1	76.00	171.00	87.54	167.72	12.00	1	3	
2	87.54	167.72	101.88	163.65	14.91	0	
3	101.88	163.65	150.00	150.00	50.02	1	5	

3	1	76.551	3
1	76.00	171.00	86.03	177.58	12.00	1	3	
2	86.03	177.58	119.10	199.28	39.55	0	
3	119.10	199.28	140.00	213.00	25.00	1	1	

3	2	215.128	5
1	76.00	171.00	87.49	167.54	12.00	1	3	
2	87.49	167.54	101.64	163.28	14.78	0	
3	101.64	163.28	191.99	136.09	94.35	1	5	
4	191.99	136.09	266.68	113.61	78.00	0	
5	266.68	113.61	282.00	109.00	16.00	1	2	

3	3	0	0

3	4	117.290	5
1	76.00	171.00	85.31	178.57	12.00	1	3	
2	85.31	178.57	116.65	204.06	40.40	0	
3	116.65	204.06	135.97	219.76	24.89	1	1	
4	135.97	219.76	153.51	234.03	22.62	2	1	4	
5	153.51	234.03	167.00	245.00	17.38	1	4	

3	5	75.133	3
1	76.00	171.00	86.70	165.57	12.00	1	3	
2	86.70	165.57	99.30	159.17	14.13	0	
3	99.30	159.17	143.00	137.00	49.00	1	5	

4	0	96.509	5
1	167.00	245.00	163.02	222.75	22.60	1	4	
2	163.02	222.75	159.95	205.63	17.40	1	1	
3	159.95	205.63	158.21	195.87	9.91	1	1	
4	158.21	195.87	156.12	184.21	11.84	0	
5	156.12	184.21	150.00	150.00	34.75	0	

4	1	41.869	3
1	167.00	245.00	156.12	232.11	16.87	1	4	
2	156.12	232.11	141.21	214.43	23.13	2	1	4	
3	141.21	214.43	140.00	213.00	1.87	1	1	

4	2	178.104	3
1	167.00	245.00	192.83	214.46	40.00	1	4	
2	192.83	214.46	271.67	121.22	122.10	0	
3	271.67	121.22	282.00	109.00	16.00	1	2	

4	3	117.290	5
1	167.00	245.00	153.51	234.03	17.38	1	4	
2	153.51	234.03	135.97	219.76	22.62	2	1	4	
3	135.97	219.76	116.65	204.06	24.89	1	1	
4	116.65	204.06	85.31	178.57	40.40	0	
5	85.31	178.57	76.00	171.00	12.00	1	3	

4	4	0	0

4	5	110.635	5
1	167.00	245.00	162.37	224.16	21.35	1	4	
2	162.37	224.16	158.32	205.95	18.65	2	1	4	
3	158.32	205.95	155.54	193.41	12.84	1	1	
4	155.54	193.41	153.63	184.83	8.79	0	
5	153.63	184.83	143.00	137.00	49.00	1	5	

5	0	14.765	1
1	143.00	137.00	150.00	150.00	14.76	1	5	

5	1	76.059	3
1	143.00	137.00	141.07	185.96	49.00	1	5	
2	141.07	185.96	140.99	188.02	2.06	0	
3	140.99	188.02	140.00	213.00	25.00	0	

5	2	141.792	3
1	143.00	137.00	191.04	127.32	49.00	1	5	
2	191.04	127.32	266.32	112.16	76.79	0	
3	266.32	112.16	282.00	109.00	16.00	1	2	

5	3	75.133	3
1	143.00	137.00	99.30	159.17	49.00	1	5	
2	99.30	159.17	86.70	165.57	14.13	0	
3	86.70	165.57	76.00	171.00	12.00	1	3	

5	4	110.635	5
1	143.00	137.00	153.63	184.83	49.00	1	5	
2	153.63	184.83	155.54	193.41	8.79	0	
3	155.54	193.41	158.32	205.95	12.84	1	1	
4	158.32	205.95	162.37	224.16	18.65	2	1	4	
5	162.37	224.16	167.00	245.00	21.35	1	4	

5	5	0	0
