6	35	2	0.001	20.0
150.000	150.000	0.000	5.000	0.000
45.000	106.000	36.000	1.000	11.000
88.000	32.000	48.000	1.000	6.000
89.000	182.000	16.000	2.000	3.000
123.000	121.000	21.000	5.000	11.000
210.000	83.000	50.000	4.000	20.000

0	0	0	0

0	1	113.846	4
1	150.00	150.00	128.89	141.16	22.88	0	
2	128.89	141.16	104.50	130.93	26.45	1	4	
3	104.50	130.93	78.20	119.91	28.51	0	
4	78.20	119.91	45.00	106.00	36.00	1	1	

0	2	133.297	4
1	150.00	150.00	140.70	132.30	19.99	0	
2	140.70	132.30	123.74	100.01	36.47	1	4	
3	123.74	100.01	110.33	74.49	28.83	0	
4	110.33	74.49	88.00	32.00	48.00	1	2	

0	3	68.884	2
1	150.00	150.00	103.17	174.57	52.88	0	
2	103.17	174.57	89.00	182.00	16.00	1	3	

0	4	39.623	2
1	150.00	150.00	137.31	136.37	18.62	0	
2	137.31	136.37	123.00	121.00	21.00	1	4	

0	5	89.939	2
1	150.00	150.00	176.64	120.25	39.94	0	
2	176.64	120.25	210.00	83.00	50.00	1	5	

1	0	113.846	4
1	45.00	106.00	78.20	119.91	36.00	1	1	
2	78.20	119.91	104.50	130.93	28.51	0	
3	104.50	130.93	128.89	141.16	26.45	1	4	
4	128.89	141.16	150.00	150.00	22.88	0	

1	1	0	0

1	2	85.586	3
1	45.00	106.00	63.09	74.87	36.00	1	1	
2	63.09	74.87	63.88	73.50	1.59	0	
3	63.88	73.50	88.00	32.00	48.00	1	2	

1	3	87.818	3
1	45.00	106.00	63.04	137.16	36.00	1	1	
2	63.04	137.16	80.98	168.15	35.82	0	
3	80.98	168.15	89.00	182.00	16.00	1	3	

1	4	79.429	3
1	45.00	106.00	80.35	112.80	36.00	1	1	
2	80.35	112.80	102.38	117.03	22.43	0	
3	102.38	117.03	123.00	121.00	21.00	1	4	

1	5	166.595	3
1	45.00	106.00	80.66	101.03	36.00	1	1	
2	80.66	101.03	160.48	89.90	80.60	0	
3	160.48	89.90	210.00	83.00	50.00	1	5	

2	0	133.297	4
1	88.00	32.00	110.33	74.49	48.00	1	2	
2	110.33	74.49	123.74	100.01	28.83	0	
3	123.74	100.01	140.70	132.30	36.47	1	4	
4	140.70	132.30	150.00	150.00	19.99	0	

2	1	85.586	3
1	88.00	32.00	63.88	73.50	48.00	1	2	
2	63.88	73.50	63.09	74.87	1.59	0	
3	63.09	74.87	45.00	106.00	36.00	1	1	

2	2	0	0

2	3	150.003	3
1	88.00	32.00	88.32	80.00	48.00	0	
2	88.32	80.00	88.89	166.00	86.00	0	
3	88.89	166.00	89.00	182.00	16.01	0	

2	4	95.635	3
1	88.00	32.00	105.57	76.67	48.00	1	2	
2	105.57	76.67	115.31	101.46	26.63	0	
3	115.31	101.46	123.00	121.00	21.00	1	4	

2	5	132.231	3
1	88.00	32.00	132.29	50.51	48.00	1	2	
2	132.29	50.51	163.87	63.72	34.23	0	
3	163.87	63.72	210.00	83.00	50.00	1	5	

3	0	68.884	2
1	89.00	182.00	103.17	174.57	16.00	1	3	
2	103.17	174.57	150.00	150.00	52.88	0	

3	1	87.818	3
1	89.00	182.00	80.98	168.15	16.00	1	3	
2	80.98	168.15	63.04	137.16	35.82	0	
3	63.04	137.16	45.00	106.00	36.00	1	1	

3	2	150.003	3
1	89.00	182.00	88.89	166.00	16.01	0	
2	88.89	166.00	88.32	80.00	86.00	0	
3	88.32	80.00	88.00	32.00	48.00	0	

3	3	0	0

3	4	69.836	3
1	89.00	182.00	96.79	168.02	16.00	1	3	
2	96.79	168.02	112.78	139.34	32.84	0	
3	112.78	139.34	123.00	121.00	21.00	1	4	

3	5	156.339	3
1	89.00	182.00	101.38	171.87	16.00	1	3	
2	101.38	171.87	171.30	114.66	90.34	0	
3	171.30	114.66	210.00	83.00	50.00	1	5	

4	0	39.623	2
1	123.00	121.00	137.31	136.37	21.00	1	4	
2	137.31	136.37	150.00	150.00	18.62	0	

4	1	79.429	3
1	123.00	121.00	102.38	117.03	21.00	1	4	
2	102.38	117.03	80.35	112.80	22.43	0	
3	80.35	112.80	45.00	106.00	36.00	1	1	

4	2	95.635	3
1	123.00	121.00	115.31	101.46	21.00	1	4	
2	115.31	101.46	105.57	76.67	26.63	0	
3	105.57	76.67	88.00	32.00	48.00	1	2	

4	3	69.836	3
1	123.00	121.00	112.78	139.34	21.00	1	4	
2	112.78	139.34	96.79	168.02	32.84	0	
3	96.79	168.02	89.00	182.00	16.00	1	3	

4	4	0	0

4	5	94.937	3
1	123.00	121.00	142.24	112.59	21.00	1	4	
2	142.24	112.59	164.18	103.01	23.94	0	
3	164.18	103.01	210.00	83.00	50.00	1	5	

5	0	89.939	2
1	210.00	83.00	176.64	120.25	50.00	1	5	
2	176.64	120.25	150.00	150.00	39.94	0	

5	1	166.595	3
1	210.00	83.00	160.48	89.90	50.00	1	5	
2	160.48	89.90	80.66	101.03	80.60	0	
3	80.66	101.03	45.00	106.00	36.00	1	1	

5	2	132.231	3
1	210.00	83.00	163.87	63.72	50.00	1	5	
2	163.87	63.72	132.29	50.51	34.23	0	
3	132.29	50.51	88.00	32.00	48.00	1	2	

5	3	156.339	3
1	210.00	83.00	171.30	114.66	50.00	1	5	
2	171.30	114.66	101.38	171.87	90.34	0	
3	101.38	171.87	89.00	182.00	16.00	1	3	

5	4	94.937	3
1	210.00	83.00	164.18	103.01	50.00	1	5	
2	164.18	103.01	142.24	112.59	23.94	0	
3	142.24	112.59	123.00	121.00	21.00	1	4	

5	5	0	0
