6	35	2	0.001	120.0
150.000	150.000	0.000	8.000	0.000
157.000	13.000	38.000	5.000	1.000
191.000	239.000	15.000	4.000	1.000
73.000	291.000	24.000	9.000	2.000
294.000	104.000	16.000	9.000	3.000
92.000	178.000	44.000	7.000	7.000

0	0	0	0

0	1	137.179	2
1	150.00	150.00	155.06	50.95	99.18	0	
2	155.06	50.95	157.00	13.00	38.00	0	

0	2	97.990	2
1	150.00	150.00	184.72	225.38	82.99	0	
2	184.72	225.38	191.00	239.00	15.00	1	2	

0	3	160.655	4
1	150.00	150.00	135.94	175.74	29.33	0	
2	135.94	175.74	113.85	216.19	46.08	1	5	
3	113.85	216.19	84.50	269.94	61.24	0	
4	84.50	269.94	73.00	291.00	24.00	1	3	

0	4	151.169	2
1	150.00	150.00	278.76	108.87	135.17	0	
2	278.76	108.87	294.00	104.00	16.00	1	4	

0	5	64.405	2
1	150.00	150.00	131.62	158.87	20.40	0	
2	131.62	158.87	92.00	178.00	44.00	1	5	

1	0	137.179	2
1	157.00	13.00	155.06	50.95	38.00	0	
2	155.06	50.95	150.00	150.00	99.18	0	

1	1	0	0

1	2	228.543	3
1	157.00	13.00	162.65	50.58	38.00	1	1	
2	162.65	50.58	188.77	224.17	175.54	0	
3	188.77	224.17	191.00	239.00	15.00	1	2	

1	3	290.413	5
1	157.00	13.00	146.01	49.38	38.00	1	1	
2	146.01	49.38	117.89	142.43	97.20	0	
3	117.89	142.43	93.86	221.96	83.09	1	5	
4	93.86	221.96	79.94	268.03	48.12	0	
5	79.94	268.03	73.00	291.00	24.00	1	3	

1	4	164.469	3
1	157.00	13.00	188.65	34.03	38.00	1	1	
2	188.65	34.03	280.67	95.15	110.47	0	
3	280.67	95.15	294.00	104.00	16.00	1	4	

1	5	177.341	3
1	157.00	13.00	143.07	48.36	38.00	1	1	
2	143.07	48.36	108.13	137.06	95.34	0	
3	108.13	137.06	92.00	178.00	44.00	1	5	

2	0	97.990	2
1	191.00	239.00	184.72	225.38	15.00	1	2	
2	184.72	225.38	150.00	150.00	82.99	0	

2	1	228.543	3
1	191.00	239.00	188.77	224.17	15.00	1	2	
2	188.77	224.17	162.65	50.58	175.54	0	
3	162.65	50.58	157.00	13.00	38.00	1	1	

2	2	0	0

2	3	128.950	3
1	191.00	239.00	177.27	245.05	15.00	1	2	
2	177.27	245.05	94.96	281.32	89.95	0	
3	94.96	281.32	73.00	291.00	24.00	1	3	

2	4	169.806	3
1	191.00	239.00	200.10	227.07	15.00	1	2	
2	200.10	227.07	284.29	116.72	138.81	0	
3	284.29	116.72	294.00	104.00	16.00	1	4	

2	5	116.284	3
1	191.00	239.00	178.23	231.13	15.00	1	2	
2	178.23	231.13	129.46	201.08	57.28	0	
3	129.46	201.08	92.00	178.00	44.00	1	5	

3	0	160.655	4
1	73.00	291.00	84.50	269.94	24.00	1	3	
2	84.50	269.94	113.85	216.19	61.24	0	
3	113.85	216.19	135.94	175.74	46.08	1	5	
4	135.94	175.74	150.00	150.00	29.33	0	

3	1	290.413	5
1	73.00	291.00	79.94	268.03	24.00	1	3	
2	79.94	268.03	93.86	221.96	48.12	0	
3	93.86	221.96	117.89	142.43	83.09	1	5	
4	117.89	142.43	146.01	49.38	97.20	0	
5	146.01	49.38	157.00	13.00	38.00	1	1	

3	2	128.950	3
1	73.00	291.00	94.96	281.32	24.00	1	3	
2	94.96	281.32	177.27	245.05	89.95	0	
3	177.27	245.05	191.00	239.00	15.00	1	2	

3	3	0	0

3	4	289.500	3
1	73.00	291.00	91.32	275.50	24.00	1	3	
2	91.32	275.50	281.79	114.34	249.50	0	
3	281.79	114.34	294.00	104.00	16.00	1	4	

3	5	114.586	3
1	73.00	291.00	76.98	267.33	24.00	1	3	
2	76.98	267.33	84.70	221.39	46.59	0	
3	84.70	221.39	92.00	178.00	44.00	1	5	

4	0	151.169	2
1	294.00	104.00	278.76	108.87	16.00	1	4	
2	278.76	108.87	150.00	150.00	135.17	0	

4	1	164.469	3
1	294.00	104.00	280.67	95.15	16.00	1	4	
2	280.67	95.15	188.65	34.03	110.47	0	
3	188.65	34.03	157.00	13.00	38.00	1	1	

4	2	169.806	3
1	294.00	104.00	284.29	116.72	16.00	1	4	
2	284.29	116.72	200.10	227.07	138.81	0	
3	200.10	227.07	191.00	239.00	15.00	1	2	

4	3	289.500	3
1	294.00	104.00	281.79	114.34	16.00	1	4	
2	281.79	114.34	91.32	275.50	249.50	0	
3	91.32	275.50	73.00	291.00	24.00	1	3	

4	4	0	0

4	5	215.128	3
1	294.00	104.00	278.98	109.50	16.00	1	4	
2	278.98	109.50	133.31	162.86	155.13	0	
3	133.31	162.86	92.00	178.00	44.00	1	5	

5	0	64.405	2
1	92.00	178.00	131.62	158.87	44.00	1	5	
2	131.62	158.87	150.00	150.00	20.40	0	

5	1	177.341	3
1	92.00	178.00	108.13	137.06	44.00	1	5	
2	108.13	137.06	143.07	48.36	95.34	0	
3	143.07	48.36	157.00	13.00	38.00	1	1	

5	2	116.284	3
1	92.00	178.00	129.46	201.08	44.00	1	5	
2	129.46	201.08	178.23	231.13	57.28	0	
3	178.23	231.13	191.00	239.00	15.00	1	2	

5	3	114.586	3
1	92.00	178.00	84.70	221.39	44.00	1	5	
2	84.70	221.39	76.98	267.33	46.59	0	
3	76.98	267.33	73.00	291.00	24.00	1	3	

5	4	215.128	3
1	92.00	178.00	133.31	162.86	44.00	1	5	
2	133.31	162.86	278.98	109.50	155.13	0	
3	278.98	109.50	294.00	104.00	16.00	1	4	

5	5	0	0
