6	36	2	0.001	60.0
150.000	150.000	0.000	7.000	0.000
145.000	288.000	6.000	3.000	7.000
264.000	287.000	24.000	7.000	17.000
151.000	167.000	26.000	6.000	17.000
0.000	56.000	17.000	9.000	3.000
267.000	134.000	14.000	1.000	17.000

0	0	0	0

0	1	138.091	3
1	150.00	150.00	148.45	192.87	42.90	1	3	
2	148.45	192.87	145.22	282.01	89.19	0	
3	145.22	282.01	145.00	288.00	6.00	1	1	

0	2	178.227	3
1	150.00	150.00	174.09	178.95	37.66	1	3	
2	174.09	178.95	248.65	268.55	116.56	0	
3	248.65	268.55	264.00	287.00	24.00	1	2	

0	3	17.029	1
1	150.00	150.00	151.00	167.00	17.03	1	3	

0	4	177.020	3
1	150.00	150.00	139.73	143.57	12.11	1	3	
2	139.73	143.57	14.41	65.03	147.91	0	
3	14.41	65.03	0.00	56.00	17.00	1	4	

0	5	118.089	3
1	150.00	150.00	168.21	147.51	18.38	1	3	
2	168.21	147.51	253.13	135.90	85.71	0	
3	253.13	135.90	267.00	134.00	14.00	1	5	

1	0	138.091	3
1	145.00	288.00	145.22	282.01	6.00	1	1	
2	145.22	282.01	148.45	192.87	89.19	0	
3	148.45	192.87	150.00	150.00	42.90	1	3	

1	1	0	0

1	2	119.004	3
1	145.00	288.00	151.00	287.95	6.00	1	1	
2	151.00	287.95	240.00	287.20	89.00	0	
3	240.00	287.20	264.00	287.00	24.00	1	2	

1	3	121.149	3
1	145.00	288.00	145.30	282.01	6.00	0	
2	145.30	282.01	149.71	192.97	89.15	0	
3	149.71	192.97	151.00	167.00	26.00	0	

1	4	273.585	3
1	145.00	288.00	141.82	282.91	6.00	1	1	
2	141.82	282.91	9.01	70.42	250.59	0	
3	9.01	70.42	0.00	56.00	17.00	1	4	

1	5	196.469	3
1	145.00	288.00	148.73	283.30	6.00	1	1	
2	148.73	283.30	258.31	144.97	176.47	0	
3	258.31	144.97	267.00	134.00	14.00	1	5	

2	0	178.227	3
1	264.00	287.00	248.65	268.55	24.00	1	2	
2	248.65	268.55	174.09	178.95	116.56	0	
3	174.09	178.95	150.00	150.00	37.66	1	3	

2	1	119.004	3
1	264.00	287.00	240.00	287.20	24.00	1	2	
2	240.00	287.20	151.00	287.95	89.00	0	
3	151.00	287.95	145.00	288.00	6.00	1	1	

2	2	0	0

2	3	164.830	3
1	264.00	287.00	247.55	269.53	24.00	1	2	
2	247.55	269.53	168.82	185.93	114.83	0	
3	168.82	185.93	151.00	167.00	26.00	1	3	

2	4	350.795	5
1	264.00	287.00	245.94	271.20	24.00	1	2	
2	245.94	271.20	156.01	192.51	119.49	0	
3	156.01	192.51	125.05	165.42	41.15	1	3	
4	125.05	165.42	12.79	67.19	149.16	0	
5	12.79	67.19	0.00	56.00	17.00	1	4	

2	5	153.029	3
1	264.00	287.00	264.47	263.00	24.00	1	2	
2	264.47	263.00	266.73	148.00	115.03	0	
3	266.73	148.00	267.00	134.00	14.00	0	

3	0	17.029	1
1	151.00	167.00	150.00	150.00	17.03	1	3	

3	1	121.149	3
1	151.00	167.00	149.71	192.97	26.00	0	
2	149.71	192.97	145.30	282.01	89.15	0	
3	145.30	282.01	145.00	288.00	6.00	0	

3	2	164.830	3
1	151.00	167.00	168.82	185.93	26.00	1	3	
2	168.82	185.93	247.55	269.53	114.83	0	
3	247.55	269.53	264.00	287.00	24.00	1	2	

3	3	0	0

3	4	187.409	3
1	151.00	167.00	130.05	151.60	26.00	1	3	
2	130.05	151.60	13.70	66.07	144.41	0	
3	13.70	66.07	0.00	56.00	17.00	1	4	

3	5	120.603	3
1	151.00	167.00	176.01	159.89	26.00	1	3	
2	176.01	159.89	253.53	137.83	80.60	0	
3	253.53	137.83	267.00	134.00	14.00	1	5	

4	0	177.020	3
1	0.00	56.00	14.41	65.03	17.00	1	4	
2	14.41	65.03	139.73	143.57	147.91	0	
3	139.73	143.57	150.00	150.00	12.11	1	3	

4	1	273.585	3
1	0.00	56.00	9.01	70.42	17.00	1	4	
2	9.01	70.42	141.82	282.91	250.59	0	
3	141.82	282.91	145.00	288.00	6.00	1	1	

4	2	350.795	5
1	0.00	56.00	12.79	67.19	17.00	1	4	
2	12.79	67.19	125.05	165.42	149.16	0	
3	125.05	165.42	156.01	192.51	41.15	1	3	
4	156.01	192.51	245.94	271.20	119.49	0	
5	245.94	271.20	264.00	287.00	24.00	1	2	

4	3	187.409	3
1	0.00	56.00	13.70	66.07	17.00	1	4	
2	13.70	66.07	130.05	151.60	144.41	0	
3	130.05	151.60	151.00	167.00	26.00	1	3	

4	4	0	0

4	5	278.160	3
1	0.00	56.00	16.32	60.77	17.00	1	4	
2	16.32	60.77	253.56	130.07	247.16	0	
3	253.56	130.07	267.00	134.00	14.00	1	5	

5	0	118.089	3
1	267.00	134.00	253.13	135.90	14.00	1	5	
2	253.13	135.90	168.21	147.51	85.71	0	
3	168.21	147.51	150.00	150.00	18.38	1	3	

5	1	196.469	3
1	267.00	134.00	258.31	144.97	14.00	1	5	
2	258.31	144.97	148.73	283.30	176.47	0	
3	148.73	283.30	145.00	288.00	6.00	1	1	

5	2	153.029	3
1	267.00	134.00	266.73	148.00	14.00	0	
2	266.73	148.00	264.47	263.00	115.03	0	
3	264.47	263.00	264.00	287.00	24.00	1	2	

5	3	120.603	3
1	267.00	134.00	253.53	137.83	14.00	1	5	
2	253.53	137.83	176.01	159.89	80.60	0	
3	176.01	159.89	151.00	167.00	26.00	1	3	

5	4	278.160	3
1	267.00	134.00	253.56	130.07	14.00	1	5	
2	253.56	130.07	16.32	60.77	247.16	0	
3	16.32	60.77	0.00	56.00	17.00	1	4	

5	5	0	0
