6	45	2	0.001	30.0
150.000	150.000	0.000	5.000	0.000
22.000	244.000	17.000	8.000	18.000
68.000	231.000	44.000	5.000	12.000
75.000	243.000	27.000	9.000	19.000
162.000	19.000	38.000	4.000	14.000
286.000	299.000	11.000	3.000	9.000
 


0	0	0	0

0	1	158.808	4
1	150.00	150.00	90.88	193.42	73.35	0	
2	90.88	193.42	35.70	233.94	68.46	1	2	
3	35.70	233.94	25.29	241.58	12.92	2	1	2	
4	25.29	241.58	22.00	244.00	4.08	1	1	

0	2	115.261	3
1	150.00	150.00	99.30	200.08	71.26	0	
2	99.30	200.08	82.20	216.98	24.05	1	2	
3	82.20	216.98	68.00	231.00	19.95	2	2	3	

0	3	119.474	3
1	150.00	150.00	104.50	206.42	72.49	0	
2	104.50	206.42	91.95	221.98	19.99	1	2	
3	91.95	221.98	75.00	243.00	27.00	2	2	3	

0	4	131.548	2
1	150.00	150.00	158.53	56.84	93.55	0	
2	158.53	56.84	162.00	19.00	38.00	1	4	

0	5	201.735	2
1	150.00	150.00	278.58	290.88	190.73	0	
2	278.58	290.88	286.00	299.00	11.00	1	5	

1	0	158.808	4
1	22.00	244.00	25.29	241.58	4.08	1	1	
2	25.29	241.58	35.70	233.94	12.92	2	1	2	
3	35.70	233.94	90.88	193.42	68.46	1	2	
4	90.88	193.42	150.00	150.00	73.35	0	

1	1	0	0

1	2	47.802	4
1	22.00	244.00	25.66	242.97	3.80	1	1	
2	25.66	242.97	38.36	239.38	13.20	2	1	2	
3	38.36	239.38	48.81	236.42	10.86	1	2	
4	48.81	236.42	68.00	231.00	19.94	2	2	3	

1	3	53.009	4
1	22.00	244.00	25.94	243.93	3.94	1	1	
2	25.94	243.93	39.00	243.68	13.06	2	1	2	
3	39.00	243.68	48.00	243.51	9.01	1	2	
4	48.00	243.51	75.00	243.00	27.00	2	2	3	

1	4	265.000	5
1	22.00	244.00	24.82	239.46	5.34	1	1	
2	24.82	239.46	30.98	229.57	11.66	2	1	2	
3	30.98	229.57	56.52	188.52	48.34	1	2	
4	56.52	188.52	141.92	51.26	161.66	0	
5	141.92	51.26	162.00	19.00	38.00	1	4	

1	5	269.668	7
1	22.00	244.00	26.25	244.89	4.34	1	1	
2	26.25	244.89	38.64	247.47	12.66	2	1	2	
3	38.64	247.47	48.82	249.59	10.39	1	2	
4	48.82	249.59	96.38	259.49	48.58	2	2	3	
5	96.38	259.49	100.73	260.40	4.45	1	2	
6	100.73	260.40	275.23	296.76	178.24	0	
7	275.23	296.76	286.00	299.00	11.00	1	5	

2	0	115.261	3
1	68.00	231.00	82.20	216.98	19.95	2	2	3	
2	82.20	216.98	99.30	200.08	24.05	1	2	
3	99.30	200.08	150.00	150.00	71.26	0	

2	1	47.802	4
1	68.00	231.00	48.81	236.42	19.94	2	2	3	
2	48.81	236.42	38.36	239.38	10.86	1	2	
3	38.36	239.38	25.66	242.97	13.20	2	1	2	
4	25.66	242.97	22.00	244.00	3.80	1	1	

2	2	0	0

2	3	13.892	1
1	68.00	231.00	75.00	243.00	13.89	2	2	3	

2	4	231.905	4
1	68.00	231.00	74.65	216.00	16.41	2	2	3	
2	74.65	216.00	85.83	190.78	27.59	1	2	
3	85.83	190.78	146.60	53.74	149.91	0	
4	146.60	53.74	162.00	19.00	38.00	1	4	

2	5	228.359	4
1	68.00	231.00	101.96	241.59	35.58	2	2	3	
2	101.96	241.59	110.00	244.10	8.42	1	2	
3	110.00	244.10	275.50	295.72	173.36	0	
4	275.50	295.72	286.00	299.00	11.00	1	5	

3	0	119.474	3
1	75.00	243.00	91.95	221.98	27.00	2	2	3	
2	91.95	221.98	104.50	206.42	19.99	1	2	
3	104.50	206.42	150.00	150.00	72.49	0	

3	1	53.009	4
1	75.00	243.00	48.00	243.51	27.00	2	2	3	
2	48.00	243.51	39.00	243.68	9.01	1	2	
3	39.00	243.68	25.94	243.93	13.06	2	1	2	
4	25.94	243.93	22.00	244.00	3.94	1	1	

3	2	13.892	1
1	75.00	243.00	68.00	231.00	13.89	2	2	3	

3	3	0	0

3	4	240.302	4
1	75.00	243.00	84.78	217.83	27.00	2	2	3	
2	84.78	217.83	93.57	195.19	24.29	1	2	
3	93.57	195.19	148.24	54.42	151.01	0	
4	148.24	54.42	162.00	19.00	38.00	1	4	

3	5	218.305	4
1	75.00	243.00	101.10	249.93	27.00	2	2	3	
2	101.10	249.93	106.94	251.48	6.05	1	2	
3	106.94	251.48	275.37	296.18	174.25	0	
4	275.37	296.18	286.00	299.00	11.00	1	5	

4	0	131.548	2
1	162.00	19.00	158.53	56.84	38.00	1	4	
2	158.53	56.84	150.00	150.00	93.55	0	

4	1	265.000	5
1	162.00	19.00	141.92	51.26	38.00	1	4	
2	141.92	51.26	56.52	188.52	161.66	0	
3	56.52	188.52	30.98	229.57	48.34	1	2	
4	30.98	229.57	24.82	239.46	11.66	2	1	2	
5	24.82	239.46	22.00	244.00	5.34	1	1	

4	2	231.905	4
1	162.00	19.00	146.60	53.74	38.00	1	4	
2	146.60	53.74	85.83	190.78	149.91	0	
3	85.83	190.78	74.65	216.00	27.59	1	2	
4	74.65	216.00	68.00	231.00	16.41	2	2	3	

4	3	240.302	4
1	162.00	19.00	148.24	54.42	38.00	1	4	
2	148.24	54.42	93.57	195.19	151.01	0	
3	93.57	195.19	84.78	217.83	24.29	1	2	
4	84.78	217.83	75.00	243.00	27.00	2	2	3	

4	4	0	0

4	5	306.229	3
1	162.00	19.00	177.39	53.75	38.00	1	4	
2	177.39	53.75	281.55	288.94	257.23	0	
3	281.55	288.94	286.00	299.00	11.00	1	5	

5	0	201.735	2
1	286.00	299.00	278.58	290.88	11.00	1	5	
2	278.58	290.88	150.00	150.00	190.73	0	

5	1	269.668	7
1	286.00	299.00	275.23	296.76	11.00	1	5	
2	275.23	296.76	100.73	260.40	178.24	0	
3	100.73	260.40	96.38	259.49	4.45	1	2	
4	96.38	259.49	48.82	249.59	48.58	2	2	3	
5	48.82	249.59	38.64	247.47	10.39	1	2	
6	38.64	247.47	26.25	244.89	12.66	2	1	2	
7	26.25	244.89	22.00	244.00	4.34	1	1	

5	2	228.359	4
1	286.00	299.00	275.50	295.72	11.00	1	5	
2	275.50	295.72	110.00	244.10	173.36	0	
3	110.00	244.10	101.96	241.59	8.42	1	2	
4	101.96	241.59	68.00	231.00	35.58	2	2	3	

5	3	218.305	4
1	286.00	299.00	275.37	296.18	11.00	1	5	
2	275.37	296.18	106.94	251.48	174.25	0	
3	106.94	251.48	101.10	249.93	6.05	1	2	
4	101.10	249.93	75.00	243.00	27.00	2	2	3	

5	4	306.229	3
1	286.00	299.00	281.55	288.94	11.00	1	5	
2	281.55	288.94	177.39	53.75	257.23	0	
3	177.39	53.75	162.00	19.00	38.00	1	4	

5	5	0	0
