6	41	2	0.001	15.0
150.000	150.000	0.000	1.000	0.000
168.000	276.000	5.000	8.000	4.000
152.000	161.000	25.000	5.000	17.000
71.000	222.000	13.000	8.000	20.000
172.000	250.000	42.000	1.000	13.000
7.000	280.000	7.000	1.000	14.000
 


0	0	0	0

0	1	127.279	4
1	150.00	150.00	155.12	185.81	36.17	1	2	
2	155.12	185.81	158.60	210.20	24.64	0	
3	158.60	210.20	167.29	271.05	61.47	1	4	
4	167.29	271.05	168.00	276.00	5.00	2	1	4	

0	2	11.180	1
1	150.00	150.00	152.00	161.00	11.18	1	2	

0	3	106.888	3
1	150.00	150.00	128.52	169.58	29.07	1	2	
2	128.52	169.58	80.61	213.24	64.82	0	
3	80.61	213.24	71.00	222.00	13.00	1	3	

0	4	102.391	3
1	150.00	150.00	157.77	185.32	36.17	1	2	
2	157.77	185.32	162.98	208.98	24.22	0	
3	162.98	208.98	172.00	250.00	42.00	1	4	

0	5	193.259	5
1	150.00	150.00	128.50	169.54	29.05	1	2	
2	128.50	169.54	80.53	213.16	64.84	0	
3	80.53	213.16	61.29	230.64	26.00	1	3	
4	61.29	230.64	12.18	275.29	66.37	0	
5	12.18	275.29	7.00	280.00	7.00	1	5	

1	0	127.279	4
1	168.00	276.00	167.29	271.05	5.00	2	1	4	
2	167.29	271.05	158.60	210.20	61.47	1	4	
3	158.60	210.20	155.12	185.81	24.64	0	
4	155.12	185.81	150.00	150.00	36.17	1	2	

1	1	0	0

1	2	116.108	4
1	168.00	276.00	167.31	271.05	5.00	2	1	4	
2	167.31	271.05	158.83	210.12	61.52	1	4	
3	158.83	210.12	155.45	185.76	24.59	0	
4	155.45	185.76	152.00	161.00	25.00	0	

1	3	111.018	4
1	168.00	276.00	163.63	273.57	5.00	2	1	4	
2	163.63	273.57	130.30	255.01	38.15	1	4	
3	130.30	255.01	82.36	228.32	54.87	0	
4	82.36	228.32	71.00	222.00	13.00	1	3	

1	4	26.306	2
1	168.00	276.00	168.76	271.06	5.00	2	1	4	
2	168.76	271.06	172.00	250.00	21.31	1	4	

1	5	161.050	4
1	168.00	276.00	163.00	276.12	5.00	2	1	4	
2	163.00	276.12	139.58	276.71	23.42	1	4	
3	139.58	276.71	14.00	279.83	125.63	0	
4	14.00	279.83	7.00	280.00	7.00	1	5	

2	0	11.180	1
1	152.00	161.00	150.00	150.00	11.18	1	2	

2	1	116.108	4
1	152.00	161.00	155.45	185.76	25.00	0	
2	155.45	185.76	158.83	210.12	24.59	0	
3	158.83	210.12	167.31	271.05	61.52	1	4	
4	167.31	271.05	168.00	276.00	5.00	2	1	4	

2	2	0	0

2	3	101.400	3
1	152.00	161.00	132.03	176.04	25.00	1	2	
2	132.03	176.04	81.38	214.18	63.40	0	
3	81.38	214.18	71.00	222.00	13.00	1	3	

2	4	91.220	3
1	152.00	161.00	157.48	185.39	25.00	1	2	
2	157.48	185.39	162.79	209.02	24.22	0	
3	162.79	209.02	172.00	250.00	42.00	0	

2	5	187.579	5
1	152.00	161.00	132.67	176.86	25.00	1	2	
2	132.67	176.86	83.19	217.47	64.02	0	
3	83.19	217.47	64.18	233.07	24.58	1	3	
4	64.18	233.07	12.41	275.56	66.98	0	
5	12.41	275.56	7.00	280.00	7.00	1	5	

3	0	106.888	3
1	71.00	222.00	80.61	213.24	13.00	1	3	
2	80.61	213.24	128.52	169.58	64.82	0	
3	128.52	169.58	150.00	150.00	29.07	1	2	

3	1	111.018	4
1	71.00	222.00	82.36	228.32	13.00	1	3	
2	82.36	228.32	130.30	255.01	54.87	0	
3	130.30	255.01	163.63	273.57	38.15	1	4	
4	163.63	273.57	168.00	276.00	5.00	2	1	4	

3	2	101.400	3
1	71.00	222.00	81.38	214.18	13.00	1	3	
2	81.38	214.18	132.03	176.04	63.40	0	
3	132.03	176.04	152.00	161.00	25.00	1	2	

3	3	0	0

3	4	104.809	3
1	71.00	222.00	83.53	225.47	13.00	1	3	
2	83.53	225.47	131.53	238.78	49.81	0	
3	131.53	238.78	172.00	250.00	42.00	1	4	

3	5	86.371	3
1	71.00	222.00	61.37	230.73	13.00	1	3	
2	61.37	230.73	12.19	275.30	66.37	0	
3	12.19	275.30	7.00	280.00	7.00	1	5	

4	0	102.391	3
1	172.00	250.00	162.98	208.98	42.00	1	4	
2	162.98	208.98	157.77	185.32	24.22	0	
3	157.77	185.32	150.00	150.00	36.17	1	2	

4	1	26.306	2
1	172.00	250.00	168.76	271.06	21.31	1	4	
2	168.76	271.06	168.00	276.00	5.00	2	1	4	

4	2	91.220	3
1	172.00	250.00	162.79	209.02	42.00	0	
2	162.79	209.02	157.48	185.39	24.22	0	
3	157.48	185.39	152.00	161.00	25.00	1	2	

4	3	104.809	3
1	172.00	250.00	131.53	238.78	42.00	1	4	
2	131.53	238.78	83.53	225.47	49.81	0	
3	83.53	225.47	71.00	222.00	13.00	1	3	

4	4	0	0

4	5	167.705	3
1	172.00	250.00	130.68	257.51	42.00	1	4	
2	130.68	257.51	13.89	278.75	118.71	0	
3	13.89	278.75	7.00	280.00	7.00	1	5	

5	0	193.259	5
1	7.00	280.00	12.18	275.29	7.00	1	5	
2	12.18	275.29	61.29	230.64	66.37	0	
3	61.29	230.64	80.53	213.16	26.00	1	3	
4	80.53	213.16	128.50	169.54	64.84	0	
5	128.50	169.54	150.00	150.00	29.05	1	2	

5	1	161.050	4
1	7.00	280.00	14.00	279.83	7.00	1	5	
2	14.00	279.83	139.58	276.71	125.63	0	
3	139.58	276.71	163.00	276.12	23.42	1	4	
4	163.00	276.12	168.00	276.00	5.00	2	1	4	

5	2	187.579	5
1	7.00	280.00	12.41	275.56	7.00	1	5	
2	12.41	275.56	64.18	233.07	66.98	0	
3	64.18	233.07	83.19	217.47	24.58	1	3	
4	83.19	217.47	132.67	176.86	64.02	0	
5	132.67	176.86	152.00	161.00	25.00	1	2	

5	3	86.371	3
1	7.00	280.00	12.19	275.30	7.00	1	5	
2	12.19	275.30	61.37	230.73	66.37	0	
3	61.37	230.73	71.00	222.00	13.00	1	3	

5	4	167.705	3
1	7.00	280.00	13.89	278.75	7.00	1	5	
2	13.89	278.75	130.68	257.51	118.71	0	
3	130.68	257.51	172.00	250.00	42.00	1	4	

5	5	0	0
