8	80	2	0.001	70.0
150.000	150.000	0.000	2.000	0.000
119.000	186.000	36.000	9.000	9.000
271.000	44.000	30.000	7.000	7.000
190.000	211.000	34.000	8.000	10.000
178.000	227.000	20.000	6.000	13.000
117.000	5.000	39.000	6.000	8.000
87.000	283.000	34.000	5.000	1.000
132.000	260.000	9.000	7.000	8.000
 


0	0	0	0

0	1	47.508	2
1	150.00	150.00	142.49	158.72	11.51	0	
2	142.49	158.72	119.00	186.00	36.00	1	1	

0	2	160.863	2
1	150.00	150.00	248.43	63.77	130.86	0	
2	248.43	63.77	271.00	44.00	30.00	1	2	

0	3	72.945	2
1	150.00	150.00	171.36	182.57	38.95	0	
2	171.36	182.57	190.00	211.00	34.00	1	3	

0	4	81.933	3
1	150.00	150.00	164.15	188.91	41.41	0	
2	164.15	188.91	171.17	208.20	20.53	1	3	
3	171.17	208.20	178.00	227.00	20.00	2	3	4	

0	5	148.708	2
1	150.00	150.00	125.65	43.03	109.71	0	
2	125.65	43.03	117.00	5.00	39.00	0	

0	6	147.167	4
1	150.00	150.00	144.83	160.92	12.08	0	
2	144.83	160.92	115.96	221.87	67.44	1	1	
3	115.96	221.87	101.55	252.27	33.64	0	
4	101.55	252.27	87.00	283.00	34.00	1	6	

0	7	111.463	4
1	150.00	150.00	147.67	164.23	14.42	0	
2	147.67	164.23	139.24	215.77	52.23	1	1	
3	139.24	215.77	133.45	251.12	35.81	0	
4	133.45	251.12	132.00	260.00	9.00	1	7	

1	0	47.508	2
1	119.00	186.00	142.49	158.72	36.00	1	1	
2	142.49	158.72	150.00	150.00	11.51	0	

1	1	0	0

1	2	208.010	3
1	119.00	186.00	145.31	161.42	36.00	1	1	
2	145.31	161.42	249.08	64.48	142.01	0	
3	249.08	64.48	271.00	44.00	30.00	1	2	

1	3	75.273	4
1	119.00	186.00	152.96	197.96	36.00	1	1	
2	152.96	197.96	157.93	199.71	5.27	0	
3	157.93	199.71	178.67	207.01	21.99	1	3	
4	178.67	207.01	190.00	211.00	12.01	2	3	4	

1	4	71.847	4
1	119.00	186.00	148.56	206.54	36.00	1	1	
2	148.56	206.54	156.01	211.72	9.07	0	
3	156.01	211.72	161.58	215.59	6.78	1	3	
4	161.58	215.59	178.00	227.00	20.00	2	3	4	

1	5	181.011	3
1	119.00	186.00	118.60	150.00	36.00	0	
2	118.60	150.00	117.43	44.00	106.01	0	
3	117.43	44.00	117.00	5.00	39.00	1	5	

1	6	102.142	3
1	119.00	186.00	107.72	220.19	36.00	1	1	
2	107.72	220.19	97.65	250.71	32.14	0	
3	97.65	250.71	87.00	283.00	34.00	1	6	

1	7	75.133	3
1	119.00	186.00	125.23	221.46	36.00	1	1	
2	125.23	221.46	130.44	251.14	30.13	0	
3	130.44	251.14	132.00	260.00	9.00	1	7	

2	0	160.863	2
1	271.00	44.00	248.43	63.77	30.00	1	2	
2	248.43	63.77	150.00	150.00	130.86	0	

2	1	208.010	3
1	271.00	44.00	249.08	64.48	30.00	1	2	
2	249.08	64.48	145.31	161.42	142.01	0	
3	145.31	161.42	119.00	186.00	36.00	1	1	

2	2	0	0

2	3	185.607	3
1	271.00	44.00	257.91	70.99	30.00	1	2	
2	257.91	70.99	204.84	180.41	121.61	0	
3	204.84	180.41	190.00	211.00	34.00	1	3	

2	4	205.275	4
1	271.00	44.00	257.41	70.74	30.00	1	2	
2	257.41	70.74	202.25	179.28	121.75	0	
3	202.25	179.28	187.06	209.17	33.53	1	3	
4	187.06	209.17	178.00	227.00	20.00	2	3	4	

2	5	158.862	3
1	271.00	44.00	241.92	36.64	30.00	1	2	
2	241.92	36.64	154.81	14.57	89.86	0	
3	154.81	14.57	117.00	5.00	39.00	1	5	

2	6	301.624	5
1	271.00	44.00	252.70	67.77	30.00	1	2	
2	252.70	67.77	153.33	196.85	162.90	0	
3	153.33	196.85	138.26	216.41	24.69	1	1	
4	138.26	216.41	107.74	256.06	50.04	0	
5	107.74	256.06	87.00	283.00	34.00	1	6	

2	7	256.860	5
1	271.00	44.00	254.77	69.23	30.00	1	2	
2	254.77	69.23	185.19	177.34	128.57	0	
3	185.19	177.34	157.37	220.57	51.40	1	3	
4	157.37	220.57	136.87	252.43	37.89	0	
5	136.87	252.43	132.00	260.00	9.00	1	7	

3	0	72.945	2
1	190.00	211.00	171.36	182.57	34.00	1	3	
2	171.36	182.57	150.00	150.00	38.95	0	

3	1	75.273	4
1	190.00	211.00	178.67	207.01	12.01	2	3	4	
2	178.67	207.01	157.93	199.71	21.99	1	3	
3	157.93	199.71	152.96	197.96	5.27	0	
4	152.96	197.96	119.00	186.00	36.00	1	1	

3	2	185.607	3
1	190.00	211.00	204.84	180.41	34.00	1	3	
2	204.84	180.41	257.91	70.99	121.61	0	
3	257.91	70.99	271.00	44.00	30.00	1	2	

3	3	0	0

3	4	20.000	1
1	190.00	211.00	178.00	227.00	20.00	2	3	4	

3	5	218.552	3
1	190.00	211.00	178.64	178.95	34.00	1	3	
2	178.64	178.95	130.03	41.76	145.55	0	
3	130.03	41.76	117.00	5.00	39.00	1	5	

3	6	125.670	6
1	190.00	211.00	162.13	230.48	34.00	2	3	4	
2	162.13	230.48	158.85	232.77	4.00	1	4	
3	158.85	232.77	132.73	251.03	31.86	0	
4	132.73	251.03	123.32	257.61	11.48	1	7	
5	123.32	257.61	114.87	263.52	10.32	0	
6	114.87	263.52	87.00	283.00	34.00	1	6	

3	7	75.928	4
1	190.00	211.00	164.03	232.94	34.00	2	3	4	
2	164.03	232.94	160.22	236.16	4.98	1	4	
3	160.22	236.16	138.88	254.19	27.94	0	
4	138.88	254.19	132.00	260.00	9.00	1	7	

4	0	81.933	3
1	178.00	227.00	171.17	208.20	20.00	2	3	4	
2	171.17	208.20	164.15	188.91	20.53	1	3	
3	164.15	188.91	150.00	150.00	41.41	0	

4	1	71.847	4
1	178.00	227.00	161.58	215.59	20.00	2	3	4	
2	161.58	215.59	156.01	211.72	6.78	1	3	
3	156.01	211.72	148.56	206.54	9.07	0	
4	148.56	206.54	119.00	186.00	36.00	1	1	

4	2	205.275	4
1	178.00	227.00	187.06	209.17	20.00	2	3	4	
2	187.06	209.17	202.25	179.28	33.53	1	3	
3	202.25	179.28	257.41	70.74	121.75	0	
4	257.41	70.74	271.00	44.00	30.00	1	2	

4	3	20.000	1
1	178.00	227.00	190.00	211.00	20.00	2	3	4	

4	4	0	0

4	5	230.228	4
1	178.00	227.00	172.70	207.71	20.00	2	3	4	
2	172.70	207.71	166.78	186.16	22.35	1	3	
3	166.78	186.16	127.33	42.61	148.88	0	
4	127.33	42.61	117.00	5.00	39.00	1	5	

4	6	106.850	6
1	178.00	227.00	165.57	234.65	14.59	2	3	4	
2	165.57	234.65	160.97	237.48	5.41	1	4	
3	160.97	237.48	136.77	252.37	28.41	0	
4	136.77	252.37	123.04	260.82	16.13	1	7	
5	123.04	260.82	115.96	265.18	8.31	0	
6	115.96	265.18	87.00	283.00	34.00	1	6	

4	7	56.613	4
1	178.00	227.00	166.31	235.39	14.39	2	3	4	
2	166.31	235.39	161.75	238.66	5.61	1	4	
3	161.75	238.66	139.31	254.75	27.61	0	
4	139.31	254.75	132.00	260.00	9.00	1	7	

5	0	148.708	2
1	117.00	5.00	125.65	43.03	39.00	0	
2	125.65	43.03	150.00	150.00	109.71	0	

5	1	181.011	3
1	117.00	5.00	117.43	44.00	39.00	1	5	
2	117.43	44.00	118.60	150.00	106.01	0	
3	118.60	150.00	119.00	186.00	36.00	0	

5	2	158.862	3
1	117.00	5.00	154.81	14.57	39.00	1	5	
2	154.81	14.57	241.92	36.64	89.86	0	
3	241.92	36.64	271.00	44.00	30.00	1	2	

5	3	218.552	3
1	117.00	5.00	130.03	41.76	39.00	1	5	
2	130.03	41.76	178.64	178.95	145.55	0	
3	178.64	178.95	190.00	211.00	34.00	1	3	

5	4	230.228	4
1	117.00	5.00	127.33	42.61	39.00	1	5	
2	127.33	42.61	166.78	186.16	148.88	0	
3	166.78	186.16	172.70	207.71	22.35	1	3	
4	172.70	207.71	178.00	227.00	20.00	2	3	4	

5	5	0	0

5	6	279.614	5
1	117.00	5.00	112.82	43.77	39.00	1	5	
2	112.82	43.77	100.82	154.93	111.80	0	
3	100.82	154.93	94.61	212.48	57.89	1	1	
4	94.61	212.48	90.65	249.20	36.93	0	
5	90.65	249.20	87.00	283.00	34.00	0	

5	7	255.441	5
1	117.00	5.00	119.29	43.93	39.00	0	
2	119.29	43.93	125.56	150.60	106.85	0	
3	125.56	150.60	129.67	220.38	69.90	0	
4	129.67	220.38	131.47	251.02	30.69	0	
5	131.47	251.02	132.00	260.00	9.00	1	7	

6	0	147.167	4
1	87.00	283.00	101.55	252.27	34.00	1	6	
2	101.55	252.27	115.96	221.87	33.64	0	
3	115.96	221.87	144.83	160.92	67.44	1	1	
4	144.83	160.92	150.00	150.00	12.08	0	

6	1	102.142	3
1	87.00	283.00	97.65	250.71	34.00	1	6	
2	97.65	250.71	107.72	220.19	32.14	0	
3	107.72	220.19	119.00	186.00	36.00	1	1	

6	2	301.624	5
1	87.00	283.00	107.74	256.06	34.00	1	6	
2	107.74	256.06	138.26	216.41	50.04	0	
3	138.26	216.41	153.33	196.85	24.69	1	1	
4	153.33	196.85	252.70	67.77	162.90	0	
5	252.70	67.77	271.00	44.00	30.00	1	2	

6	3	125.670	6
1	87.00	283.00	114.87	263.52	34.00	1	6	
2	114.87	263.52	123.32	257.61	10.32	0	
3	123.32	257.61	132.73	251.03	11.48	1	7	
4	132.73	251.03	158.85	232.77	31.86	0	
5	158.85	232.77	162.13	230.48	4.00	1	4	
6	162.13	230.48	190.00	211.00	34.00	2	3	4	

6	4	106.850	6
1	87.00	283.00	115.96	265.18	34.00	1	6	
2	115.96	265.18	123.04	260.82	8.31	0	
3	123.04	260.82	136.77	252.37	16.13	1	7	
4	136.77	252.37	160.97	237.48	28.41	0	
5	160.97	237.48	165.57	234.65	5.41	1	4	
6	165.57	234.65	178.00	227.00	14.59	2	3	4	

6	5	279.614	5
1	87.00	283.00	90.65	249.20	34.00	0	
2	90.65	249.20	94.61	212.48	36.93	0	
3	94.61	212.48	100.82	154.93	57.89	1	1	
4	100.82	154.93	112.82	43.77	111.80	0	
5	112.82	43.77	117.00	5.00	39.00	1	5	

6	6	0	0

6	7	50.537	3
1	87.00	283.00	117.27	267.53	34.00	1	6	
2	117.27	267.53	123.99	264.10	7.54	0	
3	123.99	264.10	132.00	260.00	9.00	1	7	

7	0	111.463	4
1	132.00	260.00	133.45	251.12	9.00	1	7	
2	133.45	251.12	139.24	215.77	35.81	0	
3	139.24	215.77	147.67	164.23	52.23	1	1	
4	147.67	164.23	150.00	150.00	14.42	0	

7	1	75.133	3
1	132.00	260.00	130.44	251.14	9.00	1	7	
2	130.44	251.14	125.23	221.46	30.13	0	
3	125.23	221.46	119.00	186.00	36.00	1	1	

7	2	256.860	5
1	132.00	260.00	136.87	252.43	9.00	1	7	
2	136.87	252.43	157.37	220.57	37.89	0	
3	157.37	220.57	185.19	177.34	51.40	1	3	
4	185.19	177.34	254.77	69.23	128.57	0	
5	254.77	69.23	271.00	44.00	30.00	1	2	

7	3	75.928	4
1	132.00	260.00	138.88	254.19	9.00	1	7	
2	138.88	254.19	160.22	236.16	27.94	0	
3	160.22	236.16	164.03	232.94	4.98	1	4	
4	164.03	232.94	190.00	211.00	34.00	2	3	4	

7	4	56.613	4
1	132.00	260.00	139.31	254.75	9.00	1	7	
2	139.31	254.75	161.75	238.66	27.61	0	
3	161.75	238.66	166.31	235.39	5.61	1	4	
4	166.31	235.39	178.00	227.00	14.39	2	3	4	

7	5	255.441	5
1	132.00	260.00	131.47	251.02	9.00	1	7	
2	131.47	251.02	129.67	220.38	30.69	0	
3	129.67	220.38	125.56	150.60	69.90	0	
4	125.56	150.60	119.29	43.93	106.85	0	
5	119.29	43.93	117.00	5.00	39.00	0	

7	6	50.537	3
1	132.00	260.00	123.99	264.10	9.00	1	7	
2	123.99	264.10	117.27	267.53	7.54	0	
3	117.27	267.53	87.00	283.00	34.00	1	6	

7	7	0	0
