8	95	2	0.001	35.0
150.000	150.000	0.000	2.000	0.000
12.000	154.000	15.000	2.000	1.000
66.000	108.000	7.000	7.000	9.000
72.000	171.000	49.000	4.000	20.000
296.000	271.000	27.000	8.000	13.000
89.000	165.000	45.000	1.000	9.000
198.000	11.000	4.000	1.000	9.000
69.000	146.000	12.000	3.000	14.000
 


0	0	0	0

0	1	138.058	8
1	150.00	150.00	131.61	150.53	18.40	0	
2	131.61	150.53	116.72	150.96	14.90	1	5	
3	116.72	150.96	79.36	152.05	37.37	2	3	5	
4	79.36	152.05	59.00	152.64	20.37	3	3	5	7	
5	59.00	152.64	45.62	153.03	13.39	2	3	5	
6	45.62	153.03	26.99	153.57	18.64	1	3	
7	26.99	153.57	26.20	153.59	0.80	2	1	3	
8	26.20	153.59	12.00	154.00	14.20	1	1	

0	2	93.915	4
1	150.00	150.00	124.38	137.19	28.65	0	
2	124.38	137.19	90.02	120.01	38.41	1	5	
3	90.02	120.01	72.26	111.13	19.86	0	
4	72.26	111.13	66.00	108.00	7.00	1	2	

0	3	80.777	3
1	150.00	150.00	132.79	154.63	17.82	0	
2	132.79	154.63	119.32	158.26	13.95	1	5	
3	119.32	158.26	72.00	171.00	49.00	2	3	5	

0	4	189.623	2
1	150.00	150.00	275.21	253.77	162.62	0	
2	275.21	253.77	296.00	271.00	27.00	1	4	

0	5	62.817	3
1	150.00	150.00	132.70	154.25	17.82	0	
2	132.70	154.25	119.13	157.59	13.97	1	5	
3	119.13	157.59	89.00	165.00	31.03	2	3	5	

0	6	147.054	2
1	150.00	150.00	196.69	14.78	143.05	0	
2	196.69	14.78	198.00	11.00	4.00	1	6	

0	7	81.099	4
1	150.00	150.00	131.08	149.07	18.94	0	
2	131.08	149.07	115.42	148.29	15.68	1	5	
3	115.42	148.29	80.99	146.59	34.48	2	3	5	
4	80.99	146.59	69.00	146.00	12.00	3	3	5	7	

1	0	138.058	8
1	12.00	154.00	26.20	153.59	14.20	1	1	
2	26.20	153.59	26.99	153.57	0.80	2	1	3	
3	26.99	153.57	45.62	153.03	18.64	1	3	
4	45.62	153.03	59.00	152.64	13.39	2	3	5	
5	59.00	152.64	79.36	152.05	20.37	3	3	5	7	
6	79.36	152.05	116.72	150.96	37.37	2	3	5	
7	116.72	150.96	131.61	150.53	14.90	1	5	
8	131.61	150.53	150.00	150.00	18.40	0	

1	1	0	0

1	2	70.937	3
1	12.00	154.00	23.42	144.27	15.00	1	1	
2	23.42	144.27	60.67	112.54	48.94	0	
3	60.67	112.54	66.00	108.00	7.00	1	2	

1	3	62.362	4
1	12.00	154.00	24.86	157.64	13.36	1	1	
2	24.86	157.64	26.43	158.09	1.64	2	1	3	
3	26.43	158.09	44.04	163.08	18.30	1	3	
4	44.04	163.08	72.00	171.00	29.06	2	3	5	

1	4	307.156	7
1	12.00	154.00	24.46	159.13	13.47	1	1	
2	24.46	159.13	25.87	159.71	1.53	2	1	3	
3	25.87	159.71	44.05	167.21	19.67	1	3	
4	44.05	167.21	114.10	196.06	75.76	2	3	5	
5	114.10	196.06	119.35	198.22	5.67	1	5	
6	119.35	198.22	271.04	260.72	164.05	0	
7	271.04	260.72	296.00	271.00	27.00	1	4	

1	5	77.782	4
1	12.00	154.00	25.38	155.91	13.52	1	1	
2	25.38	155.91	26.85	156.12	1.48	2	1	3	
3	26.85	156.12	44.45	158.64	17.78	1	3	
4	44.45	158.64	89.00	165.00	45.00	2	3	5	

1	6	234.617	5
1	12.00	154.00	23.89	144.86	15.00	1	1	
2	23.89	144.86	63.39	114.49	49.82	0	
3	63.39	114.49	72.95	107.14	12.06	1	2	
4	72.95	107.14	194.83	13.44	153.74	0	
5	194.83	13.44	198.00	11.00	4.00	1	6	

1	7	57.559	5
1	12.00	154.00	26.85	151.92	15.00	1	1	
2	26.85	151.92	26.87	151.91	0.02	0	
3	26.87	151.91	46.90	149.10	20.23	1	3	
4	46.90	149.10	57.12	147.67	10.31	2	3	5	
5	57.12	147.67	69.00	146.00	12.00	3	3	5	7	

2	0	93.915	4
1	66.00	108.00	72.26	111.13	7.00	1	2	
2	72.26	111.13	90.02	120.01	19.86	0	
3	90.02	120.01	124.38	137.19	38.41	1	5	
4	124.38	137.19	150.00	150.00	28.65	0	

2	1	70.937	3
1	66.00	108.00	60.67	112.54	7.00	1	2	
2	60.67	112.54	23.42	144.27	48.94	0	
3	23.42	144.27	12.00	154.00	15.00	1	1	

2	2	0	0

2	3	63.285	6
1	66.00	108.00	66.66	114.97	7.00	1	2	
2	66.66	114.97	67.35	122.22	7.29	0	
3	67.35	122.22	67.66	125.38	3.18	1	3	
4	67.66	125.38	68.48	134.01	8.67	1	3	
5	68.48	134.01	70.75	157.87	23.97	3	3	5	7	
6	70.75	157.87	72.00	171.00	13.19	2	3	5	

2	4	281.902	7
1	66.00	108.00	71.71	112.05	7.00	1	2	
2	71.71	112.05	83.42	120.35	14.35	0	
3	83.42	120.35	91.41	126.01	9.79	1	5	
4	91.41	126.01	108.02	137.78	20.35	2	3	5	
5	108.02	137.78	132.98	155.47	30.59	1	5	
6	132.98	155.47	273.97	255.39	172.81	0	
7	273.97	255.39	296.00	271.00	27.00	1	4	

2	5	61.465	6
1	66.00	108.00	68.62	114.49	7.00	1	2	
2	68.62	114.49	71.65	122.00	8.10	0	
3	71.65	122.00	72.16	123.27	1.37	1	3	
4	72.16	123.27	78.25	138.35	16.26	2	3	5	
5	78.25	138.35	80.97	145.09	7.26	3	3	5	7	
6	80.97	145.09	89.00	165.00	21.47	2	3	5	

2	6	163.808	3
1	66.00	108.00	71.64	103.85	7.00	1	2	
2	71.64	103.85	194.78	13.37	152.81	0	
3	194.78	13.37	198.00	11.00	4.00	1	6	

2	7	38.118	5
1	66.00	108.00	66.55	114.98	7.00	1	2	
2	66.55	114.98	67.12	122.24	7.29	0	
3	67.12	122.24	67.38	125.53	3.30	1	3	
4	67.38	125.53	68.06	134.04	8.53	2	3	5	
5	68.06	134.04	69.00	146.00	12.00	3	3	5	7	

3	0	80.777	3
1	72.00	171.00	119.32	158.26	49.00	2	3	5	
2	119.32	158.26	132.79	154.63	13.95	1	5	
3	132.79	154.63	150.00	150.00	17.82	0	

3	1	62.362	4
1	72.00	171.00	44.04	163.08	29.06	2	3	5	
2	44.04	163.08	26.43	158.09	18.30	1	3	
3	26.43	158.09	24.86	157.64	1.64	2	1	3	
4	24.86	157.64	12.00	154.00	13.36	1	1	

3	2	63.285	6
1	72.00	171.00	70.75	157.87	13.19	2	3	5	
2	70.75	157.87	68.48	134.01	23.97	3	3	5	7	
3	68.48	134.01	67.66	125.38	8.67	1	3	
4	67.66	125.38	67.35	122.22	3.18	1	3	
5	67.35	122.22	66.66	114.97	7.29	0	
6	66.66	114.97	66.00	108.00	7.00	1	2	

3	3	0	0

3	4	245.308	4
1	72.00	171.00	116.74	190.97	49.00	2	3	5	
2	116.74	190.97	123.44	193.96	7.33	1	5	
3	123.44	193.96	271.35	259.99	161.98	0	
4	271.35	259.99	296.00	271.00	27.00	1	4	

3	5	18.028	1
1	72.00	171.00	89.00	165.00	18.03	2	3	5	

3	6	203.657	4
1	72.00	171.00	102.32	132.50	49.00	2	3	5	
2	102.32	132.50	108.62	124.50	10.19	1	5	
3	108.62	124.50	195.53	14.14	140.47	0	
4	195.53	14.14	198.00	11.00	4.00	1	6	

3	7	25.179	2
1	72.00	171.00	70.43	157.91	13.18	2	3	5	
2	70.43	157.91	69.00	146.00	12.00	3	3	5	7	

4	0	189.623	2
1	296.00	271.00	275.21	253.77	27.00	1	4	
2	275.21	253.77	150.00	150.00	162.62	0	

4	1	307.156	7
1	296.00	271.00	271.04	260.72	27.00	1	4	
2	271.04	260.72	119.35	198.22	164.05	0	
3	119.35	198.22	114.10	196.06	5.67	1	5	
4	114.10	196.06	44.05	167.21	75.76	2	3	5	
5	44.05	167.21	25.87	159.71	19.67	1	3	
6	25.87	159.71	24.46	159.13	1.53	2	1	3	
7	24.46	159.13	12.00	154.00	13.47	1	1	

4	2	281.902	7
1	296.00	271.00	273.97	255.39	27.00	1	4	
2	273.97	255.39	132.98	155.47	172.81	0	
3	132.98	155.47	108.02	137.78	30.59	1	5	
4	108.02	137.78	91.41	126.01	20.35	2	3	5	
5	91.41	126.01	83.42	120.35	9.79	1	5	
6	83.42	120.35	71.71	112.05	14.35	0	
7	71.71	112.05	66.00	108.00	7.00	1	2	

4	3	245.308	4
1	296.00	271.00	271.35	259.99	27.00	1	4	
2	271.35	259.99	123.44	193.96	161.98	0	
3	123.44	193.96	116.74	190.97	7.33	1	5	
4	116.74	190.97	72.00	171.00	49.00	2	3	5	

4	4	0	0

4	5	232.562	4
1	296.00	271.00	271.97	258.69	27.00	1	4	
2	271.97	258.69	129.05	185.51	160.56	0	
3	129.05	185.51	120.00	180.87	10.18	1	5	
4	120.00	180.87	89.00	165.00	34.82	2	3	5	

4	6	277.856	3
1	296.00	271.00	286.48	245.74	27.00	1	4	
2	286.48	245.74	199.41	14.74	246.86	0	
3	199.41	14.74	198.00	11.00	4.00	1	6	

4	7	259.141	5
1	296.00	271.00	272.35	257.98	27.00	1	4	
2	272.35	257.98	131.31	180.31	161.00	0	
3	131.31	180.31	120.87	174.56	11.92	1	5	
4	120.87	174.56	79.51	151.79	47.21	2	3	5	
5	79.51	151.79	69.00	146.00	12.00	3	3	5	7	

5	0	62.817	3
1	89.00	165.00	119.13	157.59	31.03	2	3	5	
2	119.13	157.59	132.70	154.25	13.97	1	5	
3	132.70	154.25	150.00	150.00	17.82	0	

5	1	77.782	4
1	89.00	165.00	44.45	158.64	45.00	2	3	5	
2	44.45	158.64	26.85	156.12	17.78	1	3	
3	26.85	156.12	25.38	155.91	1.48	2	1	3	
4	25.38	155.91	12.00	154.00	13.52	1	1	

5	2	61.465	6
1	89.00	165.00	80.97	145.09	21.47	2	3	5	
2	80.97	145.09	78.25	138.35	7.26	3	3	5	7	
3	78.25	138.35	72.16	123.27	16.26	2	3	5	
4	72.16	123.27	71.65	122.00	1.37	1	3	
5	71.65	122.00	68.62	114.49	8.10	0	
6	68.62	114.49	66.00	108.00	7.00	1	2	

5	3	18.028	1
1	89.00	165.00	72.00	171.00	18.03	2	3	5	

5	4	232.562	4
1	89.00	165.00	120.00	180.87	34.82	2	3	5	
2	120.00	180.87	129.05	185.51	10.18	1	5	
3	129.05	185.51	271.97	258.69	160.56	0	
4	271.97	258.69	296.00	271.00	27.00	1	4	

5	5	0	0

5	6	188.672	4
1	89.00	165.00	108.16	137.93	33.16	2	3	5	
2	108.16	137.93	115.00	128.27	11.84	1	5	
3	115.00	128.27	195.69	14.26	139.67	0	
4	195.69	14.26	198.00	11.00	4.00	1	6	

5	7	27.586	2
1	89.00	165.00	77.70	154.26	15.59	2	3	5	
2	77.70	154.26	69.00	146.00	12.00	3	3	5	7	

6	0	147.054	2
1	198.00	11.00	196.69	14.78	4.00	1	6	
2	196.69	14.78	150.00	150.00	143.05	0	

6	1	234.617	5
1	198.00	11.00	194.83	13.44	4.00	1	6	
2	194.83	13.44	72.95	107.14	153.74	0	
3	72.95	107.14	63.39	114.49	12.06	1	2	
4	63.39	114.49	23.89	144.86	49.82	0	
5	23.89	144.86	12.00	154.00	15.00	1	1	

6	2	163.808	3
1	198.00	11.00	194.78	13.37	4.00	1	6	
2	194.78	13.37	71.64	103.85	152.81	0	
3	71.64	103.85	66.00	108.00	7.00	1	2	

6	3	203.657	4
1	198.00	11.00	195.53	14.14	4.00	1	6	
2	195.53	14.14	108.62	124.50	140.47	0	
3	108.62	124.50	102.32	132.50	10.19	1	5	
4	102.32	132.50	72.00	171.00	49.00	2	3	5	

6	4	277.856	3
1	198.00	11.00	199.41	14.74	4.00	1	6	
2	199.41	14.74	286.48	245.74	246.86	0	
3	286.48	245.74	296.00	271.00	27.00	1	4	

6	5	188.672	4
1	198.00	11.00	195.69	14.26	4.00	1	6	
2	195.69	14.26	115.00	128.27	139.67	0	
3	115.00	128.27	108.16	137.93	11.84	1	5	
4	108.16	137.93	89.00	165.00	33.16	2	3	5	

6	6	0	0

6	7	186.724	5
1	198.00	11.00	195.24	13.89	4.00	1	6	
2	195.24	13.89	93.62	120.24	147.09	0	
3	93.62	120.24	89.02	125.05	6.66	1	5	
4	89.02	125.05	77.29	137.32	16.98	2	3	5	
5	77.29	137.32	69.00	146.00	12.00	3	3	5	7	

7	0	81.099	4
1	69.00	146.00	80.99	146.59	12.00	3	3	5	7	
2	80.99	146.59	115.42	148.29	34.48	2	3	5	
3	115.42	148.29	131.08	149.07	15.68	1	5	
4	131.08	149.07	150.00	150.00	18.94	0	

7	1	57.559	5
1	69.00	146.00	57.12	147.67	12.00	3	3	5	7	
2	57.12	147.67	46.90	149.10	10.31	2	3	5	
3	46.90	149.10	26.87	151.91	20.23	1	3	
4	26.87	151.91	26.85	151.92	0.02	0	
5	26.85	151.92	12.00	154.00	15.00	1	1	

7	2	38.118	5
1	69.00	146.00	68.06	134.04	12.00	3	3	5	7	
2	68.06	134.04	67.38	125.53	8.53	2	3	5	
3	67.38	125.53	67.12	122.24	3.30	1	3	
4	67.12	122.24	66.55	114.98	7.29	0	
5	66.55	114.98	66.00	108.00	7.00	1	2	

7	3	25.179	2
1	69.00	146.00	70.43	157.91	12.00	3	3	5	7	
2	70.43	157.91	72.00	171.00	13.18	2	3	5	

7	4	259.141	5
1	69.00	146.00	79.51	151.79	12.00	3	3	5	7	
2	79.51	151.79	120.87	174.56	47.21	2	3	5	
3	120.87	174.56	131.31	180.31	11.92	1	5	
4	131.31	180.31	272.35	257.98	161.00	0	
5	272.35	257.98	296.00	271.00	27.00	1	4	

7	5	27.586	2
1	69.00	146.00	77.70	154.26	12.00	3	3	5	7	
2	77.70	154.26	89.00	165.00	15.59	2	3	5	

7	6	186.724	5
1	69.00	146.00	77.29	137.32	12.00	3	3	5	7	
2	77.29	137.32	89.02	125.05	16.98	2	3	5	
3	89.02	125.05	93.62	120.24	6.66	1	5	
4	93.62	120.24	195.24	13.89	147.09	0	
5	195.24	13.89	198.00	11.00	4.00	1	6	

7	7	0	0
