8	63	2	0.001	60.0
150.000	150.000	0.000	6.000	0.000
124.000	47.000	11.000	3.000	20.000
151.000	296.000	40.000	6.000	17.000
289.000	132.000	6.000	10.000	6.000
170.000	126.000	19.000	7.000	5.000
272.000	34.000	39.000	2.000	17.000
297.000	71.000	1.000	5.000	12.000
260.000	193.000	17.000	1.000	16.000
 


0	0	0	0

0	1	106.231	2
1	150.00	150.00	126.69	57.67	95.23	0	
2	126.69	57.67	124.00	47.00	11.00	1	1	

0	2	146.003	2
1	150.00	150.00	150.73	256.00	106.00	0	
2	150.73	256.00	151.00	296.00	40.00	0	

0	3	140.161	2
1	150.00	150.00	283.05	132.77	134.16	0	
2	283.05	132.77	289.00	132.00	6.00	1	3	

0	4	31.241	2
1	150.00	150.00	157.84	140.60	12.24	0	
2	157.84	140.60	170.00	126.00	19.00	1	4	

0	5	168.345	4
1	150.00	150.00	158.97	141.47	12.38	0	
2	158.97	141.47	186.01	115.76	37.31	1	4	
3	186.01	115.76	243.74	60.87	79.66	0	
4	243.74	60.87	272.00	34.00	39.00	1	5	

0	6	166.883	4
1	150.00	150.00	162.32	143.38	13.99	0	
2	162.32	143.38	188.73	129.19	29.98	1	4	
3	188.73	129.19	296.12	71.47	121.91	0	
4	296.12	71.47	297.00	71.00	1.00	1	6	

0	7	118.106	2
1	150.00	150.00	244.17	186.81	101.11	0	
2	244.17	186.81	260.00	193.00	17.00	1	7	

1	0	106.231	2
1	124.00	47.00	126.69	57.67	11.00	1	1	
2	126.69	57.67	150.00	150.00	95.23	0	

1	1	0	0

1	2	250.460	3
1	124.00	47.00	125.19	57.94	11.00	1	1	
2	125.19	57.94	146.69	256.23	199.46	0	
3	146.69	256.23	151.00	296.00	40.00	0	

1	3	185.607	3
1	124.00	47.00	133.78	52.04	11.00	1	1	
2	133.78	52.04	283.67	129.25	168.61	0	
3	283.67	129.25	289.00	132.00	6.00	1	3	

1	4	91.417	3
1	124.00	47.00	129.54	56.51	11.00	1	1	
2	129.54	56.51	160.44	109.58	61.42	0	
3	160.44	109.58	170.00	126.00	19.00	1	4	

1	5	148.570	3
1	124.00	47.00	134.96	46.04	11.00	1	1	
2	134.96	46.04	233.15	37.41	98.57	0	
3	233.15	37.41	272.00	34.00	39.00	1	5	

1	6	174.657	5
1	124.00	47.00	134.90	48.51	11.00	1	1	
2	134.90	48.51	247.19	64.09	113.37	0	
3	247.19	64.09	287.68	69.71	40.88	1	5	
4	287.68	69.71	296.01	70.86	8.41	0	
5	296.01	70.86	297.00	71.00	1.00	1	6	

1	7	199.529	3
1	124.00	47.00	131.50	55.05	11.00	1	1	
2	131.50	55.05	248.41	180.56	171.53	0	
3	248.41	180.56	260.00	193.00	17.00	1	7	

2	0	146.003	2
1	151.00	296.00	150.73	256.00	40.00	0	
2	150.73	256.00	150.00	150.00	106.00	0	

2	1	250.460	3
1	151.00	296.00	146.69	256.23	40.00	0	
2	146.69	256.23	125.19	57.94	199.46	0	
3	125.19	57.94	124.00	47.00	11.00	1	1	

2	2	0	0

2	3	214.336	3
1	151.00	296.00	176.75	265.39	40.00	1	2	
2	176.75	265.39	285.14	136.59	168.34	0	
3	285.14	136.59	289.00	132.00	6.00	1	3	

2	4	171.058	3
1	151.00	296.00	155.44	256.25	40.00	1	2	
2	155.44	256.25	167.89	144.88	112.06	0	
3	167.89	144.88	170.00	126.00	19.00	1	4	

2	5	288.591	3
1	151.00	296.00	167.77	259.69	40.00	1	2	
2	167.77	259.69	255.65	69.41	209.59	0	
3	255.65	69.41	272.00	34.00	39.00	1	5	

2	6	268.218	3
1	151.00	296.00	172.77	262.45	40.00	1	2	
2	172.77	262.45	296.46	71.84	227.22	0	
3	296.46	71.84	297.00	71.00	1.00	1	6	

2	7	149.967	3
1	151.00	296.00	180.07	268.53	40.00	1	2	
2	180.07	268.53	247.64	204.68	92.97	0	
3	247.64	204.68	260.00	193.00	17.00	1	7	

3	0	140.161	2
1	289.00	132.00	283.05	132.77	6.00	1	3	
2	283.05	132.77	150.00	150.00	134.16	0	

3	1	185.607	3
1	289.00	132.00	283.67	129.25	6.00	1	3	
2	283.67	129.25	133.78	52.04	168.61	0	
3	133.78	52.04	124.00	47.00	11.00	1	1	

3	2	214.336	3
1	289.00	132.00	285.14	136.59	6.00	1	3	
2	285.14	136.59	176.75	265.39	168.34	0	
3	176.75	265.39	151.00	296.00	40.00	1	2	

3	3	0	0

3	4	119.151	3
1	289.00	132.00	283.01	131.70	6.00	1	3	
2	283.01	131.70	188.98	126.96	94.15	0	
3	188.98	126.96	170.00	126.00	19.00	1	4	

3	5	99.464	3
1	289.00	132.00	287.97	126.09	6.00	1	3	
2	287.97	126.09	278.67	72.43	54.46	0	
3	278.67	72.43	272.00	34.00	39.00	0	

3	6	61.522	3
1	289.00	132.00	289.78	126.05	6.00	1	3	
2	289.78	126.05	296.87	71.99	54.52	0	
3	296.87	71.99	297.00	71.00	1.00	1	6	

3	7	67.543	3
1	289.00	132.00	286.42	137.42	6.00	1	3	
2	286.42	137.42	267.30	177.65	44.54	0	
3	267.30	177.65	260.00	193.00	17.00	1	7	

4	0	31.241	2
1	170.00	126.00	157.84	140.60	19.00	1	4	
2	157.84	140.60	150.00	150.00	12.24	0	

4	1	91.417	3
1	170.00	126.00	160.44	109.58	19.00	1	4	
2	160.44	109.58	129.54	56.51	61.42	0	
3	129.54	56.51	124.00	47.00	11.00	1	1	

4	2	171.058	3
1	170.00	126.00	167.89	144.88	19.00	1	4	
2	167.89	144.88	155.44	256.25	112.06	0	
3	155.44	256.25	151.00	296.00	40.00	1	2	

4	3	119.151	3
1	170.00	126.00	188.98	126.96	19.00	1	4	
2	188.98	126.96	283.01	131.70	94.15	0	
3	283.01	131.70	289.00	132.00	6.00	1	3	

4	4	0	0

4	5	137.361	3
1	170.00	126.00	184.11	113.27	19.00	1	4	
2	184.11	113.27	243.04	60.12	79.36	0	
3	243.04	60.12	272.00	34.00	39.00	1	5	

4	6	138.398	3
1	170.00	126.00	187.44	118.45	19.00	1	4	
2	187.44	118.45	296.08	71.40	118.40	0	
3	296.08	71.40	297.00	71.00	1.00	1	6	

4	7	112.201	3
1	170.00	126.00	185.24	137.35	19.00	1	4	
2	185.24	137.35	246.36	182.85	76.20	0	
3	246.36	182.85	260.00	193.00	17.00	1	7	

5	0	168.345	4
1	272.00	34.00	243.74	60.87	39.00	1	5	
2	243.74	60.87	186.01	115.76	79.66	0	
3	186.01	115.76	158.97	141.47	37.31	1	4	
4	158.97	141.47	150.00	150.00	12.38	0	

5	1	148.570	3
1	272.00	34.00	233.15	37.41	39.00	1	5	
2	233.15	37.41	134.96	46.04	98.57	0	
3	134.96	46.04	124.00	47.00	11.00	1	1	

5	2	288.591	3
1	272.00	34.00	255.65	69.41	39.00	1	5	
2	255.65	69.41	167.77	259.69	209.59	0	
3	167.77	259.69	151.00	296.00	40.00	1	2	

5	3	99.464	3
1	272.00	34.00	278.67	72.43	39.00	0	
2	278.67	72.43	287.97	126.09	54.46	0	
3	287.97	126.09	289.00	132.00	6.00	1	3	

5	4	137.361	3
1	272.00	34.00	243.04	60.12	39.00	1	5	
2	243.04	60.12	184.11	113.27	79.36	0	
3	184.11	113.27	170.00	126.00	19.00	1	4	

5	5	0	0

5	6	44.654	3
1	272.00	34.00	293.83	66.31	39.00	1	5	
2	293.83	66.31	296.44	70.17	4.65	0	
3	296.44	70.17	297.00	71.00	1.00	1	6	

5	7	159.452	3
1	272.00	34.00	269.06	72.89	39.00	1	5	
2	269.06	72.89	261.28	176.05	103.45	0	
3	261.28	176.05	260.00	193.00	17.00	0	

6	0	166.883	4
1	297.00	71.00	296.12	71.47	1.00	1	6	
2	296.12	71.47	188.73	129.19	121.91	0	
3	188.73	129.19	162.32	143.38	29.98	1	4	
4	162.32	143.38	150.00	150.00	13.99	0	

6	1	174.657	5
1	297.00	71.00	296.01	70.86	1.00	1	6	
2	296.01	70.86	287.68	69.71	8.41	0	
3	287.68	69.71	247.19	64.09	40.88	1	5	
4	247.19	64.09	134.90	48.51	113.37	0	
5	134.90	48.51	124.00	47.00	11.00	1	1	

6	2	268.218	3
1	297.00	71.00	296.46	71.84	1.00	1	6	
2	296.46	71.84	172.77	262.45	227.22	0	
3	172.77	262.45	151.00	296.00	40.00	1	2	

6	3	61.522	3
1	297.00	71.00	296.87	71.99	1.00	1	6	
2	296.87	71.99	289.78	126.05	54.52	0	
3	289.78	126.05	289.00	132.00	6.00	1	3	

6	4	138.398	3
1	297.00	71.00	296.08	71.40	1.00	1	6	
2	296.08	71.40	187.44	118.45	118.40	0	
3	187.44	118.45	170.00	126.00	19.00	1	4	

6	5	44.654	3
1	297.00	71.00	296.44	70.17	1.00	1	6	
2	296.44	70.17	293.83	66.31	4.65	0	
3	293.83	66.31	272.00	34.00	39.00	1	5	

6	6	0	0

6	7	127.487	3
1	297.00	71.00	296.71	71.96	1.00	1	6	
2	296.71	71.96	264.93	176.73	109.49	0	
3	264.93	176.73	260.00	193.00	17.00	1	7	

7	0	118.106	2
1	260.00	193.00	244.17	186.81	17.00	1	7	
2	244.17	186.81	150.00	150.00	101.11	0	

7	1	199.529	3
1	260.00	193.00	248.41	180.56	17.00	1	7	
2	248.41	180.56	131.50	55.05	171.53	0	
3	131.50	55.05	124.00	47.00	11.00	1	1	

7	2	149.967	3
1	260.00	193.00	247.64	204.68	17.00	1	7	
2	247.64	204.68	180.07	268.53	92.97	0	
3	180.07	268.53	151.00	296.00	40.00	1	2	

7	3	67.543	3
1	260.00	193.00	267.30	177.65	17.00	1	7	
2	267.30	177.65	286.42	137.42	44.54	0	
3	286.42	137.42	289.00	132.00	6.00	1	3	

7	4	112.201	3
1	260.00	193.00	246.36	182.85	17.00	1	7	
2	246.36	182.85	185.24	137.35	76.20	0	
3	185.24	137.35	170.00	126.00	19.00	1	4	

7	5	159.452	3
1	260.00	193.00	261.28	176.05	17.00	0	
2	261.28	176.05	269.06	72.89	103.45	0	
3	269.06	72.89	272.00	34.00	39.00	1	5	

7	6	127.487	3
1	260.00	193.00	264.93	176.73	17.00	1	7	
2	264.93	176.73	296.71	71.96	109.49	0	
3	296.71	71.96	297.00	71.00	1.00	1	6	

7	7	0	0
