8	85	2	0.001	25.0
150.000	150.000	0.000	8.000	0.000
138.000	44.000	25.000	2.000	5.000
184.000	40.000	14.000	4.000	14.000
240.000	37.000	15.000	9.000	19.000
168.000	212.000	13.000	6.000	7.000
164.000	203.000	13.000	10.000	11.000
131.000	262.000	25.000	8.000	18.000
142.000	43.000	36.000	4.000	5.000
 


0	0	0	0

0	1	106.677	3
1	150.00	150.00	141.96	79.00	71.45	0	
2	141.96	79.00	140.81	68.84	10.22	0	
3	140.81	68.84	138.00	44.00	25.00	2	1	7	

0	2	115.135	2
1	150.00	150.00	179.87	53.38	101.13	0	
2	179.87	53.38	184.00	40.00	14.00	1	2	

0	3	144.461	2
1	150.00	150.00	230.65	48.73	129.46	0	
2	230.65	48.73	240.00	37.00	15.00	1	3	

0	4	64.560	3
1	150.00	150.00	161.67	190.21	41.87	0	
2	161.67	190.21	164.38	199.52	9.69	1	5	
3	164.38	199.52	168.00	212.00	13.00	2	4	5	

0	5	54.818	3
1	150.00	150.00	160.68	190.43	41.82	0	
2	160.68	190.43	163.19	199.92	9.82	1	5	
3	163.19	199.92	164.00	203.00	3.18	2	4	5	

0	6	113.600	2
1	150.00	150.00	135.18	237.35	88.60	0	
2	135.18	237.35	131.00	262.00	25.00	1	6	

0	7	107.299	3
1	150.00	150.00	144.68	78.90	71.30	0	
2	144.68	78.90	143.89	68.30	10.63	1	7	
3	143.89	68.30	142.00	43.00	25.37	2	1	7	

1	0	106.677	3
1	138.00	44.00	140.81	68.84	25.00	2	1	7	
2	140.81	68.84	141.96	79.00	10.22	0	
3	141.96	79.00	150.00	150.00	71.45	0	

1	1	0	0

1	2	46.174	4
1	138.00	44.00	162.91	41.83	25.00	2	1	7	
2	162.91	41.83	170.05	41.21	7.17	1	7	
3	170.05	41.21	177.92	40.53	7.89	2	2	7	
4	177.92	40.53	184.00	40.00	6.11	1	2	

1	3	102.240	6
1	138.00	44.00	162.94	42.29	25.00	2	1	7	
2	162.94	42.29	170.12	41.80	7.19	1	7	
3	170.12	41.80	177.96	41.26	7.86	2	2	7	
4	177.96	41.26	198.00	39.88	20.09	1	2	
5	198.00	39.88	225.04	38.03	27.10	0	
6	225.04	38.03	240.00	37.00	15.00	1	3	

1	4	170.658	5
1	138.00	44.00	142.39	68.61	25.00	1	7	
2	142.39	68.61	144.24	78.93	10.48	0	
3	144.24	78.93	164.07	190.00	112.83	0	
4	164.07	190.00	165.71	199.20	9.35	1	5	
5	165.71	199.20	168.00	212.00	13.00	2	4	5	

1	5	161.112	5
1	138.00	44.00	142.03	68.67	25.00	2	1	7	
2	142.03	68.67	143.72	78.96	10.42	0	
3	143.72	78.96	161.90	190.17	112.69	0	
4	161.90	190.17	163.48	199.81	9.77	1	5	
5	163.48	199.81	164.00	203.00	3.23	2	4	5	

1	6	218.112	4
1	138.00	44.00	137.20	68.99	25.00	2	1	7	
2	137.20	68.99	136.89	78.63	9.65	1	7	
3	136.89	78.63	131.80	237.01	158.46	0	
4	131.80	237.01	131.00	262.00	25.00	1	6	

1	7	4.123	1
1	138.00	44.00	142.00	43.00	4.12	2	1	7	

2	0	115.135	2
1	184.00	40.00	179.87	53.38	14.00	1	2	
2	179.87	53.38	150.00	150.00	101.13	0	

2	1	46.174	4
1	184.00	40.00	177.92	40.53	6.11	1	2	
2	177.92	40.53	170.05	41.21	7.89	2	2	7	
3	170.05	41.21	162.91	41.83	7.17	1	7	
4	162.91	41.83	138.00	44.00	25.00	2	1	7	

2	2	0	0

2	3	56.080	3
1	184.00	40.00	197.98	39.25	14.00	1	2	
2	197.98	39.25	225.02	37.80	27.08	0	
3	225.02	37.80	240.00	37.00	15.00	1	3	

2	4	172.743	4
1	184.00	40.00	182.70	53.94	14.00	1	2	
2	182.70	53.94	169.91	191.42	138.08	0	
3	169.91	191.42	169.20	199.06	7.67	1	5	
4	169.20	199.06	168.00	212.00	13.00	2	4	5	

2	5	164.222	4
1	184.00	40.00	182.29	53.90	14.00	1	2	
2	182.29	53.90	165.58	190.10	137.22	0	
3	165.58	190.10	164.43	199.50	9.47	1	5	
4	164.43	199.50	164.00	203.00	3.53	2	4	5	

2	6	228.239	3
1	184.00	40.00	180.75	53.62	14.00	1	2	
2	180.75	53.62	136.81	237.68	189.24	0	
3	136.81	237.68	131.00	262.00	25.00	1	6	

2	7	42.107	4
1	184.00	40.00	177.91	40.44	6.11	1	2	
2	177.91	40.44	170.04	41.00	7.89	2	2	7	
3	170.04	41.00	162.88	41.51	7.18	1	7	
4	162.88	41.51	142.00	43.00	20.93	2	1	7	

3	0	144.461	2
1	240.00	37.00	230.65	48.73	15.00	1	3	
2	230.65	48.73	150.00	150.00	129.46	0	

3	1	102.240	6
1	240.00	37.00	225.04	38.03	15.00	1	3	
2	225.04	38.03	198.00	39.88	27.10	0	
3	198.00	39.88	177.96	41.26	20.09	1	2	
4	177.96	41.26	170.12	41.80	7.86	2	2	7	
5	170.12	41.80	162.94	42.29	7.19	1	7	
6	162.94	42.29	138.00	44.00	25.00	2	1	7	

3	2	56.080	3
1	240.00	37.00	225.02	37.80	15.00	1	3	
2	225.02	37.80	197.98	39.25	27.08	0	
3	197.98	39.25	184.00	40.00	14.00	1	2	

3	3	0	0

3	4	189.233	4
1	240.00	37.00	234.29	50.87	15.00	1	3	
2	234.29	50.87	174.73	195.65	156.56	0	
3	174.73	195.65	172.95	199.98	4.68	1	5	
4	172.95	199.98	168.00	212.00	13.00	2	4	5	

3	5	182.571	4
1	240.00	37.00	233.76	50.64	15.00	1	3	
2	233.76	50.64	169.41	191.18	154.57	0	
3	169.41	191.18	165.74	199.20	8.82	1	5	
4	165.74	199.20	164.00	203.00	4.18	2	4	5	

3	6	250.012	7
1	240.00	37.00	233.46	50.50	15.00	1	3	
2	233.46	50.50	165.82	190.13	155.15	0	
3	165.82	190.13	160.29	201.53	12.67	1	5	
4	160.29	201.53	155.03	212.41	12.08	2	4	5	
5	155.03	212.41	155.01	212.44	0.04	1	4	
6	155.01	212.44	141.90	239.50	30.07	0	
7	141.90	239.50	131.00	262.00	25.00	1	6	

3	7	98.184	6
1	240.00	37.00	225.03	37.92	15.00	1	3	
2	225.03	37.92	197.99	39.57	27.09	0	
3	197.99	39.57	177.93	40.80	20.10	1	2	
4	177.93	40.80	170.06	41.28	7.89	2	2	7	
5	170.06	41.28	162.90	41.72	7.18	1	7	
6	162.90	41.72	142.00	43.00	20.94	2	1	7	

4	0	64.560	3
1	168.00	212.00	164.38	199.52	13.00	2	4	5	
2	164.38	199.52	161.67	190.21	9.69	1	5	
3	161.67	190.21	150.00	150.00	41.87	0	

4	1	170.658	5
1	168.00	212.00	165.71	199.20	13.00	2	4	5	
2	165.71	199.20	164.07	190.00	9.35	1	5	
3	164.07	190.00	144.24	78.93	112.83	0	
4	144.24	78.93	142.39	68.61	10.48	0	
5	142.39	68.61	138.00	44.00	25.00	1	7	

4	2	172.743	4
1	168.00	212.00	169.20	199.06	13.00	2	4	5	
2	169.20	199.06	169.91	191.42	7.67	1	5	
3	169.91	191.42	182.70	53.94	138.08	0	
4	182.70	53.94	184.00	40.00	14.00	1	2	

4	3	189.233	4
1	168.00	212.00	172.95	199.98	13.00	2	4	5	
2	172.95	199.98	174.73	195.65	4.68	1	5	
3	174.73	195.65	234.29	50.87	156.56	0	
4	234.29	50.87	240.00	37.00	15.00	1	3	

4	4	0	0

4	5	9.849	1
1	168.00	212.00	164.00	203.00	9.85	2	4	5	

4	6	62.201	4
1	168.00	212.00	165.07	215.96	4.92	2	4	5	
2	165.07	215.96	160.27	222.45	8.08	1	4	
3	160.27	222.45	145.87	241.90	24.20	0	
4	145.87	241.90	131.00	262.00	25.00	1	6	

4	7	170.988	5
1	168.00	212.00	166.02	199.15	13.00	2	4	5	
2	166.02	199.15	164.62	190.01	9.24	1	5	
3	164.62	190.01	147.47	78.58	112.74	0	
4	147.47	78.58	145.81	67.75	10.96	0	
5	145.81	67.75	142.00	43.00	25.04	2	1	7	

5	0	54.818	3
1	164.00	203.00	163.19	199.92	3.18	2	4	5	
2	163.19	199.92	160.68	190.43	9.82	1	5	
3	160.68	190.43	150.00	150.00	41.82	0	

5	1	161.112	5
1	164.00	203.00	163.48	199.81	3.23	2	4	5	
2	163.48	199.81	161.90	190.17	9.77	1	5	
3	161.90	190.17	143.72	78.96	112.69	0	
4	143.72	78.96	142.03	68.67	10.42	0	
5	142.03	68.67	138.00	44.00	25.00	2	1	7	

5	2	164.222	4
1	164.00	203.00	164.43	199.50	3.53	2	4	5	
2	164.43	199.50	165.58	190.10	9.47	1	5	
3	165.58	190.10	182.29	53.90	137.22	0	
4	182.29	53.90	184.00	40.00	14.00	1	2	

5	3	182.571	4
1	164.00	203.00	165.74	199.20	4.18	2	4	5	
2	165.74	199.20	169.41	191.18	8.82	1	5	
3	169.41	191.18	233.76	50.64	154.57	0	
4	233.76	50.64	240.00	37.00	15.00	1	3	

5	4	9.849	1
1	164.00	203.00	168.00	212.00	9.85	2	4	5	

5	5	0	0

5	6	67.602	4
1	164.00	203.00	157.65	214.35	13.00	2	4	5	
2	157.65	214.35	156.07	217.17	3.24	1	4	
3	156.07	217.17	143.20	240.18	26.36	0	
4	143.20	240.18	131.00	262.00	25.00	1	6	

5	7	161.505	5
1	164.00	203.00	163.56	199.78	3.25	2	4	5	
2	163.56	199.78	162.23	190.12	9.75	1	5	
3	162.23	190.12	146.90	78.66	112.51	0	
4	146.90	78.66	145.42	67.87	10.89	0	
5	145.42	67.87	142.00	43.00	25.11	2	1	7	

6	0	113.600	2
1	131.00	262.00	135.18	237.35	25.00	1	6	
2	135.18	237.35	150.00	150.00	88.60	0	

6	1	218.112	4
1	131.00	262.00	131.80	237.01	25.00	1	6	
2	131.80	237.01	136.89	78.63	158.46	0	
3	136.89	78.63	137.20	68.99	9.65	1	7	
4	137.20	68.99	138.00	44.00	25.00	2	1	7	

6	2	228.239	3
1	131.00	262.00	136.81	237.68	25.00	1	6	
2	136.81	237.68	180.75	53.62	189.24	0	
3	180.75	53.62	184.00	40.00	14.00	1	2	

6	3	250.012	7
1	131.00	262.00	141.90	239.50	25.00	1	6	
2	141.90	239.50	155.01	212.44	30.07	0	
3	155.01	212.44	155.03	212.41	0.04	1	4	
4	155.03	212.41	160.29	201.53	12.08	2	4	5	
5	160.29	201.53	165.82	190.13	12.67	1	5	
6	165.82	190.13	233.46	50.50	155.15	0	
7	233.46	50.50	240.00	37.00	15.00	1	3	

6	4	62.201	4
1	131.00	262.00	145.87	241.90	25.00	1	6	
2	145.87	241.90	160.27	222.45	24.20	0	
3	160.27	222.45	165.07	215.96	8.08	1	4	
4	165.07	215.96	168.00	212.00	4.92	2	4	5	

6	5	67.602	4
1	131.00	262.00	143.20	240.18	25.00	1	6	
2	143.20	240.18	156.07	217.17	26.36	0	
3	156.07	217.17	157.65	214.35	3.24	1	4	
4	157.65	214.35	164.00	203.00	13.00	2	4	5	

6	6	0	0

6	7	219.276	4
1	131.00	262.00	132.25	237.03	25.00	1	6	
2	132.25	237.03	140.19	78.95	158.28	0	
3	140.19	78.95	140.70	68.85	10.11	1	7	
4	140.70	68.85	142.00	43.00	25.89	1	7	

7	0	107.299	3
1	142.00	43.00	143.89	68.30	25.37	2	1	7	
2	143.89	68.30	144.68	78.90	10.63	1	7	
3	144.68	78.90	150.00	150.00	71.30	0	

7	1	4.123	1
1	142.00	43.00	138.00	44.00	4.12	2	1	7	

7	2	42.107	4
1	142.00	43.00	162.88	41.51	20.93	2	1	7	
2	162.88	41.51	170.04	41.00	7.18	1	7	
3	170.04	41.00	177.91	40.44	7.89	2	2	7	
4	177.91	40.44	184.00	40.00	6.11	1	2	

7	3	98.184	6
1	142.00	43.00	162.90	41.72	20.94	2	1	7	
2	162.90	41.72	170.06	41.28	7.18	1	7	
3	170.06	41.28	177.93	40.80	7.89	2	2	7	
4	177.93	40.80	197.99	39.57	20.10	1	2	
5	197.99	39.57	225.03	37.92	27.09	0	
6	225.03	37.92	240.00	37.00	15.00	1	3	

7	4	170.988	5
1	142.00	43.00	145.81	67.75	25.04	2	1	7	
2	145.81	67.75	147.47	78.58	10.96	0	
3	147.47	78.58	164.62	190.01	112.74	0	
4	164.62	190.01	166.02	199.15	9.24	1	5	
5	166.02	199.15	168.00	212.00	13.00	2	4	5	

7	5	161.505	5
1	142.00	43.00	145.42	67.87	25.11	2	1	7	
2	145.42	67.87	146.90	78.66	10.89	0	
3	146.90	78.66	162.23	190.12	112.51	0	
4	162.23	190.12	163.56	199.78	9.75	1	5	
5	163.56	199.78	164.00	203.00	3.25	2	4	5	

7	6	219.276	4
1	142.00	43.00	140.70	68.85	25.89	1	7	
2	140.70	68.85	140.19	78.95	10.11	1	7	
3	140.19	78.95	132.25	237.03	158.28	0	
4	132.25	237.03	131.00	262.00	25.00	1	6	

7	7	0	0
