8	70	2	0.001	90.0
150.000	150.000	0.000	1.000	0.000
34.000	182.000	32.000	5.000	18.000
266.000	115.000	40.000	9.000	8.000
159.000	5.000	23.000	4.000	11.000
213.000	55.000	38.000	8.000	20.000
202.000	284.000	35.000	10.000	18.000
19.000	165.000	4.000	1.000	7.000
43.000	115.000	43.000	6.000	5.000
 


0	0	0	0

0	1	120.333	2
1	150.00	150.00	64.85	173.49	88.33	0	
2	64.85	173.49	34.00	182.00	32.00	1	1	

0	2	121.165	2
1	150.00	150.00	227.71	126.55	81.17	0	
2	227.71	126.55	266.00	115.00	40.00	1	2	

0	3	145.279	2
1	150.00	150.00	157.58	27.96	122.28	0	
2	157.58	27.96	159.00	5.00	23.00	1	3	

0	4	113.991	2
1	150.00	150.00	192.00	86.67	75.99	0	
2	192.00	86.67	213.00	55.00	38.00	1	4	

0	5	143.736	2
1	150.00	150.00	189.34	251.37	108.74	0	
2	189.34	251.37	202.00	284.00	35.00	1	5	

0	6	131.856	3
1	150.00	150.00	57.76	160.56	92.85	0	
2	57.76	160.56	22.97	164.54	35.01	1	1	
3	22.97	164.54	19.00	165.00	4.00	2	1	6	

0	7	112.579	2
1	150.00	150.00	83.87	128.37	69.58	0	
2	83.87	128.37	43.00	115.00	43.00	1	7	

1	0	120.333	2
1	34.00	182.00	64.85	173.49	32.00	1	1	
2	64.85	173.49	150.00	150.00	88.33	0	

1	1	0	0

1	2	241.481	3
1	34.00	182.00	64.74	173.12	32.00	1	1	
2	64.74	173.12	227.57	126.10	169.48	0	
3	227.57	126.10	266.00	115.00	40.00	1	2	

1	3	216.689	5
1	34.00	182.00	51.56	157.14	30.43	1	1	
2	51.56	157.14	52.46	155.86	1.57	2	1	7	
3	52.46	155.86	85.58	108.97	57.41	1	7	
4	85.58	108.97	145.73	23.79	104.28	0	
5	145.73	23.79	159.00	5.00	23.00	1	3	

1	4	219.477	3
1	34.00	182.00	60.10	163.48	32.00	1	1	
2	60.10	163.48	182.01	76.99	149.48	0	
3	182.01	76.99	213.00	55.00	38.00	1	4	

1	5	196.540	3
1	34.00	182.00	61.35	198.61	32.00	1	1	
2	61.35	198.61	172.08	265.84	129.54	0	
3	172.08	265.84	202.00	284.00	35.00	1	5	

1	6	22.672	2
1	34.00	182.00	21.65	168.00	18.67	1	1	
2	21.65	168.00	19.00	165.00	4.00	2	1	6	

1	7	67.602	3
1	34.00	182.00	37.28	157.62	24.60	1	1	
2	37.28	157.62	38.26	150.29	7.40	2	1	7	
3	38.26	150.29	43.00	115.00	35.60	1	7	

2	0	121.165	2
1	266.00	115.00	227.71	126.55	40.00	1	2	
2	227.71	126.55	150.00	150.00	81.17	0	

2	1	241.481	3
1	266.00	115.00	227.57	126.10	40.00	1	2	
2	227.57	126.10	64.74	173.12	169.48	0	
3	64.74	173.12	34.00	182.00	32.00	1	1	

2	2	0	0

2	3	153.457	5
1	266.00	115.00	238.11	86.33	40.00	1	2	
2	238.11	86.33	236.60	84.78	2.16	0	
3	236.60	84.78	183.88	30.58	75.61	1	4	
4	183.88	30.58	175.04	21.49	12.69	0	
5	175.04	21.49	159.00	5.00	23.00	1	3	

2	4	80.056	3
1	266.00	115.00	239.52	85.02	40.00	1	2	
2	239.52	85.02	238.16	83.48	2.06	0	
3	238.16	83.48	213.00	55.00	38.00	1	4	

2	5	180.712	3
1	266.00	115.00	251.83	152.41	40.00	1	2	
2	251.83	152.41	214.40	251.27	105.71	0	
3	214.40	251.27	202.00	284.00	35.00	1	5	

2	6	252.010	4
1	266.00	115.00	226.80	122.94	40.00	1	2	
2	226.80	122.94	54.87	157.74	175.42	0	
3	54.87	157.74	22.92	164.21	32.59	1	1	
4	22.92	164.21	19.00	165.00	4.00	2	1	6	

2	7	223.000	3
1	266.00	115.00	226.00	115.00	40.00	1	2	
2	226.00	115.00	86.00	115.00	140.00	0	
3	86.00	115.00	43.00	115.00	43.00	1	7	

3	0	145.279	2
1	159.00	5.00	157.58	27.96	23.00	1	3	
2	157.58	27.96	150.00	150.00	122.28	0	

3	1	216.689	5
1	159.00	5.00	145.73	23.79	23.00	1	3	
2	145.73	23.79	85.58	108.97	104.28	0	
3	85.58	108.97	52.46	155.86	57.41	1	7	
4	52.46	155.86	51.56	157.14	1.57	2	1	7	
5	51.56	157.14	34.00	182.00	30.43	1	1	

3	2	153.457	5
1	159.00	5.00	175.04	21.49	23.00	1	3	
2	175.04	21.49	183.88	30.58	12.69	0	
3	183.88	30.58	236.60	84.78	75.61	1	4	
4	236.60	84.78	238.11	86.33	2.16	0	
5	238.11	86.33	266.00	115.00	40.00	1	2	

3	3	0	0

3	4	73.593	3
1	159.00	5.00	175.88	20.63	23.00	1	3	
2	175.88	20.63	185.12	29.18	12.59	0	
3	185.12	29.18	213.00	55.00	38.00	1	4	

3	5	282.294	3
1	159.00	5.00	162.50	27.73	23.00	1	3	
2	162.50	27.73	196.67	249.41	224.29	0	
3	196.67	249.41	202.00	284.00	35.00	1	5	

3	6	212.603	6
1	159.00	5.00	143.85	22.31	23.00	1	3	
2	143.85	22.31	80.76	94.42	95.82	0	
3	80.76	94.42	32.07	150.06	73.93	1	7	
4	32.07	150.06	27.62	155.15	6.77	2	1	7	
5	27.62	155.15	21.63	161.99	9.08	1	1	
6	21.63	161.99	19.00	165.00	4.00	2	1	6	

3	7	159.862	3
1	159.00	5.00	142.31	20.83	23.00	1	3	
2	142.31	20.83	74.20	85.41	93.86	0	
3	74.20	85.41	43.00	115.00	43.00	1	7	

4	0	113.991	2
1	213.00	55.00	192.00	86.67	38.00	1	4	
2	192.00	86.67	150.00	150.00	75.99	0	

4	1	219.477	3
1	213.00	55.00	182.01	76.99	38.00	1	4	
2	182.01	76.99	60.10	163.48	149.48	0	
3	60.10	163.48	34.00	182.00	32.00	1	1	

4	2	80.056	3
1	213.00	55.00	238.16	83.48	38.00	1	4	
2	238.16	83.48	239.52	85.02	2.06	0	
3	239.52	85.02	266.00	115.00	40.00	1	2	

4	3	73.593	3
1	213.00	55.00	185.12	29.18	38.00	1	4	
2	185.12	29.18	175.88	20.63	12.59	0	
3	175.88	20.63	159.00	5.00	23.00	1	3	

4	4	0	0

4	5	229.264	3
1	213.00	55.00	211.18	92.96	38.00	1	4	
2	211.18	92.96	203.68	249.04	156.26	0	
3	203.68	249.04	202.00	284.00	35.00	0	

4	6	223.016	6
1	213.00	55.00	179.94	73.74	38.00	1	4	
2	179.94	73.74	83.93	128.18	110.38	0	
3	83.93	128.18	43.12	151.33	46.92	1	7	
4	43.12	151.33	33.30	156.89	11.28	2	1	7	
5	33.30	156.89	22.48	163.03	12.44	1	1	
6	22.48	163.03	19.00	165.00	4.00	2	1	6	

4	7	180.278	3
1	213.00	55.00	177.17	67.65	38.00	1	4	
2	177.17	67.65	83.55	100.69	99.28	0	
3	83.55	100.69	43.00	115.00	43.00	1	7	

5	0	143.736	2
1	202.00	284.00	189.34	251.37	35.00	1	5	
2	189.34	251.37	150.00	150.00	108.74	0	

5	1	196.540	3
1	202.00	284.00	172.08	265.84	35.00	1	5	
2	172.08	265.84	61.35	198.61	129.54	0	
3	61.35	198.61	34.00	182.00	32.00	1	1	

5	2	180.712	3
1	202.00	284.00	214.40	251.27	35.00	1	5	
2	214.40	251.27	251.83	152.41	105.71	0	
3	251.83	152.41	266.00	115.00	40.00	1	2	

5	3	282.294	3
1	202.00	284.00	196.67	249.41	35.00	1	5	
2	196.67	249.41	162.50	27.73	224.29	0	
3	162.50	27.73	159.00	5.00	23.00	1	3	

5	4	229.264	3
1	202.00	284.00	203.68	249.04	35.00	0	
2	203.68	249.04	211.18	92.96	156.26	0	
3	211.18	92.96	213.00	55.00	38.00	1	4	

5	5	0	0

5	6	218.289	4
1	202.00	284.00	172.66	264.92	35.00	1	5	
2	172.66	264.92	63.65	194.04	130.03	0	
3	63.65	194.04	22.35	167.18	49.26	1	1	
4	22.35	167.18	19.00	165.00	4.00	2	1	6	

5	7	232.039	3
1	202.00	284.00	178.02	258.51	35.00	1	5	
2	178.02	258.51	72.46	146.32	154.04	0	
3	72.46	146.32	43.00	115.00	43.00	1	7	

6	0	131.856	3
1	19.00	165.00	22.97	164.54	4.00	2	1	6	
2	22.97	164.54	57.76	160.56	35.01	1	1	
3	57.76	160.56	150.00	150.00	92.85	0	

6	1	22.672	2
1	19.00	165.00	21.65	168.00	4.00	2	1	6	
2	21.65	168.00	34.00	182.00	18.67	1	1	

6	2	252.010	4
1	19.00	165.00	22.92	164.21	4.00	2	1	6	
2	22.92	164.21	54.87	157.74	32.59	1	1	
3	54.87	157.74	226.80	122.94	175.42	0	
4	226.80	122.94	266.00	115.00	40.00	1	2	

6	3	212.603	6
1	19.00	165.00	21.63	161.99	4.00	2	1	6	
2	21.63	161.99	27.62	155.15	9.08	1	1	
3	27.62	155.15	32.07	150.06	6.77	2	1	7	
4	32.07	150.06	80.76	94.42	73.93	1	7	
5	80.76	94.42	143.85	22.31	95.82	0	
6	143.85	22.31	159.00	5.00	23.00	1	3	

6	4	223.016	6
1	19.00	165.00	22.48	163.03	4.00	2	1	6	
2	22.48	163.03	33.30	156.89	12.44	1	1	
3	33.30	156.89	43.12	151.33	11.28	2	1	7	
4	43.12	151.33	83.93	128.18	46.92	1	7	
5	83.93	128.18	179.94	73.74	110.38	0	
6	179.94	73.74	213.00	55.00	38.00	1	4	

6	5	218.289	4
1	19.00	165.00	22.35	167.18	4.00	2	1	6	
2	22.35	167.18	63.65	194.04	49.26	1	1	
3	63.65	194.04	172.66	264.92	130.03	0	
4	172.66	264.92	202.00	284.00	35.00	1	5	

6	6	0	0

6	7	55.462	4
1	19.00	165.00	20.73	161.39	4.00	2	1	6	
2	20.73	161.39	24.39	153.77	8.46	1	1	
3	24.39	153.77	25.67	151.10	2.95	2	1	7	
4	25.67	151.10	43.00	115.00	40.05	1	7	

7	0	112.579	2
1	43.00	115.00	83.87	128.37	43.00	1	7	
2	83.87	128.37	150.00	150.00	69.58	0	

7	1	67.602	3
1	43.00	115.00	38.26	150.29	35.60	1	7	
2	38.26	150.29	37.28	157.62	7.40	2	1	7	
3	37.28	157.62	34.00	182.00	24.60	1	1	

7	2	223.000	3
1	43.00	115.00	86.00	115.00	43.00	1	7	
2	86.00	115.00	226.00	115.00	140.00	0	
3	226.00	115.00	266.00	115.00	40.00	1	2	

7	3	159.862	3
1	43.00	115.00	74.20	85.41	43.00	1	7	
2	74.20	85.41	142.31	20.83	93.86	0	
3	142.31	20.83	159.00	5.00	23.00	1	3	

7	4	180.278	3
1	43.00	115.00	83.55	100.69	43.00	1	7	
2	83.55	100.69	177.17	67.65	99.28	0	
3	177.17	67.65	213.00	55.00	38.00	1	4	

7	5	232.039	3
1	43.00	115.00	72.46	146.32	43.00	1	7	
2	72.46	146.32	178.02	258.51	154.04	0	
3	178.02	258.51	202.00	284.00	35.00	1	5	

7	6	55.462	4
1	43.00	115.00	25.67	151.10	40.05	1	7	
2	25.67	151.10	24.39	153.77	2.95	2	1	7	
3	24.39	153.77	20.73	161.39	8.46	1	1	
4	20.73	161.39	19.00	165.00	4.00	2	1	6	

7	7	0	0
