8	105	2	0.001	100.0
0.000	0.000	0.000	8.000	0.000
273.000	99.000	20.000	1.000	7.000
113.000	296.000	46.000	9.000	5.000
236.000	50.000	38.000	5.000	8.000
259.000	6.000	8.000	9.000	20.000
226.000	102.000	36.000	10.000	15.000
133.000	93.000	40.000	7.000	3.000
208.000	64.000	33.000	2.000	19.000
 


0	0	0	0

0	1	290.396	8
1	0.00	0.00	175.00	63.46	186.16	0	
2	175.00	63.46	203.59	73.83	30.40	1	7	
3	203.59	73.83	207.65	75.30	4.32	2	5	7	
4	207.65	75.30	233.67	84.74	27.68	3	3	5	7	
5	233.67	84.74	241.54	87.59	8.38	2	3	5	
6	241.54	87.59	254.20	92.18	13.46	1	5	
7	254.20	92.18	261.26	94.74	7.51	2	1	5	
8	261.26	94.74	273.00	99.00	12.49	1	1	

0	2	316.836	2
1	0.00	0.00	96.59	253.03	270.84	0	
2	96.59	253.03	113.00	296.00	46.00	1	2	

0	3	241.238	3
1	0.00	0.00	186.00	39.41	190.13	0	
2	186.00	39.41	198.83	42.12	13.11	1	7	
3	198.83	42.12	236.00	50.00	38.00	2	3	7	

0	4	259.069	2
1	0.00	0.00	251.00	5.81	251.07	0	
2	251.00	5.81	259.00	6.00	8.00	1	4	

0	5	247.952	6
1	0.00	0.00	121.30	54.75	133.09	0	
2	121.30	54.75	169.42	76.47	52.79	1	6	
3	169.42	76.47	179.81	81.15	11.39	0	
4	179.81	81.15	193.19	87.19	14.68	1	7	
5	193.19	87.19	213.79	96.49	22.60	2	5	7	
6	213.79	96.49	226.00	102.00	13.40	1	5	

0	6	162.290	2
1	0.00	0.00	100.22	70.08	122.29	0	
2	100.22	70.08	133.00	93.00	40.00	1	6	

0	7	217.624	3
1	0.00	0.00	176.46	54.30	184.62	0	
2	176.46	54.30	199.77	61.47	24.39	1	7	
3	199.77	61.47	208.00	64.00	8.61	2	3	7	

1	0	290.396	8
1	273.00	99.00	261.26	94.74	12.49	1	1	
2	261.26	94.74	254.20	92.18	7.51	2	1	5	
3	254.20	92.18	241.54	87.59	13.46	1	5	
4	241.54	87.59	233.67	84.74	8.38	2	3	5	
5	233.67	84.74	207.65	75.30	27.68	3	3	5	7	
6	207.65	75.30	203.59	73.83	4.32	2	5	7	
7	203.59	73.83	175.00	63.46	30.40	1	7	
8	175.00	63.46	0.00	0.00	186.16	0	

1	1	0	0

1	2	253.789	5
1	273.00	99.00	260.39	114.52	20.00	1	1	
2	260.39	114.52	259.14	116.07	1.99	0	
3	259.14	116.07	246.57	131.55	19.94	1	5	
4	246.57	131.55	142.00	260.29	165.86	0	
5	142.00	260.29	113.00	296.00	46.00	1	2	

1	3	61.400	4
1	273.00	99.00	260.95	83.04	20.00	1	1	
2	260.95	83.04	258.90	80.33	3.40	0	
3	258.90	80.33	239.73	54.94	31.81	1	3	
4	239.73	54.94	236.00	50.00	6.19	2	3	7	

1	4	94.048	5
1	273.00	99.00	270.02	79.22	20.00	1	1	
2	270.02	79.22	268.57	69.57	9.76	0	
3	268.57	69.57	261.36	21.70	48.41	0	
4	261.36	21.70	260.19	13.91	7.88	0	
5	260.19	13.91	259.00	6.00	8.00	1	4	

1	5	47.096	3
1	273.00	99.00	261.93	99.71	11.10	1	1	
2	261.93	99.71	253.04	100.27	8.90	2	1	5	
3	253.04	100.27	226.00	102.00	27.10	1	5	

1	6	140.129	7
1	273.00	99.00	261.83	98.52	11.18	1	1	
2	261.83	98.52	253.02	98.14	8.82	2	1	5	
3	253.02	98.14	213.91	96.47	39.15	1	5	
4	213.91	96.47	199.34	95.84	14.58	2	5	7	
5	199.34	95.84	190.60	95.47	8.75	1	5	
6	190.60	95.47	172.96	94.71	17.65	0	
7	172.96	94.71	133.00	93.00	40.00	1	6	

1	7	73.824	6
1	273.00	99.00	260.69	92.37	13.98	1	1	
2	260.69	92.37	255.39	89.52	6.02	2	1	5	
3	255.39	89.52	248.59	85.85	7.73	1	5	
4	248.59	85.85	237.06	79.65	13.10	2	3	5	
5	237.06	79.65	214.94	67.74	25.11	3	3	5	7	
6	214.94	67.74	208.00	64.00	7.89	2	3	7	

2	0	316.836	2
1	113.00	296.00	96.59	253.03	46.00	1	2	
2	96.59	253.03	0.00	0.00	270.84	0	

2	1	253.789	5
1	113.00	296.00	142.00	260.29	46.00	1	2	
2	142.00	260.29	246.57	131.55	165.86	0	
3	246.57	131.55	259.14	116.07	19.94	1	5	
4	259.14	116.07	260.39	114.52	1.99	0	
5	260.39	114.52	273.00	99.00	20.00	1	1	

2	2	0	0

2	3	275.036	6
1	113.00	296.00	133.57	254.86	46.00	1	2	
2	133.57	254.86	198.43	125.15	145.02	0	
3	198.43	125.15	212.67	96.67	31.84	1	5	
4	212.67	96.67	219.01	83.99	14.18	2	5	7	
5	219.01	83.99	227.97	66.05	20.05	3	3	5	7	
6	227.97	66.05	236.00	50.00	17.95	2	3	7	

2	4	324.678	9
1	113.00	296.00	133.69	254.91	46.00	1	2	
2	133.69	254.91	198.80	125.58	144.80	0	
3	198.80	125.58	213.41	96.55	32.50	1	5	
4	213.41	96.55	219.59	84.28	13.75	2	5	7	
5	219.59	84.28	228.74	66.10	20.34	3	3	5	7	
6	228.74	66.10	237.37	48.96	19.20	2	3	7	
7	237.37	48.96	253.76	16.41	36.44	1	3	
8	253.76	16.41	255.40	13.15	3.65	0	
9	255.40	13.15	259.00	6.00	8.00	1	4	

2	5	224.511	3
1	113.00	296.00	136.15	256.25	46.00	1	2	
2	136.15	256.25	207.88	133.11	142.51	0	
3	207.88	133.11	226.00	102.00	36.00	1	5	

2	6	203.983	3
1	113.00	296.00	117.51	250.22	46.00	0	
2	117.51	250.22	129.08	132.81	117.98	0	
3	129.08	132.81	133.00	93.00	40.00	1	6	

2	7	250.697	6
1	113.00	296.00	130.43	253.43	46.00	1	2	
2	130.43	253.43	190.36	107.08	158.15	0	
3	190.36	107.08	195.49	94.54	13.55	1	5	
4	195.49	94.54	204.16	73.38	22.86	2	5	7	
5	204.16	73.38	204.83	71.74	1.78	1	7	
6	204.83	71.74	208.00	64.00	8.36	2	3	7	

3	0	241.238	3
1	236.00	50.00	198.83	42.12	38.00	2	3	7	
2	198.83	42.12	186.00	39.41	13.11	1	7	
3	186.00	39.41	0.00	0.00	190.13	0	

3	1	61.400	4
1	236.00	50.00	239.73	54.94	6.19	2	3	7	
2	239.73	54.94	258.90	80.33	31.81	1	3	
3	258.90	80.33	260.95	83.04	3.40	0	
4	260.95	83.04	273.00	99.00	20.00	1	1	

3	2	275.036	6
1	236.00	50.00	227.97	66.05	17.95	2	3	7	
2	227.97	66.05	219.01	83.99	20.05	3	3	5	7	
3	219.01	83.99	212.67	96.67	14.18	2	5	7	
4	212.67	96.67	198.43	125.15	31.84	1	5	
5	198.43	125.15	133.57	254.86	145.02	0	
6	133.57	254.86	113.00	296.00	46.00	1	2	

3	3	0	0

3	4	49.649	4
1	236.00	50.00	236.96	48.17	2.06	2	3	7	
2	236.96	48.17	253.60	16.32	35.94	1	3	
3	253.60	16.32	255.29	13.09	3.65	0	
4	255.29	13.09	259.00	6.00	8.00	1	4	

3	5	52.953	4
1	236.00	50.00	232.80	66.65	16.95	2	3	7	
2	232.80	66.65	228.82	87.32	21.05	3	3	5	7	
3	228.82	87.32	228.31	90.01	2.75	2	5	7	
4	228.31	90.01	226.00	102.00	12.21	1	5	

3	6	111.615	4
1	236.00	50.00	200.93	64.64	38.00	2	3	7	
2	200.93	64.64	176.79	74.72	26.16	1	7	
3	176.79	74.72	169.91	77.59	7.45	0	
4	169.91	77.59	133.00	93.00	40.00	1	6	

3	7	31.305	1
1	236.00	50.00	208.00	64.00	31.30	2	3	7	

4	0	259.069	2
1	259.00	6.00	251.00	5.81	8.00	1	4	
2	251.00	5.81	0.00	0.00	251.07	0	

4	1	94.048	5
1	259.00	6.00	260.19	13.91	8.00	1	4	
2	260.19	13.91	261.36	21.70	7.88	0	
3	261.36	21.70	268.57	69.57	48.41	0	
4	268.57	69.57	270.02	79.22	9.76	0	
5	270.02	79.22	273.00	99.00	20.00	1	1	

4	2	324.678	9
1	259.00	6.00	255.40	13.15	8.00	1	4	
2	255.40	13.15	253.76	16.41	3.65	0	
3	253.76	16.41	237.37	48.96	36.44	1	3	
4	237.37	48.96	228.74	66.10	19.20	2	3	7	
5	228.74	66.10	219.59	84.28	20.34	3	3	5	7	
6	219.59	84.28	213.41	96.55	13.75	2	5	7	
7	213.41	96.55	198.80	125.58	32.50	1	5	
8	198.80	125.58	133.69	254.91	144.80	0	
9	133.69	254.91	113.00	296.00	46.00	1	2	

4	3	49.649	4
1	259.00	6.00	255.29	13.09	8.00	1	4	
2	255.29	13.09	253.60	16.32	3.65	0	
3	253.60	16.32	236.96	48.17	35.94	1	3	
4	236.96	48.17	236.00	50.00	2.06	2	3	7	

4	4	0	0

4	5	101.514	7
1	259.00	6.00	256.40	13.57	8.00	1	4	
2	256.40	13.57	255.16	17.18	3.82	0	
3	255.16	17.18	240.67	59.33	44.57	1	3	
4	240.67	59.33	237.70	67.96	9.12	2	3	7	
5	237.70	67.96	230.93	87.66	20.84	3	3	5	7	
6	230.93	87.66	230.89	87.77	0.11	2	5	7	
7	230.89	87.77	226.00	102.00	15.05	1	5	

4	6	153.118	7
1	259.00	6.00	252.42	10.55	8.00	1	4	
2	252.42	10.55	247.66	13.83	5.78	0	
3	247.66	13.83	219.69	33.14	33.98	1	3	
4	219.69	33.14	198.05	48.09	26.30	2	3	7	
5	198.05	48.09	175.00	64.00	28.01	1	7	
6	175.00	64.00	165.92	70.27	11.04	0	
7	165.92	70.27	133.00	93.00	40.00	1	6	

4	7	77.233	4
1	259.00	6.00	253.72	12.01	8.00	1	4	
2	253.72	12.01	251.01	15.09	4.10	0	
3	251.01	15.09	229.79	39.22	32.13	1	3	
4	229.79	39.22	208.00	64.00	33.00	2	3	7	

5	0	247.952	6
1	226.00	102.00	213.79	96.49	13.40	1	5	
2	213.79	96.49	193.19	87.19	22.60	2	5	7	
3	193.19	87.19	179.81	81.15	14.68	1	7	
4	179.81	81.15	169.42	76.47	11.39	0	
5	169.42	76.47	121.30	54.75	52.79	1	6	
6	121.30	54.75	0.00	0.00	133.09	0	

5	1	47.096	3
1	226.00	102.00	253.04	100.27	27.10	1	5	
2	253.04	100.27	261.93	99.71	8.90	2	1	5	
3	261.93	99.71	273.00	99.00	11.10	1	1	

5	2	224.511	3
1	226.00	102.00	207.88	133.11	36.00	1	5	
2	207.88	133.11	136.15	256.25	142.51	0	
3	136.15	256.25	113.00	296.00	46.00	1	2	

5	3	52.953	4
1	226.00	102.00	228.31	90.01	12.21	1	5	
2	228.31	90.01	228.82	87.32	2.75	2	5	7	
3	228.82	87.32	232.80	66.65	21.05	3	3	5	7	
4	232.80	66.65	236.00	50.00	16.95	2	3	7	

5	4	101.514	7
1	226.00	102.00	230.89	87.77	15.05	1	5	
2	230.89	87.77	230.93	87.66	0.11	2	5	7	
3	230.93	87.66	237.70	67.96	20.84	3	3	5	7	
4	237.70	67.96	240.67	59.33	9.12	2	3	7	
5	240.67	59.33	255.16	17.18	44.57	1	3	
6	255.16	17.18	256.40	13.57	3.82	0	
7	256.40	13.57	259.00	6.00	8.00	1	4	

5	5	0	0

5	6	93.434	3
1	226.00	102.00	190.17	98.53	36.00	1	5	
2	190.17	98.53	172.81	96.85	17.43	0	
3	172.81	96.85	133.00	93.00	40.00	1	6	

5	7	42.048	4
1	226.00	102.00	222.13	93.82	9.05	1	5	
2	222.13	93.82	216.94	82.87	12.11	2	5	7	
3	216.94	82.87	210.59	69.47	14.84	3	3	5	7	
4	210.59	69.47	208.00	64.00	6.05	2	3	7	

6	0	162.290	2
1	133.00	93.00	100.22	70.08	40.00	1	6	
2	100.22	70.08	0.00	0.00	122.29	0	

6	1	140.129	7
1	133.00	93.00	172.96	94.71	40.00	1	6	
2	172.96	94.71	190.60	95.47	17.65	0	
3	190.60	95.47	199.34	95.84	8.75	1	5	
4	199.34	95.84	213.91	96.47	14.58	2	5	7	
5	213.91	96.47	253.02	98.14	39.15	1	5	
6	253.02	98.14	261.83	98.52	8.82	2	1	5	
7	261.83	98.52	273.00	99.00	11.18	1	1	

6	2	203.983	3
1	133.00	93.00	129.08	132.81	40.00	1	6	
2	129.08	132.81	117.51	250.22	117.98	0	
3	117.51	250.22	113.00	296.00	46.00	0	

6	3	111.615	4
1	133.00	93.00	169.91	77.59	40.00	1	6	
2	169.91	77.59	176.79	74.72	7.45	0	
3	176.79	74.72	200.93	64.64	26.16	1	7	
4	200.93	64.64	236.00	50.00	38.00	2	3	7	

6	4	153.118	7
1	133.00	93.00	165.92	70.27	40.00	1	6	
2	165.92	70.27	175.00	64.00	11.04	0	
3	175.00	64.00	198.05	48.09	28.01	1	7	
4	198.05	48.09	219.69	33.14	26.30	2	3	7	
5	219.69	33.14	247.66	13.83	33.98	1	3	
6	247.66	13.83	252.42	10.55	5.78	0	
7	252.42	10.55	259.00	6.00	8.00	1	4	

6	5	93.434	3
1	133.00	93.00	172.81	96.85	40.00	1	6	
2	172.81	96.85	190.17	98.53	17.43	0	
3	190.17	98.53	226.00	102.00	36.00	1	5	

6	6	0	0

6	7	80.411	4
1	133.00	93.00	170.31	78.57	40.00	1	6	
2	170.31	78.57	177.22	75.90	7.41	0	
3	177.22	75.90	201.73	66.42	26.28	1	7	
4	201.73	66.42	208.00	64.00	6.72	2	3	7	

7	0	217.624	3
1	208.00	64.00	199.77	61.47	8.61	2	3	7	
2	199.77	61.47	176.46	54.30	24.39	1	7	
3	176.46	54.30	0.00	0.00	184.62	0	

7	1	73.824	6
1	208.00	64.00	214.94	67.74	7.89	2	3	7	
2	214.94	67.74	237.06	79.65	25.11	3	3	5	7	
3	237.06	79.65	248.59	85.85	13.10	2	3	5	
4	248.59	85.85	255.39	89.52	7.73	1	5	
5	255.39	89.52	260.69	92.37	6.02	2	1	5	
6	260.69	92.37	273.00	99.00	13.98	1	1	

7	2	250.697	6
1	208.00	64.00	204.83	71.74	8.36	2	3	7	
2	204.83	71.74	204.16	73.38	1.78	1	7	
3	204.16	73.38	195.49	94.54	22.86	2	5	7	
4	195.49	94.54	190.36	107.08	13.55	1	5	
5	190.36	107.08	130.43	253.43	158.15	0	
6	130.43	253.43	113.00	296.00	46.00	1	2	

7	3	31.305	1
1	208.00	64.00	236.00	50.00	31.30	2	3	7	

7	4	77.233	4
1	208.00	64.00	229.79	39.22	33.00	2	3	7	
2	229.79	39.22	251.01	15.09	32.13	1	3	
3	251.01	15.09	253.72	12.01	4.10	0	
4	253.72	12.01	259.00	6.00	8.00	1	4	

7	5	42.048	4
1	208.00	64.00	210.59	69.47	6.05	2	3	7	
2	210.59	69.47	216.94	82.87	14.84	3	3	5	7	
3	216.94	82.87	222.13	93.82	12.11	2	5	7	
4	222.13	93.82	226.00	102.00	9.05	1	5	

7	6	80.411	4
1	208.00	64.00	201.73	66.42	6.72	2	3	7	
2	201.73	66.42	177.22	75.90	26.28	1	7	
3	177.22	75.90	170.31	78.57	7.41	0	
4	170.31	78.57	133.00	93.00	40.00	1	6	

7	7	0	0
