8	98	2	0.001	35.0
0.000	0.000	0.000	7.000	0.000
219.000	199.000	16.000	8.000	14.000
146.000	10.000	27.000	10.000	13.000
54.000	48.000	12.000	5.000	19.000
140.000	291.000	33.000	10.000	11.000
90.000	97.000	44.000	2.000	5.000
142.000	101.000	4.000	3.000	3.000
49.000	61.000	25.000	6.000	8.000
 


0	0	0	0

0	1	295.909	8
1	0.00	0.00	41.05	37.30	55.46	0	
2	41.05	37.30	44.61	40.53	4.81	1	7	
3	44.61	40.53	62.33	56.64	23.95	2	3	7	
4	62.33	56.64	66.10	60.06	5.09	1	7	
5	66.10	60.06	73.35	66.65	9.80	2	5	7	
6	73.35	66.65	129.05	117.27	75.26	1	5	
7	129.05	117.27	207.16	188.24	105.53	0	
8	207.16	188.24	219.00	199.00	16.00	1	1	

0	2	146.342	2
1	0.00	0.00	119.06	8.15	119.34	0	
2	119.06	8.15	146.00	10.00	27.00	1	2	

0	3	72.250	3
1	0.00	0.00	41.72	37.08	55.82	0	
2	41.72	37.08	45.03	40.03	4.43	1	7	
3	45.03	40.03	54.00	48.00	12.00	2	3	7	

0	4	322.926	6
1	0.00	0.00	25.39	52.78	58.57	0	
2	25.39	52.78	40.69	84.58	35.29	1	7	
3	40.69	84.58	46.02	95.66	12.29	0	
4	46.02	95.66	63.60	132.20	40.55	1	5	
5	63.60	132.20	125.69	261.26	143.22	0	
6	125.69	261.26	140.00	291.00	33.00	1	4	

0	5	132.322	6
1	0.00	0.00	36.51	39.35	53.67	0	
2	36.51	39.35	42.25	45.54	8.45	1	7	
3	42.25	45.54	55.57	59.90	19.58	2	3	7	
4	55.57	59.90	60.07	64.75	6.61	1	7	
5	60.07	64.75	69.66	75.08	14.09	2	5	7	
6	69.66	75.08	90.00	97.00	29.91	1	5	

0	6	174.256	8
1	0.00	0.00	50.69	36.06	62.21	0	
2	50.69	36.06	51.11	36.35	0.51	1	7	
3	51.11	36.35	65.95	46.91	18.21	2	3	7	
4	65.95	46.91	72.01	51.22	7.43	1	7	
5	72.01	51.22	77.19	54.91	6.37	0	
6	77.19	54.91	133.97	95.29	69.67	1	5	
7	133.97	95.29	138.74	98.68	5.86	0	
8	138.74	98.68	142.00	101.00	4.00	1	6	

0	7	78.243	2
1	0.00	0.00	33.34	41.51	53.24	0	
2	33.34	41.51	49.00	61.00	25.00	1	7	

1	0	295.909	8
1	219.00	199.00	207.16	188.24	16.00	1	1	
2	207.16	188.24	129.05	117.27	105.53	0	
3	129.05	117.27	73.35	66.65	75.26	1	5	
4	73.35	66.65	66.10	60.06	9.80	2	5	7	
5	66.10	60.06	62.33	56.64	5.09	1	7	
6	62.33	56.64	44.61	40.53	23.95	2	3	7	
7	44.61	40.53	41.05	37.30	4.81	1	7	
8	41.05	37.30	0.00	0.00	55.46	0	

1	1	0	0

1	2	202.608	3
1	219.00	199.00	213.24	184.07	16.00	1	1	
2	213.24	184.07	155.73	35.19	159.61	0	
3	155.73	35.19	146.00	10.00	27.00	1	2	

1	3	223.665	6
1	219.00	199.00	207.20	188.20	16.00	1	1	
2	207.20	188.20	129.26	116.87	105.65	0	
3	129.26	116.87	73.52	65.87	75.55	1	5	
4	73.52	65.87	66.73	59.65	9.20	2	5	7	
5	66.73	59.65	62.85	56.10	5.26	1	7	
6	62.85	56.10	54.00	48.00	12.00	2	3	7	

1	4	121.264	3
1	219.00	199.00	208.58	211.14	16.00	1	1	
2	208.58	211.14	161.50	265.96	72.26	0	
3	161.50	265.96	140.00	291.00	33.00	1	4	

1	5	164.454	3
1	219.00	199.00	206.45	189.08	16.00	1	1	
2	206.45	189.08	124.51	124.29	104.45	0	
3	124.51	124.29	90.00	97.00	44.00	1	5	

1	6	124.631	3
1	219.00	199.00	209.11	186.42	16.00	1	1	
2	209.11	186.42	144.47	104.15	104.63	0	
3	144.47	104.15	142.00	101.00	4.00	1	6	

1	7	218.961	5
1	219.00	199.00	206.58	188.92	16.00	1	1	
2	206.58	188.92	125.45	123.06	104.49	0	
3	125.45	123.06	68.41	76.76	73.47	1	5	
4	68.41	76.76	57.21	67.66	14.43	2	5	7	
5	57.21	67.66	49.00	61.00	10.57	1	7	

2	0	146.342	2
1	146.00	10.00	119.06	8.15	27.00	1	2	
2	119.06	8.15	0.00	0.00	119.34	0	

2	1	202.608	3
1	146.00	10.00	155.73	35.19	27.00	1	2	
2	155.73	35.19	213.24	184.07	159.61	0	
3	213.24	184.07	219.00	199.00	16.00	1	1	

2	2	0	0

2	3	99.539	4
1	146.00	10.00	121.04	20.31	27.00	1	2	
2	121.04	20.31	66.28	42.93	59.26	0	
3	66.28	42.93	65.09	43.42	1.28	1	7	
4	65.09	43.42	54.00	48.00	12.00	2	3	7	

2	4	281.064	5
1	146.00	10.00	145.42	36.99	27.00	0	
2	145.42	36.99	144.13	97.62	60.63	0	
3	144.13	97.62	143.98	104.47	6.86	1	6	
4	143.98	104.47	140.70	258.01	153.57	0	
5	140.70	258.01	140.00	291.00	33.00	0	

2	5	103.465	3
1	146.00	10.00	131.39	32.70	27.00	1	2	
2	131.39	32.70	113.81	60.00	32.47	0	
3	113.81	60.00	90.00	97.00	44.00	1	5	

2	6	91.088	3
1	146.00	10.00	144.81	36.97	27.00	0	
2	144.81	36.97	142.18	97.00	60.09	0	
3	142.18	97.00	142.00	101.00	4.00	1	6	

2	7	109.590	5
1	146.00	10.00	122.10	22.57	27.00	1	2	
2	122.10	22.57	71.13	49.37	57.59	0	
3	71.13	49.37	65.11	52.53	6.80	1	7	
4	65.11	52.53	51.43	59.72	15.46	2	3	7	
5	51.43	59.72	49.00	61.00	2.75	1	7	

3	0	72.250	3
1	54.00	48.00	45.03	40.03	12.00	2	3	7	
2	45.03	40.03	41.72	37.08	4.43	1	7	
3	41.72	37.08	0.00	0.00	55.82	0	

3	1	223.665	6
1	54.00	48.00	62.85	56.10	12.00	2	3	7	
2	62.85	56.10	66.73	59.65	5.26	1	7	
3	66.73	59.65	73.52	65.87	9.20	2	5	7	
4	73.52	65.87	129.26	116.87	75.55	1	5	
5	129.26	116.87	207.20	188.20	105.65	0	
6	207.20	188.20	219.00	199.00	16.00	1	1	

3	2	99.539	4
1	54.00	48.00	65.09	43.42	12.00	2	3	7	
2	65.09	43.42	66.28	42.93	1.28	1	7	
3	66.28	42.93	121.04	20.31	59.26	0	
4	121.04	20.31	146.00	10.00	27.00	1	2	

3	3	0	0

3	4	257.769	6
1	54.00	48.00	58.00	59.31	12.00	2	3	7	
2	58.00	59.31	59.96	64.85	5.87	1	7	
3	59.96	64.85	65.31	79.95	16.02	2	5	7	
4	65.31	79.95	86.87	140.89	64.64	1	5	
5	86.87	140.89	128.99	259.89	126.24	0	
6	128.99	259.89	140.00	291.00	33.00	1	4	

3	5	60.803	4
1	54.00	48.00	61.10	57.67	12.00	2	3	7	
2	61.10	57.67	63.95	61.54	4.80	1	7	
3	63.95	61.54	71.52	71.85	12.79	2	5	7	
4	71.52	71.85	90.00	97.00	31.21	1	5	

3	6	102.728	6
1	54.00	48.00	64.28	54.19	12.00	2	3	7	
2	64.28	54.19	70.15	57.73	6.86	1	7	
3	70.15	57.73	73.98	60.03	4.47	2	5	7	
4	73.98	60.03	133.99	96.18	70.05	1	5	
5	133.99	96.18	138.57	98.94	5.35	0	
6	138.57	98.94	142.00	101.00	4.00	1	6	

3	7	13.928	2
1	54.00	48.00	49.69	59.20	12.00	2	3	7	
2	49.69	59.20	49.00	61.00	1.93	1	7	

4	0	322.926	6
1	140.00	291.00	125.69	261.26	33.00	1	4	
2	125.69	261.26	63.60	132.20	143.22	0	
3	63.60	132.20	46.02	95.66	40.55	1	5	
4	46.02	95.66	40.69	84.58	12.29	0	
5	40.69	84.58	25.39	52.78	35.29	1	7	
6	25.39	52.78	0.00	0.00	58.57	0	

4	1	121.264	3
1	140.00	291.00	161.50	265.96	33.00	1	4	
2	161.50	265.96	208.58	211.14	72.26	0	
3	208.58	211.14	219.00	199.00	16.00	1	1	

4	2	281.064	5
1	140.00	291.00	140.70	258.01	33.00	0	
2	140.70	258.01	143.98	104.47	153.57	0	
3	143.98	104.47	144.13	97.62	6.86	1	6	
4	144.13	97.62	145.42	36.99	60.63	0	
5	145.42	36.99	146.00	10.00	27.00	0	

4	3	257.769	6
1	140.00	291.00	128.99	259.89	33.00	1	4	
2	128.99	259.89	86.87	140.89	126.24	0	
3	86.87	140.89	65.31	79.95	64.64	1	5	
4	65.31	79.95	59.96	64.85	16.02	2	5	7	
5	59.96	64.85	58.00	59.31	5.87	1	7	
6	58.00	59.31	54.00	48.00	12.00	2	3	7	

4	4	0	0

4	5	200.340	3
1	140.00	291.00	131.76	259.04	33.00	1	4	
2	131.76	259.04	100.98	139.61	123.34	0	
3	100.98	139.61	90.00	97.00	44.00	1	5	

4	6	190.011	3
1	140.00	291.00	140.35	258.01	33.00	1	4	
2	140.35	258.01	141.96	105.00	153.02	0	
3	141.96	105.00	142.00	101.00	4.00	1	6	

4	7	247.348	5
1	140.00	291.00	127.86	260.31	33.00	1	4	
2	127.86	260.31	80.22	139.90	129.50	0	
3	80.22	139.90	58.20	84.25	59.85	1	5	
4	58.20	84.25	53.51	72.41	12.73	2	5	7	
5	53.51	72.41	49.00	61.00	12.27	1	7	

5	0	132.322	6
1	90.00	97.00	69.66	75.08	29.91	1	5	
2	69.66	75.08	60.07	64.75	14.09	2	5	7	
3	60.07	64.75	55.57	59.90	6.61	1	7	
4	55.57	59.90	42.25	45.54	19.58	2	3	7	
5	42.25	45.54	36.51	39.35	8.45	1	7	
6	36.51	39.35	0.00	0.00	53.67	0	

5	1	164.454	3
1	90.00	97.00	124.51	124.29	44.00	1	5	
2	124.51	124.29	206.45	189.08	104.45	0	
3	206.45	189.08	219.00	199.00	16.00	1	1	

5	2	103.465	3
1	90.00	97.00	113.81	60.00	44.00	1	5	
2	113.81	60.00	131.39	32.70	32.47	0	
3	131.39	32.70	146.00	10.00	27.00	1	2	

5	3	60.803	4
1	90.00	97.00	71.52	71.85	31.21	1	5	
2	71.52	71.85	63.95	61.54	12.79	2	5	7	
3	63.95	61.54	61.10	57.67	4.80	1	7	
4	61.10	57.67	54.00	48.00	12.00	2	3	7	

5	4	200.340	3
1	90.00	97.00	100.98	139.61	44.00	1	5	
2	100.98	139.61	131.76	259.04	123.34	0	
3	131.76	259.04	140.00	291.00	33.00	1	4	

5	5	0	0

5	6	52.154	3
1	90.00	97.00	133.87	100.37	44.00	1	5	
2	133.87	100.37	138.01	100.69	4.15	0	
3	138.01	100.69	142.00	101.00	4.00	1	6	

5	7	54.562	3
1	90.00	97.00	67.79	77.50	29.56	1	5	
2	67.79	77.50	56.94	67.97	14.44	2	5	7	
3	56.94	67.97	49.00	61.00	10.56	1	7	

6	0	174.256	8
1	142.00	101.00	138.74	98.68	4.00	1	6	
2	138.74	98.68	133.97	95.29	5.86	0	
3	133.97	95.29	77.19	54.91	69.67	1	5	
4	77.19	54.91	72.01	51.22	6.37	0	
5	72.01	51.22	65.95	46.91	7.43	1	7	
6	65.95	46.91	51.11	36.35	18.21	2	3	7	
7	51.11	36.35	50.69	36.06	0.51	1	7	
8	50.69	36.06	0.00	0.00	62.21	0	

6	1	124.631	3
1	142.00	101.00	144.47	104.15	4.00	1	6	
2	144.47	104.15	209.11	186.42	104.63	0	
3	209.11	186.42	219.00	199.00	16.00	1	1	

6	2	91.088	3
1	142.00	101.00	142.18	97.00	4.00	1	6	
2	142.18	97.00	144.81	36.97	60.09	0	
3	144.81	36.97	146.00	10.00	27.00	0	

6	3	102.728	6
1	142.00	101.00	138.57	98.94	4.00	1	6	
2	138.57	98.94	133.99	96.18	5.35	0	
3	133.99	96.18	73.98	60.03	70.05	1	5	
4	73.98	60.03	70.15	57.73	4.47	2	5	7	
5	70.15	57.73	64.28	54.19	6.86	1	7	
6	64.28	54.19	54.00	48.00	12.00	2	3	7	

6	4	190.011	3
1	142.00	101.00	141.96	105.00	4.00	1	6	
2	141.96	105.00	140.35	258.01	153.02	0	
3	140.35	258.01	140.00	291.00	33.00	1	4	

6	5	52.154	3
1	142.00	101.00	138.01	100.69	4.00	1	6	
2	138.01	100.69	133.87	100.37	4.15	0	
3	133.87	100.37	90.00	97.00	44.00	1	5	

6	6	0	0

6	7	101.237	5
1	142.00	101.00	138.33	99.42	4.00	1	6	
2	138.33	99.42	134.00	97.56	4.71	0	
3	134.00	97.56	71.97	70.88	67.52	1	5	
4	71.97	70.88	59.34	65.45	13.75	2	5	7	
5	59.34	65.45	49.00	61.00	11.25	1	7	

7	0	78.243	2
1	49.00	61.00	33.34	41.51	25.00	1	7	
2	33.34	41.51	0.00	0.00	53.24	0	

7	1	218.961	5
1	49.00	61.00	57.21	67.66	10.57	1	7	
2	57.21	67.66	68.41	76.76	14.43	2	5	7	
3	68.41	76.76	125.45	123.06	73.47	1	5	
4	125.45	123.06	206.58	188.92	104.49	0	
5	206.58	188.92	219.00	199.00	16.00	1	1	

7	2	109.590	5
1	49.00	61.00	51.43	59.72	2.75	1	7	
2	51.43	59.72	65.11	52.53	15.46	2	3	7	
3	65.11	52.53	71.13	49.37	6.80	1	7	
4	71.13	49.37	122.10	22.57	57.59	0	
5	122.10	22.57	146.00	10.00	27.00	1	2	

7	3	13.928	2
1	49.00	61.00	49.69	59.20	1.93	1	7	
2	49.69	59.20	54.00	48.00	12.00	2	3	7	

7	4	247.348	5
1	49.00	61.00	53.51	72.41	12.27	1	7	
2	53.51	72.41	58.20	84.25	12.73	2	5	7	
3	58.20	84.25	80.22	139.90	59.85	1	5	
4	80.22	139.90	127.86	260.31	129.50	0	
5	127.86	260.31	140.00	291.00	33.00	1	4	

7	5	54.562	3
1	49.00	61.00	56.94	67.97	10.56	1	7	
2	56.94	67.97	67.79	77.50	14.44	2	5	7	
3	67.79	77.50	90.00	97.00	29.56	1	5	

7	6	101.237	5
1	49.00	61.00	59.34	65.45	11.25	1	7	
2	59.34	65.45	71.97	70.88	13.75	2	5	7	
3	71.97	70.88	134.00	97.56	67.52	1	5	
4	134.00	97.56	138.33	99.42	4.71	0	
5	138.33	99.42	142.00	101.00	4.00	1	6	

7	7	0	0
