8	85	2	0.001	90.0
0.000	0.000	0.000	1.000	0.000
156.000	250.000	25.000	1.000	16.000
57.000	181.000	5.000	9.000	18.000
198.000	257.000	33.000	4.000	5.000
25.000	95.000	49.000	8.000	13.000
168.000	220.000	9.000	8.000	1.000
257.000	65.000	5.000	4.000	3.000
266.000	94.000	30.000	1.000	15.000
 


0	0	0	0

0	1	294.679	4
1	0.00	0.00	28.80	46.15	54.39	0	
2	28.80	46.15	70.55	113.06	78.87	1	4	
3	70.55	113.06	142.77	228.79	136.41	0	
4	142.77	228.79	156.00	250.00	25.00	1	1	

0	2	189.763	4
1	0.00	0.00	14.82	47.07	49.35	0	
2	14.82	47.07	44.12	140.11	97.55	0	
3	44.12	140.11	55.50	176.23	37.87	0	
4	55.50	176.23	57.00	181.00	5.00	1	2	

0	3	324.427	6
1	0.00	0.00	36.49	47.37	59.79	0	
2	36.49	47.37	73.99	96.04	61.44	1	4	
3	73.99	96.04	163.49	212.21	146.65	0	
4	163.49	212.21	174.38	226.35	17.84	1	5	
5	174.38	226.35	177.86	230.86	5.70	0	
6	177.86	230.86	198.00	257.00	33.00	1	3	

0	4	98.234	2
1	0.00	0.00	12.53	47.61	49.23	0	
2	12.53	47.61	25.00	95.00	49.00	0	

0	5	276.810	4
1	0.00	0.00	36.10	47.27	59.48	0	
2	36.10	47.27	73.96	96.86	62.39	1	4	
3	73.96	96.86	162.54	212.85	145.94	0	
4	162.54	212.85	168.00	220.00	9.00	1	5	

0	6	265.092	2
1	0.00	0.00	252.15	63.77	260.09	0	
2	252.15	63.77	257.00	65.00	5.00	1	6	

0	7	282.121	2
1	0.00	0.00	237.71	84.00	252.12	0	
2	237.71	84.00	266.00	94.00	30.00	1	7	

1	0	294.679	4
1	156.00	250.00	142.77	228.79	25.00	1	1	
2	142.77	228.79	70.55	113.06	136.41	0	
3	70.55	113.06	28.80	46.15	78.87	1	4	
4	28.80	46.15	0.00	0.00	54.39	0	

1	1	0	0

1	2	120.673	3
1	156.00	250.00	135.49	235.71	25.00	1	1	
2	135.49	235.71	61.10	183.86	90.67	0	
3	61.10	183.86	57.00	181.00	5.00	1	2	

1	3	42.579	3
1	156.00	250.00	165.45	251.57	9.58	1	1	
2	165.45	251.57	180.66	254.11	15.42	2	1	3	
3	180.66	254.11	198.00	257.00	17.58	1	3	

1	4	202.943	3
1	156.00	250.00	139.86	230.91	25.00	1	1	
2	139.86	230.91	56.63	132.42	128.94	0	
3	56.63	132.42	25.00	95.00	49.00	1	4	

1	5	32.311	3
1	156.00	250.00	164.66	228.36	23.31	1	1	
2	164.66	228.36	165.28	226.79	1.69	2	1	5	
3	165.28	226.79	168.00	220.00	7.31	1	5	

1	6	210.775	7
1	156.00	250.00	167.47	228.98	23.94	1	1	
2	167.47	228.98	167.98	228.06	1.06	2	1	5	
3	167.98	228.06	175.27	214.70	15.22	1	5	
4	175.27	214.70	236.99	101.65	128.80	0	
5	236.99	101.65	254.60	69.39	36.76	1	7	
6	254.60	69.39	256.75	65.46	4.47	2	6	7	
7	256.75	65.46	257.00	65.00	0.53	1	6	

1	7	190.882	5
1	156.00	250.00	170.41	229.57	25.00	1	1	
2	170.41	229.57	171.23	228.40	1.43	0	
3	171.23	228.40	177.00	220.22	10.01	1	5	
4	177.00	220.22	248.71	118.52	124.45	0	
5	248.71	118.52	266.00	94.00	30.00	1	7	

2	0	189.763	4
1	57.00	181.00	55.50	176.23	5.00	1	2	
2	55.50	176.23	44.12	140.11	37.87	0	
3	44.12	140.11	14.82	47.07	97.55	0	
4	14.82	47.07	0.00	0.00	49.35	0	

2	1	120.673	3
1	57.00	181.00	61.10	183.86	5.00	1	2	
2	61.10	183.86	135.49	235.71	90.67	0	
3	135.49	235.71	156.00	250.00	25.00	1	1	

2	2	0	0

2	3	160.178	5
1	57.00	181.00	61.40	183.37	5.00	1	2	
2	61.40	183.37	144.16	227.98	94.02	0	
3	144.16	227.98	168.95	241.34	28.16	1	1	
4	168.95	241.34	180.90	247.78	13.58	2	1	3	
5	180.90	247.78	198.00	257.00	19.42	1	3	

2	4	91.761	3
1	57.00	181.00	55.26	176.31	5.00	1	2	
2	55.26	176.31	42.09	140.92	37.76	0	
3	42.09	140.92	25.00	95.00	49.00	0	

2	5	117.652	3
1	57.00	181.00	61.72	182.66	5.00	1	2	
2	61.72	182.66	159.51	217.02	103.65	0	
3	159.51	217.02	168.00	220.00	9.00	1	5	

2	6	231.206	5
1	57.00	181.00	61.33	178.49	5.00	1	2	
2	61.33	178.49	246.93	70.84	214.57	0	
3	246.93	70.84	252.67	67.51	6.64	1	7	
4	252.67	67.51	255.36	65.95	3.11	2	6	7	
5	255.36	65.95	257.00	65.00	1.89	1	6	

2	7	226.385	3
1	57.00	181.00	61.62	179.08	5.00	1	2	
2	61.62	179.08	238.30	105.53	191.38	0	
3	238.30	105.53	266.00	94.00	30.00	1	7	

3	0	324.427	6
1	198.00	257.00	177.86	230.86	33.00	1	3	
2	177.86	230.86	174.38	226.35	5.70	0	
3	174.38	226.35	163.49	212.21	17.84	1	5	
4	163.49	212.21	73.99	96.04	146.65	0	
5	73.99	96.04	36.49	47.37	61.44	1	4	
6	36.49	47.37	0.00	0.00	59.79	0	

3	1	42.579	3
1	198.00	257.00	180.66	254.11	17.58	1	3	
2	180.66	254.11	165.45	251.57	15.42	2	1	3	
3	165.45	251.57	156.00	250.00	9.58	1	1	

3	2	160.178	5
1	198.00	257.00	180.90	247.78	19.42	1	3	
2	180.90	247.78	168.95	241.34	13.58	2	1	3	
3	168.95	241.34	144.16	227.98	28.16	1	1	
4	144.16	227.98	61.40	183.37	94.02	0	
5	61.40	183.37	57.00	181.00	5.00	1	2	

3	3	0	0

3	4	237.008	7
1	198.00	257.00	178.15	238.42	27.19	1	3	
2	178.15	238.42	173.91	234.44	5.81	2	1	3	
3	173.91	234.44	168.10	229.00	7.97	1	1	
4	168.10	229.00	166.11	227.13	2.73	2	1	5	
5	166.11	227.13	159.01	220.49	9.72	1	5	
6	159.01	220.49	60.77	128.49	134.60	0	
7	60.77	128.49	25.00	95.00	49.00	1	4	

3	5	47.634	3
1	198.00	257.00	177.22	231.37	33.00	1	3	
2	177.22	231.37	173.67	226.99	5.63	0	
3	173.67	226.99	168.00	220.00	9.00	1	5	

3	6	200.861	5
1	198.00	257.00	207.69	225.46	33.00	1	3	
2	207.69	225.46	242.40	112.52	118.15	0	
3	242.40	112.52	255.53	69.78	44.71	1	7	
4	255.53	69.78	256.87	65.42	4.56	2	6	7	
5	256.87	65.42	257.00	65.00	0.44	1	6	

3	7	176.615	3
1	198.00	257.00	210.71	226.54	33.00	1	3	
2	210.71	226.54	254.45	121.69	113.62	0	
3	254.45	121.69	266.00	94.00	30.00	1	7	

4	0	98.234	2
1	25.00	95.00	12.53	47.61	49.00	0	
2	12.53	47.61	0.00	0.00	49.23	0	

4	1	202.943	3
1	25.00	95.00	56.63	132.42	49.00	1	4	
2	56.63	132.42	139.86	230.91	128.94	0	
3	139.86	230.91	156.00	250.00	25.00	1	1	

4	2	91.761	3
1	25.00	95.00	42.09	140.92	49.00	0	
2	42.09	140.92	55.26	176.31	37.76	0	
3	55.26	176.31	57.00	181.00	5.00	1	2	

4	3	237.008	7
1	25.00	95.00	60.77	128.49	49.00	1	4	
2	60.77	128.49	159.01	220.49	134.60	0	
3	159.01	220.49	166.11	227.13	9.72	1	5	
4	166.11	227.13	168.10	229.00	2.73	2	1	5	
5	168.10	229.00	173.91	234.44	7.97	1	1	
6	173.91	234.44	178.15	238.42	5.81	2	1	3	
7	178.15	238.42	198.00	257.00	27.19	1	3	

4	4	0	0

4	5	189.932	3
1	25.00	95.00	61.89	127.25	49.00	1	4	
2	61.89	127.25	161.22	214.08	131.93	0	
3	161.22	214.08	168.00	220.00	9.00	1	5	

4	6	233.932	3
1	25.00	95.00	73.60	88.72	49.00	1	4	
2	73.60	88.72	252.04	65.64	179.93	0	
3	252.04	65.64	257.00	65.00	5.00	1	6	

4	7	241.002	3
1	25.00	95.00	74.00	94.80	49.00	1	4	
2	74.00	94.80	236.00	94.12	162.00	0	
3	236.00	94.12	266.00	94.00	30.00	1	7	

5	0	276.810	4
1	168.00	220.00	162.54	212.85	9.00	1	5	
2	162.54	212.85	73.96	96.86	145.94	0	
3	73.96	96.86	36.10	47.27	62.39	1	4	
4	36.10	47.27	0.00	0.00	59.48	0	

5	1	32.311	3
1	168.00	220.00	165.28	226.79	7.31	1	5	
2	165.28	226.79	164.66	228.36	1.69	2	1	5	
3	164.66	228.36	156.00	250.00	23.31	1	1	

5	2	117.652	3
1	168.00	220.00	159.51	217.02	9.00	1	5	
2	159.51	217.02	61.72	182.66	103.65	0	
3	61.72	182.66	57.00	181.00	5.00	1	2	

5	3	47.634	3
1	168.00	220.00	173.67	226.99	9.00	1	5	
2	173.67	226.99	177.22	231.37	5.63	0	
3	177.22	231.37	198.00	257.00	33.00	1	3	

5	4	189.932	3
1	168.00	220.00	161.22	214.08	9.00	1	5	
2	161.22	214.08	61.89	127.25	131.93	0	
3	61.89	127.25	25.00	95.00	49.00	1	4	

5	5	0	0

5	6	178.734	5
1	168.00	220.00	172.48	212.20	9.00	1	5	
2	172.48	212.20	236.69	100.38	128.94	0	
3	236.69	100.38	254.51	69.34	35.80	1	7	
4	254.51	69.34	256.73	65.47	4.46	2	6	7	
5	256.73	65.47	257.00	65.00	0.54	1	6	

5	7	159.625	3
1	168.00	220.00	173.53	212.90	9.00	1	5	
2	173.53	212.90	247.58	117.68	120.62	0	
3	247.58	117.68	266.00	94.00	30.00	1	7	

6	0	265.092	2
1	257.00	65.00	252.15	63.77	5.00	1	6	
2	252.15	63.77	0.00	0.00	260.09	0	

6	1	210.775	7
1	257.00	65.00	256.75	65.46	0.53	1	6	
2	256.75	65.46	254.60	69.39	4.47	2	6	7	
3	254.60	69.39	236.99	101.65	36.76	1	7	
4	236.99	101.65	175.27	214.70	128.80	0	
5	175.27	214.70	167.98	228.06	15.22	1	5	
6	167.98	228.06	167.47	228.98	1.06	2	1	5	
7	167.47	228.98	156.00	250.00	23.94	1	1	

6	2	231.206	5
1	257.00	65.00	255.36	65.95	1.89	1	6	
2	255.36	65.95	252.67	67.51	3.11	2	6	7	
3	252.67	67.51	246.93	70.84	6.64	1	7	
4	246.93	70.84	61.33	178.49	214.57	0	
5	61.33	178.49	57.00	181.00	5.00	1	2	

6	3	200.861	5
1	257.00	65.00	256.87	65.42	0.44	1	6	
2	256.87	65.42	255.53	69.78	4.56	2	6	7	
3	255.53	69.78	242.40	112.52	44.71	1	7	
4	242.40	112.52	207.69	225.46	118.15	0	
5	207.69	225.46	198.00	257.00	33.00	1	3	

6	4	233.932	3
1	257.00	65.00	252.04	65.64	5.00	1	6	
2	252.04	65.64	73.60	88.72	179.93	0	
3	73.60	88.72	25.00	95.00	49.00	1	4	

6	5	178.734	5
1	257.00	65.00	256.73	65.47	0.54	1	6	
2	256.73	65.47	254.51	69.34	4.46	2	6	7	
3	254.51	69.34	236.69	100.38	35.80	1	7	
4	236.69	100.38	172.48	212.20	128.94	0	
5	172.48	212.20	168.00	220.00	9.00	1	5	

6	6	0	0

6	7	30.364	3
1	257.00	65.00	257.11	65.35	0.36	1	6	
2	257.11	65.35	258.48	69.78	4.64	2	6	7	
3	258.48	69.78	266.00	94.00	25.36	1	7	

7	0	282.121	2
1	266.00	94.00	237.71	84.00	30.00	1	7	
2	237.71	84.00	0.00	0.00	252.12	0	

7	1	190.882	5
1	266.00	94.00	248.71	118.52	30.00	1	7	
2	248.71	118.52	177.00	220.22	124.45	0	
3	177.00	220.22	171.23	228.40	10.01	1	5	
4	171.23	228.40	170.41	229.57	1.43	0	
5	170.41	229.57	156.00	250.00	25.00	1	1	

7	2	226.385	3
1	266.00	94.00	238.30	105.53	30.00	1	7	
2	238.30	105.53	61.62	179.08	191.38	0	
3	61.62	179.08	57.00	181.00	5.00	1	2	

7	3	176.615	3
1	266.00	94.00	254.45	121.69	30.00	1	7	
2	254.45	121.69	210.71	226.54	113.62	0	
3	210.71	226.54	198.00	257.00	33.00	1	3	

7	4	241.002	3
1	266.00	94.00	236.00	94.12	30.00	1	7	
2	236.00	94.12	74.00	94.80	162.00	0	
3	74.00	94.80	25.00	95.00	49.00	1	4	

7	5	159.625	3
1	266.00	94.00	247.58	117.68	30.00	1	7	
2	247.58	117.68	173.53	212.90	120.62	0	
3	173.53	212.90	168.00	220.00	9.00	1	5	

7	6	30.364	3
1	266.00	94.00	258.48	69.78	25.36	1	7	
2	258.48	69.78	257.11	65.35	4.64	2	6	7	
3	257.11	65.35	257.00	65.00	0.36	1	6	

7	7	0	0
