8	85	2	0.001	50.0
0.000	0.000	0.000	1.000	0.000
261.000	188.000	31.000	3.000	13.000
32.000	120.000	42.000	3.000	13.000
16.000	12.000	39.000	5.000	17.000
131.000	287.000	44.000	2.000	8.000
147.000	23.000	44.000	9.000	16.000
231.000	6.000	16.000	7.000	6.000
159.000	256.000	22.000	7.000	15.000
 


0	0	0	0

0	1	321.660	3
1	0.00	0.00	47.87	34.48	58.99	1	3	
2	47.87	34.48	235.85	169.88	231.67	0	
3	235.85	169.88	261.00	188.00	31.00	1	1	

0	2	124.193	3
1	0.00	0.00	13.58	50.92	52.70	0	
2	13.58	50.92	21.18	79.42	29.49	0	
3	21.18	79.42	32.00	120.00	42.00	1	2	

0	3	20.000	1
1	0.00	0.00	16.00	12.00	20.00	1	3	

0	4	315.484	5
1	0.00	0.00	22.99	50.37	55.37	1	3	
2	22.99	50.37	35.68	78.16	30.55	0	
3	35.68	78.16	66.02	144.63	73.07	1	2	
4	66.02	144.63	112.73	246.97	112.50	0	
5	112.73	246.97	131.00	287.00	44.00	1	4	

0	5	148.788	3
1	0.00	0.00	54.85	8.58	55.52	1	3	
2	54.85	8.58	103.53	16.20	49.27	0	
3	103.53	16.20	147.00	23.00	44.00	1	5	

0	6	231.078	5
1	0.00	0.00	53.53	1.39	53.55	1	3	
2	53.53	1.39	107.91	2.80	54.40	0	
3	107.91	2.80	187.09	4.86	79.20	1	5	
4	187.09	4.86	215.01	5.58	27.93	0	
5	215.01	5.58	231.00	6.00	16.00	1	6	

0	7	301.359	6
1	0.00	0.00	30.05	48.38	56.95	1	3	
2	30.05	48.38	51.39	82.75	40.45	0	
3	51.39	82.75	73.99	119.13	42.83	1	2	
4	73.99	119.13	147.39	237.31	139.12	0	
5	147.39	237.31	155.59	250.51	15.54	1	7	
6	155.59	250.51	159.00	256.00	6.46	2	4	7	

1	0	321.660	3
1	261.00	188.00	235.85	169.88	31.00	1	1	
2	235.85	169.88	47.87	34.48	231.67	0	
3	47.87	34.48	0.00	0.00	58.99	1	3	

1	1	0	0

1	2	238.883	3
1	261.00	188.00	231.28	179.18	31.00	1	1	
2	231.28	179.18	72.26	131.96	165.88	0	
3	72.26	131.96	32.00	120.00	42.00	1	2	

1	3	301.664	3
1	261.00	188.00	235.82	169.91	31.00	1	1	
2	235.82	169.91	47.67	34.75	231.66	0	
3	47.67	34.75	16.00	12.00	39.00	1	3	

1	4	163.404	5
1	261.00	188.00	236.34	206.78	31.00	1	1	
2	236.34	206.78	180.06	249.64	70.74	0	
3	180.06	249.64	166.01	260.34	17.67	1	7	
4	166.01	260.34	147.27	274.61	23.55	2	4	7	
5	147.27	274.61	131.00	287.00	20.45	1	4	

1	5	200.552	3
1	261.00	188.00	243.38	162.50	31.00	1	1	
2	243.38	162.50	172.01	59.20	125.55	0	
3	172.01	59.20	147.00	23.00	44.00	1	5	

1	6	184.456	3
1	261.00	188.00	255.96	157.41	31.00	0	
2	255.96	157.41	233.60	21.79	137.46	0	
3	233.60	21.79	231.00	6.00	16.00	1	6	

1	7	122.589	4
1	261.00	188.00	235.21	205.20	31.00	1	1	
2	235.21	205.20	177.31	243.80	69.59	0	
3	177.31	243.80	160.91	254.73	19.71	1	7	
4	160.91	254.73	159.00	256.00	2.29	2	4	7	

2	0	124.193	3
1	32.00	120.00	21.18	79.42	42.00	1	2	
2	21.18	79.42	13.58	50.92	29.49	0	
3	13.58	50.92	0.00	0.00	52.70	0	

2	1	238.883	3
1	32.00	120.00	72.26	131.96	42.00	1	2	
2	72.26	131.96	231.28	179.18	165.88	0	
3	231.28	179.18	261.00	188.00	31.00	1	1	

2	2	0	0

2	3	109.179	3
1	32.00	120.00	25.84	78.45	42.00	1	2	
2	25.84	78.45	21.72	50.58	28.18	0	
3	21.72	50.58	16.00	12.00	39.00	1	3	

2	4	194.139	3
1	32.00	120.00	53.42	156.13	42.00	1	2	
2	53.42	156.13	108.56	249.15	108.14	0	
3	108.56	249.15	131.00	287.00	44.00	1	4	

2	5	150.446	3
1	32.00	120.00	64.10	92.92	42.00	1	2	
2	64.10	92.92	113.37	51.37	64.45	0	
3	113.37	51.37	147.00	23.00	44.00	1	5	

2	6	229.340	5
1	32.00	120.00	68.44	99.12	42.00	1	2	
2	68.44	99.12	130.28	63.70	71.26	0	
3	130.28	63.70	190.57	29.16	69.48	1	5	
4	190.57	29.16	217.12	13.95	30.60	0	
5	217.12	13.95	231.00	6.00	16.00	1	6	

2	7	186.078	4
1	32.00	120.00	60.67	150.70	42.00	1	2	
2	60.67	150.70	143.98	239.92	122.08	0	
3	143.98	239.92	151.68	248.16	11.28	1	7	
4	151.68	248.16	159.00	256.00	10.72	2	4	7	

3	0	20.000	1
1	16.00	12.00	0.00	0.00	20.00	1	3	

3	1	301.664	3
1	16.00	12.00	47.67	34.75	39.00	1	3	
2	47.67	34.75	235.82	169.91	231.66	0	
3	235.82	169.91	261.00	188.00	31.00	1	1	

3	2	109.179	3
1	16.00	12.00	21.72	50.58	39.00	1	3	
2	21.72	50.58	25.84	78.45	28.18	0	
3	25.84	78.45	32.00	120.00	42.00	1	2	

3	3	0	0

3	4	298.077	5
1	16.00	12.00	31.05	47.98	39.00	1	3	
2	31.05	47.98	44.38	79.87	34.56	0	
3	44.38	79.87	69.27	139.37	64.50	1	2	
4	69.27	139.37	114.02	246.41	116.02	0	
5	114.02	246.41	131.00	287.00	44.00	1	4	

3	5	131.461	3
1	16.00	12.00	54.86	15.26	39.00	1	3	
2	54.86	15.26	103.15	19.32	48.46	0	
3	103.15	19.32	147.00	23.00	44.00	1	5	

3	6	215.084	5
1	16.00	12.00	54.98	10.91	39.00	1	3	
2	54.98	10.91	105.12	9.51	50.15	0	
3	105.12	9.51	188.06	7.20	82.98	1	5	
4	188.06	7.20	215.01	6.45	26.95	0	
5	215.01	6.45	231.00	6.00	16.00	1	6	

3	7	282.816	6
1	16.00	12.00	35.72	45.65	39.00	1	3	
2	35.72	45.65	62.17	90.78	52.32	0	
3	62.17	90.78	72.24	107.95	19.90	1	2	
4	72.24	107.95	147.88	237.02	149.60	0	
5	147.88	237.02	155.91	250.73	15.89	1	7	
6	155.91	250.73	159.00	256.00	6.11	2	4	7	

4	0	315.484	5
1	131.00	287.00	112.73	246.97	44.00	1	4	
2	112.73	246.97	66.02	144.63	112.50	0	
3	66.02	144.63	35.68	78.16	73.07	1	2	
4	35.68	78.16	22.99	50.37	30.55	0	
5	22.99	50.37	0.00	0.00	55.37	1	3	

4	1	163.404	5
1	131.00	287.00	147.27	274.61	20.45	1	4	
2	147.27	274.61	166.01	260.34	23.55	2	4	7	
3	166.01	260.34	180.06	249.64	17.67	1	7	
4	180.06	249.64	236.34	206.78	70.74	0	
5	236.34	206.78	261.00	188.00	31.00	1	1	

4	2	194.139	3
1	131.00	287.00	108.56	249.15	44.00	1	4	
2	108.56	249.15	53.42	156.13	108.14	0	
3	53.42	156.13	32.00	120.00	42.00	1	2	

4	3	298.077	5
1	131.00	287.00	114.02	246.41	44.00	1	4	
2	114.02	246.41	69.27	139.37	116.02	0	
3	69.27	139.37	44.38	79.87	64.50	1	2	
4	44.38	79.87	31.05	47.98	34.56	0	
5	31.05	47.98	16.00	12.00	39.00	1	3	

4	4	0	0

4	5	264.484	3
1	131.00	287.00	133.66	243.08	44.00	0	
2	133.66	243.08	144.34	66.92	176.48	0	
3	144.34	66.92	147.00	23.00	44.00	0	

4	6	298.263	5
1	131.00	287.00	138.87	264.88	23.48	1	4	
2	138.87	264.88	145.75	245.55	20.52	2	4	7	
3	145.75	245.55	149.01	236.40	9.71	1	7	
4	149.01	236.40	225.64	21.07	228.56	0	
5	225.64	21.07	231.00	6.00	16.00	1	6	

4	7	41.773	2
1	131.00	287.00	144.25	272.33	19.77	1	4	
2	144.25	272.33	159.00	256.00	22.00	2	4	7	

5	0	148.788	3
1	147.00	23.00	103.53	16.20	44.00	1	5	
2	103.53	16.20	54.85	8.58	49.27	0	
3	54.85	8.58	0.00	0.00	55.52	1	3	

5	1	200.552	3
1	147.00	23.00	172.01	59.20	44.00	1	5	
2	172.01	59.20	243.38	162.50	125.55	0	
3	243.38	162.50	261.00	188.00	31.00	1	1	

5	2	150.446	3
1	147.00	23.00	113.37	51.37	44.00	1	5	
2	113.37	51.37	64.10	92.92	64.45	0	
3	64.10	92.92	32.00	120.00	42.00	1	2	

5	3	131.461	3
1	147.00	23.00	103.15	19.32	44.00	1	5	
2	103.15	19.32	54.86	15.26	48.46	0	
3	54.86	15.26	16.00	12.00	39.00	1	3	

5	4	264.484	3
1	147.00	23.00	144.34	66.92	44.00	0	
2	144.34	66.92	133.66	243.08	176.48	0	
3	133.66	243.08	131.00	287.00	44.00	0	

5	5	0	0

5	6	85.703	3
1	147.00	23.00	190.13	14.27	44.00	1	5	
2	190.13	14.27	215.32	9.17	25.70	0	
3	215.32	9.17	231.00	6.00	16.00	1	6	

5	7	233.309	4
1	147.00	23.00	149.26	66.94	44.00	0	
2	149.26	66.94	157.87	234.03	167.31	0	
3	157.87	234.03	158.84	252.93	18.92	1	7	
4	158.84	252.93	159.00	256.00	3.08	1	7	

6	0	231.078	5
1	231.00	6.00	215.01	5.58	16.00	1	6	
2	215.01	5.58	187.09	4.86	27.93	0	
3	187.09	4.86	107.91	2.80	79.20	1	5	
4	107.91	2.80	53.53	1.39	54.40	0	
5	53.53	1.39	0.00	0.00	53.55	1	3	

6	1	184.456	3
1	231.00	6.00	233.60	21.79	16.00	1	6	
2	233.60	21.79	255.96	157.41	137.46	0	
3	255.96	157.41	261.00	188.00	31.00	0	

6	2	229.340	5
1	231.00	6.00	217.12	13.95	16.00	1	6	
2	217.12	13.95	190.57	29.16	30.60	0	
3	190.57	29.16	130.28	63.70	69.48	1	5	
4	130.28	63.70	68.44	99.12	71.26	0	
5	68.44	99.12	32.00	120.00	42.00	1	2	

6	3	215.084	5
1	231.00	6.00	215.01	6.45	16.00	1	6	
2	215.01	6.45	188.06	7.20	26.95	0	
3	188.06	7.20	105.12	9.51	82.98	1	5	
4	105.12	9.51	54.98	10.91	50.15	0	
5	54.98	10.91	16.00	12.00	39.00	1	3	

6	4	298.263	5
1	231.00	6.00	225.64	21.07	16.00	1	6	
2	225.64	21.07	149.01	236.40	228.56	0	
3	149.01	236.40	145.75	245.55	9.71	1	7	
4	145.75	245.55	138.87	264.88	20.52	2	4	7	
5	138.87	264.88	131.00	287.00	23.48	1	4	

6	5	85.703	3
1	231.00	6.00	215.32	9.17	16.00	1	6	
2	215.32	9.17	190.13	14.27	25.70	0	
3	190.13	14.27	147.00	23.00	44.00	1	5	

6	6	0	0

6	7	260.161	4
1	231.00	6.00	226.57	21.38	16.00	1	6	
2	226.57	21.38	165.09	234.86	222.16	0	
3	165.09	234.86	159.68	253.63	19.54	1	7	
4	159.68	253.63	159.00	256.00	2.46	2	4	7	

7	0	301.359	6
1	159.00	256.00	155.59	250.51	6.46	2	4	7	
2	155.59	250.51	147.39	237.31	15.54	1	7	
3	147.39	237.31	73.99	119.13	139.12	0	
4	73.99	119.13	51.39	82.75	42.83	1	2	
5	51.39	82.75	30.05	48.38	40.45	0	
6	30.05	48.38	0.00	0.00	56.95	1	3	

7	1	122.589	4
1	159.00	256.00	160.91	254.73	2.29	2	4	7	
2	160.91	254.73	177.31	243.80	19.71	1	7	
3	177.31	243.80	235.21	205.20	69.59	0	
4	235.21	205.20	261.00	188.00	31.00	1	1	

7	2	186.078	4
1	159.00	256.00	151.68	248.16	10.72	2	4	7	
2	151.68	248.16	143.98	239.92	11.28	1	7	
3	143.98	239.92	60.67	150.70	122.08	0	
4	60.67	150.70	32.00	120.00	42.00	1	2	

7	3	282.816	6
1	159.00	256.00	155.91	250.73	6.11	2	4	7	
2	155.91	250.73	147.88	237.02	15.89	1	7	
3	147.88	237.02	72.24	107.95	149.60	0	
4	72.24	107.95	62.17	90.78	19.90	1	2	
5	62.17	90.78	35.72	45.65	52.32	0	
6	35.72	45.65	16.00	12.00	39.00	1	3	

7	4	41.773	2
1	159.00	256.00	144.25	272.33	22.00	2	4	7	
2	144.25	272.33	131.00	287.00	19.77	1	4	

7	5	233.309	4
1	159.00	256.00	158.84	252.93	3.08	1	7	
2	158.84	252.93	157.87	234.03	18.92	1	7	
3	157.87	234.03	149.26	66.94	167.31	0	
4	149.26	66.94	147.00	23.00	44.00	0	

7	6	260.161	4
1	159.00	256.00	159.68	253.63	2.46	2	4	7	
2	159.68	253.63	165.09	234.86	19.54	1	7	
3	165.09	234.86	226.57	21.38	222.16	0	
4	226.57	21.38	231.00	6.00	16.00	1	6	

7	7	0	0
