8	79	2	0.001	15.0
0.000	0.000	0.000	1.000	0.000
75.000	273.000	35.000	2.000	16.000
243.000	223.000	46.000	4.000	13.000
219.000	67.000	15.000	9.000	13.000
80.000	61.000	18.000	1.000	8.000
113.000	31.000	33.000	2.000	6.000
108.000	28.000	11.000	1.000	9.000
56.000	120.000	6.000	2.000	15.000
 


0	0	0	0

0	1	283.115	2
1	0.00	0.00	65.73	239.25	248.11	0	
2	65.73	239.25	75.00	273.00	35.00	0	

0	2	329.815	4
1	0.00	0.00	62.39	57.26	84.68	0	
2	62.39	57.26	85.24	78.22	31.00	1	4	
3	85.24	78.22	209.11	191.90	168.13	0	
4	209.11	191.90	243.00	223.00	46.00	1	2	

0	3	229.020	6
1	0.00	0.00	80.61	24.66	84.30	0	
2	80.61	24.66	97.13	29.72	17.28	1	5	
3	97.13	29.72	116.04	35.50	19.77	2	5	6	
4	116.04	35.50	143.39	43.87	28.59	1	5	
5	143.39	43.87	204.66	62.61	64.07	0	
6	204.66	62.61	219.00	67.00	15.00	1	3	

0	4	100.603	2
1	0.00	0.00	65.69	50.09	82.60	0	
2	65.69	50.09	80.00	61.00	18.00	1	4	

0	5	117.175	3
1	0.00	0.00	81.18	22.27	84.18	0	
2	81.18	22.27	97.09	26.63	16.50	1	5	
3	97.09	26.63	113.00	31.00	16.50	2	5	6	

0	6	111.571	3
1	0.00	0.00	81.51	21.13	84.20	0	
2	81.51	21.13	97.35	25.24	16.37	1	5	
3	97.35	25.24	108.00	28.00	11.00	2	5	6	

0	7	132.424	2
1	0.00	0.00	53.46	114.56	126.42	0	
2	53.46	114.56	56.00	120.00	6.00	1	7	

1	0	283.115	2
1	75.00	273.00	65.73	239.25	35.00	0	
2	65.73	239.25	0.00	0.00	248.11	0	

1	1	0	0

1	2	175.283	3
1	75.00	273.00	108.55	263.02	35.00	1	1	
2	108.55	263.02	198.91	236.12	94.28	0	
3	198.91	236.12	243.00	223.00	46.00	1	2	

1	3	251.340	3
1	75.00	273.00	95.05	244.31	35.00	1	1	
2	95.05	244.31	210.41	79.29	201.34	0	
3	210.41	79.29	219.00	67.00	15.00	1	3	

1	4	212.059	3
1	75.00	273.00	75.83	238.01	35.00	1	1	
2	75.83	238.01	79.58	78.99	159.06	0	
3	79.58	78.99	80.00	61.00	18.00	1	4	

1	5	244.965	4
1	75.00	273.00	80.43	238.42	35.00	1	1	
2	80.43	238.42	107.88	63.60	176.97	0	
3	107.88	63.60	111.85	38.30	25.61	1	5	
4	111.85	38.30	113.00	31.00	7.39	2	5	6	

1	6	247.212	4
1	75.00	273.00	79.67	238.31	35.00	1	1	
2	79.67	238.31	103.35	62.56	177.34	0	
3	103.35	62.56	106.53	38.90	23.87	1	5	
4	106.53	38.90	108.00	28.00	11.00	2	5	6	

1	7	154.175	3
1	75.00	273.00	70.69	238.27	35.00	0	
2	70.69	238.27	56.74	125.95	113.18	0	
3	56.74	125.95	56.00	120.00	6.00	1	7	

2	0	329.815	4
1	243.00	223.00	209.11	191.90	46.00	1	2	
2	209.11	191.90	85.24	78.22	168.13	0	
3	85.24	78.22	62.39	57.26	31.00	1	4	
4	62.39	57.26	0.00	0.00	84.68	0	

2	1	175.283	3
1	243.00	223.00	198.91	236.12	46.00	1	2	
2	198.91	236.12	108.55	263.02	94.28	0	
3	108.55	263.02	75.00	273.00	35.00	1	1	

2	2	0	0

2	3	157.835	3
1	243.00	223.00	236.01	177.54	46.00	1	2	
2	236.01	177.54	221.28	81.83	96.84	0	
3	221.28	81.83	219.00	67.00	15.00	1	3	

2	4	229.811	3
1	243.00	223.00	210.37	190.57	46.00	1	2	
2	210.37	190.57	92.77	73.69	165.81	0	
3	92.77	73.69	80.00	61.00	18.00	1	4	

2	5	231.871	4
1	243.00	223.00	217.21	184.91	46.00	1	2	
2	217.21	184.91	131.50	58.33	152.87	0	
3	131.50	58.33	116.05	35.50	27.57	1	5	
4	116.05	35.50	113.00	31.00	5.43	2	5	6	

2	6	237.171	4
1	243.00	223.00	216.82	185.18	46.00	1	2	
2	216.82	185.18	129.76	59.43	152.95	0	
3	129.76	59.43	114.26	37.04	27.22	1	5	
4	114.26	37.04	108.00	28.00	11.00	2	5	6	

2	7	213.490	3
1	243.00	223.00	202.71	200.81	46.00	1	2	
2	202.71	200.81	61.26	122.89	161.49	0	
3	61.26	122.89	56.00	120.00	6.00	1	7	

3	0	229.020	6
1	219.00	67.00	204.66	62.61	15.00	1	3	
2	204.66	62.61	143.39	43.87	64.07	0	
3	143.39	43.87	116.04	35.50	28.59	1	5	
4	116.04	35.50	97.13	29.72	19.77	2	5	6	
5	97.13	29.72	80.61	24.66	17.28	1	5	
6	80.61	24.66	0.00	0.00	84.30	0	

3	1	251.340	3
1	219.00	67.00	210.41	79.29	15.00	1	3	
2	210.41	79.29	95.05	244.31	201.34	0	
3	95.05	244.31	75.00	273.00	35.00	1	1	

3	2	157.835	3
1	219.00	67.00	221.28	81.83	15.00	1	3	
2	221.28	81.83	236.01	177.54	96.84	0	
3	236.01	177.54	243.00	223.00	46.00	1	2	

3	3	0	0

3	4	139.129	5
1	219.00	67.00	204.01	66.35	15.00	1	3	
2	204.01	66.35	121.80	62.80	82.29	0	
3	121.80	62.80	101.49	61.93	20.33	1	5	
4	101.49	61.93	97.98	61.78	3.51	0	
5	97.98	61.78	80.00	61.00	18.00	1	4	

3	5	111.946	4
1	219.00	67.00	204.80	62.18	15.00	1	3	
2	204.80	62.18	144.25	41.61	63.95	0	
3	144.25	41.61	117.95	32.68	27.77	1	5	
4	117.95	32.68	113.00	31.00	5.23	2	5	6	

3	6	117.652	4
1	219.00	67.00	204.85	62.03	15.00	1	3	
2	204.85	62.03	144.50	40.83	63.96	0	
3	144.50	40.83	118.38	31.65	27.69	1	5	
4	118.38	31.65	108.00	28.00	11.00	2	5	6	

3	7	171.400	3
1	219.00	67.00	204.74	71.64	15.00	1	3	
2	204.74	71.64	61.71	118.14	150.40	0	
3	61.71	118.14	56.00	120.00	6.00	1	7	

4	0	100.603	2
1	80.00	61.00	65.69	50.09	18.00	1	4	
2	65.69	50.09	0.00	0.00	82.60	0	

4	1	212.059	3
1	80.00	61.00	79.58	78.99	18.00	1	4	
2	79.58	78.99	75.83	238.01	159.06	0	
3	75.83	238.01	75.00	273.00	35.00	1	1	

4	2	229.811	3
1	80.00	61.00	92.77	73.69	18.00	1	4	
2	92.77	73.69	210.37	190.57	165.81	0	
3	210.37	190.57	243.00	223.00	46.00	1	2	

4	3	139.129	5
1	80.00	61.00	97.98	61.78	18.00	1	4	
2	97.98	61.78	101.49	61.93	3.51	0	
3	101.49	61.93	121.80	62.80	20.33	1	5	
4	121.80	62.80	204.01	66.35	82.29	0	
5	204.01	66.35	219.00	67.00	15.00	1	3	

4	4	0	0

4	5	44.598	4
1	80.00	61.00	88.58	53.20	11.60	1	4	
2	88.58	53.20	93.32	48.89	6.40	2	4	5	
3	93.32	48.89	104.74	38.51	15.44	1	5	
4	104.74	38.51	113.00	31.00	11.16	2	5	6	

4	6	43.278	4
1	80.00	61.00	87.59	52.05	11.73	1	4	
2	87.59	52.05	91.65	47.27	6.27	2	4	5	
3	91.65	47.27	100.88	36.39	14.28	1	5	
4	100.88	36.39	108.00	28.00	11.00	2	5	6	

4	7	63.695	3
1	80.00	61.00	73.22	77.67	18.00	1	4	
2	73.22	77.67	58.26	114.44	39.69	0	
3	58.26	114.44	56.00	120.00	6.00	1	7	

5	0	117.175	3
1	113.00	31.00	97.09	26.63	16.50	2	5	6	
2	97.09	26.63	81.18	22.27	16.50	1	5	
3	81.18	22.27	0.00	0.00	84.18	0	

5	1	244.965	4
1	113.00	31.00	111.85	38.30	7.39	2	5	6	
2	111.85	38.30	107.88	63.60	25.61	1	5	
3	107.88	63.60	80.43	238.42	176.97	0	
4	80.43	238.42	75.00	273.00	35.00	1	1	

5	2	231.871	4
1	113.00	31.00	116.05	35.50	5.43	2	5	6	
2	116.05	35.50	131.50	58.33	27.57	1	5	
3	131.50	58.33	217.21	184.91	152.87	0	
4	217.21	184.91	243.00	223.00	46.00	1	2	

5	3	111.946	4
1	113.00	31.00	117.95	32.68	5.23	2	5	6	
2	117.95	32.68	144.25	41.61	27.77	1	5	
3	144.25	41.61	204.80	62.18	63.95	0	
4	204.80	62.18	219.00	67.00	15.00	1	3	

5	4	44.598	4
1	113.00	31.00	104.74	38.51	11.16	2	5	6	
2	104.74	38.51	93.32	48.89	15.44	1	5	
3	93.32	48.89	88.58	53.20	6.40	2	4	5	
4	88.58	53.20	80.00	61.00	11.60	1	4	

5	5	0	0

5	6	5.831	1
1	113.00	31.00	108.00	28.00	5.83	2	5	6	

5	7	105.688	6
1	113.00	31.00	107.88	39.00	9.50	2	5	6	
2	107.88	39.00	97.20	55.68	19.81	1	5	
3	97.20	55.68	95.20	58.79	3.69	2	4	5	
4	95.20	58.79	82.36	78.84	23.82	1	4	
5	82.36	78.84	59.24	114.95	42.87	0	
6	59.24	114.95	56.00	120.00	6.00	1	7	

6	0	111.571	3
1	108.00	28.00	97.35	25.24	11.00	2	5	6	
2	97.35	25.24	81.51	21.13	16.37	1	5	
3	81.51	21.13	0.00	0.00	84.20	0	

6	1	247.212	4
1	108.00	28.00	106.53	38.90	11.00	2	5	6	
2	106.53	38.90	103.35	62.56	23.87	1	5	
3	103.35	62.56	79.67	238.31	177.34	0	
4	79.67	238.31	75.00	273.00	35.00	1	1	

6	2	237.171	4
1	108.00	28.00	114.26	37.04	11.00	2	5	6	
2	114.26	37.04	129.76	59.43	27.22	1	5	
3	129.76	59.43	216.82	185.18	152.95	0	
4	216.82	185.18	243.00	223.00	46.00	1	2	

6	3	117.652	4
1	108.00	28.00	118.38	31.65	11.00	2	5	6	
2	118.38	31.65	144.50	40.83	27.69	1	5	
3	144.50	40.83	204.85	62.03	63.96	0	
4	204.85	62.03	219.00	67.00	15.00	1	3	

6	4	43.278	4
1	108.00	28.00	100.88	36.39	11.00	2	5	6	
2	100.88	36.39	91.65	47.27	14.28	1	5	
3	91.65	47.27	87.59	52.05	6.27	2	4	5	
4	87.59	52.05	80.00	61.00	11.73	1	4	

6	5	5.831	1
1	108.00	28.00	113.00	31.00	5.83	2	5	6	

6	6	0	0

6	7	105.679	6
1	108.00	28.00	102.59	37.58	11.00	2	5	6	
2	102.59	37.58	94.98	51.03	15.45	1	5	
3	94.98	51.03	91.94	56.41	6.18	2	4	5	
4	91.94	56.41	79.18	78.98	25.93	1	4	
5	79.18	78.98	58.95	114.78	41.12	0	
6	58.95	114.78	56.00	120.00	6.00	1	7	

7	0	132.424	2
1	56.00	120.00	53.46	114.56	6.00	1	7	
2	53.46	114.56	0.00	0.00	126.42	0	

7	1	154.175	3
1	56.00	120.00	56.74	125.95	6.00	1	7	
2	56.74	125.95	70.69	238.27	113.18	0	
3	70.69	238.27	75.00	273.00	35.00	0	

7	2	213.490	3
1	56.00	120.00	61.26	122.89	6.00	1	7	
2	61.26	122.89	202.71	200.81	161.49	0	
3	202.71	200.81	243.00	223.00	46.00	1	2	

7	3	171.400	3
1	56.00	120.00	61.71	118.14	6.00	1	7	
2	61.71	118.14	204.74	71.64	150.40	0	
3	204.74	71.64	219.00	67.00	15.00	1	3	

7	4	63.695	3
1	56.00	120.00	58.26	114.44	6.00	1	7	
2	58.26	114.44	73.22	77.67	39.69	0	
3	73.22	77.67	80.00	61.00	18.00	1	4	

7	5	105.688	6
1	56.00	120.00	59.24	114.95	6.00	1	7	
2	59.24	114.95	82.36	78.84	42.87	0	
3	82.36	78.84	95.20	58.79	23.82	1	4	
4	95.20	58.79	97.20	55.68	3.69	2	4	5	
5	97.20	55.68	107.88	39.00	19.81	1	5	
6	107.88	39.00	113.00	31.00	9.50	2	5	6	

7	6	105.679	6
1	56.00	120.00	58.95	114.78	6.00	1	7	
2	58.95	114.78	79.18	78.98	41.12	0	
3	79.18	78.98	91.94	56.41	25.93	1	4	
4	91.94	56.41	94.98	51.03	6.18	2	4	5	
5	94.98	51.03	102.59	37.58	15.45	1	5	
6	102.59	37.58	108.00	28.00	11.00	2	5	6	

7	7	0	0
