7	53	2	0.001	25.0
150.000	150.000	0.000	10.000	0.000
154.000	141.000	24.000	7.000	18.000
81.000	148.000	16.000	7.000	9.000
2.000	200.000	22.000	7.000	16.000
153.000	274.000	28.000	6.000	16.000
167.000	138.000	3.000	4.000	5.000
96.000	107.000	50.000	6.000	15.000
 


0	0	0	0

0	1	9.849	1
1	150.00	150.00	154.00	141.00	9.85	1	1	

0	2	69.029	4
1	150.00	150.00	131.54	149.47	18.47	1	1	
2	131.54	149.47	122.80	149.21	8.75	0	
3	122.80	149.21	96.99	148.46	25.82	1	6	
4	96.99	148.46	81.00	148.00	16.00	2	2	6	

0	3	156.218	3
1	150.00	150.00	134.64	155.19	16.21	1	1	
2	134.64	155.19	22.84	192.96	118.01	0	
3	22.84	192.96	2.00	200.00	22.00	1	3	

0	4	124.036	3
1	150.00	150.00	150.36	164.72	14.73	0	
2	150.36	164.72	152.32	246.01	81.31	0	
3	152.32	246.01	153.00	274.00	28.00	1	4	

0	5	20.809	2
1	150.00	150.00	164.55	139.73	17.81	1	1	
2	164.55	139.73	167.00	138.00	3.00	2	1	5	

0	6	69.029	3
1	150.00	150.00	135.11	138.15	19.03	1	1	
2	135.11	138.15	130.83	134.74	5.47	2	1	6	
3	130.83	134.74	96.00	107.00	44.53	1	6	

1	0	9.849	1
1	154.00	141.00	150.00	150.00	9.85	1	1	

1	1	0	0

1	2	73.335	4
1	154.00	141.00	130.43	143.26	23.68	1	1	
2	130.43	143.26	130.11	143.29	0.32	2	1	6	
3	130.11	143.29	96.93	146.47	33.33	1	6	
4	96.93	146.47	81.00	148.00	16.00	2	2	6	

1	3	163.049	3
1	154.00	141.00	131.63	149.68	24.00	1	1	
2	131.63	149.68	22.51	192.04	117.05	0	
3	22.51	192.04	2.00	200.00	22.00	1	3	

1	4	133.004	3
1	154.00	141.00	153.82	164.99	23.99	1	1	
2	153.82	164.99	153.21	246.00	81.01	0	
3	153.21	246.00	153.00	274.00	28.00	1	4	

1	5	13.342	2
1	154.00	141.00	164.08	138.67	10.34	1	1	
2	164.08	138.67	167.00	138.00	3.00	2	1	5	

1	6	67.231	3
1	154.00	141.00	139.13	132.29	17.23	1	1	
2	139.13	132.29	133.30	128.86	6.77	2	1	6	
3	133.30	128.86	96.00	107.00	43.23	1	6	

2	0	69.029	4
1	81.00	148.00	96.99	148.46	16.00	2	2	6	
2	96.99	148.46	122.80	149.21	25.82	1	6	
3	122.80	149.21	131.54	149.47	8.75	0	
4	131.54	149.47	150.00	150.00	18.47	1	1	

2	1	73.335	4
1	81.00	148.00	96.93	146.47	16.00	2	2	6	
2	96.93	146.47	130.11	143.29	33.33	1	6	
3	130.11	143.29	130.43	143.26	0.32	2	1	6	
4	130.43	143.26	154.00	141.00	23.68	1	1	

2	2	0	0

2	3	94.578	4
1	81.00	148.00	74.62	152.20	7.64	2	2	6	
2	74.62	152.20	67.64	156.80	8.36	1	2	
3	67.64	156.80	20.38	187.90	56.58	0	
4	20.38	187.90	2.00	200.00	22.00	1	3	

2	4	145.121	4
1	81.00	148.00	85.51	155.89	9.08	2	2	6	
2	85.51	155.89	88.94	161.89	6.92	1	2	
3	88.94	161.89	139.11	249.69	101.12	0	
4	139.11	249.69	153.00	274.00	28.00	1	4	

2	5	86.579	5
1	81.00	148.00	96.89	146.15	16.00	2	2	6	
2	96.89	146.15	130.04	142.30	33.37	1	6	
3	130.04	142.30	131.59	142.12	1.57	2	1	6	
4	131.59	142.12	164.02	138.35	32.65	1	1	
5	164.02	138.35	167.00	138.00	3.00	2	1	5	

2	6	43.658	2
1	81.00	148.00	86.50	132.97	16.00	2	2	6	
2	86.50	132.97	96.00	107.00	27.66	1	6	

3	0	156.218	3
1	2.00	200.00	22.84	192.96	22.00	1	3	
2	22.84	192.96	134.64	155.19	118.01	0	
3	134.64	155.19	150.00	150.00	16.21	1	1	

3	1	163.049	3
1	2.00	200.00	22.51	192.04	22.00	1	3	
2	22.51	192.04	131.63	149.68	117.05	0	
3	131.63	149.68	154.00	141.00	24.00	1	1	

3	2	94.578	4
1	2.00	200.00	20.38	187.90	22.00	1	3	
2	20.38	187.90	67.64	156.80	56.58	0	
3	67.64	156.80	74.62	152.20	8.36	1	2	
4	74.62	152.20	81.00	148.00	7.64	2	2	6	

3	3	0	0

3	4	168.158	3
1	2.00	200.00	21.76	209.68	22.00	1	3	
2	21.76	209.68	127.86	261.68	118.16	0	
3	127.86	261.68	153.00	274.00	28.00	1	4	

3	5	176.264	4
1	2.00	200.00	22.59	192.26	22.00	1	3	
2	22.59	192.26	132.22	151.07	117.10	0	
3	132.22	151.07	164.19	139.06	34.16	1	1	
4	164.19	139.06	167.00	138.00	3.00	2	1	5	

3	6	132.231	3
1	2.00	200.00	17.64	184.53	22.00	1	3	
2	17.64	184.53	60.46	142.17	60.23	0	
3	60.46	142.17	96.00	107.00	50.00	1	6	

4	0	124.036	3
1	153.00	274.00	152.32	246.01	28.00	1	4	
2	152.32	246.01	150.36	164.72	81.31	0	
3	150.36	164.72	150.00	150.00	14.73	0	

4	1	133.004	3
1	153.00	274.00	153.21	246.00	28.00	1	4	
2	153.21	246.00	153.82	164.99	81.01	0	
3	153.82	164.99	154.00	141.00	23.99	1	1	

4	2	145.121	4
1	153.00	274.00	139.11	249.69	28.00	1	4	
2	139.11	249.69	88.94	161.89	101.12	0	
3	88.94	161.89	85.51	155.89	6.92	1	2	
4	85.51	155.89	81.00	148.00	9.08	2	2	6	

4	3	168.158	3
1	153.00	274.00	127.86	261.68	28.00	1	4	
2	127.86	261.68	21.76	209.68	118.16	0	
3	21.76	209.68	2.00	200.00	22.00	1	3	

4	4	0	0

4	5	136.719	4
1	153.00	274.00	155.87	246.15	28.00	1	4	
2	155.87	246.15	164.47	162.60	83.99	0	
3	164.47	162.60	166.69	140.98	21.73	1	1	
4	166.69	140.98	167.00	138.00	3.00	2	1	5	

4	6	176.460	3
1	153.00	274.00	143.96	247.50	28.00	1	4	
2	143.96	247.50	112.15	154.32	98.46	0	
3	112.15	154.32	96.00	107.00	50.00	1	6	

5	0	20.809	2
1	167.00	138.00	164.55	139.73	3.00	2	1	5	
2	164.55	139.73	150.00	150.00	17.81	1	1	

5	1	13.342	2
1	167.00	138.00	164.08	138.67	3.00	2	1	5	
2	164.08	138.67	154.00	141.00	10.34	1	1	

5	2	86.579	5
1	167.00	138.00	164.02	138.35	3.00	2	1	5	
2	164.02	138.35	131.59	142.12	32.65	1	1	
3	131.59	142.12	130.04	142.30	1.57	2	1	6	
4	130.04	142.30	96.89	146.15	33.37	1	6	
5	96.89	146.15	81.00	148.00	16.00	2	2	6	

5	3	176.264	4
1	167.00	138.00	164.19	139.06	3.00	2	1	5	
2	164.19	139.06	132.22	151.07	34.16	1	1	
3	132.22	151.07	22.59	192.26	117.10	0	
4	22.59	192.26	2.00	200.00	22.00	1	3	

5	4	136.719	4
1	167.00	138.00	166.69	140.98	3.00	2	1	5	
2	166.69	140.98	164.47	162.60	21.73	1	1	
3	164.47	162.60	155.87	246.15	83.99	0	
4	155.87	246.15	153.00	274.00	28.00	1	4	

5	5	0	0

5	6	77.473	4
1	167.00	138.00	164.25	136.80	3.00	2	1	5	
2	164.25	136.80	141.82	127.01	24.47	1	1	
3	141.82	127.01	136.43	124.65	5.89	2	1	6	
4	136.43	124.65	96.00	107.00	44.11	1	6	

6	0	69.029	3
1	96.00	107.00	130.83	134.74	44.53	1	6	
2	130.83	134.74	135.11	138.15	5.47	2	1	6	
3	135.11	138.15	150.00	150.00	19.03	1	1	

6	1	67.231	3
1	96.00	107.00	133.30	128.86	43.23	1	6	
2	133.30	128.86	139.13	132.29	6.77	2	1	6	
3	139.13	132.29	154.00	141.00	17.23	1	1	

6	2	43.658	2
1	96.00	107.00	86.50	132.97	27.66	1	6	
2	86.50	132.97	81.00	148.00	16.00	2	2	6	

6	3	132.231	3
1	96.00	107.00	60.46	142.17	50.00	1	6	
2	60.46	142.17	17.64	184.53	60.23	0	
3	17.64	184.53	2.00	200.00	22.00	1	3	

6	4	176.460	3
1	96.00	107.00	112.15	154.32	50.00	1	6	
2	112.15	154.32	143.96	247.50	98.46	0	
3	143.96	247.50	153.00	274.00	28.00	1	4	

6	5	77.473	4
1	96.00	107.00	136.43	124.65	44.11	1	6	
2	136.43	124.65	141.82	127.01	5.89	2	1	6	
3	141.82	127.01	164.25	136.80	24.47	1	1	
4	164.25	136.80	167.00	138.00	3.00	2	1	5	

6	6	0	0
