21	953	2	0.001	120.0
0.000	0.000	0.000	8.000	0.000
79.000	173.000	9.000	6.000	18.000
195.000	38.000	28.000	9.000	8.000
124.000	185.000	15.000	9.000	2.000
10.000	77.000	29.000	2.000	5.000
246.000	45.000	38.000	2.000	10.000
164.000	97.000	14.000	9.000	3.000
64.000	196.000	16.000	4.000	11.000
162.000	204.000	8.000	4.000	3.000
77.000	215.000	2.000	3.000	13.000
5.000	129.000	20.000	7.000	10.000
14.000	286.000	43.000	8.000	5.000
63.000	170.000	1.000	8.000	11.000
215.000	289.000	12.000	10.000	12.000
86.000	224.000	45.000	8.000	3.000
173.000	261.000	43.000	6.000	16.000
165.000	101.000	30.000	2.000	3.000
68.000	181.000	18.000	2.000	14.000
62.000	138.000	3.000	7.000	9.000
124.000	296.000	6.000	9.000	9.000
166.000	205.000	1.000	9.000	14.000
 


0	0	0	0

0	1	190.184	7
1	0.00	0.00	23.42	51.29	56.39	0	
2	23.42	51.29	38.22	83.69	35.62	1	4	
3	38.22	83.69	61.66	135.02	56.43	0	
4	61.66	135.02	64.03	140.21	5.71	1	18	
5	64.03	140.21	75.10	164.46	26.66	0	
6	75.10	164.46	75.26	164.81	0.39	1	17	
7	75.26	164.81	79.00	173.00	9.00	2	1	17	

0	2	198.668	2
1	0.00	0.00	167.52	32.64	170.67	0	
2	167.52	32.64	195.00	38.00	28.00	1	2	

0	3	222.713	2
1	0.00	0.00	115.65	172.54	207.71	0	
2	115.65	172.54	124.00	185.00	15.00	1	3	

0	4	77.647	2
1	0.00	0.00	6.27	48.24	48.65	0	
2	6.27	48.24	10.00	77.00	29.00	0	

0	5	250.082	4
1	0.00	0.00	167.96	30.72	170.75	0	
2	167.96	30.72	208.62	38.16	41.33	1	2	
3	208.62	38.16	222.86	40.77	14.48	2	2	5	
4	222.86	40.77	246.00	45.00	23.52	1	5	

0	6	190.539	3
1	0.00	0.00	140.80	83.28	163.58	0	
2	140.80	83.28	151.95	89.87	12.96	1	16	
3	151.95	89.87	164.00	97.00	14.00	2	6	16	

0	7	206.184	6
1	0.00	0.00	15.87	48.60	51.13	0	
2	15.87	48.60	31.50	96.46	50.35	1	4	
3	31.50	96.46	55.03	168.52	75.80	0	
4	55.03	168.52	59.03	180.79	12.91	1	17	
5	59.03	180.79	60.94	186.62	6.14	2	7	17	
6	60.94	186.62	64.00	196.00	9.86	3	7	14	17	

0	8	260.500	2
1	0.00	0.00	157.02	197.74	252.50	0	
2	157.02	197.74	162.00	204.00	8.00	1	8	

0	9	228.373	9
1	0.00	0.00	17.55	49.00	52.05	0	
2	17.55	49.00	33.61	93.84	47.63	1	4	
3	33.61	93.84	59.20	165.30	75.90	0	
4	59.20	165.30	64.47	180.01	15.62	1	17	
5	64.47	180.01	65.82	183.78	4.01	2	7	17	
6	65.82	183.78	71.17	198.72	15.87	3	7	14	17	
7	71.17	198.72	74.51	208.06	9.92	2	7	14	
8	74.51	208.06	76.33	213.12	5.37	1	14	
9	76.33	213.12	77.00	215.00	2.00	2	9	14	

0	10	129.097	4
1	0.00	0.00	1.91	49.15	49.19	0	
2	1.91	49.15	4.08	105.39	56.28	0	
3	4.08	105.39	4.23	109.02	3.63	0	
4	4.23	109.02	5.00	129.00	20.00	1	10	

0	11	286.342	6
1	0.00	0.00	2.40	49.01	49.07	0	
2	2.40	49.01	5.17	105.60	56.65	0	
3	5.17	105.60	5.34	109.00	3.41	0	
4	5.34	109.00	7.29	148.87	39.91	0	
5	7.29	148.87	11.90	243.05	94.29	0	
6	11.90	243.05	14.00	286.00	43.00	0	

0	12	181.298	5
1	0.00	0.00	18.23	49.19	52.46	0	
2	18.23	49.19	34.36	92.73	46.43	1	4	
3	34.36	92.73	60.94	164.44	76.48	0	
4	60.94	164.44	62.65	169.06	4.93	1	17	
5	62.65	169.06	63.00	170.00	1.00	2	12	17	

0	13	360.203	6
1	0.00	0.00	126.65	170.24	212.18	0	
2	126.65	170.24	138.90	186.71	20.53	1	3	
3	138.90	186.71	163.05	219.17	40.45	0	
4	163.05	219.17	207.84	279.37	75.04	1	15	
5	207.84	279.37	210.21	282.56	3.97	2	13	15	
6	210.21	282.56	215.00	289.00	8.03	1	13	

0	14	239.942	8
1	0.00	0.00	18.98	49.42	52.94	0	
2	18.98	49.42	35.12	91.48	45.05	1	4	
3	35.12	91.48	62.87	163.75	77.41	0	
4	62.87	163.75	69.48	180.97	18.45	1	17	
5	69.48	180.97	69.87	181.99	1.10	2	7	17	
6	69.87	181.99	75.73	197.25	16.35	3	7	14	17	
7	75.73	197.25	78.13	203.50	6.69	2	7	14	
8	78.13	203.50	86.00	224.00	21.95	1	14	

0	15	313.129	4
1	0.00	0.00	114.78	173.17	207.75	0	
2	114.78	173.17	131.31	198.10	29.91	1	3	
3	131.31	198.10	149.24	225.16	32.46	0	
4	149.24	225.16	173.00	261.00	43.00	1	15	

0	16	193.458	3
1	0.00	0.00	139.41	85.34	163.46	0	
2	139.41	85.34	150.81	92.31	13.36	1	16	
3	150.81	92.31	165.00	101.00	16.64	2	6	16	

0	17	193.352	7
1	0.00	0.00	18.51	49.28	52.64	0	
2	18.51	49.28	34.66	92.26	45.91	1	4	
3	34.66	92.26	61.67	164.15	76.80	0	
4	61.67	164.15	63.55	169.17	5.36	1	17	
5	63.55	169.17	63.97	170.26	1.17	2	12	17	
6	63.97	170.26	67.80	180.46	10.89	1	17	
7	67.80	180.46	68.00	181.00	0.58	2	7	17	

0	18	151.288	4
1	0.00	0.00	22.93	51.04	55.96	0	
2	22.93	51.04	37.99	84.57	36.75	1	4	
3	37.99	84.57	60.77	135.26	55.58	0	
4	60.77	135.26	62.00	138.00	3.00	1	18	

0	19	320.924	10
1	0.00	0.00	21.02	50.18	54.40	0	
2	21.02	50.18	36.85	87.96	40.97	1	4	
3	36.85	87.96	68.28	163.00	81.36	0	
4	68.28	163.00	70.86	169.16	6.67	1	17	
5	70.86	169.16	75.51	180.24	12.02	2	1	17	
6	75.51	180.24	76.03	181.50	1.36	3	1	14	17	
7	76.03	181.50	81.03	193.42	12.93	2	14	17	
8	81.03	193.42	109.83	262.17	74.54	1	14	
9	109.83	262.17	121.68	290.47	30.68	0	
10	121.68	290.47	124.00	296.00	6.00	1	19	

0	20	263.782	3
1	0.00	0.00	159.14	196.53	252.88	0	
2	159.14	196.53	165.37	204.22	9.90	1	8	
3	165.37	204.22	166.00	205.00	1.00	2	8	20	

1	0	190.184	7
1	79.00	173.00	75.26	164.81	9.00	2	1	17	
2	75.26	164.81	75.10	164.46	0.39	1	17	
3	75.10	164.46	64.03	140.21	26.66	0	
4	64.03	140.21	61.66	135.02	5.71	1	18	
5	61.66	135.02	38.22	83.69	56.43	0	
6	38.22	83.69	23.42	51.29	35.62	1	4	
7	23.42	51.29	0.00	0.00	56.39	0	

1	1	0	0

1	2	177.992	6
1	79.00	173.00	81.93	169.59	4.49	2	1	17	
2	81.93	169.59	84.87	166.17	4.51	1	1	
3	84.87	166.17	135.63	107.10	77.89	0	
4	135.63	107.10	166.61	71.04	47.54	1	16	
5	166.61	71.04	176.75	59.24	15.57	0	
6	176.75	59.24	195.00	38.00	28.00	1	2	

1	3	46.573	4
1	79.00	173.00	84.80	174.55	6.01	2	1	17	
2	84.80	174.55	87.70	175.32	2.99	1	1	
3	87.70	175.32	109.51	181.14	22.57	0	
4	109.51	181.14	124.00	185.00	15.00	1	3	

1	4	118.224	4
1	79.00	173.00	73.75	165.69	9.00	2	1	17	
2	73.75	165.69	72.16	163.49	2.71	1	17	
3	72.16	163.49	26.93	100.55	77.51	0	
4	26.93	100.55	10.00	77.00	29.00	1	4	

1	5	210.412	8
1	79.00	173.00	82.49	170.32	4.40	2	1	17	
2	82.49	170.32	86.14	167.53	4.60	1	1	
3	86.14	167.53	144.44	122.84	73.45	0	
4	144.44	122.84	160.48	110.55	20.21	1	16	
5	160.48	110.55	178.00	97.12	22.08	2	6	16	
6	178.00	97.12	191.44	86.82	16.93	1	16	
7	191.44	86.82	215.84	68.12	30.75	0	
8	215.84	68.12	246.00	45.00	38.00	1	5	

1	6	114.022	5
1	79.00	173.00	82.29	170.06	4.42	2	1	17	
2	82.29	170.06	85.71	167.00	4.58	1	1	
3	85.71	167.00	140.37	118.13	73.32	0	
4	140.37	118.13	153.56	106.33	17.70	1	16	
5	153.56	106.33	164.00	97.00	14.00	2	6	16	

1	7	27.459	4
1	79.00	173.00	74.08	180.54	9.00	2	1	17	
2	74.08	180.54	74.03	180.62	0.10	1	17	
3	74.03	180.62	72.74	182.60	2.36	2	14	17	
4	72.74	182.60	64.00	196.00	16.00	3	7	14	17	

1	8	88.600	6
1	79.00	173.00	85.06	175.26	6.47	2	1	17	
2	85.06	175.26	87.43	176.15	2.53	1	1	
3	87.43	176.15	109.02	184.21	23.05	0	
4	109.02	184.21	135.83	194.22	28.62	1	3	
5	135.83	194.22	154.51	201.20	19.94	0	
6	154.51	201.20	162.00	204.00	8.00	1	8	

1	9	42.048	7
1	79.00	173.00	78.69	179.60	6.61	2	1	17	
2	78.69	179.60	78.57	181.99	2.39	2	1	17	
3	78.57	181.99	78.25	188.73	6.74	2	14	17	
4	78.25	188.73	77.90	196.03	7.31	3	7	14	17	
5	77.90	196.03	77.50	204.59	8.57	2	7	14	
6	77.50	204.59	77.10	213.00	8.42	1	14	
7	77.10	213.00	77.00	215.00	2.00	2	9	14	

1	10	86.093	4
1	79.00	173.00	71.26	168.40	9.00	2	1	17	
2	71.26	168.40	63.25	163.64	9.32	1	17	
3	63.25	163.64	22.19	139.22	47.77	0	
4	22.19	139.22	5.00	129.00	20.00	1	10	

1	11	130.361	8
1	79.00	173.00	74.72	180.44	8.58	2	1	17	
2	74.72	180.44	74.51	180.80	0.42	3	1	14	17	
3	74.51	180.80	73.27	182.96	2.49	2	14	17	
4	73.27	182.96	64.27	198.61	18.05	3	7	14	17	
5	64.27	198.61	57.39	210.57	13.80	2	7	14	
6	57.39	210.57	42.67	236.15	29.51	1	14	
7	42.67	236.15	35.44	248.73	14.50	0	
8	35.44	248.73	14.00	286.00	43.00	1	11	

1	12	16.279	3
1	79.00	173.00	70.15	171.34	9.00	2	1	17	
2	70.15	171.34	63.98	170.18	6.28	1	17	
3	63.98	170.18	63.00	170.00	1.00	2	12	17	

1	13	178.751	8
1	79.00	173.00	85.85	178.84	9.00	2	1	17	
2	85.85	178.84	85.87	178.86	0.03	1	17	
3	85.87	178.86	86.03	179.00	0.21	0	
4	86.03	179.00	130.43	216.87	58.35	1	14	
5	130.43	216.87	144.46	228.84	18.44	0	
6	144.46	228.84	205.87	281.21	80.71	1	15	
7	205.87	281.21	209.26	284.11	4.46	2	13	15	
8	209.26	284.11	215.00	289.00	7.54	1	13	

1	14	51.478	4
1	79.00	173.00	79.88	179.42	6.48	2	1	17	
2	79.88	179.42	80.22	181.92	2.52	3	1	14	17	
3	80.22	181.92	81.70	192.67	10.86	2	14	17	
4	81.70	192.67	86.00	224.00	31.62	1	14	

1	15	128.763	6
1	79.00	173.00	85.41	179.00	8.78	2	1	17	
2	85.41	179.00	85.57	179.15	0.22	3	1	14	17	
3	85.57	179.15	85.94	179.49	0.50	2	14	17	
4	85.94	179.49	130.94	221.62	61.64	1	14	
5	130.94	221.62	141.61	231.61	14.62	0	
6	141.61	231.61	173.00	261.00	43.00	1	15	

1	16	112.161	5
1	79.00	173.00	82.38	170.17	4.41	2	1	17	
2	82.38	170.17	85.90	167.22	4.59	1	1	
3	85.90	167.22	142.00	120.26	73.16	0	
4	142.00	120.26	156.03	108.51	18.30	1	16	
5	156.03	108.51	165.00	101.00	11.70	2	6	16	

1	17	13.601	3
1	79.00	173.00	71.72	178.29	9.00	2	1	17	
2	71.72	178.29	68.49	180.64	3.99	1	17	
3	68.49	180.64	68.00	181.00	0.61	2	7	17	

1	18	38.910	4
1	79.00	173.00	75.07	164.90	9.00	2	1	17	
2	75.07	164.90	74.79	164.33	0.64	1	17	
3	74.79	164.33	63.31	140.70	26.27	0	
4	63.31	140.70	62.00	138.00	3.00	1	18	

1	19	130.973	6
1	79.00	173.00	81.29	179.25	6.65	2	1	17	
2	81.29	179.25	82.09	181.45	2.35	3	1	14	17	
3	82.09	181.45	84.53	188.12	7.10	2	14	17	
4	84.53	188.12	111.28	261.23	77.85	1	14	
5	111.28	261.23	121.94	290.37	31.03	0	
6	121.94	290.37	124.00	296.00	6.00	1	19	

1	20	92.698	7
1	79.00	173.00	85.05	175.22	6.44	2	1	17	
2	85.05	175.22	87.45	176.11	2.56	1	1	
3	87.45	176.11	109.03	184.05	23.00	0	
4	109.03	184.05	136.02	193.97	28.76	1	3	
5	136.02	193.97	154.66	200.83	19.86	0	
6	154.66	200.83	165.06	204.65	11.09	1	8	
7	165.06	204.65	166.00	205.00	1.00	2	8	20	

2	0	198.668	2
1	195.00	38.00	167.52	32.64	28.00	1	2	
2	167.52	32.64	0.00	0.00	170.67	0	

2	1	177.992	6
1	195.00	38.00	176.75	59.24	28.00	1	2	
2	176.75	59.24	166.61	71.04	15.57	0	
3	166.61	71.04	135.63	107.10	47.54	1	16	
4	135.63	107.10	84.87	166.17	77.89	0	
5	84.87	166.17	81.93	169.59	4.51	1	1	
6	81.93	169.59	79.00	173.00	4.49	2	1	17	

2	2	0	0

2	3	163.248	7
1	195.00	38.00	182.82	63.21	28.00	1	2	
2	182.82	63.21	177.70	73.82	11.78	0	
3	177.70	73.82	172.04	85.54	13.01	1	16	
4	172.04	85.54	160.02	110.42	27.63	2	6	16	
5	160.02	110.42	151.61	127.84	19.35	1	16	
6	151.61	127.84	130.52	171.49	48.47	0	
7	130.52	171.49	124.00	185.00	15.00	1	3	

2	4	189.066	3
1	195.00	38.00	167.60	43.78	28.00	1	2	
2	167.60	43.78	38.38	71.02	132.07	0	
3	38.38	71.02	10.00	77.00	29.00	1	4	

2	5	51.478	3
1	195.00	38.00	208.35	39.83	13.48	1	2	
2	208.35	39.83	222.74	41.81	14.52	2	2	5	
3	222.74	41.81	246.00	45.00	23.48	1	5	

2	6	66.648	4
1	195.00	38.00	181.98	62.79	28.00	1	2	
2	181.98	62.79	176.46	73.28	11.85	0	
3	176.46	73.28	170.51	84.61	12.80	1	16	
4	170.51	84.61	164.00	97.00	14.00	2	6	16	

2	7	205.244	11
1	195.00	38.00	177.13	59.55	28.00	1	2	
2	177.13	59.55	167.55	71.11	15.01	0	
3	167.55	71.11	154.91	86.35	19.80	1	16	
4	154.91	86.35	151.85	90.04	4.79	2	6	16	
5	151.85	90.04	136.10	109.04	24.68	1	16	
6	136.10	109.04	86.80	168.50	77.24	0	
7	86.80	168.50	83.71	172.22	4.83	1	1	
8	83.71	172.22	77.41	179.83	9.88	2	1	17	
9	77.41	179.83	76.03	181.49	2.17	3	1	14	17	
10	76.03	181.49	74.21	183.68	2.84	2	14	17	
11	74.21	183.68	64.00	196.00	16.00	3	7	14	17	

2	8	169.248	5
1	195.00	38.00	189.54	65.46	28.00	1	2	
2	189.54	65.46	186.61	80.19	15.02	0	
3	186.61	80.19	177.01	128.49	49.24	0	
4	177.01	128.49	163.56	196.15	68.99	0	
5	163.56	196.15	162.00	204.00	8.00	1	8	

2	9	212.728	8
1	195.00	38.00	179.47	61.30	28.00	1	2	
2	179.47	61.30	172.38	71.92	12.77	0	
3	172.38	71.92	164.98	83.03	13.35	1	16	
4	164.98	83.03	151.48	103.27	24.32	2	6	16	
5	151.48	103.27	141.00	119.00	18.90	1	16	
6	141.00	119.00	99.60	181.10	74.64	0	
7	99.60	181.10	78.11	213.34	38.74	1	14	
8	78.11	213.34	77.00	215.00	2.00	2	9	14	

2	10	210.668	3
1	195.00	38.00	169.75	50.09	28.00	1	2	
2	169.75	50.09	23.04	120.36	162.67	0	
3	23.04	120.36	5.00	129.00	20.00	1	10	

2	11	307.026	11
1	195.00	38.00	178.49	60.62	28.00	1	2	
2	178.49	60.62	170.54	71.52	13.49	0	
3	170.54	71.52	162.06	83.14	14.39	1	16	
4	162.06	83.14	150.20	99.38	20.11	2	6	16	
5	150.20	99.38	138.61	115.27	19.67	1	16	
6	138.61	115.27	91.82	179.38	79.37	0	
7	91.82	179.38	79.99	195.58	20.05	1	14	
8	79.99	195.58	68.47	211.36	19.54	2	7	14	
9	68.47	211.36	45.28	243.15	39.35	1	14	
10	45.28	243.15	39.35	251.27	10.05	0	
11	39.35	251.27	14.00	286.00	43.00	1	11	

2	12	186.676	6
1	195.00	38.00	175.20	57.80	28.00	1	2	
2	175.20	57.80	161.83	71.17	18.91	0	
3	161.83	71.17	135.17	97.83	37.71	1	16	
4	135.17	97.83	69.90	163.10	92.30	0	
5	69.90	163.10	63.71	169.29	8.76	1	17	
6	63.71	169.29	63.00	170.00	1.00	2	12	17	

2	13	251.796	5
1	195.00	38.00	197.22	65.91	28.00	1	2	
2	197.22	65.91	211.20	241.25	175.89	0	
3	211.20	241.25	213.84	274.45	33.31	0	
4	213.84	274.45	214.05	277.04	2.59	0	
5	214.05	277.04	215.00	289.00	12.00	0	

2	14	215.585	9
1	195.00	38.00	180.84	62.16	28.00	1	2	
2	180.84	62.16	174.71	72.62	12.12	0	
3	174.71	72.62	168.24	83.66	12.80	1	16	
4	168.24	83.66	154.43	107.22	27.31	2	6	16	
5	154.43	107.22	144.98	123.35	18.69	1	16	
6	144.98	123.35	116.45	172.04	56.44	0	
7	116.45	172.04	109.00	184.75	14.73	1	3	
8	109.00	184.75	108.75	185.18	0.49	0	
9	108.75	185.18	86.00	224.00	45.00	1	14	

2	15	224.083	5
1	195.00	38.00	192.25	65.86	28.00	1	2	
2	192.25	65.86	190.37	84.98	19.21	0	
3	190.37	84.98	186.75	121.67	36.86	1	16	
4	186.75	121.67	177.22	218.21	97.01	0	
5	177.22	218.21	173.00	261.00	43.00	0	

2	16	69.778	4
1	195.00	38.00	182.96	63.28	28.00	1	2	
2	182.96	63.28	177.90	73.91	11.78	0	
3	177.90	73.91	172.28	85.71	13.07	1	16	
4	172.28	85.71	165.00	101.00	16.93	2	6	16	

2	17	191.254	8
1	195.00	38.00	176.41	58.94	28.00	1	2	
2	176.41	58.94	165.69	71.01	16.15	0	
3	165.69	71.01	135.30	105.22	45.76	1	16	
4	135.30	105.22	82.48	164.70	79.55	0	
5	82.48	164.70	79.95	167.54	3.80	1	1	
6	79.95	167.54	71.17	177.43	13.23	2	1	17	
7	71.17	177.43	68.35	180.60	4.24	1	17	
8	68.35	180.60	68.00	181.00	0.53	2	7	17	

2	18	166.400	3
1	195.00	38.00	172.62	54.83	28.00	1	2	
2	172.62	54.83	64.40	136.20	135.40	0	
3	64.40	136.20	62.00	138.00	3.00	1	18	

2	19	267.591	7
1	195.00	38.00	187.57	65.00	28.00	1	2	
2	187.57	65.00	184.04	77.82	13.30	0	
3	184.04	77.82	169.50	130.66	54.81	1	16	
4	169.50	130.66	141.76	231.45	104.53	0	
5	141.76	231.45	131.04	270.41	40.41	1	15	
6	131.04	270.41	125.59	290.21	20.54	0	
7	125.59	290.21	124.00	296.00	6.00	1	19	

2	20	169.499	6
1	195.00	38.00	190.21	65.59	28.00	1	2	
2	190.21	65.59	187.50	81.16	15.81	0	
3	187.50	81.16	179.50	127.26	46.79	0	
4	179.50	127.26	167.23	197.94	71.74	0	
5	167.23	197.94	166.17	204.01	6.16	1	8	
6	166.17	204.01	166.00	205.00	1.00	2	8	20	

3	0	222.713	2
1	124.00	185.00	115.65	172.54	15.00	1	3	
2	115.65	172.54	0.00	0.00	207.71	0	

3	1	46.573	4
1	124.00	185.00	109.51	181.14	15.00	1	3	
2	109.51	181.14	87.70	175.32	22.57	0	
3	87.70	175.32	84.80	174.55	2.99	1	1	
4	84.80	174.55	79.00	173.00	6.01	2	1	17	

3	2	163.248	7
1	124.00	185.00	130.52	171.49	15.00	1	3	
2	130.52	171.49	151.61	127.84	48.47	0	
3	151.61	127.84	160.02	110.42	19.35	1	16	
4	160.02	110.42	172.04	85.54	27.63	2	6	16	
5	172.04	85.54	177.70	73.82	13.01	1	16	
6	177.70	73.82	182.82	63.21	11.78	0	
7	182.82	63.21	195.00	38.00	28.00	1	2	

3	3	0	0

3	4	157.035	3
1	124.00	185.00	113.11	174.68	15.00	1	3	
2	113.11	174.68	31.05	96.94	113.04	0	
3	31.05	96.94	10.00	77.00	29.00	1	4	

3	5	185.699	5
1	124.00	185.00	133.85	173.69	15.00	1	3	
2	133.85	173.69	171.72	130.24	57.64	0	
3	171.72	130.24	194.88	103.66	35.25	1	16	
4	194.88	103.66	221.03	73.65	39.81	0	
5	221.03	73.65	246.00	45.00	38.00	1	5	

3	6	96.664	4
1	124.00	185.00	130.21	171.34	15.00	1	3	
2	130.21	171.34	150.30	127.15	48.55	0	
3	150.30	127.15	158.21	109.75	19.12	1	16	
4	158.21	109.75	164.00	97.00	14.00	2	6	16	

3	7	61.000	5
1	124.00	185.00	111.92	187.21	12.28	1	3	
2	111.92	187.21	109.25	187.70	2.72	2	3	14	
3	109.25	187.70	81.62	192.77	28.09	1	14	
4	81.62	192.77	79.74	193.11	1.91	2	14	17	
5	79.74	193.11	64.00	196.00	16.00	3	7	14	17	

3	8	42.485	3
1	124.00	185.00	137.42	191.71	15.00	1	3	
2	137.42	191.71	154.84	200.42	19.49	0	
3	154.84	200.42	162.00	204.00	8.00	1	8	

3	9	55.758	4
1	124.00	185.00	115.77	190.25	9.76	1	3	
2	115.77	190.25	111.36	193.07	5.24	2	3	14	
3	111.36	193.07	78.69	213.92	38.76	1	14	
4	78.69	213.92	77.00	215.00	2.00	2	9	14	

3	10	131.518	5
1	124.00	185.00	110.43	178.61	15.00	1	3	
2	110.43	178.61	85.68	166.97	27.35	0	
3	85.68	166.97	79.39	164.01	6.95	1	1	
4	79.39	164.01	23.10	137.52	62.22	0	
5	23.10	137.52	5.00	129.00	20.00	1	10	

3	11	149.335	5
1	124.00	185.00	117.02	191.40	9.47	1	3	
2	117.02	191.40	112.95	195.15	5.53	2	3	14	
3	112.95	195.15	50.88	252.14	84.27	1	14	
4	50.88	252.14	45.67	256.92	7.07	0	
5	45.67	256.92	14.00	286.00	43.00	1	11	

3	12	62.817	6
1	124.00	185.00	109.43	181.42	15.00	1	3	
2	109.43	181.42	87.48	176.02	22.61	0	
3	87.48	176.02	85.12	175.44	2.43	1	1	
4	85.12	175.44	70.09	171.74	15.48	2	1	17	
5	70.09	171.74	63.97	170.24	6.30	1	17	
6	63.97	170.24	63.00	170.00	1.00	2	12	17	

3	13	138.192	5
1	124.00	185.00	133.88	196.29	15.00	1	3	
2	133.88	196.29	155.96	221.52	33.53	0	
3	155.96	221.52	207.10	279.97	77.66	1	15	
4	207.10	279.97	209.87	283.13	4.20	2	13	15	
5	209.87	283.13	215.00	289.00	7.80	1	13	

3	14	54.452	3
1	124.00	185.00	117.40	191.77	9.45	1	3	
2	117.40	191.77	113.53	195.74	5.55	2	3	14	
3	113.53	195.74	86.00	224.00	39.45	1	14	

3	15	90.427	3
1	124.00	185.00	132.13	197.61	15.00	1	3	
2	132.13	197.61	149.70	224.86	32.43	0	
3	149.70	224.86	173.00	261.00	43.00	1	15	

3	16	93.472	4
1	124.00	185.00	130.58	171.52	15.00	1	3	
2	130.58	171.52	151.84	127.96	48.47	0	
3	151.84	127.96	160.35	110.52	19.41	1	16	
4	160.35	110.52	165.00	101.00	10.59	2	6	16	

3	17	56.143	8
1	124.00	185.00	109.04	183.93	15.00	1	3	
2	109.04	183.93	106.06	183.72	2.99	0	
3	106.06	183.72	85.95	182.28	20.16	1	14	
4	85.95	182.28	80.42	181.89	5.55	2	14	17	
5	80.42	181.89	76.33	181.59	4.10	3	1	14	17	
6	76.33	181.59	71.87	181.28	4.47	2	14	17	
7	71.87	181.28	69.92	181.14	1.95	1	17	
8	69.92	181.14	68.00	181.00	1.93	2	7	17	

3	18	77.801	3
1	124.00	185.00	112.05	175.94	15.00	1	3	
2	112.05	175.94	64.39	139.81	59.80	0	
3	64.39	139.81	62.00	138.00	3.00	1	18	

3	19	111.000	5
1	124.00	185.00	124.00	199.90	14.90	1	3	
2	124.00	199.90	124.00	200.00	0.10	2	3	14	
3	124.00	200.00	124.00	248.10	48.10	1	14	
4	124.00	248.10	124.00	290.00	41.90	0	
5	124.00	290.00	124.00	296.00	6.00	1	19	

3	20	46.519	4
1	124.00	185.00	137.54	191.45	15.00	1	3	
2	137.54	191.45	155.17	199.84	19.52	0	
3	155.17	199.84	165.10	204.57	11.00	1	8	
4	165.10	204.57	166.00	205.00	1.00	2	8	20	

4	0	77.647	2
1	10.00	77.00	6.27	48.24	29.00	0	
2	6.27	48.24	0.00	0.00	48.65	0	

4	1	118.224	4
1	10.00	77.00	26.93	100.55	29.00	1	4	
2	26.93	100.55	72.16	163.49	77.51	0	
3	72.16	163.49	73.75	165.69	2.71	1	17	
4	73.75	165.69	79.00	173.00	9.00	2	1	17	

4	2	189.066	3
1	10.00	77.00	38.38	71.02	29.00	1	4	
2	38.38	71.02	167.60	43.78	132.07	0	
3	167.60	43.78	195.00	38.00	28.00	1	2	

4	3	157.035	3
1	10.00	77.00	31.05	96.94	29.00	1	4	
2	31.05	96.94	113.11	174.68	113.04	0	
3	113.11	174.68	124.00	185.00	15.00	1	3	

4	4	0	0

4	5	238.160	5
1	10.00	77.00	38.74	73.10	29.00	1	4	
2	38.74	73.10	172.70	54.94	135.19	0	
3	172.70	54.94	208.34	50.11	35.97	1	2	
4	208.34	50.11	221.00	48.39	12.77	2	2	5	
5	221.00	48.39	246.00	45.00	25.23	1	5	

4	6	155.293	4
1	10.00	77.00	38.76	80.73	29.00	1	4	
2	38.76	80.73	135.99	93.36	98.05	0	
3	135.99	93.36	150.12	95.20	14.25	1	16	
4	150.12	95.20	164.00	97.00	14.00	2	6	16	

4	7	130.679	5
1	10.00	77.00	21.98	103.41	29.00	1	4	
2	21.98	103.41	52.81	171.34	74.60	0	
3	52.81	171.34	57.39	181.43	11.08	1	17	
4	57.39	181.43	60.03	187.25	6.39	2	7	17	
5	60.03	187.25	64.00	196.00	9.61	3	7	14	17	

4	8	198.073	5
1	10.00	77.00	32.25	95.59	29.00	1	4	
2	32.25	95.59	121.55	170.20	116.36	0	
3	121.55	170.20	139.00	184.78	22.74	1	3	
4	139.00	184.78	155.86	198.87	21.97	0	
5	155.86	198.87	162.00	204.00	8.00	1	8	

4	9	153.405	8
1	10.00	77.00	22.67	103.09	29.00	1	4	
2	22.67	103.09	54.64	168.94	73.20	0	
3	54.64	168.94	60.23	180.45	12.80	1	17	
4	60.23	180.45	62.68	185.51	5.63	2	7	17	
5	62.68	185.51	69.21	198.96	14.95	3	7	14	17	
6	69.21	198.96	73.88	208.58	10.70	2	7	14	
7	73.88	208.58	76.13	213.20	5.13	1	14	
8	76.13	213.20	77.00	215.00	2.00	2	9	14	

4	10	52.240	3
1	10.00	77.00	7.22	105.87	29.00	0	
2	7.22	105.87	6.91	109.09	3.24	0	
3	6.91	109.09	5.00	129.00	20.00	1	10	

4	11	209.038	5
1	10.00	77.00	10.55	105.99	29.00	1	4	
2	10.55	105.99	10.63	109.81	3.81	0	
3	10.63	109.81	11.36	147.96	38.16	0	
4	11.36	147.96	13.18	243.01	95.07	0	
5	13.18	243.01	14.00	286.00	43.00	1	11	

4	12	107.042	4
1	10.00	77.00	24.36	102.20	29.00	1	4	
2	24.36	102.20	60.06	164.84	72.11	0	
3	60.06	164.84	62.50	169.13	4.93	1	17	
4	62.50	169.13	63.00	170.00	1.00	2	12	17	

4	13	294.905	7
1	10.00	77.00	30.16	97.85	29.00	1	4	
2	30.16	97.85	109.79	180.20	114.55	0	
3	109.79	180.20	128.32	199.36	26.66	1	3	
4	128.32	199.36	151.77	223.61	33.73	0	
5	151.77	223.61	206.66	280.37	78.96	1	15	
6	206.66	280.37	209.66	283.48	4.32	2	13	15	
7	209.66	283.48	215.00	289.00	7.68	1	13	

4	14	165.484	7
1	10.00	77.00	23.32	102.76	29.00	1	4	
2	23.32	102.76	56.58	167.09	72.42	0	
3	56.58	167.09	63.26	180.02	14.55	1	17	
4	63.26	180.02	65.33	184.03	4.51	2	7	17	
5	65.33	184.03	72.75	198.36	16.14	3	7	14	17	
6	72.75	198.36	76.61	205.84	8.42	2	7	14	
7	76.61	205.84	86.00	224.00	20.44	1	14	

4	15	245.815	9
1	10.00	77.00	29.23	98.71	29.00	1	4	
2	29.23	98.71	61.43	135.05	48.56	0	
3	61.43	135.05	64.85	138.92	5.17	1	18	
4	64.85	138.92	103.49	182.54	58.27	0	
5	103.49	182.54	109.71	189.55	9.37	1	14	
6	109.71	189.55	117.76	198.64	12.14	2	3	14	
7	117.76	198.64	129.27	211.63	17.36	1	14	
8	129.27	211.63	144.49	228.81	22.95	0	
9	144.49	228.81	173.00	261.00	43.00	1	15	

4	16	156.847	4
1	10.00	77.00	38.66	81.44	29.00	1	4	
2	38.66	81.44	135.35	96.41	97.85	0	
3	135.35	96.41	150.10	98.69	14.93	1	16	
4	150.10	98.69	165.00	101.00	15.07	2	6	16	

4	17	119.080	6
1	10.00	77.00	24.12	102.33	29.00	1	4	
2	24.12	102.33	59.23	165.28	72.08	0	
3	59.23	165.28	62.07	170.37	5.82	1	17	
4	62.07	170.37	62.20	170.60	0.27	2	12	17	
5	62.20	170.60	67.68	180.43	11.25	1	17	
6	67.68	180.43	68.00	181.00	0.65	2	7	17	

4	18	80.156	3
1	10.00	77.00	28.81	99.07	29.00	1	4	
2	28.81	99.07	60.05	135.72	48.16	0	
3	60.05	135.72	62.00	138.00	3.00	1	18	

4	19	246.895	9
1	10.00	77.00	23.39	102.72	29.00	1	4	
2	23.39	102.72	56.80	166.91	72.36	0	
3	56.80	166.91	63.62	180.00	14.76	1	17	
4	63.62	180.00	65.63	183.87	4.36	2	7	17	
5	65.63	183.87	73.12	198.26	16.22	3	7	14	17	
6	73.12	198.26	76.88	205.49	8.15	2	7	14	
7	76.88	205.49	107.19	263.70	65.63	1	14	
8	107.19	263.70	121.23	290.68	30.41	0	
9	121.23	290.68	124.00	296.00	6.00	1	19	

4	20	201.792	6
1	10.00	77.00	32.42	95.40	29.00	1	4	
2	32.42	95.40	123.36	170.01	117.64	0	
3	123.36	170.01	138.82	182.70	20.00	1	3	
4	138.82	182.70	157.09	197.69	23.63	0	
5	157.09	197.69	165.23	204.37	10.53	1	8	
6	165.23	204.37	166.00	205.00	1.00	2	8	20	

5	0	250.082	4
1	246.00	45.00	222.86	40.77	23.52	1	5	
2	222.86	40.77	208.62	38.16	14.48	2	2	5	
3	208.62	38.16	167.96	30.72	41.33	1	2	
4	167.96	30.72	0.00	0.00	170.75	0	

5	1	210.412	8
1	246.00	45.00	215.84	68.12	38.00	1	5	
2	215.84	68.12	191.44	86.82	30.75	0	
3	191.44	86.82	178.00	97.12	16.93	1	16	
4	178.00	97.12	160.48	110.55	22.08	2	6	16	
5	160.48	110.55	144.44	122.84	20.21	1	16	
6	144.44	122.84	86.14	167.53	73.45	0	
7	86.14	167.53	82.49	170.32	4.60	1	1	
8	82.49	170.32	79.00	173.00	4.40	2	1	17	

5	2	51.478	3
1	246.00	45.00	222.74	41.81	23.48	1	5	
2	222.74	41.81	208.35	39.83	14.52	2	2	5	
3	208.35	39.83	195.00	38.00	13.48	1	2	

5	3	185.699	5
1	246.00	45.00	221.03	73.65	38.00	1	5	
2	221.03	73.65	194.88	103.66	39.81	0	
3	194.88	103.66	171.72	130.24	35.25	1	16	
4	171.72	130.24	133.85	173.69	57.64	0	
5	133.85	173.69	124.00	185.00	15.00	1	3	

5	4	238.160	5
1	246.00	45.00	221.00	48.39	25.23	1	5	
2	221.00	48.39	208.34	50.11	12.77	2	2	5	
3	208.34	50.11	172.70	54.94	35.97	1	2	
4	172.70	54.94	38.74	73.10	135.19	0	
5	38.74	73.10	10.00	77.00	29.00	1	4	

5	5	0	0

5	6	97.098	4
1	246.00	45.00	213.91	65.35	38.00	1	5	
2	213.91	65.35	188.02	81.77	30.65	0	
3	188.02	81.77	175.82	89.50	14.45	1	16	
4	175.82	89.50	164.00	97.00	14.00	2	6	16	

5	7	236.485	11
1	246.00	45.00	216.75	69.26	38.00	1	5	
2	216.75	69.26	192.62	89.29	31.36	0	
3	192.62	89.29	176.97	102.27	20.34	1	16	
4	176.97	102.27	166.79	110.72	13.23	2	6	16	
5	166.79	110.72	148.39	125.98	23.90	1	16	
6	148.39	125.98	87.17	176.78	79.55	0	
7	87.17	176.78	85.74	177.96	1.85	1	1	
8	85.74	177.96	84.46	179.03	1.67	2	1	17	
9	84.46	179.03	81.20	181.73	4.23	3	1	14	17	
10	81.20	181.73	76.31	185.78	6.36	2	14	17	
11	76.31	185.78	64.00	196.00	16.00	3	7	14	17	

5	8	179.825	3
1	246.00	45.00	228.25	78.60	38.00	1	5	
2	228.25	78.60	165.74	196.93	133.82	0	
3	165.74	196.93	162.00	204.00	8.00	1	8	

5	9	239.710	8
1	246.00	45.00	219.21	71.95	38.00	1	5	
2	219.21	71.95	194.68	96.62	34.79	0	
3	194.68	96.62	160.80	130.70	48.05	1	16	
4	160.80	130.70	121.53	170.20	55.70	0	
5	121.53	170.20	109.19	182.62	17.51	1	3	
6	109.19	182.62	107.40	184.42	2.53	0	
7	107.40	184.42	78.41	213.58	41.13	1	14	
8	78.41	213.58	77.00	215.00	2.00	2	9	14	

5	10	255.220	7
1	246.00	45.00	217.23	55.03	30.47	1	5	
2	217.23	55.03	210.12	57.51	7.53	2	2	5	
3	210.12	57.51	188.17	65.16	23.24	1	2	
4	188.17	65.16	170.13	71.44	19.10	0	
5	170.13	71.44	142.61	81.04	29.15	1	16	
6	142.61	81.04	23.89	122.42	125.72	0	
7	23.89	122.42	5.00	129.00	20.00	1	10	

5	11	334.522	9
1	246.00	45.00	219.65	72.38	38.00	1	5	
2	219.65	72.38	194.86	98.12	35.74	0	
3	194.86	98.12	163.26	130.95	45.57	1	16	
4	163.26	130.95	125.59	170.08	54.32	0	
5	125.59	170.08	110.20	186.06	22.18	1	3	
6	110.20	186.06	109.16	187.15	1.51	2	3	14	
7	109.16	187.15	49.01	249.63	86.72	1	14	
8	49.01	249.63	43.82	255.02	7.48	0	
9	43.82	255.02	14.00	286.00	43.00	1	11	

5	12	221.617	8
1	246.00	45.00	214.62	66.43	38.00	1	5	
2	214.62	66.43	189.46	83.62	30.48	0	
3	189.46	83.62	177.10	92.06	14.96	1	16	
4	177.10	92.06	154.64	107.41	27.21	2	6	16	
5	154.64	107.41	139.92	117.46	17.82	1	16	
6	139.92	117.46	72.44	163.56	81.72	0	
7	72.44	163.56	63.83	169.44	10.43	1	17	
8	63.83	169.44	63.00	170.00	1.00	2	12	17	

5	13	245.961	3
1	246.00	45.00	241.21	82.70	38.00	0	
2	241.21	82.70	216.51	277.10	195.96	0	
3	216.51	277.10	215.00	289.00	12.00	1	13	

5	14	240.085	7
1	246.00	45.00	220.68	73.33	38.00	1	5	
2	220.68	73.33	194.98	102.08	38.56	0	
3	194.98	102.08	169.42	130.67	38.35	1	16	
4	169.42	130.67	132.13	172.39	55.96	0	
5	132.13	172.39	115.99	190.45	24.22	1	3	
6	115.99	190.45	112.38	194.49	5.41	2	3	14	
7	112.38	194.49	86.00	224.00	39.59	1	14	

5	15	228.002	3
1	246.00	45.00	233.83	81.00	38.00	1	5	
2	233.83	81.00	186.77	220.26	147.00	0	
3	186.77	220.26	173.00	261.00	43.00	1	15	

5	16	98.473	4
1	246.00	45.00	214.74	66.61	38.00	1	5	
2	214.74	66.61	189.68	83.94	30.47	0	
3	189.68	83.94	177.26	92.52	15.09	1	16	
4	177.26	92.52	165.00	101.00	14.91	2	6	16	

5	17	224.009	10
1	246.00	45.00	215.80	68.07	38.00	1	5	
2	215.80	68.07	191.39	86.73	30.73	0	
3	191.39	86.73	178.00	96.96	16.85	1	16	
4	178.00	96.96	160.28	110.50	22.30	2	6	16	
5	160.28	110.50	144.29	122.71	20.12	1	16	
6	144.29	122.71	85.95	167.28	73.42	0	
7	85.95	167.28	82.30	170.07	4.59	1	1	
8	82.30	170.07	71.66	178.21	13.40	2	1	17	
9	71.66	178.21	68.47	180.64	4.01	1	17	
10	68.47	180.64	68.00	181.00	0.60	2	7	17	

5	18	206.167	7
1	246.00	45.00	212.09	62.14	38.00	1	5	
2	212.09	62.14	182.87	76.91	32.73	0	
3	182.87	76.91	168.99	83.92	15.55	1	16	
4	168.99	83.92	150.51	93.27	20.71	2	6	16	
5	150.51	93.27	135.00	101.10	17.38	1	16	
6	135.00	101.10	64.68	136.65	78.79	0	
7	64.68	136.65	62.00	138.00	3.00	1	18	

5	19	279.079	7
1	246.00	45.00	229.39	79.18	38.00	1	5	
2	229.39	79.18	169.73	201.92	136.48	0	
3	169.73	201.92	165.14	211.36	10.49	1	8	
4	165.14	211.36	161.10	219.68	9.25	0	
5	161.10	219.68	133.15	277.17	63.92	1	15	
6	133.15	277.17	126.62	290.60	14.94	0	
7	126.62	290.60	124.00	296.00	6.00	1	19	

5	20	178.885	4
1	246.00	45.00	229.01	78.99	38.00	1	5	
2	229.01	78.99	168.69	199.62	134.87	0	
3	168.69	199.62	166.45	204.11	5.02	1	8	
4	166.45	204.11	166.00	205.00	1.00	2	8	20	

6	0	190.539	3
1	164.00	97.00	151.95	89.87	14.00	2	6	16	
2	151.95	89.87	140.80	83.28	12.96	1	16	
3	140.80	83.28	0.00	0.00	163.58	0	

6	1	114.022	5
1	164.00	97.00	153.56	106.33	14.00	2	6	16	
2	153.56	106.33	140.37	118.13	17.70	1	16	
3	140.37	118.13	85.71	167.00	73.32	0	
4	85.71	167.00	82.29	170.06	4.58	1	1	
5	82.29	170.06	79.00	173.00	4.42	2	1	17	

6	2	66.648	4
1	164.00	97.00	170.51	84.61	14.00	2	6	16	
2	170.51	84.61	176.46	73.28	12.80	1	16	
3	176.46	73.28	181.98	62.79	11.85	0	
4	181.98	62.79	195.00	38.00	28.00	1	2	

6	3	96.664	4
1	164.00	97.00	158.21	109.75	14.00	2	6	16	
2	158.21	109.75	150.30	127.15	19.12	1	16	
3	150.30	127.15	130.21	171.34	48.55	0	
4	130.21	171.34	124.00	185.00	15.00	1	3	

6	4	155.293	4
1	164.00	97.00	150.12	95.20	14.00	2	6	16	
2	150.12	95.20	135.99	93.36	14.25	1	16	
3	135.99	93.36	38.76	80.73	98.05	0	
4	38.76	80.73	10.00	77.00	29.00	1	4	

6	5	97.098	4
1	164.00	97.00	175.82	89.50	14.00	2	6	16	
2	175.82	89.50	188.02	81.77	14.45	1	16	
3	188.02	81.77	213.91	65.35	30.65	0	
4	213.91	65.35	246.00	45.00	38.00	1	5	

6	6	0	0

6	7	140.716	8
1	164.00	97.00	154.05	106.85	14.00	2	6	16	
2	154.05	106.85	141.34	119.44	17.89	1	16	
3	141.34	119.44	87.97	172.27	75.09	0	
4	87.97	172.27	85.03	175.18	4.13	1	1	
5	85.03	175.18	80.88	179.29	5.85	2	1	17	
6	80.88	179.29	78.18	181.96	3.79	3	1	14	17	
7	78.18	181.96	75.37	184.74	3.95	2	14	17	
8	75.37	184.74	64.00	196.00	16.00	3	7	14	17	

6	8	107.019	4
1	164.00	97.00	163.74	111.00	14.00	2	6	16	
2	163.74	111.00	163.37	130.96	19.96	0	
3	163.37	130.96	162.15	196.00	65.06	0	
4	162.15	196.00	162.00	204.00	8.00	1	8	

6	9	146.605	5
1	164.00	97.00	155.69	108.27	14.00	2	6	16	
2	155.69	108.27	144.74	123.12	18.46	1	16	
3	144.74	123.12	101.51	181.76	72.85	0	
4	101.51	181.76	78.19	213.39	39.30	1	14	
5	78.19	213.39	77.00	215.00	2.00	2	9	14	

6	10	162.188	4
1	164.00	97.00	150.28	99.76	14.00	2	6	16	
2	150.28	99.76	135.06	102.83	15.52	1	16	
3	135.06	102.83	24.61	125.05	112.66	0	
4	24.61	125.05	5.00	129.00	20.00	1	10	

6	11	241.290	6
1	164.00	97.00	155.30	107.97	14.00	2	6	16	
2	155.30	107.97	143.90	122.33	18.33	1	16	
3	143.90	122.33	97.69	180.55	74.33	0	
4	97.69	180.55	46.34	245.26	82.61	1	14	
5	46.34	245.26	40.73	252.32	9.02	0	
6	40.73	252.32	14.00	286.00	43.00	1	11	

6	12	124.619	5
1	164.00	97.00	152.65	105.20	14.00	2	6	16	
2	152.65	105.20	138.64	115.33	17.29	1	16	
3	138.64	115.33	72.05	163.46	82.17	0	
4	72.05	163.46	63.81	169.41	10.16	1	17	
5	63.81	169.41	63.00	170.00	1.00	2	12	17	

6	13	198.658	6
1	164.00	97.00	167.59	110.53	14.00	2	6	16	
2	167.59	110.53	172.76	129.98	20.12	1	16	
3	172.76	129.98	198.33	226.25	99.61	0	
4	198.33	226.25	211.92	277.40	52.92	1	15	
5	211.92	277.40	212.24	278.59	1.23	2	13	15	
6	212.24	278.59	215.00	289.00	10.77	1	13	

6	14	149.040	6
1	164.00	97.00	156.67	108.93	14.00	2	6	16	
2	156.67	108.93	146.87	124.90	18.74	1	16	
3	146.87	124.90	118.53	171.03	54.14	0	
4	118.53	171.03	109.55	185.65	17.16	1	3	
5	109.55	185.65	109.07	186.44	0.92	2	3	14	
6	109.07	186.44	86.00	224.00	44.08	1	14	

6	15	164.247	6
1	164.00	97.00	164.77	110.98	14.00	2	6	16	
2	164.77	110.98	165.87	130.99	20.04	0	
3	165.87	130.99	169.77	202.08	71.20	0	
4	169.77	202.08	169.93	205.06	2.98	1	8	
5	169.93	205.06	170.64	218.06	13.03	0	
6	170.64	218.06	173.00	261.00	43.00	1	15	

6	16	4.123	1
1	164.00	97.00	165.00	101.00	4.12	2	6	16	

6	17	127.562	7
1	164.00	97.00	153.46	106.22	14.00	2	6	16	
2	153.46	106.22	140.18	117.85	17.66	1	16	
3	140.18	117.85	84.91	166.21	73.44	0	
4	84.91	166.21	81.55	169.15	4.46	1	1	
5	81.55	169.15	71.48	177.95	13.37	2	1	17	
6	71.48	177.95	68.43	180.63	4.06	1	17	
7	68.43	180.63	68.00	181.00	0.57	2	7	17	

6	18	109.932	4
1	164.00	97.00	151.01	102.22	14.00	2	6	16	
2	151.01	102.22	135.90	108.29	16.28	1	16	
3	135.90	108.29	64.78	136.88	76.65	0	
4	64.78	136.88	62.00	138.00	3.00	1	18	

6	19	202.980	6
1	164.00	97.00	161.24	110.73	14.00	2	6	16	
2	161.24	110.73	157.36	130.01	19.67	1	16	
3	157.36	130.01	135.13	240.63	112.83	0	
4	135.13	240.63	130.20	265.15	25.01	1	15	
5	130.20	265.15	125.18	290.12	25.47	0	
6	125.18	290.12	124.00	296.00	6.00	1	19	

6	20	108.019	5
1	164.00	97.00	164.26	111.00	14.00	2	6	16	
2	164.26	111.00	164.63	131.00	20.01	0	
3	164.63	131.00	165.85	196.99	66.00	0	
4	165.85	196.99	165.98	204.00	7.02	0	
5	165.98	204.00	166.00	205.00	1.00	2	8	20	

7	0	206.184	6
1	64.00	196.00	60.94	186.62	9.86	3	7	14	17	
2	60.94	186.62	59.03	180.79	6.14	2	7	17	
3	59.03	180.79	55.03	168.52	12.91	1	17	
4	55.03	168.52	31.50	96.46	75.80	0	
5	31.50	96.46	15.87	48.60	50.35	1	4	
6	15.87	48.60	0.00	0.00	51.13	0	

7	1	27.459	4
1	64.00	196.00	72.74	182.60	16.00	3	7	14	17	
2	72.74	182.60	74.03	180.62	2.36	2	14	17	
3	74.03	180.62	74.08	180.54	0.10	1	17	
4	74.08	180.54	79.00	173.00	9.00	2	1	17	

7	2	205.244	11
1	64.00	196.00	74.21	183.68	16.00	3	7	14	17	
2	74.21	183.68	76.03	181.49	2.84	2	14	17	
3	76.03	181.49	77.41	179.83	2.17	3	1	14	17	
4	77.41	179.83	83.71	172.22	9.88	2	1	17	
5	83.71	172.22	86.80	168.50	4.83	1	1	
6	86.80	168.50	136.10	109.04	77.24	0	
7	136.10	109.04	151.85	90.04	24.68	1	16	
8	151.85	90.04	154.91	86.35	4.79	2	6	16	
9	154.91	86.35	167.55	71.11	19.80	1	16	
10	167.55	71.11	177.13	59.55	15.01	0	
11	177.13	59.55	195.00	38.00	28.00	1	2	

7	3	61.000	5
1	64.00	196.00	79.74	193.11	16.00	3	7	14	17	
2	79.74	193.11	81.62	192.77	1.91	2	14	17	
3	81.62	192.77	109.25	187.70	28.09	1	14	
4	109.25	187.70	111.92	187.21	2.72	2	3	14	
5	111.92	187.21	124.00	185.00	12.28	1	3	

7	4	130.679	5
1	64.00	196.00	60.03	187.25	9.61	3	7	14	17	
2	60.03	187.25	57.39	181.43	6.39	2	7	17	
3	57.39	181.43	52.81	171.34	11.08	1	17	
4	52.81	171.34	21.98	103.41	74.60	0	
5	21.98	103.41	10.00	77.00	29.00	1	4	

7	5	236.485	11
1	64.00	196.00	76.31	185.78	16.00	3	7	14	17	
2	76.31	185.78	81.20	181.73	6.36	2	14	17	
3	81.20	181.73	84.46	179.03	4.23	3	1	14	17	
4	84.46	179.03	85.74	177.96	1.67	2	1	17	
5	85.74	177.96	87.17	176.78	1.85	1	1	
6	87.17	176.78	148.39	125.98	79.55	0	
7	148.39	125.98	166.79	110.72	23.90	1	16	
8	166.79	110.72	176.97	102.27	13.23	2	6	16	
9	176.97	102.27	192.62	89.29	20.34	1	16	
10	192.62	89.29	216.75	69.26	31.36	0	
11	216.75	69.26	246.00	45.00	38.00	1	5	

7	6	140.716	8
1	64.00	196.00	75.37	184.74	16.00	3	7	14	17	
2	75.37	184.74	78.18	181.96	3.95	2	14	17	
3	78.18	181.96	80.88	179.29	3.79	3	1	14	17	
4	80.88	179.29	85.03	175.18	5.85	2	1	17	
5	85.03	175.18	87.97	172.27	4.13	1	1	
6	87.97	172.27	141.34	119.44	75.09	0	
7	141.34	119.44	154.05	106.85	17.89	1	16	
8	154.05	106.85	164.00	97.00	14.00	2	6	16	

7	7	0	0

7	8	98.326	5
1	64.00	196.00	76.25	197.00	12.29	3	7	14	17	
2	76.25	197.00	79.95	197.30	3.71	2	7	14	
3	79.95	197.30	124.65	200.95	44.85	1	14	
4	124.65	200.95	154.03	203.35	29.48	0	
5	154.03	203.35	162.00	204.00	8.00	1	8	

7	9	23.022	4
1	64.00	196.00	65.97	198.89	3.50	3	7	14	17	
2	65.97	198.89	73.03	209.20	12.50	2	7	14	
3	73.03	209.20	75.87	213.35	5.02	1	14	
4	75.87	213.35	77.00	215.00	2.00	2	9	14	

7	10	89.275	5
1	64.00	196.00	57.79	188.94	9.40	3	7	14	17	
2	57.79	188.94	53.43	183.99	6.60	2	7	17	
3	53.43	183.99	50.02	180.13	5.15	1	17	
4	50.02	180.13	18.22	144.01	48.12	0	
5	18.22	144.01	5.00	129.00	20.00	1	10	

7	11	102.956	5
1	64.00	196.00	62.77	198.22	2.54	3	7	14	17	
2	62.77	198.22	56.23	209.99	13.46	2	7	14	
3	56.23	209.99	42.36	234.96	28.57	1	14	
4	42.36	234.96	34.88	248.41	15.39	0	
5	34.88	248.41	14.00	286.00	43.00	1	11	

7	12	26.019	4
1	64.00	196.00	63.58	184.98	11.02	2	7	17	
2	63.58	184.98	63.39	180.01	4.97	2	7	17	
3	63.39	180.01	63.04	171.00	9.02	1	17	
4	63.04	171.00	63.00	170.00	1.00	2	12	17	

7	13	177.341	7
1	64.00	196.00	68.84	198.98	5.68	3	7	14	17	
2	68.84	198.98	77.62	204.39	10.32	2	7	14	
3	77.62	204.39	129.31	236.22	60.70	1	14	
4	129.31	236.22	135.47	240.02	7.23	0	
5	135.47	240.02	204.78	282.71	81.41	1	15	
6	204.78	282.71	208.63	285.08	4.52	2	13	15	
7	208.63	285.08	215.00	289.00	7.48	1	13	

7	14	35.609	5
1	64.00	196.00	66.29	198.92	3.71	3	7	14	17	
2	66.29	198.92	73.89	208.58	12.29	2	7	14	
3	73.89	208.58	77.39	213.04	5.67	1	14	
4	77.39	213.04	79.00	215.09	2.61	2	9	14	
5	79.00	215.09	86.00	224.00	11.33	1	14	

7	15	126.909	5
1	64.00	196.00	68.99	198.97	5.80	3	7	14	17	
2	68.99	198.97	77.74	204.19	10.20	2	7	14	
3	77.74	204.19	129.60	235.12	60.38	1	14	
4	129.60	235.12	136.07	238.98	7.53	0	
5	136.07	238.98	173.00	261.00	43.00	1	15	

7	16	138.658	8
1	64.00	196.00	75.65	185.04	16.00	3	7	14	17	
2	75.65	185.04	78.89	182.00	4.43	2	14	17	
3	78.89	182.00	81.87	179.19	4.10	3	1	14	17	
4	81.87	179.19	85.29	175.98	4.69	2	1	17	
5	85.29	175.98	87.99	173.44	3.71	1	1	
6	87.99	173.44	143.15	121.55	75.72	0	
7	143.15	121.55	156.61	108.89	18.48	1	16	
8	156.61	108.89	165.00	101.00	11.52	2	6	16	

7	17	15.524	2
1	64.00	196.00	67.47	182.99	13.46	3	7	14	17	
2	67.47	182.99	68.00	181.00	2.06	2	7	17	

7	18	58.034	7
1	64.00	196.00	63.62	184.96	11.05	2	7	17	
2	63.62	184.96	63.45	180.01	4.95	2	7	17	
3	63.45	180.01	63.14	170.99	9.02	1	17	
4	63.14	170.99	63.07	169.00	1.99	2	12	17	
5	63.07	169.00	62.89	163.74	5.26	0	
6	62.89	163.74	62.10	141.00	22.76	0	
7	62.10	141.00	62.00	138.00	3.00	1	18	

7	19	116.619	7
1	64.00	196.00	65.71	198.85	3.33	3	7	14	17	
2	65.71	198.85	72.23	209.72	12.67	2	7	14	
3	72.23	209.72	75.07	214.46	5.53	1	14	
4	75.07	214.46	76.57	216.95	2.91	2	9	14	
5	76.57	216.95	105.21	264.69	55.67	1	14	
6	105.21	264.69	120.91	290.86	30.51	0	
7	120.91	290.86	124.00	296.00	6.00	1	19	

7	20	102.396	6
1	64.00	196.00	76.11	197.07	12.16	3	7	14	17	
2	76.11	197.07	79.94	197.41	3.84	2	7	14	
3	79.94	197.41	124.90	201.37	45.13	1	14	
4	124.90	201.37	154.00	203.94	29.22	0	
5	154.00	203.94	165.00	204.91	11.05	1	8	
6	165.00	204.91	166.00	205.00	1.00	2	8	20	

8	0	260.500	2
1	162.00	204.00	157.02	197.74	8.00	1	8	
2	157.02	197.74	0.00	0.00	252.50	0	

8	1	88.600	6
1	162.00	204.00	154.51	201.20	8.00	1	8	
2	154.51	201.20	135.83	194.22	19.94	0	
3	135.83	194.22	109.02	184.21	28.62	1	3	
4	109.02	184.21	87.43	176.15	23.05	0	
5	87.43	176.15	85.06	175.26	2.53	1	1	
6	85.06	175.26	79.00	173.00	6.47	2	1	17	

8	2	169.248	5
1	162.00	204.00	163.56	196.15	8.00	1	8	
2	163.56	196.15	177.01	128.49	68.99	0	
3	177.01	128.49	186.61	80.19	49.24	0	
4	186.61	80.19	189.54	65.46	15.02	0	
5	189.54	65.46	195.00	38.00	28.00	1	2	

8	3	42.485	3
1	162.00	204.00	154.84	200.42	8.00	1	8	
2	154.84	200.42	137.42	191.71	19.49	0	
3	137.42	191.71	124.00	185.00	15.00	1	3	

8	4	198.073	5
1	162.00	204.00	155.86	198.87	8.00	1	8	
2	155.86	198.87	139.00	184.78	21.97	0	
3	139.00	184.78	121.55	170.20	22.74	1	3	
4	121.55	170.20	32.25	95.59	116.36	0	
5	32.25	95.59	10.00	77.00	29.00	1	4	

8	5	179.825	3
1	162.00	204.00	165.74	196.93	8.00	1	8	
2	165.74	196.93	228.25	78.60	133.82	0	
3	228.25	78.60	246.00	45.00	38.00	1	5	

8	6	107.019	4
1	162.00	204.00	162.15	196.00	8.00	1	8	
2	162.15	196.00	163.37	130.96	65.06	0	
3	163.37	130.96	163.74	111.00	19.96	0	
4	163.74	111.00	164.00	97.00	14.00	2	6	16	

8	7	98.326	5
1	162.00	204.00	154.03	203.35	8.00	1	8	
2	154.03	203.35	124.65	200.95	29.48	0	
3	124.65	200.95	79.95	197.30	44.85	1	14	
4	79.95	197.30	76.25	197.00	3.71	2	7	14	
5	76.25	197.00	64.00	196.00	12.29	3	7	14	17	

8	8	0	0

8	9	85.709	4
1	162.00	204.00	154.07	205.03	8.00	1	8	
2	154.07	205.03	128.20	208.37	26.08	0	
3	128.20	208.37	78.98	214.74	49.63	1	14	
4	78.98	214.74	77.00	215.00	2.00	2	9	14	

8	10	173.994	7
1	162.00	204.00	154.78	200.55	8.00	1	8	
2	154.78	200.55	137.19	192.15	19.50	0	
3	137.19	192.15	110.15	179.23	29.96	1	3	
4	110.15	179.23	86.41	167.89	26.32	0	
5	86.41	167.89	78.32	164.03	8.96	1	1	
6	78.32	164.03	23.05	137.62	61.26	0	
7	23.05	137.62	5.00	129.00	20.00	1	10	

8	11	169.198	5
1	162.00	204.00	155.00	207.88	8.00	1	8	
2	155.00	207.88	130.91	221.22	27.54	0	
3	130.91	221.22	59.83	260.61	81.27	1	14	
4	59.83	260.61	51.61	265.16	9.39	0	
5	51.61	265.16	14.00	286.00	43.00	1	11	

8	12	104.676	10
1	162.00	204.00	154.43	201.40	8.00	1	8	
2	154.43	201.40	135.32	194.84	20.21	0	
3	135.32	194.84	110.69	186.38	26.04	1	3	
4	110.69	186.38	109.02	185.81	1.76	2	3	14	
5	109.02	185.81	89.63	179.15	20.50	1	14	
6	89.63	179.15	86.45	178.05	3.37	0	
7	86.45	178.05	85.71	177.80	0.78	1	1	
8	85.71	177.80	70.02	172.41	16.59	2	1	17	
9	70.02	172.41	63.95	170.32	6.42	1	17	
10	63.95	170.32	63.00	170.00	1.00	2	12	17	

8	13	100.170	5
1	162.00	204.00	166.23	210.79	8.00	1	8	
2	166.23	210.79	170.77	218.06	8.57	0	
3	170.77	218.06	208.65	278.82	71.60	1	15	
4	208.65	278.82	210.58	281.91	3.64	2	13	15	
5	210.58	281.91	215.00	289.00	8.36	1	13	

8	14	78.588	3
1	162.00	204.00	154.26	206.04	8.00	1	8	
2	154.26	206.04	129.52	212.55	25.59	0	
3	129.52	212.55	86.00	224.00	45.00	1	14	

8	15	58.052	3
1	162.00	204.00	163.52	211.86	8.00	1	8	
2	163.52	211.86	164.85	218.78	7.05	0	
3	164.85	218.78	173.00	261.00	43.00	1	15	

8	16	103.044	4
1	162.00	204.00	162.23	196.00	8.00	1	8	
2	162.23	196.00	164.13	130.99	65.04	0	
3	164.13	130.99	164.71	110.98	20.01	1	16	
4	164.71	110.98	165.00	101.00	9.98	2	6	16	

8	17	96.773	8
1	162.00	204.00	154.23	202.10	8.00	1	8	
2	154.23	202.10	133.10	196.93	21.76	0	
3	133.10	196.93	119.09	193.50	14.42	1	3	
4	119.09	193.50	110.42	191.38	8.92	2	3	14	
5	110.42	191.38	85.48	185.28	25.68	1	14	
6	85.48	185.28	71.46	181.85	14.43	2	14	17	
7	71.46	181.85	70.73	181.67	0.75	3	7	14	17	
8	70.73	181.67	68.00	181.00	2.81	2	7	17	

8	18	119.817	5
1	162.00	204.00	155.32	199.59	8.00	1	8	
2	155.32	199.59	138.58	188.54	20.07	0	
3	138.58	188.54	115.01	172.99	28.23	1	3	
4	115.01	172.99	64.50	139.65	60.52	0	
5	64.50	139.65	62.00	138.00	3.00	1	18	

8	19	99.539	5
1	162.00	204.00	158.95	211.39	8.00	1	8	
2	158.95	211.39	154.49	222.19	11.68	0	
3	154.49	222.19	132.49	275.43	57.61	1	15	
4	132.49	275.43	126.29	290.45	16.25	0	
5	126.29	290.45	124.00	296.00	6.00	1	19	

8	20	4.123	2
1	162.00	204.00	165.03	204.76	3.12	1	8	
2	165.03	204.76	166.00	205.00	1.00	2	8	20	

9	0	228.373	9
1	77.00	215.00	76.33	213.12	2.00	2	9	14	
2	76.33	213.12	74.51	208.06	5.37	1	14	
3	74.51	208.06	71.17	198.72	9.92	2	7	14	
4	71.17	198.72	65.82	183.78	15.87	3	7	14	17	
5	65.82	183.78	64.47	180.01	4.01	2	7	17	
6	64.47	180.01	59.20	165.30	15.62	1	17	
7	59.20	165.30	33.61	93.84	75.90	0	
8	33.61	93.84	17.55	49.00	47.63	1	4	
9	17.55	49.00	0.00	0.00	52.05	0	

9	1	42.048	7
1	77.00	215.00	77.10	213.00	2.00	2	9	14	
2	77.10	213.00	77.50	204.59	8.42	1	14	
3	77.50	204.59	77.90	196.03	8.57	2	7	14	
4	77.90	196.03	78.25	188.73	7.31	3	7	14	17	
5	78.25	188.73	78.57	181.99	6.74	2	14	17	
6	78.57	181.99	78.69	179.60	2.39	2	1	17	
7	78.69	179.60	79.00	173.00	6.61	2	1	17	

9	2	212.728	8
1	77.00	215.00	78.11	213.34	2.00	2	9	14	
2	78.11	213.34	99.60	181.10	38.74	1	14	
3	99.60	181.10	141.00	119.00	74.64	0	
4	141.00	119.00	151.48	103.27	18.90	1	16	
5	151.48	103.27	164.98	83.03	24.32	2	6	16	
6	164.98	83.03	172.38	71.92	13.35	1	16	
7	172.38	71.92	179.47	61.30	12.77	0	
8	179.47	61.30	195.00	38.00	28.00	1	2	

9	3	55.758	4
1	77.00	215.00	78.69	213.92	2.00	2	9	14	
2	78.69	213.92	111.36	193.07	38.76	1	14	
3	111.36	193.07	115.77	190.25	5.24	2	3	14	
4	115.77	190.25	124.00	185.00	9.76	1	3	

9	4	153.405	8
1	77.00	215.00	76.13	213.20	2.00	2	9	14	
2	76.13	213.20	73.88	208.58	5.13	1	14	
3	73.88	208.58	69.21	198.96	10.70	2	7	14	
4	69.21	198.96	62.68	185.51	14.95	3	7	14	17	
5	62.68	185.51	60.23	180.45	5.63	2	7	17	
6	60.23	180.45	54.64	168.94	12.80	1	17	
7	54.64	168.94	22.67	103.09	73.20	0	
8	22.67	103.09	10.00	77.00	29.00	1	4	

9	5	239.710	8
1	77.00	215.00	78.41	213.58	2.00	2	9	14	
2	78.41	213.58	107.40	184.42	41.13	1	14	
3	107.40	184.42	109.19	182.62	2.53	0	
4	109.19	182.62	121.53	170.20	17.51	1	3	
5	121.53	170.20	160.80	130.70	55.70	0	
6	160.80	130.70	194.68	96.62	48.05	1	16	
7	194.68	96.62	219.21	71.95	34.79	0	
8	219.21	71.95	246.00	45.00	38.00	1	5	

9	6	146.605	5
1	77.00	215.00	78.19	213.39	2.00	2	9	14	
2	78.19	213.39	101.51	181.76	39.30	1	14	
3	101.51	181.76	144.74	123.12	72.85	0	
4	144.74	123.12	155.69	108.27	18.46	1	16	
5	155.69	108.27	164.00	97.00	14.00	2	6	16	

9	7	23.022	4
1	77.00	215.00	75.87	213.35	2.00	2	9	14	
2	75.87	213.35	73.03	209.20	5.02	1	14	
3	73.03	209.20	65.97	198.89	12.50	2	7	14	
4	65.97	198.89	64.00	196.00	3.50	3	7	14	17	

9	8	85.709	4
1	77.00	215.00	78.98	214.74	2.00	2	9	14	
2	78.98	214.74	128.20	208.37	49.63	1	14	
3	128.20	208.37	154.07	205.03	26.08	0	
4	154.07	205.03	162.00	204.00	8.00	1	8	

9	9	0	0

9	10	112.161	8
1	77.00	215.00	75.72	213.47	2.00	2	9	14	
2	75.72	213.47	72.46	209.58	5.07	1	14	
3	72.46	209.58	63.02	198.30	14.72	2	7	14	
4	63.02	198.30	56.26	190.23	10.52	3	7	14	17	
5	56.26	190.23	52.12	185.28	6.45	2	7	17	
6	52.12	185.28	50.10	182.87	3.15	1	17	
7	50.10	182.87	17.84	144.34	50.25	0	
8	17.84	144.34	5.00	129.00	20.00	1	10	

9	11	94.921	4
1	77.00	215.00	75.67	216.50	2.00	2	9	14	
2	75.67	216.50	47.84	247.86	41.93	1	14	
3	47.84	247.86	42.54	253.84	7.99	0	
4	42.54	253.84	14.00	286.00	43.00	1	11	

9	12	47.127	7
1	77.00	215.00	76.41	213.09	2.00	2	9	14	
2	76.41	213.09	74.77	207.83	5.51	1	14	
3	74.77	207.83	71.89	198.57	9.70	2	7	14	
4	71.89	198.57	67.10	183.16	16.14	3	7	14	17	
5	67.10	183.16	66.16	180.15	3.16	2	7	17	
6	66.16	180.15	63.30	170.96	9.63	1	17	
7	63.30	170.96	63.00	170.00	1.00	2	12	17	

9	13	156.589	6
1	77.00	215.00	78.76	215.95	2.00	2	9	14	
2	78.76	215.95	127.26	241.95	55.03	1	14	
3	127.26	241.95	133.06	245.06	6.58	0	
4	133.06	245.06	204.42	283.33	80.97	1	15	
5	204.42	283.33	208.37	285.45	4.48	2	13	15	
6	208.37	285.45	215.00	289.00	7.52	1	13	

9	14	12.728	2
1	77.00	215.00	78.41	216.41	2.00	2	9	14	
2	78.41	216.41	86.00	224.00	10.73	1	14	

9	15	106.452	4
1	77.00	215.00	78.80	215.86	2.00	2	9	14	
2	78.80	215.86	128.23	239.55	54.81	1	14	
3	128.23	239.55	134.22	242.42	6.65	0	
4	134.22	242.42	173.00	261.00	43.00	1	15	

9	16	144.014	5
1	77.00	215.00	78.22	213.42	2.00	2	9	14	
2	78.22	213.42	102.40	182.10	39.57	1	14	
3	102.40	182.10	146.67	124.75	72.45	0	
4	146.67	124.75	158.24	109.76	18.93	1	16	
5	158.24	109.76	165.00	101.00	11.07	2	6	16	

9	17	35.171	5
1	77.00	215.00	76.49	213.07	2.00	2	9	14	
2	76.49	213.07	75.04	207.58	5.67	1	14	
3	75.04	207.58	72.61	198.40	9.50	2	7	14	
4	72.61	198.40	68.42	182.58	16.37	3	7	14	17	
5	68.42	182.58	68.00	181.00	1.63	2	7	17	

9	18	78.447	8
1	77.00	215.00	76.62	213.04	2.00	2	9	14	
2	76.62	213.04	75.47	207.15	5.99	1	14	
3	75.47	207.15	73.70	198.07	9.25	2	7	14	
4	73.70	198.07	70.52	181.75	16.63	3	7	14	17	
5	70.52	181.75	70.45	181.36	0.40	2	7	17	
6	70.45	181.36	66.88	163.04	18.67	1	17	
7	66.88	163.04	62.57	140.94	22.51	0	
8	62.57	140.94	62.00	138.00	3.00	1	18	

9	19	93.648	4
1	77.00	215.00	78.00	216.73	2.00	2	9	14	
2	78.00	216.73	105.70	264.46	55.18	1	14	
3	105.70	264.46	120.99	290.81	30.47	0	
4	120.99	290.81	124.00	296.00	6.00	1	19	

9	20	89.560	5
1	77.00	215.00	78.99	214.78	2.00	2	9	14	
2	78.99	214.78	128.50	209.21	49.83	1	14	
3	128.50	209.21	154.34	206.31	26.00	0	
4	154.34	206.31	165.01	205.11	10.73	1	8	
5	165.01	205.11	166.00	205.00	1.00	2	8	20	

10	0	129.097	4
1	5.00	129.00	4.23	109.02	20.00	1	10	
2	4.23	109.02	4.08	105.39	3.63	0	
3	4.08	105.39	1.91	49.15	56.28	0	
4	1.91	49.15	0.00	0.00	49.19	0	

10	1	86.093	4
1	5.00	129.00	22.19	139.22	20.00	1	10	
2	22.19	139.22	63.25	163.64	47.77	0	
3	63.25	163.64	71.26	168.40	9.32	1	17	
4	71.26	168.40	79.00	173.00	9.00	2	1	17	

10	2	210.668	3
1	5.00	129.00	23.04	120.36	20.00	1	10	
2	23.04	120.36	169.75	50.09	162.67	0	
3	169.75	50.09	195.00	38.00	28.00	1	2	

10	3	131.518	5
1	5.00	129.00	23.10	137.52	20.00	1	10	
2	23.10	137.52	79.39	164.01	62.22	0	
3	79.39	164.01	85.68	166.97	6.95	1	1	
4	85.68	166.97	110.43	178.61	27.35	0	
5	110.43	178.61	124.00	185.00	15.00	1	3	

10	4	52.240	3
1	5.00	129.00	6.91	109.09	20.00	1	10	
2	6.91	109.09	7.22	105.87	3.24	0	
3	7.22	105.87	10.00	77.00	29.00	0	

10	5	255.220	7
1	5.00	129.00	23.89	122.42	20.00	1	10	
2	23.89	122.42	142.61	81.04	125.72	0	
3	142.61	81.04	170.13	71.44	29.15	1	16	
4	170.13	71.44	188.17	65.16	19.10	0	
5	188.17	65.16	210.12	57.51	23.24	1	2	
6	210.12	57.51	217.23	55.03	7.53	2	2	5	
7	217.23	55.03	246.00	45.00	30.47	1	5	

10	6	162.188	4
1	5.00	129.00	24.61	125.05	20.00	1	10	
2	24.61	125.05	135.06	102.83	112.66	0	
3	135.06	102.83	150.28	99.76	15.52	1	16	
4	150.28	99.76	164.00	97.00	14.00	2	6	16	

10	7	89.275	5
1	5.00	129.00	18.22	144.01	20.00	1	10	
2	18.22	144.01	50.02	180.13	48.12	0	
3	50.02	180.13	53.43	183.99	5.15	1	17	
4	53.43	183.99	57.79	188.94	6.60	2	7	17	
5	57.79	188.94	64.00	196.00	9.40	3	7	14	17	

10	8	173.994	7
1	5.00	129.00	23.05	137.62	20.00	1	10	
2	23.05	137.62	78.32	164.03	61.26	0	
3	78.32	164.03	86.41	167.89	8.96	1	1	
4	86.41	167.89	110.15	179.23	26.32	0	
5	110.15	179.23	137.19	192.15	29.96	1	3	
6	137.19	192.15	154.78	200.55	19.50	0	
7	154.78	200.55	162.00	204.00	8.00	1	8	

10	9	112.161	8
1	5.00	129.00	17.84	144.34	20.00	1	10	
2	17.84	144.34	50.10	182.87	50.25	0	
3	50.10	182.87	52.12	185.28	3.15	1	17	
4	52.12	185.28	56.26	190.23	6.45	2	7	17	
5	56.26	190.23	63.02	198.30	10.52	3	7	14	17	
6	63.02	198.30	72.46	209.58	14.72	2	7	14	
7	72.46	209.58	75.72	213.47	5.07	1	14	
8	75.72	213.47	77.00	215.00	2.00	2	9	14	

10	10	0	0

10	11	157.258	3
1	5.00	129.00	6.14	148.97	20.00	1	10	
2	6.14	148.97	11.54	243.07	94.26	0	
3	11.54	243.07	14.00	286.00	43.00	1	11	

10	12	71.028	4
1	5.00	129.00	21.33	140.54	20.00	1	10	
2	21.33	140.54	57.69	166.25	44.52	0	
3	57.69	166.25	62.18	169.42	5.50	1	17	
4	62.18	169.42	63.00	170.00	1.00	2	12	17	

10	13	264.008	9
1	5.00	129.00	20.91	141.12	20.00	1	10	
2	20.91	141.12	55.84	167.73	43.91	0	
3	55.84	167.73	73.10	180.89	21.71	1	17	
4	73.10	180.89	84.02	189.21	13.73	2	14	17	
5	84.02	189.21	130.99	224.99	59.05	1	14	
6	130.99	224.99	140.82	232.48	12.36	0	
7	140.82	232.48	205.45	281.73	81.26	1	15	
8	205.45	281.73	209.04	284.46	4.50	2	13	15	
9	209.04	284.46	215.00	289.00	7.50	1	13	

10	14	124.844	9
1	5.00	129.00	17.98	144.22	20.00	1	10	
2	17.98	144.22	50.02	181.80	49.38	0	
3	50.02	181.80	52.58	184.80	3.94	1	17	
4	52.58	184.80	56.80	189.76	6.52	2	7	17	
5	56.80	189.76	64.37	198.63	11.66	3	7	14	17	
6	64.37	198.63	73.25	209.05	13.70	2	7	14	
7	73.25	209.05	76.65	213.03	5.23	1	14	
8	76.65	213.03	78.89	215.66	3.45	2	9	14	
9	78.89	215.66	86.00	224.00	10.96	1	14	

10	15	213.654	7
1	5.00	129.00	20.73	141.36	20.00	1	10	
2	20.73	141.36	55.15	168.40	43.77	0	
3	55.15	168.40	71.63	181.35	20.97	1	17	
4	71.63	181.35	83.28	190.51	14.82	2	14	17	
5	83.28	190.51	130.83	227.87	60.47	1	14	
6	130.83	227.87	139.19	234.43	10.63	0	
7	139.19	234.43	173.00	261.00	43.00	1	15	

10	16	162.432	4
1	5.00	129.00	24.70	125.55	20.00	1	10	
2	24.70	125.55	135.45	106.17	112.43	0	
3	135.45	106.17	151.53	103.36	16.32	1	16	
4	151.53	103.36	165.00	101.00	13.68	2	6	16	

10	17	81.688	4
1	5.00	129.00	20.42	141.73	20.00	1	10	
2	20.42	141.73	54.12	169.54	43.69	0	
3	54.12	169.54	67.17	180.32	16.93	1	17	
4	67.17	180.32	68.00	181.00	1.07	2	7	17	

10	18	57.706	3
1	5.00	129.00	24.76	132.12	20.00	1	10	
2	24.76	132.12	59.04	137.53	34.71	0	
3	59.04	137.53	62.00	138.00	3.00	1	18	

10	19	205.061	7
1	5.00	129.00	16.61	145.29	20.00	1	10	
2	16.61	145.29	48.92	190.64	55.69	0	
3	48.92	190.64	51.83	194.72	5.01	1	7	
4	51.83	194.72	64.14	212.00	21.22	2	7	14	
5	64.14	212.00	102.52	265.86	66.13	1	14	
6	102.52	265.86	120.52	291.11	31.01	0	
7	120.52	291.11	124.00	296.00	6.00	1	19	

10	20	178.037	8
1	5.00	129.00	23.09	137.54	20.00	1	10	
2	23.09	137.54	79.15	164.00	61.99	0	
3	79.15	164.00	85.85	167.17	7.42	1	1	
4	85.85	167.17	110.37	178.74	27.11	0	
5	110.37	178.74	137.50	191.55	30.00	1	3	
6	137.50	191.55	155.15	199.88	19.52	0	
7	155.15	199.88	165.10	204.57	11.00	1	8	
8	165.10	204.57	166.00	205.00	1.00	2	8	20	

11	0	286.342	6
1	14.00	286.00	11.90	243.05	43.00	0	
2	11.90	243.05	7.29	148.87	94.29	0	
3	7.29	148.87	5.34	109.00	39.91	0	
4	5.34	109.00	5.17	105.60	3.41	0	
5	5.17	105.60	2.40	49.01	56.65	0	
6	2.40	49.01	0.00	0.00	49.07	0	

11	1	130.361	8
1	14.00	286.00	35.44	248.73	43.00	1	11	
2	35.44	248.73	42.67	236.15	14.50	0	
3	42.67	236.15	57.39	210.57	29.51	1	14	
4	57.39	210.57	64.27	198.61	13.80	2	7	14	
5	64.27	198.61	73.27	182.96	18.05	3	7	14	17	
6	73.27	182.96	74.51	180.80	2.49	2	14	17	
7	74.51	180.80	74.72	180.44	0.42	3	1	14	17	
8	74.72	180.44	79.00	173.00	8.58	2	1	17	

11	2	307.026	11
1	14.00	286.00	39.35	251.27	43.00	1	11	
2	39.35	251.27	45.28	243.15	10.05	0	
3	45.28	243.15	68.47	211.36	39.35	1	14	
4	68.47	211.36	79.99	195.58	19.54	2	7	14	
5	79.99	195.58	91.82	179.38	20.05	1	14	
6	91.82	179.38	138.61	115.27	79.37	0	
7	138.61	115.27	150.20	99.38	19.67	1	16	
8	150.20	99.38	162.06	83.14	20.11	2	6	16	
9	162.06	83.14	170.54	71.52	14.39	1	16	
10	170.54	71.52	178.49	60.62	13.49	0	
11	178.49	60.62	195.00	38.00	28.00	1	2	

11	3	149.335	5
1	14.00	286.00	45.67	256.92	43.00	1	11	
2	45.67	256.92	50.88	252.14	7.07	0	
3	50.88	252.14	112.95	195.15	84.27	1	14	
4	112.95	195.15	117.02	191.40	5.53	2	3	14	
5	117.02	191.40	124.00	185.00	9.47	1	3	

11	4	209.038	5
1	14.00	286.00	13.18	243.01	43.00	1	11	
2	13.18	243.01	11.36	147.96	95.07	0	
3	11.36	147.96	10.63	109.81	38.16	0	
4	10.63	109.81	10.55	105.99	3.81	0	
5	10.55	105.99	10.00	77.00	29.00	1	4	

11	5	334.522	9
1	14.00	286.00	43.82	255.02	43.00	1	11	
2	43.82	255.02	49.01	249.63	7.48	0	
3	49.01	249.63	109.16	187.15	86.72	1	14	
4	109.16	187.15	110.20	186.06	1.51	2	3	14	
5	110.20	186.06	125.59	170.08	22.18	1	3	
6	125.59	170.08	163.26	130.95	54.32	0	
7	163.26	130.95	194.86	98.12	45.57	1	16	
8	194.86	98.12	219.65	72.38	35.74	0	
9	219.65	72.38	246.00	45.00	38.00	1	5	

11	6	241.290	6
1	14.00	286.00	40.73	252.32	43.00	1	11	
2	40.73	252.32	46.34	245.26	9.02	0	
3	46.34	245.26	97.69	180.55	82.61	1	14	
4	97.69	180.55	143.90	122.33	74.33	0	
5	143.90	122.33	155.30	107.97	18.33	1	16	
6	155.30	107.97	164.00	97.00	14.00	2	6	16	

11	7	102.956	5
1	14.00	286.00	34.88	248.41	43.00	1	11	
2	34.88	248.41	42.36	234.96	15.39	0	
3	42.36	234.96	56.23	209.99	28.57	1	14	
4	56.23	209.99	62.77	198.22	13.46	2	7	14	
5	62.77	198.22	64.00	196.00	2.54	3	7	14	17	

11	8	169.198	5
1	14.00	286.00	51.61	265.16	43.00	1	11	
2	51.61	265.16	59.83	260.61	9.39	0	
3	59.83	260.61	130.91	221.22	81.27	1	14	
4	130.91	221.22	155.00	207.88	27.54	0	
5	155.00	207.88	162.00	204.00	8.00	1	8	

11	9	94.921	4
1	14.00	286.00	42.54	253.84	43.00	1	11	
2	42.54	253.84	47.84	247.86	7.99	0	
3	47.84	247.86	75.67	216.50	41.93	1	14	
4	75.67	216.50	77.00	215.00	2.00	2	9	14	

11	10	157.258	3
1	14.00	286.00	11.54	243.07	43.00	1	11	
2	11.54	243.07	6.14	148.97	94.26	0	
3	6.14	148.97	5.00	129.00	20.00	1	10	

11	11	0	0

11	12	125.925	8
1	14.00	286.00	30.73	246.39	43.00	1	11	
2	30.73	246.39	41.05	221.97	26.50	0	
3	41.05	221.97	49.32	202.37	21.28	1	14	
4	49.32	202.37	53.21	193.18	9.98	2	7	14	
5	53.21	193.18	53.72	191.96	1.33	1	7	
6	53.72	191.96	58.34	181.04	11.86	2	7	17	
7	58.34	181.04	62.61	170.92	10.98	1	17	
8	62.61	170.92	63.00	170.00	1.00	2	12	17	

11	13	201.022	5
1	14.00	286.00	57.00	286.64	43.00	1	11	
2	57.00	286.64	139.43	287.87	82.44	0	
3	139.43	287.87	203.00	288.82	63.58	1	15	
4	203.00	288.82	205.75	288.86	2.75	2	13	15	
5	205.75	288.86	215.00	289.00	9.25	1	13	

11	14	95.016	3
1	14.00	286.00	46.58	257.94	43.00	1	11	
2	46.58	257.94	51.90	253.36	7.02	0	
3	51.90	253.36	86.00	224.00	45.00	1	14	

11	15	160.953	3
1	14.00	286.00	56.48	279.32	43.00	1	11	
2	56.48	279.32	130.52	267.68	74.95	0	
3	130.52	267.68	173.00	261.00	43.00	1	15	

11	16	238.801	6
1	14.00	286.00	41.19	252.69	43.00	1	11	
2	41.19	252.69	46.71	245.93	8.72	0	
3	46.71	245.93	99.61	181.11	83.67	1	14	
4	99.61	181.11	146.03	124.24	73.41	0	
5	146.03	124.24	157.96	109.63	18.86	1	16	
6	157.96	109.63	165.00	101.00	11.14	2	6	16	

11	17	118.072	6
1	14.00	286.00	33.67	247.76	43.00	1	11	
2	33.67	247.76	41.73	232.08	17.63	0	
3	41.73	232.08	53.90	208.41	26.61	1	14	
4	53.90	208.41	59.77	197.01	12.82	2	7	14	
5	59.77	197.01	66.82	183.29	15.42	3	7	14	17	
6	66.82	183.29	68.00	181.00	2.58	2	7	17	

11	18	155.589	3
1	14.00	286.00	27.27	245.10	43.00	1	11	
2	27.27	245.10	61.07	140.85	109.59	0	
3	61.07	140.85	62.00	138.00	3.00	1	18	

11	19	110.454	3
1	14.00	286.00	56.82	289.89	43.00	1	11	
2	56.82	289.89	118.02	295.46	61.45	0	
3	118.02	295.46	124.00	296.00	6.00	1	19	

11	20	172.235	6
1	14.00	286.00	51.95	265.78	43.00	1	11	
2	51.95	265.78	60.62	261.16	9.82	0	
3	60.62	261.16	131.00	223.65	79.75	1	14	
4	131.00	223.65	156.67	209.97	29.09	0	
5	156.67	209.97	165.12	205.47	9.57	1	8	
6	165.12	205.47	166.00	205.00	1.00	2	8	20	

12	0	181.298	5
1	63.00	170.00	62.65	169.06	1.00	2	12	17	
2	62.65	169.06	60.94	164.44	4.93	1	17	
3	60.94	164.44	34.36	92.73	76.48	0	
4	34.36	92.73	18.23	49.19	46.43	1	4	
5	18.23	49.19	0.00	0.00	52.46	0	

12	1	16.279	3
1	63.00	170.00	63.98	170.18	1.00	2	12	17	
2	63.98	170.18	70.15	171.34	6.28	1	17	
3	70.15	171.34	79.00	173.00	9.00	2	1	17	

12	2	186.676	6
1	63.00	170.00	63.71	169.29	1.00	2	12	17	
2	63.71	169.29	69.90	163.10	8.76	1	17	
3	69.90	163.10	135.17	97.83	92.30	0	
4	135.17	97.83	161.83	71.17	37.71	1	16	
5	161.83	71.17	175.20	57.80	18.91	0	
6	175.20	57.80	195.00	38.00	28.00	1	2	

12	3	62.817	6
1	63.00	170.00	63.97	170.24	1.00	2	12	17	
2	63.97	170.24	70.09	171.74	6.30	1	17	
3	70.09	171.74	85.12	175.44	15.48	2	1	17	
4	85.12	175.44	87.48	176.02	2.43	1	1	
5	87.48	176.02	109.43	181.42	22.61	0	
6	109.43	181.42	124.00	185.00	15.00	1	3	

12	4	107.042	4
1	63.00	170.00	62.50	169.13	1.00	2	12	17	
2	62.50	169.13	60.06	164.84	4.93	1	17	
3	60.06	164.84	24.36	102.20	72.11	0	
4	24.36	102.20	10.00	77.00	29.00	1	4	

12	5	221.617	8
1	63.00	170.00	63.83	169.44	1.00	2	12	17	
2	63.83	169.44	72.44	163.56	10.43	1	17	
3	72.44	163.56	139.92	117.46	81.72	0	
4	139.92	117.46	154.64	107.41	17.82	1	16	
5	154.64	107.41	177.10	92.06	27.21	2	6	16	
6	177.10	92.06	189.46	83.62	14.96	1	16	
7	189.46	83.62	214.62	66.43	30.48	0	
8	214.62	66.43	246.00	45.00	38.00	1	5	

12	6	124.619	5
1	63.00	170.00	63.81	169.41	1.00	2	12	17	
2	63.81	169.41	72.05	163.46	10.16	1	17	
3	72.05	163.46	138.64	115.33	82.17	0	
4	138.64	115.33	152.65	105.20	17.29	1	16	
5	152.65	105.20	164.00	97.00	14.00	2	6	16	

12	7	26.019	4
1	63.00	170.00	63.04	171.00	1.00	2	12	17	
2	63.04	171.00	63.39	180.01	9.02	1	17	
3	63.39	180.01	63.58	184.98	4.97	2	7	17	
4	63.58	184.98	64.00	196.00	11.02	2	7	17	

12	8	104.676	10
1	63.00	170.00	63.95	170.32	1.00	2	12	17	
2	63.95	170.32	70.02	172.41	6.42	1	17	
3	70.02	172.41	85.71	177.80	16.59	2	1	17	
4	85.71	177.80	86.45	178.05	0.78	1	1	
5	86.45	178.05	89.63	179.15	3.37	0	
6	89.63	179.15	109.02	185.81	20.50	1	14	
7	109.02	185.81	110.69	186.38	1.76	2	3	14	
8	110.69	186.38	135.32	194.84	26.04	1	3	
9	135.32	194.84	154.43	201.40	20.21	0	
10	154.43	201.40	162.00	204.00	8.00	1	8	

12	9	47.127	7
1	63.00	170.00	63.30	170.96	1.00	2	12	17	
2	63.30	170.96	66.16	180.15	9.63	1	17	
3	66.16	180.15	67.10	183.16	3.16	2	7	17	
4	67.10	183.16	71.89	198.57	16.14	3	7	14	17	
5	71.89	198.57	74.77	207.83	9.70	2	7	14	
6	74.77	207.83	76.41	213.09	5.51	1	14	
7	76.41	213.09	77.00	215.00	2.00	2	9	14	

12	10	71.028	4
1	63.00	170.00	62.18	169.42	1.00	2	12	17	
2	62.18	169.42	57.69	166.25	5.50	1	17	
3	57.69	166.25	21.33	140.54	44.52	0	
4	21.33	140.54	5.00	129.00	20.00	1	10	

12	11	125.925	8
1	63.00	170.00	62.61	170.92	1.00	2	12	17	
2	62.61	170.92	58.34	181.04	10.98	1	17	
3	58.34	181.04	53.72	191.96	11.86	2	7	17	
4	53.72	191.96	53.21	193.18	1.33	1	7	
5	53.21	193.18	49.32	202.37	9.98	2	7	14	
6	49.32	202.37	41.05	221.97	21.28	1	14	
7	41.05	221.97	30.73	246.39	26.50	0	
8	30.73	246.39	14.00	286.00	43.00	1	11	

12	12	0	0

12	13	193.041	10
1	63.00	170.00	63.79	170.62	1.00	2	12	17	
2	63.79	170.62	70.46	175.84	8.47	1	17	
3	70.46	175.84	75.95	180.14	6.97	2	1	17	
4	75.95	180.14	78.29	181.97	2.98	3	1	14	17	
5	78.29	181.97	84.91	187.16	8.41	2	14	17	
6	84.91	187.16	130.99	223.23	58.52	1	14	
7	130.99	223.23	141.65	231.57	13.53	0	
8	141.65	231.57	205.55	281.60	81.16	1	15	
9	205.55	281.60	209.09	284.37	4.50	2	13	15	
10	209.09	284.37	215.00	289.00	7.50	1	13	

12	14	58.694	6
1	63.00	170.00	63.39	170.92	1.00	2	12	17	
2	63.39	170.92	67.42	180.37	10.27	1	17	
3	67.42	180.37	68.37	182.60	2.42	2	7	17	
4	68.37	182.60	74.79	197.67	16.38	3	7	14	17	
5	74.79	197.67	77.64	204.37	7.28	2	7	14	
6	77.64	204.37	86.00	224.00	21.34	1	14	

12	15	142.762	8
1	63.00	170.00	63.77	170.64	1.00	2	12	17	
2	63.77	170.64	70.63	176.31	8.91	1	17	
3	70.63	176.31	75.41	180.26	6.20	2	1	17	
4	75.41	180.26	77.31	181.84	2.47	3	1	14	17	
5	77.31	181.84	84.63	187.89	9.49	2	14	17	
6	84.63	187.89	130.95	226.21	60.11	1	14	
7	130.95	226.21	139.87	233.59	11.58	0	
8	139.87	233.59	173.00	261.00	43.00	1	15	

12	16	123.146	5
1	63.00	170.00	63.83	169.44	1.00	2	12	17	
2	63.83	169.44	72.50	163.57	10.47	1	17	
3	72.50	163.57	140.15	117.81	81.67	0	
4	140.15	117.81	155.03	107.75	17.96	1	16	
5	155.03	107.75	165.00	101.00	12.04	2	6	16	

12	17	12.083	3
1	63.00	170.00	63.41	170.91	1.00	2	12	17	
2	63.41	170.91	67.75	180.45	10.47	1	17	
3	67.75	180.45	68.00	181.00	0.61	2	7	17	

12	18	32.016	4
1	63.00	170.00	62.97	169.00	1.00	2	12	17	
2	62.97	169.00	62.81	163.77	5.24	1	17	
3	62.81	163.77	62.09	141.00	22.78	0	
4	62.09	141.00	62.00	138.00	3.00	1	18	

12	19	139.989	8
1	63.00	170.00	63.44	170.90	1.00	2	12	17	
2	63.44	170.90	68.10	180.53	10.70	1	17	
3	68.10	180.53	68.98	182.34	2.01	2	7	17	
4	68.98	182.34	76.11	197.07	16.36	3	7	14	17	
5	76.11	197.07	78.67	202.38	5.89	2	7	14	
6	78.67	202.38	108.12	263.19	67.57	1	14	
7	108.12	263.19	121.39	290.60	30.45	0	
8	121.39	290.60	124.00	296.00	6.00	1	19	

12	20	108.784	11
1	63.00	170.00	63.95	170.32	1.00	2	12	17	
2	63.95	170.32	70.02	172.39	6.42	1	17	
3	70.02	172.39	85.70	177.71	16.56	2	1	17	
4	85.70	177.71	86.49	177.98	0.84	1	1	
5	86.49	177.98	90.01	179.18	3.72	0	
6	90.01	179.18	109.01	185.64	20.07	1	14	
7	109.01	185.64	110.12	186.01	1.17	2	3	14	
8	110.12	186.01	135.50	194.63	26.80	1	3	
9	135.50	194.63	154.54	201.11	20.11	0	
10	154.54	201.11	165.05	204.68	11.10	1	8	
11	165.05	204.68	166.00	205.00	1.00	2	8	20	

13	0	360.203	6
1	215.00	289.00	210.21	282.56	8.03	1	13	
2	210.21	282.56	207.84	279.37	3.97	2	13	15	
3	207.84	279.37	163.05	219.17	75.04	1	15	
4	163.05	219.17	138.90	186.71	40.45	0	
5	138.90	186.71	126.65	170.24	20.53	1	3	
6	126.65	170.24	0.00	0.00	212.18	0	

13	1	178.751	8
1	215.00	289.00	209.26	284.11	7.54	1	13	
2	209.26	284.11	205.87	281.21	4.46	2	13	15	
3	205.87	281.21	144.46	228.84	80.71	1	15	
4	144.46	228.84	130.43	216.87	18.44	0	
5	130.43	216.87	86.03	179.00	58.35	1	14	
6	86.03	179.00	85.87	178.86	0.21	0	
7	85.87	178.86	85.85	178.84	0.03	1	17	
8	85.85	178.84	79.00	173.00	9.00	2	1	17	

13	2	251.796	5
1	215.00	289.00	214.05	277.04	12.00	0	
2	214.05	277.04	213.84	274.45	2.59	0	
3	213.84	274.45	211.20	241.25	33.31	0	
4	211.20	241.25	197.22	65.91	175.89	0	
5	197.22	65.91	195.00	38.00	28.00	1	2	

13	3	138.192	5
1	215.00	289.00	209.87	283.13	7.80	1	13	
2	209.87	283.13	207.10	279.97	4.20	2	13	15	
3	207.10	279.97	155.96	221.52	77.66	1	15	
4	155.96	221.52	133.88	196.29	33.53	0	
5	133.88	196.29	124.00	185.00	15.00	1	3	

13	4	294.905	7
1	215.00	289.00	209.66	283.48	7.68	1	13	
2	209.66	283.48	206.66	280.37	4.32	2	13	15	
3	206.66	280.37	151.77	223.61	78.96	1	15	
4	151.77	223.61	128.32	199.36	33.73	0	
5	128.32	199.36	109.79	180.20	26.66	1	3	
6	109.79	180.20	30.16	97.85	114.55	0	
7	30.16	97.85	10.00	77.00	29.00	1	4	

13	5	245.961	3
1	215.00	289.00	216.51	277.10	12.00	1	13	
2	216.51	277.10	241.21	82.70	195.96	0	
3	241.21	82.70	246.00	45.00	38.00	0	

13	6	198.658	6
1	215.00	289.00	212.24	278.59	10.77	1	13	
2	212.24	278.59	211.92	277.40	1.23	2	13	15	
3	211.92	277.40	198.33	226.25	52.92	1	15	
4	198.33	226.25	172.76	129.98	99.61	0	
5	172.76	129.98	167.59	110.53	20.12	1	16	
6	167.59	110.53	164.00	97.00	14.00	2	6	16	

13	7	177.341	7
1	215.00	289.00	208.63	285.08	7.48	1	13	
2	208.63	285.08	204.78	282.71	4.52	2	13	15	
3	204.78	282.71	135.47	240.02	81.41	1	15	
4	135.47	240.02	129.31	236.22	7.23	0	
5	129.31	236.22	77.62	204.39	60.70	1	14	
6	77.62	204.39	68.84	198.98	10.32	2	7	14	
7	68.84	198.98	64.00	196.00	5.68	3	7	14	17	

13	8	100.170	5
1	215.00	289.00	210.58	281.91	8.36	1	13	
2	210.58	281.91	208.65	278.82	3.64	2	13	15	
3	208.65	278.82	170.77	218.06	71.60	1	15	
4	170.77	218.06	166.23	210.79	8.57	0	
5	166.23	210.79	162.00	204.00	8.00	1	8	

13	9	156.589	6
1	215.00	289.00	208.37	285.45	7.52	1	13	
2	208.37	285.45	204.42	283.33	4.48	2	13	15	
3	204.42	283.33	133.06	245.06	80.97	1	15	
4	133.06	245.06	127.26	241.95	6.58	0	
5	127.26	241.95	78.76	215.95	55.03	1	14	
6	78.76	215.95	77.00	215.00	2.00	2	9	14	

13	10	264.008	9
1	215.00	289.00	209.04	284.46	7.50	1	13	
2	209.04	284.46	205.45	281.73	4.50	2	13	15	
3	205.45	281.73	140.82	232.48	81.26	1	15	
4	140.82	232.48	130.99	224.99	12.36	0	
5	130.99	224.99	84.02	189.21	59.05	1	14	
6	84.02	189.21	73.10	180.89	13.73	2	14	17	
7	73.10	180.89	55.84	167.73	21.71	1	17	
8	55.84	167.73	20.91	141.12	43.91	0	
9	20.91	141.12	5.00	129.00	20.00	1	10	

13	11	201.022	5
1	215.00	289.00	205.75	288.86	9.25	1	13	
2	205.75	288.86	203.00	288.82	2.75	2	13	15	
3	203.00	288.82	139.43	287.87	63.58	1	15	
4	139.43	287.87	57.00	286.64	82.44	0	
5	57.00	286.64	14.00	286.00	43.00	1	11	

13	12	193.041	10
1	215.00	289.00	209.09	284.37	7.50	1	13	
2	209.09	284.37	205.55	281.60	4.50	2	13	15	
3	205.55	281.60	141.65	231.57	81.16	1	15	
4	141.65	231.57	130.99	223.23	13.53	0	
5	130.99	223.23	84.91	187.16	58.52	1	14	
6	84.91	187.16	78.29	181.97	8.41	2	14	17	
7	78.29	181.97	75.95	180.14	2.98	3	1	14	17	
8	75.95	180.14	70.46	175.84	6.97	2	1	17	
9	70.46	175.84	63.79	170.62	8.47	1	17	
10	63.79	170.62	63.00	170.00	1.00	2	12	17	

13	13	0	0

13	14	144.451	5
1	215.00	289.00	208.26	285.61	7.54	1	13	
2	208.26	285.61	204.28	283.60	4.46	2	13	15	
3	204.28	283.60	132.24	247.30	80.67	1	15	
4	132.24	247.30	126.19	244.25	6.78	0	
5	126.19	244.25	86.00	224.00	45.00	1	14	

13	15	50.478	3
1	215.00	289.00	208.78	284.85	7.48	1	13	
2	208.78	284.85	205.02	282.34	4.52	2	13	15	
3	205.02	282.34	173.00	261.00	38.48	1	15	

13	16	194.535	6
1	215.00	289.00	212.23	278.60	10.76	1	13	
2	212.23	278.60	211.92	277.40	1.24	2	13	15	
3	211.92	277.40	198.31	226.24	52.95	1	15	
4	198.31	226.24	172.71	129.99	99.59	0	
5	172.71	129.99	167.54	110.55	20.12	1	16	
6	167.54	110.55	165.00	101.00	9.88	2	6	16	

13	17	182.409	8
1	215.00	289.00	208.97	284.57	7.49	1	13	
2	208.97	284.57	205.33	281.90	4.51	2	13	15	
3	205.33	281.90	139.76	233.72	81.36	1	15	
4	139.76	233.72	130.89	227.20	11.01	0	
5	130.89	227.20	82.51	191.66	60.03	1	14	
6	82.51	191.66	78.08	188.41	5.49	2	14	17	
7	78.08	188.41	69.53	182.12	10.62	3	7	14	17	
8	69.53	182.12	68.00	181.00	1.90	2	7	17	

13	18	214.965	9
1	215.00	289.00	209.56	283.63	7.64	1	13	
2	209.56	283.63	206.46	280.57	4.36	2	13	15	
3	206.46	280.57	149.89	224.74	79.48	1	15	
4	149.89	224.74	124.80	199.98	35.25	0	
5	124.80	199.98	122.57	197.78	3.13	1	3	
6	122.57	197.78	111.74	187.09	15.23	2	3	14	
7	111.74	187.09	109.01	184.40	3.83	1	3	
8	109.01	184.40	64.14	140.11	63.05	0	
9	64.14	140.11	62.00	138.00	3.00	1	18	

13	19	91.269	5
1	215.00	289.00	204.96	289.77	10.07	1	13	
2	204.96	289.77	203.04	289.92	1.93	2	13	15	
3	203.04	289.92	145.82	294.32	57.38	1	15	
4	145.82	294.32	129.98	295.54	15.89	0	
5	129.98	295.54	124.00	296.00	6.00	1	19	

13	20	97.247	6
1	215.00	289.00	210.71	281.65	8.50	1	13	
2	210.71	281.65	208.95	278.63	3.50	2	13	15	
3	208.95	278.63	173.59	218.00	70.19	1	15	
4	173.59	218.00	168.30	208.94	10.50	0	
5	168.30	208.94	166.50	205.86	3.56	1	8	
6	166.50	205.86	166.00	205.00	1.00	2	8	20	

14	0	239.942	8
1	86.00	224.00	78.13	203.50	21.95	1	14	
2	78.13	203.50	75.73	197.25	6.69	2	7	14	
3	75.73	197.25	69.87	181.99	16.35	3	7	14	17	
4	69.87	181.99	69.48	180.97	1.10	2	7	17	
5	69.48	180.97	62.87	163.75	18.45	1	17	
6	62.87	163.75	35.12	91.48	77.41	0	
7	35.12	91.48	18.98	49.42	45.05	1	4	
8	18.98	49.42	0.00	0.00	52.94	0	

14	1	51.478	4
1	86.00	224.00	81.70	192.67	31.62	1	14	
2	81.70	192.67	80.22	181.92	10.86	2	14	17	
3	80.22	181.92	79.88	179.42	2.52	3	1	14	17	
4	79.88	179.42	79.00	173.00	6.48	2	1	17	

14	2	215.585	9
1	86.00	224.00	108.75	185.18	45.00	1	14	
2	108.75	185.18	109.00	184.75	0.49	0	
3	109.00	184.75	116.45	172.04	14.73	1	3	
4	116.45	172.04	144.98	123.35	56.44	0	
5	144.98	123.35	154.43	107.22	18.69	1	16	
6	154.43	107.22	168.24	83.66	27.31	2	6	16	
7	168.24	83.66	174.71	72.62	12.80	1	16	
8	174.71	72.62	180.84	62.16	12.12	0	
9	180.84	62.16	195.00	38.00	28.00	1	2	

14	3	54.452	3
1	86.00	224.00	113.53	195.74	39.45	1	14	
2	113.53	195.74	117.40	191.77	5.55	2	3	14	
3	117.40	191.77	124.00	185.00	9.45	1	3	

14	4	165.484	7
1	86.00	224.00	76.61	205.84	20.44	1	14	
2	76.61	205.84	72.75	198.36	8.42	2	7	14	
3	72.75	198.36	65.33	184.03	16.14	3	7	14	17	
4	65.33	184.03	63.26	180.02	4.51	2	7	17	
5	63.26	180.02	56.58	167.09	14.55	1	17	
6	56.58	167.09	23.32	102.76	72.42	0	
7	23.32	102.76	10.00	77.00	29.00	1	4	

14	5	240.085	7
1	86.00	224.00	112.38	194.49	39.59	1	14	
2	112.38	194.49	115.99	190.45	5.41	2	3	14	
3	115.99	190.45	132.13	172.39	24.22	1	3	
4	132.13	172.39	169.42	130.67	55.96	0	
5	169.42	130.67	194.98	102.08	38.35	1	16	
6	194.98	102.08	220.68	73.33	38.56	0	
7	220.68	73.33	246.00	45.00	38.00	1	5	

14	6	149.040	6
1	86.00	224.00	109.07	186.44	44.08	1	14	
2	109.07	186.44	109.55	185.65	0.92	2	3	14	
3	109.55	185.65	118.53	171.03	17.16	1	3	
4	118.53	171.03	146.87	124.90	54.14	0	
5	146.87	124.90	156.67	108.93	18.74	1	16	
6	156.67	108.93	164.00	97.00	14.00	2	6	16	

14	7	35.609	5
1	86.00	224.00	79.00	215.09	11.33	1	14	
2	79.00	215.09	77.39	213.04	2.61	2	9	14	
3	77.39	213.04	73.89	208.58	5.67	1	14	
4	73.89	208.58	66.29	198.92	12.29	2	7	14	
5	66.29	198.92	64.00	196.00	3.71	3	7	14	17	

14	8	78.588	3
1	86.00	224.00	129.52	212.55	45.00	1	14	
2	129.52	212.55	154.26	206.04	25.59	0	
3	154.26	206.04	162.00	204.00	8.00	1	8	

14	9	12.728	2
1	86.00	224.00	78.41	216.41	10.73	1	14	
2	78.41	216.41	77.00	215.00	2.00	2	9	14	

14	10	124.844	9
1	86.00	224.00	78.89	215.66	10.96	1	14	
2	78.89	215.66	76.65	213.03	3.45	2	9	14	
3	76.65	213.03	73.25	209.05	5.23	1	14	
4	73.25	209.05	64.37	198.63	13.70	2	7	14	
5	64.37	198.63	56.80	189.76	11.66	3	7	14	17	
6	56.80	189.76	52.58	184.80	6.52	2	7	17	
7	52.58	184.80	50.02	181.80	3.94	1	17	
8	50.02	181.80	17.98	144.22	49.38	0	
9	17.98	144.22	5.00	129.00	20.00	1	10	

14	11	95.016	3
1	86.00	224.00	51.90	253.36	45.00	1	14	
2	51.90	253.36	46.58	257.94	7.02	0	
3	46.58	257.94	14.00	286.00	43.00	1	11	

14	12	58.694	6
1	86.00	224.00	77.64	204.37	21.34	1	14	
2	77.64	204.37	74.79	197.67	7.28	2	7	14	
3	74.79	197.67	68.37	182.60	16.38	3	7	14	17	
4	68.37	182.60	67.42	180.37	2.42	2	7	17	
5	67.42	180.37	63.39	170.92	10.27	1	17	
6	63.39	170.92	63.00	170.00	1.00	2	12	17	

14	13	144.451	5
1	86.00	224.00	126.19	244.25	45.00	1	14	
2	126.19	244.25	132.24	247.30	6.78	0	
3	132.24	247.30	204.28	283.60	80.67	1	15	
4	204.28	283.60	208.26	285.61	4.46	2	13	15	
5	208.26	285.61	215.00	289.00	7.54	1	13	

14	14	0	0

14	15	94.541	3
1	86.00	224.00	127.41	241.61	45.00	1	14	
2	127.41	241.61	133.43	244.17	6.54	0	
3	133.43	244.17	173.00	261.00	43.00	1	15	

14	16	146.185	6
1	86.00	224.00	109.26	187.78	43.04	1	14	
2	109.26	187.78	110.32	186.14	1.96	2	3	14	
3	110.32	186.14	120.40	170.44	18.66	1	3	
4	120.40	170.44	148.79	126.24	52.53	0	
5	148.79	126.24	159.14	110.13	19.15	1	16	
6	159.14	110.13	165.00	101.00	10.85	2	6	16	

14	17	46.615	4
1	86.00	224.00	77.72	204.23	21.44	1	14	
2	77.72	204.23	74.95	197.60	7.18	2	7	14	
3	74.95	197.60	68.62	182.49	16.38	3	7	14	17	
4	68.62	182.49	68.00	181.00	1.62	2	7	17	

14	18	89.286	9
1	86.00	224.00	79.40	200.35	24.56	1	14	
2	79.40	200.35	78.15	195.87	4.65	2	7	14	
3	78.15	195.87	74.92	184.31	12.00	3	7	14	17	
4	74.92	184.31	73.90	180.66	3.79	1	17	
5	73.90	180.66	73.82	180.36	0.31	1	17	
6	73.82	180.36	70.76	169.38	11.40	2	1	17	
7	70.76	169.38	68.98	163.03	6.60	1	17	
8	68.98	163.03	62.81	140.89	22.98	0	
9	62.81	140.89	62.00	138.00	3.00	1	18	

14	19	81.413	3
1	86.00	224.00	107.00	263.80	45.00	1	14	
2	107.00	263.80	121.20	290.69	30.41	0	
3	121.20	290.69	124.00	296.00	6.00	1	19	

14	20	82.225	4
1	86.00	224.00	129.78	213.60	45.00	1	14	
2	129.78	213.60	154.88	207.64	25.79	0	
3	154.88	207.64	165.03	205.23	10.43	1	8	
4	165.03	205.23	166.00	205.00	1.00	2	8	20	

15	0	313.129	4
1	173.00	261.00	149.24	225.16	43.00	1	15	
2	149.24	225.16	131.31	198.10	32.46	0	
3	131.31	198.10	114.78	173.17	29.91	1	3	
4	114.78	173.17	0.00	0.00	207.75	0	

15	1	128.763	6
1	173.00	261.00	141.61	231.61	43.00	1	15	
2	141.61	231.61	130.94	221.62	14.62	0	
3	130.94	221.62	85.94	179.49	61.64	1	14	
4	85.94	179.49	85.57	179.15	0.50	2	14	17	
5	85.57	179.15	85.41	179.00	0.22	3	1	14	17	
6	85.41	179.00	79.00	173.00	8.78	2	1	17	

15	2	224.083	5
1	173.00	261.00	177.22	218.21	43.00	0	
2	177.22	218.21	186.75	121.67	97.01	0	
3	186.75	121.67	190.37	84.98	36.86	1	16	
4	190.37	84.98	192.25	65.86	19.21	0	
5	192.25	65.86	195.00	38.00	28.00	1	2	

15	3	90.427	3
1	173.00	261.00	149.70	224.86	43.00	1	15	
2	149.70	224.86	132.13	197.61	32.43	0	
3	132.13	197.61	124.00	185.00	15.00	1	3	

15	4	245.815	9
1	173.00	261.00	144.49	228.81	43.00	1	15	
2	144.49	228.81	129.27	211.63	22.95	0	
3	129.27	211.63	117.76	198.64	17.36	1	14	
4	117.76	198.64	109.71	189.55	12.14	2	3	14	
5	109.71	189.55	103.49	182.54	9.37	1	14	
6	103.49	182.54	64.85	138.92	58.27	0	
7	64.85	138.92	61.43	135.05	5.17	1	18	
8	61.43	135.05	29.23	98.71	48.56	0	
9	29.23	98.71	10.00	77.00	29.00	1	4	

15	5	228.002	3
1	173.00	261.00	186.77	220.26	43.00	1	15	
2	186.77	220.26	233.83	81.00	147.00	0	
3	233.83	81.00	246.00	45.00	38.00	1	5	

15	6	164.247	6
1	173.00	261.00	170.64	218.06	43.00	1	15	
2	170.64	218.06	169.93	205.06	13.03	0	
3	169.93	205.06	169.77	202.08	2.98	1	8	
4	169.77	202.08	165.87	130.99	71.20	0	
5	165.87	130.99	164.77	110.98	20.04	0	
6	164.77	110.98	164.00	97.00	14.00	2	6	16	

15	7	126.909	5
1	173.00	261.00	136.07	238.98	43.00	1	15	
2	136.07	238.98	129.60	235.12	7.53	0	
3	129.60	235.12	77.74	204.19	60.38	1	14	
4	77.74	204.19	68.99	198.97	10.20	2	7	14	
5	68.99	198.97	64.00	196.00	5.80	3	7	14	17	

15	8	58.052	3
1	173.00	261.00	164.85	218.78	43.00	1	15	
2	164.85	218.78	163.52	211.86	7.05	0	
3	163.52	211.86	162.00	204.00	8.00	1	8	

15	9	106.452	4
1	173.00	261.00	134.22	242.42	43.00	1	15	
2	134.22	242.42	128.23	239.55	6.65	0	
3	128.23	239.55	78.80	215.86	54.81	1	14	
4	78.80	215.86	77.00	215.00	2.00	2	9	14	

15	10	213.654	7
1	173.00	261.00	139.19	234.43	43.00	1	15	
2	139.19	234.43	130.83	227.87	10.63	0	
3	130.83	227.87	83.28	190.51	60.47	1	14	
4	83.28	190.51	71.63	181.35	14.82	2	14	17	
5	71.63	181.35	55.15	168.40	20.97	1	17	
6	55.15	168.40	20.73	141.36	43.77	0	
7	20.73	141.36	5.00	129.00	20.00	1	10	

15	11	160.953	3
1	173.00	261.00	130.52	267.68	43.00	1	15	
2	130.52	267.68	56.48	279.32	74.95	0	
3	56.48	279.32	14.00	286.00	43.00	1	11	

15	12	142.762	8
1	173.00	261.00	139.87	233.59	43.00	1	15	
2	139.87	233.59	130.95	226.21	11.58	0	
3	130.95	226.21	84.63	187.89	60.11	1	14	
4	84.63	187.89	77.31	181.84	9.49	2	14	17	
5	77.31	181.84	75.41	180.26	2.47	3	1	14	17	
6	75.41	180.26	70.63	176.31	6.20	2	1	17	
7	70.63	176.31	63.77	170.64	8.91	1	17	
8	63.77	170.64	63.00	170.00	1.00	2	12	17	

15	13	50.478	3
1	173.00	261.00	205.02	282.34	38.48	1	15	
2	205.02	282.34	208.78	284.85	4.52	2	13	15	
3	208.78	284.85	215.00	289.00	7.48	1	13	

15	14	94.541	3
1	173.00	261.00	133.43	244.17	43.00	1	15	
2	133.43	244.17	127.41	241.61	6.54	0	
3	127.41	241.61	86.00	224.00	45.00	1	14	

15	15	0	0

15	16	160.200	4
1	173.00	261.00	170.85	218.05	43.00	1	15	
2	170.85	218.05	166.50	130.96	87.20	0	
3	166.50	130.96	165.50	110.92	20.07	1	16	
4	165.50	110.92	165.00	101.00	9.93	2	6	16	

15	17	132.004	6
1	173.00	261.00	138.80	234.94	43.00	1	15	
2	138.80	234.94	130.74	228.80	10.12	0	
3	130.74	228.80	82.32	191.91	60.88	1	14	
4	82.32	191.91	78.32	188.86	5.03	2	14	17	
5	78.32	188.86	69.49	182.14	11.10	3	7	14	17	
6	69.49	182.14	68.00	181.00	1.88	2	7	17	

15	18	165.680	7
1	173.00	261.00	144.19	229.08	43.00	1	15	
2	144.19	229.08	129.62	212.93	21.76	0	
3	129.62	212.93	115.68	197.48	20.81	1	14	
4	115.68	197.48	110.74	192.00	7.37	2	3	14	
5	110.74	192.00	101.48	181.75	13.82	1	14	
6	101.48	181.75	64.01	140.23	55.93	0	
7	64.01	140.23	62.00	138.00	3.00	1	18	

15	19	60.216	3
1	173.00	261.00	138.01	285.99	43.00	1	15	
2	138.01	285.99	128.88	292.51	11.22	0	
3	128.88	292.51	124.00	296.00	6.00	1	19	

15	20	56.436	4
1	173.00	261.00	167.67	218.33	43.00	1	15	
2	167.67	218.33	166.69	210.48	7.91	0	
3	166.69	210.48	166.12	205.99	4.53	1	8	
4	166.12	205.99	166.00	205.00	1.00	2	8	20	

16	0	193.458	3
1	165.00	101.00	150.81	92.31	16.64	2	6	16	
2	150.81	92.31	139.41	85.34	13.36	1	16	
3	139.41	85.34	0.00	0.00	163.46	0	

16	1	112.161	5
1	165.00	101.00	156.03	108.51	11.70	2	6	16	
2	156.03	108.51	142.00	120.26	18.30	1	16	
3	142.00	120.26	85.90	167.22	73.16	0	
4	85.90	167.22	82.38	170.17	4.59	1	1	
5	82.38	170.17	79.00	173.00	4.41	2	1	17	

16	2	69.778	4
1	165.00	101.00	172.28	85.71	16.93	2	6	16	
2	172.28	85.71	177.90	73.91	13.07	1	16	
3	177.90	73.91	182.96	63.28	11.78	0	
4	182.96	63.28	195.00	38.00	28.00	1	2	

16	3	93.472	4
1	165.00	101.00	160.35	110.52	10.59	2	6	16	
2	160.35	110.52	151.84	127.96	19.41	1	16	
3	151.84	127.96	130.58	171.52	48.47	0	
4	130.58	171.52	124.00	185.00	15.00	1	3	

16	4	156.847	4
1	165.00	101.00	150.10	98.69	15.07	2	6	16	
2	150.10	98.69	135.35	96.41	14.93	1	16	
3	135.35	96.41	38.66	81.44	97.85	0	
4	38.66	81.44	10.00	77.00	29.00	1	4	

16	5	98.473	4
1	165.00	101.00	177.26	92.52	14.91	2	6	16	
2	177.26	92.52	189.68	83.94	15.09	1	16	
3	189.68	83.94	214.74	66.61	30.47	0	
4	214.74	66.61	246.00	45.00	38.00	1	5	

16	6	4.123	1
1	165.00	101.00	164.00	97.00	4.12	2	6	16	

16	7	138.658	8
1	165.00	101.00	156.61	108.89	11.52	2	6	16	
2	156.61	108.89	143.15	121.55	18.48	1	16	
3	143.15	121.55	87.99	173.44	75.72	0	
4	87.99	173.44	85.29	175.98	3.71	1	1	
5	85.29	175.98	81.87	179.19	4.69	2	1	17	
6	81.87	179.19	78.89	182.00	4.10	3	1	14	17	
7	78.89	182.00	75.65	185.04	4.43	2	14	17	
8	75.65	185.04	64.00	196.00	16.00	3	7	14	17	

16	8	103.044	4
1	165.00	101.00	164.71	110.98	9.98	2	6	16	
2	164.71	110.98	164.13	130.99	20.01	1	16	
3	164.13	130.99	162.23	196.00	65.04	0	
4	162.23	196.00	162.00	204.00	8.00	1	8	

16	9	144.014	5
1	165.00	101.00	158.24	109.76	11.07	2	6	16	
2	158.24	109.76	146.67	124.75	18.93	1	16	
3	146.67	124.75	102.40	182.10	72.45	0	
4	102.40	182.10	78.22	213.42	39.57	1	14	
5	78.22	213.42	77.00	215.00	2.00	2	9	14	

16	10	162.432	4
1	165.00	101.00	151.53	103.36	13.68	2	6	16	
2	151.53	103.36	135.45	106.17	16.32	1	16	
3	135.45	106.17	24.70	125.55	112.43	0	
4	24.70	125.55	5.00	129.00	20.00	1	10	

16	11	238.801	6
1	165.00	101.00	157.96	109.63	11.14	2	6	16	
2	157.96	109.63	146.03	124.24	18.86	1	16	
3	146.03	124.24	99.61	181.11	73.41	0	
4	99.61	181.11	46.71	245.93	83.67	1	14	
5	46.71	245.93	41.19	252.69	8.72	0	
6	41.19	252.69	14.00	286.00	43.00	1	11	

16	12	123.146	5
1	165.00	101.00	155.03	107.75	12.04	2	6	16	
2	155.03	107.75	140.15	117.81	17.96	1	16	
3	140.15	117.81	72.50	163.57	81.67	0	
4	72.50	163.57	63.83	169.44	10.47	1	17	
5	63.83	169.44	63.00	170.00	1.00	2	12	17	

16	13	194.535	6
1	165.00	101.00	167.54	110.55	9.88	2	6	16	
2	167.54	110.55	172.71	129.99	20.12	1	16	
3	172.71	129.99	198.31	226.24	99.59	0	
4	198.31	226.24	211.92	277.40	52.95	1	15	
5	211.92	277.40	212.23	278.60	1.24	2	13	15	
6	212.23	278.60	215.00	289.00	10.76	1	13	

16	14	146.185	6
1	165.00	101.00	159.14	110.13	10.85	2	6	16	
2	159.14	110.13	148.79	126.24	19.15	1	16	
3	148.79	126.24	120.40	170.44	52.53	0	
4	120.40	170.44	110.32	186.14	18.66	1	3	
5	110.32	186.14	109.26	187.78	1.96	2	3	14	
6	109.26	187.78	86.00	224.00	43.04	1	14	

16	15	160.200	4
1	165.00	101.00	165.50	110.92	9.93	2	6	16	
2	165.50	110.92	166.50	130.96	20.07	1	16	
3	166.50	130.96	170.85	218.05	87.20	0	
4	170.85	218.05	173.00	261.00	43.00	1	15	

16	16	0	0

16	17	125.734	7
1	165.00	101.00	155.96	108.46	11.72	2	6	16	
2	155.96	108.46	141.86	120.09	18.28	1	16	
3	141.86	120.09	85.39	166.66	73.20	0	
4	85.39	166.66	81.89	169.55	4.54	1	1	
5	81.89	169.55	71.56	178.06	13.39	2	1	17	
6	71.56	178.06	68.45	180.63	4.03	1	17	
7	68.45	180.63	68.00	181.00	0.58	2	7	17	

16	18	109.444	4
1	165.00	101.00	152.79	105.39	12.97	2	6	16	
2	152.79	105.39	136.77	111.14	17.03	1	16	
3	136.77	111.14	64.82	136.99	76.44	0	
4	64.82	136.99	62.00	138.00	3.00	1	18	

16	19	199.264	6
1	165.00	101.00	162.91	110.96	10.18	2	6	16	
2	162.91	110.96	158.83	130.36	19.82	1	16	
3	158.83	130.36	135.95	239.18	111.20	0	
4	135.95	239.18	130.30	266.05	27.45	1	15	
5	130.30	266.05	125.23	290.13	24.61	0	
6	125.23	290.13	124.00	296.00	6.00	1	19	

16	20	104.005	5
1	165.00	101.00	165.10	110.95	9.95	2	6	16	
2	165.10	110.95	165.29	130.99	20.04	1	16	
3	165.29	130.99	165.92	197.02	66.03	0	
4	165.92	197.02	165.99	204.00	6.98	0	
5	165.99	204.00	166.00	205.00	1.00	2	8	20	

17	0	193.352	7
1	68.00	181.00	67.80	180.46	0.58	2	7	17	
2	67.80	180.46	63.97	170.26	10.89	1	17	
3	63.97	170.26	63.55	169.17	1.17	2	12	17	
4	63.55	169.17	61.67	164.15	5.36	1	17	
5	61.67	164.15	34.66	92.26	76.80	0	
6	34.66	92.26	18.51	49.28	45.91	1	4	
7	18.51	49.28	0.00	0.00	52.64	0	

17	1	13.601	3
1	68.00	181.00	68.49	180.64	0.61	2	7	17	
2	68.49	180.64	71.72	178.29	3.99	1	17	
3	71.72	178.29	79.00	173.00	9.00	2	1	17	

17	2	191.254	8
1	68.00	181.00	68.35	180.60	0.53	2	7	17	
2	68.35	180.60	71.17	177.43	4.24	1	17	
3	71.17	177.43	79.95	167.54	13.23	2	1	17	
4	79.95	167.54	82.48	164.70	3.80	1	1	
5	82.48	164.70	135.30	105.22	79.55	0	
6	135.30	105.22	165.69	71.01	45.76	1	16	
7	165.69	71.01	176.41	58.94	16.15	0	
8	176.41	58.94	195.00	38.00	28.00	1	2	

17	3	56.143	8
1	68.00	181.00	69.92	181.14	1.93	2	7	17	
2	69.92	181.14	71.87	181.28	1.95	1	17	
3	71.87	181.28	76.33	181.59	4.47	2	14	17	
4	76.33	181.59	80.42	181.89	4.10	3	1	14	17	
5	80.42	181.89	85.95	182.28	5.55	2	14	17	
6	85.95	182.28	106.06	183.72	20.16	1	14	
7	106.06	183.72	109.04	183.93	2.99	0	
8	109.04	183.93	124.00	185.00	15.00	1	3	

17	4	119.080	6
1	68.00	181.00	67.68	180.43	0.65	2	7	17	
2	67.68	180.43	62.20	170.60	11.25	1	17	
3	62.20	170.60	62.07	170.37	0.27	2	12	17	
4	62.07	170.37	59.23	165.28	5.82	1	17	
5	59.23	165.28	24.12	102.33	72.08	0	
6	24.12	102.33	10.00	77.00	29.00	1	4	

17	5	224.009	10
1	68.00	181.00	68.47	180.64	0.60	2	7	17	
2	68.47	180.64	71.66	178.21	4.01	1	17	
3	71.66	178.21	82.30	170.07	13.40	2	1	17	
4	82.30	170.07	85.95	167.28	4.59	1	1	
5	85.95	167.28	144.29	122.71	73.42	0	
6	144.29	122.71	160.28	110.50	20.12	1	16	
7	160.28	110.50	178.00	96.96	22.30	2	6	16	
8	178.00	96.96	191.39	86.73	16.85	1	16	
9	191.39	86.73	215.80	68.07	30.73	0	
10	215.80	68.07	246.00	45.00	38.00	1	5	

17	6	127.562	7
1	68.00	181.00	68.43	180.63	0.57	2	7	17	
2	68.43	180.63	71.48	177.95	4.06	1	17	
3	71.48	177.95	81.55	169.15	13.37	2	1	17	
4	81.55	169.15	84.91	166.21	4.46	1	1	
5	84.91	166.21	140.18	117.85	73.44	0	
6	140.18	117.85	153.46	106.22	17.66	1	16	
7	153.46	106.22	164.00	97.00	14.00	2	6	16	

17	7	15.524	2
1	68.00	181.00	67.47	182.99	2.06	2	7	17	
2	67.47	182.99	64.00	196.00	13.46	3	7	14	17	

17	8	96.773	8
1	68.00	181.00	70.73	181.67	2.81	2	7	17	
2	70.73	181.67	71.46	181.85	0.75	3	7	14	17	
3	71.46	181.85	85.48	185.28	14.43	2	14	17	
4	85.48	185.28	110.42	191.38	25.68	1	14	
5	110.42	191.38	119.09	193.50	8.92	2	3	14	
6	119.09	193.50	133.10	196.93	14.42	1	3	
7	133.10	196.93	154.23	202.10	21.76	0	
8	154.23	202.10	162.00	204.00	8.00	1	8	

17	9	35.171	5
1	68.00	181.00	68.42	182.58	1.63	2	7	17	
2	68.42	182.58	72.61	198.40	16.37	3	7	14	17	
3	72.61	198.40	75.04	207.58	9.50	2	7	14	
4	75.04	207.58	76.49	213.07	5.67	1	14	
5	76.49	213.07	77.00	215.00	2.00	2	9	14	

17	10	81.688	4
1	68.00	181.00	67.17	180.32	1.07	2	7	17	
2	67.17	180.32	54.12	169.54	16.93	1	17	
3	54.12	169.54	20.42	141.73	43.69	0	
4	20.42	141.73	5.00	129.00	20.00	1	10	

17	11	118.072	6
1	68.00	181.00	66.82	183.29	2.58	2	7	17	
2	66.82	183.29	59.77	197.01	15.42	3	7	14	17	
3	59.77	197.01	53.90	208.41	12.82	2	7	14	
4	53.90	208.41	41.73	232.08	26.61	1	14	
5	41.73	232.08	33.67	247.76	17.63	0	
6	33.67	247.76	14.00	286.00	43.00	1	11	

17	12	12.083	3
1	68.00	181.00	67.75	180.45	0.61	2	7	17	
2	67.75	180.45	63.41	170.91	10.47	1	17	
3	63.41	170.91	63.00	170.00	1.00	2	12	17	

17	13	182.409	8
1	68.00	181.00	69.53	182.12	1.90	2	7	17	
2	69.53	182.12	78.08	188.41	10.62	3	7	14	17	
3	78.08	188.41	82.51	191.66	5.49	2	14	17	
4	82.51	191.66	130.89	227.20	60.03	1	14	
5	130.89	227.20	139.76	233.72	11.01	0	
6	139.76	233.72	205.33	281.90	81.36	1	15	
7	205.33	281.90	208.97	284.57	4.51	2	13	15	
8	208.97	284.57	215.00	289.00	7.49	1	13	

17	14	46.615	4
1	68.00	181.00	68.62	182.49	1.62	2	7	17	
2	68.62	182.49	74.95	197.60	16.38	3	7	14	17	
3	74.95	197.60	77.72	204.23	7.18	2	7	14	
4	77.72	204.23	86.00	224.00	21.44	1	14	

17	15	132.004	6
1	68.00	181.00	69.49	182.14	1.88	2	7	17	
2	69.49	182.14	78.32	188.86	11.10	3	7	14	17	
3	78.32	188.86	82.32	191.91	5.03	2	14	17	
4	82.32	191.91	130.74	228.80	60.88	1	14	
5	130.74	228.80	138.80	234.94	10.12	0	
6	138.80	234.94	173.00	261.00	43.00	1	15	

17	16	125.734	7
1	68.00	181.00	68.45	180.63	0.58	2	7	17	
2	68.45	180.63	71.56	178.06	4.03	1	17	
3	71.56	178.06	81.89	169.55	13.39	2	1	17	
4	81.89	169.55	85.39	166.66	4.54	1	1	
5	85.39	166.66	141.86	120.09	73.20	0	
6	141.86	120.09	155.96	108.46	18.28	1	16	
7	155.96	108.46	165.00	101.00	11.72	2	6	16	

17	17	0	0

17	18	43.417	4
1	68.00	181.00	67.93	180.49	0.52	2	7	17	
2	67.93	180.49	65.51	163.17	17.48	1	17	
3	65.51	163.17	62.41	140.97	22.42	0	
4	62.41	140.97	62.00	138.00	3.00	1	18	

17	19	127.910	6
1	68.00	181.00	68.71	182.45	1.62	2	7	17	
2	68.71	182.45	75.88	197.18	16.38	2	7	17	
3	75.88	197.18	78.55	202.66	6.09	2	7	14	
4	78.55	202.66	108.04	263.23	67.37	1	14	
5	108.04	263.23	121.37	290.61	30.45	0	
6	121.37	290.61	124.00	296.00	6.00	1	19	

17	20	100.896	9
1	68.00	181.00	70.73	181.67	2.81	2	7	17	
2	70.73	181.67	71.47	181.85	0.76	3	7	14	17	
3	71.47	181.85	85.48	185.28	14.43	2	14	17	
4	85.48	185.28	110.43	191.39	25.68	1	14	
5	110.43	191.39	119.10	193.51	8.93	2	3	14	
6	119.10	193.51	133.08	196.94	14.39	1	3	
7	133.08	196.94	154.22	202.12	21.77	0	
8	154.22	202.12	165.03	204.76	11.12	1	8	
9	165.03	204.76	166.00	205.00	1.00	2	8	20	

18	0	151.288	4
1	62.00	138.00	60.77	135.26	3.00	1	18	
2	60.77	135.26	37.99	84.57	55.58	0	
3	37.99	84.57	22.93	51.04	36.75	1	4	
4	22.93	51.04	0.00	0.00	55.96	0	

18	1	38.910	4
1	62.00	138.00	63.31	140.70	3.00	1	18	
2	63.31	140.70	74.79	164.33	26.27	0	
3	74.79	164.33	75.07	164.90	0.64	1	17	
4	75.07	164.90	79.00	173.00	9.00	2	1	17	

18	2	166.400	3
1	62.00	138.00	64.40	136.20	3.00	1	18	
2	64.40	136.20	172.62	54.83	135.40	0	
3	172.62	54.83	195.00	38.00	28.00	1	2	

18	3	77.801	3
1	62.00	138.00	64.39	139.81	3.00	1	18	
2	64.39	139.81	112.05	175.94	59.80	0	
3	112.05	175.94	124.00	185.00	15.00	1	3	

18	4	80.156	3
1	62.00	138.00	60.05	135.72	3.00	1	18	
2	60.05	135.72	28.81	99.07	48.16	0	
3	28.81	99.07	10.00	77.00	29.00	1	4	

18	5	206.167	7
1	62.00	138.00	64.68	136.65	3.00	1	18	
2	64.68	136.65	135.00	101.10	78.79	0	
3	135.00	101.10	150.51	93.27	17.38	1	16	
4	150.51	93.27	168.99	83.92	20.71	2	6	16	
5	168.99	83.92	182.87	76.91	15.55	1	16	
6	182.87	76.91	212.09	62.14	32.73	0	
7	212.09	62.14	246.00	45.00	38.00	1	5	

18	6	109.932	4
1	62.00	138.00	64.78	136.88	3.00	1	18	
2	64.78	136.88	135.90	108.29	76.65	0	
3	135.90	108.29	151.01	102.22	16.28	1	16	
4	151.01	102.22	164.00	97.00	14.00	2	6	16	

18	7	58.034	7
1	62.00	138.00	62.10	141.00	3.00	1	18	
2	62.10	141.00	62.89	163.74	22.76	0	
3	62.89	163.74	63.07	169.00	5.26	0	
4	63.07	169.00	63.14	170.99	1.99	2	12	17	
5	63.14	170.99	63.45	180.01	9.02	1	17	
6	63.45	180.01	63.62	184.96	4.95	2	7	17	
7	63.62	184.96	64.00	196.00	11.05	2	7	17	

18	8	119.817	5
1	62.00	138.00	64.50	139.65	3.00	1	18	
2	64.50	139.65	115.01	172.99	60.52	0	
3	115.01	172.99	138.58	188.54	28.23	1	3	
4	138.58	188.54	155.32	199.59	20.07	0	
5	155.32	199.59	162.00	204.00	8.00	1	8	

18	9	78.447	8
1	62.00	138.00	62.57	140.94	3.00	1	18	
2	62.57	140.94	66.88	163.04	22.51	0	
3	66.88	163.04	70.45	181.36	18.67	1	17	
4	70.45	181.36	70.52	181.75	0.40	2	7	17	
5	70.52	181.75	73.70	198.07	16.63	3	7	14	17	
6	73.70	198.07	75.47	207.15	9.25	2	7	14	
7	75.47	207.15	76.62	213.04	5.99	1	14	
8	76.62	213.04	77.00	215.00	2.00	2	9	14	

18	10	57.706	3
1	62.00	138.00	59.04	137.53	3.00	1	18	
2	59.04	137.53	24.76	132.12	34.71	0	
3	24.76	132.12	5.00	129.00	20.00	1	10	

18	11	155.589	3
1	62.00	138.00	61.07	140.85	3.00	1	18	
2	61.07	140.85	27.27	245.10	109.59	0	
3	27.27	245.10	14.00	286.00	43.00	1	11	

18	12	32.016	4
1	62.00	138.00	62.09	141.00	3.00	1	18	
2	62.09	141.00	62.81	163.77	22.78	0	
3	62.81	163.77	62.97	169.00	5.24	1	17	
4	62.97	169.00	63.00	170.00	1.00	2	12	17	

18	13	214.965	9
1	62.00	138.00	64.14	140.11	3.00	1	18	
2	64.14	140.11	109.01	184.40	63.05	0	
3	109.01	184.40	111.74	187.09	3.83	1	3	
4	111.74	187.09	122.57	197.78	15.23	2	3	14	
5	122.57	197.78	124.80	199.98	3.13	1	3	
6	124.80	199.98	149.89	224.74	35.25	0	
7	149.89	224.74	206.46	280.57	79.48	1	15	
8	206.46	280.57	209.56	283.63	4.36	2	13	15	
9	209.56	283.63	215.00	289.00	7.64	1	13	

18	14	89.286	9
1	62.00	138.00	62.81	140.89	3.00	1	18	
2	62.81	140.89	68.98	163.03	22.98	0	
3	68.98	163.03	70.76	169.38	6.60	1	17	
4	70.76	169.38	73.82	180.36	11.40	2	1	17	
5	73.82	180.36	73.90	180.66	0.31	1	17	
6	73.90	180.66	74.92	184.31	3.79	1	17	
7	74.92	184.31	78.15	195.87	12.00	3	7	14	17	
8	78.15	195.87	79.40	200.35	4.65	2	7	14	
9	79.40	200.35	86.00	224.00	24.56	1	14	

18	15	165.680	7
1	62.00	138.00	64.01	140.23	3.00	1	18	
2	64.01	140.23	101.48	181.75	55.93	0	
3	101.48	181.75	110.74	192.00	13.82	1	14	
4	110.74	192.00	115.68	197.48	7.37	2	3	14	
5	115.68	197.48	129.62	212.93	20.81	1	14	
6	129.62	212.93	144.19	229.08	21.76	0	
7	144.19	229.08	173.00	261.00	43.00	1	15	

18	16	109.444	4
1	62.00	138.00	64.82	136.99	3.00	1	18	
2	64.82	136.99	136.77	111.14	76.44	0	
3	136.77	111.14	152.79	105.39	17.03	1	16	
4	152.79	105.39	165.00	101.00	12.97	2	6	16	

18	17	43.417	4
1	62.00	138.00	62.41	140.97	3.00	1	18	
2	62.41	140.97	65.51	163.17	22.42	0	
3	65.51	163.17	67.93	180.49	17.48	1	17	
4	67.93	180.49	68.00	181.00	0.52	2	7	17	

18	18	0	0

18	19	169.729	9
1	62.00	138.00	63.10	140.79	3.00	1	18	
2	63.10	140.79	71.99	163.45	24.34	0	
3	71.99	163.45	73.08	166.22	2.98	1	17	
4	73.08	166.22	78.35	179.66	14.43	2	1	17	
5	78.35	179.66	79.26	182.00	2.51	3	1	14	17	
6	79.26	182.00	82.86	191.16	9.84	2	14	17	
7	82.86	191.16	110.55	261.72	75.80	1	14	
8	110.55	261.72	121.81	290.41	30.83	0	
9	121.81	290.41	124.00	296.00	6.00	1	19	

18	20	123.713	6
1	62.00	138.00	64.52	139.62	3.00	1	18	
2	64.52	139.62	115.63	172.55	60.80	0	
3	115.63	172.55	138.79	187.47	27.55	1	3	
4	138.79	187.47	156.09	198.61	20.57	0	
5	156.09	198.61	165.16	204.46	10.79	1	8	
6	165.16	204.46	166.00	205.00	1.00	2	8	20	

19	0	320.924	10
1	124.00	296.00	121.68	290.47	6.00	1	19	
2	121.68	290.47	109.83	262.17	30.68	0	
3	109.83	262.17	81.03	193.42	74.54	1	14	
4	81.03	193.42	76.03	181.50	12.93	2	14	17	
5	76.03	181.50	75.51	180.24	1.36	3	1	14	17	
6	75.51	180.24	70.86	169.16	12.02	2	1	17	
7	70.86	169.16	68.28	163.00	6.67	1	17	
8	68.28	163.00	36.85	87.96	81.36	0	
9	36.85	87.96	21.02	50.18	40.97	1	4	
10	21.02	50.18	0.00	0.00	54.40	0	

19	1	130.973	6
1	124.00	296.00	121.94	290.37	6.00	1	19	
2	121.94	290.37	111.28	261.23	31.03	0	
3	111.28	261.23	84.53	188.12	77.85	1	14	
4	84.53	188.12	82.09	181.45	7.10	2	14	17	
5	82.09	181.45	81.29	179.25	2.35	3	1	14	17	
6	81.29	179.25	79.00	173.00	6.65	2	1	17	

19	2	267.591	7
1	124.00	296.00	125.59	290.21	6.00	1	19	
2	125.59	290.21	131.04	270.41	20.54	0	
3	131.04	270.41	141.76	231.45	40.41	1	15	
4	141.76	231.45	169.50	130.66	104.53	0	
5	169.50	130.66	184.04	77.82	54.81	1	16	
6	184.04	77.82	187.57	65.00	13.30	0	
7	187.57	65.00	195.00	38.00	28.00	1	2	

19	3	111.000	5
1	124.00	296.00	124.00	290.00	6.00	1	19	
2	124.00	290.00	124.00	248.10	41.90	0	
3	124.00	248.10	124.00	200.00	48.10	1	14	
4	124.00	200.00	124.00	199.90	0.10	2	3	14	
5	124.00	199.90	124.00	185.00	14.90	1	3	

19	4	246.895	9
1	124.00	296.00	121.23	290.68	6.00	1	19	
2	121.23	290.68	107.19	263.70	30.41	0	
3	107.19	263.70	76.88	205.49	65.63	1	14	
4	76.88	205.49	73.12	198.26	8.15	2	7	14	
5	73.12	198.26	65.63	183.87	16.22	3	7	14	17	
6	65.63	183.87	63.62	180.00	4.36	2	7	17	
7	63.62	180.00	56.80	166.91	14.76	1	17	
8	56.80	166.91	23.39	102.72	72.36	0	
9	23.39	102.72	10.00	77.00	29.00	1	4	

19	5	279.079	7
1	124.00	296.00	126.62	290.60	6.00	1	19	
2	126.62	290.60	133.15	277.17	14.94	0	
3	133.15	277.17	161.10	219.68	63.92	1	15	
4	161.10	219.68	165.14	211.36	9.25	0	
5	165.14	211.36	169.73	201.92	10.49	1	8	
6	169.73	201.92	229.39	79.18	136.48	0	
7	229.39	79.18	246.00	45.00	38.00	1	5	

19	6	202.980	6
1	124.00	296.00	125.18	290.12	6.00	1	19	
2	125.18	290.12	130.20	265.15	25.47	0	
3	130.20	265.15	135.13	240.63	25.01	1	15	
4	135.13	240.63	157.36	130.01	112.83	0	
5	157.36	130.01	161.24	110.73	19.67	1	16	
6	161.24	110.73	164.00	97.00	14.00	2	6	16	

19	7	116.619	7
1	124.00	296.00	120.91	290.86	6.00	1	19	
2	120.91	290.86	105.21	264.69	30.51	0	
3	105.21	264.69	76.57	216.95	55.67	1	14	
4	76.57	216.95	75.07	214.46	2.91	2	9	14	
5	75.07	214.46	72.23	209.72	5.53	1	14	
6	72.23	209.72	65.71	198.85	12.67	2	7	14	
7	65.71	198.85	64.00	196.00	3.33	3	7	14	17	

19	8	99.539	5
1	124.00	296.00	126.29	290.45	6.00	1	19	
2	126.29	290.45	132.49	275.43	16.25	0	
3	132.49	275.43	154.49	222.19	57.61	1	15	
4	154.49	222.19	158.95	211.39	11.68	0	
5	158.95	211.39	162.00	204.00	8.00	1	8	

19	9	93.648	4
1	124.00	296.00	120.99	290.81	6.00	1	19	
2	120.99	290.81	105.70	264.46	30.47	0	
3	105.70	264.46	78.00	216.73	55.18	1	14	
4	78.00	216.73	77.00	215.00	2.00	2	9	14	

19	10	205.061	7
1	124.00	296.00	120.52	291.11	6.00	1	19	
2	120.52	291.11	102.52	265.86	31.01	0	
3	102.52	265.86	64.14	212.00	66.13	1	14	
4	64.14	212.00	51.83	194.72	21.22	2	7	14	
5	51.83	194.72	48.92	190.64	5.01	1	7	
6	48.92	190.64	16.61	145.29	55.69	0	
7	16.61	145.29	5.00	129.00	20.00	1	10	

19	11	110.454	3
1	124.00	296.00	118.02	295.46	6.00	1	19	
2	118.02	295.46	56.82	289.89	61.45	0	
3	56.82	289.89	14.00	286.00	43.00	1	11	

19	12	139.989	8
1	124.00	296.00	121.39	290.60	6.00	1	19	
2	121.39	290.60	108.12	263.19	30.45	0	
3	108.12	263.19	78.67	202.38	67.57	1	14	
4	78.67	202.38	76.11	197.07	5.89	2	7	14	
5	76.11	197.07	68.98	182.34	16.36	3	7	14	17	
6	68.98	182.34	68.10	180.53	2.01	2	7	17	
7	68.10	180.53	63.44	170.90	10.70	1	17	
8	63.44	170.90	63.00	170.00	1.00	2	12	17	

19	13	91.269	5
1	124.00	296.00	129.98	295.54	6.00	1	19	
2	129.98	295.54	145.82	294.32	15.89	0	
3	145.82	294.32	203.04	289.92	57.38	1	15	
4	203.04	289.92	204.96	289.77	1.93	2	13	15	
5	204.96	289.77	215.00	289.00	10.07	1	13	

19	14	81.413	3
1	124.00	296.00	121.20	290.69	6.00	1	19	
2	121.20	290.69	107.00	263.80	30.41	0	
3	107.00	263.80	86.00	224.00	45.00	1	14	

19	15	60.216	3
1	124.00	296.00	128.88	292.51	6.00	1	19	
2	128.88	292.51	138.01	285.99	11.22	0	
3	138.01	285.99	173.00	261.00	43.00	1	15	

19	16	199.264	6
1	124.00	296.00	125.23	290.13	6.00	1	19	
2	125.23	290.13	130.30	266.05	24.61	0	
3	130.30	266.05	135.95	239.18	27.45	1	15	
4	135.95	239.18	158.83	130.36	111.20	0	
5	158.83	130.36	162.91	110.96	19.82	1	16	
6	162.91	110.96	165.00	101.00	10.18	2	6	16	

19	17	127.910	6
1	124.00	296.00	121.37	290.61	6.00	1	19	
2	121.37	290.61	108.04	263.23	30.45	0	
3	108.04	263.23	78.55	202.66	67.37	1	14	
4	78.55	202.66	75.88	197.18	6.09	2	7	14	
5	75.88	197.18	68.71	182.45	16.38	2	7	17	
6	68.71	182.45	68.00	181.00	1.62	2	7	17	

19	18	169.729	9
1	124.00	296.00	121.81	290.41	6.00	1	19	
2	121.81	290.41	110.55	261.72	30.83	0	
3	110.55	261.72	82.86	191.16	75.80	1	14	
4	82.86	191.16	79.26	182.00	9.84	2	14	17	
5	79.26	182.00	78.35	179.66	2.51	3	1	14	17	
6	78.35	179.66	73.08	166.22	14.43	2	1	17	
7	73.08	166.22	71.99	163.45	2.98	1	17	
8	71.99	163.45	63.10	140.79	24.34	0	
9	63.10	140.79	62.00	138.00	3.00	1	18	

19	19	0	0

19	20	100.225	6
1	124.00	296.00	126.51	290.55	6.00	1	19	
2	126.51	290.55	132.94	276.63	15.34	0	
3	132.94	276.63	158.90	220.38	61.95	1	15	
4	158.90	220.38	162.79	211.96	9.27	0	
5	162.79	211.96	165.58	205.91	6.67	1	8	
6	165.58	205.91	166.00	205.00	1.00	2	8	20	

20	0	263.782	3
1	166.00	205.00	165.37	204.22	1.00	2	8	20	
2	165.37	204.22	159.14	196.53	9.90	1	8	
3	159.14	196.53	0.00	0.00	252.88	0	

20	1	92.698	7
1	166.00	205.00	165.06	204.65	1.00	2	8	20	
2	165.06	204.65	154.66	200.83	11.09	1	8	
3	154.66	200.83	136.02	193.97	19.86	0	
4	136.02	193.97	109.03	184.05	28.76	1	3	
5	109.03	184.05	87.45	176.11	23.00	0	
6	87.45	176.11	85.05	175.22	2.56	1	1	
7	85.05	175.22	79.00	173.00	6.44	2	1	17	

20	2	169.499	6
1	166.00	205.00	166.17	204.01	1.00	2	8	20	
2	166.17	204.01	167.23	197.94	6.16	1	8	
3	167.23	197.94	179.50	127.26	71.74	0	
4	179.50	127.26	187.50	81.16	46.79	0	
5	187.50	81.16	190.21	65.59	15.81	0	
6	190.21	65.59	195.00	38.00	28.00	1	2	

20	3	46.519	4
1	166.00	205.00	165.10	204.57	1.00	2	8	20	
2	165.10	204.57	155.17	199.84	11.00	1	8	
3	155.17	199.84	137.54	191.45	19.52	0	
4	137.54	191.45	124.00	185.00	15.00	1	3	

20	4	201.792	6
1	166.00	205.00	165.23	204.37	1.00	2	8	20	
2	165.23	204.37	157.09	197.69	10.53	1	8	
3	157.09	197.69	138.82	182.70	23.63	0	
4	138.82	182.70	123.36	170.01	20.00	1	3	
5	123.36	170.01	32.42	95.40	117.64	0	
6	32.42	95.40	10.00	77.00	29.00	1	4	

20	5	178.885	4
1	166.00	205.00	166.45	204.11	1.00	2	8	20	
2	166.45	204.11	168.69	199.62	5.02	1	8	
3	168.69	199.62	229.01	78.99	134.87	0	
4	229.01	78.99	246.00	45.00	38.00	1	5	

20	6	108.019	5
1	166.00	205.00	165.98	204.00	1.00	2	8	20	
2	165.98	204.00	165.85	196.99	7.02	0	
3	165.85	196.99	164.63	131.00	66.00	0	
4	164.63	131.00	164.26	111.00	20.01	0	
5	164.26	111.00	164.00	97.00	14.00	2	6	16	

20	7	102.396	6
1	166.00	205.00	165.00	204.91	1.00	2	8	20	
2	165.00	204.91	154.00	203.94	11.05	1	8	
3	154.00	203.94	124.90	201.37	29.22	0	
4	124.90	201.37	79.94	197.41	45.13	1	14	
5	79.94	197.41	76.11	197.07	3.84	2	7	14	
6	76.11	197.07	64.00	196.00	12.16	3	7	14	17	

20	8	4.123	2
1	166.00	205.00	165.03	204.76	1.00	2	8	20	
2	165.03	204.76	162.00	204.00	3.12	1	8	

20	9	89.560	5
1	166.00	205.00	165.01	205.11	1.00	2	8	20	
2	165.01	205.11	154.34	206.31	10.73	1	8	
3	154.34	206.31	128.50	209.21	26.00	0	
4	128.50	209.21	78.99	214.78	49.83	1	14	
5	78.99	214.78	77.00	215.00	2.00	2	9	14	

20	10	178.037	8
1	166.00	205.00	165.10	204.57	1.00	2	8	20	
2	165.10	204.57	155.15	199.88	11.00	1	8	
3	155.15	199.88	137.50	191.55	19.52	0	
4	137.50	191.55	110.37	178.74	30.00	1	3	
5	110.37	178.74	85.85	167.17	27.11	0	
6	85.85	167.17	79.15	164.00	7.42	1	1	
7	79.15	164.00	23.09	137.54	61.99	0	
8	23.09	137.54	5.00	129.00	20.00	1	10	

20	11	172.235	6
1	166.00	205.00	165.12	205.47	1.00	2	8	20	
2	165.12	205.47	156.67	209.97	9.57	1	8	
3	156.67	209.97	131.00	223.65	29.09	0	
4	131.00	223.65	60.62	261.16	79.75	1	14	
5	60.62	261.16	51.95	265.78	9.82	0	
6	51.95	265.78	14.00	286.00	43.00	1	11	

20	12	108.784	11
1	166.00	205.00	165.05	204.68	1.00	2	8	20	
2	165.05	204.68	154.54	201.11	11.10	1	8	
3	154.54	201.11	135.50	194.63	20.11	0	
4	135.50	194.63	110.12	186.01	26.80	1	3	
5	110.12	186.01	109.01	185.64	1.17	2	3	14	
6	109.01	185.64	90.01	179.18	20.07	1	14	
7	90.01	179.18	86.49	177.98	3.72	0	
8	86.49	177.98	85.70	177.71	0.84	1	1	
9	85.70	177.71	70.02	172.39	16.56	2	1	17	
10	70.02	172.39	63.95	170.32	6.42	1	17	
11	63.95	170.32	63.00	170.00	1.00	2	12	17	

20	13	97.247	6
1	166.00	205.00	166.50	205.86	1.00	2	8	20	
2	166.50	205.86	168.30	208.94	3.56	1	8	
3	168.30	208.94	173.59	218.00	10.50	0	
4	173.59	218.00	208.95	278.63	70.19	1	15	
5	208.95	278.63	210.71	281.65	3.50	2	13	15	
6	210.71	281.65	215.00	289.00	8.50	1	13	

20	14	82.225	4
1	166.00	205.00	165.03	205.23	1.00	2	8	20	
2	165.03	205.23	154.88	207.64	10.43	1	8	
3	154.88	207.64	129.78	213.60	25.79	0	
4	129.78	213.60	86.00	224.00	45.00	1	14	

20	15	56.436	4
1	166.00	205.00	166.12	205.99	1.00	2	8	20	
2	166.12	205.99	166.69	210.48	4.53	1	8	
3	166.69	210.48	167.67	218.33	7.91	0	
4	167.67	218.33	173.00	261.00	43.00	1	15	

20	16	104.005	5
1	166.00	205.00	165.99	204.00	1.00	2	8	20	
2	165.99	204.00	165.92	197.02	6.98	0	
3	165.92	197.02	165.29	130.99	66.03	0	
4	165.29	130.99	165.10	110.95	20.04	1	16	
5	165.10	110.95	165.00	101.00	9.95	2	6	16	

20	17	100.896	9
1	166.00	205.00	165.03	204.76	1.00	2	8	20	
2	165.03	204.76	154.22	202.12	11.12	1	8	
3	154.22	202.12	133.08	196.94	21.77	0	
4	133.08	196.94	119.10	193.51	14.39	1	3	
5	119.10	193.51	110.43	191.39	8.93	2	3	14	
6	110.43	191.39	85.48	185.28	25.68	1	14	
7	85.48	185.28	71.47	181.85	14.43	2	14	17	
8	71.47	181.85	70.73	181.67	0.76	3	7	14	17	
9	70.73	181.67	68.00	181.00	2.81	2	7	17	

20	18	123.713	6
1	166.00	205.00	165.16	204.46	1.00	2	8	20	
2	165.16	204.46	156.09	198.61	10.79	1	8	
3	156.09	198.61	138.79	187.47	20.57	0	
4	138.79	187.47	115.63	172.55	27.55	1	3	
5	115.63	172.55	64.52	139.62	60.80	0	
6	64.52	139.62	62.00	138.00	3.00	1	18	

20	19	100.225	6
1	166.00	205.00	165.58	205.91	1.00	2	8	20	
2	165.58	205.91	162.79	211.96	6.67	1	8	
3	162.79	211.96	158.90	220.38	9.27	0	
4	158.90	220.38	132.94	276.63	61.95	1	15	
5	132.94	276.63	126.51	290.55	15.34	0	
6	126.51	290.55	124.00	296.00	6.00	1	19	

20	20	0	0
