7	61	2	0.001	35.0
25.000	48.000	0.000	1.000	0.000
273.000	58.000	16.000	3.000	15.000
84.000	21.000	31.000	1.000	2.000
53.000	290.000	43.000	3.000	14.000
160.000	105.000	28.000	7.000	19.000
203.000	103.000	47.000	5.000	13.000
30.000	151.000	1.000	6.000	2.000

0	0	0	0

0	1	248.202	4
1	25.00	48.00	72.86	49.93	47.90	0	
2	72.86	49.93	92.77	50.73	19.93	1	2	
3	92.77	50.73	257.01	57.36	164.37	0	
4	257.01	57.36	273.00	58.00	16.00	1	1	

0	2	64.885	2
1	25.00	48.00	55.81	33.90	33.88	0	
2	55.81	33.90	84.00	21.00	31.00	1	2	

0	3	243.614	2
1	25.00	48.00	48.06	247.29	200.61	0	
2	48.06	247.29	53.00	290.00	43.00	1	3	

0	4	146.540	3
1	25.00	48.00	134.21	94.11	118.54	0	
2	134.21	94.11	156.00	103.31	23.66	1	4	
3	156.00	103.31	160.00	105.00	4.34	2	4	5	

0	5	186.304	4
1	25.00	48.00	141.49	83.99	121.92	0	
2	141.49	83.99	158.09	89.12	17.38	1	4	
3	158.09	89.12	187.14	98.10	30.40	2	4	5	
4	187.14	98.10	203.00	103.00	16.60	1	5	

0	6	103.121	2
1	25.00	48.00	29.95	150.00	102.12	0	
2	29.95	150.00	30.00	151.00	1.00	1	6	

1	0	248.202	4
1	273.00	58.00	257.01	57.36	16.00	1	1	
2	257.01	57.36	92.77	50.73	164.37	0	
3	92.77	50.73	72.86	49.93	19.93	1	2	
4	72.86	49.93	25.00	48.00	47.90	0	

1	1	0	0

1	2	192.588	3
1	273.00	58.00	257.30	54.93	16.00	1	1	
2	257.30	54.93	114.42	26.96	145.59	0	
3	114.42	26.96	84.00	21.00	31.00	1	2	

1	3	319.725	5
1	273.00	58.00	261.99	69.61	16.00	1	1	
2	261.99	69.61	246.71	85.72	22.21	0	
3	246.71	85.72	188.07	147.56	85.22	1	5	
4	188.07	147.56	82.59	258.80	153.29	0	
5	82.59	258.80	53.00	290.00	43.00	1	3	

1	4	122.385	4
1	273.00	58.00	258.23	64.14	16.00	1	1	
2	258.23	64.14	238.60	72.31	21.26	0	
3	238.60	72.31	185.85	94.25	57.12	1	5	
4	185.85	94.25	160.00	105.00	28.00	2	4	5	

1	5	83.217	3
1	273.00	58.00	259.54	66.65	16.00	1	1	
2	259.54	66.65	242.54	77.58	20.22	0	
3	242.54	77.58	203.00	103.00	47.00	1	5	

1	6	260.188	7
1	273.00	58.00	258.06	63.72	16.00	1	1	
2	258.06	63.72	237.84	71.46	21.65	0	
3	237.84	71.46	184.69	91.80	56.91	1	5	
4	184.69	91.80	156.00	102.78	30.72	2	4	5	
5	156.00	102.78	132.80	111.66	24.84	1	4	
6	132.80	111.66	30.93	150.64	109.07	0	
7	30.93	150.64	30.00	151.00	1.00	1	6	

2	0	64.885	2
1	84.00	21.00	55.81	33.90	31.00	1	2	
2	55.81	33.90	25.00	48.00	33.88	0	

2	1	192.588	3
1	84.00	21.00	114.42	26.96	31.00	1	2	
2	114.42	26.96	257.30	54.93	145.59	0	
3	257.30	54.93	273.00	58.00	16.00	1	1	

2	2	0	0

2	3	270.780	3
1	84.00	21.00	80.45	51.80	31.00	1	2	
2	80.45	51.80	57.92	247.28	196.78	0	
3	57.92	247.28	53.00	290.00	43.00	1	3	

2	4	113.278	4
1	84.00	21.00	104.80	43.99	31.00	1	2	
2	104.80	43.99	141.21	84.24	54.28	0	
3	141.21	84.24	156.06	100.64	22.13	1	4	
4	156.06	100.64	160.00	105.00	5.87	2	4	5	

2	5	144.516	5
1	84.00	21.00	109.53	38.59	31.00	1	2	
2	109.53	38.59	164.30	76.33	66.52	0	
3	164.30	76.33	166.32	77.72	2.45	1	5	
4	166.32	77.72	183.24	89.39	20.56	2	4	5	
5	183.24	89.39	203.00	103.00	24.00	1	5	

2	6	140.769	3
1	84.00	21.00	72.11	49.63	31.00	1	2	
2	72.11	49.63	30.38	150.08	108.77	0	
3	30.38	150.08	30.00	151.00	1.00	1	6	

3	0	243.614	2
1	53.00	290.00	48.06	247.29	43.00	1	3	
2	48.06	247.29	25.00	48.00	200.61	0	

3	1	319.725	5
1	53.00	290.00	82.59	258.80	43.00	1	3	
2	82.59	258.80	188.07	147.56	153.29	0	
3	188.07	147.56	246.71	85.72	85.22	1	5	
4	246.71	85.72	261.99	69.61	22.21	0	
5	261.99	69.61	273.00	58.00	16.00	1	1	

3	2	270.780	3
1	53.00	290.00	57.92	247.28	43.00	1	3	
2	57.92	247.28	80.45	51.80	196.78	0	
3	80.45	51.80	84.00	21.00	31.00	1	2	

3	3	0	0

3	4	213.715	4
1	53.00	290.00	74.53	252.78	43.00	1	3	
2	74.53	252.78	145.98	129.24	142.71	0	
3	145.98	129.24	156.65	110.79	21.31	1	4	
4	156.65	110.79	160.00	105.00	6.69	2	4	5	

3	5	239.727	3
1	53.00	290.00	79.91	256.46	43.00	1	3	
2	79.91	256.46	173.59	139.66	149.73	0	
3	173.59	139.66	203.00	103.00	47.00	1	5	

3	6	140.890	3
1	53.00	290.00	45.98	247.58	43.00	0	
2	45.98	247.58	30.16	151.99	96.89	0	
3	30.16	151.99	30.00	151.00	1.00	1	6	

4	0	146.540	3
1	160.00	105.00	156.00	103.31	4.34	2	4	5	
2	156.00	103.31	134.21	94.11	23.66	1	4	
3	134.21	94.11	25.00	48.00	118.54	0	

4	1	122.385	4
1	160.00	105.00	185.85	94.25	28.00	2	4	5	
2	185.85	94.25	238.60	72.31	57.12	1	5	
3	238.60	72.31	258.23	64.14	21.26	0	
4	258.23	64.14	273.00	58.00	16.00	1	1	

4	2	113.278	4
1	160.00	105.00	156.06	100.64	5.87	2	4	5	
2	156.06	100.64	141.21	84.24	22.13	1	4	
3	141.21	84.24	104.80	43.99	54.28	0	
4	104.80	43.99	84.00	21.00	31.00	1	2	

4	3	213.715	4
1	160.00	105.00	156.65	110.79	6.69	2	4	5	
2	156.65	110.79	145.98	129.24	21.31	1	4	
3	145.98	129.24	74.53	252.78	142.71	0	
4	74.53	252.78	53.00	290.00	43.00	1	3	

4	4	0	0

4	5	43.046	2
1	160.00	105.00	187.97	103.70	28.00	2	4	5	
2	187.97	103.70	203.00	103.00	15.05	1	5	

4	6	137.899	4
1	160.00	105.00	156.12	106.37	4.11	2	4	5	
2	156.12	106.37	133.60	114.34	23.89	1	4	
3	133.60	114.34	30.94	150.67	108.90	0	
4	30.94	150.67	30.00	151.00	1.00	1	6	

5	0	186.304	4
1	203.00	103.00	187.14	98.10	16.60	1	5	
2	187.14	98.10	158.09	89.12	30.40	2	4	5	
3	158.09	89.12	141.49	83.99	17.38	1	4	
4	141.49	83.99	25.00	48.00	121.92	0	

5	1	83.217	3
1	203.00	103.00	242.54	77.58	47.00	1	5	
2	242.54	77.58	259.54	66.65	20.22	0	
3	259.54	66.65	273.00	58.00	16.00	1	1	

5	2	144.516	5
1	203.00	103.00	183.24	89.39	24.00	1	5	
2	183.24	89.39	166.32	77.72	20.56	2	4	5	
3	166.32	77.72	164.30	76.33	2.45	1	5	
4	164.30	76.33	109.53	38.59	66.52	0	
5	109.53	38.59	84.00	21.00	31.00	1	2	

5	3	239.727	3
1	203.00	103.00	173.59	139.66	47.00	1	5	
2	173.59	139.66	79.91	256.46	149.73	0	
3	79.91	256.46	53.00	290.00	43.00	1	3	

5	4	43.046	2
1	203.00	103.00	187.97	103.70	15.05	1	5	
2	187.97	103.70	160.00	105.00	28.00	2	4	5	

5	5	0	0

5	6	179.536	5
1	203.00	103.00	187.91	107.19	15.66	1	5	
2	187.91	107.19	157.71	115.57	31.34	2	4	5	
3	157.71	115.57	137.20	121.26	21.28	1	4	
4	137.20	121.26	30.96	150.73	110.25	0	
5	30.96	150.73	30.00	151.00	1.00	1	6	

6	0	103.121	2
1	30.00	151.00	29.95	150.00	1.00	1	6	
2	29.95	150.00	25.00	48.00	102.12	0	

6	1	260.188	7
1	30.00	151.00	30.93	150.64	1.00	1	6	
2	30.93	150.64	132.80	111.66	109.07	0	
3	132.80	111.66	156.00	102.78	24.84	1	4	
4	156.00	102.78	184.69	91.80	30.72	2	4	5	
5	184.69	91.80	237.84	71.46	56.91	1	5	
6	237.84	71.46	258.06	63.72	21.65	0	
7	258.06	63.72	273.00	58.00	16.00	1	1	

6	2	140.769	3
1	30.00	151.00	30.38	150.08	1.00	1	6	
2	30.38	150.08	72.11	49.63	108.77	0	
3	72.11	49.63	84.00	21.00	31.00	1	2	

6	3	140.890	3
1	30.00	151.00	30.16	151.99	1.00	1	6	
2	30.16	151.99	45.98	247.58	96.89	0	
3	45.98	247.58	53.00	290.00	43.00	0	

6	4	137.899	4
1	30.00	151.00	30.94	150.67	1.00	1	6	
2	30.94	150.67	133.60	114.34	108.90	0	
3	133.60	114.34	156.12	106.37	23.89	1	4	
4	156.12	106.37	160.00	105.00	4.11	2	4	5	

6	5	179.536	5
1	30.00	151.00	30.96	150.73	1.00	1	6	
2	30.96	150.73	137.20	121.26	110.25	0	
3	137.20	121.26	157.71	115.57	21.28	1	4	
4	157.71	115.57	187.91	107.19	31.34	2	4	5	
5	187.91	107.19	203.00	103.00	15.66	1	5	

6	6	0	0
