7	57	2	0.001	70.0
194.000	166.000	0.000	5.000	0.000
258.000	86.000	43.000	7.000	10.000
194.000	79.000	17.000	10.000	5.000
153.000	137.000	33.000	10.000	20.000
284.000	191.000	38.000	1.000	19.000
221.000	25.000	42.000	1.000	14.000
39.000	235.000	23.000	10.000	7.000

0	0	0	0

0	1	102.450	2
1	194.00	166.00	231.14	119.58	59.45	0	
2	231.14	119.58	258.00	86.00	43.00	1	1	

0	2	87.000	2
1	194.00	166.00	194.00	96.00	70.00	0	
2	194.00	96.00	194.00	79.00	17.00	1	2	

0	3	50.220	2
1	194.00	166.00	179.94	156.06	17.22	0	
2	179.94	156.06	153.00	137.00	33.00	1	3	

0	4	93.408	2
1	194.00	166.00	247.39	180.83	55.41	0	
2	247.39	180.83	284.00	191.00	38.00	1	4	

0	5	143.562	4
1	194.00	166.00	209.20	86.61	80.83	0	
2	209.20	86.61	210.94	77.55	9.23	1	2	
3	210.94	77.55	213.10	66.25	11.50	0	
4	213.10	66.25	221.00	25.00	42.00	1	5	

0	6	169.664	2
1	194.00	166.00	60.01	225.65	146.66	0	
2	60.01	225.65	39.00	235.00	23.00	1	6	

1	0	102.450	2
1	258.00	86.00	231.14	119.58	43.00	1	1	
2	231.14	119.58	194.00	166.00	59.45	0	

1	1	0	0

1	2	64.382	3
1	258.00	86.00	215.25	81.32	43.00	1	1	
2	215.25	81.32	210.90	80.85	4.38	0	
3	210.90	80.85	194.00	79.00	17.00	1	2	

1	3	116.730	3
1	258.00	86.00	219.32	104.79	43.00	1	1	
2	219.32	104.79	182.68	122.58	40.73	0	
3	182.68	122.58	153.00	137.00	33.00	1	3	

1	4	108.171	3
1	258.00	86.00	268.34	127.74	43.00	1	1	
2	268.34	127.74	274.87	154.11	27.17	0	
3	274.87	154.11	284.00	191.00	38.00	1	4	

1	5	71.344	3
1	258.00	86.00	242.78	60.91	29.34	1	1	
2	242.78	60.91	235.70	49.23	13.66	2	1	5	
3	235.70	49.23	221.00	25.00	28.34	1	5	

1	6	264.881	5
1	258.00	86.00	222.45	110.19	43.00	1	1	
2	222.45	110.19	185.94	135.03	44.16	0	
3	185.94	135.03	139.07	166.92	56.69	1	3	
4	139.07	166.92	58.02	222.06	98.03	0	
5	58.02	222.06	39.00	235.00	23.00	1	6	

2	0	87.000	2
1	194.00	79.00	194.00	96.00	17.00	1	2	
2	194.00	96.00	194.00	166.00	70.00	0	

2	1	64.382	3
1	194.00	79.00	210.90	80.85	17.00	1	2	
2	210.90	80.85	215.25	81.32	4.38	0	
3	215.25	81.32	258.00	86.00	43.00	1	1	

2	2	0	0

2	3	71.028	3
1	194.00	79.00	184.19	92.88	17.00	1	2	
2	184.19	92.88	172.05	110.05	21.03	0	
3	172.05	110.05	153.00	137.00	33.00	1	3	

2	4	143.680	3
1	194.00	79.00	204.65	92.25	17.00	1	2	
2	204.65	92.25	260.20	161.38	88.68	0	
3	260.20	161.38	284.00	191.00	38.00	1	4	

2	5	60.374	3
1	194.00	79.00	201.60	63.79	17.00	1	2	
2	201.60	63.79	202.22	62.57	1.37	0	
3	202.22	62.57	221.00	25.00	42.00	1	5	

2	6	219.911	5
1	194.00	79.00	182.02	91.06	17.00	1	2	
2	182.02	91.06	166.36	106.82	22.22	0	
3	166.36	106.82	122.91	150.55	61.64	1	3	
4	122.91	150.55	55.21	218.68	96.05	0	
5	55.21	218.68	39.00	235.00	23.00	1	6	

3	0	50.220	2
1	153.00	137.00	179.94	156.06	33.00	1	3	
2	179.94	156.06	194.00	166.00	17.22	0	

3	1	116.730	3
1	153.00	137.00	182.68	122.58	33.00	1	3	
2	182.68	122.58	219.32	104.79	40.73	0	
3	219.32	104.79	258.00	86.00	43.00	1	1	

3	2	71.028	3
1	153.00	137.00	172.05	110.05	33.00	1	3	
2	172.05	110.05	184.19	92.88	21.03	0	
3	184.19	92.88	194.00	79.00	17.00	1	2	

3	3	0	0

3	4	141.693	3
1	153.00	137.00	183.51	149.58	33.00	1	3	
2	183.51	149.58	248.87	176.52	70.69	0	
3	248.87	176.52	284.00	191.00	38.00	1	4	

3	5	131.027	5
1	153.00	137.00	170.13	108.79	33.00	1	3	
2	170.13	108.79	181.33	90.34	21.59	0	
3	181.33	90.34	198.21	62.53	32.53	1	2	
4	198.21	62.53	199.20	60.90	1.91	0	
5	199.20	60.90	221.00	25.00	42.00	1	5	

3	6	150.333	3
1	153.00	137.00	127.98	158.51	33.00	1	3	
2	127.98	158.51	56.44	220.01	94.33	0	
3	56.44	220.01	39.00	235.00	23.00	1	6	

4	0	93.408	2
1	284.00	191.00	247.39	180.83	38.00	1	4	
2	247.39	180.83	194.00	166.00	55.41	0	

4	1	108.171	3
1	284.00	191.00	274.87	154.11	38.00	1	4	
2	274.87	154.11	268.34	127.74	27.17	0	
3	268.34	127.74	258.00	86.00	43.00	1	1	

4	2	143.680	3
1	284.00	191.00	260.20	161.38	38.00	1	4	
2	260.20	161.38	204.65	92.25	88.68	0	
3	204.65	92.25	194.00	79.00	17.00	1	2	

4	3	141.693	3
1	284.00	191.00	248.87	176.52	38.00	1	4	
2	248.87	176.52	183.51	149.58	70.69	0	
3	183.51	149.58	153.00	137.00	33.00	1	3	

4	4	0	0

4	5	177.553	5
1	284.00	191.00	270.52	155.47	38.00	1	4	
2	270.52	155.47	260.44	128.93	28.39	0	
3	260.44	128.93	235.90	64.27	69.16	1	1	
4	235.90	64.27	231.34	52.26	12.84	2	1	5	
5	231.34	52.26	221.00	25.00	29.16	1	5	

4	6	248.920	3
1	284.00	191.00	246.60	197.72	38.00	1	4	
2	246.60	197.72	61.64	230.93	187.92	0	
3	61.64	230.93	39.00	235.00	23.00	1	6	

5	0	143.562	4
1	221.00	25.00	213.10	66.25	42.00	1	5	
2	213.10	66.25	210.94	77.55	11.50	0	
3	210.94	77.55	209.20	86.61	9.23	1	2	
4	209.20	86.61	194.00	166.00	80.83	0	

5	1	71.344	3
1	221.00	25.00	235.70	49.23	28.34	1	5	
2	235.70	49.23	242.78	60.91	13.66	2	1	5	
3	242.78	60.91	258.00	86.00	29.34	1	1	

5	2	60.374	3
1	221.00	25.00	202.22	62.57	42.00	1	5	
2	202.22	62.57	201.60	63.79	1.37	0	
3	201.60	63.79	194.00	79.00	17.00	1	2	

5	3	131.027	5
1	221.00	25.00	199.20	60.90	42.00	1	5	
2	199.20	60.90	198.21	62.53	1.91	0	
3	198.21	62.53	181.33	90.34	32.53	1	2	
4	181.33	90.34	170.13	108.79	21.59	0	
5	170.13	108.79	153.00	137.00	33.00	1	3	

5	4	177.553	5
1	221.00	25.00	231.34	52.26	29.16	1	5	
2	231.34	52.26	235.90	64.27	12.84	2	1	5	
3	235.90	64.27	260.44	128.93	69.16	1	1	
4	260.44	128.93	270.52	155.47	28.39	0	
5	270.52	155.47	284.00	191.00	38.00	1	4	

5	5	0	0

5	6	277.892	7
1	221.00	25.00	193.49	56.74	42.00	1	5	
2	193.49	56.74	187.98	63.10	8.42	0	
3	187.98	63.10	177.41	75.30	16.14	1	2	
4	177.41	75.30	152.53	104.00	37.98	0	
5	152.53	104.00	120.27	141.23	49.26	1	3	
6	120.27	141.23	54.06	217.62	101.09	0	
7	54.06	217.62	39.00	235.00	23.00	1	6	

6	0	169.664	2
1	39.00	235.00	60.01	225.65	23.00	1	6	
2	60.01	225.65	194.00	166.00	146.66	0	

6	1	264.881	5
1	39.00	235.00	58.02	222.06	23.00	1	6	
2	58.02	222.06	139.07	166.92	98.03	0	
3	139.07	166.92	185.94	135.03	56.69	1	3	
4	185.94	135.03	222.45	110.19	44.16	0	
5	222.45	110.19	258.00	86.00	43.00	1	1	

6	2	219.911	5
1	39.00	235.00	55.21	218.68	23.00	1	6	
2	55.21	218.68	122.91	150.55	96.05	0	
3	122.91	150.55	166.36	106.82	61.64	1	3	
4	166.36	106.82	182.02	91.06	22.22	0	
5	182.02	91.06	194.00	79.00	17.00	1	2	

6	3	150.333	3
1	39.00	235.00	56.44	220.01	23.00	1	6	
2	56.44	220.01	127.98	158.51	94.33	0	
3	127.98	158.51	153.00	137.00	33.00	1	3	

6	4	248.920	3
1	39.00	235.00	61.64	230.93	23.00	1	6	
2	61.64	230.93	246.60	197.72	187.92	0	
3	246.60	197.72	284.00	191.00	38.00	1	4	

6	5	277.892	7
1	39.00	235.00	54.06	217.62	23.00	1	6	
2	54.06	217.62	120.27	141.23	101.09	0	
3	120.27	141.23	152.53	104.00	49.26	1	3	
4	152.53	104.00	177.41	75.30	37.98	0	
5	177.41	75.30	187.98	63.10	16.14	1	2	
6	187.98	63.10	193.49	56.74	8.42	0	
7	193.49	56.74	221.00	25.00	42.00	1	5	

6	6	0	0
