7	61	2	0.001	120.0
221.000	78.000	0.000	4.000	0.000
196.000	42.000	42.000	8.000	4.000
137.000	290.000	25.000	4.000	14.000
121.000	88.000	2.000	4.000	19.000
218.000	99.000	42.000	6.000	2.000
158.000	123.000	22.000	6.000	12.000
114.000	157.000	14.000	7.000	17.000

0	0	0	0

0	1	43.829	3
1	221.00	78.00	219.96	76.50	1.83	1	4	
2	219.96	76.50	207.37	58.37	22.07	2	1	4	
3	207.37	58.37	196.00	42.00	19.93	1	1	

0	2	228.035	3
1	221.00	78.00	198.04	135.95	62.34	1	4	
2	198.04	135.95	146.21	266.76	140.70	0	
3	146.21	266.76	137.00	290.00	25.00	1	2	

0	3	100.499	5
1	221.00	78.00	216.94	78.41	4.08	1	4	
2	216.94	78.41	182.68	81.83	34.43	2	1	4	
3	182.68	81.83	179.53	82.15	3.17	1	4	
4	179.53	82.15	122.99	87.80	56.82	0	
5	122.99	87.80	121.00	88.00	2.00	1	3	

0	4	21.213	1
1	221.00	78.00	218.00	99.00	21.21	1	4	

0	5	77.421	3
1	221.00	78.00	177.27	109.24	53.74	1	4	
2	177.27	109.24	175.90	110.21	1.68	0	
3	175.90	110.21	158.00	123.00	22.00	1	5	

0	6	133.004	5
1	221.00	78.00	177.50	110.12	54.07	1	4	
2	177.50	110.12	176.40	110.93	1.37	0	
3	176.40	110.93	141.05	137.03	43.93	1	5	
4	141.05	137.03	125.26	148.68	19.63	0	
5	125.26	148.68	114.00	157.00	14.00	1	6	

1	0	43.829	3
1	196.00	42.00	207.37	58.37	19.93	1	1	
2	207.37	58.37	219.96	76.50	22.07	2	1	4	
3	219.96	76.50	221.00	78.00	1.83	1	4	

1	1	0	0

1	2	254.922	7
1	196.00	42.00	189.86	67.82	26.54	1	1	
2	189.86	67.82	186.28	82.86	15.46	1	1	
3	186.28	82.86	178.83	114.16	32.18	1	4	
4	178.83	114.16	178.58	115.22	1.09	0	
5	178.58	115.22	172.87	139.21	24.66	1	5	
6	172.87	139.21	142.79	265.68	130.00	0	
7	142.79	265.68	137.00	290.00	25.00	1	2	

1	3	87.983	3
1	196.00	42.00	160.20	63.96	42.00	1	1	
2	160.20	63.96	122.70	86.95	43.98	0	
3	122.70	86.95	121.00	88.00	2.00	1	3	

1	4	61.098	3
1	196.00	42.00	202.88	59.82	19.10	1	1	
2	202.88	59.82	211.12	81.18	22.90	2	1	4	
3	211.12	81.18	218.00	99.00	19.10	1	4	

1	5	89.471	3
1	196.00	42.00	178.16	80.02	42.00	1	1	
2	178.16	80.02	167.34	103.08	25.47	0	
3	167.34	103.08	158.00	123.00	22.00	1	5	

1	6	141.241	5
1	196.00	42.00	171.62	76.20	42.00	1	1	
2	171.62	76.20	153.62	101.44	31.00	0	
3	153.62	101.44	136.19	125.88	30.02	1	5	
4	136.19	125.88	122.13	145.60	24.22	0	
5	122.13	145.60	114.00	157.00	14.00	1	6	

2	0	228.035	3
1	137.00	290.00	146.21	266.76	25.00	1	2	
2	146.21	266.76	198.04	135.95	140.70	0	
3	198.04	135.95	221.00	78.00	62.34	1	4	

2	1	254.922	7
1	137.00	290.00	142.79	265.68	25.00	1	2	
2	142.79	265.68	172.87	139.21	130.00	0	
3	172.87	139.21	178.58	115.22	24.66	1	5	
4	178.58	115.22	178.83	114.16	1.09	0	
5	178.83	114.16	186.28	82.86	32.18	1	4	
6	186.28	82.86	189.86	67.82	15.46	1	1	
7	189.86	67.82	196.00	42.00	26.54	1	1	

2	2	0	0

2	3	202.633	5
1	137.00	290.00	135.03	265.08	25.00	1	2	
2	135.03	265.08	126.90	162.45	102.95	0	
3	126.90	162.45	125.88	149.59	12.90	1	6	
4	125.88	149.59	121.16	89.99	59.78	0	
5	121.16	89.99	121.00	88.00	2.00	1	3	

2	4	207.466	3
1	137.00	290.00	146.76	266.98	25.00	1	2	
2	146.76	266.98	201.60	137.67	140.47	0	
3	201.60	137.67	218.00	99.00	42.00	1	4	

2	5	168.315	3
1	137.00	290.00	140.12	265.20	25.00	1	2	
2	140.12	265.20	155.26	144.83	121.32	0	
3	155.26	144.83	158.00	123.00	22.00	0	

2	6	134.974	3
1	137.00	290.00	132.74	265.37	25.00	1	2	
2	132.74	265.37	116.39	170.79	95.97	0	
3	116.39	170.79	114.00	157.00	14.00	1	6	

3	0	100.499	5
1	121.00	88.00	122.99	87.80	2.00	1	3	
2	122.99	87.80	179.53	82.15	56.82	0	
3	179.53	82.15	182.68	81.83	3.17	1	4	
4	182.68	81.83	216.94	78.41	34.43	2	1	4	
5	216.94	78.41	221.00	78.00	4.08	1	4	

3	1	87.983	3
1	121.00	88.00	122.70	86.95	2.00	1	3	
2	122.70	86.95	160.20	63.96	43.98	0	
3	160.20	63.96	196.00	42.00	42.00	1	1	

3	2	202.633	5
1	121.00	88.00	121.16	89.99	2.00	1	3	
2	121.16	89.99	125.88	149.59	59.78	0	
3	125.88	149.59	126.90	162.45	12.90	1	6	
4	126.90	162.45	135.03	265.08	102.95	0	
5	135.03	265.08	137.00	290.00	25.00	1	2	

3	3	0	0

3	4	97.622	3
1	121.00	88.00	122.99	88.23	2.00	1	3	
2	122.99	88.23	176.27	94.27	53.62	0	
3	176.27	94.27	218.00	99.00	42.00	1	4	

3	5	50.931	3
1	121.00	88.00	122.45	89.37	2.00	1	3	
2	122.45	89.37	142.02	107.88	26.93	0	
3	142.02	107.88	158.00	123.00	22.00	1	5	

3	6	69.354	3
1	121.00	88.00	120.80	89.99	2.00	1	3	
2	120.80	89.99	115.41	143.07	53.35	0	
3	115.41	143.07	114.00	157.00	14.00	1	6	

4	0	21.213	1
1	218.00	99.00	221.00	78.00	21.21	1	4	

4	1	61.098	3
1	218.00	99.00	211.12	81.18	19.10	1	4	
2	211.12	81.18	202.88	59.82	22.90	2	1	4	
3	202.88	59.82	196.00	42.00	19.10	1	1	

4	2	207.466	3
1	218.00	99.00	201.60	137.67	42.00	1	4	
2	201.60	137.67	146.76	266.98	140.47	0	
3	146.76	266.98	137.00	290.00	25.00	1	2	

4	3	97.622	3
1	218.00	99.00	176.27	94.27	42.00	1	4	
2	176.27	94.27	122.99	88.23	53.62	0	
3	122.99	88.23	121.00	88.00	2.00	1	3	

4	4	0	0

4	5	64.622	3
1	218.00	99.00	179.00	114.60	42.00	1	4	
2	179.00	114.60	178.43	114.83	0.62	0	
3	178.43	114.83	158.00	123.00	22.00	1	5	

4	6	119.080	5
1	218.00	99.00	181.32	119.46	42.00	1	4	
2	181.32	119.46	179.83	120.29	1.70	0	
3	179.83	120.29	144.22	140.15	40.78	1	5	
4	144.22	140.15	126.23	150.18	20.60	0	
5	126.23	150.18	114.00	157.00	14.00	1	6	

5	0	77.421	3
1	158.00	123.00	175.90	110.21	22.00	1	5	
2	175.90	110.21	177.27	109.24	1.68	0	
3	177.27	109.24	221.00	78.00	53.74	1	4	

5	1	89.471	3
1	158.00	123.00	167.34	103.08	22.00	1	5	
2	167.34	103.08	178.16	80.02	25.47	0	
3	178.16	80.02	196.00	42.00	42.00	1	1	

5	2	168.315	3
1	158.00	123.00	155.26	144.83	22.00	0	
2	155.26	144.83	140.12	265.20	121.32	0	
3	140.12	265.20	137.00	290.00	25.00	1	2	

5	3	50.931	3
1	158.00	123.00	142.02	107.88	22.00	1	5	
2	142.02	107.88	122.45	89.37	26.93	0	
3	122.45	89.37	121.00	88.00	2.00	1	3	

5	4	64.622	3
1	158.00	123.00	178.43	114.83	22.00	1	5	
2	178.43	114.83	179.00	114.60	0.62	0	
3	179.00	114.60	218.00	99.00	42.00	1	4	

5	5	0	0

5	6	55.606	3
1	158.00	123.00	140.59	136.45	22.00	1	5	
2	140.59	136.45	125.08	148.44	19.61	0	
3	125.08	148.44	114.00	157.00	14.00	1	6	

6	0	133.004	5
1	114.00	157.00	125.26	148.68	14.00	1	6	
2	125.26	148.68	141.05	137.03	19.63	0	
3	141.05	137.03	176.40	110.93	43.93	1	5	
4	176.40	110.93	177.50	110.12	1.37	0	
5	177.50	110.12	221.00	78.00	54.07	1	4	

6	1	141.241	5
1	114.00	157.00	122.13	145.60	14.00	1	6	
2	122.13	145.60	136.19	125.88	24.22	0	
3	136.19	125.88	153.62	101.44	30.02	1	5	
4	153.62	101.44	171.62	76.20	31.00	0	
5	171.62	76.20	196.00	42.00	42.00	1	1	

6	2	134.974	3
1	114.00	157.00	116.39	170.79	14.00	1	6	
2	116.39	170.79	132.74	265.37	95.97	0	
3	132.74	265.37	137.00	290.00	25.00	1	2	

6	3	69.354	3
1	114.00	157.00	115.41	143.07	14.00	1	6	
2	115.41	143.07	120.80	89.99	53.35	0	
3	120.80	89.99	121.00	88.00	2.00	1	3	

6	4	119.080	5
1	114.00	157.00	126.23	150.18	14.00	1	6	
2	126.23	150.18	144.22	140.15	20.60	0	
3	144.22	140.15	179.83	120.29	40.78	1	5	
4	179.83	120.29	181.32	119.46	1.70	0	
5	181.32	119.46	218.00	99.00	42.00	1	4	

6	5	55.606	3
1	114.00	157.00	125.08	148.44	14.00	1	6	
2	125.08	148.44	140.59	136.45	19.61	0	
3	140.59	136.45	158.00	123.00	22.00	1	5	

6	6	0	0
