7	57	2	0.001	60.0
163.000	84.000	0.000	10.000	0.000
151.000	143.000	36.000	2.000	14.000
25.000	36.000	49.000	3.000	17.000
127.000	16.000	45.000	8.000	14.000
184.000	34.000	18.000	7.000	12.000
138.000	216.000	38.000	4.000	4.000
258.000	12.000	29.000	6.000	5.000

0	0	0	0

0	1	60.208	2
1	163.00	84.00	158.18	107.72	24.21	0	
2	158.18	107.72	151.00	143.00	36.00	1	1	

0	2	146.110	2
1	163.00	84.00	71.28	52.10	97.11	0	
2	71.28	52.10	25.00	36.00	49.00	1	2	

0	3	76.942	2
1	163.00	84.00	148.05	55.77	31.94	0	
2	148.05	55.77	127.00	16.00	45.00	1	3	

0	4	54.231	2
1	163.00	84.00	177.03	50.60	36.23	0	
2	177.03	50.60	184.00	34.00	18.00	1	4	

0	5	134.347	4
1	163.00	84.00	158.49	107.79	24.21	0	
2	158.49	107.79	145.10	178.51	71.98	0	
3	145.10	178.51	145.07	178.66	0.15	0	
4	145.07	178.66	138.00	216.00	38.00	0	

0	6	119.202	2
1	163.00	84.00	234.89	29.52	90.20	0	
2	234.89	29.52	258.00	12.00	29.00	1	6	

1	0	60.208	2
1	151.00	143.00	158.18	107.72	36.00	1	1	
2	158.18	107.72	163.00	84.00	24.21	0	

1	1	0	0

1	2	165.303	3
1	151.00	143.00	123.56	119.70	36.00	1	1	
2	123.56	119.70	62.35	67.72	80.30	0	
3	62.35	67.72	25.00	36.00	49.00	1	2	

1	3	129.248	3
1	151.00	143.00	144.32	107.63	36.00	1	1	
2	144.32	107.63	135.36	60.22	48.25	0	
3	135.36	60.22	127.00	16.00	45.00	1	3	

1	4	113.886	3
1	151.00	143.00	161.43	108.54	36.00	1	1	
2	161.43	108.54	178.78	51.23	59.89	0	
3	178.78	51.23	184.00	34.00	18.00	1	4	

1	5	74.148	3
1	151.00	143.00	144.69	178.44	36.00	0	
2	144.69	178.44	144.66	178.59	0.15	0	
3	144.66	178.59	138.00	216.00	38.00	1	5	

1	6	169.145	3
1	151.00	143.00	173.77	115.12	36.00	1	1	
2	173.77	115.12	239.65	34.46	104.14	0	
3	239.65	34.46	258.00	12.00	29.00	1	6	

2	0	146.110	2
1	25.00	36.00	71.28	52.10	49.00	1	2	
2	71.28	52.10	163.00	84.00	97.11	0	

2	1	165.303	3
1	25.00	36.00	62.35	67.72	49.00	1	2	
2	62.35	67.72	123.56	119.70	80.30	0	
3	123.56	119.70	151.00	143.00	36.00	1	1	

2	2	0	0

2	3	103.942	3
1	25.00	36.00	73.08	26.57	49.00	1	2	
2	73.08	26.57	82.84	24.66	9.94	0	
3	82.84	24.66	127.00	16.00	45.00	1	3	

2	4	159.013	5
1	25.00	36.00	74.00	35.38	49.00	1	2	
2	74.00	35.38	86.32	35.23	12.32	0	
3	86.32	35.23	166.00	34.23	79.69	1	3	
4	166.00	34.23	168.16	34.20	2.15	2	3	4	
5	168.16	34.20	184.00	34.00	15.85	1	4	

2	5	212.530	3
1	25.00	36.00	51.05	77.50	49.00	1	2	
2	51.05	77.50	117.80	183.82	125.53	0	
3	117.80	183.82	138.00	216.00	38.00	1	5	

2	6	234.233	7
1	25.00	36.00	73.74	30.98	49.00	1	2	
2	73.74	30.98	84.20	29.90	10.51	0	
3	84.20	29.90	171.66	20.89	87.92	1	3	
4	171.66	20.89	171.73	20.89	0.07	2	3	4	
5	171.73	20.89	193.41	18.65	21.79	1	4	
6	193.41	18.65	229.15	14.97	35.94	0	
7	229.15	14.97	258.00	12.00	29.00	1	6	

3	0	76.942	2
1	127.00	16.00	148.05	55.77	45.00	1	3	
2	148.05	55.77	163.00	84.00	31.94	0	

3	1	129.248	3
1	127.00	16.00	135.36	60.22	45.00	1	3	
2	135.36	60.22	144.32	107.63	48.25	0	
3	144.32	107.63	151.00	143.00	36.00	1	1	

3	2	103.942	3
1	127.00	16.00	82.84	24.66	45.00	1	3	
2	82.84	24.66	73.08	26.57	9.94	0	
3	73.08	26.57	25.00	36.00	49.00	1	2	

3	3	0	0

3	4	59.775	3
1	127.00	16.00	166.84	28.58	41.77	1	3	
2	166.84	28.58	169.91	29.55	3.23	2	3	4	
3	169.91	29.55	184.00	34.00	14.77	1	4	

3	5	200.302	5
1	127.00	16.00	129.47	60.93	45.00	0	
2	129.47	60.93	132.29	112.24	51.39	0	
3	132.29	112.24	135.78	175.62	63.48	1	1	
4	135.78	175.62	135.91	178.06	2.44	0	
5	135.91	178.06	138.00	216.00	38.00	1	5	

3	6	131.061	3
1	127.00	16.00	171.98	14.63	45.00	1	3	
2	171.98	14.63	229.01	12.89	57.06	0	
3	229.01	12.89	258.00	12.00	29.00	1	6	

4	0	54.231	2
1	184.00	34.00	177.03	50.60	18.00	1	4	
2	177.03	50.60	163.00	84.00	36.23	0	

4	1	113.886	3
1	184.00	34.00	178.78	51.23	18.00	1	4	
2	178.78	51.23	161.43	108.54	59.89	0	
3	161.43	108.54	151.00	143.00	36.00	1	1	

4	2	159.013	5
1	184.00	34.00	168.16	34.20	15.85	1	4	
2	168.16	34.20	166.00	34.23	2.15	2	3	4	
3	166.00	34.23	86.32	35.23	79.69	1	3	
4	86.32	35.23	74.00	35.38	12.32	0	
5	74.00	35.38	25.00	36.00	49.00	1	2	

4	3	59.775	3
1	184.00	34.00	169.91	29.55	14.77	1	4	
2	169.91	29.55	166.84	28.58	3.23	2	3	4	
3	166.84	28.58	127.00	16.00	41.77	1	3	

4	4	0	0

4	5	187.723	5
1	184.00	34.00	179.59	51.45	18.00	1	4	
2	179.59	51.45	164.85	109.77	60.15	0	
3	164.85	109.77	147.40	178.82	71.22	1	1	
4	147.40	178.82	147.31	179.16	0.35	0	
5	147.31	179.16	138.00	216.00	38.00	1	5	

4	6	77.201	3
1	184.00	34.00	201.25	28.87	18.00	1	4	
2	201.25	28.87	230.20	20.26	30.20	0	
3	230.20	20.26	258.00	12.00	29.00	1	6	

5	0	134.347	4
1	138.00	216.00	145.07	178.66	38.00	0	
2	145.07	178.66	145.10	178.51	0.15	0	
3	145.10	178.51	158.49	107.79	71.98	0	
4	158.49	107.79	163.00	84.00	24.21	0	

5	1	74.148	3
1	138.00	216.00	144.66	178.59	38.00	1	5	
2	144.66	178.59	144.69	178.44	0.15	0	
3	144.69	178.44	151.00	143.00	36.00	0	

5	2	212.530	3
1	138.00	216.00	117.80	183.82	38.00	1	5	
2	117.80	183.82	51.05	77.50	125.53	0	
3	51.05	77.50	25.00	36.00	49.00	1	2	

5	3	200.302	5
1	138.00	216.00	135.91	178.06	38.00	1	5	
2	135.91	178.06	135.78	175.62	2.44	0	
3	135.78	175.62	132.29	112.24	63.48	1	1	
4	132.29	112.24	129.47	60.93	51.39	0	
5	129.47	60.93	127.00	16.00	45.00	0	

5	4	187.723	5
1	138.00	216.00	147.31	179.16	38.00	1	5	
2	147.31	179.16	147.40	178.82	0.35	0	
3	147.40	178.82	164.85	109.77	71.22	1	1	
4	164.85	109.77	179.59	51.45	60.15	0	
5	179.59	51.45	184.00	34.00	18.00	1	4	

5	5	0	0

5	6	236.677	5
1	138.00	216.00	157.27	183.25	38.00	1	5	
2	157.27	183.25	160.52	177.72	6.41	0	
3	160.52	177.72	185.97	134.45	50.20	1	1	
4	185.97	134.45	243.30	37.00	113.07	0	
5	243.30	37.00	258.00	12.00	29.00	1	6	

6	0	119.202	2
1	258.00	12.00	234.89	29.52	29.00	1	6	
2	234.89	29.52	163.00	84.00	90.20	0	

6	1	169.145	3
1	258.00	12.00	239.65	34.46	29.00	1	6	
2	239.65	34.46	173.77	115.12	104.14	0	
3	173.77	115.12	151.00	143.00	36.00	1	1	

6	2	234.233	7
1	258.00	12.00	229.15	14.97	29.00	1	6	
2	229.15	14.97	193.41	18.65	35.94	0	
3	193.41	18.65	171.73	20.89	21.79	1	4	
4	171.73	20.89	171.66	20.89	0.07	2	3	4	
5	171.66	20.89	84.20	29.90	87.92	1	3	
6	84.20	29.90	73.74	30.98	10.51	0	
7	73.74	30.98	25.00	36.00	49.00	1	2	

6	3	131.061	3
1	258.00	12.00	229.01	12.89	29.00	1	6	
2	229.01	12.89	171.98	14.63	57.06	0	
3	171.98	14.63	127.00	16.00	45.00	1	3	

6	4	77.201	3
1	258.00	12.00	230.20	20.26	29.00	1	6	
2	230.20	20.26	201.25	28.87	30.20	0	
3	201.25	28.87	184.00	34.00	18.00	1	4	

6	5	236.677	5
1	258.00	12.00	243.30	37.00	29.00	1	6	
2	243.30	37.00	185.97	134.45	113.07	0	
3	185.97	134.45	160.52	177.72	50.20	1	1	
4	160.52	177.72	157.27	183.25	6.41	0	
5	157.27	183.25	138.00	216.00	38.00	1	5	

6	6	0	0
