7	59	2	0.001	100.0
29.000	148.000	0.000	2.000	0.000
114.000	156.000	34.000	4.000	15.000
238.000	279.000	37.000	5.000	2.000
3.000	199.000	41.000	2.000	9.000
284.000	177.000	15.000	9.000	19.000
232.000	260.000	7.000	10.000	7.000
27.000	129.000	45.000	8.000	1.000
 


0	0	0	0

0	1	85.376	3
1	29.00	148.00	65.98	151.48	37.15	1	6	
2	65.98	151.48	80.15	152.81	14.23	0	
3	80.15	152.81	114.00	156.00	34.00	1	1	

0	2	246.662	3
1	29.00	148.00	54.95	164.27	30.63	1	6	
2	54.95	164.27	206.65	259.35	179.03	0	
3	206.65	259.35	238.00	279.00	37.00	1	2	

0	3	57.245	3
1	29.00	148.00	21.62	162.47	16.25	1	6	
2	21.62	162.47	16.39	172.73	11.52	2	3	6	
3	16.39	172.73	3.00	199.00	29.48	1	3	

0	4	256.644	5
1	29.00	148.00	65.58	152.16	36.82	1	6	
2	65.58	152.16	80.07	153.81	14.58	0	
3	80.07	153.81	147.56	161.48	67.92	1	1	
4	147.56	161.48	269.10	175.31	122.32	0	
5	269.10	175.31	284.00	177.00	15.00	1	4	

0	5	231.847	4
1	29.00	148.00	56.37	163.10	31.25	1	6	
2	56.37	163.10	214.56	250.38	180.67	0	
3	214.56	250.38	225.87	256.62	12.92	1	2	
4	225.87	256.62	232.00	260.00	7.00	2	2	5	

0	6	19.105	1
1	29.00	148.00	27.00	129.00	19.10	1	6	

1	0	85.376	3
1	114.00	156.00	80.15	152.81	34.00	1	1	
2	80.15	152.81	65.98	151.48	14.23	0	
3	65.98	151.48	29.00	148.00	37.15	1	6	

1	1	0	0

1	2	174.657	3
1	114.00	156.00	138.14	179.94	34.00	1	1	
2	138.14	179.94	211.73	252.94	103.66	0	
3	211.73	252.94	238.00	279.00	37.00	1	2	

1	3	119.038	3
1	114.00	156.00	82.30	168.28	34.00	1	1	
2	82.30	168.28	41.23	184.19	44.04	0	
3	41.23	184.19	3.00	199.00	41.00	1	3	

1	4	171.292	3
1	114.00	156.00	147.74	160.17	34.00	1	1	
2	147.74	160.17	269.11	175.16	122.29	0	
3	269.11	175.16	284.00	177.00	15.00	1	4	

1	5	157.290	4
1	114.00	156.00	139.51	178.48	34.00	1	1	
2	139.51	178.48	218.14	247.78	104.81	0	
3	218.14	247.78	226.75	255.37	11.48	1	2	
4	226.75	255.37	232.00	260.00	7.00	2	2	5	

1	6	91.093	3
1	114.00	156.00	81.53	145.92	34.00	1	1	
2	81.53	145.92	69.98	142.34	12.09	0	
3	69.98	142.34	27.00	129.00	45.00	1	6	

2	0	246.662	3
1	238.00	279.00	206.65	259.35	37.00	1	2	
2	206.65	259.35	54.95	164.27	179.03	0	
3	54.95	164.27	29.00	148.00	30.63	1	6	

2	1	174.657	3
1	238.00	279.00	211.73	252.94	37.00	1	2	
2	211.73	252.94	138.14	179.94	103.66	0	
3	138.14	179.94	114.00	156.00	34.00	1	1	

2	2	0	0

2	3	248.244	3
1	238.00	279.00	202.97	267.08	37.00	1	2	
2	202.97	267.08	41.81	212.21	170.24	0	
3	41.81	212.21	3.00	199.00	41.00	1	3	

2	4	111.893	3
1	238.00	279.00	253.21	245.27	37.00	1	2	
2	253.21	245.27	277.83	190.67	59.89	0	
3	277.83	190.67	284.00	177.00	15.00	1	4	

2	5	19.925	2
1	238.00	279.00	234.11	266.68	12.92	1	2	
2	234.11	266.68	232.00	260.00	7.00	2	2	5	

2	6	258.884	5
1	238.00	279.00	207.84	257.56	37.00	1	2	
2	207.84	257.56	112.78	189.98	116.64	0	
3	112.78	189.98	82.31	168.32	37.38	1	1	
4	82.31	168.32	63.68	155.07	22.86	0	
5	63.68	155.07	27.00	129.00	45.00	1	6	

3	0	57.245	3
1	3.00	199.00	16.39	172.73	29.48	1	3	
2	16.39	172.73	21.62	162.47	11.52	2	3	6	
3	21.62	162.47	29.00	148.00	16.25	1	6	

3	1	119.038	3
1	3.00	199.00	41.23	184.19	41.00	1	3	
2	41.23	184.19	82.30	168.28	44.04	0	
3	82.30	168.28	114.00	156.00	34.00	1	1	

3	2	248.244	3
1	3.00	199.00	41.81	212.21	41.00	1	3	
2	41.81	212.21	202.97	267.08	170.24	0	
3	202.97	267.08	238.00	279.00	37.00	1	2	

3	3	0	0

3	4	281.860	3
1	3.00	199.00	43.87	195.80	41.00	1	3	
2	43.87	195.80	269.05	178.17	225.86	0	
3	269.05	178.17	284.00	177.00	15.00	1	4	

3	5	236.985	4
1	3.00	199.00	42.62	209.55	41.00	1	3	
2	42.62	209.55	210.48	254.27	173.72	0	
3	210.48	254.27	225.24	258.20	15.27	1	2	
4	225.24	258.20	232.00	260.00	7.00	2	2	5	

3	6	74.000	3
1	3.00	199.00	12.41	171.57	29.00	1	3	
2	12.41	171.57	16.30	160.22	12.00	2	3	6	
3	16.30	160.22	27.00	129.00	33.00	1	6	

4	0	256.644	5
1	284.00	177.00	269.10	175.31	15.00	1	4	
2	269.10	175.31	147.56	161.48	122.32	0	
3	147.56	161.48	80.07	153.81	67.92	1	1	
4	80.07	153.81	65.58	152.16	14.58	0	
5	65.58	152.16	29.00	148.00	36.82	1	6	

4	1	171.292	3
1	284.00	177.00	269.11	175.16	15.00	1	4	
2	269.11	175.16	147.74	160.17	122.29	0	
3	147.74	160.17	114.00	156.00	34.00	1	1	

4	2	111.893	3
1	284.00	177.00	277.83	190.67	15.00	1	4	
2	277.83	190.67	253.21	245.27	59.89	0	
3	253.21	245.27	238.00	279.00	37.00	1	2	

4	3	281.860	3
1	284.00	177.00	269.05	178.17	15.00	1	4	
2	269.05	178.17	43.87	195.80	225.86	0	
3	43.87	195.80	3.00	199.00	41.00	1	3	

4	4	0	0

4	5	97.944	4
1	284.00	177.00	276.04	189.71	15.00	1	4	
2	276.04	189.71	243.06	242.35	62.11	0	
3	243.06	242.35	235.72	254.07	13.83	1	2	
4	235.72	254.07	232.00	260.00	7.00	2	2	5	

4	6	261.444	5
1	284.00	177.00	269.25	174.25	15.00	1	4	
2	269.25	174.25	147.71	151.54	123.65	0	
3	147.71	151.54	84.17	139.68	64.63	1	1	
4	84.17	139.68	71.24	137.26	13.16	0	
5	71.24	137.26	27.00	129.00	45.00	1	6	

5	0	231.847	4
1	232.00	260.00	225.87	256.62	7.00	2	2	5	
2	225.87	256.62	214.56	250.38	12.92	1	2	
3	214.56	250.38	56.37	163.10	180.67	0	
4	56.37	163.10	29.00	148.00	31.25	1	6	

5	1	157.290	4
1	232.00	260.00	226.75	255.37	7.00	2	2	5	
2	226.75	255.37	218.14	247.78	11.48	1	2	
3	218.14	247.78	139.51	178.48	104.81	0	
4	139.51	178.48	114.00	156.00	34.00	1	1	

5	2	19.925	2
1	232.00	260.00	234.11	266.68	7.00	2	2	5	
2	234.11	266.68	238.00	279.00	12.92	1	2	

5	3	236.985	4
1	232.00	260.00	225.24	258.20	7.00	2	2	5	
2	225.24	258.20	210.48	254.27	15.27	1	2	
3	210.48	254.27	42.62	209.55	173.72	0	
4	42.62	209.55	3.00	199.00	41.00	1	3	

5	4	97.944	4
1	232.00	260.00	235.72	254.07	7.00	2	2	5	
2	235.72	254.07	243.06	242.35	13.83	1	2	
3	243.06	242.35	276.04	189.71	62.11	0	
4	276.04	189.71	284.00	177.00	15.00	1	4	

5	5	0	0

5	6	243.282	6
1	232.00	260.00	226.10	256.23	7.00	2	2	5	
2	226.10	256.23	215.62	249.53	12.44	1	2	
3	215.62	249.53	121.24	189.22	112.01	0	
4	121.24	189.22	80.81	163.39	47.98	1	1	
5	80.81	163.39	64.92	153.23	18.86	0	
6	64.92	153.23	27.00	129.00	45.00	1	6	

6	0	19.105	1
1	27.00	129.00	29.00	148.00	19.10	1	6	

6	1	91.093	3
1	27.00	129.00	69.98	142.34	45.00	1	6	
2	69.98	142.34	81.53	145.92	12.09	0	
3	81.53	145.92	114.00	156.00	34.00	1	1	

6	2	258.884	5
1	27.00	129.00	63.68	155.07	45.00	1	6	
2	63.68	155.07	82.31	168.32	22.86	0	
3	82.31	168.32	112.78	189.98	37.38	1	1	
4	112.78	189.98	207.84	257.56	116.64	0	
5	207.84	257.56	238.00	279.00	37.00	1	2	

6	3	74.000	3
1	27.00	129.00	16.30	160.22	33.00	1	6	
2	16.30	160.22	12.41	171.57	12.00	2	3	6	
3	12.41	171.57	3.00	199.00	29.00	1	3	

6	4	261.444	5
1	27.00	129.00	71.24	137.26	45.00	1	6	
2	71.24	137.26	84.17	139.68	13.16	0	
3	84.17	139.68	147.71	151.54	64.63	1	1	
4	147.71	151.54	269.25	174.25	123.65	0	
5	269.25	174.25	284.00	177.00	15.00	1	4	

6	5	243.282	6
1	27.00	129.00	64.92	153.23	45.00	1	6	
2	64.92	153.23	80.81	163.39	18.86	0	
3	80.81	163.39	121.24	189.22	47.98	1	1	
4	121.24	189.22	215.62	249.53	112.01	0	
5	215.62	249.53	226.10	256.23	12.44	1	2	
6	226.10	256.23	232.00	260.00	7.00	2	2	5	

6	6	0	0
