7	65	2	0.001	45.0
212.000	252.000	0.000	5.000	0.000
47.000	69.000	45.000	5.000	11.000
163.000	68.000	36.000	7.000	11.000
146.000	231.000	42.000	5.000	8.000
181.000	60.000	3.000	8.000	20.000
184.000	250.000	43.000	4.000	4.000
264.000	22.000	45.000	5.000	10.000

0	0	0	0

0	1	246.402	5
1	212.00	252.00	187.55	224.89	36.51	1	5	
2	187.55	224.89	172.77	208.49	22.07	2	3	5	
3	172.77	208.49	156.37	190.30	24.49	1	3	
4	156.37	190.30	77.13	102.42	118.33	0	
5	77.13	102.42	47.00	69.00	45.00	1	1	

0	2	190.413	3
1	212.00	252.00	200.94	210.48	42.97	1	5	
2	200.94	210.48	172.26	102.79	111.44	0	
3	172.26	102.79	163.00	68.00	36.00	1	2	

0	3	69.260	2
1	212.00	252.00	186.02	243.73	27.26	1	5	
2	186.02	243.73	146.00	231.00	42.00	2	3	5	

0	4	194.487	4
1	212.00	252.00	205.68	212.87	39.64	0	
2	205.68	212.87	186.67	95.12	119.27	0	
3	186.67	95.12	181.48	62.96	32.58	1	2	
4	181.48	62.96	181.00	60.00	3.00	2	2	4	

0	5	28.071	1
1	212.00	252.00	184.00	250.00	28.07	1	5	

0	6	235.805	3
1	212.00	252.00	218.31	224.08	28.62	1	5	
2	218.31	224.08	254.08	65.89	162.18	0	
3	254.08	65.89	264.00	22.00	45.00	0	

1	0	246.402	5
1	47.00	69.00	77.13	102.42	45.00	1	1	
2	77.13	102.42	156.37	190.30	118.33	0	
3	156.37	190.30	172.77	208.49	24.49	1	3	
4	172.77	208.49	187.55	224.89	22.07	2	3	5	
5	187.55	224.89	212.00	252.00	36.51	1	5	

1	1	0	0

1	2	116.004	3
1	47.00	69.00	92.00	68.61	45.00	1	1	
2	92.00	68.61	127.00	68.31	35.00	0	
3	127.00	68.31	163.00	68.00	36.00	1	2	

1	3	189.855	4
1	47.00	69.00	70.47	107.40	45.00	0	
2	70.47	107.40	124.10	195.16	102.86	0	
3	124.10	195.16	145.68	230.48	41.39	1	3	
4	145.68	230.48	146.00	231.00	0.61	2	3	5	

1	4	134.302	4
1	47.00	69.00	91.90	65.98	45.00	1	1	
2	91.90	65.98	127.27	63.61	35.45	0	
3	127.27	63.61	178.01	60.20	50.85	1	2	
4	178.01	60.20	181.00	60.00	3.00	2	2	4	

1	5	227.002	5
1	47.00	69.00	74.16	104.88	45.00	1	1	
2	74.16	104.88	138.36	189.70	106.38	0	
3	138.36	189.70	158.05	215.71	32.62	1	3	
4	158.05	215.71	183.67	249.57	42.46	2	3	5	
5	183.67	249.57	184.00	250.00	0.54	1	5	

1	6	222.032	5
1	47.00	69.00	90.98	59.47	45.00	1	1	
2	90.98	59.47	131.42	50.72	41.38	0	
3	131.42	50.72	184.60	39.20	54.41	1	2	
4	184.60	39.20	220.02	31.53	36.24	0	
5	220.02	31.53	264.00	22.00	45.00	1	6	

2	0	190.413	3
1	163.00	68.00	172.26	102.79	36.00	1	2	
2	172.26	102.79	200.94	210.48	111.44	0	
3	200.94	210.48	212.00	252.00	42.97	1	5	

2	1	116.004	3
1	163.00	68.00	127.00	68.31	36.00	1	2	
2	127.00	68.31	92.00	68.61	35.00	0	
3	92.00	68.61	47.00	69.00	45.00	1	1	

2	2	0	0

2	3	163.884	4
1	163.00	68.00	159.27	103.81	36.00	1	2	
2	159.27	103.81	150.36	189.23	85.88	0	
3	150.36	189.23	146.15	229.60	40.60	1	3	
4	146.15	229.60	146.00	231.00	1.40	2	3	5	

2	4	19.698	2
1	163.00	68.00	178.26	61.22	16.70	1	2	
2	178.26	61.22	181.00	60.00	3.00	2	2	4	

2	5	183.208	5
1	163.00	68.00	167.13	103.76	36.00	0	
2	167.13	103.76	178.78	204.74	101.65	0	
3	178.78	204.74	179.07	207.28	2.56	1	3	
4	179.07	207.28	183.90	249.11	42.10	1	5	
5	183.90	249.11	184.00	250.00	0.90	1	5	

2	6	110.982	5
1	163.00	68.00	178.20	61.08	16.70	1	2	
2	178.20	61.08	183.65	58.59	5.99	2	2	4	
3	183.65	58.59	195.76	53.08	13.31	1	2	
4	195.76	53.08	223.05	40.65	29.98	0	
5	223.05	40.65	264.00	22.00	45.00	1	6	

3	0	69.260	2
1	146.00	231.00	186.02	243.73	42.00	2	3	5	
2	186.02	243.73	212.00	252.00	27.26	1	5	

3	1	189.855	4
1	146.00	231.00	145.68	230.48	0.61	2	3	5	
2	145.68	230.48	124.10	195.16	41.39	1	3	
3	124.10	195.16	70.47	107.40	102.86	0	
4	70.47	107.40	47.00	69.00	45.00	0	

3	2	163.884	4
1	146.00	231.00	146.15	229.60	1.40	2	3	5	
2	146.15	229.60	150.36	189.23	40.60	1	3	
3	150.36	189.23	159.27	103.81	85.88	0	
4	159.27	103.81	163.00	68.00	36.00	1	2	

3	3	0	0

3	4	174.545	5
1	146.00	231.00	146.37	229.19	1.85	2	3	5	
2	146.37	229.19	154.42	189.85	40.15	1	3	
3	154.42	189.85	172.24	102.79	88.86	0	
4	172.24	102.79	180.40	62.94	40.68	1	2	
5	180.40	62.94	181.00	60.00	3.00	2	2	4	

3	5	42.485	2
1	146.00	231.00	183.57	249.78	42.00	2	3	5	
2	183.57	249.78	184.00	250.00	0.49	1	5	

3	6	240.010	4
1	146.00	231.00	150.48	223.07	9.11	2	3	5	
2	150.48	223.07	166.65	194.43	32.89	1	3	
3	166.65	194.43	241.88	61.19	153.01	0	
4	241.88	61.19	264.00	22.00	45.00	1	6	

4	0	194.487	4
1	181.00	60.00	181.48	62.96	3.00	2	2	4	
2	181.48	62.96	186.67	95.12	32.58	1	2	
3	186.67	95.12	205.68	212.87	119.27	0	
4	205.68	212.87	212.00	252.00	39.64	0	

4	1	134.302	4
1	181.00	60.00	178.01	60.20	3.00	2	2	4	
2	178.01	60.20	127.27	63.61	50.85	1	2	
3	127.27	63.61	91.90	65.98	35.45	0	
4	91.90	65.98	47.00	69.00	45.00	1	1	

4	2	19.698	2
1	181.00	60.00	178.26	61.22	3.00	2	2	4	
2	178.26	61.22	163.00	68.00	16.70	1	2	

4	3	174.545	5
1	181.00	60.00	180.40	62.94	3.00	2	2	4	
2	180.40	62.94	172.24	102.79	40.68	1	2	
3	172.24	102.79	154.42	189.85	88.86	0	
4	154.42	189.85	146.37	229.19	40.15	1	3	
5	146.37	229.19	146.00	231.00	1.85	2	3	5	

4	4	0	0

4	5	190.024	6
1	181.00	60.00	181.05	63.00	3.00	1	2	
2	181.05	63.00	181.61	98.82	35.82	0	
3	181.61	98.82	183.32	207.00	108.20	0	
4	183.32	207.00	183.40	211.89	4.88	0	
5	183.40	211.89	183.98	248.92	37.04	2	3	5	
6	183.98	248.92	184.00	250.00	1.08	1	5	

4	6	91.285	4
1	181.00	60.00	183.73	58.75	3.00	2	2	4	
2	183.73	58.75	195.82	53.21	13.30	1	2	
3	195.82	53.21	223.08	40.73	29.98	0	
4	223.08	40.73	264.00	22.00	45.00	1	6	

5	0	28.071	1
1	184.00	250.00	212.00	252.00	28.07	1	5	

5	1	227.002	5
1	184.00	250.00	183.67	249.57	0.54	1	5	
2	183.67	249.57	158.05	215.71	42.46	2	3	5	
3	158.05	215.71	138.36	189.70	32.62	1	3	
4	138.36	189.70	74.16	104.88	106.38	0	
5	74.16	104.88	47.00	69.00	45.00	1	1	

5	2	183.208	5
1	184.00	250.00	183.90	249.11	0.90	1	5	
2	183.90	249.11	179.07	207.28	42.10	1	5	
3	179.07	207.28	178.78	204.74	2.56	1	3	
4	178.78	204.74	167.13	103.76	101.65	0	
5	167.13	103.76	163.00	68.00	36.00	0	

5	3	42.485	2
1	184.00	250.00	183.57	249.78	0.49	1	5	
2	183.57	249.78	146.00	231.00	42.00	2	3	5	

5	4	190.024	6
1	184.00	250.00	183.98	248.92	1.08	1	5	
2	183.98	248.92	183.40	211.89	37.04	2	3	5	
3	183.40	211.89	183.32	207.00	4.88	0	
4	183.32	207.00	181.61	98.82	108.20	0	
5	181.61	98.82	181.05	63.00	35.82	0	
6	181.05	63.00	181.00	60.00	3.00	1	2	

5	5	0	0

5	6	241.628	3
1	184.00	250.00	198.24	209.43	43.00	1	5	
2	198.24	209.43	249.10	64.46	153.63	0	
3	249.10	64.46	264.00	22.00	45.00	1	6	

6	0	235.805	3
1	264.00	22.00	254.08	65.89	45.00	0	
2	254.08	65.89	218.31	224.08	162.18	0	
3	218.31	224.08	212.00	252.00	28.62	1	5	

6	1	222.032	5
1	264.00	22.00	220.02	31.53	45.00	1	6	
2	220.02	31.53	184.60	39.20	36.24	0	
3	184.60	39.20	131.42	50.72	54.41	1	2	
4	131.42	50.72	90.98	59.47	41.38	0	
5	90.98	59.47	47.00	69.00	45.00	1	1	

6	2	110.982	5
1	264.00	22.00	223.05	40.65	45.00	1	6	
2	223.05	40.65	195.76	53.08	29.98	0	
3	195.76	53.08	183.65	58.59	13.31	1	2	
4	183.65	58.59	178.20	61.08	5.99	2	2	4	
5	178.20	61.08	163.00	68.00	16.70	1	2	

6	3	240.010	4
1	264.00	22.00	241.88	61.19	45.00	1	6	
2	241.88	61.19	166.65	194.43	153.01	0	
3	166.65	194.43	150.48	223.07	32.89	1	3	
4	150.48	223.07	146.00	231.00	9.11	2	3	5	

6	4	91.285	4
1	264.00	22.00	223.08	40.73	45.00	1	6	
2	223.08	40.73	195.82	53.21	29.98	0	
3	195.82	53.21	183.73	58.75	13.30	1	2	
4	183.73	58.75	181.00	60.00	3.00	2	2	4	

6	5	241.628	3
1	264.00	22.00	249.10	64.46	45.00	1	6	
2	249.10	64.46	198.24	209.43	153.63	0	
3	198.24	209.43	184.00	250.00	43.00	1	5	

6	6	0	0
