7	65	2	0.001	100.0
264.000	280.000	0.000	5.000	0.000
40.000	183.000	49.000	1.000	18.000
67.000	256.000	4.000	7.000	12.000
218.000	249.000	42.000	10.000	5.000
73.000	96.000	24.000	8.000	6.000
176.000	110.000	48.000	4.000	4.000
100.000	218.000	41.000	9.000	2.000

0	0	0	0

0	1	244.100	6
1	264.00	280.00	251.35	274.52	13.78	0	
2	251.35	274.52	176.56	242.14	81.50	1	3	
3	176.56	242.14	140.14	226.36	39.70	0	
4	140.14	226.36	84.97	202.47	60.12	1	6	
5	84.97	202.47	66.44	194.45	20.19	2	1	6	
6	66.44	194.45	40.00	183.00	28.81	1	1	

0	2	198.457	4
1	264.00	280.00	248.30	278.09	15.82	0	
2	248.30	278.09	181.60	269.96	67.19	1	3	
3	181.60	269.96	70.97	256.48	111.45	0	
4	70.97	256.48	67.00	256.00	4.00	1	2	

0	3	55.471	2
1	264.00	280.00	252.83	272.47	13.47	0	
2	252.83	272.47	218.00	249.00	42.00	1	3	

0	4	265.211	4
1	264.00	280.00	254.10	270.46	13.74	0	
2	254.10	270.46	195.20	213.72	81.78	1	3	
3	195.20	213.72	90.28	112.65	145.68	0	
4	90.28	112.65	73.00	96.00	24.00	1	4	

0	5	191.426	4
1	264.00	280.00	256.56	265.64	16.17	0	
2	256.56	265.64	226.68	207.91	65.01	1	3	
3	226.68	207.91	198.07	152.63	62.25	0	
4	198.07	152.63	176.00	110.00	48.00	1	5	

0	6	175.328	4
1	264.00	280.00	250.94	275.06	13.97	0	
2	250.94	275.06	176.06	246.75	80.05	1	3	
3	176.06	246.75	138.35	232.50	40.31	0	
4	138.35	232.50	100.00	218.00	41.00	1	6	

1	0	244.100	6
1	40.00	183.00	66.44	194.45	28.81	1	1	
2	66.44	194.45	84.97	202.47	20.19	2	1	6	
3	84.97	202.47	140.14	226.36	60.12	1	6	
4	140.14	226.36	176.56	242.14	39.70	0	
5	176.56	242.14	251.35	274.52	81.50	1	3	
6	251.35	274.52	264.00	280.00	13.78	0	

1	1	0	0

1	2	77.833	3
1	40.00	183.00	57.00	228.96	49.00	1	1	
2	57.00	228.96	65.61	252.25	24.83	0	
3	65.61	252.25	67.00	256.00	4.00	1	2	

1	3	189.842	5
1	40.00	183.00	67.39	193.15	29.21	1	1	
2	67.39	193.15	85.94	200.04	19.79	2	1	6	
3	85.94	200.04	140.93	220.42	58.64	1	6	
4	140.93	220.42	178.62	234.40	40.20	0	
5	178.62	234.40	218.00	249.00	42.00	1	3	

1	4	93.048	3
1	40.00	183.00	57.38	137.19	49.00	0	
2	57.38	137.19	64.49	118.44	20.05	0	
3	64.49	118.44	73.00	96.00	24.00	1	4	

1	5	154.353	3
1	40.00	183.00	83.17	159.83	49.00	1	1	
2	83.17	159.83	133.71	132.70	57.35	0	
3	133.71	132.70	176.00	110.00	48.00	1	5	

1	6	69.462	3
1	40.00	183.00	64.59	197.34	28.46	1	1	
2	64.59	197.34	82.33	207.69	20.54	2	1	6	
3	82.33	207.69	100.00	218.00	20.46	1	6	

2	0	198.457	4
1	67.00	256.00	70.97	256.48	4.00	1	2	
2	70.97	256.48	181.60	269.96	111.45	0	
3	181.60	269.96	248.30	278.09	67.19	1	3	
4	248.30	278.09	264.00	280.00	15.82	0	

2	1	77.833	3
1	67.00	256.00	65.61	252.25	4.00	1	2	
2	65.61	252.25	57.00	228.96	24.83	0	
3	57.00	228.96	40.00	183.00	49.00	1	1	

2	2	0	0

2	3	151.162	5
1	67.00	256.00	71.00	255.81	4.00	1	2	
2	71.00	255.81	82.90	255.26	11.92	0	
3	82.90	255.26	120.48	253.52	37.62	1	6	
4	120.48	253.52	176.05	250.94	55.63	0	
5	176.05	250.94	218.00	249.00	42.00	1	3	

2	4	160.112	7
1	67.00	256.00	67.15	252.00	4.00	1	2	
2	67.15	252.00	67.49	242.98	9.03	0	
3	67.49	242.98	68.24	223.05	19.94	1	6	
4	68.24	223.05	69.45	190.66	32.41	1	6	
5	69.45	190.66	71.16	145.18	45.51	1	1	
6	71.16	145.18	72.10	119.98	25.22	0	
7	72.10	119.98	73.00	96.00	24.00	0	

2	5	182.200	5
1	67.00	256.00	69.39	252.79	4.00	1	2	
2	69.39	252.79	72.60	248.50	5.36	0	
3	72.60	248.50	121.45	183.06	81.66	1	6	
4	121.45	183.06	147.28	148.46	43.18	0	
5	147.28	148.46	176.00	110.00	48.00	1	5	

2	6	50.329	3
1	67.00	256.00	69.62	252.98	4.00	1	2	
2	69.62	252.98	73.12	248.96	5.33	0	
3	73.12	248.96	100.00	218.00	41.00	1	6	

3	0	55.471	2
1	218.00	249.00	252.83	272.47	42.00	1	3	
2	252.83	272.47	264.00	280.00	13.47	0	

3	1	189.842	5
1	218.00	249.00	178.62	234.40	42.00	1	3	
2	178.62	234.40	140.93	220.42	40.20	0	
3	140.93	220.42	85.94	200.04	58.64	1	6	
4	85.94	200.04	67.39	193.15	19.79	2	1	6	
5	67.39	193.15	40.00	183.00	29.21	1	1	

3	2	151.162	5
1	218.00	249.00	176.05	250.94	42.00	1	3	
2	176.05	250.94	120.48	253.52	55.63	0	
3	120.48	253.52	82.90	255.26	37.62	1	6	
4	82.90	255.26	71.00	255.81	11.92	0	
5	71.00	255.81	67.00	256.00	4.00	1	2	

3	3	0	0

3	4	210.794	3
1	218.00	249.00	189.11	218.52	42.00	1	3	
2	189.11	218.52	89.51	113.42	144.79	0	
3	89.51	113.42	73.00	96.00	24.00	1	4	

3	5	145.207	3
1	218.00	249.00	205.85	208.80	42.00	1	3	
2	205.85	208.80	189.88	155.95	55.21	0	
3	189.88	155.95	176.00	110.00	48.00	0	

3	6	122.004	3
1	218.00	249.00	177.38	238.33	42.00	1	3	
2	177.38	238.33	139.65	228.42	39.00	0	
3	139.65	228.42	100.00	218.00	41.00	1	6	

4	0	265.211	4
1	73.00	96.00	90.28	112.65	24.00	1	4	
2	90.28	112.65	195.20	213.72	145.68	0	
3	195.20	213.72	254.10	270.46	81.78	1	3	
4	254.10	270.46	264.00	280.00	13.74	0	

4	1	93.048	3
1	73.00	96.00	64.49	118.44	24.00	1	4	
2	64.49	118.44	57.38	137.19	20.05	0	
3	57.38	137.19	40.00	183.00	49.00	0	

4	2	160.112	7
1	73.00	96.00	72.10	119.98	24.00	0	
2	72.10	119.98	71.16	145.18	25.22	0	
3	71.16	145.18	69.45	190.66	45.51	1	1	
4	69.45	190.66	68.24	223.05	32.41	1	6	
5	68.24	223.05	67.49	242.98	19.94	1	6	
6	67.49	242.98	67.15	252.00	9.03	0	
7	67.15	252.00	67.00	256.00	4.00	1	2	

4	3	210.794	3
1	73.00	96.00	89.51	113.42	24.00	1	4	
2	89.51	113.42	189.11	218.52	144.79	0	
3	189.11	218.52	218.00	249.00	42.00	1	3	

4	4	0	0

4	5	103.947	3
1	73.00	96.00	96.78	99.23	24.00	1	4	
2	96.78	99.23	128.44	103.54	31.95	0	
3	128.44	103.54	176.00	110.00	48.00	1	5	

4	6	124.952	3
1	73.00	96.00	78.19	119.43	24.00	1	4	
2	78.19	119.43	91.14	177.97	59.95	0	
3	91.14	177.97	100.00	218.00	41.00	1	6	

5	0	191.426	4
1	176.00	110.00	198.07	152.63	48.00	1	5	
2	198.07	152.63	226.68	207.91	62.25	0	
3	226.68	207.91	256.56	265.64	65.01	1	3	
4	256.56	265.64	264.00	280.00	16.17	0	

5	1	154.353	3
1	176.00	110.00	133.71	132.70	48.00	1	5	
2	133.71	132.70	83.17	159.83	57.35	0	
3	83.17	159.83	40.00	183.00	49.00	1	1	

5	2	182.200	5
1	176.00	110.00	147.28	148.46	48.00	1	5	
2	147.28	148.46	121.45	183.06	43.18	0	
3	121.45	183.06	72.60	248.50	81.66	1	6	
4	72.60	248.50	69.39	252.79	5.36	0	
5	69.39	252.79	67.00	256.00	4.00	1	2	

5	3	145.207	3
1	176.00	110.00	189.88	155.95	48.00	0	
2	189.88	155.95	205.85	208.80	55.21	0	
3	205.85	208.80	218.00	249.00	42.00	1	3	

5	4	103.947	3
1	176.00	110.00	128.44	103.54	48.00	1	5	
2	128.44	103.54	96.78	99.23	31.95	0	
3	96.78	99.23	73.00	96.00	24.00	1	4	

5	5	0	0

5	6	132.061	3
1	176.00	110.00	148.38	149.25	48.00	1	5	
2	148.38	149.25	123.60	184.47	43.06	0	
3	123.60	184.47	100.00	218.00	41.00	1	6	

6	0	175.328	4
1	100.00	218.00	138.35	232.50	41.00	1	6	
2	138.35	232.50	176.06	246.75	40.31	0	
3	176.06	246.75	250.94	275.06	80.05	1	3	
4	250.94	275.06	264.00	280.00	13.97	0	

6	1	69.462	3
1	100.00	218.00	82.33	207.69	20.46	1	6	
2	82.33	207.69	64.59	197.34	20.54	2	1	6	
3	64.59	197.34	40.00	183.00	28.46	1	1	

6	2	50.329	3
1	100.00	218.00	73.12	248.96	41.00	1	6	
2	73.12	248.96	69.62	252.98	5.33	0	
3	69.62	252.98	67.00	256.00	4.00	1	2	

6	3	122.004	3
1	100.00	218.00	139.65	228.42	41.00	1	6	
2	139.65	228.42	177.38	238.33	39.00	0	
3	177.38	238.33	218.00	249.00	42.00	1	3	

6	4	124.952	3
1	100.00	218.00	91.14	177.97	41.00	1	6	
2	91.14	177.97	78.19	119.43	59.95	0	
3	78.19	119.43	73.00	96.00	24.00	1	4	

6	5	132.061	3
1	100.00	218.00	123.60	184.47	41.00	1	6	
2	123.60	184.47	148.38	149.25	43.06	0	
3	148.38	149.25	176.00	110.00	48.00	1	5	

6	6	0	0
