7	61	2	0.001	35.0
286.000	115.000	0.000	2.000	0.000
131.000	167.000	50.000	1.000	16.000
171.000	147.000	38.000	2.000	4.000
251.000	26.000	4.000	9.000	16.000
212.000	226.000	16.000	8.000	14.000
184.000	286.000	16.000	4.000	7.000
147.000	123.000	2.000	3.000	10.000

0	0	0	0

0	1	163.490	4
1	286.00	115.00	208.52	140.99	81.72	0	
2	208.52	140.99	178.40	151.10	31.77	1	2	
3	178.40	151.10	137.45	164.84	43.20	2	1	2	
4	137.45	164.84	131.00	167.00	6.80	1	1	

0	2	119.369	3
1	286.00	115.00	207.61	136.81	81.37	0	
2	207.61	136.81	176.17	145.56	32.63	1	2	
3	176.17	145.56	171.00	147.00	5.37	2	1	2	

0	3	95.635	2
1	286.00	115.00	252.46	29.72	91.63	0	
2	252.46	29.72	251.00	26.00	4.00	1	3	

0	4	133.405	2
1	286.00	115.00	220.88	212.69	117.41	0	
2	220.88	212.69	212.00	226.00	16.00	1	4	

0	5	199.111	4
1	286.00	115.00	225.19	216.94	118.70	0	
2	225.19	216.94	210.30	241.91	29.07	1	4	
3	210.30	241.91	192.20	272.26	35.34	0	
4	192.20	272.26	184.00	286.00	16.00	1	5	

0	6	139.230	4
1	286.00	115.00	197.82	120.08	88.33	0	
2	197.82	120.08	153.99	122.60	43.90	1	2	
3	153.99	122.60	149.00	122.89	5.00	2	1	2	
4	149.00	122.89	147.00	123.00	2.00	3	1	2	6	

1	0	163.490	4
1	131.00	167.00	137.45	164.84	6.80	1	1	
2	137.45	164.84	178.40	151.10	43.20	2	1	2	
3	178.40	151.10	208.52	140.99	31.77	1	2	
4	208.52	140.99	286.00	115.00	81.72	0	

1	1	0	0

1	2	44.721	2
1	131.00	167.00	137.01	163.99	6.72	1	1	
2	137.01	163.99	171.00	147.00	38.00	2	1	2	

1	3	185.151	5
1	131.00	167.00	135.81	161.35	7.42	1	1	
2	135.81	161.35	163.41	128.92	42.58	2	1	2	
3	163.41	128.92	179.54	109.97	24.89	1	2	
4	179.54	109.97	248.41	29.05	106.26	0	
5	248.41	29.05	251.00	26.00	4.00	1	3	

1	4	100.210	3
1	131.00	167.00	171.42	196.44	50.00	1	1	
2	171.42	196.44	199.07	216.58	34.21	0	
3	199.07	216.58	212.00	226.00	16.00	1	4	

1	5	130.269	3
1	131.00	167.00	151.34	212.67	50.00	1	1	
2	151.34	212.67	177.49	271.38	64.27	0	
3	177.49	271.38	184.00	286.00	16.00	1	5	

1	6	46.819	3
1	131.00	167.00	134.47	157.46	10.15	1	1	
2	134.47	157.46	146.32	124.88	34.67	2	1	2	
3	146.32	124.88	147.00	123.00	2.00	3	1	2	6	

2	0	119.369	3
1	171.00	147.00	176.17	145.56	5.37	2	1	2	
2	176.17	145.56	207.61	136.81	32.63	1	2	
3	207.61	136.81	286.00	115.00	81.37	0	

2	1	44.721	2
1	171.00	147.00	137.01	163.99	38.00	2	1	2	
2	137.01	163.99	131.00	167.00	6.72	1	1	

2	2	0	0

2	3	145.055	4
1	171.00	147.00	174.30	142.00	5.99	2	1	2	
2	174.30	142.00	191.96	115.30	32.01	1	2	
3	191.96	115.30	248.79	29.34	103.06	0	
4	248.79	29.34	251.00	26.00	4.00	1	3	

2	4	89.006	4
1	171.00	147.00	180.99	166.26	21.70	2	1	2	
2	180.99	166.26	188.50	180.73	16.30	1	2	
3	188.50	180.73	204.63	211.80	35.01	0	
4	204.63	211.80	212.00	226.00	16.00	1	4	

2	5	139.607	4
1	171.00	147.00	174.54	184.83	38.00	2	1	2	
2	174.54	184.83	175.08	190.60	5.79	1	1	
3	175.08	190.60	182.51	270.07	79.81	0	
4	182.51	270.07	184.00	286.00	16.00	1	5	

2	6	33.941	2
1	171.00	147.00	148.41	124.41	31.94	2	1	2	
2	148.41	124.41	147.00	123.00	2.00	3	1	2	6	

3	0	95.635	2
1	251.00	26.00	252.46	29.72	4.00	1	3	
2	252.46	29.72	286.00	115.00	91.63	0	

3	1	185.151	5
1	251.00	26.00	248.41	29.05	4.00	1	3	
2	248.41	29.05	179.54	109.97	106.26	0	
3	179.54	109.97	163.41	128.92	24.89	1	2	
4	163.41	128.92	135.81	161.35	42.58	2	1	2	
5	135.81	161.35	131.00	167.00	7.42	1	1	

3	2	145.055	4
1	251.00	26.00	248.79	29.34	4.00	1	3	
2	248.79	29.34	191.96	115.30	103.06	0	
3	191.96	115.30	174.30	142.00	32.01	1	2	
4	174.30	142.00	171.00	147.00	5.99	2	1	2	

3	3	0	0

3	4	203.767	3
1	251.00	26.00	250.23	29.93	4.00	1	3	
2	250.23	29.93	215.06	210.30	183.77	0	
3	215.06	210.30	212.00	226.00	16.00	1	4	

3	5	268.494	5
1	251.00	26.00	250.00	29.87	4.00	1	3	
2	250.00	29.87	202.84	212.88	188.98	0	
3	202.84	212.88	197.64	233.06	20.84	1	4	
4	197.64	233.06	187.99	270.51	38.67	0	
5	187.99	270.51	184.00	286.00	16.00	1	5	

3	6	142.215	5
1	251.00	26.00	248.07	28.73	4.00	1	3	
2	248.07	28.73	160.39	110.51	119.90	0	
3	160.39	110.51	149.59	120.58	14.77	1	2	
4	149.59	120.58	148.46	121.64	1.54	2	1	2	
5	148.46	121.64	147.00	123.00	2.00	3	1	2	6	

4	0	133.405	2
1	212.00	226.00	220.88	212.69	16.00	1	4	
2	220.88	212.69	286.00	115.00	117.41	0	

4	1	100.210	3
1	212.00	226.00	199.07	216.58	16.00	1	4	
2	199.07	216.58	171.42	196.44	34.21	0	
3	171.42	196.44	131.00	167.00	50.00	1	1	

4	2	89.006	4
1	212.00	226.00	204.63	211.80	16.00	1	4	
2	204.63	211.80	188.50	180.73	35.01	0	
3	188.50	180.73	180.99	166.26	16.30	1	2	
4	180.99	166.26	171.00	147.00	21.70	2	1	2	

4	3	203.767	3
1	212.00	226.00	215.06	210.30	16.00	1	4	
2	215.06	210.30	250.23	29.93	183.77	0	
3	250.23	29.93	251.00	26.00	4.00	1	3	

4	4	0	0

4	5	66.212	3
1	212.00	226.00	205.23	240.50	16.00	1	4	
2	205.23	240.50	190.77	271.50	34.21	0	
3	190.77	271.50	184.00	286.00	16.00	1	5	

4	6	121.795	5
1	212.00	226.00	203.46	212.47	16.00	1	4	
2	203.46	212.47	184.55	182.50	35.44	0	
3	184.55	182.50	180.24	175.68	8.07	1	2	
4	180.24	175.68	148.07	124.69	60.29	2	1	2	
5	148.07	124.69	147.00	123.00	2.00	3	1	2	6	

5	0	199.111	4
1	184.00	286.00	192.20	272.26	16.00	1	5	
2	192.20	272.26	210.30	241.91	35.34	0	
3	210.30	241.91	225.19	216.94	29.07	1	4	
4	225.19	216.94	286.00	115.00	118.70	0	

5	1	130.269	3
1	184.00	286.00	177.49	271.38	16.00	1	5	
2	177.49	271.38	151.34	212.67	64.27	0	
3	151.34	212.67	131.00	167.00	50.00	1	1	

5	2	139.607	4
1	184.00	286.00	182.51	270.07	16.00	1	5	
2	182.51	270.07	175.08	190.60	79.81	0	
3	175.08	190.60	174.54	184.83	5.79	1	1	
4	174.54	184.83	171.00	147.00	38.00	2	1	2	

5	3	268.494	5
1	184.00	286.00	187.99	270.51	16.00	1	5	
2	187.99	270.51	197.64	233.06	38.67	0	
3	197.64	233.06	202.84	212.88	20.84	1	4	
4	202.84	212.88	250.00	29.87	188.98	0	
5	250.00	29.87	251.00	26.00	4.00	1	3	

5	4	66.212	3
1	184.00	286.00	190.77	271.50	16.00	1	5	
2	190.77	271.50	205.23	240.50	34.21	0	
3	205.23	240.50	212.00	226.00	16.00	1	4	

5	5	0	0

5	6	167.147	5
1	184.00	286.00	180.46	270.40	16.00	1	5	
2	180.46	270.40	165.26	203.42	68.68	0	
3	165.26	203.42	160.75	183.59	20.33	1	1	
4	160.75	183.59	147.44	124.95	60.13	2	1	2	
5	147.44	124.95	147.00	123.00	2.00	3	1	2	6	

6	0	139.230	4
1	147.00	123.00	149.00	122.89	2.00	3	1	2	6	
2	149.00	122.89	153.99	122.60	5.00	2	1	2	
3	153.99	122.60	197.82	120.08	43.90	1	2	
4	197.82	120.08	286.00	115.00	88.33	0	

6	1	46.819	3
1	147.00	123.00	146.32	124.88	2.00	3	1	2	6	
2	146.32	124.88	134.47	157.46	34.67	2	1	2	
3	134.47	157.46	131.00	167.00	10.15	1	1	

6	2	33.941	2
1	147.00	123.00	148.41	124.41	2.00	3	1	2	6	
2	148.41	124.41	171.00	147.00	31.94	2	1	2	

6	3	142.215	5
1	147.00	123.00	148.46	121.64	2.00	3	1	2	6	
2	148.46	121.64	149.59	120.58	1.54	2	1	2	
3	149.59	120.58	160.39	110.51	14.77	1	2	
4	160.39	110.51	248.07	28.73	119.90	0	
5	248.07	28.73	251.00	26.00	4.00	1	3	

6	4	121.795	5
1	147.00	123.00	148.07	124.69	2.00	3	1	2	6	
2	148.07	124.69	180.24	175.68	60.29	2	1	2	
3	180.24	175.68	184.55	182.50	8.07	1	2	
4	184.55	182.50	203.46	212.47	35.44	0	
5	203.46	212.47	212.00	226.00	16.00	1	4	

6	5	167.147	5
1	147.00	123.00	147.44	124.95	2.00	3	1	2	6	
2	147.44	124.95	160.75	183.59	60.13	2	1	2	
3	160.75	183.59	165.26	203.42	20.33	1	1	
4	165.26	203.42	180.46	270.40	68.68	0	
5	180.46	270.40	184.00	286.00	16.00	1	5	

6	6	0	0
