10	137	2	0.001	100.0
0.000	0.000	0.000	4.000	0.000
18.000	87.000	49.000	4.000	8.000
224.000	287.000	38.000	3.000	7.000
44.000	10.000	35.000	2.000	16.000
218.000	88.000	5.000	3.000	4.000
32.000	248.000	13.000	7.000	11.000
268.000	37.000	16.000	10.000	16.000
122.000	254.000	8.000	7.000	20.000
232.000	258.000	11.000	5.000	12.000
45.000	210.000	41.000	3.000	2.000
 


0	0	0	0

0	1	88.843	2
1	0.00	0.00	8.07	39.02	39.84	0	
2	8.07	39.02	18.00	87.00	49.00	0	

0	2	364.067	6
1	0.00	0.00	9.04	11.58	14.69	0	
2	9.04	11.58	31.04	39.77	35.76	1	3	
3	31.04	39.77	33.98	43.53	4.78	2	1	3	
4	33.98	43.53	66.99	85.83	53.65	1	1	
5	66.99	85.83	200.62	257.04	217.20	0	
6	200.62	257.04	224.00	287.00	38.00	1	2	

0	3	45.122	2
1	0.00	0.00	9.87	2.24	10.12	0	
2	9.87	2.24	44.00	10.00	35.00	1	3	

0	4	235.091	4
1	0.00	0.00	9.54	3.85	10.29	0	
2	9.54	3.85	73.07	29.50	68.50	1	3	
3	73.07	29.50	213.36	86.13	151.30	0	
4	213.36	86.13	218.00	88.00	5.00	1	4	

0	5	250.056	5
1	0.00	0.00	5.13	39.72	40.05	0	
2	5.13	39.72	17.55	136.00	97.07	1	1	
3	17.55	136.00	22.66	175.62	39.95	0	
4	22.66	175.62	30.34	235.11	59.98	1	9	
5	30.34	235.11	32.00	248.00	13.00	2	5	9	

0	6	270.542	4
1	0.00	0.00	10.08	1.39	10.17	0	
2	10.08	1.39	78.99	10.91	69.57	1	3	
3	78.99	10.91	252.15	34.81	174.80	0	
4	252.15	34.81	268.00	37.00	16.00	1	6	

0	7	281.780	4
1	0.00	0.00	18.25	38.00	42.16	0	
2	18.25	38.00	56.40	117.43	88.12	1	1	
3	56.40	117.43	118.54	246.79	143.50	0	
4	118.54	246.79	122.00	254.00	8.00	1	7	

0	8	346.970	7
1	0.00	0.00	9.00	10.01	13.46	0	
2	9.00	10.01	38.01	42.27	43.39	1	3	
3	38.01	42.27	40.29	44.80	3.40	2	1	3	
4	40.29	44.80	64.59	71.83	36.35	1	1	
5	64.59	71.83	223.91	249.00	238.26	0	
6	223.91	249.00	224.64	249.82	1.10	1	2	
7	224.64	249.82	232.00	258.00	11.00	2	2	8	

0	9	214.767	4
1	0.00	0.00	8.35	38.96	39.84	0	
2	8.35	38.96	28.88	134.78	97.99	1	1	
3	28.88	134.78	36.41	169.91	35.93	0	
4	36.41	169.91	45.00	210.00	41.00	1	9	

1	0	88.843	2
1	18.00	87.00	8.07	39.02	49.00	0	
2	8.07	39.02	0.00	0.00	39.84	0	

1	1	0	0

1	2	287.117	3
1	18.00	87.00	53.16	121.13	49.00	1	1	
2	53.16	121.13	196.74	260.53	200.12	0	
3	196.74	260.53	224.00	287.00	38.00	1	2	

1	3	81.271	3
1	18.00	87.00	32.80	43.16	46.27	1	1	
2	32.80	43.16	33.68	40.58	2.73	2	1	3	
3	33.68	40.58	44.00	10.00	32.27	1	3	

1	4	200.002	3
1	18.00	87.00	67.00	87.25	49.00	1	1	
2	67.00	87.25	213.00	87.97	146.00	0	
3	213.00	87.97	218.00	88.00	5.00	1	4	

1	5	161.608	4
1	18.00	87.00	22.24	135.82	49.00	0	
2	22.24	135.82	25.56	173.90	38.23	0	
3	25.56	173.90	30.87	235.05	61.38	0	
4	30.87	235.05	32.00	248.00	13.00	2	5	9	

1	6	254.951	3
1	18.00	87.00	66.05	77.39	49.00	1	1	
2	66.05	77.39	252.31	40.14	189.95	0	
3	252.31	40.14	268.00	37.00	16.00	1	6	

1	7	196.736	3
1	18.00	87.00	43.90	128.59	49.00	1	1	
2	43.90	128.59	117.77	247.21	139.74	0	
3	117.77	247.21	122.00	254.00	8.00	1	7	

1	8	273.929	4
1	18.00	87.00	56.28	117.59	49.00	1	1	
2	56.28	117.59	220.90	249.13	210.72	0	
3	220.90	249.13	223.41	251.13	3.21	1	2	
4	223.41	251.13	232.00	258.00	11.00	2	2	8	

1	9	125.929	3
1	18.00	87.00	28.51	134.86	49.00	0	
2	28.51	134.86	36.21	169.95	35.93	0	
3	36.21	169.95	45.00	210.00	41.00	1	9	

2	0	364.067	6
1	224.00	287.00	200.62	257.04	38.00	1	2	
2	200.62	257.04	66.99	85.83	217.20	0	
3	66.99	85.83	33.98	43.53	53.65	1	1	
4	33.98	43.53	31.04	39.77	4.78	2	1	3	
5	31.04	39.77	9.04	11.58	35.76	1	3	
6	9.04	11.58	0.00	0.00	14.69	0	

2	1	287.117	3
1	224.00	287.00	196.74	260.53	38.00	1	2	
2	196.74	260.53	53.16	121.13	200.12	0	
3	53.16	121.13	18.00	87.00	49.00	1	1	

2	2	0	0

2	3	330.347	3
1	224.00	287.00	203.29	255.14	38.00	1	2	
2	203.29	255.14	63.07	39.35	257.35	0	
3	63.07	39.35	44.00	10.00	35.00	1	3	

2	4	199.090	5
1	224.00	287.00	223.33	264.77	22.24	1	2	
2	223.33	264.77	222.94	251.76	13.01	1	2	
3	222.94	251.76	222.85	249.02	2.75	1	2	
4	222.85	249.02	218.15	93.00	156.09	0	
5	218.15	93.00	218.00	88.00	5.00	1	4	

2	5	195.921	4
1	224.00	287.00	186.76	279.44	38.00	1	2	
2	186.76	279.44	46.61	250.97	143.01	0	
3	46.61	250.97	44.74	250.59	1.91	1	9	
4	44.74	250.59	32.00	248.00	13.00	2	5	9	

2	6	253.842	5
1	224.00	287.00	227.35	267.97	19.32	1	2	
2	227.35	267.97	230.59	249.57	18.68	1	8	
3	230.59	249.57	231.03	247.04	2.57	1	8	
4	231.03	247.04	265.23	52.76	197.27	0	
5	265.23	52.76	268.00	37.00	16.00	1	6	

2	7	107.205	3
1	224.00	287.00	187.85	275.30	38.00	1	2	
2	187.85	275.30	129.61	256.46	61.21	0	
3	129.61	256.46	122.00	254.00	8.00	1	7	

2	8	30.083	2
1	224.00	287.00	229.07	268.60	19.08	1	2	
2	229.07	268.60	232.00	258.00	11.00	2	2	8	

2	9	194.859	3
1	224.00	287.00	189.09	271.98	38.00	1	2	
2	189.09	271.98	82.66	226.20	115.86	0	
3	82.66	226.20	45.00	210.00	41.00	1	9	

3	0	45.122	2
1	44.00	10.00	9.87	2.24	35.00	1	3	
2	9.87	2.24	0.00	0.00	10.12	0	

3	1	81.271	3
1	44.00	10.00	33.68	40.58	32.27	1	3	
2	33.68	40.58	32.80	43.16	2.73	2	1	3	
3	32.80	43.16	18.00	87.00	46.27	1	1	

3	2	330.347	3
1	44.00	10.00	63.07	39.35	35.00	1	3	
2	63.07	39.35	203.29	255.14	257.35	0	
3	203.29	255.14	224.00	287.00	38.00	1	2	

3	3	0	0

3	4	190.683	3
1	44.00	10.00	75.94	24.32	35.00	1	3	
2	75.94	24.32	213.44	85.95	150.68	0	
3	213.44	85.95	218.00	88.00	5.00	1	4	

3	5	238.302	6
1	44.00	10.00	42.26	44.43	34.47	1	3	
2	42.26	44.43	42.24	44.96	0.53	0	
3	42.24	44.96	37.86	131.79	86.95	1	1	
4	37.86	131.79	35.93	170.02	38.27	0	
5	35.93	170.02	32.65	235.02	65.08	1	9	
6	32.65	235.02	32.00	248.00	13.00	2	5	9	

3	6	225.621	3
1	44.00	10.00	78.75	14.19	35.00	1	3	
2	78.75	14.19	252.12	35.09	174.62	0	
3	252.12	35.09	268.00	37.00	16.00	1	6	

3	7	256.164	5
1	44.00	10.00	54.66	43.34	35.00	1	3	
2	54.66	43.34	61.26	63.98	21.67	0	
3	61.26	63.98	66.59	80.66	17.51	1	1	
4	66.59	80.66	119.56	246.38	173.98	0	
5	119.56	246.38	122.00	254.00	8.00	1	7	

3	8	311.204	4
1	44.00	10.00	65.14	37.89	35.00	1	3	
2	65.14	37.89	225.19	249.02	264.93	0	
3	225.19	249.02	225.35	249.23	0.27	1	2	
4	225.35	249.23	232.00	258.00	11.00	2	2	8	

3	9	200.002	5
1	44.00	10.00	44.17	45.00	35.00	0	
2	44.17	45.00	44.18	45.58	0.58	0	
3	44.18	45.58	44.59	128.16	82.58	0	
4	44.59	128.16	44.80	169.00	40.84	0	
5	44.80	169.00	45.00	210.00	41.00	0	

4	0	235.091	4
1	218.00	88.00	213.36	86.13	5.00	1	4	
2	213.36	86.13	73.07	29.50	151.30	0	
3	73.07	29.50	9.54	3.85	68.50	1	3	
4	9.54	3.85	0.00	0.00	10.29	0	

4	1	200.002	3
1	218.00	88.00	213.00	87.97	5.00	1	4	
2	213.00	87.97	67.00	87.25	146.00	0	
3	67.00	87.25	18.00	87.00	49.00	1	1	

4	2	199.090	5
1	218.00	88.00	218.15	93.00	5.00	1	4	
2	218.15	93.00	222.85	249.02	156.09	0	
3	222.85	249.02	222.94	251.76	2.75	1	2	
4	222.94	251.76	223.33	264.77	13.01	1	2	
5	223.33	264.77	224.00	287.00	22.24	1	2	

4	3	190.683	3
1	218.00	88.00	213.44	85.95	5.00	1	4	
2	213.44	85.95	75.94	24.32	150.68	0	
3	75.94	24.32	44.00	10.00	35.00	1	3	

4	4	0	0

4	5	245.349	4
1	218.00	88.00	214.21	91.26	5.00	1	4	
2	214.21	91.26	85.25	202.19	170.11	0	
3	85.25	202.19	41.86	239.52	57.24	1	9	
4	41.86	239.52	32.00	248.00	13.00	2	5	9	

4	6	71.421	3
1	218.00	88.00	221.50	84.43	5.00	1	4	
2	221.50	84.43	256.80	48.43	50.42	0	
3	256.80	48.43	268.00	37.00	16.00	1	6	

4	7	191.760	3
1	218.00	88.00	215.50	92.33	5.00	1	4	
2	215.50	92.33	126.00	247.07	178.76	0	
3	126.00	247.07	122.00	254.00	8.00	1	7	

4	8	170.575	4
1	218.00	88.00	218.41	92.98	5.00	1	4	
2	218.41	92.98	231.10	247.04	154.58	0	
3	231.10	247.04	231.32	249.71	2.68	1	8	
4	231.32	249.71	232.00	258.00	8.32	2	2	8	

4	9	211.691	3
1	218.00	88.00	213.91	90.88	5.00	1	4	
2	213.91	90.88	78.51	186.37	165.69	0	
3	78.51	186.37	45.00	210.00	41.00	1	9	

5	0	250.056	5
1	32.00	248.00	30.34	235.11	13.00	2	5	9	
2	30.34	235.11	22.66	175.62	59.98	1	9	
3	22.66	175.62	17.55	136.00	39.95	0	
4	17.55	136.00	5.13	39.72	97.07	1	1	
5	5.13	39.72	0.00	0.00	40.05	0	

5	1	161.608	4
1	32.00	248.00	30.87	235.05	13.00	2	5	9	
2	30.87	235.05	25.56	173.90	61.38	0	
3	25.56	173.90	22.24	135.82	38.23	0	
4	22.24	135.82	18.00	87.00	49.00	0	

5	2	195.921	4
1	32.00	248.00	44.74	250.59	13.00	2	5	9	
2	44.74	250.59	46.61	250.97	1.91	1	9	
3	46.61	250.97	186.76	279.44	143.01	0	
4	186.76	279.44	224.00	287.00	38.00	1	2	

5	3	238.302	6
1	32.00	248.00	32.65	235.02	13.00	2	5	9	
2	32.65	235.02	35.93	170.02	65.08	1	9	
3	35.93	170.02	37.86	131.79	38.27	0	
4	37.86	131.79	42.24	44.96	86.95	1	1	
5	42.24	44.96	42.26	44.43	0.53	0	
6	42.26	44.43	44.00	10.00	34.47	1	3	

5	4	245.349	4
1	32.00	248.00	41.86	239.52	13.00	2	5	9	
2	41.86	239.52	85.25	202.19	57.24	1	9	
3	85.25	202.19	214.21	91.26	170.11	0	
4	214.21	91.26	218.00	88.00	5.00	1	4	

5	5	0	0

5	6	316.571	6
1	32.00	248.00	41.69	239.34	13.00	2	5	9	
2	41.69	239.34	84.93	200.68	58.00	1	9	
3	84.93	200.68	213.59	85.65	172.59	0	
4	213.59	85.65	216.16	83.35	3.44	1	4	
5	216.16	83.35	256.07	47.66	53.54	0	
6	256.07	47.66	268.00	37.00	16.00	1	6	

5	7	90.200	4
1	32.00	248.00	44.97	248.86	13.00	2	5	9	
2	44.97	248.86	55.70	249.58	10.75	1	9	
3	55.70	249.58	114.02	253.47	58.45	0	
4	114.02	253.47	122.00	254.00	8.00	1	7	

5	8	200.250	7
1	32.00	248.00	44.98	248.65	13.00	2	5	9	
2	44.98	248.65	56.87	249.24	11.90	1	9	
3	56.87	249.24	114.23	252.11	57.43	0	
4	114.23	252.11	129.92	252.90	15.72	1	7	
5	129.92	252.90	201.38	256.47	71.54	0	
6	201.38	256.47	221.01	257.45	19.66	1	2	
7	221.01	257.45	232.00	258.00	11.00	2	2	8	

5	9	40.162	2
1	32.00	248.00	36.21	235.70	13.00	2	5	9	
2	36.21	235.70	45.00	210.00	27.16	1	9	

6	0	270.542	4
1	268.00	37.00	252.15	34.81	16.00	1	6	
2	252.15	34.81	78.99	10.91	174.80	0	
3	78.99	10.91	10.08	1.39	69.57	1	3	
4	10.08	1.39	0.00	0.00	10.17	0	

6	1	254.951	3
1	268.00	37.00	252.31	40.14	16.00	1	6	
2	252.31	40.14	66.05	77.39	189.95	0	
3	66.05	77.39	18.00	87.00	49.00	1	1	

6	2	253.842	5
1	268.00	37.00	265.23	52.76	16.00	1	6	
2	265.23	52.76	231.03	247.04	197.27	0	
3	231.03	247.04	230.59	249.57	2.57	1	8	
4	230.59	249.57	227.35	267.97	18.68	1	8	
5	227.35	267.97	224.00	287.00	19.32	1	2	

6	3	225.621	3
1	268.00	37.00	252.12	35.09	16.00	1	6	
2	252.12	35.09	78.75	14.19	174.62	0	
3	78.75	14.19	44.00	10.00	35.00	1	3	

6	4	71.421	3
1	268.00	37.00	256.80	48.43	16.00	1	6	
2	256.80	48.43	221.50	84.43	50.42	0	
3	221.50	84.43	218.00	88.00	5.00	1	4	

6	5	316.571	6
1	268.00	37.00	256.07	47.66	16.00	1	6	
2	256.07	47.66	216.16	83.35	53.54	0	
3	216.16	83.35	213.59	85.65	3.44	1	4	
4	213.59	85.65	84.93	200.68	172.59	0	
5	84.93	200.68	41.69	239.34	58.00	1	9	
6	41.69	239.34	32.00	248.00	13.00	2	5	9	

6	6	0	0

6	7	261.543	3
1	268.00	37.00	259.07	50.27	16.00	1	6	
2	259.07	50.27	126.47	247.36	237.54	0	
3	126.47	247.36	122.00	254.00	8.00	1	7	

6	8	223.913	4
1	268.00	37.00	265.43	52.79	16.00	1	6	
2	265.43	52.79	233.77	247.14	196.91	0	
3	233.77	247.14	233.28	250.15	3.05	1	8	
4	233.28	250.15	232.00	258.00	7.95	2	2	8	

6	9	282.237	3
1	268.00	37.00	255.36	46.81	16.00	1	6	
2	255.36	46.81	77.39	184.87	225.24	0	
3	77.39	184.87	45.00	210.00	41.00	1	9	

7	0	281.780	4
1	122.00	254.00	118.54	246.79	8.00	1	7	
2	118.54	246.79	56.40	117.43	143.50	0	
3	56.40	117.43	18.25	38.00	88.12	1	1	
4	18.25	38.00	0.00	0.00	42.16	0	

7	1	196.736	3
1	122.00	254.00	117.77	247.21	8.00	1	7	
2	117.77	247.21	43.90	128.59	139.74	0	
3	43.90	128.59	18.00	87.00	49.00	1	1	

7	2	107.205	3
1	122.00	254.00	129.61	256.46	8.00	1	7	
2	129.61	256.46	187.85	275.30	61.21	0	
3	187.85	275.30	224.00	287.00	38.00	1	2	

7	3	256.164	5
1	122.00	254.00	119.56	246.38	8.00	1	7	
2	119.56	246.38	66.59	80.66	173.98	0	
3	66.59	80.66	61.26	63.98	17.51	1	1	
4	61.26	63.98	54.66	43.34	21.67	0	
5	54.66	43.34	44.00	10.00	35.00	1	3	

7	4	191.760	3
1	122.00	254.00	126.00	247.07	8.00	1	7	
2	126.00	247.07	215.50	92.33	178.76	0	
3	215.50	92.33	218.00	88.00	5.00	1	4	

7	5	90.200	4
1	122.00	254.00	114.02	253.47	8.00	1	7	
2	114.02	253.47	55.70	249.58	58.45	0	
3	55.70	249.58	44.97	248.86	10.75	1	9	
4	44.97	248.86	32.00	248.00	13.00	2	5	9	

7	6	261.543	3
1	122.00	254.00	126.47	247.36	8.00	1	7	
2	126.47	247.36	259.07	50.27	237.54	0	
3	259.07	50.27	268.00	37.00	16.00	1	6	

7	7	0	0

7	8	110.073	4
1	122.00	254.00	129.99	254.29	8.00	1	7	
2	129.99	254.29	200.85	256.87	70.90	0	
3	200.85	256.87	221.01	257.60	20.17	1	2	
4	221.01	257.60	232.00	258.00	11.00	2	2	8	

7	9	88.685	3
1	122.00	254.00	115.05	250.03	8.00	1	7	
2	115.05	250.03	80.60	230.34	39.68	0	
3	80.60	230.34	45.00	210.00	41.00	1	9	

8	0	346.970	7
1	232.00	258.00	224.64	249.82	11.00	2	2	8	
2	224.64	249.82	223.91	249.00	1.10	1	2	
3	223.91	249.00	64.59	71.83	238.26	0	
4	64.59	71.83	40.29	44.80	36.35	1	1	
5	40.29	44.80	38.01	42.27	3.40	2	1	3	
6	38.01	42.27	9.00	10.01	43.39	1	3	
7	9.00	10.01	0.00	0.00	13.46	0	

8	1	273.929	4
1	232.00	258.00	223.41	251.13	11.00	2	2	8	
2	223.41	251.13	220.90	249.13	3.21	1	2	
3	220.90	249.13	56.28	117.59	210.72	0	
4	56.28	117.59	18.00	87.00	49.00	1	1	

8	2	30.083	2
1	232.00	258.00	229.07	268.60	11.00	2	2	8	
2	229.07	268.60	224.00	287.00	19.08	1	2	

8	3	311.204	4
1	232.00	258.00	225.35	249.23	11.00	2	2	8	
2	225.35	249.23	225.19	249.02	0.27	1	2	
3	225.19	249.02	65.14	37.89	264.93	0	
4	65.14	37.89	44.00	10.00	35.00	1	3	

8	4	170.575	4
1	232.00	258.00	231.32	249.71	8.32	2	2	8	
2	231.32	249.71	231.10	247.04	2.68	1	8	
3	231.10	247.04	218.41	92.98	154.58	0	
4	218.41	92.98	218.00	88.00	5.00	1	4	

8	5	200.250	7
1	232.00	258.00	221.01	257.45	11.00	2	2	8	
2	221.01	257.45	201.38	256.47	19.66	1	2	
3	201.38	256.47	129.92	252.90	71.54	0	
4	129.92	252.90	114.23	252.11	15.72	1	7	
5	114.23	252.11	56.87	249.24	57.43	0	
6	56.87	249.24	44.98	248.65	11.90	1	9	
7	44.98	248.65	32.00	248.00	13.00	2	5	9	

8	6	223.913	4
1	232.00	258.00	233.28	250.15	7.95	2	2	8	
2	233.28	250.15	233.77	247.14	3.05	1	8	
3	233.77	247.14	265.43	52.79	196.91	0	
4	265.43	52.79	268.00	37.00	16.00	1	6	

8	7	110.073	4
1	232.00	258.00	221.01	257.60	11.00	2	2	8	
2	221.01	257.60	200.85	256.87	20.17	1	2	
3	200.85	256.87	129.99	254.29	70.90	0	
4	129.99	254.29	122.00	254.00	8.00	1	7	

8	8	0	0

8	9	193.062	4
1	232.00	258.00	221.35	255.27	11.00	2	2	8	
2	221.35	255.27	208.98	252.09	12.76	1	2	
3	208.98	252.09	84.71	220.19	128.30	0	
4	84.71	220.19	45.00	210.00	41.00	1	9	

9	0	214.767	4
1	45.00	210.00	36.41	169.91	41.00	1	9	
2	36.41	169.91	28.88	134.78	35.93	0	
3	28.88	134.78	8.35	38.96	97.99	1	1	
4	8.35	38.96	0.00	0.00	39.84	0	

9	1	125.929	3
1	45.00	210.00	36.21	169.95	41.00	1	9	
2	36.21	169.95	28.51	134.86	35.93	0	
3	28.51	134.86	18.00	87.00	49.00	0	

9	2	194.859	3
1	45.00	210.00	82.66	226.20	41.00	1	9	
2	82.66	226.20	189.09	271.98	115.86	0	
3	189.09	271.98	224.00	287.00	38.00	1	2	

9	3	200.002	5
1	45.00	210.00	44.80	169.00	41.00	0	
2	44.80	169.00	44.59	128.16	40.84	0	
3	44.59	128.16	44.18	45.58	82.58	0	
4	44.18	45.58	44.17	45.00	0.58	0	
5	44.17	45.00	44.00	10.00	35.00	0	

9	4	211.691	3
1	45.00	210.00	78.51	186.37	41.00	1	9	
2	78.51	186.37	213.91	90.88	165.69	0	
3	213.91	90.88	218.00	88.00	5.00	1	4	

9	5	40.162	2
1	45.00	210.00	36.21	235.70	27.16	1	9	
2	36.21	235.70	32.00	248.00	13.00	2	5	9	

9	6	282.237	3
1	45.00	210.00	77.39	184.87	41.00	1	9	
2	77.39	184.87	255.36	46.81	225.24	0	
3	255.36	46.81	268.00	37.00	16.00	1	6	

9	7	88.685	3
1	45.00	210.00	80.60	230.34	41.00	1	9	
2	80.60	230.34	115.05	250.03	39.68	0	
3	115.05	250.03	122.00	254.00	8.00	1	7	

9	8	193.062	4
1	45.00	210.00	84.71	220.19	41.00	1	9	
2	84.71	220.19	208.98	252.09	128.30	0	
3	208.98	252.09	221.35	255.27	12.76	1	2	
4	221.35	255.27	232.00	258.00	11.00	2	2	8	

9	9	0	0
