10	141	2	0.001	60.0
0.000	0.000	0.000	9.000	0.000
149.000	151.000	41.000	4.000	12.000
146.000	2.000	48.000	3.000	19.000
154.000	195.000	23.000	1.000	17.000
119.000	80.000	38.000	8.000	12.000
91.000	196.000	4.000	5.000	2.000
277.000	188.000	15.000	1.000	2.000
51.000	252.000	3.000	3.000	9.000
90.000	130.000	31.000	3.000	13.000
281.000	270.000	14.000	1.000	9.000
 


0	0	0	0

0	1	212.137	6
1	0.00	0.00	81.06	82.15	115.41	0	
2	81.06	82.15	99.01	100.34	25.55	1	4	
3	99.01	100.34	116.35	117.91	24.68	2	4	8	
4	116.35	117.91	119.78	121.39	4.89	1	8	
5	119.78	121.39	120.20	121.82	0.60	0	
6	120.20	121.82	149.00	151.00	41.00	1	1	

0	2	146.014	2
1	0.00	0.00	98.00	1.34	98.01	0	
2	98.00	1.34	146.00	2.00	48.00	1	2	

0	3	248.477	6
1	0.00	0.00	79.60	100.80	128.44	0	
2	79.60	100.80	109.79	139.02	48.71	1	8	
3	109.79	139.02	116.00	146.88	10.02	2	1	8	
4	116.00	146.88	139.75	176.95	38.31	1	1	
5	139.75	176.95	151.57	191.92	19.07	2	1	3	
6	151.57	191.92	154.00	195.00	3.93	1	3	

0	4	143.391	2
1	0.00	0.00	87.46	58.80	105.39	0	
2	87.46	58.80	119.00	80.00	38.00	1	4	

0	5	216.095	4
1	0.00	0.00	59.12	127.33	140.38	0	
2	59.12	127.33	72.11	155.32	30.86	1	8	
3	72.11	155.32	89.32	192.37	40.85	0	
4	89.32	192.37	91.00	196.00	4.00	1	5	

0	6	334.773	4
1	0.00	0.00	87.21	59.19	105.39	0	
2	87.21	59.19	150.08	101.86	75.99	1	4	
3	150.08	101.86	264.59	179.58	138.39	0	
4	264.59	179.58	277.00	188.00	15.00	1	6	

0	7	257.109	2
1	0.00	0.00	50.40	249.06	254.11	0	
2	50.40	249.06	51.00	252.00	3.00	1	7	

0	8	158.114	2
1	0.00	0.00	72.35	104.51	127.11	0	
2	72.35	104.51	90.00	130.00	31.00	1	8	

0	9	389.693	6
1	0.00	0.00	81.06	77.89	112.41	0	
2	81.06	77.89	122.63	117.83	57.65	1	4	
3	122.63	117.83	123.63	118.79	1.39	0	
4	123.63	118.79	182.20	175.06	81.22	1	1	
5	182.20	175.06	270.90	260.30	123.02	0	
6	270.90	260.30	281.00	270.00	14.00	1	9	

1	0	212.137	6
1	149.00	151.00	120.20	121.82	41.00	1	1	
2	120.20	121.82	119.78	121.39	0.60	0	
3	119.78	121.39	116.35	117.91	4.89	1	8	
4	116.35	117.91	99.01	100.34	24.68	2	4	8	
5	99.01	100.34	81.06	82.15	25.55	1	4	
6	81.06	82.15	0.00	0.00	115.41	0	

1	1	0	0

1	2	149.030	5
1	149.00	151.00	148.17	110.01	41.00	1	1	
2	148.17	110.01	148.06	104.48	5.53	0	
3	148.06	104.48	147.05	54.37	50.12	0	
4	147.05	54.37	146.97	49.99	4.38	0	
5	146.97	49.99	146.00	2.00	48.00	1	2	

1	3	44.283	3
1	149.00	151.00	151.40	172.15	21.28	1	1	
2	151.40	172.15	153.63	191.74	19.72	2	1	3	
3	153.63	191.74	154.00	195.00	3.28	1	3	

1	4	77.078	3
1	149.00	151.00	133.79	115.00	39.08	1	1	
2	133.79	115.00	133.04	113.23	1.92	2	1	4	
3	133.04	113.23	119.00	80.00	36.08	1	4	

1	5	73.410	3
1	149.00	151.00	116.61	176.13	41.00	1	1	
2	116.61	176.13	94.16	193.55	28.41	0	
3	94.16	193.55	91.00	196.00	4.00	1	5	

1	6	133.240	3
1	149.00	151.00	188.39	162.39	41.00	1	1	
2	188.39	162.39	262.59	183.83	77.24	0	
3	262.59	183.83	277.00	188.00	15.00	1	6	

1	7	140.730	3
1	149.00	151.00	120.45	180.43	41.00	1	1	
2	120.45	180.43	53.09	249.85	96.73	0	
3	53.09	249.85	51.00	252.00	3.00	1	7	

1	8	62.626	3
1	149.00	151.00	119.21	140.40	31.63	1	1	
2	119.21	140.40	110.37	137.25	9.37	2	1	8	
3	110.37	137.25	90.00	130.00	21.63	1	8	

1	9	177.722	3
1	149.00	151.00	179.45	178.45	41.00	1	1	
2	179.45	178.45	270.60	260.63	122.72	0	
3	270.60	260.63	281.00	270.00	14.00	1	9	

2	0	146.014	2
1	146.00	2.00	98.00	1.34	48.00	1	2	
2	98.00	1.34	0.00	0.00	98.01	0	

2	1	149.030	5
1	146.00	2.00	146.97	49.99	48.00	1	2	
2	146.97	49.99	147.05	54.37	4.38	0	
3	147.05	54.37	148.06	104.48	50.12	0	
4	148.06	104.48	148.17	110.01	5.53	0	
5	148.17	110.01	149.00	151.00	41.00	1	1	

2	2	0	0

2	3	193.166	7
1	146.00	2.00	147.99	49.96	48.00	1	2	
2	147.99	49.96	148.23	55.71	5.76	0	
3	148.23	55.71	150.14	101.78	46.11	1	4	
4	150.14	101.78	150.48	110.03	8.25	0	
5	150.48	110.03	153.05	172.02	62.05	1	1	
6	153.05	172.02	153.86	191.71	19.71	2	1	3	
7	153.86	191.71	154.00	195.00	3.29	1	3	

2	4	82.541	3
1	146.00	2.00	131.43	44.09	44.54	1	2	
2	131.43	44.09	130.30	47.36	3.46	2	2	4	
3	130.30	47.36	119.00	80.00	34.54	1	4	

2	5	201.646	7
1	146.00	2.00	133.81	45.00	44.70	1	2	
2	133.81	45.00	132.91	48.18	3.30	2	2	4	
3	132.91	48.18	114.93	111.58	65.90	1	4	
4	114.93	111.58	113.24	117.56	6.22	2	4	8	
5	113.24	117.56	101.56	158.77	42.83	1	8	
6	101.56	158.77	92.09	192.15	34.70	0	
7	92.09	192.15	91.00	196.00	4.00	1	5	

2	6	227.502	3
1	146.00	2.00	173.64	41.24	48.00	1	2	
2	173.64	41.24	268.36	175.74	164.50	0	
3	268.36	175.74	277.00	188.00	15.00	1	6	

2	7	267.442	7
1	146.00	2.00	130.16	43.68	44.58	1	2	
2	130.16	43.68	128.95	46.87	3.42	2	2	4	
3	128.95	46.87	107.17	104.19	61.32	1	4	
4	107.17	104.19	103.22	114.57	11.11	2	4	8	
5	103.22	114.57	85.69	160.70	49.35	1	8	
6	85.69	160.70	52.07	249.20	94.67	0	
7	52.07	249.20	51.00	252.00	3.00	1	7	

2	8	139.714	5
1	146.00	2.00	128.02	43.09	44.85	1	2	
2	128.02	43.09	126.76	45.98	3.15	2	2	4	
3	126.76	45.98	102.43	101.60	60.71	1	4	
4	102.43	101.60	98.02	111.68	11.00	2	4	8	
5	98.02	111.68	90.00	130.00	20.00	1	8	

2	9	300.082	3
1	146.00	2.00	167.59	44.87	48.00	1	2	
2	167.59	44.87	274.70	257.50	238.08	0	
3	274.70	257.50	281.00	270.00	14.00	1	9	

3	0	248.477	6
1	154.00	195.00	151.57	191.92	3.93	1	3	
2	151.57	191.92	139.75	176.95	19.07	2	1	3	
3	139.75	176.95	116.00	146.88	38.31	1	1	
4	116.00	146.88	109.79	139.02	10.02	2	1	8	
5	109.79	139.02	79.60	100.80	48.71	1	8	
6	79.60	100.80	0.00	0.00	128.44	0	

3	1	44.283	3
1	154.00	195.00	153.63	191.74	3.28	1	3	
2	153.63	191.74	151.40	172.15	19.72	2	1	3	
3	151.40	172.15	149.00	151.00	21.28	1	1	

3	2	193.166	7
1	154.00	195.00	153.86	191.71	3.29	1	3	
2	153.86	191.71	153.05	172.02	19.71	2	1	3	
3	153.05	172.02	150.48	110.03	62.05	1	1	
4	150.48	110.03	150.14	101.78	8.25	0	
5	150.14	101.78	148.23	55.71	46.11	1	4	
6	148.23	55.71	147.99	49.96	5.76	0	
7	147.99	49.96	146.00	2.00	48.00	1	2	

3	3	0	0

3	4	120.208	5
1	154.00	195.00	153.03	191.80	3.34	1	3	
2	153.03	191.80	147.30	173.00	19.66	2	1	3	
3	147.30	173.00	130.06	116.35	59.21	1	1	
4	130.06	116.35	129.61	114.87	1.55	2	1	4	
5	129.61	114.87	119.00	80.00	36.45	1	4	

3	5	63.008	3
1	154.00	195.00	131.00	195.37	23.00	1	3	
2	131.00	195.37	95.00	195.94	36.01	0	
3	95.00	195.94	91.00	196.00	4.00	1	5	

3	6	123.199	3
1	154.00	195.00	176.96	193.69	23.00	1	3	
2	176.96	193.69	262.02	188.85	85.20	0	
3	262.02	188.85	277.00	188.00	15.00	1	6	

3	7	117.720	3
1	154.00	195.00	133.88	206.14	23.00	1	3	
2	133.88	206.14	53.62	250.55	91.72	0	
3	53.62	250.55	51.00	252.00	3.00	1	7	

3	8	91.220	5
1	154.00	195.00	151.00	191.95	4.28	1	3	
2	151.00	191.95	137.86	178.61	18.72	2	1	3	
3	137.86	178.61	111.75	152.09	37.22	1	1	
4	111.75	152.09	108.08	148.37	5.22	2	1	8	
5	108.08	148.37	90.00	130.00	25.78	1	8	

3	9	147.492	3
1	154.00	195.00	173.80	206.70	23.00	1	3	
2	173.80	206.70	268.95	262.88	110.49	0	
3	268.95	262.88	281.00	270.00	14.00	1	9	

4	0	143.391	2
1	119.00	80.00	87.46	58.80	38.00	1	4	
2	87.46	58.80	0.00	0.00	105.39	0	

4	1	77.078	3
1	119.00	80.00	133.04	113.23	36.08	1	4	
2	133.04	113.23	133.79	115.00	1.92	2	1	4	
3	133.79	115.00	149.00	151.00	39.08	1	1	

4	2	82.541	3
1	119.00	80.00	130.30	47.36	34.54	1	4	
2	130.30	47.36	131.43	44.09	3.46	2	2	4	
3	131.43	44.09	146.00	2.00	44.54	1	2	

4	3	120.208	5
1	119.00	80.00	129.61	114.87	36.45	1	4	
2	129.61	114.87	130.06	116.35	1.55	2	1	4	
3	130.06	116.35	147.30	173.00	59.21	1	1	
4	147.30	173.00	153.03	191.80	19.66	2	1	3	
5	153.03	191.80	154.00	195.00	3.34	1	3	

4	4	0	0

4	5	119.331	5
1	119.00	80.00	112.16	108.33	29.14	1	4	
2	112.16	108.33	110.08	116.94	8.86	2	4	8	
3	110.08	116.94	99.83	159.40	43.68	1	8	
4	99.83	159.40	91.94	192.11	33.65	0	
5	91.94	192.11	91.00	196.00	4.00	1	5	

4	6	191.384	3
1	119.00	80.00	150.37	101.44	38.00	1	4	
2	150.37	101.44	264.62	179.54	138.38	0	
3	264.62	179.54	277.00	188.00	15.00	1	6	

4	7	184.954	5
1	119.00	80.00	108.94	105.46	27.37	1	4	
2	108.94	105.46	105.03	115.34	10.63	2	4	8	
3	105.03	115.34	87.03	160.86	48.95	1	8	
4	87.03	160.86	52.10	249.21	95.01	0	
5	52.10	249.21	51.00	252.00	3.00	1	7	

4	8	57.801	3
1	119.00	80.00	105.55	103.18	26.80	1	4	
2	105.55	103.18	99.93	112.87	11.20	2	4	8	
3	99.93	112.87	90.00	130.00	19.80	1	8	

4	9	249.688	5
1	119.00	80.00	143.65	108.92	38.00	1	4	
2	143.65	108.92	144.77	110.22	1.71	0	
3	144.77	110.22	188.60	161.63	67.56	1	1	
4	188.60	161.63	271.92	259.35	128.42	0	
5	271.92	259.35	281.00	270.00	14.00	1	9	

5	0	216.095	4
1	91.00	196.00	89.32	192.37	4.00	1	5	
2	89.32	192.37	72.11	155.32	40.85	0	
3	72.11	155.32	59.12	127.33	30.86	1	8	
4	59.12	127.33	0.00	0.00	140.38	0	

5	1	73.410	3
1	91.00	196.00	94.16	193.55	4.00	1	5	
2	94.16	193.55	116.61	176.13	28.41	0	
3	116.61	176.13	149.00	151.00	41.00	1	1	

5	2	201.646	7
1	91.00	196.00	92.09	192.15	4.00	1	5	
2	92.09	192.15	101.56	158.77	34.70	0	
3	101.56	158.77	113.24	117.56	42.83	1	8	
4	113.24	117.56	114.93	111.58	6.22	2	4	8	
5	114.93	111.58	132.91	48.18	65.90	1	4	
6	132.91	48.18	133.81	45.00	3.30	2	2	4	
7	133.81	45.00	146.00	2.00	44.70	1	2	

5	3	63.008	3
1	91.00	196.00	95.00	195.94	4.00	1	5	
2	95.00	195.94	131.00	195.37	36.01	0	
3	131.00	195.37	154.00	195.00	23.00	1	3	

5	4	119.331	5
1	91.00	196.00	91.94	192.11	4.00	1	5	
2	91.94	192.11	99.83	159.40	33.65	0	
3	99.83	159.40	110.08	116.94	43.68	1	8	
4	110.08	116.94	112.16	108.33	8.86	2	4	8	
5	112.16	108.33	119.00	80.00	29.14	1	4	

5	5	0	0

5	6	186.172	5
1	91.00	196.00	95.00	195.83	4.00	1	5	
2	95.00	195.83	131.01	194.28	36.05	0	
3	131.01	194.28	176.84	192.31	45.87	1	3	
4	176.84	192.31	262.01	188.64	85.25	0	
5	262.01	188.64	277.00	188.00	15.00	1	6	

5	7	68.819	3
1	91.00	196.00	88.67	199.25	4.00	1	5	
2	88.67	199.25	52.74	249.56	61.82	0	
3	52.74	249.56	51.00	252.00	3.00	1	7	

5	8	66.008	3
1	91.00	196.00	90.94	192.00	4.00	1	5	
2	90.94	192.00	90.47	160.99	31.01	0	
3	90.47	160.99	90.00	130.00	31.00	1	8	

5	9	203.902	3
1	91.00	196.00	94.73	197.45	4.00	1	5	
2	94.73	197.45	267.95	264.92	185.90	0	
3	267.95	264.92	281.00	270.00	14.00	1	9	

6	0	334.773	4
1	277.00	188.00	264.59	179.58	15.00	1	6	
2	264.59	179.58	150.08	101.86	138.39	0	
3	150.08	101.86	87.21	59.19	75.99	1	4	
4	87.21	59.19	0.00	0.00	105.39	0	

6	1	133.240	3
1	277.00	188.00	262.59	183.83	15.00	1	6	
2	262.59	183.83	188.39	162.39	77.24	0	
3	188.39	162.39	149.00	151.00	41.00	1	1	

6	2	227.502	3
1	277.00	188.00	268.36	175.74	15.00	1	6	
2	268.36	175.74	173.64	41.24	164.50	0	
3	173.64	41.24	146.00	2.00	48.00	1	2	

6	3	123.199	3
1	277.00	188.00	262.02	188.85	15.00	1	6	
2	262.02	188.85	176.96	193.69	85.20	0	
3	176.96	193.69	154.00	195.00	23.00	1	3	

6	4	191.384	3
1	277.00	188.00	264.62	179.54	15.00	1	6	
2	264.62	179.54	150.37	101.44	138.38	0	
3	150.37	101.44	119.00	80.00	38.00	1	4	

6	5	186.172	5
1	277.00	188.00	262.01	188.64	15.00	1	6	
2	262.01	188.64	176.84	192.31	85.25	0	
3	176.84	192.31	131.01	194.28	45.87	1	3	
4	131.01	194.28	95.00	195.83	36.05	0	
5	95.00	195.83	91.00	196.00	4.00	1	5	

6	6	0	0

6	7	234.887	3
1	277.00	188.00	262.57	192.09	15.00	1	6	
2	262.57	192.09	53.89	251.18	216.89	0	
3	53.89	251.18	51.00	252.00	3.00	1	7	

6	8	195.788	5
1	277.00	188.00	262.67	183.56	15.00	1	6	
2	262.67	183.56	188.85	160.66	77.30	0	
3	188.85	160.66	119.61	139.18	72.49	1	1	
4	119.61	139.18	110.68	136.41	9.35	2	1	8	
5	110.68	136.41	90.00	130.00	21.65	1	8	

6	9	82.098	3
1	277.00	188.00	277.73	202.98	15.00	1	6	
2	277.73	202.98	280.32	256.02	53.10	0	
3	280.32	256.02	281.00	270.00	14.00	1	9	

7	0	257.109	2
1	51.00	252.00	50.40	249.06	3.00	1	7	
2	50.40	249.06	0.00	0.00	254.11	0	

7	1	140.730	3
1	51.00	252.00	53.09	249.85	3.00	1	7	
2	53.09	249.85	120.45	180.43	96.73	0	
3	120.45	180.43	149.00	151.00	41.00	1	1	

7	2	267.442	7
1	51.00	252.00	52.07	249.20	3.00	1	7	
2	52.07	249.20	85.69	160.70	94.67	0	
3	85.69	160.70	103.22	114.57	49.35	1	8	
4	103.22	114.57	107.17	104.19	11.11	2	4	8	
5	107.17	104.19	128.95	46.87	61.32	1	4	
6	128.95	46.87	130.16	43.68	3.42	2	2	4	
7	130.16	43.68	146.00	2.00	44.58	1	2	

7	3	117.720	3
1	51.00	252.00	53.62	250.55	3.00	1	7	
2	53.62	250.55	133.88	206.14	91.72	0	
3	133.88	206.14	154.00	195.00	23.00	1	3	

7	4	184.954	5
1	51.00	252.00	52.10	249.21	3.00	1	7	
2	52.10	249.21	87.03	160.86	95.01	0	
3	87.03	160.86	105.03	115.34	48.95	1	8	
4	105.03	115.34	108.94	105.46	10.63	2	4	8	
5	108.94	105.46	119.00	80.00	27.37	1	4	

7	5	68.819	3
1	51.00	252.00	52.74	249.56	3.00	1	7	
2	52.74	249.56	88.67	199.25	61.82	0	
3	88.67	199.25	91.00	196.00	4.00	1	5	

7	6	234.887	3
1	51.00	252.00	53.89	251.18	3.00	1	7	
2	53.89	251.18	262.57	192.09	216.89	0	
3	262.57	192.09	277.00	188.00	15.00	1	6	

7	7	0	0

7	8	128.082	3
1	51.00	252.00	51.91	249.14	3.00	1	7	
2	51.91	249.14	80.56	159.53	94.08	0	
3	80.56	159.53	90.00	130.00	31.00	1	8	

7	9	230.703	3
1	51.00	252.00	53.99	252.23	3.00	1	7	
2	53.99	252.23	267.04	268.91	213.70	0	
3	267.04	268.91	281.00	270.00	14.00	1	9	

8	0	158.114	2
1	90.00	130.00	72.35	104.51	31.00	1	8	
2	72.35	104.51	0.00	0.00	127.11	0	

8	1	62.626	3
1	90.00	130.00	110.37	137.25	21.63	1	8	
2	110.37	137.25	119.21	140.40	9.37	2	1	8	
3	119.21	140.40	149.00	151.00	31.63	1	1	

8	2	139.714	5
1	90.00	130.00	98.02	111.68	20.00	1	8	
2	98.02	111.68	102.43	101.60	11.00	2	4	8	
3	102.43	101.60	126.76	45.98	60.71	1	4	
4	126.76	45.98	128.02	43.09	3.15	2	2	4	
5	128.02	43.09	146.00	2.00	44.85	1	2	

8	3	91.220	5
1	90.00	130.00	108.08	148.37	25.78	1	8	
2	108.08	148.37	111.75	152.09	5.22	2	1	8	
3	111.75	152.09	137.86	178.61	37.22	1	1	
4	137.86	178.61	151.00	191.95	18.72	2	1	3	
5	151.00	191.95	154.00	195.00	4.28	1	3	

8	4	57.801	3
1	90.00	130.00	99.93	112.87	19.80	1	8	
2	99.93	112.87	105.55	103.18	11.20	2	4	8	
3	105.55	103.18	119.00	80.00	26.80	1	4	

8	5	66.008	3
1	90.00	130.00	90.47	160.99	31.00	1	8	
2	90.47	160.99	90.94	192.00	31.01	0	
3	90.94	192.00	91.00	196.00	4.00	1	5	

8	6	195.788	5
1	90.00	130.00	110.68	136.41	21.65	1	8	
2	110.68	136.41	119.61	139.18	9.35	2	1	8	
3	119.61	139.18	188.85	160.66	72.49	1	1	
4	188.85	160.66	262.67	183.56	77.30	0	
5	262.67	183.56	277.00	188.00	15.00	1	6	

8	7	128.082	3
1	90.00	130.00	80.56	159.53	31.00	1	8	
2	80.56	159.53	51.91	249.14	94.08	0	
3	51.91	249.14	51.00	252.00	3.00	1	7	

8	8	0	0

8	9	236.814	7
1	90.00	130.00	108.66	143.68	23.14	1	8	
2	108.66	143.68	115.00	148.33	7.86	2	1	8	
3	115.00	148.33	148.28	172.72	41.26	1	1	
4	148.28	172.72	168.13	187.27	24.60	2	1	3	
5	168.13	187.27	176.97	193.74	10.96	1	3	
6	176.97	193.74	269.71	261.72	114.99	0	
7	269.71	261.72	281.00	270.00	14.00	1	9	

9	0	389.693	6
1	281.00	270.00	270.90	260.30	14.00	1	9	
2	270.90	260.30	182.20	175.06	123.02	0	
3	182.20	175.06	123.63	118.79	81.22	1	1	
4	123.63	118.79	122.63	117.83	1.39	0	
5	122.63	117.83	81.06	77.89	57.65	1	4	
6	81.06	77.89	0.00	0.00	112.41	0	

9	1	177.722	3
1	281.00	270.00	270.60	260.63	14.00	1	9	
2	270.60	260.63	179.45	178.45	122.72	0	
3	179.45	178.45	149.00	151.00	41.00	1	1	

9	2	300.082	3
1	281.00	270.00	274.70	257.50	14.00	1	9	
2	274.70	257.50	167.59	44.87	238.08	0	
3	167.59	44.87	146.00	2.00	48.00	1	2	

9	3	147.492	3
1	281.00	270.00	268.95	262.88	14.00	1	9	
2	268.95	262.88	173.80	206.70	110.49	0	
3	173.80	206.70	154.00	195.00	23.00	1	3	

9	4	249.688	5
1	281.00	270.00	271.92	259.35	14.00	1	9	
2	271.92	259.35	188.60	161.63	128.42	0	
3	188.60	161.63	144.77	110.22	67.56	1	1	
4	144.77	110.22	143.65	108.92	1.71	0	
5	143.65	108.92	119.00	80.00	38.00	1	4	

9	5	203.902	3
1	281.00	270.00	267.95	264.92	14.00	1	9	
2	267.95	264.92	94.73	197.45	185.90	0	
3	94.73	197.45	91.00	196.00	4.00	1	5	

9	6	82.098	3
1	281.00	270.00	280.32	256.02	14.00	1	9	
2	280.32	256.02	277.73	202.98	53.10	0	
3	277.73	202.98	277.00	188.00	15.00	1	6	

9	7	230.703	3
1	281.00	270.00	267.04	268.91	14.00	1	9	
2	267.04	268.91	53.99	252.23	213.70	0	
3	53.99	252.23	51.00	252.00	3.00	1	7	

9	8	236.814	7
1	281.00	270.00	269.71	261.72	14.00	1	9	
2	269.71	261.72	176.97	193.74	114.99	0	
3	176.97	193.74	168.13	187.27	10.96	1	3	
4	168.13	187.27	148.28	172.72	24.60	2	1	3	
5	148.28	172.72	115.00	148.33	41.26	1	1	
6	115.00	148.33	108.66	143.68	7.86	2	1	8	
7	108.66	143.68	90.00	130.00	23.14	1	8	

9	9	0	0
