10	159	2	0.001	90.0
0.000	0.000	0.000	4.000	0.000
10.000	290.000	42.000	1.000	11.000
58.000	245.000	9.000	9.000	8.000
166.000	120.000	45.000	5.000	2.000
162.000	125.000	18.000	2.000	5.000
154.000	26.000	31.000	7.000	1.000
84.000	70.000	17.000	7.000	14.000
278.000	9.000	31.000	4.000	20.000
223.000	167.000	34.000	4.000	6.000
209.000	75.000	19.000	4.000	9.000
 


0	0	0	0

0	1	290.172	2
1	0.00	0.00	8.55	248.03	248.17	0	
2	8.55	248.03	10.00	290.00	42.00	1	1	

0	2	251.772	2
1	0.00	0.00	55.93	236.24	242.77	0	
2	55.93	236.24	58.00	245.00	9.00	1	2	

0	3	204.832	5
1	0.00	0.00	76.05	54.97	93.84	0	
2	76.05	54.97	100.76	72.84	30.49	1	6	
3	100.76	72.84	129.53	93.64	35.50	0	
4	129.53	93.64	152.11	109.96	27.86	1	3	
5	152.11	109.96	166.00	120.00	17.14	2	3	4	

0	4	204.619	5
1	0.00	0.00	73.45	56.67	92.77	0	
2	73.45	56.67	99.57	76.83	32.99	1	6	
3	99.57	76.83	126.82	97.86	34.43	0	
4	126.82	97.86	147.75	114.00	26.43	1	3	
5	147.75	114.00	162.00	125.00	18.00	2	3	4	

0	5	156.179	2
1	0.00	0.00	123.43	20.84	125.18	0	
2	123.43	20.84	154.00	26.00	31.00	1	5	

0	6	109.343	2
1	0.00	0.00	70.94	59.12	92.34	0	
2	70.94	59.12	84.00	70.00	17.00	1	6	

0	7	278.146	4
1	0.00	0.00	131.89	4.27	131.96	0	
2	131.89	4.27	177.47	5.75	45.60	1	5	
3	177.47	5.75	247.02	8.00	69.58	0	
4	247.02	8.00	278.00	9.00	31.00	1	7	

0	8	278.600	8
1	0.00	0.00	74.58	55.85	93.17	0	
2	74.58	55.85	100.23	75.06	32.05	1	6	
3	100.23	75.06	128.02	95.87	34.72	0	
4	128.02	95.87	149.55	112.00	26.91	1	3	
5	149.55	112.00	177.98	133.29	35.51	2	3	4	
6	177.98	133.29	195.79	146.62	22.25	1	3	
7	195.79	146.62	199.84	149.66	5.07	2	3	8	
8	199.84	149.66	223.00	167.00	28.93	1	8	

0	9	222.050	4
1	0.00	0.00	131.31	47.12	139.51	0	
2	131.31	47.12	158.09	56.73	28.45	1	5	
3	158.09	56.73	191.12	68.58	35.09	0	
4	191.12	68.58	209.00	75.00	19.00	1	9	

1	0	290.172	2
1	10.00	290.00	8.55	248.03	42.00	1	1	
2	8.55	248.03	0.00	0.00	248.17	0	

1	1	0	0

1	2	65.795	3
1	10.00	290.00	40.64	261.27	42.00	1	1	
2	40.64	261.27	51.43	251.16	14.80	0	
3	51.43	251.16	58.00	245.00	9.00	1	2	

1	3	230.729	6
1	10.00	290.00	38.40	259.05	42.00	1	1	
2	38.40	259.05	49.27	247.20	16.09	0	
3	49.27	247.20	59.45	236.12	15.05	1	2	
4	59.45	236.12	135.57	153.16	112.60	0	
5	135.57	153.16	149.51	137.97	20.62	1	3	
6	149.51	137.97	166.00	120.00	24.38	2	3	4	

1	4	224.341	6
1	10.00	290.00	38.46	259.11	42.00	1	1	
2	38.46	259.11	49.31	247.33	16.01	0	
3	49.31	247.33	59.61	236.15	15.21	1	2	
4	59.61	236.15	135.84	153.40	112.51	0	
5	135.84	153.40	149.80	138.24	20.61	1	3	
6	149.80	138.24	162.00	125.00	18.00	2	3	4	

1	5	300.719	3
1	10.00	290.00	30.11	253.13	42.00	1	1	
2	30.11	253.13	139.16	53.21	227.72	0	
3	139.16	53.21	154.00	26.00	31.00	1	5	

1	6	232.112	3
1	10.00	290.00	23.39	250.19	42.00	1	1	
2	23.39	250.19	78.58	86.11	173.11	0	
3	78.58	86.11	84.00	70.00	17.00	1	6	

1	7	388.310	11
1	10.00	290.00	38.99	259.61	42.00	1	1	
2	38.99	259.61	49.67	248.41	15.48	0	
3	49.67	248.41	61.01	236.52	16.43	1	2	
4	61.01	236.52	138.31	155.47	112.00	0	
5	138.31	155.47	152.68	140.40	20.83	1	3	
6	152.68	140.40	176.94	114.96	35.15	2	3	4	
7	176.94	114.96	199.41	91.40	32.56	1	3	
8	199.41	91.40	200.12	90.66	1.03	2	3	9	
9	200.12	90.66	224.93	64.64	35.95	1	9	
10	224.93	64.64	256.60	31.43	45.89	0	
11	256.60	31.43	278.00	9.00	31.00	1	7	

1	8	245.963	3
1	10.00	290.00	46.37	269.00	42.00	1	1	
2	46.37	269.00	193.56	184.00	169.96	0	
3	193.56	184.00	223.00	167.00	34.00	1	8	

1	9	292.961	9
1	10.00	290.00	38.53	259.18	42.00	1	1	
2	38.53	259.18	49.35	247.49	15.93	0	
3	49.35	247.49	59.81	236.18	15.40	1	2	
4	59.81	236.18	136.17	153.69	112.41	0	
5	136.17	153.69	150.17	138.56	20.61	1	3	
6	150.17	138.56	174.61	112.16	35.98	2	3	4	
7	174.61	112.16	196.09	88.94	31.63	1	3	
8	196.09	88.94	197.29	87.66	1.76	2	3	9	
9	197.29	87.66	209.00	75.00	17.24	1	9	

2	0	251.772	2
1	58.00	245.00	55.93	236.24	9.00	1	2	
2	55.93	236.24	0.00	0.00	242.77	0	

2	1	65.795	3
1	58.00	245.00	51.43	251.16	9.00	1	2	
2	51.43	251.16	40.64	261.27	14.80	0	
3	40.64	261.27	10.00	290.00	42.00	1	1	

2	2	0	0

2	3	165.194	4
1	58.00	245.00	63.88	238.19	9.00	1	2	
2	63.88	238.19	136.58	154.05	111.19	0	
3	136.58	154.05	150.05	138.46	20.60	1	3	
4	150.05	138.46	166.00	120.00	24.40	2	3	4	

2	4	158.795	4
1	58.00	245.00	63.89	238.20	9.00	1	2	
2	63.89	238.20	136.72	154.17	111.19	0	
3	136.72	154.17	150.21	138.60	20.60	1	3	
4	150.21	138.60	162.00	125.00	18.00	2	3	4	

2	5	239.117	3
1	58.00	245.00	61.61	236.76	9.00	1	2	
2	61.61	236.76	141.55	54.39	199.12	0	
3	141.55	54.39	154.00	26.00	31.00	1	5	

2	6	176.921	3
1	58.00	245.00	59.32	236.10	9.00	1	2	
2	59.32	236.10	81.50	86.82	150.92	0	
3	81.50	86.82	84.00	70.00	17.00	1	6	

2	7	322.639	9
1	58.00	245.00	64.14	238.42	9.00	1	2	
2	64.14	238.42	140.17	156.85	111.51	0	
3	140.17	156.85	154.58	141.40	21.12	1	3	
4	154.58	141.40	177.84	116.45	34.11	2	3	4	
5	177.84	116.45	200.59	92.04	33.37	1	3	
6	200.59	92.04	200.95	91.65	0.53	2	3	9	
7	200.95	91.65	225.41	65.42	35.87	1	9	
8	225.41	65.42	256.86	31.68	46.13	0	
9	256.86	31.68	278.00	9.00	31.00	1	7	

2	8	182.508	3
1	58.00	245.00	66.14	241.15	9.00	1	2	
2	66.14	241.15	192.26	181.53	139.51	0	
3	192.26	181.53	223.00	167.00	34.00	1	8	

2	9	227.379	7
1	58.00	245.00	63.98	238.27	9.00	1	2	
2	63.98	238.27	137.85	155.11	111.24	0	
3	137.85	155.11	151.56	139.66	20.65	1	3	
4	151.56	139.66	175.33	112.91	35.79	2	3	4	
5	175.33	112.91	196.38	89.21	31.70	1	3	
6	196.38	89.21	197.54	87.90	1.74	2	3	9	
7	197.54	87.90	209.00	75.00	17.26	1	9	

3	0	204.832	5
1	166.00	120.00	152.11	109.96	17.14	2	3	4	
2	152.11	109.96	129.53	93.64	27.86	1	3	
3	129.53	93.64	100.76	72.84	35.50	0	
4	100.76	72.84	76.05	54.97	30.49	1	6	
5	76.05	54.97	0.00	0.00	93.84	0	

3	1	230.729	6
1	166.00	120.00	149.51	137.97	24.38	2	3	4	
2	149.51	137.97	135.57	153.16	20.62	1	3	
3	135.57	153.16	59.45	236.12	112.60	0	
4	59.45	236.12	49.27	247.20	15.05	1	2	
5	49.27	247.20	38.40	259.05	16.09	0	
6	38.40	259.05	10.00	290.00	42.00	1	1	

3	2	165.194	4
1	166.00	120.00	150.05	138.46	24.40	2	3	4	
2	150.05	138.46	136.58	154.05	20.60	1	3	
3	136.58	154.05	63.88	238.19	111.19	0	
4	63.88	238.19	58.00	245.00	9.00	1	2	

3	3	0	0

3	4	6.403	1
1	166.00	120.00	162.00	125.00	6.40	2	3	4	

3	5	94.763	4
1	166.00	120.00	164.36	107.16	12.95	2	3	4	
2	164.36	107.16	160.30	75.36	32.05	1	3	
3	160.30	75.36	157.93	56.75	18.76	0	
4	157.93	56.75	154.00	26.00	31.00	1	5	

3	6	96.042	4
1	166.00	120.00	150.93	110.81	17.65	2	3	4	
2	150.93	110.81	127.58	96.57	27.35	1	3	
3	127.58	96.57	98.51	78.85	34.04	0	
4	98.51	78.85	84.00	70.00	17.00	1	6	

3	7	157.686	6
1	166.00	120.00	174.26	111.82	11.62	2	3	4	
2	174.26	111.82	196.75	89.52	31.67	1	3	
3	196.75	89.52	197.96	88.32	1.71	2	3	9	
4	197.96	88.32	223.63	62.88	36.14	1	9	
5	223.63	62.88	255.98	30.82	45.54	0	
6	255.98	30.82	278.00	9.00	31.00	1	7	

3	8	73.878	4
1	166.00	120.00	179.05	130.76	16.92	2	3	4	
2	179.05	130.76	196.77	145.37	22.96	1	3	
3	196.77	145.37	200.72	148.63	5.12	2	3	8	
4	200.72	148.63	223.00	167.00	28.88	1	8	

3	9	62.241	4
1	166.00	120.00	174.02	111.60	11.61	2	3	4	
2	174.02	111.60	195.87	88.74	31.63	1	3	
3	195.87	88.74	197.09	87.47	1.76	2	3	9	
4	197.09	87.47	209.00	75.00	17.24	1	9	

4	0	204.619	5
1	162.00	125.00	147.75	114.00	18.00	2	3	4	
2	147.75	114.00	126.82	97.86	26.43	1	3	
3	126.82	97.86	99.57	76.83	34.43	0	
4	99.57	76.83	73.45	56.67	32.99	1	6	
5	73.45	56.67	0.00	0.00	92.77	0	

4	1	224.341	6
1	162.00	125.00	149.80	138.24	18.00	2	3	4	
2	149.80	138.24	135.84	153.40	20.61	1	3	
3	135.84	153.40	59.61	236.15	112.51	0	
4	59.61	236.15	49.31	247.33	15.21	1	2	
5	49.31	247.33	38.46	259.11	16.01	0	
6	38.46	259.11	10.00	290.00	42.00	1	1	

4	2	158.795	4
1	162.00	125.00	150.21	138.60	18.00	2	3	4	
2	150.21	138.60	136.72	154.17	20.60	1	3	
3	136.72	154.17	63.89	238.20	111.19	0	
4	63.89	238.20	58.00	245.00	9.00	1	2	

4	3	6.403	1
1	162.00	125.00	166.00	120.00	6.40	2	3	4	

4	4	0	0

4	5	99.323	4
1	162.00	125.00	160.55	107.06	18.00	2	3	4	
2	160.55	107.06	158.02	75.71	31.45	1	3	
3	158.02	75.71	156.50	56.90	18.88	0	
4	156.50	56.90	154.00	26.00	31.00	1	5	

4	6	95.441	4
1	162.00	125.00	147.29	114.63	18.00	2	3	4	
2	147.29	114.63	125.91	99.55	26.16	1	3	
3	125.91	99.55	97.89	79.80	34.28	0	
4	97.89	79.80	84.00	70.00	17.00	1	6	

4	7	164.049	6
1	162.00	125.00	174.73	112.27	18.00	2	3	4	
2	174.73	112.27	197.15	89.85	31.71	1	3	
3	197.15	89.85	198.32	88.68	1.65	2	3	9	
4	198.32	88.68	223.85	63.15	36.11	1	9	
5	223.85	63.15	256.08	30.92	45.58	0	
6	256.08	30.92	278.00	9.00	31.00	1	7	

4	8	74.061	4
1	162.00	125.00	176.83	135.21	18.00	2	3	4	
2	176.83	135.21	195.00	147.72	22.06	1	3	
3	195.00	147.72	199.07	150.52	4.94	2	3	8	
4	199.07	150.52	223.00	167.00	29.06	1	8	

4	9	68.622	4
1	162.00	125.00	174.33	111.88	18.00	2	3	4	
2	174.33	111.88	195.99	88.84	31.62	1	3	
3	195.99	88.84	197.19	87.56	1.76	2	3	9	
4	197.19	87.56	209.00	75.00	17.24	1	9	

5	0	156.179	2
1	154.00	26.00	123.43	20.84	31.00	1	5	
2	123.43	20.84	0.00	0.00	125.18	0	

5	1	300.719	3
1	154.00	26.00	139.16	53.21	31.00	1	5	
2	139.16	53.21	30.11	253.13	227.72	0	
3	30.11	253.13	10.00	290.00	42.00	1	1	

5	2	239.117	3
1	154.00	26.00	141.55	54.39	31.00	1	5	
2	141.55	54.39	61.61	236.76	199.12	0	
3	61.61	236.76	58.00	245.00	9.00	1	2	

5	3	94.763	4
1	154.00	26.00	157.93	56.75	31.00	1	5	
2	157.93	56.75	160.30	75.36	18.76	0	
3	160.30	75.36	164.36	107.16	32.05	1	3	
4	164.36	107.16	166.00	120.00	12.95	2	3	4	

5	4	99.323	4
1	154.00	26.00	156.50	56.90	31.00	1	5	
2	156.50	56.90	158.02	75.71	18.88	0	
3	158.02	75.71	160.55	107.06	31.45	1	3	
4	160.55	107.06	162.00	125.00	18.00	2	3	4	

5	5	0	0

5	6	82.680	3
1	154.00	26.00	127.75	42.50	31.00	1	5	
2	127.75	42.50	98.39	60.95	34.68	0	
3	98.39	60.95	84.00	70.00	17.00	1	6	

5	7	125.160	3
1	154.00	26.00	184.71	21.79	31.00	1	5	
2	184.71	21.79	247.29	13.21	63.16	0	
3	247.29	13.21	278.00	9.00	31.00	1	7	

5	8	156.978	5
1	154.00	26.00	167.63	53.84	31.00	1	5	
2	167.63	53.84	178.90	76.89	25.66	0	
3	178.90	76.89	207.96	136.26	66.10	1	3	
4	207.96	136.26	208.06	136.46	0.22	0	
5	208.06	136.46	223.00	167.00	34.00	1	8	

5	9	73.661	3
1	154.00	26.00	177.15	46.62	31.00	1	5	
2	177.15	46.62	194.81	62.36	23.66	0	
3	194.81	62.36	209.00	75.00	19.00	1	9	

6	0	109.343	2
1	84.00	70.00	70.94	59.12	17.00	1	6	
2	70.94	59.12	0.00	0.00	92.34	0	

6	1	232.112	3
1	84.00	70.00	78.58	86.11	17.00	1	6	
2	78.58	86.11	23.39	250.19	173.11	0	
3	23.39	250.19	10.00	290.00	42.00	1	1	

6	2	176.921	3
1	84.00	70.00	81.50	86.82	17.00	1	6	
2	81.50	86.82	59.32	236.10	150.92	0	
3	59.32	236.10	58.00	245.00	9.00	1	2	

6	3	96.042	4
1	84.00	70.00	98.51	78.85	17.00	1	6	
2	98.51	78.85	127.58	96.57	34.04	0	
3	127.58	96.57	150.93	110.81	27.35	1	3	
4	150.93	110.81	166.00	120.00	17.65	2	3	4	

6	4	95.441	4
1	84.00	70.00	97.89	79.80	17.00	1	6	
2	97.89	79.80	125.91	99.55	34.28	0	
3	125.91	99.55	147.29	114.63	26.16	1	3	
4	147.29	114.63	162.00	125.00	18.00	2	3	4	

6	5	82.680	3
1	84.00	70.00	98.39	60.95	17.00	1	6	
2	98.39	60.95	127.75	42.50	34.68	0	
3	127.75	42.50	154.00	26.00	31.00	1	5	

6	6	0	0

6	7	203.364	5
1	84.00	70.00	100.22	64.90	17.00	1	6	
2	100.22	64.90	138.52	52.86	40.15	0	
3	138.52	52.86	182.07	39.16	45.65	1	5	
4	182.07	39.16	248.43	18.30	69.56	0	
5	248.43	18.30	278.00	9.00	31.00	1	7	

6	8	169.499	7
1	84.00	70.00	97.94	79.73	17.00	1	6	
2	97.94	79.73	126.03	99.33	34.25	0	
3	126.03	99.33	147.51	114.32	26.20	1	3	
4	147.51	114.32	177.02	134.92	35.99	2	3	4	
5	177.02	134.92	195.12	147.54	22.07	1	3	
6	195.12	147.54	199.19	150.39	4.97	2	3	8	
7	199.19	150.39	223.00	167.00	29.03	1	8	

6	9	125.100	3
1	84.00	70.00	100.99	70.68	17.00	1	6	
2	100.99	70.68	190.02	74.24	89.10	0	
3	190.02	74.24	209.00	75.00	19.00	1	9	

7	0	278.146	4
1	278.00	9.00	247.02	8.00	31.00	1	7	
2	247.02	8.00	177.47	5.75	69.58	0	
3	177.47	5.75	131.89	4.27	45.60	1	5	
4	131.89	4.27	0.00	0.00	131.96	0	

7	1	388.310	11
1	278.00	9.00	256.60	31.43	31.00	1	7	
2	256.60	31.43	224.93	64.64	45.89	0	
3	224.93	64.64	200.12	90.66	35.95	1	9	
4	200.12	90.66	199.41	91.40	1.03	2	3	9	
5	199.41	91.40	176.94	114.96	32.56	1	3	
6	176.94	114.96	152.68	140.40	35.15	2	3	4	
7	152.68	140.40	138.31	155.47	20.83	1	3	
8	138.31	155.47	61.01	236.52	112.00	0	
9	61.01	236.52	49.67	248.41	16.43	1	2	
10	49.67	248.41	38.99	259.61	15.48	0	
11	38.99	259.61	10.00	290.00	42.00	1	1	

7	2	322.639	9
1	278.00	9.00	256.86	31.68	31.00	1	7	
2	256.86	31.68	225.41	65.42	46.13	0	
3	225.41	65.42	200.95	91.65	35.87	1	9	
4	200.95	91.65	200.59	92.04	0.53	2	3	9	
5	200.59	92.04	177.84	116.45	33.37	1	3	
6	177.84	116.45	154.58	141.40	34.11	2	3	4	
7	154.58	141.40	140.17	156.85	21.12	1	3	
8	140.17	156.85	64.14	238.42	111.51	0	
9	64.14	238.42	58.00	245.00	9.00	1	2	

7	3	157.686	6
1	278.00	9.00	255.98	30.82	31.00	1	7	
2	255.98	30.82	223.63	62.88	45.54	0	
3	223.63	62.88	197.96	88.32	36.14	1	9	
4	197.96	88.32	196.75	89.52	1.71	2	3	9	
5	196.75	89.52	174.26	111.82	31.67	1	3	
6	174.26	111.82	166.00	120.00	11.62	2	3	4	

7	4	164.049	6
1	278.00	9.00	256.08	30.92	31.00	1	7	
2	256.08	30.92	223.85	63.15	45.58	0	
3	223.85	63.15	198.32	88.68	36.11	1	9	
4	198.32	88.68	197.15	89.85	1.65	2	3	9	
5	197.15	89.85	174.73	112.27	31.71	1	3	
6	174.73	112.27	162.00	125.00	18.00	2	3	4	

7	5	125.160	3
1	278.00	9.00	247.29	13.21	31.00	1	7	
2	247.29	13.21	184.71	21.79	63.16	0	
3	184.71	21.79	154.00	26.00	31.00	1	5	

7	6	203.364	5
1	278.00	9.00	248.43	18.30	31.00	1	7	
2	248.43	18.30	182.07	39.16	69.56	0	
3	182.07	39.16	138.52	52.86	45.65	1	5	
4	138.52	52.86	100.22	64.90	40.15	0	
5	100.22	64.90	84.00	70.00	17.00	1	6	

7	7	0	0

7	8	167.299	3
1	278.00	9.00	267.81	38.28	31.00	1	7	
2	267.81	38.28	234.18	134.89	102.30	0	
3	234.18	134.89	223.00	167.00	34.00	1	8	

7	9	95.483	3
1	278.00	9.00	255.60	30.43	31.00	1	7	
2	255.60	30.43	222.73	61.87	45.48	0	
3	222.73	61.87	209.00	75.00	19.00	1	9	

8	0	278.600	8
1	223.00	167.00	199.84	149.66	28.93	1	8	
2	199.84	149.66	195.79	146.62	5.07	2	3	8	
3	195.79	146.62	177.98	133.29	22.25	1	3	
4	177.98	133.29	149.55	112.00	35.51	2	3	4	
5	149.55	112.00	128.02	95.87	26.91	1	3	
6	128.02	95.87	100.23	75.06	34.72	0	
7	100.23	75.06	74.58	55.85	32.05	1	6	
8	74.58	55.85	0.00	0.00	93.17	0	

8	1	245.963	3
1	223.00	167.00	193.56	184.00	34.00	1	8	
2	193.56	184.00	46.37	269.00	169.96	0	
3	46.37	269.00	10.00	290.00	42.00	1	1	

8	2	182.508	3
1	223.00	167.00	192.26	181.53	34.00	1	8	
2	192.26	181.53	66.14	241.15	139.51	0	
3	66.14	241.15	58.00	245.00	9.00	1	2	

8	3	73.878	4
1	223.00	167.00	200.72	148.63	28.88	1	8	
2	200.72	148.63	196.77	145.37	5.12	2	3	8	
3	196.77	145.37	179.05	130.76	22.96	1	3	
4	179.05	130.76	166.00	120.00	16.92	2	3	4	

8	4	74.061	4
1	223.00	167.00	199.07	150.52	29.06	1	8	
2	199.07	150.52	195.00	147.72	4.94	2	3	8	
3	195.00	147.72	176.83	135.21	22.06	1	3	
4	176.83	135.21	162.00	125.00	18.00	2	3	4	

8	5	156.978	5
1	223.00	167.00	208.06	136.46	34.00	1	8	
2	208.06	136.46	207.96	136.26	0.22	0	
3	207.96	136.26	178.90	76.89	66.10	1	3	
4	178.90	76.89	167.63	53.84	25.66	0	
5	167.63	53.84	154.00	26.00	31.00	1	5	

8	6	169.499	7
1	223.00	167.00	199.19	150.39	29.03	1	8	
2	199.19	150.39	195.12	147.54	4.97	2	3	8	
3	195.12	147.54	177.02	134.92	22.07	1	3	
4	177.02	134.92	147.51	114.32	35.99	2	3	4	
5	147.51	114.32	126.03	99.33	26.20	1	3	
6	126.03	99.33	97.94	79.73	34.25	0	
7	97.94	79.73	84.00	70.00	17.00	1	6	

8	7	167.299	3
1	223.00	167.00	234.18	134.89	34.00	1	8	
2	234.18	134.89	267.81	38.28	102.30	0	
3	267.81	38.28	278.00	9.00	31.00	1	7	

8	8	0	0

8	9	93.059	3
1	223.00	167.00	217.88	133.39	34.00	1	8	
2	217.88	133.39	211.86	93.78	40.06	0	
3	211.86	93.78	209.00	75.00	19.00	1	9	

9	0	222.050	4
1	209.00	75.00	191.12	68.58	19.00	1	9	
2	191.12	68.58	158.09	56.73	35.09	0	
3	158.09	56.73	131.31	47.12	28.45	1	5	
4	131.31	47.12	0.00	0.00	139.51	0	

9	1	292.961	9
1	209.00	75.00	197.29	87.66	17.24	1	9	
2	197.29	87.66	196.09	88.94	1.76	2	3	9	
3	196.09	88.94	174.61	112.16	31.63	1	3	
4	174.61	112.16	150.17	138.56	35.98	2	3	4	
5	150.17	138.56	136.17	153.69	20.61	1	3	
6	136.17	153.69	59.81	236.18	112.41	0	
7	59.81	236.18	49.35	247.49	15.40	1	2	
8	49.35	247.49	38.53	259.18	15.93	0	
9	38.53	259.18	10.00	290.00	42.00	1	1	

9	2	227.379	7
1	209.00	75.00	197.54	87.90	17.26	1	9	
2	197.54	87.90	196.38	89.21	1.74	2	3	9	
3	196.38	89.21	175.33	112.91	31.70	1	3	
4	175.33	112.91	151.56	139.66	35.79	2	3	4	
5	151.56	139.66	137.85	155.11	20.65	1	3	
6	137.85	155.11	63.98	238.27	111.24	0	
7	63.98	238.27	58.00	245.00	9.00	1	2	

9	3	62.241	4
1	209.00	75.00	197.09	87.47	17.24	1	9	
2	197.09	87.47	195.87	88.74	1.76	2	3	9	
3	195.87	88.74	174.02	111.60	31.63	1	3	
4	174.02	111.60	166.00	120.00	11.61	2	3	4	

9	4	68.622	4
1	209.00	75.00	197.19	87.56	17.24	1	9	
2	197.19	87.56	195.99	88.84	1.76	2	3	9	
3	195.99	88.84	174.33	111.88	31.62	1	3	
4	174.33	111.88	162.00	125.00	18.00	2	3	4	

9	5	73.661	3
1	209.00	75.00	194.81	62.36	19.00	1	9	
2	194.81	62.36	177.15	46.62	23.66	0	
3	177.15	46.62	154.00	26.00	31.00	1	5	

9	6	125.100	3
1	209.00	75.00	190.02	74.24	19.00	1	9	
2	190.02	74.24	100.99	70.68	89.10	0	
3	100.99	70.68	84.00	70.00	17.00	1	6	

9	7	95.483	3
1	209.00	75.00	222.73	61.87	19.00	1	9	
2	222.73	61.87	255.60	30.43	45.48	0	
3	255.60	30.43	278.00	9.00	31.00	1	7	

9	8	93.059	3
1	209.00	75.00	211.86	93.78	19.00	1	9	
2	211.86	93.78	217.88	133.39	40.06	0	
3	217.88	133.39	223.00	167.00	34.00	1	8	

9	9	0	0
