10	169	2	0.001	120.0
0.000	0.000	0.000	5.000	0.000
90.000	243.000	29.000	6.000	11.000
12.000	1.000	24.000	9.000	9.000
43.000	122.000	21.000	2.000	18.000
123.000	141.000	35.000	8.000	17.000
121.000	235.000	43.000	9.000	2.000
233.000	22.000	16.000	5.000	5.000
276.000	11.000	39.000	8.000	1.000
55.000	111.000	40.000	3.000	18.000
54.000	218.000	41.000	9.000	8.000
 


0	0	0	0

0	1	259.131	10
1	0.00	0.00	9.20	24.84	26.48	1	2	
2	9.20	24.84	29.65	80.06	58.89	0	
3	29.65	80.06	37.66	101.69	23.07	1	8	
4	37.66	101.69	52.18	140.89	41.80	2	3	8	
5	52.18	140.89	55.92	150.99	10.77	1	8	
6	55.92	150.99	66.25	178.87	29.73	0	
7	66.25	178.87	79.93	215.81	39.38	1	9	
8	79.93	215.81	81.10	218.97	3.37	2	1	9	
9	81.10	218.97	88.78	239.71	22.12	3	1	5	9	
10	88.78	239.71	90.00	243.00	3.51	2	1	5	

0	2	12.042	1
1	0.00	0.00	12.00	1.00	12.04	1	2	

0	3	129.356	4
1	0.00	0.00	8.73	24.78	26.27	1	2	
2	8.73	24.78	28.55	81.00	59.61	0	
3	28.55	81.00	36.02	102.19	22.48	1	8	
4	36.02	102.19	43.00	122.00	21.00	2	3	8	

0	4	187.110	5
1	0.00	0.00	20.46	23.46	31.13	1	2	
2	20.46	23.46	62.57	71.72	64.05	0	
3	62.57	71.72	94.94	108.84	49.25	1	8	
4	94.94	108.84	99.99	114.63	7.68	0	
5	99.99	114.63	123.00	141.00	35.00	1	4	

0	5	264.322	7
1	0.00	0.00	12.86	24.98	28.10	1	2	
2	12.86	24.98	38.41	74.60	55.81	0	
3	38.41	74.60	53.43	103.78	32.81	1	8	
4	53.43	103.78	63.90	124.09	22.85	2	3	8	
5	63.90	124.09	74.99	145.65	24.24	1	8	
6	74.99	145.65	101.32	196.77	57.50	0	
7	101.32	196.77	121.00	235.00	43.00	1	5	

0	6	234.036	3
1	0.00	0.00	35.88	3.39	36.04	1	2	
2	35.88	3.39	217.07	20.50	182.00	0	
3	217.07	20.50	233.00	22.00	16.00	1	6	

0	7	276.219	5
1	0.00	0.00	36.00	1.43	36.02	1	2	
2	36.00	1.43	223.79	8.92	187.94	0	
3	223.79	8.92	237.03	9.45	13.25	1	6	
4	237.03	9.45	243.23	9.69	6.20	2	6	7	
5	243.23	9.69	276.00	11.00	32.80	1	7	

0	8	123.879	4
1	0.00	0.00	12.39	25.00	27.90	1	2	
2	12.39	25.00	37.24	75.16	55.98	0	
3	37.24	75.16	50.79	102.50	30.51	1	8	
4	50.79	102.50	55.00	111.00	9.49	2	3	8	

0	9	224.589	7
1	0.00	0.00	6.00	24.24	24.97	1	2	
2	6.00	24.24	21.92	88.51	66.21	0	
3	21.92	88.51	26.88	108.54	20.63	0	
4	26.88	108.54	35.03	141.43	33.89	2	3	8	
5	35.03	141.43	36.25	146.33	5.05	1	8	
6	36.25	146.33	44.14	178.20	32.83	0	
7	44.14	178.20	54.00	218.00	41.00	1	9	

1	0	259.131	10
1	90.00	243.00	88.78	239.71	3.51	2	1	5	
2	88.78	239.71	81.10	218.97	22.12	3	1	5	9	
3	81.10	218.97	79.93	215.81	3.37	2	1	9	
4	79.93	215.81	66.25	178.87	39.38	1	9	
5	66.25	178.87	55.92	150.99	29.73	0	
6	55.92	150.99	52.18	140.89	10.77	1	8	
7	52.18	140.89	37.66	101.69	41.80	2	3	8	
8	37.66	101.69	29.65	80.06	23.07	1	8	
9	29.65	80.06	9.20	24.84	58.89	0	
10	9.20	24.84	0.00	0.00	26.48	1	2	

1	1	0	0

1	2	254.260	10
1	90.00	243.00	88.89	239.54	3.63	2	1	5	
2	88.89	239.54	81.76	217.42	23.24	3	1	5	9	
3	81.76	217.42	81.10	215.40	2.13	2	1	9	
4	81.10	215.40	69.74	180.14	37.04	1	9	
5	69.74	180.14	60.24	150.66	30.98	0	
6	60.24	150.66	56.25	138.29	12.99	1	8	
7	56.25	138.29	44.24	101.04	39.14	2	3	8	
8	44.24	101.04	36.09	75.75	26.57	1	8	
9	36.09	75.75	19.36	23.84	54.54	0	
10	19.36	23.84	12.00	1.00	24.00	1	2	

1	3	129.808	7
1	90.00	243.00	88.74	239.77	3.47	2	1	5	
2	88.74	239.77	80.88	219.52	21.72	3	1	5	9	
3	80.88	219.52	79.50	215.97	3.82	2	1	9	
4	79.50	215.97	64.94	178.49	40.21	1	9	
5	64.94	178.49	54.26	150.99	29.50	0	
6	54.26	150.99	50.60	141.58	10.10	1	8	
7	50.60	141.58	43.00	122.00	21.00	2	3	8	

1	4	107.205	4
1	90.00	243.00	98.93	215.41	29.00	2	1	5	
2	98.93	215.41	105.57	194.86	21.59	1	5	
3	105.57	194.86	112.23	174.30	21.61	0	
4	112.23	174.30	123.00	141.00	35.00	1	4	

1	5	32.016	2
1	90.00	243.00	118.08	235.75	29.00	2	1	5	
2	118.08	235.75	121.00	235.00	3.02	1	5	

1	6	263.230	6
1	90.00	243.00	105.75	218.65	29.00	2	1	5	
2	105.75	218.65	122.97	192.05	31.69	1	5	
3	122.97	192.05	134.64	174.01	21.49	0	
4	134.64	174.01	157.88	138.10	42.77	1	4	
5	157.88	138.10	224.31	35.43	122.28	0	
6	224.31	35.43	233.00	22.00	16.00	1	6	

1	7	297.355	4
1	90.00	243.00	108.14	220.37	29.00	2	1	5	
2	108.14	220.37	130.11	192.98	35.12	1	5	
3	130.11	192.98	251.60	41.43	194.24	0	
4	251.60	41.43	276.00	11.00	39.00	1	7	

1	8	136.561	7
1	90.00	243.00	89.02	239.32	3.81	2	1	5	
2	89.02	239.32	82.70	215.46	24.68	3	1	5	9	
3	82.70	215.46	82.57	214.97	0.51	2	1	9	
4	82.57	214.97	73.86	182.13	33.97	1	9	
5	73.86	182.13	65.25	149.66	33.59	0	
6	65.25	149.66	60.85	133.06	17.18	1	8	
7	60.85	133.06	55.00	111.00	22.82	2	3	8	

1	9	43.829	4
1	90.00	243.00	87.68	241.39	2.83	2	1	5	
2	87.68	241.39	78.00	234.67	11.78	3	1	5	9	
3	78.00	234.67	66.18	226.46	14.39	2	1	9	
4	66.18	226.46	54.00	218.00	14.83	1	9	

2	0	12.042	1
1	12.00	1.00	0.00	0.00	12.04	1	2	

2	1	254.260	10
1	12.00	1.00	19.36	23.84	24.00	1	2	
2	19.36	23.84	36.09	75.75	54.54	0	
3	36.09	75.75	44.24	101.04	26.57	1	8	
4	44.24	101.04	56.25	138.29	39.14	2	3	8	
5	56.25	138.29	60.24	150.66	12.99	1	8	
6	60.24	150.66	69.74	180.14	30.98	0	
7	69.74	180.14	81.10	215.40	37.04	1	9	
8	81.10	215.40	81.76	217.42	2.13	2	1	9	
9	81.76	217.42	88.89	239.54	23.24	3	1	5	9	
10	88.89	239.54	90.00	243.00	3.63	2	1	5	

2	2	0	0

2	3	124.908	4
1	12.00	1.00	17.96	24.25	24.00	1	2	
2	17.96	24.25	31.83	78.40	55.89	0	
3	31.83	78.40	37.79	101.66	24.01	1	8	
4	37.79	101.66	43.00	122.00	21.00	2	3	8	

2	4	178.664	5
1	12.00	1.00	26.91	19.81	24.00	1	2	
2	26.91	19.81	69.73	73.81	68.92	0	
3	69.73	73.81	94.57	105.14	39.98	1	8	
4	94.57	105.14	101.26	113.57	10.76	0	
5	101.26	113.57	123.00	141.00	35.00	1	4	

2	5	258.141	5
1	12.00	1.00	22.13	22.76	24.00	1	2	
2	22.13	22.76	45.18	72.22	54.57	0	
3	45.18	72.22	78.36	143.47	78.59	1	8	
4	78.36	143.47	102.84	196.02	57.98	0	
5	102.84	196.02	121.00	235.00	43.00	1	5	

2	6	221.995	3
1	12.00	1.00	35.89	3.27	24.00	1	2	
2	35.89	3.27	217.07	20.49	182.00	0	
3	217.07	20.49	233.00	22.00	16.00	1	6	

2	7	264.189	5
1	12.00	1.00	35.98	1.91	24.00	1	2	
2	35.98	1.91	223.65	9.02	187.80	0	
3	223.65	9.02	237.03	9.52	13.39	1	6	
4	237.03	9.52	243.31	9.76	6.28	2	6	7	
5	243.31	9.76	276.00	11.00	32.72	1	7	

2	8	118.106	4
1	12.00	1.00	20.74	23.35	24.00	1	2	
2	20.74	23.35	40.44	73.75	54.11	0	
3	40.44	73.75	51.86	102.96	31.37	1	8	
4	51.86	102.96	55.00	111.00	8.63	2	3	8	

2	9	221.027	7
1	12.00	1.00	16.56	24.56	24.00	1	2	
2	16.56	24.56	27.64	81.82	58.32	0	
3	27.64	81.82	31.96	104.13	22.73	1	8	
4	31.96	104.13	39.42	142.69	39.27	2	3	8	
5	39.42	142.69	40.51	148.28	5.69	1	8	
6	40.51	148.28	46.21	177.75	30.01	0	
7	46.21	177.75	54.00	218.00	41.00	1	9	

3	0	129.356	4
1	43.00	122.00	36.02	102.19	21.00	2	3	8	
2	36.02	102.19	28.55	81.00	22.48	1	8	
3	28.55	81.00	8.73	24.78	59.61	0	
4	8.73	24.78	0.00	0.00	26.27	1	2	

3	1	129.808	7
1	43.00	122.00	50.60	141.58	21.00	2	3	8	
2	50.60	141.58	54.26	150.99	10.10	1	8	
3	54.26	150.99	64.94	178.49	29.50	0	
4	64.94	178.49	79.50	215.97	40.21	1	9	
5	79.50	215.97	80.88	219.52	3.82	2	1	9	
6	80.88	219.52	88.74	239.77	21.72	3	1	5	9	
7	88.74	239.77	90.00	243.00	3.47	2	1	5	

3	2	124.908	4
1	43.00	122.00	37.79	101.66	21.00	2	3	8	
2	37.79	101.66	31.83	78.40	24.01	1	8	
3	31.83	78.40	17.96	24.25	55.89	0	
4	17.96	24.25	12.00	1.00	24.00	1	2	

3	3	0	0

3	4	82.225	4
1	43.00	122.00	63.43	126.85	21.00	2	3	8	
2	63.43	126.85	88.53	132.81	25.80	1	8	
3	88.53	132.81	88.95	132.91	0.43	0	
4	88.95	132.91	123.00	141.00	35.00	1	4	

3	5	137.306	4
1	43.00	122.00	54.93	139.28	21.00	2	3	8	
2	54.93	139.28	62.52	150.29	13.37	1	8	
3	62.52	150.29	96.57	199.61	59.94	0	
4	96.57	199.61	121.00	235.00	43.00	1	5	

3	6	214.709	4
1	43.00	122.00	61.58	112.22	21.00	2	3	8	
2	61.58	112.22	92.14	96.14	34.53	1	8	
3	92.14	96.14	218.84	29.45	143.18	0	
4	218.84	29.45	233.00	22.00	16.00	1	6	

3	7	258.089	6
1	43.00	122.00	61.96	112.97	21.00	2	3	8	
2	61.96	112.97	92.91	98.23	34.28	1	8	
3	92.91	98.23	224.48	35.54	145.74	0	
4	224.48	35.54	240.79	27.77	18.07	1	6	
5	240.79	27.77	248.88	23.92	8.96	2	6	7	
6	248.88	23.92	276.00	11.00	30.04	1	7	

3	8	16.279	1
1	43.00	122.00	55.00	111.00	16.28	2	3	8	

3	9	96.628	4
1	43.00	122.00	45.39	142.86	21.00	2	3	8	
2	45.39	142.86	46.21	150.02	7.21	1	8	
3	46.21	150.02	49.33	177.27	27.42	0	
4	49.33	177.27	54.00	218.00	41.00	0	

4	0	187.110	5
1	123.00	141.00	99.99	114.63	35.00	1	4	
2	99.99	114.63	94.94	108.84	7.68	0	
3	94.94	108.84	62.57	71.72	49.25	1	8	
4	62.57	71.72	20.46	23.46	64.05	0	
5	20.46	23.46	0.00	0.00	31.13	1	2	

4	1	107.205	4
1	123.00	141.00	112.23	174.30	35.00	1	4	
2	112.23	174.30	105.57	194.86	21.61	0	
3	105.57	194.86	98.93	215.41	21.59	1	5	
4	98.93	215.41	90.00	243.00	29.00	2	1	5	

4	2	178.664	5
1	123.00	141.00	101.26	113.57	35.00	1	4	
2	101.26	113.57	94.57	105.14	10.76	0	
3	94.57	105.14	69.73	73.81	39.98	1	8	
4	69.73	73.81	26.91	19.81	68.92	0	
5	26.91	19.81	12.00	1.00	24.00	1	2	

4	3	82.225	4
1	123.00	141.00	88.95	132.91	35.00	1	4	
2	88.95	132.91	88.53	132.81	0.43	0	
3	88.53	132.81	63.43	126.85	25.80	1	8	
4	63.43	126.85	43.00	122.00	21.00	2	3	8	

4	4	0	0

4	5	94.021	3
1	123.00	141.00	122.26	175.99	35.00	1	4	
2	122.26	175.99	121.91	192.01	16.02	0	
3	121.91	192.01	121.00	235.00	43.00	0	

4	6	162.052	3
1	123.00	141.00	146.76	115.30	35.00	1	4	
2	146.76	115.30	222.14	33.75	111.05	0	
3	222.14	33.75	233.00	22.00	16.00	1	6	

4	7	200.771	3
1	123.00	141.00	149.67	118.34	35.00	1	4	
2	149.67	118.34	246.28	36.25	126.77	0	
3	246.28	36.25	276.00	11.00	39.00	1	7	

4	8	74.324	4
1	123.00	141.00	91.60	127.15	34.32	1	4	
2	91.60	127.15	90.98	126.87	0.68	2	4	8	
3	90.98	126.87	62.55	114.33	31.07	1	8	
4	62.55	114.33	55.00	111.00	8.25	2	3	8	

4	9	103.392	3
1	123.00	141.00	99.64	167.07	35.00	1	4	
2	99.64	167.07	81.36	187.47	27.39	0	
3	81.36	187.47	54.00	218.00	41.00	1	9	

5	0	264.322	7
1	121.00	235.00	101.32	196.77	43.00	1	5	
2	101.32	196.77	74.99	145.65	57.50	0	
3	74.99	145.65	63.90	124.09	24.24	1	8	
4	63.90	124.09	53.43	103.78	22.85	2	3	8	
5	53.43	103.78	38.41	74.60	32.81	1	8	
6	38.41	74.60	12.86	24.98	55.81	0	
7	12.86	24.98	0.00	0.00	28.10	1	2	

5	1	32.016	2
1	121.00	235.00	118.08	235.75	3.02	1	5	
2	118.08	235.75	90.00	243.00	29.00	2	1	5	

5	2	258.141	5
1	121.00	235.00	102.84	196.02	43.00	1	5	
2	102.84	196.02	78.36	143.47	57.98	0	
3	78.36	143.47	45.18	72.22	78.59	1	8	
4	45.18	72.22	22.13	22.76	54.57	0	
5	22.13	22.76	12.00	1.00	24.00	1	2	

5	3	137.306	4
1	121.00	235.00	96.57	199.61	43.00	1	5	
2	96.57	199.61	62.52	150.29	59.94	0	
3	62.52	150.29	54.93	139.28	13.37	1	8	
4	54.93	139.28	43.00	122.00	21.00	2	3	8	

5	4	94.021	3
1	121.00	235.00	121.91	192.01	43.00	0	
2	121.91	192.01	122.26	175.99	16.02	0	
3	122.26	175.99	123.00	141.00	35.00	1	4	

5	5	0	0

5	6	240.651	3
1	121.00	235.00	141.01	196.94	43.00	1	5	
2	141.01	196.94	225.55	36.16	181.65	0	
3	225.55	36.16	233.00	22.00	16.00	1	6	

5	7	272.399	3
1	121.00	235.00	145.47	199.64	43.00	1	5	
2	145.47	199.64	253.81	43.07	190.40	0	
3	253.81	43.07	276.00	11.00	39.00	1	7	

5	8	140.471	4
1	121.00	235.00	100.80	197.04	43.00	1	5	
2	100.80	197.04	73.79	146.31	57.47	0	
3	73.79	146.31	63.43	126.84	22.05	1	8	
4	63.43	126.84	55.00	111.00	17.95	2	3	8	

5	9	69.123	5
1	121.00	235.00	117.61	234.14	3.49	1	5	
2	117.61	234.14	93.74	228.08	24.63	2	1	5	
3	93.74	228.08	79.32	224.42	14.88	3	1	5	9	
4	79.32	224.42	69.95	222.05	9.67	2	1	9	
5	69.95	222.05	54.00	218.00	16.46	1	9	

6	0	234.036	3
1	233.00	22.00	217.07	20.50	16.00	1	6	
2	217.07	20.50	35.88	3.39	182.00	0	
3	35.88	3.39	0.00	0.00	36.04	1	2	

6	1	263.230	6
1	233.00	22.00	224.31	35.43	16.00	1	6	
2	224.31	35.43	157.88	138.10	122.28	0	
3	157.88	138.10	134.64	174.01	42.77	1	4	
4	134.64	174.01	122.97	192.05	21.49	0	
5	122.97	192.05	105.75	218.65	31.69	1	5	
6	105.75	218.65	90.00	243.00	29.00	2	1	5	

6	2	221.995	3
1	233.00	22.00	217.07	20.49	16.00	1	6	
2	217.07	20.49	35.89	3.27	182.00	0	
3	35.89	3.27	12.00	1.00	24.00	1	2	

6	3	214.709	4
1	233.00	22.00	218.84	29.45	16.00	1	6	
2	218.84	29.45	92.14	96.14	143.18	0	
3	92.14	96.14	61.58	112.22	34.53	1	8	
4	61.58	112.22	43.00	122.00	21.00	2	3	8	

6	4	162.052	3
1	233.00	22.00	222.14	33.75	16.00	1	6	
2	222.14	33.75	146.76	115.30	111.05	0	
3	146.76	115.30	123.00	141.00	35.00	1	4	

6	5	240.651	3
1	233.00	22.00	225.55	36.16	16.00	1	6	
2	225.55	36.16	141.01	196.94	181.65	0	
3	141.01	196.94	121.00	235.00	43.00	1	5	

6	6	0	0

6	7	44.385	3
1	233.00	22.00	238.22	20.67	5.38	1	6	
2	238.22	20.67	248.50	18.03	10.62	2	6	7	
3	248.50	18.03	276.00	11.00	28.38	1	7	

6	8	199.010	4
1	233.00	22.00	218.69	29.16	16.00	1	6	
2	218.69	29.16	90.78	93.11	143.01	0	
3	90.78	93.11	59.35	108.82	35.13	1	8	
4	59.35	108.82	55.00	111.00	4.87	2	3	8	

6	9	265.437	5
1	233.00	22.00	222.21	33.81	16.00	1	6	
2	222.21	33.81	147.31	115.82	111.06	0	
3	147.31	115.82	100.13	167.49	69.97	1	4	
4	100.13	167.49	81.65	187.73	27.40	0	
5	81.65	187.73	54.00	218.00	41.00	1	9	

7	0	276.219	5
1	276.00	11.00	243.23	9.69	32.80	1	7	
2	243.23	9.69	237.03	9.45	6.20	2	6	7	
3	237.03	9.45	223.79	8.92	13.25	1	6	
4	223.79	8.92	36.00	1.43	187.94	0	
5	36.00	1.43	0.00	0.00	36.02	1	2	

7	1	297.355	4
1	276.00	11.00	251.60	41.43	39.00	1	7	
2	251.60	41.43	130.11	192.98	194.24	0	
3	130.11	192.98	108.14	220.37	35.12	1	5	
4	108.14	220.37	90.00	243.00	29.00	2	1	5	

7	2	264.189	5
1	276.00	11.00	243.31	9.76	32.72	1	7	
2	243.31	9.76	237.03	9.52	6.28	2	6	7	
3	237.03	9.52	223.65	9.02	13.39	1	6	
4	223.65	9.02	35.98	1.91	187.80	0	
5	35.98	1.91	12.00	1.00	24.00	1	2	

7	3	258.089	6
1	276.00	11.00	248.88	23.92	30.04	1	7	
2	248.88	23.92	240.79	27.77	8.96	2	6	7	
3	240.79	27.77	224.48	35.54	18.07	1	6	
4	224.48	35.54	92.91	98.23	145.74	0	
5	92.91	98.23	61.96	112.97	34.28	1	8	
6	61.96	112.97	43.00	122.00	21.00	2	3	8	

7	4	200.771	3
1	276.00	11.00	246.28	36.25	39.00	1	7	
2	246.28	36.25	149.67	118.34	126.77	0	
3	149.67	118.34	123.00	141.00	35.00	1	4	

7	5	272.399	3
1	276.00	11.00	253.81	43.07	39.00	1	7	
2	253.81	43.07	145.47	199.64	190.40	0	
3	145.47	199.64	121.00	235.00	43.00	1	5	

7	6	44.385	3
1	276.00	11.00	248.50	18.03	28.38	1	7	
2	248.50	18.03	238.22	20.67	10.62	2	6	7	
3	238.22	20.67	233.00	22.00	5.38	1	6	

7	7	0	0

7	8	242.572	6
1	276.00	11.00	248.95	23.24	29.69	1	7	
2	248.95	23.24	240.47	27.08	9.31	2	6	7	
3	240.47	27.08	223.40	34.80	18.73	1	6	
4	223.40	34.80	91.44	94.51	144.84	0	
5	91.44	94.51	59.47	108.98	35.09	1	8	
6	59.47	108.98	55.00	111.00	4.91	2	3	8	

7	9	303.534	5
1	276.00	11.00	247.48	37.60	39.00	1	7	
2	247.48	37.60	154.00	124.76	127.80	0	
3	154.00	124.76	104.63	170.79	67.51	1	4	
4	104.63	170.79	83.99	190.04	28.22	0	
5	83.99	190.04	54.00	218.00	41.00	1	9	

8	0	123.879	4
1	55.00	111.00	50.79	102.50	9.49	2	3	8	
2	50.79	102.50	37.24	75.16	30.51	1	8	
3	37.24	75.16	12.39	25.00	55.98	0	
4	12.39	25.00	0.00	0.00	27.90	1	2	

8	1	136.561	7
1	55.00	111.00	60.85	133.06	22.82	2	3	8	
2	60.85	133.06	65.25	149.66	17.18	1	8	
3	65.25	149.66	73.86	182.13	33.59	0	
4	73.86	182.13	82.57	214.97	33.97	1	9	
5	82.57	214.97	82.70	215.46	0.51	2	1	9	
6	82.70	215.46	89.02	239.32	24.68	3	1	5	9	
7	89.02	239.32	90.00	243.00	3.81	2	1	5	

8	2	118.106	4
1	55.00	111.00	51.86	102.96	8.63	2	3	8	
2	51.86	102.96	40.44	73.75	31.37	1	8	
3	40.44	73.75	20.74	23.35	54.11	0	
4	20.74	23.35	12.00	1.00	24.00	1	2	

8	3	16.279	1
1	55.00	111.00	43.00	122.00	16.28	2	3	8	

8	4	74.324	4
1	55.00	111.00	62.55	114.33	8.25	2	3	8	
2	62.55	114.33	90.98	126.87	31.07	1	8	
3	90.98	126.87	91.60	127.15	0.68	2	4	8	
4	91.60	127.15	123.00	141.00	34.32	1	4	

8	5	140.471	4
1	55.00	111.00	63.43	126.84	17.95	2	3	8	
2	63.43	126.84	73.79	146.31	22.05	1	8	
3	73.79	146.31	100.80	197.04	57.47	0	
4	100.80	197.04	121.00	235.00	43.00	1	5	

8	6	199.010	4
1	55.00	111.00	59.35	108.82	4.87	2	3	8	
2	59.35	108.82	90.78	93.11	35.13	1	8	
3	90.78	93.11	218.69	29.16	143.01	0	
4	218.69	29.16	233.00	22.00	16.00	1	6	

8	7	242.572	6
1	55.00	111.00	59.47	108.98	4.91	2	3	8	
2	59.47	108.98	91.44	94.51	35.09	1	8	
3	91.44	94.51	223.40	34.80	144.84	0	
4	223.40	34.80	240.47	27.08	18.73	1	6	
5	240.47	27.08	248.95	23.24	9.31	2	6	7	
6	248.95	23.24	276.00	11.00	29.69	1	7	

8	8	0	0

8	9	107.005	4
1	55.00	111.00	54.73	139.42	28.42	1	8	
2	54.73	139.42	54.63	151.00	11.58	1	8	
3	54.63	151.00	54.38	177.00	26.00	0	
4	54.38	177.00	54.00	218.00	41.00	0	

9	0	224.589	7
1	54.00	218.00	44.14	178.20	41.00	1	9	
2	44.14	178.20	36.25	146.33	32.83	0	
3	36.25	146.33	35.03	141.43	5.05	1	8	
4	35.03	141.43	26.88	108.54	33.89	2	3	8	
5	26.88	108.54	21.92	88.51	20.63	0	
6	21.92	88.51	6.00	24.24	66.21	0	
7	6.00	24.24	0.00	0.00	24.97	1	2	

9	1	43.829	4
1	54.00	218.00	66.18	226.46	14.83	1	9	
2	66.18	226.46	78.00	234.67	14.39	2	1	9	
3	78.00	234.67	87.68	241.39	11.78	3	1	5	9	
4	87.68	241.39	90.00	243.00	2.83	2	1	5	

9	2	221.027	7
1	54.00	218.00	46.21	177.75	41.00	1	9	
2	46.21	177.75	40.51	148.28	30.01	0	
3	40.51	148.28	39.42	142.69	5.69	1	8	
4	39.42	142.69	31.96	104.13	39.27	2	3	8	
5	31.96	104.13	27.64	81.82	22.73	1	8	
6	27.64	81.82	16.56	24.56	58.32	0	
7	16.56	24.56	12.00	1.00	24.00	1	2	

9	3	96.628	4
1	54.00	218.00	49.33	177.27	41.00	0	
2	49.33	177.27	46.21	150.02	27.42	0	
3	46.21	150.02	45.39	142.86	7.21	1	8	
4	45.39	142.86	43.00	122.00	21.00	2	3	8	

9	4	103.392	3
1	54.00	218.00	81.36	187.47	41.00	1	9	
2	81.36	187.47	99.64	167.07	27.39	0	
3	99.64	167.07	123.00	141.00	35.00	1	4	

9	5	69.123	5
1	54.00	218.00	69.95	222.05	16.46	1	9	
2	69.95	222.05	79.32	224.42	9.67	2	1	9	
3	79.32	224.42	93.74	228.08	14.88	3	1	5	9	
4	93.74	228.08	117.61	234.14	24.63	2	1	5	
5	117.61	234.14	121.00	235.00	3.49	1	5	

9	6	265.437	5
1	54.00	218.00	81.65	187.73	41.00	1	9	
2	81.65	187.73	100.13	167.49	27.40	0	
3	100.13	167.49	147.31	115.82	69.97	1	4	
4	147.31	115.82	222.21	33.81	111.06	0	
5	222.21	33.81	233.00	22.00	16.00	1	6	

9	7	303.534	5
1	54.00	218.00	83.99	190.04	41.00	1	9	
2	83.99	190.04	104.63	170.79	28.22	0	
3	104.63	170.79	154.00	124.76	67.51	1	4	
4	154.00	124.76	247.48	37.60	127.80	0	
5	247.48	37.60	276.00	11.00	39.00	1	7	

9	8	107.005	4
1	54.00	218.00	54.38	177.00	41.00	0	
2	54.38	177.00	54.63	151.00	26.00	0	
3	54.63	151.00	54.73	139.42	11.58	1	8	
4	54.73	139.42	55.00	111.00	28.42	1	8	

9	9	0	0
