10	143	2	0.001	70.0
0.000	0.000	0.000	10.000	0.000
12.000	66.000	39.000	6.000	13.000
192.000	43.000	15.000	5.000	9.000
34.000	133.000	27.000	3.000	10.000
128.000	111.000	33.000	2.000	2.000
161.000	261.000	11.000	1.000	7.000
77.000	127.000	11.000	4.000	4.000
14.000	82.000	18.000	1.000	13.000
284.000	181.000	11.000	6.000	17.000
299.000	50.000	31.000	7.000	4.000
 


0	0	0	0

0	1	67.082	3
1	0.00	0.00	5.02	27.63	28.08	0	
2	5.02	27.63	11.66	64.15	37.12	1	1	
3	11.66	64.15	12.00	66.00	1.88	2	1	7	

0	2	196.756	2
1	0.00	0.00	177.36	39.72	181.76	0	
2	177.36	39.72	192.00	43.00	15.00	1	2	

0	3	137.277	6
1	0.00	0.00	6.99	27.32	28.20	0	
2	6.99	27.32	16.40	64.16	38.02	1	1	
3	16.40	64.16	24.67	96.50	33.38	2	1	7	
4	24.67	96.50	26.16	102.34	6.03	1	1	
5	26.16	102.34	27.31	106.84	4.65	0	
6	27.31	106.84	34.00	133.00	27.00	1	3	

0	4	169.425	2
1	0.00	0.00	103.07	89.38	136.43	0	
2	103.07	89.38	128.00	111.00	33.00	1	4	

0	5	306.663	6
1	0.00	0.00	16.84	27.30	32.08	0	
2	16.84	27.30	48.76	79.04	60.79	1	1	
3	48.76	79.04	72.23	117.09	44.71	0	
4	72.23	117.09	83.72	135.71	21.88	1	6	
5	83.72	135.71	155.22	251.64	136.21	0	
6	155.22	251.64	161.00	261.00	11.00	1	5	

0	6	148.519	4
1	0.00	0.00	16.53	27.26	31.88	0	
2	16.53	27.26	48.44	79.90	61.55	1	1	
3	48.44	79.90	71.30	117.59	44.09	0	
4	71.30	117.59	77.00	127.00	11.00	1	6	

0	7	83.187	3
1	0.00	0.00	4.73	27.68	28.08	0	
2	4.73	27.68	10.97	64.26	37.10	1	1	
3	10.97	64.26	14.00	82.00	18.00	2	1	7	

0	8	336.774	4
1	0.00	0.00	122.99	78.38	145.84	0	
2	122.99	78.38	159.68	101.77	43.51	1	4	
3	159.68	101.77	274.72	175.09	136.42	0	
4	274.72	175.09	284.00	181.00	11.00	1	8	

0	9	303.152	4
1	0.00	0.00	183.45	30.68	186.00	0	
2	183.45	30.68	204.10	34.13	20.94	1	2	
3	204.10	34.13	268.42	44.89	65.22	0	
4	268.42	44.89	299.00	50.00	31.00	1	9	

1	0	67.082	3
1	12.00	66.00	11.66	64.15	1.88	2	1	7	
2	11.66	64.15	5.02	27.63	37.12	1	1	
3	5.02	27.63	0.00	0.00	28.08	0	

1	1	0	0

1	2	181.463	4
1	12.00	66.00	19.89	64.99	7.96	2	1	7	
2	19.89	64.99	50.69	61.06	31.04	1	1	
3	50.69	61.06	177.12	44.90	127.46	0	
4	177.12	44.90	192.00	43.00	15.00	1	2	

1	3	70.520	4
1	12.00	66.00	22.47	97.88	33.56	2	1	7	
2	22.47	97.88	24.17	103.05	5.44	1	1	
3	24.17	103.05	25.58	107.35	4.52	0	
4	25.58	107.35	34.00	133.00	27.00	1	3	

1	4	124.423	4
1	12.00	66.00	29.45	72.77	18.72	2	1	7	
2	29.45	72.77	48.36	80.11	20.28	1	1	
3	48.36	80.11	97.23	99.06	52.42	0	
4	97.23	99.06	128.00	111.00	33.00	1	4	

1	5	245.410	6
1	12.00	66.00	30.21	89.83	29.99	2	1	7	
2	30.21	89.83	35.68	96.99	9.01	1	1	
3	35.68	96.99	44.05	107.94	13.78	0	
4	44.05	107.94	60.82	129.89	27.63	1	3	
5	60.82	129.89	154.32	252.26	154.00	0	
6	154.32	252.26	161.00	261.00	11.00	1	5	

1	6	89.140	4
1	12.00	66.00	31.81	84.59	27.17	2	1	7	
2	31.81	84.59	40.44	92.69	11.83	1	1	
3	40.44	92.69	68.98	119.47	39.14	0	
4	68.98	119.47	77.00	127.00	11.00	1	6	

1	7	16.125	1
1	12.00	66.00	14.00	82.00	16.12	2	1	7	

1	8	295.312	6
1	12.00	66.00	29.90	73.57	19.44	2	1	7	
2	29.90	73.57	47.92	81.19	19.56	1	1	
3	47.92	81.19	96.35	101.66	52.58	0	
4	96.35	101.66	156.75	127.20	65.58	1	4	
5	156.75	127.20	273.87	176.72	127.16	0	
6	273.87	176.72	284.00	181.00	11.00	1	8	

1	9	287.446	6
1	12.00	66.00	21.17	65.49	9.18	2	1	7	
2	21.17	65.49	50.94	63.83	29.82	1	1	
3	50.94	63.83	185.15	56.35	134.42	0	
4	185.15	56.35	200.29	55.50	15.16	1	2	
5	200.29	55.50	268.05	51.73	67.87	0	
6	268.05	51.73	299.00	50.00	31.00	1	9	

2	0	196.756	2
1	192.00	43.00	177.36	39.72	15.00	1	2	
2	177.36	39.72	0.00	0.00	181.76	0	

2	1	181.463	4
1	192.00	43.00	177.12	44.90	15.00	1	2	
2	177.12	44.90	50.69	61.06	127.46	0	
3	50.69	61.06	19.89	64.99	31.04	1	1	
4	19.89	64.99	12.00	66.00	7.96	2	1	7	

2	2	0	0

2	3	181.835	5
1	192.00	43.00	178.97	50.42	15.00	1	2	
2	178.97	50.42	130.40	78.09	55.89	0	
3	130.40	78.09	98.47	96.28	36.75	1	4	
4	98.47	96.28	57.46	119.64	47.19	0	
5	57.46	119.64	34.00	133.00	27.00	1	3	

2	4	93.381	3
1	192.00	43.00	181.72	53.92	15.00	1	2	
2	181.72	53.92	150.62	86.97	45.38	0	
3	150.62	86.97	128.00	111.00	33.00	1	4	

2	5	220.193	3
1	192.00	43.00	189.89	57.85	15.00	1	2	
2	189.89	57.85	162.55	250.11	194.19	0	
3	162.55	250.11	161.00	261.00	11.00	1	5	

2	6	142.411	5
1	192.00	43.00	179.89	51.85	15.00	1	2	
2	179.89	51.85	140.64	80.52	48.60	0	
3	140.64	80.52	95.12	113.77	56.37	1	4	
4	95.12	113.77	85.88	120.51	11.43	0	
5	85.88	120.51	77.00	127.00	11.00	1	6	

2	7	182.222	4
1	192.00	43.00	177.35	46.21	15.00	1	2	
2	177.35	46.21	50.15	74.08	130.21	0	
3	50.15	74.08	31.58	78.15	19.01	1	1	
4	31.58	78.15	14.00	82.00	18.00	2	1	7	

2	8	165.855	3
1	192.00	43.00	200.32	55.48	15.00	1	2	
2	200.32	55.48	277.90	171.85	139.86	0	
3	277.90	171.85	284.00	181.00	11.00	1	8	

2	9	107.229	3
1	192.00	43.00	206.97	43.98	15.00	1	2	
2	206.97	43.98	268.07	47.98	61.23	0	
3	268.07	47.98	299.00	50.00	31.00	1	9	

3	0	137.277	6
1	34.00	133.00	27.31	106.84	27.00	1	3	
2	27.31	106.84	26.16	102.34	4.65	0	
3	26.16	102.34	24.67	96.50	6.03	1	1	
4	24.67	96.50	16.40	64.16	33.38	2	1	7	
5	16.40	64.16	6.99	27.32	38.02	1	1	
6	6.99	27.32	0.00	0.00	28.20	0	

3	1	70.520	4
1	34.00	133.00	25.58	107.35	27.00	1	3	
2	25.58	107.35	24.17	103.05	4.52	0	
3	24.17	103.05	22.47	97.88	5.44	1	1	
4	22.47	97.88	12.00	66.00	33.56	2	1	7	

3	2	181.835	5
1	34.00	133.00	57.46	119.64	27.00	1	3	
2	57.46	119.64	98.47	96.28	47.19	0	
3	98.47	96.28	130.40	78.09	36.75	1	4	
4	130.40	78.09	178.97	50.42	55.89	0	
5	178.97	50.42	192.00	43.00	15.00	1	2	

3	3	0	0

3	4	96.540	5
1	34.00	133.00	60.29	126.85	27.00	1	3	
2	60.29	126.85	66.10	125.49	5.97	0	
3	66.10	125.49	86.09	120.81	20.53	1	6	
4	86.09	120.81	95.87	118.52	10.04	0	
5	95.87	118.52	128.00	111.00	33.00	1	4	

3	5	180.314	3
1	34.00	133.00	53.02	152.17	27.00	1	3	
2	53.02	152.17	153.25	253.19	142.31	0	
3	153.25	253.19	161.00	261.00	11.00	1	5	

3	6	43.417	3
1	34.00	133.00	60.74	129.27	27.00	1	3	
2	60.74	129.27	66.11	128.52	5.42	0	
3	66.11	128.52	77.00	127.00	11.00	1	6	

3	7	54.781	4
1	34.00	133.00	24.14	107.86	27.00	1	3	
2	24.14	107.86	22.46	103.57	4.61	0	
3	22.46	103.57	20.57	98.76	5.17	1	1	
4	20.57	98.76	14.00	82.00	18.00	2	1	7	

3	8	254.566	3
1	34.00	133.00	60.52	138.09	27.00	1	3	
2	60.52	138.09	273.20	178.93	216.57	0	
3	273.20	178.93	284.00	181.00	11.00	1	8	

3	9	277.694	7
1	34.00	133.00	59.77	124.93	27.00	1	3	
2	59.77	124.93	66.87	122.70	7.45	0	
3	66.87	122.70	82.87	117.69	16.76	1	6	
4	82.87	117.69	95.12	113.86	12.84	0	
5	95.12	113.86	156.63	94.59	64.45	1	4	
6	156.63	94.59	269.42	59.27	118.19	0	
7	269.42	59.27	299.00	50.00	31.00	1	9	

4	0	169.425	2
1	128.00	111.00	103.07	89.38	33.00	1	4	
2	103.07	89.38	0.00	0.00	136.43	0	

4	1	124.423	4
1	128.00	111.00	97.23	99.06	33.00	1	4	
2	97.23	99.06	48.36	80.11	52.42	0	
3	48.36	80.11	29.45	72.77	20.28	1	1	
4	29.45	72.77	12.00	66.00	18.72	2	1	7	

4	2	93.381	3
1	128.00	111.00	150.62	86.97	33.00	1	4	
2	150.62	86.97	181.72	53.92	45.38	0	
3	181.72	53.92	192.00	43.00	15.00	1	2	

4	3	96.540	5
1	128.00	111.00	95.87	118.52	33.00	1	4	
2	95.87	118.52	86.09	120.81	10.04	0	
3	86.09	120.81	66.10	125.49	20.53	1	6	
4	66.10	125.49	60.29	126.85	5.97	0	
5	60.29	126.85	34.00	133.00	27.00	1	3	

4	4	0	0

4	5	153.587	3
1	128.00	111.00	135.09	143.23	33.00	1	4	
2	135.09	143.23	158.64	250.26	109.59	0	
3	158.64	250.26	161.00	261.00	11.00	1	5	

4	6	53.451	3
1	128.00	111.00	96.51	120.88	33.00	1	4	
2	96.51	120.88	87.50	123.71	9.45	0	
3	87.50	123.71	77.00	127.00	11.00	1	6	

4	7	117.631	4
1	128.00	111.00	96.02	102.86	33.00	1	4	
2	96.02	102.86	43.18	89.42	54.52	0	
3	43.18	89.42	31.44	86.44	12.11	1	1	
4	31.44	86.44	14.00	82.00	18.00	2	1	7	

4	8	170.985	3
1	128.00	111.00	158.11	124.51	33.00	1	4	
2	158.11	124.51	273.96	176.50	126.99	0	
3	273.96	176.50	284.00	181.00	11.00	1	8	

4	9	181.554	3
1	128.00	111.00	159.08	99.91	33.00	1	4	
2	159.08	99.91	269.80	60.42	117.55	0	
3	269.80	60.42	299.00	50.00	31.00	1	9	

5	0	306.663	6
1	161.00	261.00	155.22	251.64	11.00	1	5	
2	155.22	251.64	83.72	135.71	136.21	0	
3	83.72	135.71	72.23	117.09	21.88	1	6	
4	72.23	117.09	48.76	79.04	44.71	0	
5	48.76	79.04	16.84	27.30	60.79	1	1	
6	16.84	27.30	0.00	0.00	32.08	0	

5	1	245.410	6
1	161.00	261.00	154.32	252.26	11.00	1	5	
2	154.32	252.26	60.82	129.89	154.00	0	
3	60.82	129.89	44.05	107.94	27.63	1	3	
4	44.05	107.94	35.68	96.99	13.78	0	
5	35.68	96.99	30.21	89.83	9.01	1	1	
6	30.21	89.83	12.00	66.00	29.99	2	1	7	

5	2	220.193	3
1	161.00	261.00	162.55	250.11	11.00	1	5	
2	162.55	250.11	189.89	57.85	194.19	0	
3	189.89	57.85	192.00	43.00	15.00	1	2	

5	3	180.314	3
1	161.00	261.00	153.25	253.19	11.00	1	5	
2	153.25	253.19	53.02	152.17	142.31	0	
3	53.02	152.17	34.00	133.00	27.00	1	3	

5	4	153.587	3
1	161.00	261.00	158.64	250.26	11.00	1	5	
2	158.64	250.26	135.09	143.23	109.59	0	
3	135.09	143.23	128.00	111.00	33.00	1	4	

5	5	0	0

5	6	158.152	3
1	161.00	261.00	155.16	251.68	11.00	1	5	
2	155.16	251.68	82.84	136.32	136.15	0	
3	82.84	136.32	77.00	127.00	11.00	1	6	

5	7	231.625	6
1	161.00	261.00	154.02	252.50	11.00	1	5	
2	154.02	252.50	60.43	138.53	147.47	0	
3	60.43	138.53	33.71	106.00	42.10	1	3	
4	33.71	106.00	29.49	100.86	6.65	0	
5	29.49	100.86	25.42	95.91	6.40	1	1	
6	25.42	95.91	14.00	82.00	18.00	2	1	7	

5	8	146.728	3
1	161.00	261.00	170.22	255.00	11.00	1	5	
2	170.22	255.00	274.78	187.00	124.73	0	
3	274.78	187.00	284.00	181.00	11.00	1	8	

5	9	252.121	3
1	161.00	261.00	167.02	251.79	11.00	1	5	
2	167.02	251.79	282.03	75.94	210.12	0	
3	282.03	75.94	299.00	50.00	31.00	1	9	

6	0	148.519	4
1	77.00	127.00	71.30	117.59	11.00	1	6	
2	71.30	117.59	48.44	79.90	44.09	0	
3	48.44	79.90	16.53	27.26	61.55	1	1	
4	16.53	27.26	0.00	0.00	31.88	0	

6	1	89.140	4
1	77.00	127.00	68.98	119.47	11.00	1	6	
2	68.98	119.47	40.44	92.69	39.14	0	
3	40.44	92.69	31.81	84.59	11.83	1	1	
4	31.81	84.59	12.00	66.00	27.17	2	1	7	

6	2	142.411	5
1	77.00	127.00	85.88	120.51	11.00	1	6	
2	85.88	120.51	95.12	113.77	11.43	0	
3	95.12	113.77	140.64	80.52	56.37	1	4	
4	140.64	80.52	179.89	51.85	48.60	0	
5	179.89	51.85	192.00	43.00	15.00	1	2	

6	3	43.417	3
1	77.00	127.00	66.11	128.52	11.00	1	6	
2	66.11	128.52	60.74	129.27	5.42	0	
3	60.74	129.27	34.00	133.00	27.00	1	3	

6	4	53.451	3
1	77.00	127.00	87.50	123.71	11.00	1	6	
2	87.50	123.71	96.51	120.88	9.45	0	
3	96.51	120.88	128.00	111.00	33.00	1	4	

6	5	158.152	3
1	77.00	127.00	82.84	136.32	11.00	1	6	
2	82.84	136.32	155.16	251.68	136.15	0	
3	155.16	251.68	161.00	261.00	11.00	1	5	

6	6	0	0

6	7	77.421	4
1	77.00	127.00	68.05	120.61	11.00	1	6	
2	68.05	120.61	35.34	97.24	40.19	0	
3	35.34	97.24	28.65	92.46	8.23	1	1	
4	28.65	92.46	14.00	82.00	18.00	2	1	7	

6	8	213.928	5
1	77.00	127.00	87.64	129.78	11.00	1	6	
2	87.64	129.78	104.51	134.18	17.43	0	
3	104.51	134.18	137.18	142.70	33.76	1	4	
4	137.18	142.70	273.36	178.22	140.74	0	
5	273.36	178.22	284.00	181.00	11.00	1	8	

6	9	234.974	5
1	77.00	127.00	87.39	123.40	11.00	1	6	
2	87.39	123.40	96.34	120.29	9.47	0	
3	96.34	120.29	158.62	98.69	65.92	1	4	
4	158.62	98.69	269.71	60.16	117.59	0	
5	269.71	60.16	299.00	50.00	31.00	1	9	

7	0	83.187	3
1	14.00	82.00	10.97	64.26	18.00	2	1	7	
2	10.97	64.26	4.73	27.68	37.10	1	1	
3	4.73	27.68	0.00	0.00	28.08	0	

7	1	16.125	1
1	14.00	82.00	12.00	66.00	16.12	2	1	7	

7	2	182.222	4
1	14.00	82.00	31.58	78.15	18.00	2	1	7	
2	31.58	78.15	50.15	74.08	19.01	1	1	
3	50.15	74.08	177.35	46.21	130.21	0	
4	177.35	46.21	192.00	43.00	15.00	1	2	

7	3	54.781	4
1	14.00	82.00	20.57	98.76	18.00	2	1	7	
2	20.57	98.76	22.46	103.57	5.17	1	1	
3	22.46	103.57	24.14	107.86	4.61	0	
4	24.14	107.86	34.00	133.00	27.00	1	3	

7	4	117.631	4
1	14.00	82.00	31.44	86.44	18.00	2	1	7	
2	31.44	86.44	43.18	89.42	12.11	1	1	
3	43.18	89.42	96.02	102.86	54.52	0	
4	96.02	102.86	128.00	111.00	33.00	1	4	

7	5	231.625	6
1	14.00	82.00	25.42	95.91	18.00	2	1	7	
2	25.42	95.91	29.49	100.86	6.40	1	1	
3	29.49	100.86	33.71	106.00	6.65	0	
4	33.71	106.00	60.43	138.53	42.10	1	3	
5	60.43	138.53	154.02	252.50	147.47	0	
6	154.02	252.50	161.00	261.00	11.00	1	5	

7	6	77.421	4
1	14.00	82.00	28.65	92.46	18.00	2	1	7	
2	28.65	92.46	35.34	97.24	8.23	1	1	
3	35.34	97.24	68.05	120.61	40.19	0	
4	68.05	120.61	77.00	127.00	11.00	1	6	

7	7	0	0

7	8	287.578	6
1	14.00	82.00	30.90	88.20	18.00	2	1	7	
2	30.90	88.20	41.12	91.94	10.88	1	1	
3	41.12	91.94	95.01	111.70	57.40	0	
4	95.01	111.70	152.72	132.86	61.47	1	4	
5	152.72	132.86	273.67	177.21	128.83	0	
6	273.67	177.21	284.00	181.00	11.00	1	8	

7	9	286.791	4
1	14.00	82.00	31.89	79.99	18.00	2	1	7	
2	31.89	79.99	49.09	78.06	17.31	1	1	
3	49.09	78.06	268.19	53.46	220.48	0	
4	268.19	53.46	299.00	50.00	31.00	1	9	

8	0	336.774	4
1	284.00	181.00	274.72	175.09	11.00	1	8	
2	274.72	175.09	159.68	101.77	136.42	0	
3	159.68	101.77	122.99	78.38	43.51	1	4	
4	122.99	78.38	0.00	0.00	145.84	0	

8	1	295.312	6
1	284.00	181.00	273.87	176.72	11.00	1	8	
2	273.87	176.72	156.75	127.20	127.16	0	
3	156.75	127.20	96.35	101.66	65.58	1	4	
4	96.35	101.66	47.92	81.19	52.58	0	
5	47.92	81.19	29.90	73.57	19.56	1	1	
6	29.90	73.57	12.00	66.00	19.44	2	1	7	

8	2	165.855	3
1	284.00	181.00	277.90	171.85	11.00	1	8	
2	277.90	171.85	200.32	55.48	139.86	0	
3	200.32	55.48	192.00	43.00	15.00	1	2	

8	3	254.566	3
1	284.00	181.00	273.20	178.93	11.00	1	8	
2	273.20	178.93	60.52	138.09	216.57	0	
3	60.52	138.09	34.00	133.00	27.00	1	3	

8	4	170.985	3
1	284.00	181.00	273.96	176.50	11.00	1	8	
2	273.96	176.50	158.11	124.51	126.99	0	
3	158.11	124.51	128.00	111.00	33.00	1	4	

8	5	146.728	3
1	284.00	181.00	274.78	187.00	11.00	1	8	
2	274.78	187.00	170.22	255.00	124.73	0	
3	170.22	255.00	161.00	261.00	11.00	1	5	

8	6	213.928	5
1	284.00	181.00	273.36	178.22	11.00	1	8	
2	273.36	178.22	137.18	142.70	140.74	0	
3	137.18	142.70	104.51	134.18	33.76	1	4	
4	104.51	134.18	87.64	129.78	17.43	0	
5	87.64	129.78	77.00	127.00	11.00	1	6	

8	7	287.578	6
1	284.00	181.00	273.67	177.21	11.00	1	8	
2	273.67	177.21	152.72	132.86	128.83	0	
3	152.72	132.86	95.01	111.70	61.47	1	4	
4	95.01	111.70	41.12	91.94	57.40	0	
5	41.12	91.94	30.90	88.20	10.88	1	1	
6	30.90	88.20	14.00	82.00	18.00	2	1	7	

8	8	0	0

8	9	131.856	3
1	284.00	181.00	285.25	170.07	11.00	1	8	
2	285.25	170.07	295.47	80.80	89.86	0	
3	295.47	80.80	299.00	50.00	31.00	0	

9	0	303.152	4
1	299.00	50.00	268.42	44.89	31.00	1	9	
2	268.42	44.89	204.10	34.13	65.22	0	
3	204.10	34.13	183.45	30.68	20.94	1	2	
4	183.45	30.68	0.00	0.00	186.00	0	

9	1	287.446	6
1	299.00	50.00	268.05	51.73	31.00	1	9	
2	268.05	51.73	200.29	55.50	67.87	0	
3	200.29	55.50	185.15	56.35	15.16	1	2	
4	185.15	56.35	50.94	63.83	134.42	0	
5	50.94	63.83	21.17	65.49	29.82	1	1	
6	21.17	65.49	12.00	66.00	9.18	2	1	7	

9	2	107.229	3
1	299.00	50.00	268.07	47.98	31.00	1	9	
2	268.07	47.98	206.97	43.98	61.23	0	
3	206.97	43.98	192.00	43.00	15.00	1	2	

9	3	277.694	7
1	299.00	50.00	269.42	59.27	31.00	1	9	
2	269.42	59.27	156.63	94.59	118.19	0	
3	156.63	94.59	95.12	113.86	64.45	1	4	
4	95.12	113.86	82.87	117.69	12.84	0	
5	82.87	117.69	66.87	122.70	16.76	1	6	
6	66.87	122.70	59.77	124.93	7.45	0	
7	59.77	124.93	34.00	133.00	27.00	1	3	

9	4	181.554	3
1	299.00	50.00	269.80	60.42	31.00	1	9	
2	269.80	60.42	159.08	99.91	117.55	0	
3	159.08	99.91	128.00	111.00	33.00	1	4	

9	5	252.121	3
1	299.00	50.00	282.03	75.94	31.00	1	9	
2	282.03	75.94	167.02	251.79	210.12	0	
3	167.02	251.79	161.00	261.00	11.00	1	5	

9	6	234.974	5
1	299.00	50.00	269.71	60.16	31.00	1	9	
2	269.71	60.16	158.62	98.69	117.59	0	
3	158.62	98.69	96.34	120.29	65.92	1	4	
4	96.34	120.29	87.39	123.40	9.47	0	
5	87.39	123.40	77.00	127.00	11.00	1	6	

9	7	286.791	4
1	299.00	50.00	268.19	53.46	31.00	1	9	
2	268.19	53.46	49.09	78.06	220.48	0	
3	49.09	78.06	31.89	79.99	17.31	1	1	
4	31.89	79.99	14.00	82.00	18.00	2	1	7	

9	8	131.856	3
1	299.00	50.00	295.47	80.80	31.00	0	
2	295.47	80.80	285.25	170.07	89.86	0	
3	285.25	170.07	284.00	181.00	11.00	1	8	

9	9	0	0
