16	524	2	0.001	120.0
0.000	0.000	0.000	7.000	0.000
278.000	296.000	13.000	5.000	12.000
206.000	103.000	8.000	3.000	12.000
165.000	78.000	23.000	7.000	10.000
10.000	137.000	3.000	5.000	17.000
53.000	23.000	28.000	5.000	1.000
161.000	234.000	40.000	6.000	6.000
122.000	7.000	30.000	7.000	3.000
96.000	115.000	11.000	4.000	15.000
163.000	23.000	46.000	5.000	10.000
178.000	204.000	31.000	4.000	4.000
282.000	104.000	46.000	9.000	5.000
241.000	47.000	1.000	4.000	8.000
122.000	129.000	38.000	9.000	4.000
64.000	29.000	41.000	8.000	19.000
36.000	72.000	1.000	9.000	5.000
 


0	0	0	0

0	1	406.079	12
1	0.00	0.00	23.22	24.73	33.92	0	
2	23.22	24.73	25.27	26.91	3.00	1	14	
3	25.27	26.91	47.36	50.43	32.26	2	5	14	
4	47.36	50.43	65.71	69.96	26.80	1	14	
5	65.71	69.96	95.54	101.73	43.57	0	
6	95.54	101.73	97.82	104.15	3.33	1	13	
7	97.82	104.15	106.94	113.87	13.33	2	8	13	
8	106.94	113.87	147.56	157.12	59.34	1	13	
9	147.56	157.12	165.11	175.81	25.64	0	
10	165.11	175.81	205.33	218.63	58.75	1	10	
11	205.33	218.63	269.10	286.52	93.15	0	
12	269.10	286.52	278.00	296.00	13.00	1	1	

0	2	230.315	8
1	0.00	0.00	26.21	13.10	29.30	0	
2	26.21	13.10	26.71	13.36	0.57	1	14	
3	26.71	13.36	76.49	38.24	55.65	2	5	14	
4	76.49	38.24	99.39	49.70	25.61	1	14	
5	99.39	49.70	142.95	71.47	48.69	0	
6	142.95	71.47	183.45	91.73	45.29	1	3	
7	183.45	91.73	198.84	99.42	17.21	0	
8	198.84	99.42	206.00	103.00	8.00	1	2	

0	3	182.508	6
1	0.00	0.00	26.46	12.51	29.27	0	
2	26.46	12.51	26.95	12.74	0.54	1	14	
3	26.95	12.74	77.46	36.62	55.88	2	5	14	
4	77.46	36.62	100.57	47.54	25.56	1	14	
5	100.57	47.54	144.21	68.17	48.27	0	
6	144.21	68.17	165.00	78.00	23.00	1	3	

0	4	137.364	2
1	0.00	0.00	9.78	134.01	134.36	0	
2	9.78	134.01	10.00	137.00	3.00	1	4	

0	5	57.775	3
1	0.00	0.00	26.85	11.65	29.27	0	
2	26.85	11.65	27.31	11.85	0.51	1	14	
3	27.31	11.85	53.00	23.00	28.00	2	5	14	

0	6	284.037	6
1	0.00	0.00	23.29	33.85	41.08	0	
2	23.29	33.85	44.92	65.29	38.17	1	14	
3	44.92	65.29	84.51	122.82	69.83	0	
4	84.51	122.82	114.37	166.23	52.69	1	13	
5	114.37	166.23	138.33	201.05	42.27	0	
6	138.33	201.05	161.00	234.00	40.00	1	6	

0	7	122.201	7
1	0.00	0.00	33.23	1.91	33.28	0	
2	33.23	1.91	34.50	1.98	1.28	1	14	
3	34.50	1.98	73.78	4.23	39.34	2	5	14	
4	73.78	4.23	92.05	5.28	18.30	1	14	
5	92.05	5.28	97.67	5.60	5.63	2	7	14	
6	97.67	5.60	119.92	6.88	22.28	1	7	
7	119.92	6.88	122.00	7.00	2.09	2	7	9	

0	8	149.803	7
1	0.00	0.00	23.02	27.58	35.93	0	
2	23.02	27.58	26.34	31.55	5.17	1	14	
3	26.34	31.55	39.82	47.71	21.05	2	5	14	
4	39.82	47.71	58.08	69.57	28.48	1	14	
5	58.08	69.57	88.95	106.56	48.18	0	
6	88.95	106.56	90.25	108.12	2.03	1	8	
7	90.25	108.12	96.00	115.00	8.97	2	8	13	

0	9	164.615	8
1	0.00	0.00	31.20	4.40	31.51	0	
2	31.20	4.40	31.97	4.51	0.78	1	14	
3	31.97	4.51	78.32	11.05	46.81	2	5	14	
4	78.32	11.05	92.62	13.07	14.44	1	14	
5	92.62	13.07	102.33	14.44	9.80	2	7	14	
6	102.33	14.44	117.45	16.57	15.27	1	7	
7	117.45	16.57	148.55	20.96	31.41	2	7	9	
8	148.55	20.96	163.00	23.00	14.59	1	9	

0	10	270.740	11
1	0.00	0.00	23.08	26.45	35.10	0	
2	23.08	26.45	25.77	29.54	4.10	1	14	
3	25.77	29.54	42.83	49.09	25.95	2	5	14	
4	42.83	49.09	60.98	69.89	27.60	1	14	
5	60.98	69.89	91.56	104.94	46.51	0	
6	91.56	104.94	92.10	105.55	0.82	1	8	
7	92.10	105.55	105.37	120.76	20.19	2	8	13	
8	105.37	120.76	141.18	161.80	54.47	1	13	
9	141.18	161.80	157.62	180.64	25.00	0	
10	157.62	180.64	170.21	195.08	19.16	1	10	
11	170.21	195.08	178.00	204.00	11.84	2	6	10	

0	11	300.566	10
1	0.00	0.00	27.58	10.17	29.39	0	
2	27.58	10.17	28.03	10.34	0.48	1	14	
3	28.03	10.34	80.22	29.58	55.62	2	5	14	
4	80.22	29.58	103.92	38.33	25.27	1	14	
5	103.92	38.33	122.75	45.27	20.06	0	
6	122.75	45.27	155.15	57.22	34.53	1	9	
7	155.15	57.22	179.15	66.07	25.59	2	3	9	
8	179.15	66.07	185.99	68.59	7.28	1	3	
9	185.99	68.59	238.84	88.08	56.33	0	
10	238.84	88.08	282.00	104.00	46.00	1	11	

0	12	245.540	10
1	0.00	0.00	30.14	5.88	30.71	0	
2	30.14	5.88	30.75	6.00	0.62	1	14	
3	30.75	6.00	80.01	15.60	50.18	2	5	14	
4	80.01	15.60	94.24	18.38	14.50	1	14	
5	94.24	18.38	104.07	20.29	10.01	2	7	14	
6	104.07	20.29	117.00	22.82	13.18	1	7	
7	117.00	22.82	143.45	27.98	26.95	2	7	9	
8	143.45	27.98	205.70	40.12	63.42	1	9	
9	205.70	40.12	240.02	46.81	34.97	0	
10	240.02	46.81	241.00	47.00	1.00	1	12	

0	13	177.553	8
1	0.00	0.00	23.24	24.57	33.82	0	
2	23.24	24.57	25.24	26.69	2.92	1	14	
3	25.24	26.69	47.77	50.51	32.78	2	5	14	
4	47.77	50.51	66.15	69.94	26.75	1	14	
5	66.15	69.94	95.89	101.39	43.28	0	
6	95.89	101.39	98.67	104.33	4.04	1	13	
7	98.67	104.33	106.80	112.93	11.84	2	8	13	
8	106.80	112.93	122.00	129.00	22.12	1	13	

0	14	70.264	3
1	0.00	0.00	26.66	12.08	29.26	0	
2	26.66	12.08	27.13	12.29	0.52	1	14	
3	27.13	12.29	64.00	29.00	40.48	2	5	14	

0	15	80.498	2
1	0.00	0.00	35.55	71.11	79.50	0	
2	35.55	71.11	36.00	72.00	1.00	1	15	

1	0	406.079	12
1	278.00	296.00	269.10	286.52	13.00	1	1	
2	269.10	286.52	205.33	218.63	93.15	0	
3	205.33	218.63	165.11	175.81	58.75	1	10	
4	165.11	175.81	147.56	157.12	25.64	0	
5	147.56	157.12	106.94	113.87	59.34	1	13	
6	106.94	113.87	97.82	104.15	13.33	2	8	13	
7	97.82	104.15	95.54	101.73	3.33	1	13	
8	95.54	101.73	65.71	69.96	43.57	0	
9	65.71	69.96	47.36	50.43	26.80	1	14	
10	47.36	50.43	25.27	26.91	32.26	2	5	14	
11	25.27	26.91	23.22	24.73	3.00	1	14	
12	23.22	24.73	0.00	0.00	33.92	0	

1	1	0	0

1	2	205.993	3
1	278.00	296.00	273.46	283.82	13.00	1	1	
2	273.46	283.82	208.80	110.50	184.99	0	
3	208.80	110.50	206.00	103.00	8.00	1	2	

1	3	245.546	3
1	278.00	296.00	272.02	284.46	13.00	1	1	
2	272.02	284.46	175.58	98.42	209.55	0	
3	175.58	98.42	165.00	78.00	23.00	1	3	

1	4	311.617	7
1	278.00	296.00	266.82	289.37	13.00	1	1	
2	266.82	289.37	198.21	248.66	79.77	0	
3	198.21	248.66	174.92	234.85	27.08	1	6	
4	174.92	234.85	152.40	221.48	26.19	2	6	10	
5	152.40	221.48	130.29	208.37	25.71	1	6	
6	130.29	208.37	12.58	138.53	136.87	0	
7	12.58	138.53	10.00	137.00	3.00	1	4	

1	5	353.771	8
1	278.00	296.00	269.73	285.97	13.00	1	1	
2	269.73	285.97	208.14	211.24	96.84	0	
3	208.14	211.24	176.65	173.03	49.52	1	10	
4	176.65	173.03	155.36	147.20	33.48	0	
5	155.36	147.20	110.51	92.78	70.52	1	13	
6	110.51	92.78	86.30	63.40	38.06	0	
7	86.30	63.40	70.81	44.61	24.36	1	14	
8	70.81	44.61	53.00	23.00	28.00	2	5	14	

1	6	132.412	3
1	278.00	296.00	266.51	289.91	13.00	1	1	
2	266.51	289.91	196.34	252.73	79.41	0	
3	196.34	252.73	161.00	234.00	40.00	1	6	

1	7	328.416	6
1	278.00	296.00	271.82	284.56	13.00	1	1	
2	271.82	284.56	172.13	99.87	209.88	0	
3	172.13	99.87	155.10	68.32	35.85	1	3	
4	155.10	68.32	150.63	60.04	9.40	2	3	9	
5	150.63	60.04	136.25	33.40	30.27	1	9	
6	136.25	33.40	122.00	7.00	30.00	2	7	9	

1	8	256.681	8
1	278.00	296.00	268.78	286.83	13.00	1	1	
2	268.78	286.83	203.38	221.79	92.23	0	
3	203.38	221.79	195.77	214.22	10.74	1	10	
4	195.77	214.22	180.59	199.13	21.40	2	6	10	
5	180.59	199.13	160.07	178.71	28.95	1	10	
6	160.07	178.71	142.35	161.09	24.99	0	
7	142.35	161.09	103.80	122.76	54.37	1	13	
8	103.80	122.76	96.00	115.00	11.00	2	8	13	

1	9	296.233	5
1	278.00	296.00	272.95	284.02	13.00	1	1	
2	272.95	284.02	187.71	81.65	219.59	0	
3	187.71	81.65	180.86	65.39	17.65	1	3	
4	180.86	65.39	178.25	59.20	6.72	2	3	9	
5	178.25	59.20	163.00	23.00	39.28	1	9	

1	10	135.882	4
1	278.00	296.00	268.43	287.20	13.00	1	1	
2	268.43	287.20	200.81	224.99	91.88	0	
3	200.81	224.99	199.73	223.99	1.48	1	10	
4	199.73	223.99	178.00	204.00	29.52	2	6	10	

1	11	192.042	3
1	278.00	296.00	278.27	283.00	13.00	0	
2	278.27	283.00	281.04	149.99	133.04	0	
3	281.04	149.99	282.00	104.00	46.00	1	11	

1	12	251.734	5
1	278.00	296.00	276.09	283.14	13.00	1	1	
2	276.09	283.14	255.00	141.25	143.45	0	
3	255.00	141.25	245.34	76.21	65.75	0	
4	245.34	76.21	241.15	47.99	28.53	0	
5	241.15	47.99	241.00	47.00	1.00	1	12	

1	13	228.528	5
1	278.00	296.00	269.13	286.50	13.00	1	1	
2	269.13	286.50	205.47	218.36	93.25	0	
3	205.47	218.36	165.54	175.61	58.50	1	10	
4	165.54	175.61	147.94	156.77	25.79	0	
5	147.94	156.77	122.00	129.00	38.00	1	13	

1	14	342.177	8
1	278.00	296.00	269.87	285.86	13.00	1	1	
2	269.87	285.86	208.54	209.33	98.07	0	
3	208.54	209.33	179.44	173.03	46.52	1	10	
4	179.44	173.03	156.65	144.60	36.44	0	
5	156.65	144.60	114.32	91.78	67.68	1	13	
6	114.32	91.78	89.64	60.99	39.46	0	
7	89.64	60.99	74.02	41.50	24.98	1	14	
8	74.02	41.50	64.00	29.00	16.02	2	5	14	

1	15	329.757	11
1	278.00	296.00	268.46	287.17	13.00	1	1	
2	268.46	287.17	201.03	224.75	91.88	0	
3	201.03	224.75	199.57	223.40	1.99	1	10	
4	199.57	223.40	168.59	194.73	42.22	2	6	10	
5	168.59	194.73	155.53	182.64	17.79	1	10	
6	155.53	182.64	135.82	164.40	26.86	0	
7	135.82	164.40	94.17	125.85	56.75	1	13	
8	94.17	125.85	85.64	117.95	11.63	2	8	13	
9	85.64	117.95	85.33	117.66	0.43	1	8	
10	85.33	117.66	36.73	72.68	66.21	0	
11	36.73	72.68	36.00	72.00	1.00	1	15	

2	0	230.315	8
1	206.00	103.00	198.84	99.42	8.00	1	2	
2	198.84	99.42	183.45	91.73	17.21	0	
3	183.45	91.73	142.95	71.47	45.29	1	3	
4	142.95	71.47	99.39	49.70	48.69	0	
5	99.39	49.70	76.49	38.24	25.61	1	14	
6	76.49	38.24	26.71	13.36	55.65	2	5	14	
7	26.71	13.36	26.21	13.10	0.57	1	14	
8	26.21	13.10	0.00	0.00	29.30	0	

2	1	205.993	3
1	206.00	103.00	208.80	110.50	8.00	1	2	
2	208.80	110.50	273.46	283.82	184.99	0	
3	273.46	283.82	278.00	296.00	13.00	1	1	

2	2	0	0

2	3	48.021	3
1	206.00	103.00	199.17	98.84	8.00	1	2	
2	199.17	98.84	184.64	89.97	17.02	0	
3	184.64	89.97	165.00	78.00	23.00	1	3	

2	4	198.927	7
1	206.00	103.00	198.12	104.37	8.00	1	2	
2	198.12	104.37	155.83	111.70	42.91	0	
3	155.83	111.70	105.57	120.42	51.01	1	13	
4	105.57	120.42	88.81	123.33	17.01	2	8	13	
5	88.81	123.33	84.32	124.11	4.56	1	13	
6	84.32	124.11	12.96	136.49	72.43	0	
7	12.96	136.49	10.00	137.00	3.00	1	4	

2	5	172.653	6
1	206.00	103.00	198.91	99.29	8.00	1	2	
2	198.91	99.29	183.73	91.35	17.13	0	
3	183.73	91.35	143.35	70.24	45.56	1	3	
4	143.35	70.24	100.43	47.80	48.43	0	
5	100.43	47.80	77.81	35.97	25.53	1	14	
6	77.81	35.97	53.00	23.00	28.00	2	5	14	

2	6	138.514	5
1	206.00	103.00	203.40	110.57	8.00	1	2	
2	203.40	110.57	181.87	173.24	66.27	0	
3	181.87	173.24	174.00	196.17	24.24	1	10	
4	174.00	196.17	162.15	230.64	36.45	2	6	10	
5	162.15	230.64	161.00	234.00	3.55	1	6	

2	7	127.562	6
1	206.00	103.00	200.73	96.98	8.00	1	2	
2	200.73	96.98	187.65	82.02	19.87	0	
3	187.65	82.02	174.88	67.44	19.38	1	3	
4	174.88	67.44	164.02	55.02	16.50	2	3	9	
5	164.02	55.02	141.76	29.58	33.81	1	9	
6	141.76	29.58	122.00	7.00	30.00	2	7	9	

2	8	110.653	4
1	206.00	103.00	198.05	103.87	8.00	1	2	
2	198.05	103.87	154.10	108.66	44.21	0	
3	154.10	108.66	106.94	113.81	47.44	1	13	
4	106.94	113.81	96.00	115.00	11.00	2	8	13	

2	9	90.824	3
1	206.00	103.00	202.21	95.95	8.00	1	2	
2	202.21	95.95	184.78	63.52	36.82	0	
3	184.78	63.52	163.00	23.00	46.00	1	9	

2	10	104.809	4
1	206.00	103.00	203.86	110.71	8.00	1	2	
2	203.86	110.71	186.28	174.13	65.81	0	
3	186.28	174.13	179.51	198.54	25.34	1	10	
4	179.51	198.54	178.00	204.00	5.66	2	6	10	

2	11	76.007	3
1	206.00	103.00	214.00	103.11	8.00	1	2	
2	214.00	103.11	236.00	103.39	22.01	0	
3	236.00	103.39	282.00	104.00	46.00	1	11	

2	12	66.038	3
1	206.00	103.00	210.24	96.22	8.00	1	2	
2	210.24	96.22	240.47	47.85	57.04	0	
3	240.47	47.85	241.00	47.00	1.00	1	12	

2	13	87.932	3
1	206.00	103.00	198.36	105.37	8.00	1	2	
2	198.36	105.37	158.30	117.76	41.93	0	
3	158.30	117.76	122.00	129.00	38.00	1	13	

2	14	160.125	6
1	206.00	103.00	198.91	99.30	8.00	1	2	
2	198.91	99.30	183.71	91.38	17.14	0	
3	183.71	91.38	143.32	70.33	45.55	1	3	
4	143.32	70.33	100.36	47.95	48.44	0	
5	100.36	47.95	77.72	36.15	25.53	1	14	
6	77.72	36.15	64.00	29.00	15.47	2	5	14	

2	15	172.803	5
1	206.00	103.00	198.13	101.56	8.00	1	2	
2	198.13	101.56	176.89	97.69	21.59	0	
3	176.89	97.69	146.93	92.23	30.45	1	3	
4	146.93	92.23	36.98	72.18	111.76	0	
5	36.98	72.18	36.00	72.00	1.00	1	15	

3	0	182.508	6
1	165.00	78.00	144.21	68.17	23.00	1	3	
2	144.21	68.17	100.57	47.54	48.27	0	
3	100.57	47.54	77.46	36.62	25.56	1	14	
4	77.46	36.62	26.95	12.74	55.88	2	5	14	
5	26.95	12.74	26.46	12.51	0.54	1	14	
6	26.46	12.51	0.00	0.00	29.27	0	

3	1	245.546	3
1	165.00	78.00	175.58	98.42	23.00	1	3	
2	175.58	98.42	272.02	284.46	209.55	0	
3	272.02	284.46	278.00	296.00	13.00	1	1	

3	2	48.021	3
1	165.00	78.00	184.64	89.97	23.00	1	3	
2	184.64	89.97	199.17	98.84	17.02	0	
3	199.17	98.84	206.00	103.00	8.00	1	2	

3	3	0	0

3	4	165.849	7
1	165.00	78.00	143.50	86.18	23.00	1	3	
2	143.50	86.18	129.09	91.67	15.42	0	
3	129.09	91.67	96.65	104.02	34.72	1	13	
4	96.65	104.02	91.88	105.83	5.10	2	8	13	
5	91.88	105.83	88.22	107.23	3.92	1	8	
6	88.22	107.23	12.80	135.93	80.69	0	
7	12.80	135.93	10.00	137.00	3.00	1	4	

3	5	124.776	4
1	165.00	78.00	144.35	67.86	23.00	1	3	
2	144.35	67.86	101.04	46.59	48.26	0	
3	101.04	46.59	78.13	35.34	25.51	1	14	
4	78.13	35.34	53.00	23.00	28.00	2	5	14	

3	6	156.051	5
1	165.00	78.00	164.41	100.99	23.00	1	3	
2	164.41	100.99	162.46	177.18	76.21	0	
3	162.46	177.18	162.03	194.01	16.84	0	
4	162.03	194.01	161.10	229.99	35.99	1	6	
5	161.10	229.99	161.00	234.00	4.01	1	6	

3	7	83.006	4
1	165.00	78.00	159.47	68.86	10.68	1	3	
2	159.47	68.86	153.09	58.33	12.32	2	3	9	
3	153.09	58.33	137.54	32.66	30.01	1	9	
4	137.54	32.66	122.00	7.00	30.00	2	7	9	

3	8	78.294	4
1	165.00	78.00	144.73	88.87	23.00	1	3	
2	144.73	88.87	135.87	93.62	10.06	0	
3	135.87	93.62	105.69	109.80	34.24	1	13	
4	105.69	109.80	96.00	115.00	11.00	2	8	13	

3	9	55.036	3
1	165.00	78.00	164.67	68.97	9.04	1	3	
2	164.67	68.97	164.16	55.02	13.96	2	3	9	
3	164.16	55.02	163.00	23.00	32.04	1	9	

3	10	126.669	4
1	165.00	78.00	167.36	100.88	23.00	1	3	
2	167.36	100.88	174.82	173.16	72.67	0	
3	174.82	173.16	177.33	197.48	24.45	1	10	
4	177.33	197.48	178.00	204.00	6.55	1	10	

3	11	119.854	3
1	165.00	78.00	187.45	82.99	23.00	1	3	
2	187.45	82.99	237.10	94.02	50.85	0	
3	237.10	94.02	282.00	104.00	46.00	1	11	

3	12	82.079	3
1	165.00	78.00	186.30	69.31	23.00	1	3	
2	186.30	69.31	240.07	47.38	58.08	0	
3	240.07	47.38	241.00	47.00	1.00	1	12	

3	13	66.708	3
1	165.00	78.00	150.17	95.58	23.00	1	3	
2	150.17	95.58	146.49	99.95	5.71	0	
3	146.49	99.95	122.00	129.00	38.00	1	13	

3	14	112.259	4
1	165.00	78.00	144.31	67.96	23.00	1	3	
2	144.31	67.96	100.89	46.90	48.26	0	
3	100.89	46.90	77.93	35.76	25.52	1	14	
4	77.93	35.76	64.00	29.00	15.48	2	5	14	

3	15	129.139	3
1	165.00	78.00	142.02	76.93	23.00	1	3	
2	142.02	76.93	37.00	72.05	105.14	0	
3	37.00	72.05	36.00	72.00	1.00	1	15	

4	0	137.364	2
1	10.00	137.00	9.78	134.01	3.00	1	4	
2	9.78	134.01	0.00	0.00	134.36	0	

4	1	311.617	7
1	10.00	137.00	12.58	138.53	3.00	1	4	
2	12.58	138.53	130.29	208.37	136.87	0	
3	130.29	208.37	152.40	221.48	25.71	1	6	
4	152.40	221.48	174.92	234.85	26.19	2	6	10	
5	174.92	234.85	198.21	248.66	27.08	1	6	
6	198.21	248.66	266.82	289.37	79.77	0	
7	266.82	289.37	278.00	296.00	13.00	1	1	

4	2	198.927	7
1	10.00	137.00	12.96	136.49	3.00	1	4	
2	12.96	136.49	84.32	124.11	72.43	0	
3	84.32	124.11	88.81	123.33	4.56	1	13	
4	88.81	123.33	105.57	120.42	17.01	2	8	13	
5	105.57	120.42	155.83	111.70	51.01	1	13	
6	155.83	111.70	198.12	104.37	42.91	0	
7	198.12	104.37	206.00	103.00	8.00	1	2	

4	3	165.849	7
1	10.00	137.00	12.80	135.93	3.00	1	4	
2	12.80	135.93	88.22	107.23	80.69	0	
3	88.22	107.23	91.88	105.83	3.92	1	8	
4	91.88	105.83	96.65	104.02	5.10	2	8	13	
5	96.65	104.02	129.09	91.67	34.72	1	13	
6	129.09	91.67	143.50	86.18	15.42	0	
7	143.50	86.18	165.00	78.00	23.00	1	3	

4	4	0	0

4	5	121.840	4
1	10.00	137.00	11.06	134.19	3.00	1	4	
2	11.06	134.19	38.60	61.18	78.03	0	
3	38.60	61.18	43.12	49.20	12.81	1	14	
4	43.12	49.20	53.00	23.00	28.00	2	5	14	

4	6	179.471	3
1	10.00	137.00	12.52	138.62	3.00	1	4	
2	12.52	138.62	127.35	212.38	136.47	0	
3	127.35	212.38	161.00	234.00	40.00	1	6	

4	7	171.593	6
1	10.00	137.00	11.96	134.73	3.00	1	4	
2	11.96	134.73	67.88	69.82	85.68	0	
3	67.88	69.82	102.42	29.73	52.91	1	14	
4	102.42	29.73	104.94	26.80	3.86	2	7	14	
5	104.94	26.80	118.61	10.93	20.94	1	7	
6	118.61	10.93	122.00	7.00	5.19	2	7	9	

4	8	88.769	4
1	10.00	137.00	12.91	136.26	3.00	1	4	
2	12.91	136.26	85.34	117.73	74.77	0	
3	85.34	117.73	85.74	117.62	0.41	1	8	
4	85.74	117.62	96.00	115.00	10.59	2	8	13	

4	9	190.801	3
1	10.00	137.00	12.41	135.21	3.00	1	4	
2	12.41	135.21	126.11	50.48	141.80	0	
3	126.11	50.48	163.00	23.00	46.00	1	9	

4	10	180.867	4
1	10.00	137.00	12.79	138.11	3.00	1	4	
2	12.79	138.11	149.21	192.52	146.87	0	
3	149.21	192.52	154.33	194.56	5.52	1	10	
4	154.33	194.56	178.00	204.00	25.48	2	6	10	

4	11	273.995	5
1	10.00	137.00	12.98	136.64	3.00	1	4	
2	12.98	136.64	84.01	128.02	71.56	0	
3	84.01	128.02	158.65	118.97	75.19	1	13	
4	158.65	118.97	236.33	109.54	78.25	0	
5	236.33	109.54	282.00	104.00	46.00	1	11	

4	12	247.913	9
1	10.00	137.00	12.80	135.91	3.00	1	4	
2	12.80	135.91	89.82	105.90	82.66	0	
3	89.82	105.90	92.73	104.77	3.13	1	8	
4	92.73	104.77	94.40	104.12	1.79	2	8	13	
5	94.40	104.12	127.16	91.35	35.16	1	13	
6	127.16	91.35	143.13	85.13	17.14	0	
7	143.13	85.13	185.93	68.46	45.93	1	3	
8	185.93	68.46	240.07	47.36	58.11	0	
9	240.07	47.36	241.00	47.00	1.00	1	12	

4	13	112.285	3
1	10.00	137.00	12.99	136.79	3.00	1	4	
2	12.99	136.79	84.10	131.71	71.29	0	
3	84.10	131.71	122.00	129.00	38.00	1	13	

4	14	120.748	4
1	10.00	137.00	11.34	134.32	3.00	1	4	
2	11.34	134.32	45.66	65.67	76.75	0	
3	45.66	65.67	53.00	51.00	16.40	1	14	
4	53.00	51.00	64.00	29.00	24.60	2	5	14	

4	15	70.007	3
1	10.00	137.00	11.11	134.21	3.00	1	4	
2	11.11	134.21	35.63	72.93	66.01	0	
3	35.63	72.93	36.00	72.00	1.00	1	15	

5	0	57.775	3
1	53.00	23.00	27.31	11.85	28.00	2	5	14	
2	27.31	11.85	26.85	11.65	0.51	1	14	
3	26.85	11.65	0.00	0.00	29.27	0	

5	1	353.771	8
1	53.00	23.00	70.81	44.61	28.00	2	5	14	
2	70.81	44.61	86.30	63.40	24.36	1	14	
3	86.30	63.40	110.51	92.78	38.06	0	
4	110.51	92.78	155.36	147.20	70.52	1	13	
5	155.36	147.20	176.65	173.03	33.48	0	
6	176.65	173.03	208.14	211.24	49.52	1	10	
7	208.14	211.24	269.73	285.97	96.84	0	
8	269.73	285.97	278.00	296.00	13.00	1	1	

5	2	172.653	6
1	53.00	23.00	77.81	35.97	28.00	2	5	14	
2	77.81	35.97	100.43	47.80	25.53	1	14	
3	100.43	47.80	143.35	70.24	48.43	0	
4	143.35	70.24	183.73	91.35	45.56	1	3	
5	183.73	91.35	198.91	99.29	17.13	0	
6	198.91	99.29	206.00	103.00	8.00	1	2	

5	3	124.776	4
1	53.00	23.00	78.13	35.34	28.00	2	5	14	
2	78.13	35.34	101.04	46.59	25.51	1	14	
3	101.04	46.59	144.35	67.86	48.26	0	
4	144.35	67.86	165.00	78.00	23.00	1	3	

5	4	121.840	4
1	53.00	23.00	43.12	49.20	28.00	2	5	14	
2	43.12	49.20	38.60	61.18	12.81	1	14	
3	38.60	61.18	11.06	134.19	78.03	0	
4	11.06	134.19	10.00	137.00	3.00	1	4	

5	5	0	0

5	6	237.034	10
1	53.00	23.00	65.76	47.92	28.00	2	5	14	
2	65.76	47.92	76.12	68.17	22.74	1	14	
3	76.12	68.17	94.07	103.24	39.39	0	
4	94.07	103.24	94.51	104.10	0.97	1	13	
5	94.51	104.10	103.97	122.58	20.76	2	8	13	
6	103.97	122.58	126.57	166.72	49.59	1	13	
7	126.57	166.72	142.77	198.39	35.58	0	
8	142.77	198.39	147.14	206.92	9.58	1	6	
9	147.14	206.92	157.59	227.33	22.93	2	6	10	
10	157.59	227.33	161.00	234.00	7.49	1	6	

5	7	70.831	5
1	53.00	23.00	80.28	16.68	28.00	2	5	14	
2	80.28	16.68	92.78	13.78	12.83	1	14	
3	92.78	13.78	101.23	11.82	8.67	2	7	14	
4	101.23	11.82	119.68	7.54	18.94	1	7	
5	119.68	7.54	122.00	7.00	2.39	2	7	9	

5	8	101.553	5
1	53.00	23.00	64.86	48.37	28.00	2	5	14	
2	64.86	48.37	74.35	68.67	22.42	1	14	
3	74.35	68.67	91.34	105.03	40.14	0	
4	91.34	105.03	91.78	105.97	1.03	1	8	
5	91.78	105.97	96.00	115.00	9.97	2	8	13	

5	9	110.000	6
1	53.00	23.00	81.00	23.00	28.00	2	5	14	
2	81.00	23.00	96.62	23.00	15.62	1	14	
3	96.62	23.00	104.56	23.00	7.94	2	7	14	
4	104.56	23.00	117.00	23.00	12.44	1	7	
5	117.00	23.00	147.38	23.00	30.38	2	7	9	
6	147.38	23.00	163.00	23.00	15.62	1	9	

5	10	219.968	7
1	53.00	23.00	68.91	46.04	28.00	2	5	14	
2	68.91	46.04	82.43	65.62	23.80	1	14	
3	82.43	65.62	103.34	95.90	36.79	0	
4	103.34	95.90	146.35	158.17	75.68	1	13	
5	146.35	158.17	160.38	178.49	24.69	0	
6	160.38	178.49	172.20	195.60	20.79	1	10	
7	172.20	195.60	178.00	204.00	10.21	2	6	10	

5	11	242.903	8
1	53.00	23.00	79.40	32.34	28.00	2	5	14	
2	79.40	32.34	103.27	40.78	25.32	1	14	
3	103.27	40.78	124.60	48.33	22.62	0	
4	124.60	48.33	153.01	58.37	30.13	1	9	
5	153.01	58.37	176.94	66.84	25.38	2	3	9	
6	176.94	66.84	186.67	70.28	10.32	1	3	
7	186.67	70.28	238.63	88.66	55.12	0	
8	238.63	88.66	282.00	104.00	46.00	1	11	

5	12	189.526	8
1	53.00	23.00	80.77	26.55	28.00	2	5	14	
2	80.77	26.55	101.86	29.24	21.26	1	14	
3	101.86	29.24	105.00	29.64	3.16	2	7	14	
4	105.00	29.64	117.75	31.27	12.86	1	7	
5	117.75	31.27	135.90	33.58	18.30	2	7	9	
6	135.90	33.58	204.72	42.37	69.38	1	9	
7	204.72	42.37	240.01	46.87	35.57	0	
8	240.01	46.87	241.00	47.00	1.00	1	12	

5	13	126.479	4
1	53.00	23.00	68.28	46.47	28.00	2	5	14	
2	68.28	46.47	81.15	66.24	23.60	1	14	
3	81.15	66.24	101.27	97.15	36.88	0	
4	101.27	97.15	122.00	129.00	38.00	1	13	

5	14	12.530	1
1	53.00	23.00	64.00	29.00	12.53	2	5	14	

5	15	51.865	4
1	53.00	23.00	43.82	49.45	28.00	2	5	14	
2	43.82	49.45	39.51	61.88	13.16	1	14	
3	39.51	61.88	36.33	71.06	9.71	0	
4	36.33	71.06	36.00	72.00	1.00	1	15	

6	0	284.037	6
1	161.00	234.00	138.33	201.05	40.00	1	6	
2	138.33	201.05	114.37	166.23	42.27	0	
3	114.37	166.23	84.51	122.82	52.69	1	13	
4	84.51	122.82	44.92	65.29	69.83	0	
5	44.92	65.29	23.29	33.85	38.17	1	14	
6	23.29	33.85	0.00	0.00	41.08	0	

6	1	132.412	3
1	161.00	234.00	196.34	252.73	40.00	1	6	
2	196.34	252.73	266.51	289.91	79.41	0	
3	266.51	289.91	278.00	296.00	13.00	1	1	

6	2	138.514	5
1	161.00	234.00	162.15	230.64	3.55	1	6	
2	162.15	230.64	174.00	196.17	36.45	2	6	10	
3	174.00	196.17	181.87	173.24	24.24	1	10	
4	181.87	173.24	203.40	110.57	66.27	0	
5	203.40	110.57	206.00	103.00	8.00	1	2	

6	3	156.051	5
1	161.00	234.00	161.10	229.99	4.01	1	6	
2	161.10	229.99	162.03	194.01	35.99	1	6	
3	162.03	194.01	162.46	177.18	16.84	0	
4	162.46	177.18	164.41	100.99	76.21	0	
5	164.41	100.99	165.00	78.00	23.00	1	3	

6	4	179.471	3
1	161.00	234.00	127.35	212.38	40.00	1	6	
2	127.35	212.38	12.52	138.62	136.47	0	
3	12.52	138.62	10.00	137.00	3.00	1	4	

6	5	237.034	10
1	161.00	234.00	157.59	227.33	7.49	1	6	
2	157.59	227.33	147.14	206.92	22.93	2	6	10	
3	147.14	206.92	142.77	198.39	9.58	1	6	
4	142.77	198.39	126.57	166.72	35.58	0	
5	126.57	166.72	103.97	122.58	49.59	1	13	
6	103.97	122.58	94.51	104.10	20.76	2	8	13	
7	94.51	104.10	94.07	103.24	0.97	1	13	
8	94.07	103.24	76.12	68.17	39.39	0	
9	76.12	68.17	65.76	47.92	22.74	1	14	
10	65.76	47.92	53.00	23.00	28.00	2	5	14	

6	6	0	0

6	7	230.326	8
1	161.00	234.00	160.21	229.39	4.68	1	6	
2	160.21	229.39	154.23	194.58	35.32	2	6	10	
3	154.23	194.58	152.75	186.01	8.69	1	10	
4	152.75	186.01	147.76	156.94	29.50	0	
5	147.76	156.94	136.96	94.07	63.79	0	
6	136.96	94.07	130.31	55.36	39.27	0	
7	130.31	55.36	127.08	36.57	19.07	0	
8	127.08	36.57	122.00	7.00	30.00	1	9	

6	8	135.595	6
1	161.00	234.00	157.14	226.93	8.06	1	6	
2	157.14	226.93	147.43	209.16	20.25	2	6	10	
3	147.43	209.16	141.83	198.90	11.70	1	6	
4	141.83	198.90	124.36	166.93	36.43	0	
5	124.36	166.93	101.27	124.65	48.17	1	13	
6	101.27	124.65	96.00	115.00	11.00	2	8	13	

6	9	211.009	7
1	161.00	234.00	161.04	229.95	4.05	1	6	
2	161.04	229.95	161.38	194.00	35.95	1	6	
3	161.38	194.00	161.53	177.74	16.27	1	10	
4	161.53	177.74	162.26	100.84	76.90	0	
5	162.26	100.84	162.56	69.00	31.84	0	
6	162.56	69.00	162.70	55.11	13.88	1	9	
7	162.70	55.11	163.00	23.00	32.12	1	9	

6	10	34.482	2
1	161.00	234.00	162.72	230.97	3.48	1	6	
2	162.72	230.97	178.00	204.00	31.00	2	6	10	

6	11	177.598	5
1	161.00	234.00	163.45	231.37	3.59	1	6	
2	163.45	231.37	188.25	204.72	36.41	2	6	10	
3	188.25	204.72	204.26	187.52	23.49	1	10	
4	204.26	187.52	250.66	137.67	68.10	0	
5	250.66	137.67	282.00	104.00	46.00	1	11	

6	12	203.394	5
1	161.00	234.00	162.38	230.78	3.51	1	6	
2	162.38	230.78	176.73	197.22	36.49	2	6	10	
3	176.73	197.22	186.58	174.21	25.03	1	10	
4	186.58	174.21	240.61	47.92	137.36	0	
5	240.61	47.92	241.00	47.00	1.00	1	12	

6	13	112.009	5
1	161.00	234.00	158.94	228.45	5.92	1	6	
2	158.94	228.45	147.60	197.93	32.56	2	6	10	
3	147.60	197.93	147.07	196.50	1.52	1	6	
4	147.07	196.50	135.23	164.62	34.01	0	
5	135.23	164.62	122.00	129.00	38.00	1	13	

6	14	226.791	10
1	161.00	234.00	158.02	227.70	6.97	1	6	
2	158.02	227.70	147.00	204.42	25.76	2	6	10	
3	147.00	204.42	143.89	197.84	7.27	1	6	
4	143.89	197.84	128.99	166.35	34.84	0	
5	128.99	166.35	106.39	118.60	52.83	1	13	
6	106.39	118.60	99.81	104.68	15.40	2	8	13	
7	99.81	104.68	97.55	99.91	5.28	1	13	
8	97.55	99.91	81.54	66.06	37.45	0	
9	81.54	66.06	71.22	44.26	24.12	1	14	
10	71.22	44.26	64.00	29.00	16.88	2	5	14	

6	15	204.619	5
1	161.00	234.00	136.56	202.33	40.00	1	6	
2	136.56	202.33	106.88	163.86	48.59	0	
3	106.88	163.86	84.44	134.78	36.73	1	13	
4	84.44	134.78	36.61	72.79	78.30	0	
5	36.61	72.79	36.00	72.00	1.00	1	15	

7	0	122.201	7
1	122.00	7.00	119.92	6.88	2.09	2	7	9	
2	119.92	6.88	97.67	5.60	22.28	1	7	
3	97.67	5.60	92.05	5.28	5.63	2	7	14	
4	92.05	5.28	73.78	4.23	18.30	1	14	
5	73.78	4.23	34.50	1.98	39.34	2	5	14	
6	34.50	1.98	33.23	1.91	1.28	1	14	
7	33.23	1.91	0.00	0.00	33.28	0	

7	1	328.416	6
1	122.00	7.00	136.25	33.40	30.00	2	7	9	
2	136.25	33.40	150.63	60.04	30.27	1	9	
3	150.63	60.04	155.10	68.32	9.40	2	3	9	
4	155.10	68.32	172.13	99.87	35.85	1	3	
5	172.13	99.87	271.82	284.56	209.88	0	
6	271.82	284.56	278.00	296.00	13.00	1	1	

7	2	127.562	6
1	122.00	7.00	141.76	29.58	30.00	2	7	9	
2	141.76	29.58	164.02	55.02	33.81	1	9	
3	164.02	55.02	174.88	67.44	16.50	2	3	9	
4	174.88	67.44	187.65	82.02	19.38	1	3	
5	187.65	82.02	200.73	96.98	19.87	0	
6	200.73	96.98	206.00	103.00	8.00	1	2	

7	3	83.006	4
1	122.00	7.00	137.54	32.66	30.00	2	7	9	
2	137.54	32.66	153.09	58.33	30.01	1	9	
3	153.09	58.33	159.47	68.86	12.32	2	3	9	
4	159.47	68.86	165.00	78.00	10.68	1	3	

7	4	171.593	6
1	122.00	7.00	118.61	10.93	5.19	2	7	9	
2	118.61	10.93	104.94	26.80	20.94	1	7	
3	104.94	26.80	102.42	29.73	3.86	2	7	14	
4	102.42	29.73	67.88	69.82	52.91	1	14	
5	67.88	69.82	11.96	134.73	85.68	0	
6	11.96	134.73	10.00	137.00	3.00	1	4	

7	5	70.831	5
1	122.00	7.00	119.68	7.54	2.39	2	7	9	
2	119.68	7.54	101.23	11.82	18.94	1	7	
3	101.23	11.82	92.78	13.78	8.67	2	7	14	
4	92.78	13.78	80.28	16.68	12.83	1	14	
5	80.28	16.68	53.00	23.00	28.00	2	5	14	

7	6	230.326	8
1	122.00	7.00	127.08	36.57	30.00	1	9	
2	127.08	36.57	130.31	55.36	19.07	0	
3	130.31	55.36	136.96	94.07	39.27	0	
4	136.96	94.07	147.76	156.94	63.79	0	
5	147.76	156.94	152.75	186.01	29.50	0	
6	152.75	186.01	154.23	194.58	8.69	1	10	
7	154.23	194.58	160.21	229.39	35.32	2	6	10	
8	160.21	229.39	161.00	234.00	4.68	1	6	

7	7	0	0

7	8	111.086	5
1	122.00	7.00	117.18	27.03	20.61	2	7	9	
2	117.18	27.03	114.98	36.17	9.39	1	7	
3	114.98	36.17	100.11	97.94	63.54	0	
4	100.11	97.94	98.57	104.31	6.55	1	13	
5	98.57	104.31	96.00	115.00	11.00	2	8	13	

7	9	44.011	2
1	122.00	7.00	149.95	17.91	30.00	2	7	9	
2	149.95	17.91	163.00	23.00	14.01	1	9	

7	10	204.805	9
1	122.00	7.00	130.20	35.86	30.00	2	7	9	
2	130.20	35.86	137.42	61.23	26.38	1	9	
3	137.42	61.23	142.01	77.39	16.80	0	
4	142.01	77.39	145.77	90.62	13.75	1	3	
5	145.77	90.62	149.11	102.37	12.22	0	
6	149.11	102.37	159.06	137.38	36.40	1	13	
7	159.06	137.38	169.52	174.18	38.25	0	
8	169.52	174.18	175.99	196.91	23.63	0	
9	175.99	196.91	178.00	204.00	7.37	2	6	10	

7	11	187.107	4
1	122.00	7.00	147.65	22.55	30.00	2	7	9	
2	147.65	22.55	197.87	53.00	58.73	1	9	
3	197.87	53.00	242.66	80.15	52.38	0	
4	242.66	80.15	282.00	104.00	46.00	1	11	

7	12	125.543	4
1	122.00	7.00	150.44	16.56	30.00	2	7	9	
2	150.44	16.56	207.23	35.65	59.91	1	9	
3	207.23	35.65	240.05	46.68	34.63	0	
4	240.05	46.68	241.00	47.00	1.00	1	12	

7	13	122.000	4
1	122.00	7.00	122.00	37.00	30.00	2	7	9	
2	122.00	37.00	122.00	43.86	6.86	1	9	
3	122.00	43.86	122.00	91.00	47.14	0	
4	122.00	91.00	122.00	129.00	38.00	1	13	

7	14	62.032	5
1	122.00	7.00	119.54	7.93	2.63	2	7	9	
2	119.54	7.93	102.33	14.46	18.40	1	7	
3	102.33	14.46	93.95	17.64	8.97	2	7	14	
4	93.95	17.64	81.00	22.55	13.85	1	14	
5	81.00	22.55	64.00	29.00	18.18	2	5	14	

7	15	107.801	6
1	122.00	7.00	119.13	9.17	3.60	2	7	9	
2	119.13	9.17	104.11	20.52	18.82	1	7	
3	104.11	20.52	98.07	25.09	7.58	2	7	14	
4	98.07	25.09	44.90	65.28	66.65	1	14	
5	44.90	65.28	36.80	71.40	10.15	0	
6	36.80	71.40	36.00	72.00	1.00	1	15	

8	0	149.803	7
1	96.00	115.00	90.25	108.12	8.97	2	8	13	
2	90.25	108.12	88.95	106.56	2.03	1	8	
3	88.95	106.56	58.08	69.57	48.18	0	
4	58.08	69.57	39.82	47.71	28.48	1	14	
5	39.82	47.71	26.34	31.55	21.05	2	5	14	
6	26.34	31.55	23.02	27.58	5.17	1	14	
7	23.02	27.58	0.00	0.00	35.93	0	

8	1	256.681	8
1	96.00	115.00	103.80	122.76	11.00	2	8	13	
2	103.80	122.76	142.35	161.09	54.37	1	13	
3	142.35	161.09	160.07	178.71	24.99	0	
4	160.07	178.71	180.59	199.13	28.95	1	10	
5	180.59	199.13	195.77	214.22	21.40	2	6	10	
6	195.77	214.22	203.38	221.79	10.74	1	10	
7	203.38	221.79	268.78	286.83	92.23	0	
8	268.78	286.83	278.00	296.00	13.00	1	1	

8	2	110.653	4
1	96.00	115.00	106.94	113.81	11.00	2	8	13	
2	106.94	113.81	154.10	108.66	47.44	1	13	
3	154.10	108.66	198.05	103.87	44.21	0	
4	198.05	103.87	206.00	103.00	8.00	1	2	

8	3	78.294	4
1	96.00	115.00	105.69	109.80	11.00	2	8	13	
2	105.69	109.80	135.87	93.62	34.24	1	13	
3	135.87	93.62	144.73	88.87	10.06	0	
4	144.73	88.87	165.00	78.00	23.00	1	3	

8	4	88.769	4
1	96.00	115.00	85.74	117.62	10.59	2	8	13	
2	85.74	117.62	85.34	117.73	0.41	1	8	
3	85.34	117.73	12.91	136.26	74.77	0	
4	12.91	136.26	10.00	137.00	3.00	1	4	

8	5	101.553	5
1	96.00	115.00	91.78	105.97	9.97	2	8	13	
2	91.78	105.97	91.34	105.03	1.03	1	8	
3	91.34	105.03	74.35	68.67	40.14	0	
4	74.35	68.67	64.86	48.37	22.42	1	14	
5	64.86	48.37	53.00	23.00	28.00	2	5	14	

8	6	135.595	6
1	96.00	115.00	101.27	124.65	11.00	2	8	13	
2	101.27	124.65	124.36	166.93	48.17	1	13	
3	124.36	166.93	141.83	198.90	36.43	0	
4	141.83	198.90	147.43	209.16	11.70	1	6	
5	147.43	209.16	157.14	226.93	20.25	2	6	10	
6	157.14	226.93	161.00	234.00	8.06	1	6	

8	7	111.086	5
1	96.00	115.00	98.57	104.31	11.00	2	8	13	
2	98.57	104.31	100.11	97.94	6.55	1	13	
3	100.11	97.94	114.98	36.17	63.54	0	
4	114.98	36.17	117.18	27.03	9.39	1	7	
5	117.18	27.03	122.00	7.00	20.61	2	7	9	

8	8	0	0

8	9	113.811	4
1	96.00	115.00	102.48	106.11	11.00	2	8	13	
2	102.48	106.11	112.62	92.18	17.24	1	13	
3	112.62	92.18	135.92	60.18	39.58	0	
4	135.92	60.18	163.00	23.00	46.00	1	9	

8	10	121.017	5
1	96.00	115.00	103.45	123.09	11.00	2	8	13	
2	103.45	123.09	139.82	162.56	53.67	1	13	
3	139.82	162.56	156.99	181.20	25.34	0	
4	156.99	181.20	169.66	194.95	18.69	1	10	
5	169.66	194.95	178.00	204.00	12.31	2	6	10	

8	11	186.325	6
1	96.00	115.00	106.98	114.35	11.00	2	8	13	
2	106.98	114.35	155.71	111.47	48.82	1	13	
3	155.71	111.47	200.51	108.82	44.87	0	
4	200.51	108.82	212.14	108.13	11.65	1	2	
5	212.14	108.13	236.08	106.72	23.98	0	
6	236.08	106.72	282.00	104.00	46.00	1	11	

8	12	160.153	6
1	96.00	115.00	105.96	110.33	11.00	2	8	13	
2	105.96	110.33	138.81	94.92	36.29	1	13	
3	138.81	94.92	146.31	91.41	8.28	0	
4	146.31	91.41	187.26	72.20	45.23	1	3	
5	187.26	72.20	240.09	47.42	58.36	0	
6	240.09	47.42	241.00	47.00	1.00	1	12	

8	13	29.530	2
1	96.00	115.00	105.69	120.22	11.00	2	8	13	
2	105.69	120.22	122.00	129.00	18.53	1	13	

8	14	91.761	5
1	96.00	115.00	92.36	105.22	10.44	2	8	13	
2	92.36	105.22	92.16	104.69	0.56	1	8	
3	92.16	104.69	78.30	67.43	39.76	0	
4	78.30	67.43	70.04	45.22	23.69	1	14	
5	70.04	45.22	64.00	29.00	17.31	2	5	14	

8	15	73.817	4
1	96.00	115.00	89.07	110.03	8.52	2	8	13	
2	89.07	110.03	87.06	108.59	2.48	1	8	
3	87.06	108.59	36.81	72.58	61.82	0	
4	36.81	72.58	36.00	72.00	1.00	1	15	

9	0	164.615	8
1	163.00	23.00	148.55	20.96	14.59	1	9	
2	148.55	20.96	117.45	16.57	31.41	2	7	9	
3	117.45	16.57	102.33	14.44	15.27	1	7	
4	102.33	14.44	92.62	13.07	9.80	2	7	14	
5	92.62	13.07	78.32	11.05	14.44	1	14	
6	78.32	11.05	31.97	4.51	46.81	2	5	14	
7	31.97	4.51	31.20	4.40	0.78	1	14	
8	31.20	4.40	0.00	0.00	31.51	0	

9	1	296.233	5
1	163.00	23.00	178.25	59.20	39.28	1	9	
2	178.25	59.20	180.86	65.39	6.72	2	3	9	
3	180.86	65.39	187.71	81.65	17.65	1	3	
4	187.71	81.65	272.95	284.02	219.59	0	
5	272.95	284.02	278.00	296.00	13.00	1	1	

9	2	90.824	3
1	163.00	23.00	184.78	63.52	46.00	1	9	
2	184.78	63.52	202.21	95.95	36.82	0	
3	202.21	95.95	206.00	103.00	8.00	1	2	

9	3	55.036	3
1	163.00	23.00	164.16	55.02	32.04	1	9	
2	164.16	55.02	164.67	68.97	13.96	2	3	9	
3	164.67	68.97	165.00	78.00	9.04	1	3	

9	4	190.801	3
1	163.00	23.00	126.11	50.48	46.00	1	9	
2	126.11	50.48	12.41	135.21	141.80	0	
3	12.41	135.21	10.00	137.00	3.00	1	4	

9	5	110.000	6
1	163.00	23.00	147.38	23.00	15.62	1	9	
2	147.38	23.00	117.00	23.00	30.38	2	7	9	
3	117.00	23.00	104.56	23.00	12.44	1	7	
4	104.56	23.00	96.62	23.00	7.94	2	7	14	
5	96.62	23.00	81.00	23.00	15.62	1	14	
6	81.00	23.00	53.00	23.00	28.00	2	5	14	

9	6	211.009	7
1	163.00	23.00	162.70	55.11	32.12	1	9	
2	162.70	55.11	162.56	69.00	13.88	1	9	
3	162.56	69.00	162.26	100.84	31.84	0	
4	162.26	100.84	161.53	177.74	76.90	0	
5	161.53	177.74	161.38	194.00	16.27	1	10	
6	161.38	194.00	161.04	229.95	35.95	1	6	
7	161.04	229.95	161.00	234.00	4.05	1	6	

9	7	44.011	2
1	163.00	23.00	149.95	17.91	14.01	1	9	
2	149.95	17.91	122.00	7.00	30.00	2	7	9	

9	8	113.811	4
1	163.00	23.00	135.92	60.18	46.00	1	9	
2	135.92	60.18	112.62	92.18	39.58	0	
3	112.62	92.18	102.48	106.11	17.24	1	13	
4	102.48	106.11	96.00	115.00	11.00	2	8	13	

9	9	0	0

9	10	181.620	6
1	163.00	23.00	165.65	55.01	32.12	1	9	
2	165.65	55.01	166.80	68.84	13.88	2	3	9	
3	166.80	68.84	169.43	100.57	31.84	1	3	
4	169.43	100.57	175.44	173.11	72.78	0	
5	175.44	173.11	177.47	197.55	24.52	0	
6	177.47	197.55	178.00	204.00	6.48	1	10	

9	11	143.951	3
1	163.00	23.00	201.03	48.88	46.00	1	9	
2	201.03	48.88	243.97	78.12	51.95	0	
3	243.97	78.12	282.00	104.00	46.00	1	11	

9	12	81.609	3
1	163.00	23.00	206.97	36.53	46.00	1	9	
2	206.97	36.53	240.04	46.71	34.61	0	
3	240.04	46.71	241.00	47.00	1.00	1	12	

9	13	113.653	5
1	163.00	23.00	147.50	63.08	42.97	1	9	
2	147.50	63.08	146.41	65.90	3.03	2	3	9	
3	146.41	65.90	142.01	77.26	12.18	1	3	
4	142.01	77.26	135.71	93.56	17.47	0	
5	135.71	93.56	122.00	129.00	38.00	1	13	

9	14	99.182	6
1	163.00	23.00	146.73	23.99	16.30	1	9	
2	146.73	23.99	117.08	25.78	29.70	2	7	9	
3	117.08	25.78	104.92	26.52	12.18	1	7	
4	104.92	26.52	99.50	26.85	5.43	2	7	14	
5	99.50	26.85	80.55	28.00	18.99	1	14	
6	80.55	28.00	64.00	29.00	16.58	2	5	14	

9	15	136.125	7
1	163.00	23.00	136.72	33.14	28.16	1	9	
2	136.72	33.14	128.65	36.25	8.66	2	7	9	
3	128.65	36.25	120.08	39.56	9.18	1	9	
4	120.08	39.56	100.85	46.98	20.62	0	
5	100.85	46.98	48.78	67.07	55.81	1	14	
6	48.78	67.07	36.93	71.64	12.70	0	
7	36.93	71.64	36.00	72.00	1.00	1	15	

10	0	270.740	11
1	178.00	204.00	170.21	195.08	11.84	2	6	10	
2	170.21	195.08	157.62	180.64	19.16	1	10	
3	157.62	180.64	141.18	161.80	25.00	0	
4	141.18	161.80	105.37	120.76	54.47	1	13	
5	105.37	120.76	92.10	105.55	20.19	2	8	13	
6	92.10	105.55	91.56	104.94	0.82	1	8	
7	91.56	104.94	60.98	69.89	46.51	0	
8	60.98	69.89	42.83	49.09	27.60	1	14	
9	42.83	49.09	25.77	29.54	25.95	2	5	14	
10	25.77	29.54	23.08	26.45	4.10	1	14	
11	23.08	26.45	0.00	0.00	35.10	0	

10	1	135.882	4
1	178.00	204.00	199.73	223.99	29.52	2	6	10	
2	199.73	223.99	200.81	224.99	1.48	1	10	
3	200.81	224.99	268.43	287.20	91.88	0	
4	268.43	287.20	278.00	296.00	13.00	1	1	

10	2	104.809	4
1	178.00	204.00	179.51	198.54	5.66	2	6	10	
2	179.51	198.54	186.28	174.13	25.34	1	10	
3	186.28	174.13	203.86	110.71	65.81	0	
4	203.86	110.71	206.00	103.00	8.00	1	2	

10	3	126.669	4
1	178.00	204.00	177.33	197.48	6.55	1	10	
2	177.33	197.48	174.82	173.16	24.45	1	10	
3	174.82	173.16	167.36	100.88	72.67	0	
4	167.36	100.88	165.00	78.00	23.00	1	3	

10	4	180.867	4
1	178.00	204.00	154.33	194.56	25.48	2	6	10	
2	154.33	194.56	149.21	192.52	5.52	1	10	
3	149.21	192.52	12.79	138.11	146.87	0	
4	12.79	138.11	10.00	137.00	3.00	1	4	

10	5	219.968	7
1	178.00	204.00	172.20	195.60	10.21	2	6	10	
2	172.20	195.60	160.38	178.49	20.79	1	10	
3	160.38	178.49	146.35	158.17	24.69	0	
4	146.35	158.17	103.34	95.90	75.68	1	13	
5	103.34	95.90	82.43	65.62	36.79	0	
6	82.43	65.62	68.91	46.04	23.80	1	14	
7	68.91	46.04	53.00	23.00	28.00	2	5	14	

10	6	34.482	2
1	178.00	204.00	162.72	230.97	31.00	2	6	10	
2	162.72	230.97	161.00	234.00	3.48	1	6	

10	7	204.805	9
1	178.00	204.00	175.99	196.91	7.37	2	6	10	
2	175.99	196.91	169.52	174.18	23.63	0	
3	169.52	174.18	159.06	137.38	38.25	0	
4	159.06	137.38	149.11	102.37	36.40	1	13	
5	149.11	102.37	145.77	90.62	12.22	0	
6	145.77	90.62	142.01	77.39	13.75	1	3	
7	142.01	77.39	137.42	61.23	16.80	0	
8	137.42	61.23	130.20	35.86	26.38	1	9	
9	130.20	35.86	122.00	7.00	30.00	2	7	9	

10	8	121.017	5
1	178.00	204.00	169.66	194.95	12.31	2	6	10	
2	169.66	194.95	156.99	181.20	18.69	1	10	
3	156.99	181.20	139.82	162.56	25.34	0	
4	139.82	162.56	103.45	123.09	53.67	1	13	
5	103.45	123.09	96.00	115.00	11.00	2	8	13	

10	9	181.620	6
1	178.00	204.00	177.47	197.55	6.48	1	10	
2	177.47	197.55	175.44	173.11	24.52	0	
3	175.44	173.11	169.43	100.57	72.78	0	
4	169.43	100.57	166.80	68.84	31.84	1	3	
5	166.80	68.84	165.65	55.01	13.88	2	3	9	
6	165.65	55.01	163.00	23.00	32.12	1	9	

10	10	0	0

10	11	144.278	4
1	178.00	204.00	182.13	200.03	5.72	2	6	10	
2	182.13	200.03	200.35	182.51	25.28	1	10	
3	200.35	182.51	248.84	135.88	67.28	0	
4	248.84	135.88	282.00	104.00	46.00	1	11	

10	12	169.169	4
1	178.00	204.00	180.07	198.84	5.56	2	6	10	
2	180.07	198.84	189.54	175.23	25.44	1	10	
3	189.54	175.23	240.63	47.93	137.17	0	
4	240.63	47.93	241.00	47.00	1.00	1	12	

10	13	93.600	4
1	178.00	204.00	171.60	195.43	10.69	2	6	10	
2	171.60	195.43	159.45	179.16	20.31	1	10	
3	159.45	179.16	144.74	159.45	24.60	0	
4	144.74	159.45	122.00	129.00	38.00	1	13	

10	14	208.856	7
1	178.00	204.00	172.61	195.72	9.88	2	6	10	
2	172.61	195.72	161.08	178.03	21.12	1	10	
3	161.08	178.03	147.50	157.18	24.88	0	
4	147.50	157.18	106.53	94.29	75.05	1	13	
5	106.53	94.29	86.38	63.35	36.92	0	
6	86.38	63.35	72.91	42.68	24.67	1	14	
7	72.91	42.68	64.00	29.00	16.33	2	5	14	

10	15	193.876	8
1	178.00	204.00	167.88	194.60	13.81	2	6	10	
2	167.88	194.60	155.29	182.89	17.19	1	10	
3	155.29	182.89	135.52	164.51	27.00	0	
4	135.52	164.51	93.87	125.79	56.87	1	13	
5	93.87	125.79	85.60	118.10	11.29	2	8	13	
6	85.60	118.10	85.39	117.91	0.28	1	8	
7	85.39	117.91	36.73	72.68	66.44	0	
8	36.73	72.68	36.00	72.00	1.00	1	15	

11	0	300.566	10
1	282.00	104.00	238.84	88.08	46.00	1	11	
2	238.84	88.08	185.99	68.59	56.33	0	
3	185.99	68.59	179.15	66.07	7.28	1	3	
4	179.15	66.07	155.15	57.22	25.59	2	3	9	
5	155.15	57.22	122.75	45.27	34.53	1	9	
6	122.75	45.27	103.92	38.33	20.06	0	
7	103.92	38.33	80.22	29.58	25.27	1	14	
8	80.22	29.58	28.03	10.34	55.62	2	5	14	
9	28.03	10.34	27.58	10.17	0.48	1	14	
10	27.58	10.17	0.00	0.00	29.39	0	

11	1	192.042	3
1	282.00	104.00	281.04	149.99	46.00	1	11	
2	281.04	149.99	278.27	283.00	133.04	0	
3	278.27	283.00	278.00	296.00	13.00	0	

11	2	76.007	3
1	282.00	104.00	236.00	103.39	46.00	1	11	
2	236.00	103.39	214.00	103.11	22.01	0	
3	214.00	103.11	206.00	103.00	8.00	1	2	

11	3	119.854	3
1	282.00	104.00	237.10	94.02	46.00	1	11	
2	237.10	94.02	187.45	82.99	50.85	0	
3	187.45	82.99	165.00	78.00	23.00	1	3	

11	4	273.995	5
1	282.00	104.00	236.33	109.54	46.00	1	11	
2	236.33	109.54	158.65	118.97	78.25	0	
3	158.65	118.97	84.01	128.02	75.19	1	13	
4	84.01	128.02	12.98	136.64	71.56	0	
5	12.98	136.64	10.00	137.00	3.00	1	4	

11	5	242.903	8
1	282.00	104.00	238.63	88.66	46.00	1	11	
2	238.63	88.66	186.67	70.28	55.12	0	
3	186.67	70.28	176.94	66.84	10.32	1	3	
4	176.94	66.84	153.01	58.37	25.38	2	3	9	
5	153.01	58.37	124.60	48.33	30.13	1	9	
6	124.60	48.33	103.27	40.78	22.62	0	
7	103.27	40.78	79.40	32.34	25.32	1	14	
8	79.40	32.34	53.00	23.00	28.00	2	5	14	

11	6	177.598	5
1	282.00	104.00	250.66	137.67	46.00	1	11	
2	250.66	137.67	204.26	187.52	68.10	0	
3	204.26	187.52	188.25	204.72	23.49	1	10	
4	188.25	204.72	163.45	231.37	36.41	2	6	10	
5	163.45	231.37	161.00	234.00	3.59	1	6	

11	7	187.107	4
1	282.00	104.00	242.66	80.15	46.00	1	11	
2	242.66	80.15	197.87	53.00	52.38	0	
3	197.87	53.00	147.65	22.55	58.73	1	9	
4	147.65	22.55	122.00	7.00	30.00	2	7	9	

11	8	186.325	6
1	282.00	104.00	236.08	106.72	46.00	1	11	
2	236.08	106.72	212.14	108.13	23.98	0	
3	212.14	108.13	200.51	108.82	11.65	1	2	
4	200.51	108.82	155.71	111.47	44.87	0	
5	155.71	111.47	106.98	114.35	48.82	1	13	
6	106.98	114.35	96.00	115.00	11.00	2	8	13	

11	9	143.951	3
1	282.00	104.00	243.97	78.12	46.00	1	11	
2	243.97	78.12	201.03	48.88	51.95	0	
3	201.03	48.88	163.00	23.00	46.00	1	9	

11	10	144.278	4
1	282.00	104.00	248.84	135.88	46.00	1	11	
2	248.84	135.88	200.35	182.51	67.28	0	
3	200.35	182.51	182.13	200.03	25.28	1	10	
4	182.13	200.03	178.00	204.00	5.72	2	6	10	

11	11	0	0

11	12	70.214	3
1	282.00	104.00	255.14	66.66	46.00	1	11	
2	255.14	66.66	241.58	47.81	23.21	0	
3	241.58	47.81	241.00	47.00	1.00	1	12	

11	13	161.941	3
1	282.00	104.00	236.55	111.10	46.00	1	11	
2	236.55	111.10	159.54	123.13	77.94	0	
3	159.54	123.13	122.00	129.00	38.00	1	13	

11	14	230.541	8
1	282.00	104.00	238.50	89.04	46.00	1	11	
2	238.50	89.04	187.01	71.32	54.46	0	
3	187.01	71.32	175.35	67.31	12.32	1	3	
4	175.35	67.31	151.76	59.19	24.95	2	3	9	
5	151.76	59.19	126.00	50.33	27.24	1	9	
6	126.00	50.33	102.77	42.34	24.57	0	
7	102.77	42.34	78.72	34.06	25.43	1	14	
8	78.72	34.06	64.00	29.00	15.57	2	5	14	

11	15	248.073	5
1	282.00	104.00	236.38	98.07	46.00	1	11	
2	236.38	98.07	183.82	91.23	53.01	0	
3	183.82	91.23	143.43	85.97	40.73	1	3	
4	143.43	85.97	36.99	72.13	107.33	0	
5	36.99	72.13	36.00	72.00	1.00	1	15	

12	0	245.540	10
1	241.00	47.00	240.02	46.81	1.00	1	12	
2	240.02	46.81	205.70	40.12	34.97	0	
3	205.70	40.12	143.45	27.98	63.42	1	9	
4	143.45	27.98	117.00	22.82	26.95	2	7	9	
5	117.00	22.82	104.07	20.29	13.18	1	7	
6	104.07	20.29	94.24	18.38	10.01	2	7	14	
7	94.24	18.38	80.01	15.60	14.50	1	14	
8	80.01	15.60	30.75	6.00	50.18	2	5	14	
9	30.75	6.00	30.14	5.88	0.62	1	14	
10	30.14	5.88	0.00	0.00	30.71	0	

12	1	251.734	5
1	241.00	47.00	241.15	47.99	1.00	1	12	
2	241.15	47.99	245.34	76.21	28.53	0	
3	245.34	76.21	255.00	141.25	65.75	0	
4	255.00	141.25	276.09	283.14	143.45	0	
5	276.09	283.14	278.00	296.00	13.00	1	1	

12	2	66.038	3
1	241.00	47.00	240.47	47.85	1.00	1	12	
2	240.47	47.85	210.24	96.22	57.04	0	
3	210.24	96.22	206.00	103.00	8.00	1	2	

12	3	82.079	3
1	241.00	47.00	240.07	47.38	1.00	1	12	
2	240.07	47.38	186.30	69.31	58.08	0	
3	186.30	69.31	165.00	78.00	23.00	1	3	

12	4	247.913	9
1	241.00	47.00	240.07	47.36	1.00	1	12	
2	240.07	47.36	185.93	68.46	58.11	0	
3	185.93	68.46	143.13	85.13	45.93	1	3	
4	143.13	85.13	127.16	91.35	17.14	0	
5	127.16	91.35	94.40	104.12	35.16	1	13	
6	94.40	104.12	92.73	104.77	1.79	2	8	13	
7	92.73	104.77	89.82	105.90	3.13	1	8	
8	89.82	105.90	12.80	135.91	82.66	0	
9	12.80	135.91	10.00	137.00	3.00	1	4	

12	5	189.526	8
1	241.00	47.00	240.01	46.87	1.00	1	12	
2	240.01	46.87	204.72	42.37	35.57	0	
3	204.72	42.37	135.90	33.58	69.38	1	9	
4	135.90	33.58	117.75	31.27	18.30	2	7	9	
5	117.75	31.27	105.00	29.64	12.86	1	7	
6	105.00	29.64	101.86	29.24	3.16	2	7	14	
7	101.86	29.24	80.77	26.55	21.26	1	14	
8	80.77	26.55	53.00	23.00	28.00	2	5	14	

12	6	203.394	5
1	241.00	47.00	240.61	47.92	1.00	1	12	
2	240.61	47.92	186.58	174.21	137.36	0	
3	186.58	174.21	176.73	197.22	25.03	1	10	
4	176.73	197.22	162.38	230.78	36.49	2	6	10	
5	162.38	230.78	161.00	234.00	3.51	1	6	

12	7	125.543	4
1	241.00	47.00	240.05	46.68	1.00	1	12	
2	240.05	46.68	207.23	35.65	34.63	0	
3	207.23	35.65	150.44	16.56	59.91	1	9	
4	150.44	16.56	122.00	7.00	30.00	2	7	9	

12	8	160.153	6
1	241.00	47.00	240.09	47.42	1.00	1	12	
2	240.09	47.42	187.26	72.20	58.36	0	
3	187.26	72.20	146.31	91.41	45.23	1	3	
4	146.31	91.41	138.81	94.92	8.28	0	
5	138.81	94.92	105.96	110.33	36.29	1	13	
6	105.96	110.33	96.00	115.00	11.00	2	8	13	

12	9	81.609	3
1	241.00	47.00	240.04	46.71	1.00	1	12	
2	240.04	46.71	206.97	36.53	34.61	0	
3	206.97	36.53	163.00	23.00	46.00	1	9	

12	10	169.169	4
1	241.00	47.00	240.63	47.93	1.00	1	12	
2	240.63	47.93	189.54	175.23	137.17	0	
3	189.54	175.23	180.07	198.84	25.44	1	10	
4	180.07	198.84	178.00	204.00	5.56	2	6	10	

12	11	70.214	3
1	241.00	47.00	241.58	47.81	1.00	1	12	
2	241.58	47.81	255.14	66.66	23.21	0	
3	255.14	66.66	282.00	104.00	46.00	1	11	

12	12	0	0

12	13	144.516	5
1	241.00	47.00	240.18	47.57	1.00	1	12	
2	240.18	47.57	187.18	84.09	64.36	0	
3	187.18	84.09	162.79	100.89	29.62	1	3	
4	162.79	100.89	153.29	107.44	11.53	0	
5	153.29	107.44	122.00	129.00	38.00	1	13	

12	14	177.913	8
1	241.00	47.00	240.01	46.90	1.00	1	12	
2	240.01	46.90	204.29	43.27	35.89	0	
3	204.29	43.27	130.52	35.76	74.16	1	9	
4	130.52	35.76	118.47	34.54	12.11	2	7	9	
5	118.47	34.54	107.86	33.46	10.66	1	7	
6	107.86	33.46	104.79	33.15	3.09	0	
7	104.79	33.15	79.94	30.62	24.97	1	14	
8	79.94	30.62	64.00	29.00	16.03	2	5	14	

12	15	206.519	9
1	241.00	47.00	240.01	47.12	1.00	1	12	
2	240.01	47.12	198.56	52.18	41.75	0	
3	198.56	52.18	170.31	55.62	28.47	1	9	
4	170.31	55.62	154.47	57.55	15.96	2	3	9	
5	154.47	57.55	135.49	59.87	19.12	1	9	
6	135.49	59.87	80.37	66.59	55.52	0	
7	80.37	66.59	57.14	69.42	23.41	1	14	
8	57.14	69.42	36.99	71.88	20.30	0	
9	36.99	71.88	36.00	72.00	1.00	1	15	

13	0	177.553	8
1	122.00	129.00	106.80	112.93	22.12	1	13	
2	106.80	112.93	98.67	104.33	11.84	2	8	13	
3	98.67	104.33	95.89	101.39	4.04	1	13	
4	95.89	101.39	66.15	69.94	43.28	0	
5	66.15	69.94	47.77	50.51	26.75	1	14	
6	47.77	50.51	25.24	26.69	32.78	2	5	14	
7	25.24	26.69	23.24	24.57	2.92	1	14	
8	23.24	24.57	0.00	0.00	33.82	0	

13	1	228.528	5
1	122.00	129.00	147.94	156.77	38.00	1	13	
2	147.94	156.77	165.54	175.61	25.79	0	
3	165.54	175.61	205.47	218.36	58.50	1	10	
4	205.47	218.36	269.13	286.50	93.25	0	
5	269.13	286.50	278.00	296.00	13.00	1	1	

13	2	87.932	3
1	122.00	129.00	158.30	117.76	38.00	1	13	
2	158.30	117.76	198.36	105.37	41.93	0	
3	198.36	105.37	206.00	103.00	8.00	1	2	

13	3	66.708	3
1	122.00	129.00	146.49	99.95	38.00	1	13	
2	146.49	99.95	150.17	95.58	5.71	0	
3	150.17	95.58	165.00	78.00	23.00	1	3	

13	4	112.285	3
1	122.00	129.00	84.10	131.71	38.00	1	13	
2	84.10	131.71	12.99	136.79	71.29	0	
3	12.99	136.79	10.00	137.00	3.00	1	4	

13	5	126.479	4
1	122.00	129.00	101.27	97.15	38.00	1	13	
2	101.27	97.15	81.15	66.24	36.88	0	
3	81.15	66.24	68.28	46.47	23.60	1	14	
4	68.28	46.47	53.00	23.00	28.00	2	5	14	

13	6	112.009	5
1	122.00	129.00	135.23	164.62	38.00	1	13	
2	135.23	164.62	147.07	196.50	34.01	0	
3	147.07	196.50	147.60	197.93	1.52	1	6	
4	147.60	197.93	158.94	228.45	32.56	2	6	10	
5	158.94	228.45	161.00	234.00	5.92	1	6	

13	7	122.000	4
1	122.00	129.00	122.00	91.00	38.00	1	13	
2	122.00	91.00	122.00	43.86	47.14	0	
3	122.00	43.86	122.00	37.00	6.86	1	9	
4	122.00	37.00	122.00	7.00	30.00	2	7	9	

13	8	29.530	2
1	122.00	129.00	105.69	120.22	18.53	1	13	
2	105.69	120.22	96.00	115.00	11.00	2	8	13	

13	9	113.653	5
1	122.00	129.00	135.71	93.56	38.00	1	13	
2	135.71	93.56	142.01	77.26	17.47	0	
3	142.01	77.26	146.41	65.90	12.18	1	3	
4	146.41	65.90	147.50	63.08	3.03	2	3	9	
5	147.50	63.08	163.00	23.00	42.97	1	9	

13	10	93.600	4
1	122.00	129.00	144.74	159.45	38.00	1	13	
2	144.74	159.45	159.45	179.16	24.60	0	
3	159.45	179.16	171.60	195.43	20.31	1	10	
4	171.60	195.43	178.00	204.00	10.69	2	6	10	

13	11	161.941	3
1	122.00	129.00	159.54	123.13	38.00	1	13	
2	159.54	123.13	236.55	111.10	77.94	0	
3	236.55	111.10	282.00	104.00	46.00	1	11	

13	12	144.516	5
1	122.00	129.00	153.29	107.44	38.00	1	13	
2	153.29	107.44	162.79	100.89	11.53	0	
3	162.79	100.89	187.18	84.09	29.62	1	3	
4	187.18	84.09	240.18	47.57	64.36	0	
5	240.18	47.57	241.00	47.00	1.00	1	12	

13	13	0	0

13	14	115.603	4
1	122.00	129.00	102.93	96.13	38.00	1	13	
2	102.93	96.13	84.57	64.47	36.60	0	
3	84.57	64.47	72.29	43.29	24.48	1	14	
4	72.29	43.29	64.00	29.00	16.52	2	5	14	

13	15	103.175	5
1	122.00	129.00	106.38	118.65	18.74	1	13	
2	106.38	118.65	90.33	108.01	19.26	2	8	13	
3	90.33	108.01	88.60	106.86	2.07	1	8	
4	88.60	106.86	36.83	72.55	62.10	0	
5	36.83	72.55	36.00	72.00	1.00	1	15	

14	0	70.264	3
1	64.00	29.00	27.13	12.29	40.48	2	5	14	
2	27.13	12.29	26.66	12.08	0.52	1	14	
3	26.66	12.08	0.00	0.00	29.26	0	

14	1	342.177	8
1	64.00	29.00	74.02	41.50	16.02	2	5	14	
2	74.02	41.50	89.64	60.99	24.98	1	14	
3	89.64	60.99	114.32	91.78	39.46	0	
4	114.32	91.78	156.65	144.60	67.68	1	13	
5	156.65	144.60	179.44	173.03	36.44	0	
6	179.44	173.03	208.54	209.33	46.52	1	10	
7	208.54	209.33	269.87	285.86	98.07	0	
8	269.87	285.86	278.00	296.00	13.00	1	1	

14	2	160.125	6
1	64.00	29.00	77.72	36.15	15.47	2	5	14	
2	77.72	36.15	100.36	47.95	25.53	1	14	
3	100.36	47.95	143.32	70.33	48.44	0	
4	143.32	70.33	183.71	91.38	45.55	1	3	
5	183.71	91.38	198.91	99.30	17.14	0	
6	198.91	99.30	206.00	103.00	8.00	1	2	

14	3	112.259	4
1	64.00	29.00	77.93	35.76	15.48	2	5	14	
2	77.93	35.76	100.89	46.90	25.52	1	14	
3	100.89	46.90	144.31	67.96	48.26	0	
4	144.31	67.96	165.00	78.00	23.00	1	3	

14	4	120.748	4
1	64.00	29.00	53.00	51.00	24.60	2	5	14	
2	53.00	51.00	45.66	65.67	16.40	1	14	
3	45.66	65.67	11.34	134.32	76.75	0	
4	11.34	134.32	10.00	137.00	3.00	1	4	

14	5	12.530	1
1	64.00	29.00	53.00	23.00	12.53	2	5	14	

14	6	226.791	10
1	64.00	29.00	71.22	44.26	16.88	2	5	14	
2	71.22	44.26	81.54	66.06	24.12	1	14	
3	81.54	66.06	97.55	99.91	37.45	0	
4	97.55	99.91	99.81	104.68	5.28	1	13	
5	99.81	104.68	106.39	118.60	15.40	2	8	13	
6	106.39	118.60	128.99	166.35	52.83	1	13	
7	128.99	166.35	143.89	197.84	34.84	0	
8	143.89	197.84	147.00	204.42	7.27	1	6	
9	147.00	204.42	158.02	227.70	25.76	2	6	10	
10	158.02	227.70	161.00	234.00	6.97	1	6	

14	7	62.032	5
1	64.00	29.00	81.00	22.55	18.18	2	5	14	
2	81.00	22.55	93.95	17.64	13.85	1	14	
3	93.95	17.64	102.33	14.46	8.97	2	7	14	
4	102.33	14.46	119.54	7.93	18.40	1	7	
5	119.54	7.93	122.00	7.00	2.63	2	7	9	

14	8	91.761	5
1	64.00	29.00	70.04	45.22	17.31	2	5	14	
2	70.04	45.22	78.30	67.43	23.69	1	14	
3	78.30	67.43	92.16	104.69	39.76	0	
4	92.16	104.69	92.36	105.22	0.56	1	8	
5	92.36	105.22	96.00	115.00	10.44	2	8	13	

14	9	99.182	6
1	64.00	29.00	80.55	28.00	16.58	2	5	14	
2	80.55	28.00	99.50	26.85	18.99	1	14	
3	99.50	26.85	104.92	26.52	5.43	2	7	14	
4	104.92	26.52	117.08	25.78	12.18	1	7	
5	117.08	25.78	146.73	23.99	29.70	2	7	9	
6	146.73	23.99	163.00	23.00	16.30	1	9	

14	10	208.856	7
1	64.00	29.00	72.91	42.68	16.33	2	5	14	
2	72.91	42.68	86.38	63.35	24.67	1	14	
3	86.38	63.35	106.53	94.29	36.92	0	
4	106.53	94.29	147.50	157.18	75.05	1	13	
5	147.50	157.18	161.08	178.03	24.88	0	
6	161.08	178.03	172.61	195.72	21.12	1	10	
7	172.61	195.72	178.00	204.00	9.88	2	6	10	

14	11	230.541	8
1	64.00	29.00	78.72	34.06	15.57	2	5	14	
2	78.72	34.06	102.77	42.34	25.43	1	14	
3	102.77	42.34	126.00	50.33	24.57	0	
4	126.00	50.33	151.76	59.19	27.24	1	9	
5	151.76	59.19	175.35	67.31	24.95	2	3	9	
6	175.35	67.31	187.01	71.32	12.32	1	3	
7	187.01	71.32	238.50	89.04	54.46	0	
8	238.50	89.04	282.00	104.00	46.00	1	11	

14	12	177.913	8
1	64.00	29.00	79.94	30.62	16.03	2	5	14	
2	79.94	30.62	104.79	33.15	24.97	1	14	
3	104.79	33.15	107.86	33.46	3.09	0	
4	107.86	33.46	118.47	34.54	10.66	1	7	
5	118.47	34.54	130.52	35.76	12.11	2	7	9	
6	130.52	35.76	204.29	43.27	74.16	1	9	
7	204.29	43.27	240.01	46.90	35.89	0	
8	240.01	46.90	241.00	47.00	1.00	1	12	

14	13	115.603	4
1	64.00	29.00	72.29	43.29	16.52	2	5	14	
2	72.29	43.29	84.57	64.47	24.48	1	14	
3	84.57	64.47	102.93	96.13	36.60	0	
4	102.93	96.13	122.00	129.00	38.00	1	13	

14	14	0	0

14	15	51.313	4
1	64.00	29.00	49.79	50.82	26.03	2	5	14	
2	49.79	50.82	41.63	63.36	14.97	1	14	
3	41.63	63.36	36.55	71.16	9.31	0	
4	36.55	71.16	36.00	72.00	1.00	1	15	

15	0	80.498	2
1	36.00	72.00	35.55	71.11	1.00	1	15	
2	35.55	71.11	0.00	0.00	79.50	0	

15	1	329.757	11
1	36.00	72.00	36.73	72.68	1.00	1	15	
2	36.73	72.68	85.33	117.66	66.21	0	
3	85.33	117.66	85.64	117.95	0.43	1	8	
4	85.64	117.95	94.17	125.85	11.63	2	8	13	
5	94.17	125.85	135.82	164.40	56.75	1	13	
6	135.82	164.40	155.53	182.64	26.86	0	
7	155.53	182.64	168.59	194.73	17.79	1	10	
8	168.59	194.73	199.57	223.40	42.22	2	6	10	
9	199.57	223.40	201.03	224.75	1.99	1	10	
10	201.03	224.75	268.46	287.17	91.88	0	
11	268.46	287.17	278.00	296.00	13.00	1	1	

15	2	172.803	5
1	36.00	72.00	36.98	72.18	1.00	1	15	
2	36.98	72.18	146.93	92.23	111.76	0	
3	146.93	92.23	176.89	97.69	30.45	1	3	
4	176.89	97.69	198.13	101.56	21.59	0	
5	198.13	101.56	206.00	103.00	8.00	1	2	

15	3	129.139	3
1	36.00	72.00	37.00	72.05	1.00	1	15	
2	37.00	72.05	142.02	76.93	105.14	0	
3	142.02	76.93	165.00	78.00	23.00	1	3	

15	4	70.007	3
1	36.00	72.00	35.63	72.93	1.00	1	15	
2	35.63	72.93	11.11	134.21	66.01	0	
3	11.11	134.21	10.00	137.00	3.00	1	4	

15	5	51.865	4
1	36.00	72.00	36.33	71.06	1.00	1	15	
2	36.33	71.06	39.51	61.88	9.71	0	
3	39.51	61.88	43.82	49.45	13.16	1	14	
4	43.82	49.45	53.00	23.00	28.00	2	5	14	

15	6	204.619	5
1	36.00	72.00	36.61	72.79	1.00	1	15	
2	36.61	72.79	84.44	134.78	78.30	0	
3	84.44	134.78	106.88	163.86	36.73	1	13	
4	106.88	163.86	136.56	202.33	48.59	0	
5	136.56	202.33	161.00	234.00	40.00	1	6	

15	7	107.801	6
1	36.00	72.00	36.80	71.40	1.00	1	15	
2	36.80	71.40	44.90	65.28	10.15	0	
3	44.90	65.28	98.07	25.09	66.65	1	14	
4	98.07	25.09	104.11	20.52	7.58	2	7	14	
5	104.11	20.52	119.13	9.17	18.82	1	7	
6	119.13	9.17	122.00	7.00	3.60	2	7	9	

15	8	73.817	4
1	36.00	72.00	36.81	72.58	1.00	1	15	
2	36.81	72.58	87.06	108.59	61.82	0	
3	87.06	108.59	89.07	110.03	2.48	1	8	
4	89.07	110.03	96.00	115.00	8.52	2	8	13	

15	9	136.125	7
1	36.00	72.00	36.93	71.64	1.00	1	15	
2	36.93	71.64	48.78	67.07	12.70	0	
3	48.78	67.07	100.85	46.98	55.81	1	14	
4	100.85	46.98	120.08	39.56	20.62	0	
5	120.08	39.56	128.65	36.25	9.18	1	9	
6	128.65	36.25	136.72	33.14	8.66	2	7	9	
7	136.72	33.14	163.00	23.00	28.16	1	9	

15	10	193.876	8
1	36.00	72.00	36.73	72.68	1.00	1	15	
2	36.73	72.68	85.39	117.91	66.44	0	
3	85.39	117.91	85.60	118.10	0.28	1	8	
4	85.60	118.10	93.87	125.79	11.29	2	8	13	
5	93.87	125.79	135.52	164.51	56.87	1	13	
6	135.52	164.51	155.29	182.89	27.00	0	
7	155.29	182.89	167.88	194.60	17.19	1	10	
8	167.88	194.60	178.00	204.00	13.81	2	6	10	

15	11	248.073	5
1	36.00	72.00	36.99	72.13	1.00	1	15	
2	36.99	72.13	143.43	85.97	107.33	0	
3	143.43	85.97	183.82	91.23	40.73	1	3	
4	183.82	91.23	236.38	98.07	53.01	0	
5	236.38	98.07	282.00	104.00	46.00	1	11	

15	12	206.519	9
1	36.00	72.00	36.99	71.88	1.00	1	15	
2	36.99	71.88	57.14	69.42	20.30	0	
3	57.14	69.42	80.37	66.59	23.41	1	14	
4	80.37	66.59	135.49	59.87	55.52	0	
5	135.49	59.87	154.47	57.55	19.12	1	9	
6	154.47	57.55	170.31	55.62	15.96	2	3	9	
7	170.31	55.62	198.56	52.18	28.47	1	9	
8	198.56	52.18	240.01	47.12	41.75	0	
9	240.01	47.12	241.00	47.00	1.00	1	12	

15	13	103.175	5
1	36.00	72.00	36.83	72.55	1.00	1	15	
2	36.83	72.55	88.60	106.86	62.10	0	
3	88.60	106.86	90.33	108.01	2.07	1	8	
4	90.33	108.01	106.38	118.65	19.26	2	8	13	
5	106.38	118.65	122.00	129.00	18.74	1	13	

15	14	51.313	4
1	36.00	72.00	36.55	71.16	1.00	1	15	
2	36.55	71.16	41.63	63.36	9.31	0	
3	41.63	63.36	49.79	50.82	14.97	1	14	
4	49.79	50.82	64.00	29.00	26.03	2	5	14	

15	15	0	0
