16	540	2	0.001	120.0
0.000	0.000	0.000	1.000	0.000
56.000	152.000	35.000	8.000	9.000
57.000	162.000	35.000	1.000	4.000
47.000	26.000	23.000	4.000	12.000
116.000	236.000	47.000	1.000	19.000
56.000	151.000	6.000	7.000	10.000
243.000	206.000	30.000	7.000	2.000
21.000	202.000	50.000	1.000	9.000
86.000	17.000	18.000	4.000	4.000
222.000	202.000	24.000	3.000	12.000
116.000	257.000	5.000	4.000	16.000
283.000	28.000	27.000	9.000	12.000
264.000	74.000	20.000	1.000	13.000
225.000	175.000	22.000	7.000	1.000
81.000	200.000	33.000	6.000	15.000
155.000	131.000	23.000	7.000	2.000
 


0	0	0	0

0	1	161.988	4
1	0.00	0.00	43.90	119.16	126.99	0	
2	43.90	119.16	47.30	128.37	9.82	1	1	
3	47.30	128.37	53.60	145.50	18.25	2	1	2	
4	53.60	145.50	56.00	152.00	6.93	3	1	2	5	

0	2	171.735	5
1	0.00	0.00	42.17	119.85	127.05	0	
2	42.17	119.85	45.38	128.98	9.68	1	1	
3	45.38	128.98	51.67	146.85	18.94	2	1	2	
4	51.67	146.85	55.22	156.95	10.71	3	1	2	5	
5	55.22	156.95	57.00	162.00	5.35	2	1	2	

0	3	53.712	2
1	0.00	0.00	26.87	14.87	30.71	0	
2	26.87	14.87	47.00	26.00	23.00	1	3	

0	4	262.968	8
1	0.00	0.00	57.52	117.03	130.41	0	
2	57.52	117.03	62.65	127.46	11.62	1	1	
3	62.65	127.46	82.09	167.02	44.08	2	1	2	
4	82.09	167.02	84.62	172.15	5.72	3	1	2	14	
5	84.62	172.15	87.80	178.63	7.21	2	2	14	
6	87.80	178.63	95.27	193.82	16.93	1	14	
7	95.27	193.82	107.78	219.28	28.37	2	4	14	
8	107.78	219.28	116.00	236.00	18.63	1	4	

0	5	161.050	4
1	0.00	0.00	44.16	119.06	126.99	0	
2	44.16	119.06	47.58	128.29	9.84	1	1	
3	47.58	128.29	53.91	145.37	18.22	2	1	2	
4	53.91	145.37	56.00	151.00	6.00	3	1	2	5	

0	6	318.567	9
1	0.00	0.00	24.59	20.84	32.23	0	
2	24.59	20.84	55.76	47.27	40.87	1	3	
3	55.76	47.27	137.26	116.36	106.85	0	
4	137.26	116.36	172.35	146.10	46.00	1	15	
5	172.35	146.10	203.17	172.24	40.42	0	
6	203.17	172.24	212.36	180.02	12.04	1	13	
7	212.36	180.02	220.12	186.60	10.17	2	9	13	
8	220.12	186.60	231.30	196.08	14.66	3	6	9	13	
9	231.30	196.08	243.00	206.00	15.34	2	6	9	

0	7	203.089	2
1	0.00	0.00	15.83	152.27	153.09	0	
2	15.83	152.27	21.00	202.00	50.00	0	

0	8	87.664	4
1	0.00	0.00	34.35	6.79	35.02	0	
2	34.35	6.79	66.01	13.05	32.27	1	3	
3	66.01	13.05	68.34	13.51	2.38	0	
4	68.34	13.51	86.00	17.00	18.00	1	8	

0	9	300.147	9
1	0.00	0.00	24.33	22.14	32.89	0	
2	24.33	22.14	52.98	48.21	38.74	1	3	
3	52.98	48.21	133.90	121.84	109.41	0	
4	133.90	121.84	166.11	151.14	43.54	1	15	
5	166.11	151.14	204.25	185.85	51.57	0	
6	204.25	185.85	209.69	190.80	7.36	1	9	
7	209.69	190.80	210.71	191.73	1.38	2	9	13	
8	210.71	191.73	214.89	195.53	5.65	1	9	
9	214.89	195.53	222.00	202.00	9.62	2	6	9	

0	10	281.966	9
1	0.00	0.00	52.87	117.14	128.52	0	
2	52.87	117.14	57.32	127.00	10.82	1	1	
3	57.32	127.00	75.58	167.45	44.38	2	1	2	
4	75.58	167.45	80.07	177.41	10.92	3	1	2	14	
5	80.07	177.41	83.46	184.91	8.23	2	2	14	
6	83.46	184.91	89.12	197.45	13.75	1	14	
7	89.12	197.45	101.83	225.60	30.89	2	4	14	
8	101.83	225.60	113.94	252.44	29.45	1	4	
9	113.94	252.44	116.00	257.00	5.00	2	4	10	

0	11	284.382	6
1	0.00	0.00	40.33	3.99	40.52	0	
2	40.33	3.99	57.86	5.72	17.62	1	3	
3	57.86	5.72	71.02	7.03	13.22	0	
4	71.02	7.03	102.65	10.16	31.79	1	8	
5	102.65	10.16	256.13	25.34	154.23	0	
6	256.13	25.34	283.00	28.00	27.00	1	11	

0	12	274.175	6
1	0.00	0.00	31.65	8.87	32.87	0	
2	31.65	8.87	68.12	19.09	37.88	1	3	
3	68.12	19.09	69.02	19.35	0.93	2	3	8	
4	69.02	19.35	100.18	28.08	32.37	1	8	
5	100.18	28.08	244.74	68.60	150.13	0	
6	244.74	68.60	264.00	74.00	20.00	1	12	

0	13	285.044	6
1	0.00	0.00	24.96	19.42	31.62	0	
2	24.96	19.42	58.81	45.74	42.88	1	3	
3	58.81	45.74	143.11	111.31	106.80	0	
4	143.11	111.31	177.01	137.67	42.94	1	15	
5	177.01	137.67	207.63	161.49	38.80	0	
6	207.63	161.49	225.00	175.00	22.00	1	13	

0	14	215.780	8
1	0.00	0.00	47.78	117.98	127.29	0	
2	47.78	117.98	51.60	127.42	10.18	1	1	
3	51.60	127.42	59.07	145.84	19.88	2	1	2	
4	59.07	145.84	61.79	152.57	7.26	3	1	2	5	
5	61.79	152.57	68.61	169.41	18.17	2	1	2	
6	68.61	169.41	73.77	182.15	13.74	3	1	2	14	
7	73.77	182.15	77.19	190.59	9.10	1	14	
8	77.19	190.59	81.00	200.00	10.15	1	14	

0	15	202.943	4
1	0.00	0.00	24.60	20.79	32.21	0	
2	24.60	20.79	55.87	47.22	40.95	1	3	
3	55.87	47.22	137.43	116.15	106.79	0	
4	137.43	116.15	155.00	131.00	23.00	1	15	

1	0	161.988	4
1	56.00	152.00	53.60	145.50	6.93	3	1	2	5	
2	53.60	145.50	47.30	128.37	18.25	2	1	2	
3	47.30	128.37	43.90	119.16	9.82	1	1	
4	43.90	119.16	0.00	0.00	126.99	0	

1	1	0	0

1	2	10.050	2
1	56.00	152.00	56.50	156.98	5.00	3	1	2	5	
2	56.50	156.98	57.00	162.00	5.05	2	1	2	

1	3	126.321	5
1	56.00	152.00	55.50	145.02	7.00	3	1	2	5	
2	55.50	145.02	54.22	127.11	17.96	2	1	2	
3	54.22	127.11	53.51	117.09	10.05	1	1	
4	53.51	117.09	48.64	48.94	68.32	0	
5	48.64	48.94	47.00	26.00	23.00	0	

1	4	103.228	7
1	56.00	152.00	59.00	156.20	5.16	3	1	2	5	
2	59.00	156.20	68.48	169.47	16.31	2	1	2	
3	68.48	169.47	76.34	180.48	13.53	3	1	2	14	
4	76.34	180.48	81.20	187.28	8.36	2	2	14	
5	81.20	187.28	88.68	197.75	12.87	1	14	
6	88.68	197.75	105.82	221.75	29.49	2	4	14	
7	105.82	221.75	116.00	236.00	17.51	1	4	

1	5	1.000	1
1	56.00	152.00	56.00	151.00	1.00	3	1	2	5	

1	6	194.641	6
1	56.00	152.00	61.42	153.57	5.65	3	1	2	5	
2	61.42	153.57	89.63	161.71	29.35	2	1	2	
3	89.63	161.71	92.00	162.40	2.47	1	2	
4	92.00	162.40	199.57	193.46	111.97	0	
5	199.57	193.46	214.18	197.68	15.20	1	9	
6	214.18	197.68	243.00	206.00	30.00	2	6	9	

1	7	61.033	5
1	56.00	152.00	53.04	156.22	5.15	3	1	2	5	
2	53.04	156.22	49.67	161.04	5.88	2	1	2	
3	49.67	161.04	35.93	180.67	23.97	3	1	2	7	
4	35.93	180.67	31.91	186.41	7.00	2	2	7	
5	31.91	186.41	21.00	202.00	19.03	1	7	

1	8	138.293	5
1	56.00	152.00	57.51	145.19	6.97	3	1	2	5	
2	57.51	145.19	61.49	127.29	18.34	1	1	
3	61.49	127.29	63.59	117.83	9.69	0	
4	63.59	117.83	82.10	34.57	85.29	0	
5	82.10	34.57	86.00	17.00	18.00	1	8	

1	9	173.367	6
1	56.00	152.00	61.40	153.63	5.63	3	1	2	5	
2	61.40	153.63	89.51	162.09	29.37	2	1	2	
3	89.51	162.09	91.99	162.84	2.59	1	2	
4	91.99	162.84	199.02	195.08	111.78	0	
5	199.02	195.08	213.71	199.50	15.34	1	9	
6	213.71	199.50	222.00	202.00	8.66	2	6	9	

1	10	120.934	8
1	56.00	152.00	58.54	156.44	5.11	3	1	2	5	
2	58.54	156.44	66.49	170.36	16.04	2	1	2	
3	66.49	170.36	73.36	182.39	13.85	3	1	2	14	
4	73.36	182.39	77.80	190.15	8.94	2	2	14	
5	77.80	190.15	84.22	201.38	12.93	1	14	
6	84.22	201.38	99.17	227.55	30.14	2	4	14	
7	99.17	227.55	113.52	252.66	28.92	1	4	
8	113.52	252.66	116.00	257.00	5.00	2	4	10	

1	11	258.660	5
1	56.00	152.00	61.63	148.92	6.41	3	1	2	5	
2	61.63	148.92	82.19	137.70	23.42	2	1	2	
3	82.19	137.70	86.72	135.22	5.16	1	1	
4	86.72	135.22	259.30	40.94	196.66	0	
5	259.30	40.94	283.00	28.00	27.00	1	11	

1	12	222.144	7
1	56.00	152.00	61.88	149.80	6.28	3	1	2	5	
2	61.88	149.80	85.07	141.10	24.77	2	1	2	
3	85.07	141.10	88.77	139.71	3.95	1	1	
4	88.77	139.71	133.45	122.96	47.72	0	
5	133.45	122.96	165.94	110.77	34.70	1	15	
6	165.94	110.77	245.27	81.02	84.72	0	
7	245.27	81.02	264.00	74.00	20.00	1	12	

1	13	170.558	5
1	56.00	152.00	61.73	152.78	5.78	3	1	2	5	
2	61.73	152.78	90.68	156.72	29.22	2	1	2	
3	90.68	156.72	91.62	156.85	0.95	1	2	
4	91.62	156.85	203.20	172.03	112.61	0	
5	203.20	172.03	225.00	175.00	22.00	1	13	

1	14	54.120	5
1	56.00	152.00	58.35	156.52	5.10	3	1	2	5	
2	58.35	156.52	65.76	170.73	16.03	2	1	2	
3	65.76	170.73	72.17	183.04	13.88	3	1	2	14	
4	72.17	183.04	76.39	191.14	9.13	2	2	14	
5	76.39	191.14	81.00	200.00	9.99	1	14	

1	15	101.203	5
1	56.00	152.00	61.99	150.73	6.13	3	1	2	5	
2	61.99	150.73	87.74	145.27	26.32	2	1	2	
3	87.74	145.27	90.24	144.74	2.55	1	1	
4	90.24	144.74	132.50	135.77	43.20	0	
5	132.50	135.77	155.00	131.00	23.00	1	15	

2	0	171.735	5
1	57.00	162.00	55.22	156.95	5.35	2	1	2	
2	55.22	156.95	51.67	146.85	10.71	3	1	2	5	
3	51.67	146.85	45.38	128.98	18.94	2	1	2	
4	45.38	128.98	42.17	119.85	9.68	1	1	
5	42.17	119.85	0.00	0.00	127.05	0	

2	1	10.050	2
1	57.00	162.00	56.50	156.98	5.05	2	1	2	
2	56.50	156.98	56.00	152.00	5.00	3	1	2	5	

2	2	0	0

2	3	136.367	6
1	57.00	162.00	56.63	156.97	5.05	2	1	2	
2	56.63	156.97	55.75	145.01	11.99	3	1	2	5	
3	55.75	145.01	54.43	127.09	17.96	2	1	2	
4	54.43	127.09	53.70	117.08	10.04	1	1	
5	53.70	117.08	48.69	48.94	68.32	0	
6	48.69	48.94	47.00	26.00	23.00	1	3	

2	4	94.641	6
1	57.00	162.00	64.51	171.42	12.04	2	1	2	
2	64.51	171.42	73.29	182.43	14.09	3	1	2	14	
3	73.29	182.43	78.82	189.37	8.87	2	2	14	
4	78.82	189.37	86.70	199.25	12.64	1	14	
5	86.70	199.25	105.19	222.44	29.66	2	4	14	
6	105.19	222.44	116.00	236.00	17.34	1	4	

2	5	11.045	2
1	57.00	162.00	56.54	156.98	5.05	2	1	2	
2	56.54	156.98	56.00	151.00	6.00	3	1	2	5	

2	6	191.133	7
1	57.00	162.00	78.53	167.09	22.12	2	1	2	
2	78.53	167.09	86.59	169.00	8.29	3	1	2	14	
3	86.59	169.00	91.06	170.06	4.59	2	2	14	
4	91.06	170.06	97.95	171.69	7.08	1	14	
5	97.95	171.69	198.88	195.56	103.71	0	
6	198.88	195.56	213.81	199.09	15.34	1	9	
7	213.81	199.09	243.00	206.00	30.00	2	6	9	

2	7	53.814	4
1	57.00	162.00	54.45	164.84	3.81	2	1	2	
2	54.45	164.84	38.65	182.39	23.62	3	1	2	7	
3	38.65	182.39	33.59	188.02	7.56	2	2	7	
4	33.59	188.02	21.00	202.00	18.81	1	7	

2	8	147.872	6
1	57.00	162.00	58.07	156.63	5.48	2	1	2	
2	58.07	156.63	60.08	146.60	10.23	3	1	2	5	
3	60.08	146.60	63.86	127.68	19.30	1	1	
4	63.86	127.68	65.72	118.38	9.49	1	1	
5	65.72	118.38	82.47	34.65	85.39	0	
6	82.47	34.65	86.00	17.00	18.00	1	8	

2	9	169.779	7
1	57.00	162.00	78.14	167.12	21.75	2	1	2	
2	78.14	167.12	86.51	169.15	8.61	3	1	2	14	
3	86.51	169.15	91.01	170.25	4.64	2	2	14	
4	91.01	170.25	98.60	172.08	7.80	1	14	
5	98.60	172.08	198.68	196.35	102.98	0	
6	198.68	196.35	213.61	199.97	15.37	1	9	
7	213.61	199.97	222.00	202.00	8.63	2	6	9	

2	10	111.830	7
1	57.00	162.00	63.30	172.15	11.94	2	1	2	
2	63.30	172.15	70.56	183.83	13.75	3	1	2	14	
3	70.56	183.83	75.47	191.73	9.30	2	2	14	
4	75.47	191.73	82.49	203.04	13.32	1	14	
5	82.49	203.04	98.12	228.21	29.63	2	4	14	
6	98.12	228.21	113.36	252.75	28.89	1	4	
7	113.36	252.75	116.00	257.00	5.00	2	4	10	

2	11	262.739	4
1	57.00	162.00	87.11	144.15	35.00	2	1	2	
2	87.11	144.15	89.71	142.60	3.03	1	1	
3	89.71	142.60	259.78	41.77	197.71	0	
4	259.78	41.77	283.00	28.00	27.00	1	11	

2	12	224.929	6
1	57.00	162.00	89.21	148.31	35.00	2	1	2	
2	89.21	148.31	90.73	147.66	1.65	1	1	
3	90.73	147.66	132.02	130.11	44.86	0	
4	132.02	130.11	170.31	113.83	41.60	1	15	
5	170.31	113.83	245.59	81.82	81.81	0	
6	245.59	81.82	264.00	74.00	20.00	1	12	

2	13	168.502	4
1	57.00	162.00	88.71	164.45	31.80	2	1	2	
2	88.71	164.45	91.90	164.70	3.20	1	2	
3	91.90	164.70	203.07	173.30	111.50	0	
4	203.07	173.30	225.00	175.00	22.00	1	13	

2	14	44.944	4
1	57.00	162.00	63.38	172.10	11.94	2	1	2	
2	63.38	172.10	70.73	183.75	13.78	3	1	2	14	
3	70.73	183.75	75.69	191.59	9.28	2	2	14	
4	75.69	191.59	81.00	200.00	9.94	1	14	

2	15	102.786	4
1	57.00	162.00	90.37	151.44	35.00	2	1	2	
2	90.37	151.44	90.99	151.25	0.65	1	1	
3	90.99	151.25	133.07	137.94	44.13	0	
4	133.07	137.94	155.00	131.00	23.00	1	15	

3	0	53.712	2
1	47.00	26.00	26.87	14.87	23.00	1	3	
2	26.87	14.87	0.00	0.00	30.71	0	

3	1	126.321	5
1	47.00	26.00	48.64	48.94	23.00	0	
2	48.64	48.94	53.51	117.09	68.32	0	
3	53.51	117.09	54.22	127.11	10.05	1	1	
4	54.22	127.11	55.50	145.02	17.96	2	1	2	
5	55.50	145.02	56.00	152.00	7.00	3	1	2	5	

3	2	136.367	6
1	47.00	26.00	48.69	48.94	23.00	1	3	
2	48.69	48.94	53.70	117.08	68.32	0	
3	53.70	117.08	54.43	127.09	10.04	1	1	
4	54.43	127.09	55.75	145.01	17.96	2	1	2	
5	55.75	145.01	56.63	156.97	11.99	3	1	2	5	
6	56.63	156.97	57.00	162.00	5.05	2	1	2	

3	3	0	0

3	4	221.045	9
1	47.00	26.00	54.18	47.85	23.00	1	3	
2	54.18	47.85	80.04	126.56	82.85	0	
3	80.04	126.56	84.62	140.51	14.68	1	1	
4	84.62	140.51	90.44	158.22	18.64	2	1	2	
5	90.44	158.22	91.99	162.92	4.95	1	2	
6	91.99	162.92	94.24	169.77	7.21	0	
7	94.24	169.77	101.33	191.35	22.71	1	14	
8	101.33	191.35	109.59	216.48	26.46	2	4	14	
9	109.59	216.48	116.00	236.00	20.54	1	4	

3	5	125.324	5
1	47.00	26.00	48.65	48.94	23.00	1	3	
2	48.65	48.94	53.56	117.08	68.32	0	
3	53.56	117.08	54.28	127.11	10.05	0	
4	54.28	127.11	55.57	145.02	17.96	1	1	
5	55.57	145.02	56.00	151.00	6.00	3	1	2	5	

3	6	266.113	8
1	47.00	26.00	63.94	41.56	23.00	1	3	
2	63.94	41.56	141.25	112.56	104.97	0	
3	141.25	112.56	174.54	143.13	45.20	1	15	
4	174.54	143.13	203.62	169.83	39.47	0	
5	203.62	169.83	214.00	179.37	14.10	1	13	
6	214.00	179.37	220.90	185.71	9.37	2	9	13	
7	220.90	185.71	231.97	195.87	15.02	3	6	9	13	
8	231.97	195.87	243.00	206.00	14.98	2	6	9	

3	7	177.910	7
1	47.00	26.00	43.64	48.75	23.00	1	3	
2	43.64	48.75	32.17	126.36	78.45	0	
3	32.17	126.36	30.24	139.44	13.22	1	1	
4	30.24	139.44	28.31	152.54	13.24	2	1	2	
5	28.31	152.54	25.78	169.65	17.30	2	1	2	
6	25.78	169.65	24.86	175.86	6.27	2	2	7	
7	24.86	175.86	21.00	202.00	26.42	1	7	

3	8	40.025	3
1	47.00	26.00	68.46	21.05	22.03	1	3	
2	68.46	21.05	69.41	20.83	0.97	2	3	8	
3	69.41	20.83	86.00	17.00	17.02	1	8	

3	9	248.195	8
1	47.00	26.00	63.22	42.31	23.00	1	3	
2	63.22	42.31	137.07	116.59	104.75	0	
3	137.07	116.59	169.31	149.01	45.72	1	15	
4	169.31	149.01	205.08	184.98	50.73	0	
5	205.08	184.98	205.76	185.67	0.96	1	9	
6	205.76	185.67	214.23	194.18	12.01	2	9	13	
7	214.23	194.18	215.08	195.04	1.21	1	9	
8	215.08	195.04	222.00	202.00	9.82	2	6	9	

3	10	241.085	10
1	47.00	26.00	53.58	48.04	23.00	1	3	
2	53.58	48.04	76.07	123.33	78.58	0	
3	76.07	123.33	79.65	135.32	12.52	1	1	
4	79.65	135.32	88.51	164.97	30.94	2	1	2	
5	88.51	164.97	89.45	168.10	3.27	1	2	
6	89.45	168.10	90.58	171.88	3.95	2	2	14	
7	90.58	171.88	96.90	193.06	22.10	1	14	
8	96.90	193.06	105.56	222.04	30.25	2	4	14	
9	105.56	222.04	114.57	252.21	31.48	1	4	
10	114.57	252.21	116.00	257.00	5.00	2	4	10	

3	11	236.008	5
1	47.00	26.00	70.00	26.19	23.00	1	3	
2	70.00	26.19	70.53	26.20	0.53	0	
3	70.53	26.20	101.31	26.46	30.79	1	8	
4	101.31	26.46	256.00	27.77	154.69	0	
5	256.00	27.77	283.00	28.00	27.00	1	11	

3	12	222.245	5
1	47.00	26.00	69.46	30.97	23.00	1	3	
2	69.46	30.97	77.14	32.67	7.86	0	
3	77.14	32.67	87.43	34.94	10.54	1	8	
4	87.43	34.94	244.47	69.68	160.84	0	
5	244.47	69.68	264.00	74.00	20.00	1	12	

3	13	232.131	5
1	47.00	26.00	64.64	40.76	23.00	1	3	
2	64.64	40.76	146.78	109.52	107.12	0	
3	146.78	109.52	177.59	135.32	40.19	1	15	
4	177.59	135.32	208.13	160.88	39.83	0	
5	208.13	160.88	225.00	175.00	22.00	1	13	

3	14	177.291	7
1	47.00	26.00	51.41	48.57	23.00	1	3	
2	51.41	48.57	65.01	118.18	70.92	0	
3	65.01	118.18	67.02	128.47	10.48	1	1	
4	67.02	128.47	74.67	167.61	39.89	2	1	2	
5	74.67	167.61	77.08	179.94	12.56	3	1	2	14	
6	77.08	179.94	78.91	189.30	9.53	1	14	
7	78.91	189.30	81.00	200.00	10.91	1	14	

3	15	150.629	3
1	47.00	26.00	63.49	42.03	23.00	1	3	
2	63.49	42.03	138.51	114.97	104.63	0	
3	138.51	114.97	155.00	131.00	23.00	1	15	

4	0	262.968	8
1	116.00	236.00	107.78	219.28	18.63	1	4	
2	107.78	219.28	95.27	193.82	28.37	2	4	14	
3	95.27	193.82	87.80	178.63	16.93	1	14	
4	87.80	178.63	84.62	172.15	7.21	2	2	14	
5	84.62	172.15	82.09	167.02	5.72	3	1	2	14	
6	82.09	167.02	62.65	127.46	44.08	2	1	2	
7	62.65	127.46	57.52	117.03	11.62	1	1	
8	57.52	117.03	0.00	0.00	130.41	0	

4	1	103.228	7
1	116.00	236.00	105.82	221.75	17.51	1	4	
2	105.82	221.75	88.68	197.75	29.49	2	4	14	
3	88.68	197.75	81.20	187.28	12.87	1	14	
4	81.20	187.28	76.34	180.48	8.36	2	2	14	
5	76.34	180.48	68.48	169.47	13.53	3	1	2	14	
6	68.48	169.47	59.00	156.20	16.31	2	1	2	
7	59.00	156.20	56.00	152.00	5.16	3	1	2	5	

4	2	94.641	6
1	116.00	236.00	105.19	222.44	17.34	1	4	
2	105.19	222.44	86.70	199.25	29.66	2	4	14	
3	86.70	199.25	78.82	189.37	12.64	1	14	
4	78.82	189.37	73.29	182.43	8.87	2	2	14	
5	73.29	182.43	64.51	171.42	14.09	3	1	2	14	
6	64.51	171.42	57.00	162.00	12.04	2	1	2	

4	3	221.045	9
1	116.00	236.00	109.59	216.48	20.54	1	4	
2	109.59	216.48	101.33	191.35	26.46	2	4	14	
3	101.33	191.35	94.24	169.77	22.71	1	14	
4	94.24	169.77	91.99	162.92	7.21	0	
5	91.99	162.92	90.44	158.22	4.95	1	2	
6	90.44	158.22	84.62	140.51	18.64	2	1	2	
7	84.62	140.51	80.04	126.56	14.68	1	1	
8	80.04	126.56	54.18	47.85	82.85	0	
9	54.18	47.85	47.00	26.00	23.00	1	3	

4	4	0	0

4	5	104.043	7
1	116.00	236.00	105.89	221.67	17.54	1	4	
2	105.89	221.67	88.90	197.60	29.46	2	4	14	
3	88.90	197.60	81.45	187.05	12.92	1	14	
4	81.45	187.05	76.65	180.26	8.31	2	2	14	
5	76.65	180.26	68.91	169.29	13.42	3	1	2	14	
6	68.91	169.29	59.46	155.90	16.39	2	1	2	
7	59.46	155.90	56.00	151.00	6.00	3	1	2	5	

4	6	130.495	4
1	116.00	236.00	161.74	225.19	47.00	1	4	
2	161.74	225.19	202.24	215.63	41.62	0	
3	202.24	215.63	213.80	212.90	11.88	1	9	
4	213.80	212.90	243.00	206.00	30.00	2	6	9	

4	7	100.901	5
1	116.00	236.00	96.63	229.07	20.58	1	4	
2	96.63	229.07	71.75	220.16	26.42	2	4	14	
3	71.75	220.16	68.08	218.85	3.90	1	14	
4	68.08	218.85	50.48	212.55	18.69	2	7	14	
5	50.48	212.55	21.00	202.00	31.31	1	7	

4	8	221.045	5
1	116.00	236.00	112.44	210.02	26.22	1	4	
2	112.44	210.02	109.62	189.43	20.78	2	4	14	
3	109.62	189.43	108.59	181.89	7.61	1	14	
4	108.59	181.89	88.44	34.83	148.43	0	
5	88.44	34.83	86.00	17.00	18.00	1	8	

4	9	111.319	4
1	116.00	236.00	160.75	221.64	47.00	1	4	
2	160.75	221.64	199.15	209.33	40.32	0	
3	199.15	209.33	213.02	204.88	14.57	1	9	
4	213.02	204.88	222.00	202.00	9.43	2	6	9	

4	10	21.000	2
1	116.00	236.00	116.00	252.00	16.00	1	4	
2	116.00	252.00	116.00	257.00	5.00	2	4	10	

4	11	266.745	5
1	116.00	236.00	145.43	199.35	47.00	1	4	
2	145.43	199.35	244.14	76.40	157.68	0	
3	244.14	76.40	262.05	54.10	28.60	1	12	
4	262.05	54.10	266.10	49.05	6.47	0	
5	266.10	49.05	283.00	28.00	27.00	1	11	

4	12	219.427	3
1	116.00	236.00	147.70	201.30	47.00	1	4	
2	147.70	201.30	250.51	88.77	152.43	0	
3	250.51	88.77	264.00	74.00	20.00	1	12	

4	13	124.908	5
1	116.00	236.00	157.01	213.05	47.00	1	4	
2	157.01	213.05	203.03	187.29	52.74	0	
3	203.03	187.29	205.80	185.74	3.17	1	9	
4	205.80	185.74	219.38	178.14	15.56	2	9	13	
5	219.38	178.14	225.00	175.00	6.44	1	13	

4	14	50.210	3
1	116.00	236.00	104.00	223.66	17.21	1	4	
2	104.00	223.66	83.24	202.30	29.79	2	4	14	
3	83.24	202.30	81.00	200.00	3.21	1	14	

4	15	112.009	3
1	116.00	236.00	132.36	191.94	47.00	0	
2	132.36	191.94	146.99	152.56	42.01	0	
3	146.99	152.56	155.00	131.00	23.00	1	15	

5	0	161.050	4
1	56.00	151.00	53.91	145.37	6.00	3	1	2	5	
2	53.91	145.37	47.58	128.29	18.22	2	1	2	
3	47.58	128.29	44.16	119.06	9.84	1	1	
4	44.16	119.06	0.00	0.00	126.99	0	

5	1	1.000	1
1	56.00	151.00	56.00	152.00	1.00	3	1	2	5	

5	2	11.045	2
1	56.00	151.00	56.54	156.98	6.00	3	1	2	5	
2	56.54	156.98	57.00	162.00	5.05	2	1	2	

5	3	125.324	5
1	56.00	151.00	55.57	145.02	6.00	3	1	2	5	
2	55.57	145.02	54.28	127.11	17.96	1	1	
3	54.28	127.11	53.56	117.08	10.05	0	
4	53.56	117.08	48.65	48.94	68.32	0	
5	48.65	48.94	47.00	26.00	23.00	1	3	

5	4	104.043	7
1	56.00	151.00	59.46	155.90	6.00	3	1	2	5	
2	59.46	155.90	68.91	169.29	16.39	2	1	2	
3	68.91	169.29	76.65	180.26	13.42	3	1	2	14	
4	76.65	180.26	81.45	187.05	8.31	2	2	14	
5	81.45	187.05	88.90	197.60	12.92	1	14	
6	88.90	197.60	105.89	221.67	29.46	2	4	14	
7	105.89	221.67	116.00	236.00	17.54	1	4	

5	5	0	0

5	6	194.920	6
1	56.00	151.00	61.76	152.69	6.00	3	1	2	5	
2	61.76	152.69	89.84	160.95	29.27	2	1	2	
3	89.84	160.95	92.00	161.59	2.25	1	2	
4	92.00	161.59	199.65	193.25	112.21	0	
5	199.65	193.25	214.22	197.53	15.18	1	9	
6	214.22	197.53	243.00	206.00	30.00	2	6	9	

5	7	61.855	5
1	56.00	151.00	52.60	155.95	6.00	3	1	2	5	
2	52.60	155.95	49.29	160.77	5.85	2	1	2	
3	49.29	160.77	35.73	180.53	23.97	3	1	2	7	
4	35.73	180.53	31.79	186.28	6.97	2	2	7	
5	31.79	186.28	21.00	202.00	19.07	1	7	

5	8	137.317	5
1	56.00	151.00	57.31	145.15	6.00	3	1	2	5	
2	57.31	145.15	61.31	127.27	18.32	2	1	2	
3	61.31	127.27	63.43	117.80	9.70	1	1	
4	63.43	117.80	82.07	34.57	85.29	0	
5	82.07	34.57	86.00	17.00	18.00	1	8	

5	9	173.658	6
1	56.00	151.00	61.74	152.76	6.00	3	1	2	5	
2	61.74	152.76	89.72	161.36	29.28	2	1	2	
3	89.72	161.36	92.00	162.06	2.38	1	2	
4	92.00	162.06	199.06	194.95	112.00	0	
5	199.06	194.95	213.72	199.46	15.34	1	9	
6	213.72	199.46	222.00	202.00	8.66	2	6	9	

5	10	121.803	8
1	56.00	151.00	58.96	156.22	6.00	3	1	2	5	
2	58.96	156.22	66.86	170.18	16.04	2	1	2	
3	66.86	170.18	73.67	182.21	13.82	3	1	2	14	
4	73.67	182.21	78.05	189.96	8.90	2	2	14	
5	78.05	189.96	84.41	201.20	12.91	1	14	
6	84.41	201.20	99.29	227.47	30.19	2	4	14	
7	99.29	227.47	113.54	252.65	28.93	1	4	
8	113.54	252.65	116.00	257.00	5.00	2	4	10	

5	11	258.182	5
1	56.00	151.00	61.28	148.14	6.00	3	1	2	5	
2	61.28	148.14	81.62	137.12	23.14	2	1	2	
3	81.62	137.12	86.34	134.56	5.38	1	1	
4	86.34	134.56	259.26	40.86	196.67	0	
5	259.26	40.86	283.00	28.00	27.00	1	11	

5	12	221.795	7
1	56.00	151.00	61.63	148.92	6.00	3	1	2	5	
2	61.63	148.92	84.56	140.43	24.46	2	1	2	
3	84.56	140.43	88.49	138.97	4.19	1	1	
4	88.49	138.97	133.74	122.22	48.26	0	
5	133.74	122.22	165.42	110.49	33.78	1	15	
6	165.42	110.49	245.24	80.94	85.12	0	
7	245.24	80.94	264.00	74.00	20.00	1	12	

5	13	170.696	5
1	56.00	151.00	61.94	151.84	6.00	3	1	2	5	
2	61.94	151.84	90.78	155.94	29.13	2	1	2	
3	90.78	155.94	91.49	156.04	0.72	1	2	
4	91.49	156.04	203.22	171.91	112.85	0	
5	203.22	171.91	225.00	175.00	22.00	1	13	

5	14	55.009	5
1	56.00	151.00	58.73	156.34	6.00	3	1	2	5	
2	58.73	156.34	66.00	170.60	16.01	2	1	2	
3	66.00	170.60	72.31	182.97	13.88	3	1	2	14	
4	72.31	182.97	76.46	191.09	9.12	2	2	14	
5	76.46	191.09	81.00	200.00	10.00	1	14	

5	15	101.000	3
1	56.00	151.00	87.40	144.66	32.04	2	1	2	
2	87.40	144.66	90.10	144.11	2.75	1	1	
3	90.10	144.11	155.00	131.00	66.21	0	

6	0	318.567	9
1	243.00	206.00	231.30	196.08	15.34	2	6	9	
2	231.30	196.08	220.12	186.60	14.66	3	6	9	13	
3	220.12	186.60	212.36	180.02	10.17	2	9	13	
4	212.36	180.02	203.17	172.24	12.04	1	13	
5	203.17	172.24	172.35	146.10	40.42	0	
6	172.35	146.10	137.26	116.36	46.00	1	15	
7	137.26	116.36	55.76	47.27	106.85	0	
8	55.76	47.27	24.59	20.84	40.87	1	3	
9	24.59	20.84	0.00	0.00	32.23	0	

6	1	194.641	6
1	243.00	206.00	214.18	197.68	30.00	2	6	9	
2	214.18	197.68	199.57	193.46	15.20	1	9	
3	199.57	193.46	92.00	162.40	111.97	0	
4	92.00	162.40	89.63	161.71	2.47	1	2	
5	89.63	161.71	61.42	153.57	29.35	2	1	2	
6	61.42	153.57	56.00	152.00	5.65	3	1	2	5	

6	2	191.133	7
1	243.00	206.00	213.81	199.09	30.00	2	6	9	
2	213.81	199.09	198.88	195.56	15.34	1	9	
3	198.88	195.56	97.95	171.69	103.71	0	
4	97.95	171.69	91.06	170.06	7.08	1	14	
5	91.06	170.06	86.59	169.00	4.59	2	2	14	
6	86.59	169.00	78.53	167.09	8.29	3	1	2	14	
7	78.53	167.09	57.00	162.00	22.12	2	1	2	

6	3	266.113	8
1	243.00	206.00	231.97	195.87	14.98	2	6	9	
2	231.97	195.87	220.90	185.71	15.02	3	6	9	13	
3	220.90	185.71	214.00	179.37	9.37	2	9	13	
4	214.00	179.37	203.62	169.83	14.10	1	13	
5	203.62	169.83	174.54	143.13	39.47	0	
6	174.54	143.13	141.25	112.56	45.20	1	15	
7	141.25	112.56	63.94	41.56	104.97	0	
8	63.94	41.56	47.00	26.00	23.00	1	3	

6	4	130.495	4
1	243.00	206.00	213.80	212.90	30.00	2	6	9	
2	213.80	212.90	202.24	215.63	11.88	1	9	
3	202.24	215.63	161.74	225.19	41.62	0	
4	161.74	225.19	116.00	236.00	47.00	1	4	

6	5	194.920	6
1	243.00	206.00	214.22	197.53	30.00	2	6	9	
2	214.22	197.53	199.65	193.25	15.18	1	9	
3	199.65	193.25	92.00	161.59	112.21	0	
4	92.00	161.59	89.84	160.95	2.25	1	2	
5	89.84	160.95	61.76	152.69	29.27	2	1	2	
6	61.76	152.69	56.00	151.00	6.00	3	1	2	5	

6	6	0	0

6	7	222.036	8
1	243.00	206.00	213.00	205.46	30.00	2	6	9	
2	213.00	205.46	198.21	205.19	14.79	1	9	
3	198.21	205.19	150.73	204.34	47.49	0	
4	150.73	204.34	113.80	203.67	36.95	1	4	
5	113.80	203.67	82.43	203.11	31.37	2	4	14	
6	82.43	203.11	70.99	202.90	11.44	1	14	
7	70.99	202.90	48.09	202.49	22.90	2	7	14	
8	48.09	202.49	21.00	202.00	27.10	1	7	

6	8	245.703	8
1	243.00	206.00	233.94	195.10	14.17	2	6	9	
2	233.94	195.10	223.83	182.92	15.83	3	6	9	13	
3	223.83	182.92	219.82	178.10	6.27	2	9	13	
4	219.82	178.10	206.88	162.52	20.25	1	13	
5	206.88	162.52	177.72	127.41	45.64	0	
6	177.72	127.41	162.69	109.32	23.51	1	15	
7	162.69	109.32	97.50	30.85	102.02	0	
8	97.50	30.85	86.00	17.00	18.00	1	8	

6	9	21.378	1
1	243.00	206.00	222.00	202.00	21.38	2	6	9	

6	10	136.858	5
1	243.00	206.00	215.16	217.18	30.00	2	6	9	
2	215.16	217.18	206.77	220.55	9.04	1	9	
3	206.77	220.55	162.95	238.15	47.22	0	
4	162.95	238.15	120.64	255.14	45.60	1	4	
5	120.64	255.14	116.00	257.00	5.00	2	4	10	

6	11	182.439	6
1	243.00	206.00	245.24	196.02	10.23	2	6	9	
2	245.24	196.02	249.58	176.73	19.77	1	6	
3	249.58	176.73	268.27	93.54	85.27	0	
4	268.27	93.54	276.22	58.17	36.25	1	12	
5	276.22	58.17	277.08	54.34	3.92	0	
6	277.08	54.34	283.00	28.00	27.00	1	11	

6	12	133.660	4
1	243.00	206.00	244.82	194.56	11.58	2	6	9	
2	244.82	194.56	247.71	176.37	18.42	0	
3	247.71	176.37	260.86	93.75	83.66	0	
4	260.86	93.75	264.00	74.00	20.00	1	12	

6	13	35.847	4
1	243.00	206.00	236.05	194.03	13.85	2	6	9	
2	236.05	194.03	227.94	180.06	16.15	3	6	9	13	
3	227.94	180.06	227.05	178.54	1.76	2	9	13	
4	227.05	178.54	225.00	175.00	4.09	1	13	

6	14	162.111	6
1	243.00	206.00	213.02	204.89	30.00	2	6	9	
2	213.02	204.89	198.11	204.34	14.92	1	9	
3	198.11	204.34	148.98	202.52	49.16	0	
4	148.98	202.52	113.98	201.22	35.03	1	4	
5	113.98	201.22	85.58	200.17	28.41	2	4	14	
6	85.58	200.17	81.00	200.00	4.59	1	14	

6	15	115.624	6
1	243.00	206.00	231.34	196.07	15.32	2	6	9	
2	231.34	196.07	220.17	186.54	14.68	3	6	9	13	
3	220.17	186.54	212.46	179.98	10.12	2	9	13	
4	212.46	179.98	203.20	172.08	12.18	1	13	
5	203.20	172.08	172.50	145.92	40.32	0	
6	172.50	145.92	155.00	131.00	23.00	1	15	

7	0	203.089	2
1	21.00	202.00	15.83	152.27	50.00	0	
2	15.83	152.27	0.00	0.00	153.09	0	

7	1	61.033	5
1	21.00	202.00	31.91	186.41	19.03	1	7	
2	31.91	186.41	35.93	180.67	7.00	2	2	7	
3	35.93	180.67	49.67	161.04	23.97	3	1	2	7	
4	49.67	161.04	53.04	156.22	5.88	2	1	2	
5	53.04	156.22	56.00	152.00	5.15	3	1	2	5	

7	2	53.814	4
1	21.00	202.00	33.59	188.02	18.81	1	7	
2	33.59	188.02	38.65	182.39	7.56	2	2	7	
3	38.65	182.39	54.45	164.84	23.62	3	1	2	7	
4	54.45	164.84	57.00	162.00	3.81	2	1	2	

7	3	177.910	7
1	21.00	202.00	24.86	175.86	26.42	1	7	
2	24.86	175.86	25.78	169.65	6.27	2	2	7	
3	25.78	169.65	28.31	152.54	17.30	2	1	2	
4	28.31	152.54	30.24	139.44	13.24	2	1	2	
5	30.24	139.44	32.17	126.36	13.22	1	1	
6	32.17	126.36	43.64	48.75	78.45	0	
7	43.64	48.75	47.00	26.00	23.00	1	3	

7	4	100.901	5
1	21.00	202.00	50.48	212.55	31.31	1	7	
2	50.48	212.55	68.08	218.85	18.69	2	7	14	
3	68.08	218.85	71.75	220.16	3.90	1	14	
4	71.75	220.16	96.63	229.07	26.42	2	4	14	
5	96.63	229.07	116.00	236.00	20.58	1	4	

7	5	61.855	5
1	21.00	202.00	31.79	186.28	19.07	1	7	
2	31.79	186.28	35.73	180.53	6.97	2	2	7	
3	35.73	180.53	49.29	160.77	23.97	3	1	2	7	
4	49.29	160.77	52.60	155.95	5.85	2	1	2	
5	52.60	155.95	56.00	151.00	6.00	3	1	2	5	

7	6	222.036	8
1	21.00	202.00	48.09	202.49	27.10	1	7	
2	48.09	202.49	70.99	202.90	22.90	2	7	14	
3	70.99	202.90	82.43	203.11	11.44	1	14	
4	82.43	203.11	113.80	203.67	31.37	2	4	14	
5	113.80	203.67	150.73	204.34	36.95	1	4	
6	150.73	204.34	198.21	205.19	47.49	0	
7	198.21	205.19	213.00	205.46	14.79	1	9	
8	213.00	205.46	243.00	206.00	30.00	2	6	9	

7	7	0	0

7	8	196.087	7
1	21.00	202.00	28.11	181.76	21.45	1	7	
2	28.11	181.76	30.24	175.70	6.43	2	2	7	
3	30.24	175.70	37.57	154.83	22.12	3	1	2	7	
4	37.57	154.83	46.82	128.51	27.89	2	1	2	
5	46.82	128.51	50.72	117.40	11.78	1	1	
6	50.72	117.40	80.03	33.98	88.42	0	
7	80.03	33.98	86.00	17.00	18.00	1	8	

7	9	201.000	8
1	21.00	202.00	48.06	202.00	27.06	1	7	
2	48.06	202.00	71.00	202.00	22.94	2	7	14	
3	71.00	202.00	83.55	202.00	12.55	1	14	
4	83.55	202.00	113.94	202.00	30.39	2	4	14	
5	113.94	202.00	148.45	202.00	34.51	1	4	
6	148.45	202.00	198.00	202.00	49.55	0	
7	198.00	202.00	213.27	202.00	15.27	1	9	
8	213.27	202.00	222.00	202.00	8.73	2	6	9	

7	10	109.772	6
1	21.00	202.00	57.42	223.08	42.08	1	7	
2	57.42	223.08	64.27	227.05	7.92	2	7	14	
3	64.27	227.05	69.38	230.01	5.91	1	14	
4	69.38	230.01	72.72	231.95	3.86	2	4	14	
5	72.72	231.95	111.67	254.49	45.01	1	4	
6	111.67	254.49	116.00	257.00	5.00	2	4	10	

7	11	314.516	11
1	21.00	202.00	37.48	191.05	19.79	1	7	
2	37.48	191.05	45.85	185.50	10.04	2	2	7	
3	45.85	185.50	55.44	179.13	11.51	3	1	2	7	
4	55.44	179.13	62.65	174.34	8.66	4	1	2	7	14	
5	62.65	174.34	71.68	168.34	10.83	3	1	2	14	
6	71.68	168.34	90.81	155.64	22.97	2	1	2	
7	90.81	155.64	91.35	155.28	0.65	1	2	
8	91.35	155.28	132.18	128.17	49.01	0	
9	132.18	128.17	161.24	108.86	34.89	1	15	
10	161.24	108.86	260.51	42.94	119.16	0	
11	260.51	42.94	283.00	28.00	27.00	1	11	

7	12	274.651	11
1	21.00	202.00	39.45	192.28	20.85	1	7	
2	39.45	192.28	50.35	186.54	12.32	2	2	7	
3	50.35	186.54	51.03	186.18	0.77	3	1	2	7	
4	51.03	186.18	65.24	178.70	16.05	4	1	2	7	14	
5	65.24	178.70	86.55	167.47	24.09	3	1	2	14	
6	86.55	167.47	87.68	166.88	1.28	2	1	2	
7	87.68	166.88	91.90	164.65	4.77	1	2	
8	91.90	164.65	134.82	142.04	48.52	0	
9	134.82	142.04	175.52	120.61	45.99	1	15	
10	175.52	120.61	246.30	83.32	80.01	0	
11	246.30	83.32	264.00	74.00	20.00	1	12	

7	13	205.779	9
1	21.00	202.00	48.04	198.42	27.27	1	7	
2	48.04	198.42	59.40	196.92	11.46	2	7	14	
3	59.40	196.92	63.77	196.34	4.40	3	2	7	14	
4	63.77	196.34	70.57	195.44	6.86	2	7	14	
5	70.57	195.44	101.23	191.38	30.93	1	14	
6	101.23	191.38	112.42	189.90	11.29	2	4	14	
7	112.42	189.90	118.66	189.08	6.29	1	4	
8	118.66	189.08	203.19	177.89	85.27	0	
9	203.19	177.89	225.00	175.00	22.00	1	13	

7	14	60.033	3
1	21.00	202.00	48.02	201.10	27.03	1	7	
2	48.02	201.10	70.97	200.33	22.97	2	7	14	
3	70.97	200.33	81.00	200.00	10.03	1	14	

7	15	151.648	9
1	21.00	202.00	39.40	192.25	20.82	1	7	
2	39.40	192.25	50.22	186.52	12.24	2	2	7	
3	50.22	186.52	51.09	186.06	0.99	3	1	2	7	
4	51.09	186.06	65.18	178.59	15.95	4	1	2	7	14	
5	65.18	178.59	86.26	167.42	23.85	3	1	2	14	
6	86.26	167.42	87.81	166.60	1.75	2	1	2	
7	87.81	166.60	91.92	164.43	4.65	1	2	
8	91.92	164.43	134.68	141.77	48.39	0	
9	134.68	141.77	155.00	131.00	23.00	1	15	

8	0	87.664	4
1	86.00	17.00	68.34	13.51	18.00	1	8	
2	68.34	13.51	66.01	13.05	2.38	0	
3	66.01	13.05	34.35	6.79	32.27	1	3	
4	34.35	6.79	0.00	0.00	35.02	0	

8	1	138.293	5
1	86.00	17.00	82.10	34.57	18.00	1	8	
2	82.10	34.57	63.59	117.83	85.29	0	
3	63.59	117.83	61.49	127.29	9.69	0	
4	61.49	127.29	57.51	145.19	18.34	1	1	
5	57.51	145.19	56.00	152.00	6.97	3	1	2	5	

8	2	147.872	6
1	86.00	17.00	82.47	34.65	18.00	1	8	
2	82.47	34.65	65.72	118.38	85.39	0	
3	65.72	118.38	63.86	127.68	9.49	1	1	
4	63.86	127.68	60.08	146.60	19.30	1	1	
5	60.08	146.60	58.07	156.63	10.23	3	1	2	5	
6	58.07	156.63	57.00	162.00	5.48	2	1	2	

8	3	40.025	3
1	86.00	17.00	69.41	20.83	17.02	1	8	
2	69.41	20.83	68.46	21.05	0.97	2	3	8	
3	68.46	21.05	47.00	26.00	22.03	1	3	

8	4	221.045	5
1	86.00	17.00	88.44	34.83	18.00	1	8	
2	88.44	34.83	108.59	181.89	148.43	0	
3	108.59	181.89	109.62	189.43	7.61	1	14	
4	109.62	189.43	112.44	210.02	20.78	2	4	14	
5	112.44	210.02	116.00	236.00	26.22	1	4	

8	5	137.317	5
1	86.00	17.00	82.07	34.57	18.00	1	8	
2	82.07	34.57	63.43	117.80	85.29	0	
3	63.43	117.80	61.31	127.27	9.70	1	1	
4	61.31	127.27	57.31	145.15	18.32	2	1	2	
5	57.31	145.15	56.00	151.00	6.00	3	1	2	5	

8	6	245.703	8
1	86.00	17.00	97.50	30.85	18.00	1	8	
2	97.50	30.85	162.69	109.32	102.02	0	
3	162.69	109.32	177.72	127.41	23.51	1	15	
4	177.72	127.41	206.88	162.52	45.64	0	
5	206.88	162.52	219.82	178.10	20.25	1	13	
6	219.82	178.10	223.83	182.92	6.27	2	9	13	
7	223.83	182.92	233.94	195.10	15.83	3	6	9	13	
8	233.94	195.10	243.00	206.00	14.17	2	6	9	

8	7	196.087	7
1	86.00	17.00	80.03	33.98	18.00	1	8	
2	80.03	33.98	50.72	117.40	88.42	0	
3	50.72	117.40	46.82	128.51	11.78	1	1	
4	46.82	128.51	37.57	154.83	27.89	2	1	2	
5	37.57	154.83	30.24	175.70	22.12	3	1	2	7	
6	30.24	175.70	28.11	181.76	6.43	2	2	7	
7	28.11	181.76	21.00	202.00	21.45	1	7	

8	8	0	0

8	9	229.611	8
1	86.00	17.00	96.66	31.50	18.00	1	8	
2	96.66	31.50	152.96	108.09	95.06	0	
3	152.96	108.09	176.26	139.78	39.33	1	15	
4	176.26	139.78	203.03	176.20	45.20	0	
5	203.03	176.20	207.78	182.66	8.02	1	13	
6	207.78	182.66	215.74	193.48	13.43	2	9	13	
7	215.74	193.48	217.30	195.61	2.64	3	6	9	13	
8	217.30	195.61	222.00	202.00	7.93	2	6	9	

8	10	241.868	6
1	86.00	17.00	88.23	34.86	18.00	1	8	
2	88.23	34.86	106.21	178.71	144.97	0	
3	106.21	178.71	107.59	189.76	11.13	0	
4	107.59	189.76	110.68	214.43	24.86	2	4	14	
5	110.68	214.43	115.38	252.04	37.90	1	4	
6	115.38	252.04	116.00	257.00	5.00	2	4	10	

8	11	197.307	3
1	86.00	17.00	103.97	18.00	18.00	1	8	
2	103.97	18.00	256.04	26.49	152.31	0	
3	256.04	26.49	283.00	28.00	27.00	1	11	

8	12	186.904	3
1	86.00	17.00	103.14	22.49	18.00	1	8	
2	103.14	22.49	244.95	67.90	148.90	0	
3	244.95	67.90	264.00	74.00	20.00	1	12	

8	13	210.440	3
1	86.00	17.00	97.89	30.51	18.00	1	8	
2	97.89	30.51	210.47	158.48	170.44	0	
3	210.47	158.48	225.00	175.00	22.00	1	13	

8	14	183.068	7
1	86.00	17.00	85.51	34.99	18.00	1	8	
2	85.51	34.99	82.92	129.64	94.68	0	
3	82.92	129.64	82.69	138.23	8.59	1	1	
4	82.69	138.23	81.90	167.01	28.80	1	1	
5	81.90	167.01	81.66	175.80	8.79	3	1	2	14	
6	81.66	175.80	81.35	187.14	11.34	2	2	14	
7	81.35	187.14	81.00	200.00	12.87	1	14	

8	15	133.255	3
1	86.00	17.00	95.32	32.40	18.00	1	8	
2	95.32	32.40	143.09	111.32	92.26	0	
3	143.09	111.32	155.00	131.00	23.00	1	15	

9	0	300.147	9
1	222.00	202.00	214.89	195.53	9.62	2	6	9	
2	214.89	195.53	210.71	191.73	5.65	1	9	
3	210.71	191.73	209.69	190.80	1.38	2	9	13	
4	209.69	190.80	204.25	185.85	7.36	1	9	
5	204.25	185.85	166.11	151.14	51.57	0	
6	166.11	151.14	133.90	121.84	43.54	1	15	
7	133.90	121.84	52.98	48.21	109.41	0	
8	52.98	48.21	24.33	22.14	38.74	1	3	
9	24.33	22.14	0.00	0.00	32.89	0	

9	1	173.367	6
1	222.00	202.00	213.71	199.50	8.66	2	6	9	
2	213.71	199.50	199.02	195.08	15.34	1	9	
3	199.02	195.08	91.99	162.84	111.78	0	
4	91.99	162.84	89.51	162.09	2.59	1	2	
5	89.51	162.09	61.40	153.63	29.37	2	1	2	
6	61.40	153.63	56.00	152.00	5.63	3	1	2	5	

9	2	169.779	7
1	222.00	202.00	213.61	199.97	8.63	2	6	9	
2	213.61	199.97	198.68	196.35	15.37	1	9	
3	198.68	196.35	98.60	172.08	102.98	0	
4	98.60	172.08	91.01	170.25	7.80	1	14	
5	91.01	170.25	86.51	169.15	4.64	2	2	14	
6	86.51	169.15	78.14	167.12	8.61	3	1	2	14	
7	78.14	167.12	57.00	162.00	21.75	2	1	2	

9	3	248.195	8
1	222.00	202.00	215.08	195.04	9.82	2	6	9	
2	215.08	195.04	214.23	194.18	1.21	1	9	
3	214.23	194.18	205.76	185.67	12.01	2	9	13	
4	205.76	185.67	205.08	184.98	0.96	1	9	
5	205.08	184.98	169.31	149.01	50.73	0	
6	169.31	149.01	137.07	116.59	45.72	1	15	
7	137.07	116.59	63.22	42.31	104.75	0	
8	63.22	42.31	47.00	26.00	23.00	1	3	

9	4	111.319	4
1	222.00	202.00	213.02	204.88	9.43	2	6	9	
2	213.02	204.88	199.15	209.33	14.57	1	9	
3	199.15	209.33	160.75	221.64	40.32	0	
4	160.75	221.64	116.00	236.00	47.00	1	4	

9	5	173.658	6
1	222.00	202.00	213.72	199.46	8.66	2	6	9	
2	213.72	199.46	199.06	194.95	15.34	1	9	
3	199.06	194.95	92.00	162.06	112.00	0	
4	92.00	162.06	89.72	161.36	2.38	1	2	
5	89.72	161.36	61.74	152.76	29.28	2	1	2	
6	61.74	152.76	56.00	151.00	6.00	3	1	2	5	

9	6	21.378	1
1	222.00	202.00	243.00	206.00	21.38	2	6	9	

9	7	201.000	8
1	222.00	202.00	213.27	202.00	8.73	2	6	9	
2	213.27	202.00	198.00	202.00	15.27	1	9	
3	198.00	202.00	148.45	202.00	49.55	0	
4	148.45	202.00	113.94	202.00	34.51	1	4	
5	113.94	202.00	83.55	202.00	30.39	2	4	14	
6	83.55	202.00	71.00	202.00	12.55	1	14	
7	71.00	202.00	48.06	202.00	22.94	2	7	14	
8	48.06	202.00	21.00	202.00	27.06	1	7	

9	8	229.611	8
1	222.00	202.00	217.30	195.61	7.93	2	6	9	
2	217.30	195.61	215.74	193.48	2.64	3	6	9	13	
3	215.74	193.48	207.78	182.66	13.43	2	9	13	
4	207.78	182.66	203.03	176.20	8.02	1	13	
5	203.03	176.20	176.26	139.78	45.20	0	
6	176.26	139.78	152.96	108.09	39.33	1	15	
7	152.96	108.09	96.66	31.50	95.06	0	
8	96.66	31.50	86.00	17.00	18.00	1	8	

9	9	0	0

9	10	119.419	5
1	222.00	202.00	213.01	206.67	10.13	2	6	9	
2	213.01	206.67	200.70	213.05	13.87	1	9	
3	200.70	213.05	162.88	232.67	42.60	0	
4	162.88	232.67	120.44	254.70	47.82	1	4	
5	120.44	254.70	116.00	257.00	5.00	2	4	10	

9	11	184.383	8
1	222.00	202.00	223.76	196.97	5.34	2	6	9	
2	223.76	196.97	229.94	179.35	18.66	3	6	9	13	
3	229.94	179.35	230.09	178.92	0.46	2	6	13	
4	230.09	178.92	237.75	157.07	23.15	1	13	
5	237.75	157.07	260.00	93.60	67.26	0	
6	260.00	93.60	273.11	56.20	39.63	1	12	
7	273.11	56.20	274.07	53.48	2.88	0	
8	274.07	53.48	283.00	28.00	27.00	1	11	

9	12	134.715	6
1	222.00	202.00	223.65	196.96	5.31	2	6	9	
2	223.65	196.96	229.47	179.22	18.67	3	6	9	13	
3	229.47	179.22	229.48	179.20	0.03	2	9	13	
4	229.48	179.20	236.93	156.51	23.87	1	13	
5	236.93	156.51	257.76	93.00	66.84	0	
6	257.76	93.00	264.00	74.00	20.00	1	12	

9	13	27.166	4
1	222.00	202.00	222.57	196.87	5.17	2	6	9	
2	222.57	196.87	224.15	182.66	14.29	3	6	9	13	
3	224.15	182.66	224.65	178.15	4.54	1	13	
4	224.65	178.15	225.00	175.00	3.17	1	13	

9	14	141.014	6
1	222.00	202.00	213.28	201.88	8.72	2	6	9	
2	213.28	201.88	198.00	201.66	15.28	1	9	
3	198.00	201.66	147.30	200.94	50.71	0	
4	147.30	200.94	114.00	200.47	33.31	1	4	
5	114.00	200.47	85.70	200.07	28.29	2	4	14	
6	85.70	200.07	81.00	200.00	4.71	1	14	

9	15	97.622	6
1	222.00	202.00	215.18	194.77	9.94	2	6	9	
2	215.18	194.77	215.03	194.61	0.23	1	9	
3	215.03	194.61	205.53	184.54	13.84	2	9	13	
4	205.53	184.54	204.85	183.82	0.99	1	13	
5	204.85	183.82	170.79	147.73	49.63	0	
6	170.79	147.73	155.00	131.00	23.00	1	15	

10	0	281.966	9
1	116.00	257.00	113.94	252.44	5.00	2	4	10	
2	113.94	252.44	101.83	225.60	29.45	1	4	
3	101.83	225.60	89.12	197.45	30.89	2	4	14	
4	89.12	197.45	83.46	184.91	13.75	1	14	
5	83.46	184.91	80.07	177.41	8.23	2	2	14	
6	80.07	177.41	75.58	167.45	10.92	3	1	2	14	
7	75.58	167.45	57.32	127.00	44.38	2	1	2	
8	57.32	127.00	52.87	117.14	10.82	1	1	
9	52.87	117.14	0.00	0.00	128.52	0	

10	1	120.934	8
1	116.00	257.00	113.52	252.66	5.00	2	4	10	
2	113.52	252.66	99.17	227.55	28.92	1	4	
3	99.17	227.55	84.22	201.38	30.14	2	4	14	
4	84.22	201.38	77.80	190.15	12.93	1	14	
5	77.80	190.15	73.36	182.39	8.94	2	2	14	
6	73.36	182.39	66.49	170.36	13.85	3	1	2	14	
7	66.49	170.36	58.54	156.44	16.04	2	1	2	
8	58.54	156.44	56.00	152.00	5.11	3	1	2	5	

10	2	111.830	7
1	116.00	257.00	113.36	252.75	5.00	2	4	10	
2	113.36	252.75	98.12	228.21	28.89	1	4	
3	98.12	228.21	82.49	203.04	29.63	2	4	14	
4	82.49	203.04	75.47	191.73	13.32	1	14	
5	75.47	191.73	70.56	183.83	9.30	2	2	14	
6	70.56	183.83	63.30	172.15	13.75	3	1	2	14	
7	63.30	172.15	57.00	162.00	11.94	2	1	2	

10	3	241.085	10
1	116.00	257.00	114.57	252.21	5.00	2	4	10	
2	114.57	252.21	105.56	222.04	31.48	1	4	
3	105.56	222.04	96.90	193.06	30.25	2	4	14	
4	96.90	193.06	90.58	171.88	22.10	1	14	
5	90.58	171.88	89.45	168.10	3.95	2	2	14	
6	89.45	168.10	88.51	164.97	3.27	1	2	
7	88.51	164.97	79.65	135.32	30.94	2	1	2	
8	79.65	135.32	76.07	123.33	12.52	1	1	
9	76.07	123.33	53.58	48.04	78.58	0	
10	53.58	48.04	47.00	26.00	23.00	1	3	

10	4	21.000	2
1	116.00	257.00	116.00	252.00	5.00	2	4	10	
2	116.00	252.00	116.00	236.00	16.00	1	4	

10	5	121.803	8
1	116.00	257.00	113.54	252.65	5.00	2	4	10	
2	113.54	252.65	99.29	227.47	28.93	1	4	
3	99.29	227.47	84.41	201.20	30.19	2	4	14	
4	84.41	201.20	78.05	189.96	12.91	1	14	
5	78.05	189.96	73.67	182.21	8.90	2	2	14	
6	73.67	182.21	66.86	170.18	13.82	3	1	2	14	
7	66.86	170.18	58.96	156.22	16.04	2	1	2	
8	58.96	156.22	56.00	151.00	6.00	3	1	2	5	

10	6	136.858	5
1	116.00	257.00	120.64	255.14	5.00	2	4	10	
2	120.64	255.14	162.95	238.15	45.60	1	4	
3	162.95	238.15	206.77	220.55	47.22	0	
4	206.77	220.55	215.16	217.18	9.04	1	9	
5	215.16	217.18	243.00	206.00	30.00	2	6	9	

10	7	109.772	6
1	116.00	257.00	111.67	254.49	5.00	2	4	10	
2	111.67	254.49	72.72	231.95	45.01	1	4	
3	72.72	231.95	69.38	230.01	3.86	2	4	14	
4	69.38	230.01	64.27	227.05	5.91	1	14	
5	64.27	227.05	57.42	223.08	7.92	2	7	14	
6	57.42	223.08	21.00	202.00	42.08	1	7	

10	8	241.868	6
1	116.00	257.00	115.38	252.04	5.00	2	4	10	
2	115.38	252.04	110.68	214.43	37.90	1	4	
3	110.68	214.43	107.59	189.76	24.86	2	4	14	
4	107.59	189.76	106.21	178.71	11.13	0	
5	106.21	178.71	88.23	34.86	144.97	0	
6	88.23	34.86	86.00	17.00	18.00	1	8	

10	9	119.419	5
1	116.00	257.00	120.44	254.70	5.00	2	4	10	
2	120.44	254.70	162.88	232.67	47.82	1	4	
3	162.88	232.67	200.70	213.05	42.60	0	
4	200.70	213.05	213.01	206.67	13.87	1	9	
5	213.01	206.67	222.00	202.00	10.13	2	6	9	

10	10	0	0

10	11	283.425	6
1	116.00	257.00	118.95	252.96	5.00	2	4	10	
2	118.95	252.96	152.71	206.66	57.31	1	4	
3	152.71	206.66	244.97	80.15	156.57	0	
4	244.97	80.15	264.04	54.00	32.37	1	12	
5	264.04	54.00	267.09	49.82	5.18	0	
6	267.09	49.82	283.00	28.00	27.00	1	11	

10	12	235.357	4
1	116.00	257.00	119.14	253.11	5.00	2	4	10	
2	119.14	253.11	154.63	209.23	56.43	1	4	
3	154.63	209.23	251.42	89.55	153.92	0	
4	251.42	89.55	264.00	74.00	20.00	1	12	

10	13	136.400	6
1	116.00	257.00	120.00	253.99	5.00	2	4	10	
2	120.00	253.99	161.17	223.02	51.53	1	4	
3	161.17	223.02	199.24	194.38	47.64	0	
4	199.24	194.38	207.42	188.23	10.23	1	9	
5	207.42	188.23	220.98	178.02	16.97	2	9	13	
6	220.98	178.02	225.00	175.00	5.03	1	13	

10	14	66.888	4
1	116.00	257.00	113.38	252.74	5.00	2	4	10	
2	113.38	252.74	98.27	228.12	28.89	1	4	
3	98.27	228.12	82.72	202.81	29.71	2	4	14	
4	82.72	202.81	81.00	200.00	3.29	1	14	

10	15	131.898	4
1	116.00	257.00	117.48	252.22	5.00	2	4	10	
2	117.48	252.22	135.71	193.33	61.65	1	4	
3	135.71	193.33	148.20	152.97	42.25	0	
4	148.20	152.97	155.00	131.00	23.00	1	15	

11	0	284.382	6
1	283.00	28.00	256.13	25.34	27.00	1	11	
2	256.13	25.34	102.65	10.16	154.23	0	
3	102.65	10.16	71.02	7.03	31.79	1	8	
4	71.02	7.03	57.86	5.72	13.22	0	
5	57.86	5.72	40.33	3.99	17.62	1	3	
6	40.33	3.99	0.00	0.00	40.52	0	

11	1	258.660	5
1	283.00	28.00	259.30	40.94	27.00	1	11	
2	259.30	40.94	86.72	135.22	196.66	0	
3	86.72	135.22	82.19	137.70	5.16	1	1	
4	82.19	137.70	61.63	148.92	23.42	2	1	2	
5	61.63	148.92	56.00	152.00	6.41	3	1	2	5	

11	2	262.739	4
1	283.00	28.00	259.78	41.77	27.00	1	11	
2	259.78	41.77	89.71	142.60	197.71	0	
3	89.71	142.60	87.11	144.15	3.03	1	1	
4	87.11	144.15	57.00	162.00	35.00	2	1	2	

11	3	236.008	5
1	283.00	28.00	256.00	27.77	27.00	1	11	
2	256.00	27.77	101.31	26.46	154.69	0	
3	101.31	26.46	70.53	26.20	30.79	1	8	
4	70.53	26.20	70.00	26.19	0.53	0	
5	70.00	26.19	47.00	26.00	23.00	1	3	

11	4	266.745	5
1	283.00	28.00	266.10	49.05	27.00	1	11	
2	266.10	49.05	262.05	54.10	6.47	0	
3	262.05	54.10	244.14	76.40	28.60	1	12	
4	244.14	76.40	145.43	199.35	157.68	0	
5	145.43	199.35	116.00	236.00	47.00	1	4	

11	5	258.182	5
1	283.00	28.00	259.26	40.86	27.00	1	11	
2	259.26	40.86	86.34	134.56	196.67	0	
3	86.34	134.56	81.62	137.12	5.38	1	1	
4	81.62	137.12	61.28	148.14	23.14	2	1	2	
5	61.28	148.14	56.00	151.00	6.00	3	1	2	5	

11	6	182.439	6
1	283.00	28.00	277.08	54.34	27.00	1	11	
2	277.08	54.34	276.22	58.17	3.92	0	
3	276.22	58.17	268.27	93.54	36.25	1	12	
4	268.27	93.54	249.58	176.73	85.27	0	
5	249.58	176.73	245.24	196.02	19.77	1	6	
6	245.24	196.02	243.00	206.00	10.23	2	6	9	

11	7	314.516	11
1	283.00	28.00	260.51	42.94	27.00	1	11	
2	260.51	42.94	161.24	108.86	119.16	0	
3	161.24	108.86	132.18	128.17	34.89	1	15	
4	132.18	128.17	91.35	155.28	49.01	0	
5	91.35	155.28	90.81	155.64	0.65	1	2	
6	90.81	155.64	71.68	168.34	22.97	2	1	2	
7	71.68	168.34	62.65	174.34	10.83	3	1	2	14	
8	62.65	174.34	55.44	179.13	8.66	4	1	2	7	14	
9	55.44	179.13	45.85	185.50	11.51	3	1	2	7	
10	45.85	185.50	37.48	191.05	10.04	2	2	7	
11	37.48	191.05	21.00	202.00	19.79	1	7	

11	8	197.307	3
1	283.00	28.00	256.04	26.49	27.00	1	11	
2	256.04	26.49	103.97	18.00	152.31	0	
3	103.97	18.00	86.00	17.00	18.00	1	8	

11	9	184.383	8
1	283.00	28.00	274.07	53.48	27.00	1	11	
2	274.07	53.48	273.11	56.20	2.88	0	
3	273.11	56.20	260.00	93.60	39.63	1	12	
4	260.00	93.60	237.75	157.07	67.26	0	
5	237.75	157.07	230.09	178.92	23.15	1	13	
6	230.09	178.92	229.94	179.35	0.46	2	6	13	
7	229.94	179.35	223.76	196.97	18.66	3	6	9	13	
8	223.76	196.97	222.00	202.00	5.34	2	6	9	

11	10	283.425	6
1	283.00	28.00	267.09	49.82	27.00	1	11	
2	267.09	49.82	264.04	54.00	5.18	0	
3	264.04	54.00	244.97	80.15	32.37	1	12	
4	244.97	80.15	152.71	206.66	156.57	0	
5	152.71	206.66	118.95	252.96	57.31	1	4	
6	118.95	252.96	116.00	257.00	5.00	2	4	10	

11	11	0	0

11	12	49.769	3
1	283.00	28.00	272.69	52.95	27.00	1	11	
2	272.69	52.95	271.64	55.51	2.77	0	
3	271.64	55.51	264.00	74.00	20.00	1	12	

11	13	158.028	5
1	283.00	28.00	273.09	53.12	27.00	1	11	
2	273.09	53.12	272.07	55.70	2.78	0	
3	272.07	55.70	257.40	92.88	39.97	1	12	
4	257.40	92.88	233.07	154.54	66.28	0	
5	233.07	154.54	225.00	175.00	22.00	1	13	

11	14	265.307	5
1	283.00	28.00	262.44	45.50	27.00	1	11	
2	262.44	45.50	175.12	119.86	114.69	0	
3	175.12	119.86	140.79	149.09	45.09	1	15	
4	140.79	149.09	106.13	178.61	45.53	0	
5	106.13	178.61	81.00	200.00	33.00	1	14	

11	15	164.295	3
1	283.00	28.00	261.96	44.93	27.00	1	11	
2	261.96	44.93	172.92	116.58	114.30	0	
3	172.92	116.58	155.00	131.00	23.00	1	15	

12	0	274.175	6
1	264.00	74.00	244.74	68.60	20.00	1	12	
2	244.74	68.60	100.18	28.08	150.13	0	
3	100.18	28.08	69.02	19.35	32.37	1	8	
4	69.02	19.35	68.12	19.09	0.93	2	3	8	
5	68.12	19.09	31.65	8.87	37.88	1	3	
6	31.65	8.87	0.00	0.00	32.87	0	

12	1	222.144	7
1	264.00	74.00	245.27	81.02	20.00	1	12	
2	245.27	81.02	165.94	110.77	84.72	0	
3	165.94	110.77	133.45	122.96	34.70	1	15	
4	133.45	122.96	88.77	139.71	47.72	0	
5	88.77	139.71	85.07	141.10	3.95	1	1	
6	85.07	141.10	61.88	149.80	24.77	2	1	2	
7	61.88	149.80	56.00	152.00	6.28	3	1	2	5	

12	2	224.929	6
1	264.00	74.00	245.59	81.82	20.00	1	12	
2	245.59	81.82	170.31	113.83	81.81	0	
3	170.31	113.83	132.02	130.11	41.60	1	15	
4	132.02	130.11	90.73	147.66	44.86	0	
5	90.73	147.66	89.21	148.31	1.65	1	1	
6	89.21	148.31	57.00	162.00	35.00	2	1	2	

12	3	222.245	5
1	264.00	74.00	244.47	69.68	20.00	1	12	
2	244.47	69.68	87.43	34.94	160.84	0	
3	87.43	34.94	77.14	32.67	10.54	1	8	
4	77.14	32.67	69.46	30.97	7.86	0	
5	69.46	30.97	47.00	26.00	23.00	1	3	

12	4	219.427	3
1	264.00	74.00	250.51	88.77	20.00	1	12	
2	250.51	88.77	147.70	201.30	152.43	0	
3	147.70	201.30	116.00	236.00	47.00	1	4	

12	5	221.795	7
1	264.00	74.00	245.24	80.94	20.00	1	12	
2	245.24	80.94	165.42	110.49	85.12	0	
3	165.42	110.49	133.74	122.22	33.78	1	15	
4	133.74	122.22	88.49	138.97	48.26	0	
5	88.49	138.97	84.56	140.43	4.19	1	1	
6	84.56	140.43	61.63	148.92	24.46	2	1	2	
7	61.63	148.92	56.00	151.00	6.00	3	1	2	5	

12	6	133.660	4
1	264.00	74.00	260.86	93.75	20.00	1	12	
2	260.86	93.75	247.71	176.37	83.66	0	
3	247.71	176.37	244.82	194.56	18.42	0	
4	244.82	194.56	243.00	206.00	11.58	2	6	9	

12	7	274.651	11
1	264.00	74.00	246.30	83.32	20.00	1	12	
2	246.30	83.32	175.52	120.61	80.01	0	
3	175.52	120.61	134.82	142.04	45.99	1	15	
4	134.82	142.04	91.90	164.65	48.52	0	
5	91.90	164.65	87.68	166.88	4.77	1	2	
6	87.68	166.88	86.55	167.47	1.28	2	1	2	
7	86.55	167.47	65.24	178.70	24.09	3	1	2	14	
8	65.24	178.70	51.03	186.18	16.05	4	1	2	7	14	
9	51.03	186.18	50.35	186.54	0.77	3	1	2	7	
10	50.35	186.54	39.45	192.28	12.32	2	2	7	
11	39.45	192.28	21.00	202.00	20.85	1	7	

12	8	186.904	3
1	264.00	74.00	244.95	67.90	20.00	1	12	
2	244.95	67.90	103.14	22.49	148.90	0	
3	103.14	22.49	86.00	17.00	18.00	1	8	

12	9	134.715	6
1	264.00	74.00	257.76	93.00	20.00	1	12	
2	257.76	93.00	236.93	156.51	66.84	0	
3	236.93	156.51	229.48	179.20	23.87	1	13	
4	229.48	179.20	229.47	179.22	0.03	2	9	13	
5	229.47	179.22	223.65	196.96	18.67	3	6	9	13	
6	223.65	196.96	222.00	202.00	5.31	2	6	9	

12	10	235.357	4
1	264.00	74.00	251.42	89.55	20.00	1	12	
2	251.42	89.55	154.63	209.23	153.92	0	
3	154.63	209.23	119.14	253.11	56.43	1	4	
4	119.14	253.11	116.00	257.00	5.00	2	4	10	

12	11	49.769	3
1	264.00	74.00	271.64	55.51	20.00	1	12	
2	271.64	55.51	272.69	52.95	2.77	0	
3	272.69	52.95	283.00	28.00	27.00	1	11	

12	12	0	0

12	13	108.268	3
1	264.00	74.00	256.80	92.66	20.00	1	12	
2	256.80	92.66	232.92	154.48	66.27	0	
3	232.92	154.48	225.00	175.00	22.00	1	13	

12	14	222.182	5
1	264.00	74.00	247.53	85.34	20.00	1	12	
2	247.53	85.34	177.89	133.29	84.55	0	
3	177.89	133.29	148.98	153.20	35.10	1	15	
4	148.98	153.20	108.18	181.29	49.53	0	
5	108.18	181.29	81.00	200.00	33.00	1	14	

12	15	123.004	3
1	264.00	74.00	246.28	83.27	20.00	1	12	
2	246.28	83.27	175.38	120.34	80.00	0	
3	175.38	120.34	155.00	131.00	23.00	1	15	

13	0	285.044	6
1	225.00	175.00	207.63	161.49	22.00	1	13	
2	207.63	161.49	177.01	137.67	38.80	0	
3	177.01	137.67	143.11	111.31	42.94	1	15	
4	143.11	111.31	58.81	45.74	106.80	0	
5	58.81	45.74	24.96	19.42	42.88	1	3	
6	24.96	19.42	0.00	0.00	31.62	0	

13	1	170.558	5
1	225.00	175.00	203.20	172.03	22.00	1	13	
2	203.20	172.03	91.62	156.85	112.61	0	
3	91.62	156.85	90.68	156.72	0.95	1	2	
4	90.68	156.72	61.73	152.78	29.22	2	1	2	
5	61.73	152.78	56.00	152.00	5.78	3	1	2	5	

13	2	168.502	4
1	225.00	175.00	203.07	173.30	22.00	1	13	
2	203.07	173.30	91.90	164.70	111.50	0	
3	91.90	164.70	88.71	164.45	3.20	1	2	
4	88.71	164.45	57.00	162.00	31.80	2	1	2	

13	3	232.131	5
1	225.00	175.00	208.13	160.88	22.00	1	13	
2	208.13	160.88	177.59	135.32	39.83	0	
3	177.59	135.32	146.78	109.52	40.19	1	15	
4	146.78	109.52	64.64	40.76	107.12	0	
5	64.64	40.76	47.00	26.00	23.00	1	3	

13	4	124.908	5
1	225.00	175.00	219.38	178.14	6.44	1	13	
2	219.38	178.14	205.80	185.74	15.56	2	9	13	
3	205.80	185.74	203.03	187.29	3.17	1	9	
4	203.03	187.29	157.01	213.05	52.74	0	
5	157.01	213.05	116.00	236.00	47.00	1	4	

13	5	170.696	5
1	225.00	175.00	203.22	171.91	22.00	1	13	
2	203.22	171.91	91.49	156.04	112.85	0	
3	91.49	156.04	90.78	155.94	0.72	1	2	
4	90.78	155.94	61.94	151.84	29.13	2	1	2	
5	61.94	151.84	56.00	151.00	6.00	3	1	2	5	

13	6	35.847	4
1	225.00	175.00	227.05	178.54	4.09	1	13	
2	227.05	178.54	227.94	180.06	1.76	2	9	13	
3	227.94	180.06	236.05	194.03	16.15	3	6	9	13	
4	236.05	194.03	243.00	206.00	13.85	2	6	9	

13	7	205.779	9
1	225.00	175.00	203.19	177.89	22.00	1	13	
2	203.19	177.89	118.66	189.08	85.27	0	
3	118.66	189.08	112.42	189.90	6.29	1	4	
4	112.42	189.90	101.23	191.38	11.29	2	4	14	
5	101.23	191.38	70.57	195.44	30.93	1	14	
6	70.57	195.44	63.77	196.34	6.86	2	7	14	
7	63.77	196.34	59.40	196.92	4.40	3	2	7	14	
8	59.40	196.92	48.04	198.42	11.46	2	7	14	
9	48.04	198.42	21.00	202.00	27.27	1	7	

13	8	210.440	3
1	225.00	175.00	210.47	158.48	22.00	1	13	
2	210.47	158.48	97.89	30.51	170.44	0	
3	97.89	30.51	86.00	17.00	18.00	1	8	

13	9	27.166	4
1	225.00	175.00	224.65	178.15	3.17	1	13	
2	224.65	178.15	224.15	182.66	4.54	1	13	
3	224.15	182.66	222.57	196.87	14.29	3	6	9	13	
4	222.57	196.87	222.00	202.00	5.17	2	6	9	

13	10	136.400	6
1	225.00	175.00	220.98	178.02	5.03	1	13	
2	220.98	178.02	207.42	188.23	16.97	2	9	13	
3	207.42	188.23	199.24	194.38	10.23	1	9	
4	199.24	194.38	161.17	223.02	47.64	0	
5	161.17	223.02	120.00	253.99	51.53	1	4	
6	120.00	253.99	116.00	257.00	5.00	2	4	10	

13	11	158.028	5
1	225.00	175.00	233.07	154.54	22.00	1	13	
2	233.07	154.54	257.40	92.88	66.28	0	
3	257.40	92.88	272.07	55.70	39.97	1	12	
4	272.07	55.70	273.09	53.12	2.78	0	
5	273.09	53.12	283.00	28.00	27.00	1	11	

13	12	108.268	3
1	225.00	175.00	232.92	154.48	22.00	1	13	
2	232.92	154.48	256.80	92.66	66.27	0	
3	256.80	92.66	264.00	74.00	20.00	1	12	

13	13	0	0

13	14	146.154	5
1	225.00	175.00	203.32	178.76	22.00	1	13	
2	203.32	178.76	130.73	191.37	73.68	0	
3	130.73	191.37	113.51	194.36	17.47	1	4	
4	113.51	194.36	87.09	198.94	26.82	2	4	14	
5	87.09	198.94	81.00	200.00	6.18	1	14	

13	15	82.680	3
1	225.00	175.00	206.37	163.29	22.00	1	13	
2	206.37	163.29	174.47	143.24	37.68	0	
3	174.47	143.24	155.00	131.00	23.00	1	15	

14	0	215.780	8
1	81.00	200.00	77.19	190.59	10.15	1	14	
2	77.19	190.59	73.77	182.15	9.10	1	14	
3	73.77	182.15	68.61	169.41	13.74	3	1	2	14	
4	68.61	169.41	61.79	152.57	18.17	2	1	2	
5	61.79	152.57	59.07	145.84	7.26	3	1	2	5	
6	59.07	145.84	51.60	127.42	19.88	2	1	2	
7	51.60	127.42	47.78	117.98	10.18	1	1	
8	47.78	117.98	0.00	0.00	127.29	0	

14	1	54.120	5
1	81.00	200.00	76.39	191.14	9.99	1	14	
2	76.39	191.14	72.17	183.04	9.13	2	2	14	
3	72.17	183.04	65.76	170.73	13.88	3	1	2	14	
4	65.76	170.73	58.35	156.52	16.03	2	1	2	
5	58.35	156.52	56.00	152.00	5.10	3	1	2	5	

14	2	44.944	4
1	81.00	200.00	75.69	191.59	9.94	1	14	
2	75.69	191.59	70.73	183.75	9.28	2	2	14	
3	70.73	183.75	63.38	172.10	13.78	3	1	2	14	
4	63.38	172.10	57.00	162.00	11.94	2	1	2	

14	3	177.291	7
1	81.00	200.00	78.91	189.30	10.91	1	14	
2	78.91	189.30	77.08	179.94	9.53	1	14	
3	77.08	179.94	74.67	167.61	12.56	3	1	2	14	
4	74.67	167.61	67.02	128.47	39.89	2	1	2	
5	67.02	128.47	65.01	118.18	10.48	1	1	
6	65.01	118.18	51.41	48.57	70.92	0	
7	51.41	48.57	47.00	26.00	23.00	1	3	

14	4	50.210	3
1	81.00	200.00	83.24	202.30	3.21	1	14	
2	83.24	202.30	104.00	223.66	29.79	2	4	14	
3	104.00	223.66	116.00	236.00	17.21	1	4	

14	5	55.009	5
1	81.00	200.00	76.46	191.09	10.00	1	14	
2	76.46	191.09	72.31	182.97	9.12	2	2	14	
3	72.31	182.97	66.00	170.60	13.88	3	1	2	14	
4	66.00	170.60	58.73	156.34	16.01	2	1	2	
5	58.73	156.34	56.00	151.00	6.00	3	1	2	5	

14	6	162.111	6
1	81.00	200.00	85.58	200.17	4.59	1	14	
2	85.58	200.17	113.98	201.22	28.41	2	4	14	
3	113.98	201.22	148.98	202.52	35.03	1	4	
4	148.98	202.52	198.11	204.34	49.16	0	
5	198.11	204.34	213.02	204.89	14.92	1	9	
6	213.02	204.89	243.00	206.00	30.00	2	6	9	

14	7	60.033	3
1	81.00	200.00	70.97	200.33	10.03	1	14	
2	70.97	200.33	48.02	201.10	22.97	2	7	14	
3	48.02	201.10	21.00	202.00	27.03	1	7	

14	8	183.068	7
1	81.00	200.00	81.35	187.14	12.87	1	14	
2	81.35	187.14	81.66	175.80	11.34	2	2	14	
3	81.66	175.80	81.90	167.01	8.79	3	1	2	14	
4	81.90	167.01	82.69	138.23	28.80	1	1	
5	82.69	138.23	82.92	129.64	8.59	1	1	
6	82.92	129.64	85.51	34.99	94.68	0	
7	85.51	34.99	86.00	17.00	18.00	1	8	

14	9	141.014	6
1	81.00	200.00	85.70	200.07	4.71	1	14	
2	85.70	200.07	114.00	200.47	28.29	2	4	14	
3	114.00	200.47	147.30	200.94	33.31	1	4	
4	147.30	200.94	198.00	201.66	50.71	0	
5	198.00	201.66	213.28	201.88	15.28	1	9	
6	213.28	201.88	222.00	202.00	8.72	2	6	9	

14	10	66.888	4
1	81.00	200.00	82.72	202.81	3.29	1	14	
2	82.72	202.81	98.27	228.12	29.71	2	4	14	
3	98.27	228.12	113.38	252.74	28.89	1	4	
4	113.38	252.74	116.00	257.00	5.00	2	4	10	

14	11	265.307	5
1	81.00	200.00	106.13	178.61	33.00	1	14	
2	106.13	178.61	140.79	149.09	45.53	0	
3	140.79	149.09	175.12	119.86	45.09	1	15	
4	175.12	119.86	262.44	45.50	114.69	0	
5	262.44	45.50	283.00	28.00	27.00	1	11	

14	12	222.182	5
1	81.00	200.00	108.18	181.29	33.00	1	14	
2	108.18	181.29	148.98	153.20	49.53	0	
3	148.98	153.20	177.89	133.29	35.10	1	15	
4	177.89	133.29	247.53	85.34	84.55	0	
5	247.53	85.34	264.00	74.00	20.00	1	12	

14	13	146.154	5
1	81.00	200.00	87.09	198.94	6.18	1	14	
2	87.09	198.94	113.51	194.36	26.82	2	4	14	
3	113.51	194.36	130.73	191.37	17.47	1	4	
4	130.73	191.37	203.32	178.76	73.68	0	
5	203.32	178.76	225.00	175.00	22.00	1	13	

14	14	0	0

14	15	101.178	3
1	81.00	200.00	105.14	177.50	33.00	1	14	
2	105.14	177.50	138.18	146.69	45.18	0	
3	138.18	146.69	155.00	131.00	23.00	1	15	

15	0	202.943	4
1	155.00	131.00	137.43	116.15	23.00	1	15	
2	137.43	116.15	55.87	47.22	106.79	0	
3	55.87	47.22	24.60	20.79	40.95	1	3	
4	24.60	20.79	0.00	0.00	32.21	0	

15	1	101.203	5
1	155.00	131.00	132.50	135.77	23.00	1	15	
2	132.50	135.77	90.24	144.74	43.20	0	
3	90.24	144.74	87.74	145.27	2.55	1	1	
4	87.74	145.27	61.99	150.73	26.32	2	1	2	
5	61.99	150.73	56.00	152.00	6.13	3	1	2	5	

15	2	102.786	4
1	155.00	131.00	133.07	137.94	23.00	1	15	
2	133.07	137.94	90.99	151.25	44.13	0	
3	90.99	151.25	90.37	151.44	0.65	1	1	
4	90.37	151.44	57.00	162.00	35.00	2	1	2	

15	3	150.629	3
1	155.00	131.00	138.51	114.97	23.00	1	15	
2	138.51	114.97	63.49	42.03	104.63	0	
3	63.49	42.03	47.00	26.00	23.00	1	3	

15	4	112.009	3
1	155.00	131.00	146.99	152.56	23.00	1	15	
2	146.99	152.56	132.36	191.94	42.01	0	
3	132.36	191.94	116.00	236.00	47.00	0	

15	5	101.000	4
1	155.00	131.00	90.10	144.11	66.21	0	
2	90.10	144.11	87.40	144.66	2.75	1	1	
3	87.40	144.66	61.88	149.81	26.04	2	1	2	
4	61.88	149.81	56.00	151.00	6.00	3	1	2	5	

15	6	115.624	6
1	155.00	131.00	172.50	145.92	23.00	1	15	
2	172.50	145.92	203.20	172.08	40.32	0	
3	203.20	172.08	212.46	179.98	12.18	1	13	
4	212.46	179.98	220.17	186.54	10.12	2	9	13	
5	220.17	186.54	231.34	196.07	14.68	3	6	9	13	
6	231.34	196.07	243.00	206.00	15.32	2	6	9	

15	7	151.648	9
1	155.00	131.00	134.68	141.77	23.00	1	15	
2	134.68	141.77	91.92	164.43	48.39	0	
3	91.92	164.43	87.81	166.60	4.65	1	2	
4	87.81	166.60	86.26	167.42	1.75	2	1	2	
5	86.26	167.42	65.18	178.59	23.85	3	1	2	14	
6	65.18	178.59	51.09	186.06	15.95	4	1	2	7	14	
7	51.09	186.06	50.22	186.52	0.99	3	1	2	7	
8	50.22	186.52	39.40	192.25	12.24	2	2	7	
9	39.40	192.25	21.00	202.00	20.82	1	7	

15	8	133.255	3
1	155.00	131.00	143.09	111.32	23.00	1	15	
2	143.09	111.32	95.32	32.40	92.26	0	
3	95.32	32.40	86.00	17.00	18.00	1	8	

15	9	97.622	6
1	155.00	131.00	170.79	147.73	23.00	1	15	
2	170.79	147.73	204.85	183.82	49.63	0	
3	204.85	183.82	205.53	184.54	0.99	1	13	
4	205.53	184.54	215.03	194.61	13.84	2	9	13	
5	215.03	194.61	215.18	194.77	0.23	1	9	
6	215.18	194.77	222.00	202.00	9.94	2	6	9	

15	10	131.898	4
1	155.00	131.00	148.20	152.97	23.00	1	15	
2	148.20	152.97	135.71	193.33	42.25	0	
3	135.71	193.33	117.48	252.22	61.65	1	4	
4	117.48	252.22	116.00	257.00	5.00	2	4	10	

15	11	164.295	3
1	155.00	131.00	172.92	116.58	23.00	1	15	
2	172.92	116.58	261.96	44.93	114.30	0	
3	261.96	44.93	283.00	28.00	27.00	1	11	

15	12	123.004	3
1	155.00	131.00	175.38	120.34	23.00	1	15	
2	175.38	120.34	246.28	83.27	80.00	0	
3	246.28	83.27	264.00	74.00	20.00	1	12	

15	13	82.680	3
1	155.00	131.00	174.47	143.24	23.00	1	15	
2	174.47	143.24	206.37	163.29	37.68	0	
3	206.37	163.29	225.00	175.00	22.00	1	13	

15	14	101.178	3
1	155.00	131.00	138.18	146.69	23.00	1	15	
2	138.18	146.69	105.14	177.50	45.18	0	
3	105.14	177.50	81.00	200.00	33.00	1	14	

15	15	0	0
