16	650	2	0.001	120.0
0.000	0.000	0.000	6.000	0.000
195.000	233.000	41.000	10.000	9.000
185.000	179.000	29.000	8.000	19.000
205.000	299.000	37.000	1.000	16.000
14.000	124.000	5.000	9.000	5.000
262.000	24.000	6.000	4.000	7.000
222.000	103.000	4.000	3.000	6.000
115.000	186.000	30.000	4.000	17.000
36.000	267.000	23.000	10.000	12.000
252.000	64.000	22.000	5.000	11.000
243.000	49.000	19.000	4.000	1.000
100.000	7.000	39.000	5.000	15.000
183.000	194.000	42.000	10.000	6.000
219.000	98.000	24.000	1.000	2.000
202.000	278.000	37.000	10.000	10.000
165.000	167.000	26.000	10.000	2.000
 


0	0	0	0

0	1	303.832	7
1	0.00	0.00	139.02	166.11	216.60	0	
2	139.02	166.11	145.89	174.32	10.72	1	15	
3	145.89	174.32	157.49	188.18	18.07	2	12	15	
4	157.49	188.18	161.30	192.74	5.94	3	2	12	15	
5	161.30	192.74	168.69	201.56	11.50	2	2	12	
6	168.69	201.56	171.11	204.46	3.78	3	1	2	12	
7	171.11	204.46	195.00	233.00	37.22	2	1	12	

0	2	257.422	4
1	0.00	0.00	150.38	145.50	209.25	0	
2	150.38	145.50	162.57	157.30	16.97	1	15	
3	162.57	157.30	164.16	158.83	2.20	2	12	15	
4	164.16	158.83	185.00	179.00	29.00	3	2	12	15	

0	3	362.527	9
1	0.00	0.00	107.59	156.93	190.27	0	
2	107.59	156.93	139.45	203.39	56.33	1	7	
3	139.45	203.39	144.47	210.71	8.88	0	
4	144.47	210.71	153.52	223.92	16.01	1	12	
5	153.52	223.92	154.67	225.60	2.04	0	
6	154.67	225.60	174.01	253.80	34.20	1	1	
7	174.01	253.80	184.08	268.48	17.80	2	1	14	
8	184.08	268.48	187.37	273.28	5.82	3	1	3	14	
9	187.37	273.28	205.00	299.00	31.18	2	3	14	

0	4	124.788	2
1	0.00	0.00	13.44	119.03	119.79	0	
2	13.44	119.03	14.00	124.00	5.00	1	4	

0	5	263.097	4
1	0.00	0.00	61.03	5.59	61.28	0	
2	61.03	5.59	138.58	12.69	77.88	1	11	
3	138.58	12.69	256.02	23.45	117.93	0	
4	256.02	23.45	262.00	24.00	6.00	1	5	

0	6	244.730	5
1	0.00	0.00	70.79	32.85	78.04	0	
2	70.79	32.85	99.12	45.99	31.23	1	11	
3	99.12	45.99	196.06	90.96	106.86	0	
4	196.06	90.96	218.37	101.32	24.60	1	13	
5	218.37	101.32	222.00	103.00	4.00	2	6	13	

0	7	218.680	2
1	0.00	0.00	99.22	160.48	188.68	0	
2	99.22	160.48	115.00	186.00	30.00	1	7	

0	8	269.416	4
1	0.00	0.00	16.11	119.47	120.55	0	
2	16.11	119.47	17.23	127.81	8.42	1	4	
3	17.23	127.81	32.93	244.21	117.45	0	
4	32.93	244.21	36.00	267.00	23.00	1	8	

0	9	260.000	4
1	0.00	0.00	61.99	15.74	63.96	0	
2	61.99	15.74	129.23	32.82	69.37	1	11	
3	129.23	32.82	225.95	57.38	99.79	0	
4	225.95	57.38	252.00	64.00	26.88	1	10	

0	10	247.891	5
1	0.00	0.00	61.37	12.38	62.61	0	
2	61.37	12.38	133.53	26.93	73.61	1	11	
3	133.53	26.93	224.37	45.24	92.68	0	
4	224.37	45.24	237.10	47.81	12.98	1	10	
5	237.10	47.81	243.00	49.00	6.02	2	9	10	

0	11	100.245	2
1	0.00	0.00	61.10	4.28	61.24	0	
2	61.10	4.28	100.00	7.00	39.00	1	11	

0	12	266.693	6
1	0.00	0.00	143.60	152.23	209.27	0	
2	143.60	152.23	154.18	163.45	15.42	1	15	
3	154.18	163.45	158.26	167.77	5.95	2	12	15	
4	158.26	167.77	178.49	189.22	29.49	3	2	12	15	
5	178.49	189.22	182.85	193.84	6.35	2	2	12	
6	182.85	193.84	183.00	194.00	0.22	3	1	2	12	

0	13	239.927	4
1	0.00	0.00	69.25	30.99	75.87	0	
2	69.25	30.99	102.60	45.91	36.54	1	11	
3	102.60	45.91	197.09	88.20	103.52	0	
4	197.09	88.20	219.00	98.00	24.00	1	13	

0	14	343.639	9
1	0.00	0.00	113.38	156.04	192.89	0	
2	113.38	156.04	141.00	194.05	46.98	1	7	
3	141.00	194.05	142.99	196.79	3.39	2	7	12	
4	142.99	196.79	157.41	216.63	24.53	1	12	
5	157.41	216.63	169.98	233.93	21.38	2	1	12	
6	169.98	233.93	180.25	248.07	17.48	1	1	
7	180.25	248.07	192.07	264.33	20.11	2	1	14	
8	192.07	264.33	198.95	273.81	11.71	3	1	3	14	
9	198.95	273.81	202.00	278.00	5.18	2	3	14	

0	15	234.764	4
1	0.00	0.00	146.73	148.50	208.76	0	
2	146.73	148.50	158.19	160.11	16.31	1	15	
3	158.19	160.11	160.91	162.86	3.86	2	12	15	
4	160.91	162.86	165.00	167.00	5.82	3	2	12	15	

1	0	303.832	7
1	195.00	233.00	171.11	204.46	37.22	2	1	12	
2	171.11	204.46	168.69	201.56	3.78	3	1	2	12	
3	168.69	201.56	161.30	192.74	11.50	2	2	12	
4	161.30	192.74	157.49	188.18	5.94	3	2	12	15	
5	157.49	188.18	145.89	174.32	18.07	2	12	15	
6	145.89	174.32	139.02	166.11	10.72	1	15	
7	139.02	166.11	0.00	0.00	216.60	0	

1	1	0	0

1	2	54.918	4
1	195.00	233.00	190.28	207.52	25.92	2	1	12	
2	190.28	207.52	187.53	192.69	15.08	2	2	12	
3	187.53	192.69	185.69	182.74	10.11	2	2	12	
4	185.69	182.74	185.00	179.00	3.81	3	2	12	15	

1	3	66.753	5
1	195.00	233.00	195.18	234.19	1.21	2	1	12	
2	195.18	234.19	196.28	241.44	7.33	1	1	
3	196.28	241.44	199.46	262.42	21.21	1	1	
4	199.46	262.42	201.14	273.54	11.25	3	1	3	14	
5	201.14	273.54	205.00	299.00	25.75	2	3	14	

1	4	211.287	6
1	195.00	233.00	159.88	211.85	41.00	2	1	12	
2	159.88	211.85	141.56	200.82	21.39	1	12	
3	141.56	200.82	141.21	200.60	0.41	0	
4	141.21	200.60	89.83	169.67	59.97	1	7	
5	89.83	169.67	18.28	126.58	83.52	0	
6	18.28	126.58	14.00	124.00	5.00	1	4	

1	5	219.477	12
1	195.00	233.00	205.85	199.16	35.54	2	1	12	
2	205.85	199.16	207.52	193.96	5.46	3	1	2	12	
3	207.52	193.96	213.68	174.72	20.20	2	2	12	
4	213.68	174.72	215.88	167.87	7.20	1	12	
5	215.88	167.87	231.76	118.33	52.02	0	
6	231.76	118.33	241.20	88.88	30.92	1	13	
7	241.20	88.88	242.77	83.97	5.16	0	
8	242.77	83.97	248.12	67.30	17.51	1	9	
9	248.12	67.30	256.11	42.39	26.16	2	9	10	
10	256.11	42.39	257.80	37.09	5.56	1	10	
11	257.80	37.09	260.17	29.71	7.75	0	
12	260.17	29.71	262.00	24.00	6.00	1	5	

1	6	132.774	7
1	195.00	233.00	201.22	203.04	30.60	2	1	12	
2	201.22	203.04	203.34	192.86	10.40	2	2	12	
3	203.34	192.86	209.45	163.41	30.07	2	2	12	
4	209.45	163.41	209.81	161.67	1.77	1	12	
5	209.81	161.67	218.06	121.98	40.54	0	
6	218.06	121.98	221.19	106.92	15.39	1	13	
7	221.19	106.92	222.00	103.00	4.00	2	6	13	

1	7	92.785	4
1	195.00	233.00	159.65	212.23	41.00	2	1	12	
2	159.65	212.23	141.71	201.69	20.81	1	12	
3	141.71	201.69	140.87	201.20	0.98	0	
4	140.87	201.20	115.00	186.00	30.00	1	7	

1	8	162.595	4
1	195.00	233.00	181.16	235.96	14.15	2	1	12	
2	181.16	235.96	154.91	241.57	26.85	1	1	
3	154.91	241.57	58.49	262.19	98.59	0	
4	58.49	262.19	36.00	267.00	23.00	1	8	

1	9	178.354	9
1	195.00	233.00	206.74	198.19	36.73	2	1	12	
2	206.74	198.19	208.10	194.15	4.27	3	1	2	12	
3	208.10	194.15	213.92	176.89	18.21	2	2	12	
4	213.92	176.89	216.64	168.85	8.49	1	12	
5	216.64	168.85	234.29	116.50	55.25	0	
6	234.29	116.50	242.37	92.55	25.27	1	13	
7	242.37	92.55	244.97	84.85	8.13	0	
8	244.97	84.85	251.29	66.09	19.79	1	9	
9	251.29	66.09	252.00	64.00	2.21	2	9	10	

1	10	190.158	9
1	195.00	233.00	203.20	201.58	32.47	2	1	12	
2	203.20	201.58	205.35	193.33	8.53	3	1	2	12	
3	205.35	193.33	211.91	168.19	25.98	2	2	12	
4	211.91	168.19	212.88	164.48	3.83	1	12	
5	212.88	164.48	224.10	121.45	44.47	0	
6	224.10	121.45	234.91	80.03	42.81	1	13	
7	234.91	80.03	235.34	78.37	1.72	0	
8	235.34	78.37	238.20	67.38	11.35	1	9	
9	238.20	67.38	243.00	49.00	19.00	2	9	10	

1	11	245.155	8
1	195.00	233.00	184.49	208.00	27.12	2	1	12	
2	184.49	208.00	179.11	195.20	13.88	3	1	2	12	
3	179.11	195.20	176.96	190.09	5.55	2	2	12	
4	176.96	190.09	163.93	159.08	33.64	3	2	12	15	
5	163.93	159.08	163.07	157.03	2.22	1	15	
6	163.07	157.03	156.87	142.30	15.98	1	15	
7	156.87	142.30	115.11	42.95	107.77	0	
8	115.11	42.95	100.00	7.00	39.00	1	11	

1	12	40.804	2
1	195.00	233.00	187.28	207.91	26.25	2	1	12	
2	187.28	207.91	183.00	194.00	14.55	3	1	2	12	

1	13	137.117	8
1	195.00	233.00	200.21	203.69	29.77	2	1	12	
2	200.21	203.69	202.18	192.63	11.23	2	2	12	
3	202.18	192.63	207.79	161.06	32.06	2	2	12	
4	207.79	161.06	207.94	160.21	0.87	1	12	
5	207.94	160.21	214.80	121.63	39.18	0	
6	214.80	121.63	218.03	103.47	18.44	1	13	
7	218.03	103.47	218.43	101.19	2.32	2	6	13	
8	218.43	101.19	219.00	98.00	3.24	1	13	

1	14	45.541	5
1	195.00	233.00	195.19	234.19	1.21	2	1	12	
2	195.19	234.19	196.31	241.44	7.33	1	1	
3	196.31	241.44	199.57	262.40	21.21	1	1	
4	199.57	262.40	201.30	273.51	11.25	2	3	14	
5	201.30	273.51	202.00	278.00	4.54	2	3	14	

1	15	72.498	4
1	195.00	233.00	183.62	207.97	27.50	2	1	12	
2	183.62	207.97	178.03	195.68	13.50	3	1	2	12	
3	178.03	195.68	175.76	190.67	5.50	2	2	12	
4	175.76	190.67	165.00	167.00	26.00	3	2	12	15	

2	0	257.422	4
1	185.00	179.00	164.16	158.83	29.00	3	2	12	15	
2	164.16	158.83	162.57	157.30	2.20	2	12	15	
3	162.57	157.30	150.38	145.50	16.97	1	15	
4	150.38	145.50	0.00	0.00	209.25	0	

2	1	54.918	4
1	185.00	179.00	185.69	182.74	3.81	3	2	12	15	
2	185.69	182.74	187.53	192.69	10.11	2	2	12	
3	187.53	192.69	190.28	207.52	15.08	2	2	12	
4	190.28	207.52	195.00	233.00	25.92	2	1	12	

2	2	0	0

2	3	121.655	8
1	185.00	179.00	185.64	182.82	3.87	3	2	12	15	
2	185.64	182.82	187.29	192.73	10.05	2	2	12	
3	187.29	192.73	189.77	207.61	15.08	2	1	12	
4	189.77	207.61	194.24	234.47	27.23	1	1	
5	194.24	234.47	195.43	241.59	7.22	1	1	
6	195.43	241.59	198.92	262.50	21.20	2	1	14	
7	198.92	262.50	200.77	273.59	11.24	2	1	14	
8	200.77	273.59	205.00	299.00	25.76	2	3	14	

2	4	179.627	7
1	185.00	179.00	157.39	170.12	29.00	3	2	12	15	
2	157.39	170.12	150.17	167.80	7.58	2	12	15	
3	150.17	167.80	139.15	164.25	11.59	1	15	
4	139.15	164.25	133.61	162.47	5.81	0	
5	133.61	162.47	113.59	156.03	21.03	1	7	
6	113.59	156.03	18.76	125.53	99.62	0	
7	18.76	125.53	14.00	124.00	5.00	1	4	

2	5	173.072	13
1	185.00	179.00	191.00	166.92	13.49	3	2	12	15	
2	191.00	166.92	197.19	154.47	13.91	2	2	12	
3	197.19	154.47	197.90	153.03	1.61	1	2	
4	197.90	153.03	213.62	121.39	35.33	0	
5	213.62	121.39	220.85	106.83	16.25	1	13	
6	220.85	106.83	224.36	99.77	7.88	2	6	13	
7	224.36	99.77	234.39	79.58	22.54	1	13	
8	234.39	79.58	235.12	78.11	1.65	0	
9	235.12	78.11	240.24	67.80	11.51	1	9	
10	240.24	67.80	253.05	42.02	28.78	2	9	10	
11	253.05	42.02	256.31	35.45	7.35	1	10	
12	256.31	35.45	259.33	29.37	6.78	0	
13	259.33	29.37	262.00	24.00	6.00	1	5	

2	6	84.528	6
1	185.00	179.00	191.00	166.68	13.70	3	2	12	15	
2	191.00	166.68	196.98	154.39	13.66	2	2	12	
3	196.98	154.39	197.69	152.93	1.63	1	2	
4	197.69	152.93	213.11	121.27	35.21	0	
5	213.11	121.27	220.25	106.60	16.32	1	13	
6	220.25	106.60	222.00	103.00	4.00	2	6	13	

2	7	70.349	5
1	185.00	179.00	156.14	181.89	29.00	3	2	12	15	
2	156.14	181.89	144.85	183.01	11.35	2	12	15	
3	144.85	183.01	144.54	183.05	0.31	3	7	12	15	
4	144.54	183.05	142.40	183.26	2.16	2	7	12	
5	142.40	183.26	115.00	186.00	27.53	1	7	

2	8	173.046	7
1	185.00	179.00	161.66	192.78	27.11	3	2	12	15	
2	161.66	192.78	160.03	193.75	1.89	2	2	12	
3	160.03	193.75	142.27	204.24	20.63	1	12	
4	142.27	204.24	134.39	208.89	9.14	0	
5	134.39	208.89	125.68	214.03	10.12	1	7	
6	125.68	214.03	55.80	255.30	81.15	0	
7	55.80	255.30	36.00	267.00	23.00	1	8	

2	9	133.094	8
1	185.00	179.00	190.94	168.81	11.79	3	2	12	15	
2	190.94	168.81	198.91	155.13	15.83	2	2	12	
3	198.91	155.13	199.60	153.94	1.37	1	2	
4	199.60	153.94	218.22	121.99	36.98	0	
5	218.22	121.99	239.48	85.49	42.24	1	13	
6	239.48	85.49	240.93	83.01	2.87	0	
7	240.93	83.01	250.59	66.42	19.20	1	9	
8	250.59	66.42	252.00	64.00	2.80	2	9	10	

2	10	142.352	10
1	185.00	179.00	190.96	165.63	14.64	3	2	12	15	
2	190.96	165.63	196.11	154.10	12.63	2	2	12	
3	196.11	154.10	196.82	152.52	1.73	1	2	
4	196.82	152.52	211.04	120.64	34.90	0	
5	211.04	120.64	218.27	104.44	17.74	1	13	
6	218.27	104.44	220.58	99.26	5.67	2	6	13	
7	220.58	99.26	230.53	76.95	24.43	1	13	
8	230.53	76.95	232.11	73.41	3.88	0	
9	232.11	73.41	235.26	66.35	7.72	1	9	
10	235.26	66.35	243.00	49.00	19.00	2	9	10	

2	11	191.857	5
1	185.00	179.00	172.34	153.38	28.58	3	2	12	15	
2	172.34	153.38	172.15	153.00	0.42	2	2	15	
3	172.15	153.00	166.24	141.03	13.35	1	15	
4	166.24	141.03	117.28	41.96	110.50	0	
5	117.28	41.96	100.00	7.00	39.00	1	11	

2	12	15.133	3
1	185.00	179.00	184.27	184.45	5.50	3	2	12	15	
2	184.27	184.45	183.03	193.79	9.42	2	2	12	
3	183.03	193.79	183.00	194.00	0.21	3	1	2	12	

2	13	87.846	5
1	185.00	179.00	190.92	164.91	15.28	3	2	12	15	
2	190.92	164.91	195.53	153.91	11.92	1	2	
3	195.53	153.91	196.22	152.26	1.79	1	2	
4	196.22	152.26	209.71	120.13	34.85	0	
5	209.71	120.13	219.00	98.00	24.00	1	13	

2	14	100.449	8
1	185.00	179.00	185.65	182.80	3.85	3	2	12	15	
2	185.65	182.80	187.36	192.72	10.07	2	2	12	
3	187.36	192.72	189.91	207.58	15.08	2	1	12	
4	189.91	207.58	194.51	234.39	27.20	2	1	12	
5	194.51	234.39	195.74	241.53	7.25	1	1	
6	195.74	241.53	199.33	262.44	21.21	2	1	14	
7	199.33	262.44	201.23	273.52	11.25	2	1	14	
8	201.23	273.52	202.00	278.00	4.54	2	3	14	

2	15	23.324	1
1	185.00	179.00	165.00	167.00	23.32	3	2	12	15	

3	0	362.527	9
1	205.00	299.00	187.37	273.28	31.18	2	3	14	
2	187.37	273.28	184.08	268.48	5.82	3	1	3	14	
3	184.08	268.48	174.01	253.80	17.80	2	1	14	
4	174.01	253.80	154.67	225.60	34.20	1	1	
5	154.67	225.60	153.52	223.92	2.04	0	
6	153.52	223.92	144.47	210.71	16.01	1	12	
7	144.47	210.71	139.45	203.39	8.88	0	
8	139.45	203.39	107.59	156.93	56.33	1	7	
9	107.59	156.93	0.00	0.00	190.27	0	

3	1	66.753	5
1	205.00	299.00	201.14	273.54	25.75	2	3	14	
2	201.14	273.54	199.46	262.42	11.25	3	1	3	14	
3	199.46	262.42	196.28	241.44	21.21	1	1	
4	196.28	241.44	195.18	234.19	7.33	1	1	
5	195.18	234.19	195.00	233.00	1.21	2	1	12	

3	2	121.655	8
1	205.00	299.00	200.77	273.59	25.76	2	3	14	
2	200.77	273.59	198.92	262.50	11.24	2	1	14	
3	198.92	262.50	195.43	241.59	21.20	2	1	14	
4	195.43	241.59	194.24	234.47	7.22	1	1	
5	194.24	234.47	189.77	207.61	27.23	1	1	
6	189.77	207.61	187.29	192.73	15.08	2	1	12	
7	187.29	192.73	185.64	182.82	10.05	2	2	12	
8	185.64	182.82	185.00	179.00	3.87	3	2	12	15	

3	3	0	0

3	4	259.048	6
1	205.00	299.00	177.72	274.00	37.00	2	3	14	
2	177.72	274.00	167.50	264.64	13.86	1	14	
3	167.50	264.64	114.41	215.99	72.01	0	
4	114.41	215.99	85.17	189.21	39.65	1	7	
5	85.17	189.21	17.69	127.38	91.53	0	
6	17.69	127.38	14.00	124.00	5.00	1	4	

3	5	280.845	10
1	205.00	299.00	210.84	270.82	28.78	2	3	14	
2	210.84	270.82	212.51	262.77	8.22	3	1	3	14	
3	212.51	262.77	216.42	243.92	19.25	2	1	14	
4	216.42	243.92	224.57	204.60	40.16	1	1	
5	224.57	204.60	249.19	85.82	121.30	0	
6	249.19	85.82	253.54	64.81	21.46	1	9	
7	253.54	64.81	258.09	42.86	22.41	2	9	10	
8	258.09	42.86	258.96	38.69	4.26	1	10	
9	258.96	38.69	260.78	29.88	9.00	0	
10	260.78	29.88	262.00	24.00	6.00	1	5	

3	6	196.736	9
1	205.00	299.00	207.33	272.10	27.00	2	3	14	
2	207.33	272.10	208.20	262.14	10.00	2	1	14	
3	208.20	262.14	209.96	241.86	20.35	1	1	
4	209.96	241.86	211.43	224.92	17.01	1	1	
5	211.43	224.92	213.88	196.61	28.42	1	12	
6	213.88	196.61	216.32	168.44	28.28	0	
7	216.32	168.44	220.36	121.96	46.65	0	
8	220.36	121.96	221.65	106.98	15.03	1	13	
9	221.65	106.98	222.00	103.00	4.00	2	6	13	

3	7	144.461	6
1	205.00	299.00	183.86	272.46	33.93	2	3	14	
2	183.86	272.46	181.95	270.06	3.07	3	1	3	14	
3	181.95	270.06	171.54	256.99	16.70	2	1	14	
4	171.54	256.99	154.05	235.03	28.08	1	1	
5	154.05	235.03	133.69	209.47	32.68	0	
6	133.69	209.47	115.00	186.00	30.00	1	7	

3	8	172.003	4
1	205.00	299.00	168.65	292.12	37.00	2	3	14	
2	168.65	292.12	167.73	291.94	0.93	1	14	
3	167.73	291.94	58.60	271.28	111.07	0	
4	58.60	271.28	36.00	267.00	23.00	1	8	

3	9	239.654	7
1	205.00	299.00	210.62	270.91	28.65	2	3	14	
2	210.62	270.91	212.26	262.72	8.35	3	1	3	14	
3	212.26	262.72	216.05	243.77	19.32	2	1	14	
4	216.05	243.77	224.00	204.01	40.54	1	1	
5	224.00	204.01	247.69	85.57	120.79	0	
6	247.69	85.57	251.61	65.94	20.03	0	
7	251.61	65.94	252.00	64.00	1.97	2	9	10	

3	10	252.872	11
1	205.00	299.00	209.18	271.47	27.85	2	3	14	
2	209.18	271.47	210.56	262.42	9.15	3	1	3	14	
3	210.56	262.42	213.54	242.84	19.80	2	1	14	
4	213.54	242.84	217.27	218.28	24.84	1	1	
5	217.27	218.28	219.97	200.48	18.00	2	1	12	
6	219.97	200.48	222.94	181.00	19.71	1	12	
7	222.94	181.00	232.54	117.82	63.91	0	
8	232.54	117.82	237.82	83.10	35.11	1	13	
9	237.82	83.10	238.12	81.07	2.05	0	
10	238.12	81.07	240.14	67.78	13.44	1	9	
11	240.14	67.78	243.00	49.00	19.00	2	9	10	

3	11	310.305	12
1	205.00	299.00	196.01	273.99	26.58	2	3	14	
2	196.01	273.99	192.48	264.18	10.42	3	1	3	14	
3	192.48	264.18	185.53	244.87	20.53	2	1	14	
4	185.53	244.87	182.34	235.99	9.43	1	1	
5	182.34	235.99	170.98	204.38	33.59	2	1	12	
6	170.98	204.38	169.67	200.76	3.85	3	1	2	12	
7	169.67	200.76	166.86	192.93	8.31	2	2	12	
8	166.86	192.93	158.02	168.36	26.12	3	2	12	15	
9	158.02	168.36	155.75	162.04	6.72	2	12	15	
10	155.75	162.04	149.92	145.82	17.24	1	15	
11	149.92	145.82	113.20	43.70	108.52	0	
12	113.20	43.70	100.00	7.00	39.00	1	11	

3	12	107.280	6
1	205.00	299.00	199.71	273.73	25.82	2	3	14	
2	199.71	273.73	197.41	262.79	11.18	3	1	3	14	
3	197.41	262.79	193.08	242.09	21.14	2	1	14	
4	193.08	242.09	191.61	235.11	7.14	1	1	
5	191.61	235.11	185.93	207.99	27.71	1	1	
6	185.93	207.99	183.00	194.00	14.29	3	1	2	12	

3	13	201.487	12
1	205.00	299.00	206.86	272.25	26.82	2	3	14	
2	206.86	272.25	207.57	262.09	10.18	2	1	14	
3	207.57	262.09	208.99	241.67	20.47	2	1	14	
4	208.99	241.67	210.08	226.11	15.60	1	1	
5	210.08	226.11	212.19	195.78	30.40	2	1	12	
6	212.19	195.78	212.78	187.33	8.47	1	12	
7	212.78	187.33	213.66	174.60	12.76	2	2	12	
8	213.66	174.60	214.27	165.96	8.67	0	
9	214.27	165.96	217.33	121.94	44.12	0	
10	217.33	121.94	218.51	104.96	17.02	1	13	
11	218.51	104.96	218.82	100.57	4.40	2	6	13	
12	218.82	100.57	219.00	98.00	2.58	1	13	

3	14	21.213	1
1	205.00	299.00	202.00	278.00	21.21	2	3	14	

3	15	137.928	8
1	205.00	299.00	197.40	273.93	26.20	2	3	14	
2	197.40	273.93	194.27	263.59	10.80	3	1	3	14	
3	194.27	263.59	188.23	243.66	20.83	2	1	14	
4	188.23	243.66	185.88	235.90	8.10	1	1	
5	185.88	235.90	177.09	206.90	30.30	1	1	
6	177.09	206.90	174.28	197.62	9.70	3	1	2	12	
7	174.28	197.62	172.54	191.88	6.00	2	2	12	
8	172.54	191.88	165.00	167.00	26.00	3	2	12	15	

4	0	124.788	2
1	14.00	124.00	13.44	119.03	5.00	1	4	
2	13.44	119.03	0.00	0.00	119.79	0	

4	1	211.287	6
1	14.00	124.00	18.28	126.58	5.00	1	4	
2	18.28	126.58	89.83	169.67	83.52	0	
3	89.83	169.67	141.21	200.60	59.97	1	7	
4	141.21	200.60	141.56	200.82	0.41	0	
5	141.56	200.82	159.88	211.85	21.39	1	12	
6	159.88	211.85	195.00	233.00	41.00	2	1	12	

4	2	179.627	7
1	14.00	124.00	18.76	125.53	5.00	1	4	
2	18.76	125.53	113.59	156.03	99.62	0	
3	113.59	156.03	133.61	162.47	21.03	1	7	
4	133.61	162.47	139.15	164.25	5.81	0	
5	139.15	164.25	150.17	167.80	11.59	1	15	
6	150.17	167.80	157.39	170.12	7.58	2	12	15	
7	157.39	170.12	185.00	179.00	29.00	3	2	12	15	

4	3	259.048	6
1	14.00	124.00	17.69	127.38	5.00	1	4	
2	17.69	127.38	85.17	189.21	91.53	0	
3	85.17	189.21	114.41	215.99	39.65	1	7	
4	114.41	215.99	167.50	264.64	72.01	0	
5	167.50	264.64	177.72	274.00	13.86	1	14	
6	177.72	274.00	205.00	299.00	37.00	2	3	14	

4	4	0	0

4	5	267.402	5
1	14.00	124.00	18.64	122.13	5.00	1	4	
2	18.64	122.13	227.60	37.87	225.31	0	
3	227.60	37.87	246.37	30.30	20.24	1	10	
4	246.37	30.30	256.44	26.24	10.85	0	
5	256.44	26.24	262.00	24.00	6.00	1	5	

4	6	209.057	4
1	14.00	124.00	18.97	123.50	5.00	1	4	
2	18.97	123.50	196.24	105.60	178.16	0	
3	196.24	105.60	218.02	103.40	21.90	1	13	
4	218.02	103.40	222.00	103.00	4.00	2	6	13	

4	7	118.512	3
1	14.00	124.00	18.26	126.62	5.00	1	4	
2	18.26	126.62	89.43	170.31	83.51	0	
3	89.43	170.31	115.00	186.00	30.00	1	7	

4	8	144.682	3
1	14.00	124.00	14.76	128.94	5.00	1	4	
2	14.76	128.94	32.50	244.27	116.68	0	
3	32.50	244.27	36.00	267.00	23.00	1	8	

4	9	245.447	4
1	14.00	124.00	18.85	122.78	5.00	1	4	
2	18.85	122.78	230.67	69.38	218.45	0	
3	230.67	69.38	238.39	67.43	7.96	1	9	
4	238.39	67.43	252.00	64.00	14.04	2	9	10	

4	10	240.969	4
1	14.00	124.00	18.75	122.44	5.00	1	4	
2	18.75	122.44	224.94	54.91	216.97	0	
3	224.94	54.91	233.49	52.12	8.99	1	10	
4	233.49	52.12	243.00	49.00	10.01	2	9	10	

4	11	145.207	3
1	14.00	124.00	16.96	119.97	5.00	1	4	
2	16.96	119.97	76.90	38.42	101.21	0	
3	76.90	38.42	100.00	7.00	39.00	1	11	

4	12	182.923	9
1	14.00	124.00	18.62	125.91	5.00	1	4	
2	18.62	125.91	100.41	159.79	88.52	0	
3	100.41	159.79	140.81	176.52	43.73	1	7	
4	140.81	176.52	143.85	177.79	3.30	2	7	15	
5	143.85	177.79	144.20	177.93	0.37	1	15	
6	144.20	177.93	156.27	182.93	13.06	2	12	15	
7	156.27	182.93	175.37	190.84	20.68	3	2	12	15	
8	175.37	190.84	182.72	193.88	7.95	2	2	12	
9	182.72	193.88	183.00	194.00	0.31	3	1	2	12	

4	13	206.642	3
1	14.00	124.00	18.96	123.37	5.00	1	4	
2	18.96	123.37	195.19	101.02	177.64	0	
3	195.19	101.02	219.00	98.00	24.00	1	13	

4	14	243.023	8
1	14.00	124.00	17.87	127.17	5.00	1	4	
2	17.87	127.17	85.22	182.34	87.07	0	
3	85.22	182.34	124.45	214.47	50.70	1	7	
4	124.45	214.47	154.45	239.05	38.78	0	
5	154.45	239.05	173.38	254.55	24.47	1	1	
6	173.38	254.55	187.71	266.29	18.52	2	1	14	
7	187.71	266.29	197.05	273.95	12.08	3	1	3	14	
8	197.05	273.95	202.00	278.00	6.39	2	3	14	

4	15	157.003	5
1	14.00	124.00	18.81	125.37	5.00	1	4	
2	18.81	125.37	139.99	159.88	126.00	0	
3	139.99	159.88	153.80	163.81	14.36	1	15	
4	153.80	163.81	159.39	165.40	5.81	2	12	15	
5	159.39	165.40	165.00	167.00	5.84	3	2	12	15	

5	0	263.097	4
1	262.00	24.00	256.02	23.45	6.00	1	5	
2	256.02	23.45	138.58	12.69	117.93	0	
3	138.58	12.69	61.03	5.59	77.88	1	11	
4	61.03	5.59	0.00	0.00	61.28	0	

5	1	219.477	12
1	262.00	24.00	260.17	29.71	6.00	1	5	
2	260.17	29.71	257.80	37.09	7.75	0	
3	257.80	37.09	256.11	42.39	5.56	1	10	
4	256.11	42.39	248.12	67.30	26.16	2	9	10	
5	248.12	67.30	242.77	83.97	17.51	1	9	
6	242.77	83.97	241.20	88.88	5.16	0	
7	241.20	88.88	231.76	118.33	30.92	1	13	
8	231.76	118.33	215.88	167.87	52.02	0	
9	215.88	167.87	213.68	174.72	7.20	1	12	
10	213.68	174.72	207.52	193.96	20.20	2	2	12	
11	207.52	193.96	205.85	199.16	5.46	3	1	2	12	
12	205.85	199.16	195.00	233.00	35.54	2	1	12	

5	2	173.072	13
1	262.00	24.00	259.33	29.37	6.00	1	5	
2	259.33	29.37	256.31	35.45	6.78	0	
3	256.31	35.45	253.05	42.02	7.35	1	10	
4	253.05	42.02	240.24	67.80	28.78	2	9	10	
5	240.24	67.80	235.12	78.11	11.51	1	9	
6	235.12	78.11	234.39	79.58	1.65	0	
7	234.39	79.58	224.36	99.77	22.54	1	13	
8	224.36	99.77	220.85	106.83	7.88	2	6	13	
9	220.85	106.83	213.62	121.39	16.25	1	13	
10	213.62	121.39	197.90	153.03	35.33	0	
11	197.90	153.03	197.19	154.47	1.61	1	2	
12	197.19	154.47	191.00	166.92	13.91	2	2	12	
13	191.00	166.92	185.00	179.00	13.49	3	2	12	15	

5	3	280.845	10
1	262.00	24.00	260.78	29.88	6.00	1	5	
2	260.78	29.88	258.96	38.69	9.00	0	
3	258.96	38.69	258.09	42.86	4.26	1	10	
4	258.09	42.86	253.54	64.81	22.41	2	9	10	
5	253.54	64.81	249.19	85.82	21.46	1	9	
6	249.19	85.82	224.57	204.60	121.30	0	
7	224.57	204.60	216.42	243.92	40.16	1	1	
8	216.42	243.92	212.51	262.77	19.25	2	1	14	
9	212.51	262.77	210.84	270.82	8.22	3	1	3	14	
10	210.84	270.82	205.00	299.00	28.78	2	3	14	

5	4	267.402	5
1	262.00	24.00	256.44	26.24	6.00	1	5	
2	256.44	26.24	246.37	30.30	10.85	0	
3	246.37	30.30	227.60	37.87	20.24	1	10	
4	227.60	37.87	18.64	122.13	225.31	0	
5	18.64	122.13	14.00	124.00	5.00	1	4	

5	5	0	0

5	6	88.549	8
1	262.00	24.00	259.29	29.35	6.00	1	5	
2	259.29	29.35	256.24	35.37	6.75	0	
3	256.24	35.37	252.88	42.02	7.45	1	10	
4	252.88	42.02	239.85	67.74	28.83	2	9	10	
5	239.85	67.74	234.80	77.72	11.19	1	9	
6	234.80	77.72	234.01	79.28	1.75	0	
7	234.01	79.28	223.81	99.43	22.59	1	13	
8	223.81	99.43	222.00	103.00	4.00	2	6	13	

5	7	218.753	11
1	262.00	24.00	257.97	28.44	6.00	1	5	
2	257.97	28.44	253.61	33.24	6.48	0	
3	253.61	33.24	244.46	43.33	13.63	1	10	
4	244.46	43.33	230.70	58.49	20.47	2	9	10	
5	230.70	58.49	228.34	61.09	3.51	1	10	
6	228.34	61.09	216.51	74.13	17.61	0	
7	216.51	74.13	195.00	97.84	32.01	1	13	
8	195.00	97.84	153.32	143.77	62.03	0	
9	153.32	143.77	140.75	157.62	18.70	1	15	
10	140.75	157.62	135.16	163.78	8.32	0	
11	135.16	163.78	115.00	186.00	30.00	1	7	

5	8	331.851	11
1	262.00	24.00	257.91	28.39	6.00	1	5	
2	257.91	28.39	253.49	33.16	6.50	0	
3	253.49	33.16	243.78	43.59	14.26	1	10	
4	243.78	43.59	231.05	57.27	18.68	2	9	10	
5	231.05	57.27	227.96	60.60	4.55	1	10	
6	227.96	60.60	215.22	74.30	18.70	0	
7	215.22	74.30	195.09	95.95	29.56	1	13	
8	195.09	95.95	133.38	162.29	90.61	0	
9	133.38	162.29	92.69	206.05	59.76	1	7	
10	92.69	206.05	51.66	250.16	60.23	0	
11	51.66	250.16	36.00	267.00	23.00	1	8	

5	9	41.231	4
1	262.00	24.00	260.54	29.82	6.00	1	5	
2	260.54	29.82	258.50	38.01	8.44	0	
3	258.50	38.01	257.34	42.66	4.79	1	10	
4	257.34	42.66	252.00	64.00	22.00	2	9	10	

5	10	31.401	4
1	262.00	24.00	258.37	28.78	6.00	1	5	
2	258.37	28.78	254.50	33.87	6.40	0	
3	254.50	33.87	248.05	42.36	10.66	1	10	
4	248.05	42.36	243.00	49.00	8.34	2	9	10	

5	11	162.890	3
1	262.00	24.00	256.03	23.37	6.00	1	5	
2	256.03	23.37	138.79	11.07	117.89	0	
3	138.79	11.07	100.00	7.00	39.00	1	11	

5	12	187.459	13
1	262.00	24.00	259.47	29.44	6.00	1	5	
2	259.47	29.44	256.56	35.70	6.90	0	
3	256.56	35.70	253.61	42.06	7.02	1	10	
4	253.61	42.06	241.58	67.95	28.55	2	9	10	
5	241.58	67.95	236.27	79.38	12.60	1	9	
6	236.27	79.38	235.65	80.71	1.47	0	
7	235.65	80.71	225.83	101.84	23.30	1	13	
8	225.83	101.84	223.58	106.67	5.33	2	6	13	
9	223.58	106.67	216.52	121.87	16.76	1	13	
10	216.52	121.87	201.16	154.92	36.44	0	
11	201.16	154.92	200.70	155.91	1.09	1	2	
12	200.70	155.91	183.11	193.76	41.74	2	2	12	
13	183.11	193.76	183.00	194.00	0.26	3	1	2	12	

5	13	85.586	7
1	262.00	24.00	258.99	29.19	6.00	1	5	
2	258.99	29.19	255.69	34.86	6.56	0	
3	255.69	34.86	251.54	42.00	8.26	1	10	
4	251.54	42.00	237.00	67.03	28.94	2	9	10	
5	237.00	67.03	232.66	74.49	8.63	1	9	
6	232.66	74.49	231.06	77.25	3.19	0	
7	231.06	77.25	219.00	98.00	24.00	1	13	

5	14	260.990	12
1	262.00	24.00	260.62	29.84	6.00	1	5	
2	260.62	29.84	258.64	38.21	8.61	0	
3	258.64	38.21	257.58	42.72	4.63	1	10	
4	257.58	42.72	252.16	65.64	23.56	2	9	10	
5	252.16	65.64	247.47	85.53	20.43	1	9	
6	247.47	85.53	224.00	184.88	102.08	0	
7	224.00	184.88	220.26	200.70	16.26	1	12	
8	220.26	200.70	215.58	220.50	20.34	1	12	
9	215.58	220.50	210.51	241.99	22.08	1	1	
10	210.51	241.99	205.78	262.01	20.57	1	1	
11	205.78	262.01	203.14	273.18	11.48	3	1	3	14	
12	203.14	273.18	202.00	278.00	4.95	2	3	14	

5	15	172.795	11
1	262.00	24.00	258.63	28.97	6.00	1	5	
2	258.63	28.97	255.02	34.29	6.43	0	
3	255.02	34.29	249.71	42.12	9.46	1	10	
4	249.71	42.12	233.77	65.61	28.38	2	9	10	
5	233.77	65.61	230.82	69.96	5.26	1	9	
6	230.82	69.96	227.12	75.42	6.59	0	
7	227.12	75.42	201.02	113.90	46.50	1	13	
8	201.02	113.90	179.60	145.48	38.17	0	
9	179.60	145.48	175.43	151.62	7.42	1	15	
10	175.43	151.62	174.60	152.85	1.48	2	2	15	
11	174.60	152.85	165.00	167.00	17.10	3	2	12	15	

6	0	244.730	5
1	222.00	103.00	218.37	101.32	4.00	2	6	13	
2	218.37	101.32	196.06	90.96	24.60	1	13	
3	196.06	90.96	99.12	45.99	106.86	0	
4	99.12	45.99	70.79	32.85	31.23	1	11	
5	70.79	32.85	0.00	0.00	78.04	0	

6	1	132.774	7
1	222.00	103.00	221.19	106.92	4.00	2	6	13	
2	221.19	106.92	218.06	121.98	15.39	1	13	
3	218.06	121.98	209.81	161.67	40.54	0	
4	209.81	161.67	209.45	163.41	1.77	1	12	
5	209.45	163.41	203.34	192.86	30.07	2	2	12	
6	203.34	192.86	201.22	203.04	10.40	2	2	12	
7	201.22	203.04	195.00	233.00	30.60	2	1	12	

6	2	84.528	6
1	222.00	103.00	220.25	106.60	4.00	2	6	13	
2	220.25	106.60	213.11	121.27	16.32	1	13	
3	213.11	121.27	197.69	152.93	35.21	0	
4	197.69	152.93	196.98	154.39	1.63	1	2	
5	196.98	154.39	191.00	166.68	13.66	2	2	12	
6	191.00	166.68	185.00	179.00	13.70	3	2	12	15	

6	3	196.736	9
1	222.00	103.00	221.65	106.98	4.00	2	6	13	
2	221.65	106.98	220.36	121.96	15.03	1	13	
3	220.36	121.96	216.32	168.44	46.65	0	
4	216.32	168.44	213.88	196.61	28.28	0	
5	213.88	196.61	211.43	224.92	28.42	1	12	
6	211.43	224.92	209.96	241.86	17.01	1	1	
7	209.96	241.86	208.20	262.14	20.35	1	1	
8	208.20	262.14	207.33	272.10	10.00	2	1	14	
9	207.33	272.10	205.00	299.00	27.00	2	3	14	

6	4	209.057	4
1	222.00	103.00	218.02	103.40	4.00	2	6	13	
2	218.02	103.40	196.24	105.60	21.90	1	13	
3	196.24	105.60	18.97	123.50	178.16	0	
4	18.97	123.50	14.00	124.00	5.00	1	4	

6	5	88.549	8
1	222.00	103.00	223.81	99.43	4.00	2	6	13	
2	223.81	99.43	234.01	79.28	22.59	1	13	
3	234.01	79.28	234.80	77.72	1.75	0	
4	234.80	77.72	239.85	67.74	11.19	1	9	
5	239.85	67.74	252.88	42.02	28.83	2	9	10	
6	252.88	42.02	256.24	35.37	7.45	1	10	
7	256.24	35.37	259.29	29.35	6.75	0	
8	259.29	29.35	262.00	24.00	6.00	1	5	

6	6	0	0

6	7	135.418	6
1	222.00	103.00	218.84	105.45	4.00	2	6	13	
2	218.84	105.45	204.15	116.85	18.60	1	13	
3	204.15	116.85	171.83	141.91	40.89	0	
4	171.83	141.91	139.00	167.38	41.55	1	15	
5	139.00	167.38	138.70	167.61	0.38	0	
6	138.70	167.61	115.00	186.00	30.00	1	7	

6	8	247.976	8
1	222.00	103.00	219.00	105.65	4.00	2	6	13	
2	219.00	105.65	205.31	117.71	18.25	1	13	
3	205.31	117.71	176.09	143.48	38.96	0	
4	176.09	143.48	142.21	173.36	45.17	1	15	
5	142.21	173.36	140.28	175.05	2.57	2	7	15	
6	140.28	175.05	99.05	211.41	54.97	1	7	
7	99.05	211.41	53.25	251.79	61.06	0	
8	53.25	251.79	36.00	267.00	23.00	1	8	

6	9	49.204	5
1	222.00	103.00	224.44	99.83	4.00	2	6	13	
2	224.44	99.83	237.56	82.78	21.51	1	13	
3	237.56	82.78	238.59	81.44	1.69	0	
4	238.59	81.44	249.93	66.69	18.60	1	9	
5	249.93	66.69	252.00	64.00	3.40	2	9	10	

6	10	57.940	5
1	222.00	103.00	223.45	99.27	4.00	2	6	13	
2	223.45	99.27	231.83	77.72	23.13	1	13	
3	231.83	77.72	232.91	74.94	2.98	0	
4	232.91	74.94	236.11	66.71	8.83	1	9	
5	236.11	66.71	243.00	49.00	19.00	2	9	10	

6	11	155.242	4
1	222.00	103.00	218.86	100.53	4.00	2	6	13	
2	218.86	100.53	198.93	84.84	25.36	1	13	
3	198.93	84.84	130.65	31.12	86.88	0	
4	130.65	31.12	100.00	7.00	39.00	1	11	

6	12	99.005	6
1	222.00	103.00	220.42	106.68	4.00	2	6	13	
2	220.42	106.68	214.08	121.49	16.12	1	13	
3	214.08	121.49	200.05	154.21	35.60	0	
4	200.05	154.21	199.54	155.40	1.29	1	2	
5	199.54	155.40	183.10	193.76	41.74	2	2	12	
6	183.10	193.76	183.00	194.00	0.26	3	1	2	12	

6	13	5.831	2
1	222.00	103.00	219.94	99.57	4.00	2	6	13	
2	219.94	99.57	219.00	98.00	1.83	1	13	

6	14	176.139	11
1	222.00	103.00	221.55	106.97	4.00	2	6	13	
2	221.55	106.97	219.83	121.99	15.11	1	13	
3	219.83	121.99	214.74	166.50	44.80	0	
4	214.74	166.50	213.75	175.19	8.75	1	12	
5	213.75	175.19	212.15	189.19	14.09	2	2	12	
6	212.15	189.19	211.44	195.44	6.29	1	12	
7	211.44	195.44	207.72	227.96	32.73	1	1	
8	207.72	227.96	206.20	241.24	13.37	1	1	
9	206.20	241.24	203.83	262.02	20.91	2	1	14	
10	203.83	262.02	202.54	273.30	11.36	3	1	3	14	
11	202.54	273.30	202.00	278.00	4.73	2	3	14	

6	15	85.703	6
1	222.00	103.00	219.34	105.99	4.00	2	6	13	
2	219.34	105.99	207.63	119.14	17.61	1	13	
3	207.63	119.14	182.29	147.58	38.10	0	
4	182.29	147.58	179.71	150.49	3.89	1	15	
5	179.71	150.49	178.10	152.29	2.41	2	2	15	
6	178.10	152.29	165.00	167.00	19.70	3	2	12	15	

7	0	218.680	2
1	115.00	186.00	99.22	160.48	30.00	1	7	
2	99.22	160.48	0.00	0.00	188.68	0	

7	1	92.785	4
1	115.00	186.00	140.87	201.20	30.00	1	7	
2	140.87	201.20	141.71	201.69	0.98	0	
3	141.71	201.69	159.65	212.23	20.81	1	12	
4	159.65	212.23	195.00	233.00	41.00	2	1	12	

7	2	70.349	5
1	115.00	186.00	142.40	183.26	27.53	1	7	
2	142.40	183.26	144.54	183.05	2.16	2	7	12	
3	144.54	183.05	144.85	183.01	0.31	3	7	12	15	
4	144.85	183.01	156.14	181.89	11.35	2	12	15	
5	156.14	181.89	185.00	179.00	29.00	3	2	12	15	

7	3	144.461	6
1	115.00	186.00	133.69	209.47	30.00	1	7	
2	133.69	209.47	154.05	235.03	32.68	0	
3	154.05	235.03	171.54	256.99	28.08	1	1	
4	171.54	256.99	181.95	270.06	16.70	2	1	14	
5	181.95	270.06	183.86	272.46	3.07	3	1	3	14	
6	183.86	272.46	205.00	299.00	33.93	2	3	14	

7	4	118.512	3
1	115.00	186.00	89.43	170.31	30.00	1	7	
2	89.43	170.31	18.26	126.62	83.51	0	
3	18.26	126.62	14.00	124.00	5.00	1	4	

7	5	218.753	11
1	115.00	186.00	135.16	163.78	30.00	1	7	
2	135.16	163.78	140.75	157.62	8.32	0	
3	140.75	157.62	153.32	143.77	18.70	1	15	
4	153.32	143.77	195.00	97.84	62.03	0	
5	195.00	97.84	216.51	74.13	32.01	1	13	
6	216.51	74.13	228.34	61.09	17.61	0	
7	228.34	61.09	230.70	58.49	3.51	1	10	
8	230.70	58.49	244.46	43.33	20.47	2	9	10	
9	244.46	43.33	253.61	33.24	13.63	1	10	
10	253.61	33.24	257.97	28.44	6.48	0	
11	257.97	28.44	262.00	24.00	6.00	1	5	

7	6	135.418	6
1	115.00	186.00	138.70	167.61	30.00	1	7	
2	138.70	167.61	139.00	167.38	0.38	0	
3	139.00	167.38	171.83	141.91	41.55	1	15	
4	171.83	141.91	204.15	116.85	40.89	0	
5	204.15	116.85	218.84	105.45	18.60	1	13	
6	218.84	105.45	222.00	103.00	4.00	2	6	13	

7	7	0	0

7	8	113.146	3
1	115.00	186.00	94.05	207.48	30.00	1	7	
2	94.05	207.48	52.06	250.53	60.15	0	
3	52.06	250.53	36.00	267.00	23.00	1	8	

7	9	183.448	8
1	115.00	186.00	137.40	166.05	30.00	1	7	
2	137.40	166.05	139.12	164.52	2.30	0	
3	139.12	164.52	165.53	141.01	35.36	1	15	
4	165.53	141.01	198.97	111.22	44.78	0	
5	198.97	111.22	234.45	79.63	47.50	1	13	
6	234.45	79.63	235.57	78.63	1.50	0	
7	235.57	78.63	248.38	67.22	17.16	1	9	
8	248.38	67.22	252.00	64.00	4.84	2	9	10	

7	10	187.491	8
1	115.00	186.00	135.48	164.08	30.00	1	7	
2	135.48	164.08	140.28	158.94	7.03	0	
3	140.28	158.94	155.28	142.88	21.98	1	15	
4	155.28	142.88	195.11	100.26	58.33	0	
5	195.11	100.26	219.63	74.01	35.93	1	13	
6	219.63	74.01	230.03	62.88	15.22	0	
7	230.03	62.88	230.03	62.88	0.00	1	9	
8	230.03	62.88	243.00	49.00	19.00	2	9	10	

7	11	179.627	3
1	115.00	186.00	112.49	156.10	30.00	0	
2	112.49	156.10	103.26	45.86	110.63	0	
3	103.26	45.86	100.00	7.00	39.00	1	11	

7	12	68.469	7
1	115.00	186.00	141.29	189.09	26.47	1	7	
2	141.29	189.09	144.79	189.51	3.53	2	7	12	
3	144.79	189.51	154.09	190.60	9.36	1	12	
4	154.09	190.60	158.66	191.14	4.61	2	12	15	
5	158.66	191.14	170.14	192.49	11.56	3	2	12	15	
6	170.14	192.49	182.52	193.94	12.47	2	2	12	
7	182.52	193.94	183.00	194.00	0.48	3	1	2	12	

7	13	136.235	5
1	115.00	186.00	137.90	166.62	30.00	1	7	
2	137.90	166.62	139.03	165.66	1.48	0	
3	139.03	165.66	167.98	141.17	37.92	1	15	
4	167.98	141.17	200.68	113.50	42.83	0	
5	200.68	113.50	219.00	98.00	24.00	1	13	

7	14	126.621	6
1	115.00	186.00	135.61	207.80	30.00	1	7	
2	135.61	207.80	154.35	227.62	27.28	0	
3	154.35	227.62	176.58	251.12	32.34	1	1	
4	176.58	251.12	189.91	265.22	19.41	2	1	14	
5	189.91	265.22	198.11	273.88	11.93	3	1	3	14	
6	198.11	273.88	202.00	278.00	5.67	2	3	14	

7	15	53.488	5
1	115.00	186.00	140.70	176.24	27.49	1	7	
2	140.70	176.24	143.04	175.34	2.51	2	7	15	
3	143.04	175.34	145.94	174.24	3.09	1	15	
4	145.94	174.24	157.48	169.86	12.35	2	12	15	
5	157.48	169.86	165.00	167.00	8.05	3	2	12	15	

8	0	269.416	4
1	36.00	267.00	32.93	244.21	23.00	1	8	
2	32.93	244.21	17.23	127.81	117.45	0	
3	17.23	127.81	16.11	119.47	8.42	1	4	
4	16.11	119.47	0.00	0.00	120.55	0	

8	1	162.595	4
1	36.00	267.00	58.49	262.19	23.00	1	8	
2	58.49	262.19	154.91	241.57	98.59	0	
3	154.91	241.57	181.16	235.96	26.85	1	1	
4	181.16	235.96	195.00	233.00	14.15	2	1	12	

8	2	173.046	7
1	36.00	267.00	55.80	255.30	23.00	1	8	
2	55.80	255.30	125.68	214.03	81.15	0	
3	125.68	214.03	134.39	208.89	10.12	1	7	
4	134.39	208.89	142.27	204.24	9.14	0	
5	142.27	204.24	160.03	193.75	20.63	1	12	
6	160.03	193.75	161.66	192.78	1.89	2	2	12	
7	161.66	192.78	185.00	179.00	27.11	3	2	12	15	

8	3	172.003	4
1	36.00	267.00	58.60	271.28	23.00	1	8	
2	58.60	271.28	167.73	291.94	111.07	0	
3	167.73	291.94	168.65	292.12	0.93	1	14	
4	168.65	292.12	205.00	299.00	37.00	2	3	14	

8	4	144.682	3
1	36.00	267.00	32.50	244.27	23.00	1	8	
2	32.50	244.27	14.76	128.94	116.68	0	
3	14.76	128.94	14.00	124.00	5.00	1	4	

8	5	331.851	11
1	36.00	267.00	51.66	250.16	23.00	1	8	
2	51.66	250.16	92.69	206.05	60.23	0	
3	92.69	206.05	133.38	162.29	59.76	1	7	
4	133.38	162.29	195.09	95.95	90.61	0	
5	195.09	95.95	215.22	74.30	29.56	1	13	
6	215.22	74.30	227.96	60.60	18.70	0	
7	227.96	60.60	231.05	57.27	4.55	1	10	
8	231.05	57.27	243.78	43.59	18.68	2	9	10	
9	243.78	43.59	253.49	33.16	14.26	1	10	
10	253.49	33.16	257.91	28.39	6.50	0	
11	257.91	28.39	262.00	24.00	6.00	1	5	

8	6	247.976	8
1	36.00	267.00	53.25	251.79	23.00	1	8	
2	53.25	251.79	99.05	211.41	61.06	0	
3	99.05	211.41	140.28	175.05	54.97	1	7	
4	140.28	175.05	142.21	173.36	2.57	2	7	15	
5	142.21	173.36	176.09	143.48	45.17	1	15	
6	176.09	143.48	205.31	117.71	38.96	0	
7	205.31	117.71	219.00	105.65	18.25	1	13	
8	219.00	105.65	222.00	103.00	4.00	2	6	13	

8	7	113.146	3
1	36.00	267.00	52.06	250.53	23.00	1	8	
2	52.06	250.53	94.05	207.48	60.15	0	
3	94.05	207.48	115.00	186.00	30.00	1	7	

8	8	0	0

8	9	296.420	10
1	36.00	267.00	52.76	251.25	23.00	1	8	
2	52.76	251.25	96.81	209.85	60.45	0	
3	96.81	209.85	139.18	170.03	58.15	1	7	
4	139.18	170.03	139.94	169.32	1.04	2	7	15	
5	139.94	169.32	169.63	141.42	40.75	1	15	
6	169.63	141.42	200.09	112.78	41.81	0	
7	200.09	112.78	234.93	80.05	47.80	1	13	
8	234.93	80.05	235.97	79.07	1.43	0	
9	235.97	79.07	248.66	67.14	17.42	1	9	
10	248.66	67.14	252.00	64.00	4.58	2	9	10	

8	10	300.621	10
1	36.00	267.00	51.84	250.32	23.00	1	8	
2	51.84	250.32	93.27	206.69	60.17	0	
3	93.27	206.69	134.53	163.23	59.92	1	7	
4	134.53	163.23	141.48	155.91	10.09	0	
5	141.48	155.91	152.71	144.09	16.30	1	15	
6	152.71	144.09	195.05	99.50	61.49	0	
7	195.05	99.50	219.26	74.00	35.16	1	13	
8	219.26	74.00	229.92	62.78	15.48	0	
9	229.92	62.78	230.04	62.65	0.18	1	10	
10	230.04	62.65	243.00	49.00	18.82	2	9	10	

8	11	267.761	3
1	36.00	267.00	41.50	244.67	23.00	1	8	
2	41.50	244.67	90.68	44.87	205.76	0	
3	90.68	44.87	100.00	7.00	39.00	1	11	

8	12	164.128	5
1	36.00	267.00	56.60	256.77	23.00	1	8	
2	56.60	256.77	145.38	212.68	99.13	0	
3	145.38	212.68	167.16	201.87	24.32	1	12	
4	167.16	201.87	170.18	200.37	3.37	2	2	12	
5	170.18	200.37	183.00	194.00	14.31	3	1	2	12	

8	13	249.098	7
1	36.00	267.00	52.90	251.40	23.00	1	8	
2	52.90	251.40	97.40	210.30	60.58	0	
3	97.40	210.30	139.40	171.51	57.16	1	7	
4	139.40	171.51	140.62	170.39	1.66	2	7	15	
5	140.62	170.39	171.53	141.83	42.08	1	15	
6	171.53	141.83	201.37	114.28	40.61	0	
7	201.37	114.28	219.00	98.00	24.00	1	13	

8	14	166.364	4
1	36.00	267.00	58.95	268.52	23.00	1	8	
2	58.95	268.52	165.08	275.55	106.36	0	
3	165.08	275.55	175.81	276.26	10.75	1	14	
4	175.81	276.26	202.00	278.00	26.25	2	3	14	

8	15	163.221	7
1	36.00	267.00	54.18	252.91	23.00	1	8	
2	54.18	252.91	104.32	214.04	63.45	0	
3	104.32	214.04	142.02	184.82	47.69	1	7	
4	142.02	184.82	144.45	182.93	3.08	2	7	12	
5	144.45	182.93	144.81	182.65	0.46	3	7	12	15	
6	144.81	182.65	156.51	173.58	14.80	2	12	15	
7	156.51	173.58	165.00	167.00	10.74	3	2	12	15	

9	0	260.000	4
1	252.00	64.00	225.95	57.38	26.88	1	10	
2	225.95	57.38	129.23	32.82	99.79	0	
3	129.23	32.82	61.99	15.74	69.37	1	11	
4	61.99	15.74	0.00	0.00	63.96	0	

9	1	178.354	9
1	252.00	64.00	251.29	66.09	2.21	2	9	10	
2	251.29	66.09	244.97	84.85	19.79	1	9	
3	244.97	84.85	242.37	92.55	8.13	0	
4	242.37	92.55	234.29	116.50	25.27	1	13	
5	234.29	116.50	216.64	168.85	55.25	0	
6	216.64	168.85	213.92	176.89	8.49	1	12	
7	213.92	176.89	208.10	194.15	18.21	2	2	12	
8	208.10	194.15	206.74	198.19	4.27	3	1	2	12	
9	206.74	198.19	195.00	233.00	36.73	2	1	12	

9	2	133.094	8
1	252.00	64.00	250.59	66.42	2.80	2	9	10	
2	250.59	66.42	240.93	83.01	19.20	1	9	
3	240.93	83.01	239.48	85.49	2.87	0	
4	239.48	85.49	218.22	121.99	42.24	1	13	
5	218.22	121.99	199.60	153.94	36.98	0	
6	199.60	153.94	198.91	155.13	1.37	1	2	
7	198.91	155.13	190.94	168.81	15.83	2	2	12	
8	190.94	168.81	185.00	179.00	11.79	3	2	12	15	

9	3	239.654	7
1	252.00	64.00	251.61	65.94	1.97	2	9	10	
2	251.61	65.94	247.69	85.57	20.03	0	
3	247.69	85.57	224.00	204.01	120.79	0	
4	224.00	204.01	216.05	243.77	40.54	1	1	
5	216.05	243.77	212.26	262.72	19.32	2	1	14	
6	212.26	262.72	210.62	270.91	8.35	3	1	3	14	
7	210.62	270.91	205.00	299.00	28.65	2	3	14	

9	4	245.447	4
1	252.00	64.00	238.39	67.43	14.04	2	9	10	
2	238.39	67.43	230.67	69.38	7.96	1	9	
3	230.67	69.38	18.85	122.78	218.45	0	
4	18.85	122.78	14.00	124.00	5.00	1	4	

9	5	41.231	4
1	252.00	64.00	257.34	42.66	22.00	2	9	10	
2	257.34	42.66	258.50	38.01	4.79	1	10	
3	258.50	38.01	260.54	29.82	8.44	0	
4	260.54	29.82	262.00	24.00	6.00	1	5	

9	6	49.204	5
1	252.00	64.00	249.93	66.69	3.40	2	9	10	
2	249.93	66.69	238.59	81.44	18.60	1	9	
3	238.59	81.44	237.56	82.78	1.69	0	
4	237.56	82.78	224.44	99.83	21.51	1	13	
5	224.44	99.83	222.00	103.00	4.00	2	6	13	

9	7	183.448	8
1	252.00	64.00	248.38	67.22	4.84	2	9	10	
2	248.38	67.22	235.57	78.63	17.16	1	9	
3	235.57	78.63	234.45	79.63	1.50	0	
4	234.45	79.63	198.97	111.22	47.50	1	13	
5	198.97	111.22	165.53	141.01	44.78	0	
6	165.53	141.01	139.12	164.52	35.36	1	15	
7	139.12	164.52	137.40	166.05	2.30	0	
8	137.40	166.05	115.00	186.00	30.00	1	7	

9	8	296.420	10
1	252.00	64.00	248.66	67.14	4.58	2	9	10	
2	248.66	67.14	235.97	79.07	17.42	1	9	
3	235.97	79.07	234.93	80.05	1.43	0	
4	234.93	80.05	200.09	112.78	47.80	1	13	
5	200.09	112.78	169.63	141.42	41.81	0	
6	169.63	141.42	139.94	169.32	40.75	1	15	
7	139.94	169.32	139.18	170.03	1.04	2	7	15	
8	139.18	170.03	96.81	209.85	58.15	1	7	
9	96.81	209.85	52.76	251.25	60.45	0	
10	52.76	251.25	36.00	267.00	23.00	1	8	

9	9	0	0

9	10	17.493	1
1	252.00	64.00	243.00	49.00	17.49	2	9	10	

9	11	162.336	4
1	252.00	64.00	231.40	56.28	22.00	2	9	10	
2	231.40	56.28	224.60	53.72	7.27	1	10	
3	224.60	53.72	136.52	20.69	94.07	0	
4	136.52	20.69	100.00	7.00	39.00	1	11	

9	12	147.177	8
1	252.00	64.00	250.76	66.35	2.66	2	9	10	
2	250.76	66.35	241.69	83.43	19.34	1	9	
3	241.69	83.43	240.06	86.49	3.46	0	
4	240.06	86.49	221.27	121.89	40.08	1	13	
5	221.27	121.89	203.02	156.28	38.93	0	
6	203.02	156.28	202.69	156.90	0.70	1	2	
7	202.69	156.90	183.13	193.76	41.72	2	2	12	
8	183.13	193.76	183.00	194.00	0.28	3	1	2	12	

9	13	47.381	4
1	252.00	64.00	249.09	67.00	4.18	2	9	10	
2	249.09	67.00	236.68	79.79	17.82	1	9	
3	236.68	79.79	235.72	80.78	1.38	0	
4	235.72	80.78	219.00	98.00	24.00	1	13	

9	14	219.764	9
1	252.00	64.00	251.54	65.97	2.03	2	9	10	
2	251.54	65.97	246.99	85.42	19.97	1	9	
3	246.99	85.42	223.88	184.36	101.60	0	
4	223.88	184.36	220.09	200.57	16.65	1	12	
5	220.09	200.57	215.37	220.76	20.73	2	1	12	
6	215.37	220.76	210.42	241.97	21.79	1	1	
7	210.42	241.97	205.74	262.01	20.58	2	1	14	
8	205.74	262.01	203.12	273.19	11.48	2	3	14	
9	203.12	273.19	202.00	278.00	4.94	2	3	14	

9	15	134.826	10
1	252.00	64.00	249.63	66.81	3.67	2	9	10	
2	249.63	66.81	237.80	80.81	18.33	1	9	
3	237.80	80.81	236.84	81.95	1.49	0	
4	236.84	81.95	222.42	99.02	22.35	1	13	
5	222.42	99.02	218.15	104.08	6.62	2	6	13	
6	218.15	104.08	206.16	118.27	18.58	1	13	
7	206.16	118.27	181.78	147.14	37.78	0	
8	181.78	147.14	178.79	150.67	4.63	1	15	
9	178.79	150.67	177.35	152.38	2.24	2	2	15	
10	177.35	152.38	165.00	167.00	19.13	3	2	12	15	

10	0	247.891	5
1	243.00	49.00	237.10	47.81	6.02	2	9	10	
2	237.10	47.81	224.37	45.24	12.98	1	10	
3	224.37	45.24	133.53	26.93	92.68	0	
4	133.53	26.93	61.37	12.38	73.61	1	11	
5	61.37	12.38	0.00	0.00	62.61	0	

10	1	190.158	9
1	243.00	49.00	238.20	67.38	19.00	2	9	10	
2	238.20	67.38	235.34	78.37	11.35	1	9	
3	235.34	78.37	234.91	80.03	1.72	0	
4	234.91	80.03	224.10	121.45	42.81	1	13	
5	224.10	121.45	212.88	164.48	44.47	0	
6	212.88	164.48	211.91	168.19	3.83	1	12	
7	211.91	168.19	205.35	193.33	25.98	2	2	12	
8	205.35	193.33	203.20	201.58	8.53	3	1	2	12	
9	203.20	201.58	195.00	233.00	32.47	2	1	12	

10	2	142.352	10
1	243.00	49.00	235.26	66.35	19.00	2	9	10	
2	235.26	66.35	232.11	73.41	7.72	1	9	
3	232.11	73.41	230.53	76.95	3.88	0	
4	230.53	76.95	220.58	99.26	24.43	1	13	
5	220.58	99.26	218.27	104.44	5.67	2	6	13	
6	218.27	104.44	211.04	120.64	17.74	1	13	
7	211.04	120.64	196.82	152.52	34.90	0	
8	196.82	152.52	196.11	154.10	1.73	1	2	
9	196.11	154.10	190.96	165.63	12.63	2	2	12	
10	190.96	165.63	185.00	179.00	14.64	3	2	12	15	

10	3	252.872	11
1	243.00	49.00	240.14	67.78	19.00	2	9	10	
2	240.14	67.78	238.12	81.07	13.44	1	9	
3	238.12	81.07	237.82	83.10	2.05	0	
4	237.82	83.10	232.54	117.82	35.11	1	13	
5	232.54	117.82	222.94	181.00	63.91	0	
6	222.94	181.00	219.97	200.48	19.71	1	12	
7	219.97	200.48	217.27	218.28	18.00	2	1	12	
8	217.27	218.28	213.54	242.84	24.84	1	1	
9	213.54	242.84	210.56	262.42	19.80	2	1	14	
10	210.56	262.42	209.18	271.47	9.15	3	1	3	14	
11	209.18	271.47	205.00	299.00	27.85	2	3	14	

10	4	240.969	4
1	243.00	49.00	233.49	52.12	10.01	2	9	10	
2	233.49	52.12	224.94	54.91	8.99	1	10	
3	224.94	54.91	18.75	122.44	216.97	0	
4	18.75	122.44	14.00	124.00	5.00	1	4	

10	5	31.401	4
1	243.00	49.00	248.05	42.36	8.34	2	9	10	
2	248.05	42.36	254.50	33.87	10.66	1	10	
3	254.50	33.87	258.37	28.78	6.40	0	
4	258.37	28.78	262.00	24.00	6.00	1	5	

10	6	57.940	5
1	243.00	49.00	236.11	66.71	19.00	2	9	10	
2	236.11	66.71	232.91	74.94	8.83	1	9	
3	232.91	74.94	231.83	77.72	2.98	0	
4	231.83	77.72	223.45	99.27	23.13	1	13	
5	223.45	99.27	222.00	103.00	4.00	2	6	13	

10	7	187.491	8
1	243.00	49.00	230.03	62.88	19.00	2	9	10	
2	230.03	62.88	230.03	62.88	0.00	1	9	
3	230.03	62.88	219.63	74.01	15.22	0	
4	219.63	74.01	195.11	100.26	35.93	1	13	
5	195.11	100.26	155.28	142.88	58.33	0	
6	155.28	142.88	140.28	158.94	21.98	1	15	
7	140.28	158.94	135.48	164.08	7.03	0	
8	135.48	164.08	115.00	186.00	30.00	1	7	

10	8	300.621	10
1	243.00	49.00	230.04	62.65	18.82	2	9	10	
2	230.04	62.65	229.92	62.78	0.18	1	10	
3	229.92	62.78	219.26	74.00	15.48	0	
4	219.26	74.00	195.05	99.50	35.16	1	13	
5	195.05	99.50	152.71	144.09	61.49	0	
6	152.71	144.09	141.48	155.91	16.30	1	15	
7	141.48	155.91	134.53	163.23	10.09	0	
8	134.53	163.23	93.27	206.69	59.92	1	7	
9	93.27	206.69	51.84	250.32	60.17	0	
10	51.84	250.32	36.00	267.00	23.00	1	8	

10	9	17.493	1
1	243.00	49.00	252.00	64.00	17.49	2	9	10	

10	10	0	0

10	11	149.040	4
1	243.00	49.00	237.56	47.40	5.67	2	9	10	
2	237.56	47.40	224.77	43.65	13.33	1	10	
3	224.77	43.65	137.42	17.99	91.04	0	
4	137.42	17.99	100.00	7.00	39.00	1	11	

10	12	156.924	10
1	243.00	49.00	235.74	66.56	19.00	2	9	10	
2	235.74	66.56	232.54	74.27	8.35	1	9	
3	232.54	74.27	231.26	77.37	3.35	0	
4	231.26	77.37	222.31	99.01	23.42	1	13	
5	222.31	99.01	219.40	106.04	7.60	2	6	13	
6	219.40	106.04	213.10	121.26	16.48	1	13	
7	213.10	121.26	199.58	153.93	35.36	0	
8	199.58	153.93	199.06	155.19	1.36	1	2	
9	199.06	155.19	183.10	193.77	41.75	2	2	12	
10	183.10	193.77	183.00	194.00	0.25	3	1	2	12	

10	13	54.562	4
1	243.00	49.00	234.64	66.06	19.00	2	9	10	
2	234.64	66.06	231.61	72.26	6.90	1	9	
3	231.61	72.26	229.56	76.45	4.66	0	
4	229.56	76.45	219.00	98.00	24.00	1	13	

10	14	232.641	11
1	243.00	49.00	239.65	67.70	19.00	2	9	10	
2	239.65	67.70	237.37	80.43	12.93	1	9	
3	237.37	80.43	237.06	82.19	1.79	0	
4	237.06	82.19	230.45	119.09	37.49	1	13	
5	230.45	119.09	220.45	174.98	56.77	0	
6	220.45	174.98	216.33	197.98	23.37	1	12	
7	216.33	197.98	211.52	224.83	27.28	2	1	12	
8	211.52	224.83	208.52	241.58	17.01	1	1	
9	208.52	241.58	204.86	262.00	20.75	1	1	
10	204.86	262.00	202.85	273.24	11.42	2	3	14	
11	202.85	273.24	202.00	278.00	4.83	2	3	14	

10	15	141.450	8
1	243.00	49.00	232.52	64.85	19.00	2	9	10	
2	232.52	64.85	230.38	68.09	3.88	1	9	
3	230.38	68.09	225.82	74.99	8.27	0	
4	225.82	74.99	200.50	113.29	45.91	1	13	
5	200.50	113.29	179.34	145.31	38.38	0	
6	179.34	145.31	175.08	151.75	7.72	1	15	
7	175.08	151.75	174.32	152.91	1.39	2	2	15	
8	174.32	152.91	165.00	167.00	16.89	3	2	12	15	

11	0	100.245	2
1	100.00	7.00	61.10	4.28	39.00	1	11	
2	61.10	4.28	0.00	0.00	61.24	0	

11	1	245.155	8
1	100.00	7.00	115.11	42.95	39.00	1	11	
2	115.11	42.95	156.87	142.30	107.77	0	
3	156.87	142.30	163.07	157.03	15.98	1	15	
4	163.07	157.03	163.93	159.08	2.22	1	15	
5	163.93	159.08	176.96	190.09	33.64	3	2	12	15	
6	176.96	190.09	179.11	195.20	5.55	2	2	12	
7	179.11	195.20	184.49	208.00	13.88	3	1	2	12	
8	184.49	208.00	195.00	233.00	27.12	2	1	12	

11	2	191.857	5
1	100.00	7.00	117.28	41.96	39.00	1	11	
2	117.28	41.96	166.24	141.03	110.50	0	
3	166.24	141.03	172.15	153.00	13.35	1	15	
4	172.15	153.00	172.34	153.38	0.42	2	2	15	
5	172.34	153.38	185.00	179.00	28.58	3	2	12	15	

11	3	310.305	12
1	100.00	7.00	113.20	43.70	39.00	1	11	
2	113.20	43.70	149.92	145.82	108.52	0	
3	149.92	145.82	155.75	162.04	17.24	1	15	
4	155.75	162.04	158.02	168.36	6.72	2	12	15	
5	158.02	168.36	166.86	192.93	26.12	3	2	12	15	
6	166.86	192.93	169.67	200.76	8.31	2	2	12	
7	169.67	200.76	170.98	204.38	3.85	3	1	2	12	
8	170.98	204.38	182.34	235.99	33.59	2	1	12	
9	182.34	235.99	185.53	244.87	9.43	1	1	
10	185.53	244.87	192.48	264.18	20.53	2	1	14	
11	192.48	264.18	196.01	273.99	10.42	3	1	3	14	
12	196.01	273.99	205.00	299.00	26.58	2	3	14	

11	4	145.207	3
1	100.00	7.00	76.90	38.42	39.00	1	11	
2	76.90	38.42	16.96	119.97	101.21	0	
3	16.96	119.97	14.00	124.00	5.00	1	4	

11	5	162.890	3
1	100.00	7.00	138.79	11.07	39.00	1	11	
2	138.79	11.07	256.03	23.37	117.89	0	
3	256.03	23.37	262.00	24.00	6.00	1	5	

11	6	155.242	4
1	100.00	7.00	130.65	31.12	39.00	1	11	
2	130.65	31.12	198.93	84.84	86.88	0	
3	198.93	84.84	218.86	100.53	25.36	1	13	
4	218.86	100.53	222.00	103.00	4.00	2	6	13	

11	7	179.627	3
1	100.00	7.00	103.26	45.86	39.00	1	11	
2	103.26	45.86	112.49	156.10	110.63	0	
3	112.49	156.10	115.00	186.00	30.00	0	

11	8	267.761	3
1	100.00	7.00	90.68	44.87	39.00	1	11	
2	90.68	44.87	41.50	244.67	205.76	0	
3	41.50	244.67	36.00	267.00	23.00	1	8	

11	9	162.336	4
1	100.00	7.00	136.52	20.69	39.00	1	11	
2	136.52	20.69	224.60	53.72	94.07	0	
3	224.60	53.72	231.40	56.28	7.27	1	10	
4	231.40	56.28	252.00	64.00	22.00	2	9	10	

11	10	149.040	4
1	100.00	7.00	137.42	17.99	39.00	1	11	
2	137.42	17.99	224.77	43.65	91.04	0	
3	224.77	43.65	237.56	47.40	13.33	1	10	
4	237.56	47.40	243.00	49.00	5.67	2	9	10	

11	11	0	0

11	12	204.592	7
1	100.00	7.00	115.82	42.65	39.00	1	11	
2	115.82	42.65	159.72	141.54	108.20	0	
3	159.72	141.54	165.96	155.61	15.39	1	15	
4	165.96	155.61	166.45	156.71	1.20	2	12	15	
5	166.45	156.71	180.34	188.00	34.23	3	2	12	15	
6	180.34	188.00	182.92	193.82	6.37	2	2	12	
7	182.92	193.82	183.00	194.00	0.20	3	1	2	12	

11	13	149.807	3
1	100.00	7.00	130.98	30.69	39.00	1	11	
2	130.98	30.69	199.94	83.42	86.81	0	
3	199.94	83.42	219.00	98.00	24.00	1	13	

11	14	289.560	12
1	100.00	7.00	113.74	43.50	39.00	1	11	
2	113.74	43.50	151.79	144.60	108.03	0	
3	151.79	144.60	157.75	160.44	16.92	1	15	
4	157.75	160.44	159.52	165.15	5.03	2	12	15	
5	159.52	165.15	169.84	192.55	29.28	3	2	12	15	
6	169.84	192.55	172.23	198.90	6.79	2	2	12	
7	172.23	198.90	174.98	206.21	7.81	3	1	2	12	
8	174.98	206.21	186.15	235.88	31.70	2	1	12	
9	186.15	235.88	188.97	243.37	8.00	1	1	
10	188.97	243.37	196.36	263.02	21.00	2	1	14	
11	196.36	263.02	200.36	273.65	11.35	3	1	3	14	
12	200.36	273.65	202.00	278.00	4.65	2	3	14	

11	15	172.699	5
1	100.00	7.00	114.68	43.13	39.00	1	11	
2	114.68	43.13	155.21	142.91	107.70	0	
3	155.21	142.91	161.35	158.01	16.30	1	15	
4	161.35	158.01	162.46	160.75	2.96	2	12	15	
5	162.46	160.75	165.00	167.00	6.74	3	2	12	15	

12	0	266.693	6
1	183.00	194.00	182.85	193.84	0.22	3	1	2	12	
2	182.85	193.84	178.49	189.22	6.35	2	2	12	
3	178.49	189.22	158.26	167.77	29.49	3	2	12	15	
4	158.26	167.77	154.18	163.45	5.95	2	12	15	
5	154.18	163.45	143.60	152.23	15.42	1	15	
6	143.60	152.23	0.00	0.00	209.27	0	

12	1	40.804	2
1	183.00	194.00	187.28	207.91	14.55	3	1	2	12	
2	187.28	207.91	195.00	233.00	26.25	2	1	12	

12	2	15.133	3
1	183.00	194.00	183.03	193.79	0.21	3	1	2	12	
2	183.03	193.79	184.27	184.45	9.42	2	2	12	
3	184.27	184.45	185.00	179.00	5.50	3	2	12	15	

12	3	107.280	6
1	183.00	194.00	185.93	207.99	14.29	3	1	2	12	
2	185.93	207.99	191.61	235.11	27.71	1	1	
3	191.61	235.11	193.08	242.09	7.14	1	1	
4	193.08	242.09	197.41	262.79	21.14	2	1	14	
5	197.41	262.79	199.71	273.73	11.18	3	1	3	14	
6	199.71	273.73	205.00	299.00	25.82	2	3	14	

12	4	182.923	9
1	183.00	194.00	182.72	193.88	0.31	3	1	2	12	
2	182.72	193.88	175.37	190.84	7.95	2	2	12	
3	175.37	190.84	156.27	182.93	20.68	3	2	12	15	
4	156.27	182.93	144.20	177.93	13.06	2	12	15	
5	144.20	177.93	143.85	177.79	0.37	1	15	
6	143.85	177.79	140.81	176.52	3.30	2	7	15	
7	140.81	176.52	100.41	159.79	43.73	1	7	
8	100.41	159.79	18.62	125.91	88.52	0	
9	18.62	125.91	14.00	124.00	5.00	1	4	

12	5	187.459	13
1	183.00	194.00	183.11	193.76	0.26	3	1	2	12	
2	183.11	193.76	200.70	155.91	41.74	2	2	12	
3	200.70	155.91	201.16	154.92	1.09	1	2	
4	201.16	154.92	216.52	121.87	36.44	0	
5	216.52	121.87	223.58	106.67	16.76	1	13	
6	223.58	106.67	225.83	101.84	5.33	2	6	13	
7	225.83	101.84	235.65	80.71	23.30	1	13	
8	235.65	80.71	236.27	79.38	1.47	0	
9	236.27	79.38	241.58	67.95	12.60	1	9	
10	241.58	67.95	253.61	42.06	28.55	2	9	10	
11	253.61	42.06	256.56	35.70	7.02	1	10	
12	256.56	35.70	259.47	29.44	6.90	0	
13	259.47	29.44	262.00	24.00	6.00	1	5	

12	6	99.005	6
1	183.00	194.00	183.10	193.76	0.26	3	1	2	12	
2	183.10	193.76	199.54	155.40	41.74	2	2	12	
3	199.54	155.40	200.05	154.21	1.29	1	2	
4	200.05	154.21	214.08	121.49	35.60	0	
5	214.08	121.49	220.42	106.68	16.12	1	13	
6	220.42	106.68	222.00	103.00	4.00	2	6	13	

12	7	68.469	7
1	183.00	194.00	182.52	193.94	0.48	3	1	2	12	
2	182.52	193.94	170.14	192.49	12.47	2	2	12	
3	170.14	192.49	158.66	191.14	11.56	3	2	12	15	
4	158.66	191.14	154.09	190.60	4.61	2	12	15	
5	154.09	190.60	144.79	189.51	9.36	1	12	
6	144.79	189.51	141.29	189.09	3.53	2	7	12	
7	141.29	189.09	115.00	186.00	26.47	1	7	

12	8	164.128	5
1	183.00	194.00	170.18	200.37	14.31	3	1	2	12	
2	170.18	200.37	167.16	201.87	3.37	2	2	12	
3	167.16	201.87	145.38	212.68	24.32	1	12	
4	145.38	212.68	56.60	256.77	99.13	0	
5	56.60	256.77	36.00	267.00	23.00	1	8	

12	9	147.177	8
1	183.00	194.00	183.13	193.76	0.28	3	1	2	12	
2	183.13	193.76	202.69	156.90	41.72	2	2	12	
3	202.69	156.90	203.02	156.28	0.70	1	2	
4	203.02	156.28	221.27	121.89	38.93	0	
5	221.27	121.89	240.06	86.49	40.08	1	13	
6	240.06	86.49	241.69	83.43	3.46	0	
7	241.69	83.43	250.76	66.35	19.34	1	9	
8	250.76	66.35	252.00	64.00	2.66	2	9	10	

12	10	156.924	10
1	183.00	194.00	183.10	193.77	0.25	3	1	2	12	
2	183.10	193.77	199.06	155.19	41.75	2	2	12	
3	199.06	155.19	199.58	153.93	1.36	1	2	
4	199.58	153.93	213.10	121.26	35.36	0	
5	213.10	121.26	219.40	106.04	16.48	1	13	
6	219.40	106.04	222.31	99.01	7.60	2	6	13	
7	222.31	99.01	231.26	77.37	23.42	1	13	
8	231.26	77.37	232.54	74.27	3.35	0	
9	232.54	74.27	235.74	66.56	8.35	1	9	
10	235.74	66.56	243.00	49.00	19.00	2	9	10	

12	11	204.592	7
1	183.00	194.00	182.92	193.82	0.20	3	1	2	12	
2	182.92	193.82	180.34	188.00	6.37	2	2	12	
3	180.34	188.00	166.45	156.71	34.23	3	2	12	15	
4	166.45	156.71	165.96	155.61	1.20	2	12	15	
5	165.96	155.61	159.72	141.54	15.39	1	15	
6	159.72	141.54	115.82	42.65	108.20	0	
7	115.82	42.65	100.00	7.00	39.00	1	11	

12	12	0	0

12	13	102.528	5
1	183.00	194.00	183.09	193.77	0.25	3	1	2	12	
2	183.09	193.77	197.75	154.67	41.75	2	2	12	
3	197.75	154.67	198.29	153.22	1.55	1	2	
4	198.29	153.22	210.57	120.47	34.98	0	
5	210.57	120.47	219.00	98.00	24.00	1	13	

12	14	86.122	6
1	183.00	194.00	186.16	207.98	14.33	3	1	2	12	
2	186.16	207.98	192.27	234.97	27.67	2	1	12	
3	192.27	234.97	193.84	241.91	7.12	1	1	
4	193.84	241.91	198.51	262.57	21.18	2	1	14	
5	198.51	262.57	201.00	273.56	11.26	3	1	3	14	
6	201.00	273.56	202.00	278.00	4.55	2	3	14	

12	15	32.450	3
1	183.00	194.00	182.89	193.83	0.20	3	1	2	12	
2	182.89	193.83	179.42	188.63	6.25	2	2	12	
3	179.42	188.63	165.00	167.00	26.00	3	2	12	15	

13	0	239.927	4
1	219.00	98.00	197.09	88.20	24.00	1	13	
2	197.09	88.20	102.60	45.91	103.52	0	
3	102.60	45.91	69.25	30.99	36.54	1	11	
4	69.25	30.99	0.00	0.00	75.87	0	

13	1	137.117	8
1	219.00	98.00	218.43	101.19	3.24	1	13	
2	218.43	101.19	218.03	103.47	2.32	2	6	13	
3	218.03	103.47	214.80	121.63	18.44	1	13	
4	214.80	121.63	207.94	160.21	39.18	0	
5	207.94	160.21	207.79	161.06	0.87	1	12	
6	207.79	161.06	202.18	192.63	32.06	2	2	12	
7	202.18	192.63	200.21	203.69	11.23	2	2	12	
8	200.21	203.69	195.00	233.00	29.77	2	1	12	

13	2	87.846	5
1	219.00	98.00	209.71	120.13	24.00	1	13	
2	209.71	120.13	196.22	152.26	34.85	0	
3	196.22	152.26	195.53	153.91	1.79	1	2	
4	195.53	153.91	190.92	164.91	11.92	1	2	
5	190.92	164.91	185.00	179.00	15.28	3	2	12	15	

13	3	201.487	12
1	219.00	98.00	218.82	100.57	2.58	1	13	
2	218.82	100.57	218.51	104.96	4.40	2	6	13	
3	218.51	104.96	217.33	121.94	17.02	1	13	
4	217.33	121.94	214.27	165.96	44.12	0	
5	214.27	165.96	213.66	174.60	8.67	0	
6	213.66	174.60	212.78	187.33	12.76	2	2	12	
7	212.78	187.33	212.19	195.78	8.47	1	12	
8	212.19	195.78	210.08	226.11	30.40	2	1	12	
9	210.08	226.11	208.99	241.67	15.60	1	1	
10	208.99	241.67	207.57	262.09	20.47	2	1	14	
11	207.57	262.09	206.86	272.25	10.18	2	1	14	
12	206.86	272.25	205.00	299.00	26.82	2	3	14	

13	4	206.642	3
1	219.00	98.00	195.19	101.02	24.00	1	13	
2	195.19	101.02	18.96	123.37	177.64	0	
3	18.96	123.37	14.00	124.00	5.00	1	4	

13	5	85.586	7
1	219.00	98.00	231.06	77.25	24.00	1	13	
2	231.06	77.25	232.66	74.49	3.19	0	
3	232.66	74.49	237.00	67.03	8.63	1	9	
4	237.00	67.03	251.54	42.00	28.94	2	9	10	
5	251.54	42.00	255.69	34.86	8.26	1	10	
6	255.69	34.86	258.99	29.19	6.56	0	
7	258.99	29.19	262.00	24.00	6.00	1	5	

13	6	5.831	2
1	219.00	98.00	219.94	99.57	1.83	1	13	
2	219.94	99.57	222.00	103.00	4.00	2	6	13	

13	7	136.235	5
1	219.00	98.00	200.68	113.50	24.00	1	13	
2	200.68	113.50	167.98	141.17	42.83	0	
3	167.98	141.17	139.03	165.66	37.92	1	15	
4	139.03	165.66	137.90	166.62	1.48	0	
5	137.90	166.62	115.00	186.00	30.00	1	7	

13	8	249.098	7
1	219.00	98.00	201.37	114.28	24.00	1	13	
2	201.37	114.28	171.53	141.83	40.61	0	
3	171.53	141.83	140.62	170.39	42.08	1	15	
4	140.62	170.39	139.40	171.51	1.66	2	7	15	
5	139.40	171.51	97.40	210.30	57.16	1	7	
6	97.40	210.30	52.90	251.40	60.58	0	
7	52.90	251.40	36.00	267.00	23.00	1	8	

13	9	47.381	4
1	219.00	98.00	235.72	80.78	24.00	1	13	
2	235.72	80.78	236.68	79.79	1.38	0	
3	236.68	79.79	249.09	67.00	17.82	1	9	
4	249.09	67.00	252.00	64.00	4.18	2	9	10	

13	10	54.562	4
1	219.00	98.00	229.56	76.45	24.00	1	13	
2	229.56	76.45	231.61	72.26	4.66	0	
3	231.61	72.26	234.64	66.06	6.90	1	9	
4	234.64	66.06	243.00	49.00	19.00	2	9	10	

13	11	149.807	3
1	219.00	98.00	199.94	83.42	24.00	1	13	
2	199.94	83.42	130.98	30.69	86.81	0	
3	130.98	30.69	100.00	7.00	39.00	1	11	

13	12	102.528	5
1	219.00	98.00	210.57	120.47	24.00	1	13	
2	210.57	120.47	198.29	153.22	34.98	0	
3	198.29	153.22	197.75	154.67	1.55	1	2	
4	197.75	154.67	183.09	193.77	41.75	2	2	12	
5	183.09	193.77	183.00	194.00	0.25	3	1	2	12	

13	13	0	0

13	14	180.801	12
1	219.00	98.00	218.75	100.67	2.68	1	13	
2	218.75	100.67	218.37	104.68	4.03	2	6	13	
3	218.37	104.68	216.74	121.89	17.29	1	13	
4	216.74	121.89	212.73	164.34	42.63	0	
5	212.73	164.34	212.28	169.16	4.84	0	
6	212.28	169.16	209.95	193.77	24.72	2	2	12	
7	209.95	193.77	209.86	194.79	1.02	1	12	
8	209.86	194.79	206.66	228.70	34.07	1	12	
9	206.66	228.70	205.48	241.16	12.51	1	1	
10	205.48	241.16	203.51	262.03	20.96	1	1	
11	203.51	262.03	202.44	273.32	11.34	2	1	14	
12	202.44	273.32	202.00	278.00	4.70	2	3	14	

13	15	87.618	5
1	219.00	98.00	204.21	116.90	24.00	1	13	
2	204.21	116.90	181.02	146.52	37.62	0	
3	181.02	146.52	177.54	150.98	5.65	1	15	
4	177.54	150.98	176.32	152.53	1.98	2	2	15	
5	176.32	152.53	165.00	167.00	18.37	3	2	12	15	

14	0	343.639	9
1	202.00	278.00	198.95	273.81	5.18	2	3	14	
2	198.95	273.81	192.07	264.33	11.71	3	1	3	14	
3	192.07	264.33	180.25	248.07	20.11	2	1	14	
4	180.25	248.07	169.98	233.93	17.48	1	1	
5	169.98	233.93	157.41	216.63	21.38	2	1	12	
6	157.41	216.63	142.99	196.79	24.53	1	12	
7	142.99	196.79	141.00	194.05	3.39	2	7	12	
8	141.00	194.05	113.38	156.04	46.98	1	7	
9	113.38	156.04	0.00	0.00	192.89	0	

14	1	45.541	5
1	202.00	278.00	201.30	273.51	4.54	2	3	14	
2	201.30	273.51	199.57	262.40	11.25	2	3	14	
3	199.57	262.40	196.31	241.44	21.21	1	1	
4	196.31	241.44	195.19	234.19	7.33	1	1	
5	195.19	234.19	195.00	233.00	1.21	2	1	12	

14	2	100.449	8
1	202.00	278.00	201.23	273.52	4.54	2	3	14	
2	201.23	273.52	199.33	262.44	11.25	2	1	14	
3	199.33	262.44	195.74	241.53	21.21	2	1	14	
4	195.74	241.53	194.51	234.39	7.25	1	1	
5	194.51	234.39	189.91	207.58	27.20	2	1	12	
6	189.91	207.58	187.36	192.72	15.08	2	1	12	
7	187.36	192.72	185.65	182.80	10.07	2	2	12	
8	185.65	182.80	185.00	179.00	3.85	3	2	12	15	

14	3	21.213	1
1	202.00	278.00	205.00	299.00	21.21	2	3	14	

14	4	243.023	8
1	202.00	278.00	197.05	273.95	6.39	2	3	14	
2	197.05	273.95	187.71	266.29	12.08	3	1	3	14	
3	187.71	266.29	173.38	254.55	18.52	2	1	14	
4	173.38	254.55	154.45	239.05	24.47	1	1	
5	154.45	239.05	124.45	214.47	38.78	0	
6	124.45	214.47	85.22	182.34	50.70	1	7	
7	85.22	182.34	17.87	127.17	87.07	0	
8	17.87	127.17	14.00	124.00	5.00	1	4	

14	5	260.990	12
1	202.00	278.00	203.14	273.18	4.95	2	3	14	
2	203.14	273.18	205.78	262.01	11.48	3	1	3	14	
3	205.78	262.01	210.51	241.99	20.57	1	1	
4	210.51	241.99	215.58	220.50	22.08	1	1	
5	215.58	220.50	220.26	200.70	20.34	1	12	
6	220.26	200.70	224.00	184.88	16.26	1	12	
7	224.00	184.88	247.47	85.53	102.08	0	
8	247.47	85.53	252.16	65.64	20.43	1	9	
9	252.16	65.64	257.58	42.72	23.56	2	9	10	
10	257.58	42.72	258.64	38.21	4.63	1	10	
11	258.64	38.21	260.62	29.84	8.61	0	
12	260.62	29.84	262.00	24.00	6.00	1	5	

14	6	176.139	11
1	202.00	278.00	202.54	273.30	4.73	2	3	14	
2	202.54	273.30	203.83	262.02	11.36	3	1	3	14	
3	203.83	262.02	206.20	241.24	20.91	2	1	14	
4	206.20	241.24	207.72	227.96	13.37	1	1	
5	207.72	227.96	211.44	195.44	32.73	1	1	
6	211.44	195.44	212.15	189.19	6.29	1	12	
7	212.15	189.19	213.75	175.19	14.09	2	2	12	
8	213.75	175.19	214.74	166.50	8.75	1	12	
9	214.74	166.50	219.83	121.99	44.80	0	
10	219.83	121.99	221.55	106.97	15.11	1	13	
11	221.55	106.97	222.00	103.00	4.00	2	6	13	

14	7	126.621	6
1	202.00	278.00	198.11	273.88	5.67	2	3	14	
2	198.11	273.88	189.91	265.22	11.93	3	1	3	14	
3	189.91	265.22	176.58	251.12	19.41	2	1	14	
4	176.58	251.12	154.35	227.62	32.34	1	1	
5	154.35	227.62	135.61	207.80	27.28	0	
6	135.61	207.80	115.00	186.00	30.00	1	7	

14	8	166.364	4
1	202.00	278.00	175.81	276.26	26.25	2	3	14	
2	175.81	276.26	165.08	275.55	10.75	1	14	
3	165.08	275.55	58.95	268.52	106.36	0	
4	58.95	268.52	36.00	267.00	23.00	1	8	

14	9	219.764	9
1	202.00	278.00	203.12	273.19	4.94	2	3	14	
2	203.12	273.19	205.74	262.01	11.48	2	3	14	
3	205.74	262.01	210.42	241.97	20.58	2	1	14	
4	210.42	241.97	215.37	220.76	21.79	1	1	
5	215.37	220.76	220.09	200.57	20.73	2	1	12	
6	220.09	200.57	223.88	184.36	16.65	1	12	
7	223.88	184.36	246.99	85.42	101.60	0	
8	246.99	85.42	251.54	65.97	19.97	1	9	
9	251.54	65.97	252.00	64.00	2.03	2	9	10	

14	10	232.641	11
1	202.00	278.00	202.85	273.24	4.83	2	3	14	
2	202.85	273.24	204.86	262.00	11.42	2	3	14	
3	204.86	262.00	208.52	241.58	20.75	1	1	
4	208.52	241.58	211.52	224.83	17.01	1	1	
5	211.52	224.83	216.33	197.98	27.28	2	1	12	
6	216.33	197.98	220.45	174.98	23.37	1	12	
7	220.45	174.98	230.45	119.09	56.77	0	
8	230.45	119.09	237.06	82.19	37.49	1	13	
9	237.06	82.19	237.37	80.43	1.79	0	
10	237.37	80.43	239.65	67.70	12.93	1	9	
11	239.65	67.70	243.00	49.00	19.00	2	9	10	

14	11	289.560	12
1	202.00	278.00	200.36	273.65	4.65	2	3	14	
2	200.36	273.65	196.36	263.02	11.35	3	1	3	14	
3	196.36	263.02	188.97	243.37	21.00	2	1	14	
4	188.97	243.37	186.15	235.88	8.00	1	1	
5	186.15	235.88	174.98	206.21	31.70	2	1	12	
6	174.98	206.21	172.23	198.90	7.81	3	1	2	12	
7	172.23	198.90	169.84	192.55	6.79	2	2	12	
8	169.84	192.55	159.52	165.15	29.28	3	2	12	15	
9	159.52	165.15	157.75	160.44	5.03	2	12	15	
10	157.75	160.44	151.79	144.60	16.92	1	15	
11	151.79	144.60	113.74	43.50	108.03	0	
12	113.74	43.50	100.00	7.00	39.00	1	11	

14	12	86.122	6
1	202.00	278.00	201.00	273.56	4.55	2	3	14	
2	201.00	273.56	198.51	262.57	11.26	3	1	3	14	
3	198.51	262.57	193.84	241.91	21.18	2	1	14	
4	193.84	241.91	192.27	234.97	7.12	1	1	
5	192.27	234.97	186.16	207.98	27.67	2	1	12	
6	186.16	207.98	183.00	194.00	14.33	3	1	2	12	

14	13	180.801	12
1	202.00	278.00	202.44	273.32	4.70	2	3	14	
2	202.44	273.32	203.51	262.03	11.34	2	1	14	
3	203.51	262.03	205.48	241.16	20.96	1	1	
4	205.48	241.16	206.66	228.70	12.51	1	1	
5	206.66	228.70	209.86	194.79	34.07	1	12	
6	209.86	194.79	209.95	193.77	1.02	1	12	
7	209.95	193.77	212.28	169.16	24.72	2	2	12	
8	212.28	169.16	212.73	164.34	4.84	0	
9	212.73	164.34	216.74	121.89	42.63	0	
10	216.74	121.89	218.37	104.68	17.29	1	13	
11	218.37	104.68	218.75	100.67	4.03	2	6	13	
12	218.75	100.67	219.00	98.00	2.68	1	13	

14	14	0	0

14	15	117.004	8
1	202.00	278.00	200.54	273.62	4.61	2	3	14	
2	200.54	273.62	196.96	262.88	11.32	3	1	3	14	
3	196.96	262.88	190.30	242.90	21.07	2	1	14	
4	190.30	242.90	187.90	235.71	7.57	1	1	
5	187.90	235.71	178.41	207.24	30.01	2	1	12	
6	178.41	207.24	175.06	197.18	10.61	3	1	2	12	
7	175.06	197.18	173.22	191.67	5.81	2	2	12	
8	173.22	191.67	165.00	167.00	26.00	3	2	12	15	

15	0	234.764	4
1	165.00	167.00	160.91	162.86	5.82	3	2	12	15	
2	160.91	162.86	158.19	160.11	3.86	2	12	15	
3	158.19	160.11	146.73	148.50	16.31	1	15	
4	146.73	148.50	0.00	0.00	208.76	0	

15	1	72.498	4
1	165.00	167.00	175.76	190.67	26.00	3	2	12	15	
2	175.76	190.67	178.03	195.68	5.50	2	2	12	
3	178.03	195.68	183.62	207.97	13.50	3	1	2	12	
4	183.62	207.97	195.00	233.00	27.50	2	1	12	

15	2	23.324	1
1	165.00	167.00	185.00	179.00	23.32	3	2	12	15	

15	3	137.928	8
1	165.00	167.00	172.54	191.88	26.00	3	2	12	15	
2	172.54	191.88	174.28	197.62	6.00	2	2	12	
3	174.28	197.62	177.09	206.90	9.70	3	1	2	12	
4	177.09	206.90	185.88	235.90	30.30	1	1	
5	185.88	235.90	188.23	243.66	8.10	1	1	
6	188.23	243.66	194.27	263.59	20.83	2	1	14	
7	194.27	263.59	197.40	273.93	10.80	3	1	3	14	
8	197.40	273.93	205.00	299.00	26.20	2	3	14	

15	4	157.003	5
1	165.00	167.00	159.39	165.40	5.84	3	2	12	15	
2	159.39	165.40	153.80	163.81	5.81	2	12	15	
3	153.80	163.81	139.99	159.88	14.36	1	15	
4	139.99	159.88	18.81	125.37	126.00	0	
5	18.81	125.37	14.00	124.00	5.00	1	4	

15	5	172.795	11
1	165.00	167.00	174.60	152.85	17.10	3	2	12	15	
2	174.60	152.85	175.43	151.62	1.48	2	2	15	
3	175.43	151.62	179.60	145.48	7.42	1	15	
4	179.60	145.48	201.02	113.90	38.17	0	
5	201.02	113.90	227.12	75.42	46.50	1	13	
6	227.12	75.42	230.82	69.96	6.59	0	
7	230.82	69.96	233.77	65.61	5.26	1	9	
8	233.77	65.61	249.71	42.12	28.38	2	9	10	
9	249.71	42.12	255.02	34.29	9.46	1	10	
10	255.02	34.29	258.63	28.97	6.43	0	
11	258.63	28.97	262.00	24.00	6.00	1	5	

15	6	85.703	6
1	165.00	167.00	178.10	152.29	19.70	3	2	12	15	
2	178.10	152.29	179.71	150.49	2.41	2	2	15	
3	179.71	150.49	182.29	147.58	3.89	1	15	
4	182.29	147.58	207.63	119.14	38.10	0	
5	207.63	119.14	219.34	105.99	17.61	1	13	
6	219.34	105.99	222.00	103.00	4.00	2	6	13	

15	7	53.488	5
1	165.00	167.00	157.48	169.86	8.05	3	2	12	15	
2	157.48	169.86	145.94	174.24	12.35	2	12	15	
3	145.94	174.24	143.04	175.34	3.09	1	15	
4	143.04	175.34	140.70	176.24	2.51	2	7	15	
5	140.70	176.24	115.00	186.00	27.49	1	7	

15	8	163.221	7
1	165.00	167.00	156.51	173.58	10.74	3	2	12	15	
2	156.51	173.58	144.81	182.65	14.80	2	12	15	
3	144.81	182.65	144.45	182.93	0.46	3	7	12	15	
4	144.45	182.93	142.02	184.82	3.08	2	7	12	
5	142.02	184.82	104.32	214.04	47.69	1	7	
6	104.32	214.04	54.18	252.91	63.45	0	
7	54.18	252.91	36.00	267.00	23.00	1	8	

15	9	134.826	10
1	165.00	167.00	177.35	152.38	19.13	3	2	12	15	
2	177.35	152.38	178.79	150.67	2.24	2	2	15	
3	178.79	150.67	181.78	147.14	4.63	1	15	
4	181.78	147.14	206.16	118.27	37.78	0	
5	206.16	118.27	218.15	104.08	18.58	1	13	
6	218.15	104.08	222.42	99.02	6.62	2	6	13	
7	222.42	99.02	236.84	81.95	22.35	1	13	
8	236.84	81.95	237.80	80.81	1.49	0	
9	237.80	80.81	249.63	66.81	18.33	1	9	
10	249.63	66.81	252.00	64.00	3.67	2	9	10	

15	10	141.450	8
1	165.00	167.00	174.32	152.91	16.89	3	2	12	15	
2	174.32	152.91	175.08	151.75	1.39	2	2	15	
3	175.08	151.75	179.34	145.31	7.72	1	15	
4	179.34	145.31	200.50	113.29	38.38	0	
5	200.50	113.29	225.82	74.99	45.91	1	13	
6	225.82	74.99	230.38	68.09	8.27	0	
7	230.38	68.09	232.52	64.85	3.88	1	9	
8	232.52	64.85	243.00	49.00	19.00	2	9	10	

15	11	172.699	5
1	165.00	167.00	162.46	160.75	6.74	3	2	12	15	
2	162.46	160.75	161.35	158.01	2.96	2	12	15	
3	161.35	158.01	155.21	142.91	16.30	1	15	
4	155.21	142.91	114.68	43.13	107.70	0	
5	114.68	43.13	100.00	7.00	39.00	1	11	

15	12	32.450	3
1	165.00	167.00	179.42	188.63	26.00	3	2	12	15	
2	179.42	188.63	182.89	193.83	6.25	2	2	12	
3	182.89	193.83	183.00	194.00	0.20	3	1	2	12	

15	13	87.618	5
1	165.00	167.00	176.32	152.53	18.37	3	2	12	15	
2	176.32	152.53	177.54	150.98	1.98	2	2	15	
3	177.54	150.98	181.02	146.52	5.65	1	15	
4	181.02	146.52	204.21	116.90	37.62	0	
5	204.21	116.90	219.00	98.00	24.00	1	13	

15	14	117.004	8
1	165.00	167.00	173.22	191.67	26.00	3	2	12	15	
2	173.22	191.67	175.06	197.18	5.81	2	2	12	
3	175.06	197.18	178.41	207.24	10.61	3	1	2	12	
4	178.41	207.24	187.90	235.71	30.01	2	1	12	
5	187.90	235.71	190.30	242.90	7.57	1	1	
6	190.30	242.90	196.96	262.88	21.07	2	1	14	
7	196.96	262.88	200.54	273.62	11.32	3	1	3	14	
8	200.54	273.62	202.00	278.00	4.61	2	3	14	

15	15	0	0
