16	513	2	0.001	120.0
0.000	0.000	0.000	4.000	0.000
284.000	66.000	12.000	4.000	18.000
284.000	122.000	40.000	5.000	15.000
5.000	164.000	35.000	1.000	16.000
208.000	48.000	4.000	8.000	7.000
76.000	297.000	37.000	8.000	9.000
2.000	231.000	8.000	10.000	7.000
185.000	185.000	43.000	1.000	19.000
118.000	183.000	41.000	8.000	15.000
249.000	154.000	42.000	4.000	6.000
276.000	82.000	40.000	9.000	3.000
246.000	74.000	40.000	1.000	15.000
122.000	142.000	4.000	10.000	11.000
192.000	241.000	49.000	8.000	15.000
172.000	57.000	24.000	10.000	19.000
295.000	265.000	9.000	3.000	14.000
 


0	0	0	0

0	1	291.568	8
1	0.00	0.00	158.86	36.92	163.09	0	
2	158.86	36.92	192.65	44.77	34.69	1	14	
3	192.65	44.77	204.04	47.42	11.70	0	
4	204.04	47.42	211.81	49.22	7.97	1	4	
5	211.81	49.22	214.17	49.77	2.43	0	
6	214.17	49.77	244.85	56.90	31.50	1	11	
7	244.85	56.90	272.31	63.28	28.19	2	10	11	
8	272.31	63.28	284.00	66.00	12.00	3	1	10	11	

0	2	309.095	8
1	0.00	0.00	149.05	64.03	162.22	0	
2	149.05	64.03	182.70	78.48	36.62	1	14	
3	182.70	78.48	209.30	89.91	28.95	0	
4	209.30	89.91	242.79	104.30	36.45	1	11	
5	242.79	104.30	247.25	106.21	4.85	2	10	11	
6	247.25	106.21	259.72	111.57	13.58	3	2	10	11	
7	259.72	111.57	282.69	121.44	24.99	2	2	10	
8	282.69	121.44	284.00	122.00	1.43	1	2	

0	3	164.076	2
1	0.00	0.00	3.93	129.02	129.08	0	
2	3.93	129.02	5.00	164.00	35.00	0	

0	4	213.467	4
1	0.00	0.00	159.15	36.73	163.34	0	
2	159.15	36.73	192.43	44.41	34.15	1	14	
3	192.43	44.41	204.10	47.10	11.98	0	
4	204.10	47.10	208.00	48.00	4.00	1	4	

0	5	306.570	2
1	0.00	0.00	66.83	261.15	269.57	0	
2	66.83	261.15	76.00	297.00	37.00	0	

0	6	231.009	4
1	0.00	0.00	1.12	129.22	129.23	0	
2	1.12	129.22	1.72	198.84	69.63	1	3	
3	1.72	198.84	1.93	223.00	24.15	0	
4	1.93	223.00	2.00	231.00	8.00	0	

0	7	261.630	2
1	0.00	0.00	154.59	154.59	218.63	0	
2	154.59	154.59	185.00	185.00	43.00	1	7	

0	8	217.745	2
1	0.00	0.00	95.78	148.54	176.75	0	
2	95.78	148.54	118.00	183.00	41.00	1	8	

0	9	292.775	2
1	0.00	0.00	213.28	131.91	250.77	0	
2	213.28	131.91	249.00	154.00	42.00	1	9	

0	10	287.924	5
1	0.00	0.00	151.25	44.94	157.79	0	
2	151.25	44.94	195.97	58.22	46.65	1	14	
3	195.97	58.22	207.91	61.77	12.46	0	
4	207.91	61.77	237.66	70.61	31.03	1	11	
5	237.66	70.61	276.00	82.00	40.00	2	10	11	

0	11	256.889	5
1	0.00	0.00	150.98	45.42	157.66	0	
2	150.98	45.42	195.92	58.94	46.93	1	14	
3	195.92	58.94	207.70	62.48	12.29	0	
4	207.70	62.48	237.42	71.42	31.04	1	11	
5	237.42	71.42	246.00	74.00	8.96	2	10	11	

0	12	187.211	2
1	0.00	0.00	119.39	138.97	183.21	0	
2	119.39	138.97	122.00	142.00	4.00	1	12	

0	13	308.131	6
1	0.00	0.00	113.34	142.27	181.89	0	
2	113.34	142.27	142.45	178.80	46.71	1	8	
3	142.45	178.80	156.66	196.64	22.81	2	7	8	
4	156.66	196.64	161.47	202.68	7.71	1	7	
5	161.47	202.68	181.53	227.86	32.20	2	7	13	
6	181.53	227.86	192.00	241.00	16.80	1	13	

0	14	181.199	2
1	0.00	0.00	149.22	49.45	157.20	0	
2	149.22	49.45	172.00	57.00	24.00	1	14	

0	15	396.548	4
1	0.00	0.00	164.11	147.42	220.60	0	
2	164.11	147.42	224.60	201.76	81.32	1	7	
3	224.60	201.76	288.30	258.99	85.63	0	
4	288.30	258.99	295.00	265.00	9.00	1	15	

1	0	291.568	8
1	284.00	66.00	272.31	63.28	12.00	3	1	10	11	
2	272.31	63.28	244.85	56.90	28.19	2	10	11	
3	244.85	56.90	214.17	49.77	31.50	1	11	
4	214.17	49.77	211.81	49.22	2.43	0	
5	211.81	49.22	204.04	47.42	7.97	1	4	
6	204.04	47.42	192.65	44.77	11.70	0	
7	192.65	44.77	158.86	36.92	34.69	1	14	
8	158.86	36.92	0.00	0.00	163.09	0	

1	1	0	0

1	2	56.000	5
1	284.00	66.00	284.00	78.00	12.00	3	1	10	11	
2	284.00	78.00	284.00	82.00	4.00	2	10	11	
3	284.00	82.00	284.00	86.49	4.49	3	2	10	11	
4	284.00	86.49	284.00	121.19	34.70	2	2	10	
5	284.00	121.19	284.00	122.00	0.81	1	2	

1	3	295.711	5
1	284.00	66.00	272.68	69.98	12.00	3	1	10	11	
2	272.68	69.98	236.01	82.86	38.87	2	10	11	
3	236.01	82.86	210.23	91.91	27.32	1	11	
4	210.23	91.91	38.02	152.40	182.53	0	
5	38.02	152.40	5.00	164.00	35.00	1	3	

1	4	78.102	5
1	284.00	66.00	272.32	63.23	12.00	3	1	10	11	
2	272.32	63.23	244.97	56.76	28.11	2	10	11	
3	244.97	56.76	214.37	49.51	31.44	1	11	
4	214.37	49.51	211.89	48.92	2.55	0	
5	211.89	48.92	208.00	48.00	4.00	1	4	

1	5	310.846	13
1	284.00	66.00	275.97	74.92	12.00	3	1	10	11	
2	275.97	74.92	265.52	86.53	15.62	2	10	11	
3	265.52	86.53	246.79	107.33	27.99	3	2	10	11	
4	246.79	107.33	245.89	108.33	1.35	2	10	11	
5	245.89	108.33	242.06	112.58	5.72	1	11	
6	242.06	112.58	241.06	113.69	1.50	2	9	11	
7	241.06	113.69	208.98	149.31	47.93	1	9	
8	208.98	149.31	207.08	151.43	2.85	2	7	9	
9	207.08	151.43	159.21	204.59	71.53	1	7	
10	159.21	204.59	152.36	212.20	10.24	2	7	13	
11	152.36	212.20	152.01	212.58	0.52	1	7	
12	152.01	212.58	100.76	269.50	76.60	0	
13	100.76	269.50	76.00	297.00	37.00	1	5	

1	6	326.725	7
1	284.00	66.00	273.64	72.06	12.00	3	1	10	11	
2	273.64	72.06	237.59	93.16	41.77	2	10	11	
3	237.59	93.16	219.35	103.83	21.13	1	11	
4	219.35	103.83	141.48	149.39	90.22	0	
5	141.48	149.39	77.20	187.00	74.48	1	8	
6	77.20	187.00	8.90	226.96	79.12	0	
7	8.90	226.96	2.00	231.00	8.00	1	6	

1	7	154.797	9
1	284.00	66.00	276.33	75.22	12.00	3	1	10	11	
2	276.33	75.22	267.86	85.40	13.24	2	10	11	
3	267.86	85.40	247.41	109.98	31.97	3	2	10	11	
4	247.41	109.98	245.62	112.14	2.81	2	2	11	
5	245.62	112.14	245.08	112.79	0.85	3	2	9	11	
6	245.08	112.79	244.10	113.96	1.52	2	9	11	
7	244.10	113.96	212.50	151.94	49.42	1	9	
8	212.50	151.94	207.22	158.29	8.26	2	7	9	
9	207.22	158.29	185.00	185.00	34.74	1	7	

1	8	203.089	7
1	284.00	66.00	274.19	72.91	12.00	3	1	10	11	
2	274.19	72.91	239.17	97.60	42.85	2	10	11	
3	239.17	97.60	224.65	107.83	17.76	1	11	
4	224.65	107.83	174.22	143.37	61.70	0	
5	174.22	143.37	151.51	159.38	27.79	1	7	
6	151.51	159.38	149.42	160.86	2.56	2	7	8	
7	149.42	160.86	118.00	183.00	38.44	1	8	

1	9	94.705	7
1	284.00	66.00	279.57	77.15	12.00	3	1	10	11	
2	279.57	77.15	277.42	82.55	5.81	2	10	11	
3	277.42	82.55	267.37	107.81	27.19	3	2	10	11	
4	267.37	107.81	264.52	114.97	7.71	2	2	10	
5	264.52	114.97	262.64	119.70	5.09	3	2	9	10	
6	262.64	119.70	252.12	146.16	28.47	2	2	9	
7	252.12	146.16	249.00	154.00	8.44	1	9	

1	10	17.889	2
1	284.00	66.00	278.63	76.73	12.00	3	1	10	11	
2	278.63	76.73	276.00	82.00	5.89	2	10	11	

1	11	38.833	2
1	284.00	66.00	272.26	68.47	12.00	3	1	10	11	
2	272.26	68.47	246.00	74.00	26.83	2	10	11	

1	12	178.941	5
1	284.00	66.00	273.14	71.10	12.00	3	1	10	11	
2	273.14	71.10	236.50	88.29	40.47	2	10	11	
3	236.50	88.29	214.47	98.62	24.33	1	11	
4	214.47	98.62	125.62	140.30	98.14	0	
5	125.62	140.30	122.00	142.00	4.00	1	12	

1	13	197.709	11
1	284.00	66.00	278.42	76.62	12.00	3	1	10	11	
2	278.42	76.62	275.06	83.01	7.22	2	10	11	
3	275.06	83.01	260.12	111.43	32.10	3	2	10	11	
4	260.12	111.43	259.16	113.25	2.06	2	2	10	
5	259.16	113.25	257.07	117.23	4.50	3	2	9	10	
6	257.07	117.23	246.81	136.74	22.03	2	2	9	
7	246.81	136.74	226.78	174.84	43.05	1	9	
8	226.78	174.84	221.19	185.47	12.02	2	7	9	
9	221.19	185.47	214.80	197.63	13.73	1	7	
10	214.80	197.63	200.32	225.18	31.13	2	7	13	
11	200.32	225.18	192.00	241.00	17.87	1	13	

1	14	112.361	5
1	284.00	66.00	272.04	65.04	12.00	3	1	10	11	
2	272.04	65.04	241.05	62.55	31.09	2	10	11	
3	241.05	62.55	208.55	59.94	32.60	1	11	
4	208.55	59.94	195.92	58.92	12.67	0	
5	195.92	58.92	172.00	57.00	24.00	1	14	

1	15	199.304	9
1	284.00	66.00	284.66	77.98	12.00	3	1	10	11	
2	284.66	77.98	284.88	82.01	4.04	2	10	11	
3	284.88	82.01	284.95	83.12	1.11	2	2	10	
4	284.95	83.12	287.01	120.46	37.39	1	2	
5	287.01	120.46	288.00	138.42	17.99	1	2	
6	288.00	138.42	289.29	161.65	23.26	2	2	9	
7	289.29	161.65	289.48	165.19	3.54	1	9	
8	289.48	165.19	294.50	256.01	90.97	0	
9	294.50	256.01	295.00	265.00	9.00	1	15	

2	0	309.095	8
1	284.00	122.00	282.69	121.44	1.43	1	2	
2	282.69	121.44	259.72	111.57	24.99	2	2	10	
3	259.72	111.57	247.25	106.21	13.58	3	2	10	11	
4	247.25	106.21	242.79	104.30	4.85	2	10	11	
5	242.79	104.30	209.30	89.91	36.45	1	11	
6	209.30	89.91	182.70	78.48	28.95	0	
7	182.70	78.48	149.05	64.03	36.62	1	14	
8	149.05	64.03	0.00	0.00	162.22	0	

2	1	56.000	5
1	284.00	122.00	284.00	121.19	0.81	1	2	
2	284.00	121.19	284.00	86.49	34.70	2	2	10	
3	284.00	86.49	284.00	82.00	4.49	3	2	10	11	
4	284.00	82.00	284.00	78.00	4.00	2	10	11	
5	284.00	78.00	284.00	66.00	12.00	3	1	10	11	

2	2	0	0

2	3	282.144	7
1	284.00	122.00	277.34	123.00	6.73	1	2	
2	277.34	123.00	244.45	127.95	33.27	2	2	9	
3	244.45	127.95	212.79	132.72	32.01	1	9	
4	212.79	132.72	132.79	144.76	80.90	0	
5	132.79	144.76	92.60	150.81	40.64	1	8	
6	92.60	150.81	39.61	158.79	53.59	0	
7	39.61	158.79	5.00	164.00	35.00	1	3	

2	4	106.075	7
1	284.00	122.00	283.31	121.33	0.97	1	2	
2	283.31	121.33	268.60	107.00	20.53	2	2	10	
3	268.60	107.00	255.34	94.10	18.50	3	2	10	11	
4	255.34	94.10	236.49	75.74	26.31	2	10	11	
5	236.49	75.74	212.40	52.29	33.62	1	11	
6	212.40	52.29	210.87	50.79	2.15	0	
7	210.87	50.79	208.00	48.00	4.00	1	4	

2	5	271.825	9
1	284.00	122.00	279.85	125.50	5.43	1	2	
2	279.85	125.50	253.39	147.75	34.57	2	2	9	
3	253.39	147.75	225.68	171.07	36.22	1	9	
4	225.68	171.07	215.64	179.52	13.12	2	7	9	
5	215.64	179.52	200.02	192.66	20.42	1	7	
6	200.02	192.66	164.31	222.70	46.66	2	7	13	
7	164.31	222.70	143.00	240.63	27.85	1	13	
8	143.00	240.63	104.31	273.18	50.56	0	
9	104.31	273.18	76.00	297.00	37.00	1	5	

2	6	302.333	9
1	284.00	122.00	278.52	124.12	5.88	1	2	
2	278.52	124.12	246.69	136.42	34.12	2	2	9	
3	246.69	136.42	210.53	150.40	38.77	1	9	
4	210.53	150.40	207.06	151.74	3.72	2	7	9	
5	207.06	151.74	157.21	171.01	53.45	1	7	
6	157.21	171.01	142.84	176.56	15.41	2	7	8	
7	142.84	176.56	80.92	200.50	66.38	1	8	
8	80.92	200.50	9.46	228.12	76.61	0	
9	9.46	228.12	2.00	231.00	8.00	1	6	

2	7	117.346	5
1	284.00	122.00	279.34	124.96	5.52	1	2	
2	279.34	124.96	250.25	143.47	34.48	2	2	9	
3	250.25	143.47	221.28	161.91	34.35	1	9	
4	221.28	161.91	209.84	169.19	13.55	2	7	9	
5	209.84	169.19	185.00	185.00	29.45	1	7	

2	8	176.853	7
1	284.00	122.00	278.44	124.04	5.93	1	2	
2	278.44	124.04	246.45	135.80	34.07	2	2	9	
3	246.45	135.80	209.23	149.48	39.66	1	9	
4	209.23	149.48	207.17	150.23	2.19	2	7	9	
5	207.17	150.23	156.48	168.86	54.00	1	7	
6	156.48	168.86	143.53	173.62	13.80	2	7	8	
7	143.53	173.62	118.00	183.00	27.20	1	8	

2	9	47.424	3
1	284.00	122.00	280.00	125.66	5.42	1	2	
2	280.00	125.66	254.48	148.99	34.58	2	2	9	
3	254.48	148.99	249.00	154.00	7.42	1	9	

2	10	40.792	4
1	284.00	122.00	283.84	121.22	0.79	1	2	
2	283.84	121.22	278.94	96.69	25.01	2	2	10	
3	278.94	96.69	276.16	82.78	14.19	2	2	10	
4	276.16	82.78	276.00	82.00	0.79	2	10	11	

2	11	61.221	4
1	284.00	122.00	283.45	121.30	0.89	1	2	
2	283.45	121.30	270.83	105.36	20.33	2	2	10	
3	270.83	105.36	259.17	90.64	18.78	3	2	10	11	
4	259.17	90.64	246.00	74.00	21.22	2	10	11	

2	12	163.230	5
1	284.00	122.00	277.17	122.84	6.89	1	2	
2	277.17	122.84	244.30	126.90	33.11	2	2	9	
3	244.30	126.90	214.10	130.63	30.43	1	9	
4	214.10	130.63	125.97	141.51	88.80	0	
5	125.97	141.51	122.00	142.00	4.00	1	12	

2	13	150.416	7
1	284.00	122.00	280.63	126.36	5.52	1	2	
2	280.63	126.36	259.53	153.65	34.48	2	2	9	
3	259.53	153.65	230.22	191.57	47.93	1	9	
4	230.22	191.57	226.45	196.44	6.16	0	
5	226.45	196.44	221.97	202.23	7.33	1	7	
6	221.97	202.23	206.51	222.23	25.28	2	7	13	
7	206.51	222.23	192.00	241.00	23.72	1	13	

2	14	129.495	7
1	284.00	122.00	282.95	121.39	1.21	1	2	
2	282.95	121.39	263.37	110.03	22.64	2	2	10	
3	263.37	110.03	249.40	101.92	16.15	3	2	10	11	
4	249.40	101.92	238.35	95.51	12.78	2	10	11	
5	238.35	95.51	206.10	76.79	37.29	1	11	
6	206.10	76.79	192.76	69.05	15.42	0	
7	192.76	69.05	172.00	57.00	24.00	1	14	

2	15	143.422	5
1	284.00	122.00	284.77	131.99	10.01	1	2	
2	284.77	131.99	287.07	161.88	29.99	1	9	
3	287.07	161.88	287.71	170.28	8.43	1	9	
4	287.71	170.28	294.31	256.03	85.99	0	
5	294.31	256.03	295.00	265.00	9.00	1	15	

3	0	164.076	2
1	5.00	164.00	3.93	129.02	35.00	0	
2	3.93	129.02	0.00	0.00	129.08	0	

3	1	295.711	5
1	5.00	164.00	38.02	152.40	35.00	1	3	
2	38.02	152.40	210.23	91.91	182.53	0	
3	210.23	91.91	236.01	82.86	27.32	1	11	
4	236.01	82.86	272.68	69.98	38.87	2	10	11	
5	272.68	69.98	284.00	66.00	12.00	3	1	10	11	

3	2	282.144	7
1	5.00	164.00	39.61	158.79	35.00	1	3	
2	39.61	158.79	92.60	150.81	53.59	0	
3	92.60	150.81	132.79	144.76	40.64	1	8	
4	132.79	144.76	212.79	132.72	80.90	0	
5	212.79	132.72	244.45	127.95	32.01	1	9	
6	244.45	127.95	277.34	123.00	33.27	2	2	9	
7	277.34	123.00	284.00	122.00	6.73	1	2	

3	3	0	0

3	4	233.805	5
1	5.00	164.00	35.39	146.64	35.00	1	3	
2	35.39	146.64	158.06	76.54	141.29	0	
3	158.06	76.54	195.91	54.91	43.59	1	14	
4	195.91	54.91	204.53	49.98	9.93	0	
5	204.53	49.98	208.00	48.00	4.00	1	4	

3	5	150.765	3
1	5.00	164.00	21.48	194.88	35.00	1	3	
2	21.48	194.88	58.58	264.36	78.76	0	
3	58.58	264.36	76.00	297.00	37.00	1	5	

3	6	67.067	3
1	5.00	164.00	3.43	198.97	35.00	1	3	
2	3.43	198.97	2.36	223.01	24.07	0	
3	2.36	223.01	2.00	231.00	8.00	0	

3	7	181.221	5
1	5.00	164.00	39.76	168.06	35.00	1	3	
2	39.76	168.06	78.35	172.56	38.85	0	
3	78.35	172.56	142.29	180.02	64.37	1	8	
4	142.29	180.02	158.99	181.97	16.81	2	7	8	
5	158.99	181.97	185.00	185.00	26.19	1	7	

3	8	114.586	3
1	5.00	164.00	39.52	169.80	35.00	1	3	
2	39.52	169.80	77.57	176.20	38.59	0	
3	77.57	176.20	118.00	183.00	41.00	1	8	

3	9	244.205	7
1	5.00	164.00	39.97	162.57	35.00	1	3	
2	39.97	162.57	83.54	160.78	43.61	0	
3	83.54	160.78	150.52	158.04	67.04	1	8	
4	150.52	158.04	151.54	157.99	1.02	0	
5	151.54	157.99	207.04	155.72	55.54	1	7	
6	207.04	155.72	216.14	155.35	9.11	2	7	9	
7	216.14	155.35	249.00	154.00	32.89	1	9	

3	10	283.134	4
1	5.00	164.00	38.50	153.86	35.00	1	3	
2	38.50	153.86	215.79	100.22	185.23	0	
3	215.79	100.22	237.71	93.58	22.91	1	11	
4	237.71	93.58	276.00	82.00	40.00	2	10	11	

3	11	257.257	4
1	5.00	164.00	37.79	151.76	35.00	1	3	
2	37.79	151.76	208.53	87.99	182.26	0	
3	208.53	87.99	236.24	77.65	29.58	1	11	
4	236.24	77.65	246.00	74.00	10.42	2	10	11	

3	12	119.050	5
1	5.00	164.00	39.40	157.53	35.00	1	3	
2	39.40	157.53	100.09	146.12	61.75	0	
3	100.09	146.12	118.07	142.74	18.30	1	8	
4	118.07	142.74	121.29	142.13	3.28	2	8	12	
5	121.29	142.13	122.00	142.00	0.72	1	12	

3	13	202.233	5
1	5.00	164.00	37.36	177.33	35.00	1	3	
2	37.36	177.33	78.59	194.30	44.58	0	
3	78.59	194.30	138.03	218.78	64.28	1	8	
4	138.03	218.78	146.69	222.34	9.37	0	
5	146.69	222.34	192.00	241.00	49.00	1	13	

3	14	198.338	3
1	5.00	164.00	34.47	145.12	35.00	1	3	
2	34.47	145.12	151.79	69.95	139.34	0	
3	151.79	69.95	172.00	57.00	24.00	1	14	

3	15	307.085	9
1	5.00	164.00	38.05	175.51	35.00	1	3	
2	38.05	175.51	77.48	189.24	41.75	0	
3	77.48	189.24	145.88	213.06	72.43	1	8	
4	145.88	213.06	150.64	214.72	5.04	0	
5	150.64	214.72	155.72	216.49	5.38	1	13	
6	155.72	216.49	188.38	227.87	34.58	2	7	13	
7	188.38	227.87	240.73	246.10	55.44	1	13	
8	240.73	246.10	286.50	262.04	48.46	0	
9	286.50	262.04	295.00	265.00	9.00	1	15	

4	0	213.467	4
1	208.00	48.00	204.10	47.10	4.00	1	4	
2	204.10	47.10	192.43	44.41	11.98	0	
3	192.43	44.41	159.15	36.73	34.15	1	14	
4	159.15	36.73	0.00	0.00	163.34	0	

4	1	78.102	5
1	208.00	48.00	211.89	48.92	4.00	1	4	
2	211.89	48.92	214.37	49.51	2.55	0	
3	214.37	49.51	244.97	56.76	31.44	1	11	
4	244.97	56.76	272.32	63.23	28.11	2	10	11	
5	272.32	63.23	284.00	66.00	12.00	3	1	10	11	

4	2	106.075	7
1	208.00	48.00	210.87	50.79	4.00	1	4	
2	210.87	50.79	212.40	52.29	2.15	0	
3	212.40	52.29	236.49	75.74	33.62	1	11	
4	236.49	75.74	255.34	94.10	26.31	2	10	11	
5	255.34	94.10	268.60	107.00	18.50	3	2	10	11	
6	268.60	107.00	283.31	121.33	20.53	2	2	10	
7	283.31	121.33	284.00	122.00	0.97	1	2	

4	3	233.805	5
1	208.00	48.00	204.53	49.98	4.00	1	4	
2	204.53	49.98	195.91	54.91	9.93	0	
3	195.91	54.91	158.06	76.54	43.59	1	14	
4	158.06	76.54	35.39	146.64	141.29	0	
5	35.39	146.64	5.00	164.00	35.00	1	3	

4	4	0	0

4	5	281.824	5
1	208.00	48.00	206.13	51.53	4.00	1	4	
2	206.13	51.53	150.01	157.38	119.80	0	
3	150.01	157.38	114.77	223.87	75.25	1	8	
4	114.77	223.87	93.33	264.31	45.77	0	
5	93.33	264.31	76.00	297.00	37.00	1	5	

4	6	275.545	5
1	208.00	48.00	205.01	50.66	4.00	1	4	
2	205.01	50.66	195.94	58.71	12.13	0	
3	195.94	58.71	170.88	80.97	33.52	1	14	
4	170.88	80.97	7.98	225.69	217.90	0	
5	7.98	225.69	2.00	231.00	8.00	1	6	

4	7	138.917	3
1	208.00	48.00	207.34	51.95	4.00	1	4	
2	207.34	51.95	192.12	142.59	91.92	0	
3	192.12	142.59	185.00	185.00	43.00	1	7	

4	8	162.250	3
1	208.00	48.00	205.78	51.33	4.00	1	4	
2	205.78	51.33	140.74	148.89	117.25	0	
3	140.74	148.89	118.00	183.00	41.00	1	8	

4	9	113.653	5
1	208.00	48.00	209.44	51.73	4.00	1	4	
2	209.44	51.73	210.75	55.10	3.61	0	
3	210.75	55.10	232.64	111.70	60.69	1	11	
4	232.64	111.70	233.85	114.83	3.35	0	
5	233.85	114.83	249.00	154.00	42.00	1	9	

4	10	76.026	4
1	208.00	48.00	211.58	49.79	4.00	1	4	
2	211.58	49.79	213.46	50.73	2.11	0	
3	213.46	50.73	240.22	64.11	29.92	1	11	
4	240.22	64.11	276.00	82.00	40.00	2	10	11	

4	11	46.043	4
1	208.00	48.00	211.30	50.26	4.00	1	4	
2	211.30	50.26	212.99	51.41	2.04	0	
3	212.99	51.41	238.27	68.71	30.64	1	11	
4	238.27	68.71	246.00	74.00	9.36	2	10	11	

4	12	127.405	5
1	208.00	48.00	205.30	50.95	4.00	1	4	
2	205.30	50.95	195.55	61.60	14.44	0	
3	195.55	61.60	178.67	80.05	25.01	1	14	
4	178.67	80.05	124.70	139.05	79.96	0	
5	124.70	139.05	122.00	142.00	4.00	1	12	

4	13	193.662	5
1	208.00	48.00	207.67	51.99	4.00	1	4	
2	207.67	51.99	199.98	144.70	93.03	0	
3	199.98	144.70	196.05	192.17	47.63	1	7	
4	196.05	192.17	193.14	227.22	35.18	1	7	
5	193.14	227.22	192.00	241.00	13.83	1	13	

4	14	37.108	3
1	208.00	48.00	204.12	48.97	4.00	1	4	
2	204.12	48.97	195.28	51.18	9.11	0	
3	195.28	51.18	172.00	57.00	24.00	1	14	

4	15	233.791	7
1	208.00	48.00	209.49	51.71	4.00	1	4	
2	209.49	51.71	210.80	54.99	3.53	0	
3	210.80	54.99	233.68	112.06	61.48	1	11	
4	233.68	112.06	234.67	114.52	2.66	0	
5	234.67	114.52	265.91	192.44	83.95	1	9	
6	265.91	192.44	291.65	256.65	69.17	0	
7	291.65	256.65	295.00	265.00	9.00	1	15	

5	0	306.570	2
1	76.00	297.00	66.83	261.15	37.00	0	
2	66.83	261.15	0.00	0.00	269.57	0	

5	1	310.846	13
1	76.00	297.00	100.76	269.50	37.00	1	5	
2	100.76	269.50	152.01	212.58	76.60	0	
3	152.01	212.58	152.36	212.20	0.52	1	7	
4	152.36	212.20	159.21	204.59	10.24	2	7	13	
5	159.21	204.59	207.08	151.43	71.53	1	7	
6	207.08	151.43	208.98	149.31	2.85	2	7	9	
7	208.98	149.31	241.06	113.69	47.93	1	9	
8	241.06	113.69	242.06	112.58	1.50	2	9	11	
9	242.06	112.58	245.89	108.33	5.72	1	11	
10	245.89	108.33	246.79	107.33	1.35	2	10	11	
11	246.79	107.33	265.52	86.53	27.99	3	2	10	11	
12	265.52	86.53	275.97	74.92	15.62	2	10	11	
13	275.97	74.92	284.00	66.00	12.00	3	1	10	11	

5	2	271.825	9
1	76.00	297.00	104.31	273.18	37.00	1	5	
2	104.31	273.18	143.00	240.63	50.56	0	
3	143.00	240.63	164.31	222.70	27.85	1	13	
4	164.31	222.70	200.02	192.66	46.66	2	7	13	
5	200.02	192.66	215.64	179.52	20.42	1	7	
6	215.64	179.52	225.68	171.07	13.12	2	7	9	
7	225.68	171.07	253.39	147.75	36.22	1	9	
8	253.39	147.75	279.85	125.50	34.57	2	2	9	
9	279.85	125.50	284.00	122.00	5.43	1	2	

5	3	150.765	3
1	76.00	297.00	58.58	264.36	37.00	1	5	
2	58.58	264.36	21.48	194.88	78.76	0	
3	21.48	194.88	5.00	164.00	35.00	1	3	

5	4	281.824	5
1	76.00	297.00	93.33	264.31	37.00	1	5	
2	93.33	264.31	114.77	223.87	45.77	0	
3	114.77	223.87	150.01	157.38	75.25	1	8	
4	150.01	157.38	206.13	51.53	119.80	0	
5	206.13	51.53	208.00	48.00	4.00	1	4	

5	5	0	0

5	6	99.156	3
1	76.00	297.00	48.39	272.37	37.00	1	5	
2	48.39	272.37	7.97	236.32	54.16	0	
3	7.97	236.32	2.00	231.00	8.00	1	6	

5	7	156.285	5
1	76.00	297.00	101.81	270.48	37.00	1	5	
2	101.81	270.48	145.48	225.61	62.62	0	
3	145.48	225.61	155.01	215.82	13.66	1	13	
4	155.01	215.82	175.35	194.92	29.16	2	7	13	
5	175.35	194.92	185.00	185.00	13.84	1	7	

5	8	121.491	3
1	76.00	297.00	88.79	262.28	37.00	1	5	
2	88.79	262.28	103.83	221.47	43.49	0	
3	103.83	221.47	118.00	183.00	41.00	1	8	

5	9	224.450	7
1	76.00	297.00	104.52	273.43	37.00	1	5	
2	104.52	273.43	143.00	241.62	49.93	0	
3	143.00	241.62	165.27	223.21	28.89	1	13	
4	165.27	223.21	201.82	192.99	47.42	2	7	13	
5	201.82	192.99	216.63	180.76	19.21	1	7	
6	216.63	180.76	226.24	172.82	12.47	2	7	9	
7	226.24	172.82	249.00	154.00	29.53	1	9	

5	10	293.641	12
1	76.00	297.00	101.20	269.91	37.00	1	5	
2	101.20	269.91	147.83	219.78	68.47	0	
3	147.83	219.78	153.23	213.98	7.92	1	13	
4	153.23	213.98	167.65	198.48	21.16	2	7	13	
5	167.65	198.48	207.05	156.12	57.86	1	7	
6	207.05	156.12	211.61	151.22	6.69	2	7	9	
7	211.61	151.22	244.47	115.90	48.25	1	9	
8	244.47	115.90	246.23	114.00	2.59	2	2	9	
9	246.23	114.00	248.08	112.01	2.72	3	2	9	11	
10	248.08	112.01	248.76	111.29	0.99	2	2	11	
11	248.76	111.29	275.06	83.01	38.62	3	2	10	11	
12	275.06	83.01	276.00	82.00	1.38	2	10	11	

5	11	280.409	8
1	76.00	297.00	98.43	267.58	37.00	1	5	
2	98.43	267.58	134.19	220.67	58.98	0	
3	134.19	220.67	146.61	204.37	20.49	1	8	
4	146.61	204.37	158.61	188.63	19.79	2	7	8	
5	158.61	188.63	193.51	142.85	57.57	1	7	
6	193.51	142.85	221.75	105.81	46.58	0	
7	221.75	105.81	236.28	86.75	23.97	1	11	
8	236.28	86.75	246.00	74.00	16.03	2	10	11	

5	12	161.682	5
1	76.00	297.00	86.53	261.53	37.00	0	
2	86.53	261.53	99.04	219.35	43.99	0	
3	99.04	219.35	120.86	145.83	76.69	1	8	
4	120.86	145.83	121.94	142.19	3.80	2	8	12	
5	121.94	142.19	122.00	142.00	0.20	1	12	

5	13	128.810	3
1	76.00	297.00	109.32	280.91	37.00	1	5	
2	109.32	280.91	147.87	262.30	42.81	0	
3	147.87	262.30	192.00	241.00	49.00	1	13	

5	14	258.488	5
1	76.00	297.00	89.74	262.65	37.00	1	5	
2	89.74	262.65	105.93	222.18	43.58	0	
3	105.93	222.18	136.28	146.30	81.73	1	8	
4	136.28	146.30	163.09	79.28	72.18	0	
5	163.09	79.28	172.00	57.00	24.00	1	14	

5	15	221.326	5
1	76.00	297.00	112.61	291.65	37.00	1	5	
2	112.61	291.65	167.77	283.59	55.75	0	
3	167.77	283.59	227.40	274.88	60.26	1	13	
4	227.40	274.88	286.09	266.30	59.32	0	
5	286.09	266.30	295.00	265.00	9.00	1	15	

6	0	231.009	4
1	2.00	231.00	1.93	223.00	8.00	0	
2	1.93	223.00	1.72	198.84	24.15	0	
3	1.72	198.84	1.12	129.22	69.63	1	3	
4	1.12	129.22	0.00	0.00	129.23	0	

6	1	326.725	7
1	2.00	231.00	8.90	226.96	8.00	1	6	
2	8.90	226.96	77.20	187.00	79.12	0	
3	77.20	187.00	141.48	149.39	74.48	1	8	
4	141.48	149.39	219.35	103.83	90.22	0	
5	219.35	103.83	237.59	93.16	21.13	1	11	
6	237.59	93.16	273.64	72.06	41.77	2	10	11	
7	273.64	72.06	284.00	66.00	12.00	3	1	10	11	

6	2	302.333	9
1	2.00	231.00	9.46	228.12	8.00	1	6	
2	9.46	228.12	80.92	200.50	76.61	0	
3	80.92	200.50	142.84	176.56	66.38	1	8	
4	142.84	176.56	157.21	171.01	15.41	2	7	8	
5	157.21	171.01	207.06	151.74	53.45	1	7	
6	207.06	151.74	210.53	150.40	3.72	2	7	9	
7	210.53	150.40	246.69	136.42	38.77	1	9	
8	246.69	136.42	278.52	124.12	34.12	2	2	9	
9	278.52	124.12	284.00	122.00	5.88	1	2	

6	3	67.067	3
1	2.00	231.00	2.36	223.01	8.00	0	
2	2.36	223.01	3.43	198.97	24.07	0	
3	3.43	198.97	5.00	164.00	35.00	1	3	

6	4	275.545	5
1	2.00	231.00	7.98	225.69	8.00	1	6	
2	7.98	225.69	170.88	80.97	217.90	0	
3	170.88	80.97	195.94	58.71	33.52	1	14	
4	195.94	58.71	205.01	50.66	12.13	0	
5	205.01	50.66	208.00	48.00	4.00	1	4	

6	5	99.156	3
1	2.00	231.00	7.97	236.32	8.00	1	6	
2	7.97	236.32	48.39	272.37	54.16	0	
3	48.39	272.37	76.00	297.00	37.00	1	5	

6	6	0	0

6	7	188.693	5
1	2.00	231.00	9.76	229.05	8.00	1	6	
2	9.76	229.05	86.86	209.67	79.50	0	
3	86.86	209.67	143.30	195.48	58.19	1	8	
4	143.30	195.48	158.05	191.77	15.21	2	7	8	
5	158.05	191.77	185.00	185.00	27.79	1	7	

6	8	125.539	3
1	2.00	231.00	9.39	227.94	8.00	1	6	
2	9.39	227.94	80.12	198.68	76.54	0	
3	80.12	198.68	118.00	183.00	41.00	1	8	

6	9	258.724	7
1	2.00	231.00	9.64	228.62	8.00	1	6	
2	9.64	228.62	83.74	205.52	77.62	0	
3	83.74	205.52	142.06	187.34	61.09	1	8	
4	142.06	187.34	158.99	182.06	17.73	2	7	8	
5	158.99	182.06	208.90	166.50	52.28	1	7	
6	208.90	166.50	221.66	162.52	13.36	2	7	9	
7	221.66	162.52	249.00	154.00	28.64	1	9	

6	10	311.893	8
1	2.00	231.00	9.03	227.18	8.00	1	6	
2	9.03	227.18	77.58	189.90	78.04	0	
3	77.58	189.90	145.76	152.83	77.60	1	8	
4	145.76	152.83	226.49	108.92	91.90	0	
5	226.49	108.92	240.86	101.11	16.35	1	11	
6	240.86	101.11	257.43	92.10	18.87	2	10	11	
7	257.43	92.10	273.34	83.45	18.11	3	2	10	11	
8	273.34	83.45	276.00	82.00	3.03	2	10	11	

6	11	290.147	6
1	2.00	231.00	8.73	226.67	8.00	1	6	
2	8.73	226.67	77.00	182.74	81.19	0	
3	77.00	182.74	134.75	145.58	68.68	1	8	
4	134.75	145.58	212.36	95.64	92.28	0	
5	212.36	95.64	236.03	80.41	28.15	1	11	
6	236.03	80.41	246.00	74.00	11.85	2	10	11	

6	12	149.402	5
1	2.00	231.00	8.43	226.23	8.00	1	6	
2	8.43	226.23	77.84	174.75	86.42	0	
3	77.84	174.75	118.79	144.38	50.98	1	8	
4	118.79	144.38	121.77	142.17	3.71	2	8	12	
5	121.77	142.17	122.00	142.00	0.29	1	12	

6	13	190.263	3
1	2.00	231.00	9.99	231.42	8.00	1	6	
2	9.99	231.42	143.07	238.42	133.26	0	
3	143.07	238.42	192.00	241.00	49.00	1	13	

6	14	243.261	3
1	2.00	231.00	7.59	225.28	8.00	1	6	
2	7.59	225.28	155.23	74.17	211.26	0	
3	155.23	74.17	172.00	57.00	24.00	1	14	

6	15	294.966	5
1	2.00	231.00	9.95	231.92	8.00	1	6	
2	9.95	231.92	143.42	247.41	134.37	0	
3	143.42	247.41	237.82	258.36	95.03	1	13	
4	237.82	258.36	286.06	263.96	48.56	0	
5	286.06	263.96	295.00	265.00	9.00	1	15	

7	0	261.630	2
1	185.00	185.00	154.59	154.59	43.00	1	7	
2	154.59	154.59	0.00	0.00	218.63	0	

7	1	154.797	9
1	185.00	185.00	207.22	158.29	34.74	1	7	
2	207.22	158.29	212.50	151.94	8.26	2	7	9	
3	212.50	151.94	244.10	113.96	49.42	1	9	
4	244.10	113.96	245.08	112.79	1.52	2	9	11	
5	245.08	112.79	245.62	112.14	0.85	3	2	9	11	
6	245.62	112.14	247.41	109.98	2.81	2	2	11	
7	247.41	109.98	267.86	85.40	31.97	3	2	10	11	
8	267.86	85.40	276.33	75.22	13.24	2	10	11	
9	276.33	75.22	284.00	66.00	12.00	3	1	10	11	

7	2	117.346	5
1	185.00	185.00	209.84	169.19	29.45	1	7	
2	209.84	169.19	221.28	161.91	13.55	2	7	9	
3	221.28	161.91	250.25	143.47	34.35	1	9	
4	250.25	143.47	279.34	124.96	34.48	2	2	9	
5	279.34	124.96	284.00	122.00	5.52	1	2	

7	3	181.221	5
1	185.00	185.00	158.99	181.97	26.19	1	7	
2	158.99	181.97	142.29	180.02	16.81	2	7	8	
3	142.29	180.02	78.35	172.56	64.37	1	8	
4	78.35	172.56	39.76	168.06	38.85	0	
5	39.76	168.06	5.00	164.00	35.00	1	3	

7	4	138.917	3
1	185.00	185.00	192.12	142.59	43.00	1	7	
2	192.12	142.59	207.34	51.95	91.92	0	
3	207.34	51.95	208.00	48.00	4.00	1	4	

7	5	156.285	5
1	185.00	185.00	175.35	194.92	13.84	1	7	
2	175.35	194.92	155.01	215.82	29.16	2	7	13	
3	155.01	215.82	145.48	225.61	13.66	1	13	
4	145.48	225.61	101.81	270.48	62.62	0	
5	101.81	270.48	76.00	297.00	37.00	1	5	

7	6	188.693	5
1	185.00	185.00	158.05	191.77	27.79	1	7	
2	158.05	191.77	143.30	195.48	15.21	2	7	8	
3	143.30	195.48	86.86	209.67	58.19	1	8	
4	86.86	209.67	9.76	229.05	79.50	0	
5	9.76	229.05	2.00	231.00	8.00	1	6	

7	7	0	0

7	8	67.030	3
1	185.00	185.00	158.98	184.22	26.03	1	7	
2	158.98	184.22	142.02	183.72	16.97	2	7	8	
3	142.02	183.72	118.00	183.00	24.03	1	8	

7	9	71.113	3
1	185.00	185.00	211.20	172.31	29.11	1	7	
2	211.20	172.31	223.70	166.26	13.89	2	7	9	
3	223.70	166.26	249.00	154.00	28.11	1	9	

7	10	137.441	8
1	185.00	185.00	207.38	159.66	33.81	1	7	
2	207.38	159.66	213.47	152.78	9.19	2	7	9	
3	213.47	152.78	244.20	117.99	46.41	1	9	
4	244.20	117.99	247.76	113.96	5.38	2	2	9	
5	247.76	113.96	249.49	112.00	2.61	3	2	9	11	
6	249.49	112.00	249.52	111.98	0.04	2	2	11	
7	249.52	111.98	275.12	83.00	38.67	3	2	10	11	
8	275.12	83.00	276.00	82.00	1.33	2	10	11	

7	11	126.657	6
1	185.00	185.00	205.71	147.32	43.00	1	7	
2	205.71	147.32	208.90	141.51	6.63	0	
3	208.90	141.51	216.96	126.85	16.73	1	9	
4	216.96	126.85	226.74	109.06	20.30	0	
5	226.74	109.06	236.92	90.52	21.14	1	11	
6	236.92	90.52	246.00	74.00	18.86	2	10	11	

7	12	76.276	5
1	185.00	185.00	154.39	164.11	37.06	1	7	
2	154.39	164.11	149.48	160.76	5.94	2	7	8	
3	149.48	160.76	125.30	144.25	29.28	1	8	
4	125.30	144.25	122.34	142.23	3.59	2	8	12	
5	122.34	142.23	122.00	142.00	0.41	1	12	

7	13	56.436	3
1	185.00	185.00	185.92	192.38	7.44	1	7	
2	185.92	192.38	190.33	227.67	35.56	2	7	13	
3	190.33	227.67	192.00	241.00	13.44	1	13	

7	14	128.658	3
1	185.00	185.00	180.66	142.22	43.00	1	7	
2	180.66	142.22	174.43	80.88	61.66	0	
3	174.43	80.88	172.00	57.00	24.00	1	14	

7	15	136.015	5
1	185.00	185.00	194.73	192.08	12.03	1	7	
2	194.73	192.08	219.78	210.29	30.97	2	7	13	
3	219.78	210.29	237.70	223.33	22.17	1	13	
4	237.70	223.33	287.72	259.71	61.85	0	
5	287.72	259.71	295.00	265.00	9.00	1	15	

8	0	217.745	2
1	118.00	183.00	95.78	148.54	41.00	1	8	
2	95.78	148.54	0.00	0.00	176.75	0	

8	1	203.089	7
1	118.00	183.00	149.42	160.86	38.44	1	8	
2	149.42	160.86	151.51	159.38	2.56	2	7	8	
3	151.51	159.38	174.22	143.37	27.79	1	7	
4	174.22	143.37	224.65	107.83	61.70	0	
5	224.65	107.83	239.17	97.60	17.76	1	11	
6	239.17	97.60	274.19	72.91	42.85	2	10	11	
7	274.19	72.91	284.00	66.00	12.00	3	1	10	11	

8	2	176.853	7
1	118.00	183.00	143.53	173.62	27.20	1	8	
2	143.53	173.62	156.48	168.86	13.80	2	7	8	
3	156.48	168.86	207.17	150.23	54.00	1	7	
4	207.17	150.23	209.23	149.48	2.19	2	7	9	
5	209.23	149.48	246.45	135.80	39.66	1	9	
6	246.45	135.80	278.44	124.04	34.07	2	2	9	
7	278.44	124.04	284.00	122.00	5.93	1	2	

8	3	114.586	3
1	118.00	183.00	77.57	176.20	41.00	1	8	
2	77.57	176.20	39.52	169.80	38.59	0	
3	39.52	169.80	5.00	164.00	35.00	1	3	

8	4	162.250	3
1	118.00	183.00	140.74	148.89	41.00	1	8	
2	140.74	148.89	205.78	51.33	117.25	0	
3	205.78	51.33	208.00	48.00	4.00	1	4	

8	5	121.491	3
1	118.00	183.00	103.83	221.47	41.00	1	8	
2	103.83	221.47	88.79	262.28	43.49	0	
3	88.79	262.28	76.00	297.00	37.00	1	5	

8	6	125.539	3
1	118.00	183.00	80.12	198.68	41.00	1	8	
2	80.12	198.68	9.39	227.94	76.54	0	
3	9.39	227.94	2.00	231.00	8.00	1	6	

8	7	67.030	3
1	118.00	183.00	142.02	183.72	24.03	1	8	
2	142.02	183.72	158.98	184.22	16.97	2	7	8	
3	158.98	184.22	185.00	185.00	26.03	1	7	

8	8	0	0

8	9	134.172	5
1	118.00	183.00	142.65	177.54	25.25	1	8	
2	142.65	177.54	158.03	174.14	15.75	2	7	8	
3	158.03	174.14	207.99	163.08	51.17	1	7	
4	207.99	163.08	220.24	160.37	12.55	2	7	9	
5	220.24	160.37	249.00	154.00	29.45	1	9	

8	10	187.523	8
1	118.00	183.00	147.34	164.24	34.82	1	8	
2	147.34	164.24	152.54	160.92	6.18	2	7	8	
3	152.54	160.92	181.97	142.11	34.93	1	7	
4	181.97	142.11	230.70	110.96	57.83	0	
5	230.70	110.96	242.30	103.54	13.77	1	11	
6	242.30	103.54	253.03	96.68	12.74	2	10	11	
7	253.03	96.68	274.02	83.26	24.91	3	2	10	11	
8	274.02	83.26	276.00	82.00	2.35	2	10	11	

8	11	168.122	4
1	118.00	183.00	149.22	156.42	41.00	1	8	
2	149.22	156.42	215.55	99.93	87.12	0	
3	215.55	99.93	236.00	82.51	26.87	1	11	
4	236.00	82.51	246.00	74.00	13.13	2	10	11	

8	12	41.195	3
1	118.00	183.00	121.61	145.98	37.19	1	8	
2	121.61	145.98	121.98	142.19	3.81	2	8	12	
3	121.98	142.19	122.00	142.00	0.19	1	12	

8	13	94.021	5
1	118.00	183.00	147.58	206.19	37.58	1	8	
2	147.58	206.19	150.27	208.29	3.42	2	7	8	
3	150.27	208.29	153.43	210.77	4.02	1	7	
4	153.43	210.77	173.37	226.40	25.33	2	7	13	
5	173.37	226.40	192.00	241.00	23.67	1	13	

8	14	137.084	3
1	118.00	183.00	134.15	145.31	41.00	1	8	
2	134.15	145.31	162.55	79.06	72.08	0	
3	162.55	79.06	172.00	57.00	24.00	1	14	

8	15	195.072	7
1	118.00	183.00	143.09	194.62	27.65	1	8	
2	143.09	194.62	155.20	200.23	13.35	2	7	8	
3	155.20	200.23	161.10	202.97	6.50	1	7	
4	161.10	202.97	204.76	223.19	48.11	2	7	13	
5	204.76	223.19	240.99	239.98	39.93	1	13	
6	240.99	239.98	286.83	261.22	50.53	0	
7	286.83	261.22	295.00	265.00	9.00	1	15	

9	0	292.775	2
1	249.00	154.00	213.28	131.91	42.00	1	9	
2	213.28	131.91	0.00	0.00	250.77	0	

9	1	94.705	7
1	249.00	154.00	252.12	146.16	8.44	1	9	
2	252.12	146.16	262.64	119.70	28.47	2	2	9	
3	262.64	119.70	264.52	114.97	5.09	3	2	9	10	
4	264.52	114.97	267.37	107.81	7.71	2	2	10	
5	267.37	107.81	277.42	82.55	27.19	3	2	10	11	
6	277.42	82.55	279.57	77.15	5.81	2	10	11	
7	279.57	77.15	284.00	66.00	12.00	3	1	10	11	

9	2	47.424	3
1	249.00	154.00	254.48	148.99	7.42	1	9	
2	254.48	148.99	280.00	125.66	34.58	2	2	9	
3	280.00	125.66	284.00	122.00	5.42	1	2	

9	3	244.205	7
1	249.00	154.00	216.14	155.35	32.89	1	9	
2	216.14	155.35	207.04	155.72	9.11	2	7	9	
3	207.04	155.72	151.54	157.99	55.54	1	7	
4	151.54	157.99	150.52	158.04	1.02	0	
5	150.52	158.04	83.54	160.78	67.04	1	8	
6	83.54	160.78	39.97	162.57	43.61	0	
7	39.97	162.57	5.00	164.00	35.00	1	3	

9	4	113.653	5
1	249.00	154.00	233.85	114.83	42.00	1	9	
2	233.85	114.83	232.64	111.70	3.35	0	
3	232.64	111.70	210.75	55.10	60.69	1	11	
4	210.75	55.10	209.44	51.73	3.61	0	
5	209.44	51.73	208.00	48.00	4.00	1	4	

9	5	224.450	7
1	249.00	154.00	226.24	172.82	29.53	1	9	
2	226.24	172.82	216.63	180.76	12.47	2	7	9	
3	216.63	180.76	201.82	192.99	19.21	1	7	
4	201.82	192.99	165.27	223.21	47.42	2	7	13	
5	165.27	223.21	143.00	241.62	28.89	1	13	
6	143.00	241.62	104.52	273.43	49.93	0	
7	104.52	273.43	76.00	297.00	37.00	1	5	

9	6	258.724	7
1	249.00	154.00	221.66	162.52	28.64	1	9	
2	221.66	162.52	208.90	166.50	13.36	2	7	9	
3	208.90	166.50	158.99	182.06	52.28	1	7	
4	158.99	182.06	142.06	187.34	17.73	2	7	8	
5	142.06	187.34	83.74	205.52	61.09	1	8	
6	83.74	205.52	9.64	228.62	77.62	0	
7	9.64	228.62	2.00	231.00	8.00	1	6	

9	7	71.113	3
1	249.00	154.00	223.70	166.26	28.11	1	9	
2	223.70	166.26	211.20	172.31	13.89	2	7	9	
3	211.20	172.31	185.00	185.00	29.11	1	7	

9	8	134.172	5
1	249.00	154.00	220.24	160.37	29.45	1	9	
2	220.24	160.37	207.99	163.08	12.55	2	7	9	
3	207.99	163.08	158.03	174.14	51.17	1	7	
4	158.03	174.14	142.65	177.54	15.75	2	7	8	
5	142.65	177.54	118.00	183.00	25.25	1	8	

9	9	0	0

9	10	76.896	6
1	249.00	154.00	252.00	146.00	8.54	1	9	
2	252.00	146.00	261.96	119.45	28.35	2	2	9	
3	261.96	119.45	263.75	114.67	5.10	3	2	9	10	
4	263.75	114.67	266.01	108.63	6.45	2	2	10	
5	266.01	108.63	275.67	82.88	27.51	3	2	10	11	
6	275.67	82.88	276.00	82.00	0.94	2	10	11	

9	11	80.056	6
1	249.00	154.00	248.49	140.41	13.60	1	9	
2	248.49	140.41	247.50	113.97	26.46	2	2	9	
3	247.50	113.97	247.43	112.03	1.94	2	2	11	
4	247.43	112.03	247.35	109.91	2.12	2	2	11	
5	247.35	109.91	247.21	106.30	3.62	2	10	11	
6	247.21	106.30	246.00	74.00	32.32	2	10	11	

9	12	127.566	5
1	249.00	154.00	210.48	150.36	38.69	1	9	
2	210.48	150.36	207.19	150.05	3.31	2	7	9	
3	207.19	150.05	166.46	146.20	40.91	1	7	
4	166.46	146.20	125.98	142.38	40.66	0	
5	125.98	142.38	122.00	142.00	4.00	1	12	

9	13	104.010	5
1	249.00	154.00	227.99	186.07	38.34	1	9	
2	227.99	186.07	225.98	189.13	3.66	2	7	9	
3	225.98	189.13	218.85	200.01	13.01	1	7	
4	218.85	200.01	203.15	223.98	28.65	2	7	13	
5	203.15	223.98	192.00	241.00	20.35	1	13	

9	14	123.847	3
1	249.00	154.00	222.89	121.10	42.00	1	9	
2	222.89	121.10	186.92	75.80	57.85	0	
3	186.92	75.80	172.00	57.00	24.00	1	14	

9	15	120.154	3
1	249.00	154.00	265.08	192.80	42.00	0	
2	265.08	192.80	291.55	256.69	69.15	0	
3	291.55	256.69	295.00	265.00	9.00	1	15	

10	0	287.924	5
1	276.00	82.00	237.66	70.61	40.00	2	10	11	
2	237.66	70.61	207.91	61.77	31.03	1	11	
3	207.91	61.77	195.97	58.22	12.46	0	
4	195.97	58.22	151.25	44.94	46.65	1	14	
5	151.25	44.94	0.00	0.00	157.79	0	

10	1	17.889	2
1	276.00	82.00	278.63	76.73	5.89	2	10	11	
2	278.63	76.73	284.00	66.00	12.00	3	1	10	11	

10	2	40.792	4
1	276.00	82.00	276.16	82.78	0.79	2	10	11	
2	276.16	82.78	278.94	96.69	14.19	2	2	10	
3	278.94	96.69	283.84	121.22	25.01	2	2	10	
4	283.84	121.22	284.00	122.00	0.79	1	2	

10	3	283.134	4
1	276.00	82.00	237.71	93.58	40.00	2	10	11	
2	237.71	93.58	215.79	100.22	22.91	1	11	
3	215.79	100.22	38.50	153.86	185.23	0	
4	38.50	153.86	5.00	164.00	35.00	1	3	

10	4	76.026	4
1	276.00	82.00	240.22	64.11	40.00	2	10	11	
2	240.22	64.11	213.46	50.73	29.92	1	11	
3	213.46	50.73	211.58	49.79	2.11	0	
4	211.58	49.79	208.00	48.00	4.00	1	4	

10	5	293.641	12
1	276.00	82.00	275.06	83.01	1.38	2	10	11	
2	275.06	83.01	248.76	111.29	38.62	3	2	10	11	
3	248.76	111.29	248.08	112.01	0.99	2	2	11	
4	248.08	112.01	246.23	114.00	2.72	3	2	9	11	
5	246.23	114.00	244.47	115.90	2.59	2	2	9	
6	244.47	115.90	211.61	151.22	48.25	1	9	
7	211.61	151.22	207.05	156.12	6.69	2	7	9	
8	207.05	156.12	167.65	198.48	57.86	1	7	
9	167.65	198.48	153.23	213.98	21.16	2	7	13	
10	153.23	213.98	147.83	219.78	7.92	1	13	
11	147.83	219.78	101.20	269.91	68.47	0	
12	101.20	269.91	76.00	297.00	37.00	1	5	

10	6	311.893	8
1	276.00	82.00	273.34	83.45	3.03	2	10	11	
2	273.34	83.45	257.43	92.10	18.11	3	2	10	11	
3	257.43	92.10	240.86	101.11	18.87	2	10	11	
4	240.86	101.11	226.49	108.92	16.35	1	11	
5	226.49	108.92	145.76	152.83	91.90	0	
6	145.76	152.83	77.58	189.90	77.60	1	8	
7	77.58	189.90	9.03	227.18	78.04	0	
8	9.03	227.18	2.00	231.00	8.00	1	6	

10	7	137.441	8
1	276.00	82.00	275.12	83.00	1.33	2	10	11	
2	275.12	83.00	249.52	111.98	38.67	3	2	10	11	
3	249.52	111.98	249.49	112.00	0.04	2	2	11	
4	249.49	112.00	247.76	113.96	2.61	3	2	9	11	
5	247.76	113.96	244.20	117.99	5.38	2	2	9	
6	244.20	117.99	213.47	152.78	46.41	1	9	
7	213.47	152.78	207.38	159.66	9.19	2	7	9	
8	207.38	159.66	185.00	185.00	33.81	1	7	

10	8	187.523	8
1	276.00	82.00	274.02	83.26	2.35	2	10	11	
2	274.02	83.26	253.03	96.68	24.91	3	2	10	11	
3	253.03	96.68	242.30	103.54	12.74	2	10	11	
4	242.30	103.54	230.70	110.96	13.77	1	11	
5	230.70	110.96	181.97	142.11	57.83	0	
6	181.97	142.11	152.54	160.92	34.93	1	7	
7	152.54	160.92	147.34	164.24	6.18	2	7	8	
8	147.34	164.24	118.00	183.00	34.82	1	8	

10	9	76.896	6
1	276.00	82.00	275.67	82.88	0.94	2	10	11	
2	275.67	82.88	266.01	108.63	27.51	3	2	10	11	
3	266.01	108.63	263.75	114.67	6.45	2	2	10	
4	263.75	114.67	261.96	119.45	5.10	3	2	9	10	
5	261.96	119.45	252.00	146.00	28.35	2	2	9	
6	252.00	146.00	249.00	154.00	8.54	1	9	

10	10	0	0

10	11	31.048	1
1	276.00	82.00	246.00	74.00	31.05	2	10	11	

10	12	165.276	4
1	276.00	82.00	238.73	96.52	40.00	2	10	11	
2	238.73	96.52	219.54	104.00	20.59	1	11	
3	219.54	104.00	125.73	140.55	100.68	0	
4	125.73	140.55	122.00	142.00	4.00	1	12	

10	13	179.825	10
1	276.00	82.00	275.52	82.91	1.03	2	10	11	
2	275.52	82.91	260.54	111.26	32.07	3	2	10	11	
3	260.54	111.26	259.45	113.32	2.33	2	2	10	
4	259.45	113.32	257.32	117.37	4.58	3	2	9	10	
5	257.32	117.37	246.93	137.03	22.23	2	2	9	
6	246.93	137.03	226.84	175.06	43.02	1	9	
7	226.84	175.06	221.29	185.56	11.87	2	7	9	
8	221.29	185.56	214.89	197.67	13.70	1	7	
9	214.89	197.67	200.37	225.16	31.09	2	7	13	
10	200.37	225.16	192.00	241.00	17.91	1	13	

10	14	106.963	4
1	276.00	82.00	237.11	72.65	40.00	2	10	11	
2	237.11	72.65	206.94	65.40	31.03	1	11	
3	206.94	65.40	195.34	62.61	11.93	0	
4	195.34	62.61	172.00	57.00	24.00	1	14	

10	15	183.984	8
1	276.00	82.00	276.08	82.79	0.80	2	10	11	
2	276.08	82.79	277.70	98.39	15.68	3	2	10	11	
3	277.70	98.39	280.13	121.79	23.52	2	2	10	
4	280.13	121.79	280.60	126.34	4.58	1	2	
5	280.60	126.34	284.31	162.00	35.85	1	2	
6	284.31	162.00	285.61	174.58	12.65	0	
7	285.61	174.58	294.07	256.05	81.91	0	
8	294.07	256.05	295.00	265.00	9.00	1	15	

11	0	256.889	5
1	246.00	74.00	237.42	71.42	8.96	2	10	11	
2	237.42	71.42	207.70	62.48	31.04	1	11	
3	207.70	62.48	195.92	58.94	12.29	0	
4	195.92	58.94	150.98	45.42	46.93	1	14	
5	150.98	45.42	0.00	0.00	157.66	0	

11	1	38.833	2
1	246.00	74.00	272.26	68.47	26.83	2	10	11	
2	272.26	68.47	284.00	66.00	12.00	3	1	10	11	

11	2	61.221	4
1	246.00	74.00	259.17	90.64	21.22	2	10	11	
2	259.17	90.64	270.83	105.36	18.78	3	2	10	11	
3	270.83	105.36	283.45	121.30	20.33	2	2	10	
4	283.45	121.30	284.00	122.00	0.89	1	2	

11	3	257.257	4
1	246.00	74.00	236.24	77.65	10.42	2	10	11	
2	236.24	77.65	208.53	87.99	29.58	1	11	
3	208.53	87.99	37.79	151.76	182.26	0	
4	37.79	151.76	5.00	164.00	35.00	1	3	

11	4	46.043	4
1	246.00	74.00	238.27	68.71	9.36	2	10	11	
2	238.27	68.71	212.99	51.41	30.64	1	11	
3	212.99	51.41	211.30	50.26	2.04	0	
4	211.30	50.26	208.00	48.00	4.00	1	4	

11	5	280.409	8
1	246.00	74.00	236.28	86.75	16.03	2	10	11	
2	236.28	86.75	221.75	105.81	23.97	1	11	
3	221.75	105.81	193.51	142.85	46.58	0	
4	193.51	142.85	158.61	188.63	57.57	1	7	
5	158.61	188.63	146.61	204.37	19.79	2	7	8	
6	146.61	204.37	134.19	220.67	20.49	1	8	
7	134.19	220.67	98.43	267.58	58.98	0	
8	98.43	267.58	76.00	297.00	37.00	1	5	

11	6	290.147	6
1	246.00	74.00	236.03	80.41	11.85	2	10	11	
2	236.03	80.41	212.36	95.64	28.15	1	11	
3	212.36	95.64	134.75	145.58	92.28	0	
4	134.75	145.58	77.00	182.74	68.68	1	8	
5	77.00	182.74	8.73	226.67	81.19	0	
6	8.73	226.67	2.00	231.00	8.00	1	6	

11	7	126.657	6
1	246.00	74.00	236.92	90.52	18.86	2	10	11	
2	236.92	90.52	226.74	109.06	21.14	1	11	
3	226.74	109.06	216.96	126.85	20.30	0	
4	216.96	126.85	208.90	141.51	16.73	1	9	
5	208.90	141.51	205.71	147.32	6.63	0	
6	205.71	147.32	185.00	185.00	43.00	1	7	

11	8	168.122	4
1	246.00	74.00	236.00	82.51	13.13	2	10	11	
2	236.00	82.51	215.55	99.93	26.87	1	11	
3	215.55	99.93	149.22	156.42	87.12	0	
4	149.22	156.42	118.00	183.00	41.00	1	8	

11	9	80.056	6
1	246.00	74.00	247.21	106.30	32.32	2	10	11	
2	247.21	106.30	247.35	109.91	3.62	2	10	11	
3	247.35	109.91	247.43	112.03	2.12	2	2	11	
4	247.43	112.03	247.50	113.97	1.94	2	2	11	
5	247.50	113.97	248.49	140.41	26.46	2	2	9	
6	248.49	140.41	249.00	154.00	13.60	1	9	

11	10	31.048	1
1	246.00	74.00	276.00	82.00	31.05	2	10	11	

11	11	0	0

11	12	141.421	4
1	246.00	74.00	236.08	79.44	11.31	2	10	11	
2	236.08	79.44	210.93	93.23	28.69	1	11	
3	210.93	93.23	125.51	140.08	97.42	0	
4	125.51	140.08	122.00	142.00	4.00	1	12	

11	13	175.514	8
1	246.00	74.00	238.72	96.51	23.65	2	10	11	
2	238.72	96.51	233.69	112.06	16.35	1	11	
3	233.69	112.06	232.64	115.32	3.42	0	
4	232.64	115.32	218.73	158.33	45.21	1	9	
5	218.73	158.33	213.09	175.78	18.34	2	7	9	
6	213.09	175.78	207.08	194.38	19.54	1	7	
7	207.08	194.38	196.73	226.37	33.62	1	7	
8	196.73	226.37	192.00	241.00	15.38	1	13	

11	14	75.928	4
1	246.00	74.00	237.27	71.99	8.96	2	10	11	
2	237.27	71.99	207.02	65.04	31.04	1	11	
3	207.02	65.04	195.39	62.37	11.93	0	
4	195.39	62.37	172.00	57.00	24.00	1	14	

11	15	197.185	8
1	246.00	74.00	252.12	97.84	24.62	2	10	11	
2	252.12	97.84	255.89	112.57	15.20	3	2	10	11	
3	255.89	112.57	255.94	112.75	0.18	4	2	9	10	11	
4	255.94	112.75	257.10	117.25	4.65	3	2	9	10	
5	257.10	117.25	267.68	158.52	42.61	2	2	9	
6	267.68	158.52	274.99	186.99	29.40	0	
7	274.99	186.99	292.76	256.28	71.53	0	
8	292.76	256.28	295.00	265.00	9.00	1	15	

12	0	187.211	2
1	122.00	142.00	119.39	138.97	4.00	1	12	
2	119.39	138.97	0.00	0.00	183.21	0	

12	1	178.941	5
1	122.00	142.00	125.62	140.30	4.00	1	12	
2	125.62	140.30	214.47	98.62	98.14	0	
3	214.47	98.62	236.50	88.29	24.33	1	11	
4	236.50	88.29	273.14	71.10	40.47	2	10	11	
5	273.14	71.10	284.00	66.00	12.00	3	1	10	11	

12	2	163.230	5
1	122.00	142.00	125.97	141.51	4.00	1	12	
2	125.97	141.51	214.10	130.63	88.80	0	
3	214.10	130.63	244.30	126.90	30.43	1	9	
4	244.30	126.90	277.17	122.84	33.11	2	2	9	
5	277.17	122.84	284.00	122.00	6.89	1	2	

12	3	119.050	5
1	122.00	142.00	121.29	142.13	0.72	1	12	
2	121.29	142.13	118.07	142.74	3.28	2	8	12	
3	118.07	142.74	100.09	146.12	18.30	1	8	
4	100.09	146.12	39.40	157.53	61.75	0	
5	39.40	157.53	5.00	164.00	35.00	1	3	

12	4	127.405	5
1	122.00	142.00	124.70	139.05	4.00	1	12	
2	124.70	139.05	178.67	80.05	79.96	0	
3	178.67	80.05	195.55	61.60	25.01	1	14	
4	195.55	61.60	205.30	50.95	14.44	0	
5	205.30	50.95	208.00	48.00	4.00	1	4	

12	5	161.682	5
1	122.00	142.00	121.94	142.19	0.20	1	12	
2	121.94	142.19	120.86	145.83	3.80	2	8	12	
3	120.86	145.83	99.04	219.35	76.69	1	8	
4	99.04	219.35	86.53	261.53	43.99	0	
5	86.53	261.53	76.00	297.00	37.00	0	

12	6	149.402	5
1	122.00	142.00	121.77	142.17	0.29	1	12	
2	121.77	142.17	118.79	144.38	3.71	2	8	12	
3	118.79	144.38	77.84	174.75	50.98	1	8	
4	77.84	174.75	8.43	226.23	86.42	0	
5	8.43	226.23	2.00	231.00	8.00	1	6	

12	7	76.276	5
1	122.00	142.00	122.34	142.23	0.41	1	12	
2	122.34	142.23	125.30	144.25	3.59	2	8	12	
3	125.30	144.25	149.48	160.76	29.28	1	8	
4	149.48	160.76	154.39	164.11	5.94	2	7	8	
5	154.39	164.11	185.00	185.00	37.06	1	7	

12	8	41.195	3
1	122.00	142.00	121.98	142.19	0.19	1	12	
2	121.98	142.19	121.61	145.98	3.81	2	8	12	
3	121.61	145.98	118.00	183.00	37.19	1	8	

12	9	127.566	5
1	122.00	142.00	125.98	142.38	4.00	1	12	
2	125.98	142.38	166.46	146.20	40.66	0	
3	166.46	146.20	207.19	150.05	40.91	1	7	
4	207.19	150.05	210.48	150.36	3.31	2	7	9	
5	210.48	150.36	249.00	154.00	38.69	1	9	

12	10	165.276	4
1	122.00	142.00	125.73	140.55	4.00	1	12	
2	125.73	140.55	219.54	104.00	100.68	0	
3	219.54	104.00	238.73	96.52	20.59	1	11	
4	238.73	96.52	276.00	82.00	40.00	2	10	11	

12	11	141.421	4
1	122.00	142.00	125.51	140.08	4.00	1	12	
2	125.51	140.08	210.93	93.23	97.42	0	
3	210.93	93.23	236.08	79.44	28.69	1	11	
4	236.08	79.44	246.00	74.00	11.31	2	10	11	

12	12	0	0

12	13	121.248	7
1	122.00	142.00	122.15	142.21	0.26	1	12	
2	122.15	142.21	124.31	145.27	3.74	2	8	12	
3	124.31	145.27	143.77	172.79	33.71	1	8	
4	143.77	172.79	157.84	192.69	24.37	2	7	8	
5	157.84	192.69	163.71	200.99	10.17	1	7	
6	163.71	200.99	182.77	227.94	33.01	2	7	13	
7	182.77	227.94	192.00	241.00	15.99	1	13	

12	14	98.615	3
1	122.00	142.00	124.03	138.55	4.00	1	12	
2	124.03	138.55	159.83	77.69	70.62	0	
3	159.83	77.69	172.00	57.00	24.00	1	14	

12	15	212.269	9
1	122.00	142.00	122.32	142.23	0.39	1	12	
2	122.32	142.23	125.26	144.32	3.61	2	8	12	
3	125.26	144.32	149.13	161.29	29.29	1	8	
4	149.13	161.29	155.09	165.53	7.31	2	7	8	
5	155.09	165.53	192.33	192.00	45.69	1	7	
6	192.33	192.00	219.18	211.09	32.95	2	7	13	
7	219.18	211.09	238.17	224.60	23.31	1	13	
8	238.17	224.60	287.67	259.78	60.73	0	
9	287.67	259.78	295.00	265.00	9.00	1	15	

13	0	308.131	6
1	192.00	241.00	181.53	227.86	16.80	1	13	
2	181.53	227.86	161.47	202.68	32.20	2	7	13	
3	161.47	202.68	156.66	196.64	7.71	1	7	
4	156.66	196.64	142.45	178.80	22.81	2	7	8	
5	142.45	178.80	113.34	142.27	46.71	1	8	
6	113.34	142.27	0.00	0.00	181.89	0	

13	1	197.709	11
1	192.00	241.00	200.32	225.18	17.87	1	13	
2	200.32	225.18	214.80	197.63	31.13	2	7	13	
3	214.80	197.63	221.19	185.47	13.73	1	7	
4	221.19	185.47	226.78	174.84	12.02	2	7	9	
5	226.78	174.84	246.81	136.74	43.05	1	9	
6	246.81	136.74	257.07	117.23	22.03	2	2	9	
7	257.07	117.23	259.16	113.25	4.50	3	2	9	10	
8	259.16	113.25	260.12	111.43	2.06	2	2	10	
9	260.12	111.43	275.06	83.01	32.10	3	2	10	11	
10	275.06	83.01	278.42	76.62	7.22	2	10	11	
11	278.42	76.62	284.00	66.00	12.00	3	1	10	11	

13	2	150.416	7
1	192.00	241.00	206.51	222.23	23.72	1	13	
2	206.51	222.23	221.97	202.23	25.28	2	7	13	
3	221.97	202.23	226.45	196.44	7.33	1	7	
4	226.45	196.44	230.22	191.57	6.16	0	
5	230.22	191.57	259.53	153.65	47.93	1	9	
6	259.53	153.65	280.63	126.36	34.48	2	2	9	
7	280.63	126.36	284.00	122.00	5.52	1	2	

13	3	202.233	5
1	192.00	241.00	146.69	222.34	49.00	1	13	
2	146.69	222.34	138.03	218.78	9.37	0	
3	138.03	218.78	78.59	194.30	64.28	1	8	
4	78.59	194.30	37.36	177.33	44.58	0	
5	37.36	177.33	5.00	164.00	35.00	1	3	

13	4	193.662	5
1	192.00	241.00	193.14	227.22	13.83	1	13	
2	193.14	227.22	196.05	192.17	35.18	1	7	
3	196.05	192.17	199.98	144.70	47.63	1	7	
4	199.98	144.70	207.67	51.99	93.03	0	
5	207.67	51.99	208.00	48.00	4.00	1	4	

13	5	128.810	3
1	192.00	241.00	147.87	262.30	49.00	1	13	
2	147.87	262.30	109.32	280.91	42.81	0	
3	109.32	280.91	76.00	297.00	37.00	1	5	

13	6	190.263	3
1	192.00	241.00	143.07	238.42	49.00	1	13	
2	143.07	238.42	9.99	231.42	133.26	0	
3	9.99	231.42	2.00	231.00	8.00	1	6	

13	7	56.436	3
1	192.00	241.00	190.33	227.67	13.44	1	13	
2	190.33	227.67	185.92	192.38	35.56	2	7	13	
3	185.92	192.38	185.00	185.00	7.44	1	7	

13	8	94.021	5
1	192.00	241.00	173.37	226.40	23.67	1	13	
2	173.37	226.40	153.43	210.77	25.33	2	7	13	
3	153.43	210.77	150.27	208.29	4.02	1	7	
4	150.27	208.29	147.58	206.19	3.42	2	7	8	
5	147.58	206.19	118.00	183.00	37.58	1	8	

13	9	104.010	5
1	192.00	241.00	203.15	223.98	20.35	1	13	
2	203.15	223.98	218.85	200.01	28.65	2	7	13	
3	218.85	200.01	225.98	189.13	13.01	1	7	
4	225.98	189.13	227.99	186.07	3.66	2	7	9	
5	227.99	186.07	249.00	154.00	38.34	1	9	

13	10	179.825	10
1	192.00	241.00	200.37	225.16	17.91	1	13	
2	200.37	225.16	214.89	197.67	31.09	2	7	13	
3	214.89	197.67	221.29	185.56	13.70	1	7	
4	221.29	185.56	226.84	175.06	11.87	2	7	9	
5	226.84	175.06	246.93	137.03	43.02	1	9	
6	246.93	137.03	257.32	117.37	22.23	2	2	9	
7	257.32	117.37	259.45	113.32	4.58	3	2	9	10	
8	259.45	113.32	260.54	111.26	2.33	2	2	10	
9	260.54	111.26	275.52	82.91	32.07	3	2	10	11	
10	275.52	82.91	276.00	82.00	1.03	2	10	11	

13	11	175.514	8
1	192.00	241.00	196.73	226.37	15.38	1	13	
2	196.73	226.37	207.08	194.38	33.62	1	7	
3	207.08	194.38	213.09	175.78	19.54	1	7	
4	213.09	175.78	218.73	158.33	18.34	2	7	9	
5	218.73	158.33	232.64	115.32	45.21	1	9	
6	232.64	115.32	233.69	112.06	3.42	0	
7	233.69	112.06	238.72	96.51	16.35	1	11	
8	238.72	96.51	246.00	74.00	23.65	2	10	11	

13	12	121.248	7
1	192.00	241.00	182.77	227.94	15.99	1	13	
2	182.77	227.94	163.71	200.99	33.01	2	7	13	
3	163.71	200.99	157.84	192.69	10.17	1	7	
4	157.84	192.69	143.77	172.79	24.37	2	7	8	
5	143.77	172.79	124.31	145.27	33.71	1	8	
6	124.31	145.27	122.15	142.21	3.74	2	8	12	
7	122.15	142.21	122.00	142.00	0.26	1	12	

13	13	0	0

13	14	185.084	5
1	192.00	241.00	190.55	227.64	13.44	1	13	
2	190.55	227.64	186.71	192.29	35.56	2	7	13	
3	186.71	192.29	181.26	142.16	50.42	1	7	
4	181.26	142.16	174.59	80.86	61.67	0	
5	174.59	80.86	172.00	57.00	24.00	1	14	

13	15	105.759	3
1	192.00	241.00	239.72	252.12	49.00	1	13	
2	239.72	252.12	286.23	262.96	47.76	0	
3	286.23	262.96	295.00	265.00	9.00	1	15	

14	0	181.199	2
1	172.00	57.00	149.22	49.45	24.00	1	14	
2	149.22	49.45	0.00	0.00	157.20	0	

14	1	112.361	5
1	172.00	57.00	195.92	58.92	24.00	1	14	
2	195.92	58.92	208.55	59.94	12.67	0	
3	208.55	59.94	241.05	62.55	32.60	1	11	
4	241.05	62.55	272.04	65.04	31.09	2	10	11	
5	272.04	65.04	284.00	66.00	12.00	3	1	10	11	

14	2	129.495	7
1	172.00	57.00	192.76	69.05	24.00	1	14	
2	192.76	69.05	206.10	76.79	15.42	0	
3	206.10	76.79	238.35	95.51	37.29	1	11	
4	238.35	95.51	249.40	101.92	12.78	2	10	11	
5	249.40	101.92	263.37	110.03	16.15	3	2	10	11	
6	263.37	110.03	282.95	121.39	22.64	2	2	10	
7	282.95	121.39	284.00	122.00	1.21	1	2	

14	3	198.338	3
1	172.00	57.00	151.79	69.95	24.00	1	14	
2	151.79	69.95	34.47	145.12	139.34	0	
3	34.47	145.12	5.00	164.00	35.00	1	3	

14	4	37.108	3
1	172.00	57.00	195.28	51.18	24.00	1	14	
2	195.28	51.18	204.12	48.97	9.11	0	
3	204.12	48.97	208.00	48.00	4.00	1	4	

14	5	258.488	5
1	172.00	57.00	163.09	79.28	24.00	1	14	
2	163.09	79.28	136.28	146.30	72.18	0	
3	136.28	146.30	105.93	222.18	81.73	1	8	
4	105.93	222.18	89.74	262.65	43.58	0	
5	89.74	262.65	76.00	297.00	37.00	1	5	

14	6	243.261	3
1	172.00	57.00	155.23	74.17	24.00	1	14	
2	155.23	74.17	7.59	225.28	211.26	0	
3	7.59	225.28	2.00	231.00	8.00	1	6	

14	7	128.658	3
1	172.00	57.00	174.43	80.88	24.00	1	14	
2	174.43	80.88	180.66	142.22	61.66	0	
3	180.66	142.22	185.00	185.00	43.00	1	7	

14	8	137.084	3
1	172.00	57.00	162.55	79.06	24.00	1	14	
2	162.55	79.06	134.15	145.31	72.08	0	
3	134.15	145.31	118.00	183.00	41.00	1	8	

14	9	123.847	3
1	172.00	57.00	186.92	75.80	24.00	1	14	
2	186.92	75.80	222.89	121.10	57.85	0	
3	222.89	121.10	249.00	154.00	42.00	1	9	

14	10	106.963	4
1	172.00	57.00	195.34	62.61	24.00	1	14	
2	195.34	62.61	206.94	65.40	11.93	0	
3	206.94	65.40	237.11	72.65	31.03	1	11	
4	237.11	72.65	276.00	82.00	40.00	2	10	11	

14	11	75.928	4
1	172.00	57.00	195.39	62.37	24.00	1	14	
2	195.39	62.37	207.02	65.04	11.93	0	
3	207.02	65.04	237.27	71.99	31.04	1	11	
4	237.27	71.99	246.00	74.00	8.96	2	10	11	

14	12	98.615	3
1	172.00	57.00	159.83	77.69	24.00	1	14	
2	159.83	77.69	124.03	138.55	70.62	0	
3	124.03	138.55	122.00	142.00	4.00	1	12	

14	13	185.084	5
1	172.00	57.00	174.59	80.86	24.00	1	14	
2	174.59	80.86	181.26	142.16	61.67	0	
3	181.26	142.16	186.71	192.29	50.42	1	7	
4	186.71	192.29	190.55	227.64	35.56	2	7	13	
5	190.55	227.64	192.00	241.00	13.44	1	13	

14	14	0	0

14	15	241.646	5
1	172.00	57.00	184.22	77.66	24.00	1	14	
2	184.22	77.66	214.88	129.51	60.24	0	
3	214.88	129.51	254.02	195.70	76.90	1	9	
4	254.02	195.70	290.42	257.25	71.51	0	
5	290.42	257.25	295.00	265.00	9.00	1	15	

15	0	396.548	4
1	295.00	265.00	288.30	258.99	9.00	1	15	
2	288.30	258.99	224.60	201.76	85.63	0	
3	224.60	201.76	164.11	147.42	81.32	1	7	
4	164.11	147.42	0.00	0.00	220.60	0	

15	1	199.304	9
1	295.00	265.00	294.50	256.01	9.00	1	15	
2	294.50	256.01	289.48	165.19	90.97	0	
3	289.48	165.19	289.29	161.65	3.54	1	9	
4	289.29	161.65	288.00	138.42	23.26	2	2	9	
5	288.00	138.42	287.01	120.46	17.99	1	2	
6	287.01	120.46	284.95	83.12	37.39	1	2	
7	284.95	83.12	284.88	82.01	1.11	2	2	10	
8	284.88	82.01	284.66	77.98	4.04	2	10	11	
9	284.66	77.98	284.00	66.00	12.00	3	1	10	11	

15	2	143.422	5
1	295.00	265.00	294.31	256.03	9.00	1	15	
2	294.31	256.03	287.71	170.28	85.99	0	
3	287.71	170.28	287.07	161.88	8.43	1	9	
4	287.07	161.88	284.77	131.99	29.99	1	9	
5	284.77	131.99	284.00	122.00	10.01	1	2	

15	3	307.085	9
1	295.00	265.00	286.50	262.04	9.00	1	15	
2	286.50	262.04	240.73	246.10	48.46	0	
3	240.73	246.10	188.38	227.87	55.44	1	13	
4	188.38	227.87	155.72	216.49	34.58	2	7	13	
5	155.72	216.49	150.64	214.72	5.38	1	13	
6	150.64	214.72	145.88	213.06	5.04	0	
7	145.88	213.06	77.48	189.24	72.43	1	8	
8	77.48	189.24	38.05	175.51	41.75	0	
9	38.05	175.51	5.00	164.00	35.00	1	3	

15	4	233.791	7
1	295.00	265.00	291.65	256.65	9.00	1	15	
2	291.65	256.65	265.91	192.44	69.17	0	
3	265.91	192.44	234.67	114.52	83.95	1	9	
4	234.67	114.52	233.68	112.06	2.66	0	
5	233.68	112.06	210.80	54.99	61.48	1	11	
6	210.80	54.99	209.49	51.71	3.53	0	
7	209.49	51.71	208.00	48.00	4.00	1	4	

15	5	221.326	5
1	295.00	265.00	286.09	266.30	9.00	1	15	
2	286.09	266.30	227.40	274.88	59.32	0	
3	227.40	274.88	167.77	283.59	60.26	1	13	
4	167.77	283.59	112.61	291.65	55.75	0	
5	112.61	291.65	76.00	297.00	37.00	1	5	

15	6	294.966	5
1	295.00	265.00	286.06	263.96	9.00	1	15	
2	286.06	263.96	237.82	258.36	48.56	0	
3	237.82	258.36	143.42	247.41	95.03	1	13	
4	143.42	247.41	9.95	231.92	134.37	0	
5	9.95	231.92	2.00	231.00	8.00	1	6	

15	7	136.015	5
1	295.00	265.00	287.72	259.71	9.00	1	15	
2	287.72	259.71	237.70	223.33	61.85	0	
3	237.70	223.33	219.78	210.29	22.17	1	13	
4	219.78	210.29	194.73	192.08	30.97	2	7	13	
5	194.73	192.08	185.00	185.00	12.03	1	7	

15	8	195.072	7
1	295.00	265.00	286.83	261.22	9.00	1	15	
2	286.83	261.22	240.99	239.98	50.53	0	
3	240.99	239.98	204.76	223.19	39.93	1	13	
4	204.76	223.19	161.10	202.97	48.11	2	7	13	
5	161.10	202.97	155.20	200.23	6.50	1	7	
6	155.20	200.23	143.09	194.62	13.35	2	7	8	
7	143.09	194.62	118.00	183.00	27.65	1	8	

15	9	120.154	3
1	295.00	265.00	291.55	256.69	9.00	1	15	
2	291.55	256.69	265.08	192.80	69.15	0	
3	265.08	192.80	249.00	154.00	42.00	0	

15	10	183.984	8
1	295.00	265.00	294.07	256.05	9.00	1	15	
2	294.07	256.05	285.61	174.58	81.91	0	
3	285.61	174.58	284.31	162.00	12.65	0	
4	284.31	162.00	280.60	126.34	35.85	1	2	
5	280.60	126.34	280.13	121.79	4.58	1	2	
6	280.13	121.79	277.70	98.39	23.52	2	2	10	
7	277.70	98.39	276.08	82.79	15.68	3	2	10	11	
8	276.08	82.79	276.00	82.00	0.80	2	10	11	

15	11	197.185	8
1	295.00	265.00	292.76	256.28	9.00	1	15	
2	292.76	256.28	274.99	186.99	71.53	0	
3	274.99	186.99	267.68	158.52	29.40	0	
4	267.68	158.52	257.10	117.25	42.61	2	2	9	
5	257.10	117.25	255.94	112.75	4.65	3	2	9	10	
6	255.94	112.75	255.89	112.57	0.18	4	2	9	10	11	
7	255.89	112.57	252.12	97.84	15.20	3	2	10	11	
8	252.12	97.84	246.00	74.00	24.62	2	10	11	

15	12	212.269	9
1	295.00	265.00	287.67	259.78	9.00	1	15	
2	287.67	259.78	238.17	224.60	60.73	0	
3	238.17	224.60	219.18	211.09	23.31	1	13	
4	219.18	211.09	192.33	192.00	32.95	2	7	13	
5	192.33	192.00	155.09	165.53	45.69	1	7	
6	155.09	165.53	149.13	161.29	7.31	2	7	8	
7	149.13	161.29	125.26	144.32	29.29	1	8	
8	125.26	144.32	122.32	142.23	3.61	2	8	12	
9	122.32	142.23	122.00	142.00	0.39	1	12	

15	13	105.759	3
1	295.00	265.00	286.23	262.96	9.00	1	15	
2	286.23	262.96	239.72	252.12	47.76	0	
3	239.72	252.12	192.00	241.00	49.00	1	13	

15	14	241.646	5
1	295.00	265.00	290.42	257.25	9.00	1	15	
2	290.42	257.25	254.02	195.70	71.51	0	
3	254.02	195.70	214.88	129.51	76.90	1	9	
4	214.88	129.51	184.22	77.66	60.24	0	
5	184.22	77.66	172.00	57.00	24.00	1	14	

15	15	0	0
