16	465	2	0.001	120.0
0.000	0.000	0.000	2.000	0.000
75.000	265.000	32.000	8.000	10.000
36.000	99.000	20.000	9.000	15.000
183.000	127.000	39.000	3.000	3.000
81.000	20.000	9.000	1.000	13.000
182.000	287.000	28.000	9.000	4.000
56.000	133.000	2.000	10.000	6.000
112.000	163.000	43.000	10.000	6.000
74.000	277.000	21.000	8.000	10.000
295.000	152.000	1.000	9.000	12.000
251.000	69.000	18.000	6.000	7.000
196.000	105.000	10.000	9.000	10.000
178.000	267.000	15.000	3.000	1.000
7.000	41.000	34.000	1.000	4.000
174.000	36.000	49.000	4.000	19.000
251.000	240.000	15.000	7.000	6.000

0	0	0	0

0	1	275.409	7
1	0.00	0.00	2.08	7.36	7.65	0	
2	2.08	7.36	20.44	72.23	67.42	1	13	
3	20.44	72.23	23.58	83.32	11.53	0	
4	23.58	83.32	33.64	118.86	36.93	1	2	
5	33.64	118.86	66.29	234.21	119.88	0	
6	66.29	234.21	72.47	256.06	22.70	1	1	
7	72.47	256.06	75.00	265.00	9.30	2	1	8	

0	2	105.342	4
1	0.00	0.00	2.65	7.28	7.75	0	
2	2.65	7.28	25.32	69.64	66.36	1	13	
3	25.32	69.64	29.17	80.20	11.24	0	
4	29.17	80.20	36.00	99.00	20.00	1	2	

0	3	222.751	4
1	0.00	0.00	10.32	7.16	12.56	0	
2	10.32	7.16	37.54	26.05	33.13	1	13	
3	37.54	26.05	150.96	104.76	138.06	0	
4	150.96	104.76	183.00	127.00	39.00	1	3	

0	4	83.433	2
1	0.00	0.00	72.26	17.84	74.43	0	
2	72.26	17.84	81.00	20.00	9.00	1	4	

0	5	339.843	8
1	0.00	0.00	4.50	7.09	8.40	0	
2	4.50	7.09	36.60	57.72	59.95	1	13	
3	36.60	57.72	83.15	131.12	86.91	0	
4	83.15	131.12	128.54	202.69	84.75	1	7	
5	128.54	202.69	164.80	259.88	67.71	0	
6	164.80	259.88	167.00	263.35	4.12	1	12	
7	167.00	263.35	178.82	281.98	22.05	2	5	12	
8	178.82	281.98	182.00	287.00	5.95	1	5	

0	6	144.309	6
1	0.00	0.00	3.04	7.23	7.85	0	
2	3.04	7.23	28.39	67.43	65.32	1	13	
3	28.39	67.43	33.34	79.18	12.75	0	
4	33.34	79.18	48.32	114.76	38.60	1	2	
5	48.32	114.76	55.22	131.16	17.80	0	
6	55.22	131.16	56.00	133.00	2.00	1	6	

0	7	197.770	4
1	0.00	0.00	4.86	7.07	8.58	0	
2	4.86	7.07	37.91	55.17	58.36	1	13	
3	37.91	55.17	87.65	127.56	87.83	0	
4	87.65	127.56	112.00	163.00	43.00	1	7	

0	8	286.714	7
1	0.00	0.00	1.97	7.37	7.63	0	
2	1.97	7.37	19.41	72.65	67.57	1	13	
3	19.41	72.65	22.50	84.24	11.99	0	
4	22.50	84.24	31.66	118.52	35.49	1	2	
5	31.66	118.52	62.88	235.38	120.96	0	
6	62.88	235.38	68.58	256.71	22.08	0	
7	68.58	256.71	74.00	277.00	21.00	2	1	8	

0	9	331.857	10
1	0.00	0.00	15.87	8.18	17.85	0	
2	15.87	8.18	28.58	14.73	14.30	1	13	
3	28.58	14.73	142.17	73.25	127.78	0	
4	142.17	73.25	162.14	83.54	22.46	1	14	
5	162.14	83.54	173.21	89.25	12.46	0	
6	173.21	89.25	189.33	97.55	18.13	1	3	
7	189.33	97.55	205.94	106.11	18.69	2	3	11	
8	205.94	106.11	219.42	113.06	15.17	1	3	
9	219.42	113.06	294.11	151.54	84.02	0	
10	294.11	151.54	295.00	152.00	1.00	1	9	

0	10	260.311	6
1	0.00	0.00	72.00	19.79	74.67	0	
2	72.00	19.79	88.84	24.42	17.46	1	4	
3	88.84	24.42	125.03	34.37	37.53	0	
4	125.03	34.37	216.92	59.63	95.31	1	14	
5	216.92	59.63	233.64	64.23	17.34	0	
6	233.64	64.23	251.00	69.00	18.00	1	10	

0	11	222.353	5
1	0.00	0.00	14.73	7.89	16.71	0	
2	14.73	7.89	30.28	16.22	17.65	1	13	
3	30.28	16.22	169.07	90.57	157.45	0	
4	169.07	90.57	187.19	100.28	20.55	1	3	
5	187.19	100.28	196.00	105.00	10.00	2	3	11	

0	12	320.894	7
1	0.00	0.00	4.72	7.08	8.51	0	
2	4.72	7.08	37.44	56.15	58.98	1	13	
3	37.44	56.15	85.89	128.83	87.35	0	
4	85.89	128.83	133.49	200.24	85.82	1	7	
5	133.49	200.24	169.68	254.52	65.23	0	
6	169.68	254.52	173.54	260.31	6.96	1	12	
7	173.54	260.31	178.00	267.00	8.04	2	5	12	

0	13	41.593	2
1	0.00	0.00	1.28	7.48	7.59	0	
2	1.28	7.48	7.00	41.00	34.00	0	

0	14	177.685	4
1	0.00	0.00	73.40	15.19	74.95	0	
2	73.40	15.19	89.89	18.60	16.84	1	4	
3	89.89	18.60	126.02	26.07	36.89	0	
4	126.02	26.07	174.00	36.00	49.00	1	14	

0	15	347.277	8
1	0.00	0.00	7.32	7.00	10.13	0	
2	7.32	7.00	40.95	39.16	46.53	1	13	
3	40.95	39.16	129.30	123.63	122.24	0	
4	129.30	123.63	146.14	139.73	23.29	1	7	
5	146.14	139.73	150.55	143.95	6.11	2	3	7	
6	150.55	143.95	171.93	164.40	29.58	1	3	
7	171.93	164.40	240.16	229.63	94.40	0	
8	240.16	229.63	251.00	240.00	15.00	1	15	

1	0	275.409	7
1	75.00	265.00	72.47	256.06	9.30	2	1	8	
2	72.47	256.06	66.29	234.21	22.70	1	1	
3	66.29	234.21	33.64	118.86	119.88	0	
4	33.64	118.86	23.58	83.32	36.93	1	2	
5	23.58	83.32	20.44	72.23	11.53	0	
6	20.44	72.23	2.08	7.36	67.42	1	13	
7	2.08	7.36	0.00	0.00	7.65	0	

1	1	0	0

1	2	170.520	4
1	75.00	265.00	72.89	256.03	9.22	2	1	8	
2	72.89	256.03	67.68	233.85	22.78	1	1	
3	67.68	233.85	40.57	118.47	118.52	0	
4	40.57	118.47	36.00	99.00	20.00	1	2	

1	3	175.237	6
1	75.00	265.00	81.08	257.23	9.87	2	1	8	
2	81.08	257.23	94.72	239.80	22.13	1	1	
3	94.72	239.80	122.12	204.79	44.45	0	
4	122.12	204.79	155.00	162.78	53.35	1	7	
5	155.00	162.78	158.96	157.71	6.43	0	
6	158.96	157.71	183.00	127.00	39.00	1	3	

1	4	245.073	6
1	75.00	265.00	75.22	256.04	8.97	2	1	8	
2	75.22	256.04	75.78	233.01	23.03	1	1	
3	75.78	233.01	76.89	187.82	45.20	0	
4	76.89	187.82	78.15	136.49	51.36	0	
5	78.15	136.49	80.78	29.00	107.52	0	
6	80.78	29.00	81.00	20.00	9.00	1	4	

1	5	109.238	4
1	75.00	265.00	93.32	268.77	18.70	2	1	8	
2	93.32	268.77	106.34	271.44	13.30	1	1	
3	106.34	271.44	154.57	281.36	49.24	0	
4	154.57	281.36	182.00	287.00	28.00	1	5	

1	6	133.360	4
1	75.00	265.00	73.70	256.00	9.09	1	1	
2	73.70	256.00	70.44	233.33	22.91	1	1	
3	70.44	233.33	56.28	134.98	99.36	0	
4	56.28	134.98	56.00	133.00	2.00	1	6	

1	7	108.503	4
1	75.00	265.00	78.12	256.41	9.14	2	1	8	
2	78.12	256.41	85.91	234.92	22.86	1	1	
3	85.91	234.92	97.34	203.42	33.50	0	
4	97.34	203.42	112.00	163.00	43.00	1	7	

1	8	12.042	1
1	75.00	265.00	74.00	277.00	12.04	2	1	8	

1	9	247.324	4
1	75.00	265.00	85.65	259.53	11.97	2	1	8	
2	85.65	259.53	103.46	250.38	20.03	1	1	
3	103.46	250.38	294.11	152.46	214.32	0	
4	294.11	152.46	295.00	152.00	1.00	1	9	

1	10	263.424	8
1	75.00	265.00	81.75	257.48	10.10	2	1	8	
2	81.75	257.48	96.38	241.19	21.90	1	1	
3	96.38	241.19	132.80	200.64	54.50	0	
4	132.80	200.64	151.65	179.64	28.22	1	7	
5	151.65	179.64	166.99	162.56	22.95	0	
6	166.99	162.56	216.64	107.27	74.32	1	3	
7	216.64	107.27	238.97	82.39	33.43	0	
8	238.97	82.39	251.00	69.00	18.00	1	10	

1	11	200.602	7
1	75.00	265.00	80.92	257.17	9.81	2	1	8	
2	80.92	257.17	94.30	239.48	22.19	1	1	
3	94.30	239.48	120.22	205.21	42.97	0	
4	120.22	205.21	154.85	159.41	57.41	1	7	
5	154.85	159.41	157.23	156.27	3.94	0	
6	157.23	156.27	189.97	112.98	54.28	1	3	
7	189.97	112.98	196.00	105.00	10.00	2	3	11	

1	12	103.019	5
1	75.00	265.00	91.45	265.32	16.45	2	1	8	
2	91.45	265.32	106.99	265.62	15.55	1	1	
3	106.99	265.62	162.71	266.70	55.73	0	
4	162.71	266.70	163.00	266.71	0.29	1	5	
5	163.00	266.71	178.00	267.00	15.00	2	5	12	

1	13	234.094	6
1	75.00	265.00	72.29	256.07	9.33	2	1	8	
2	72.29	256.07	65.70	234.38	22.67	1	1	
3	65.70	234.38	30.44	118.21	121.40	0	
4	30.44	118.21	20.70	86.12	33.54	1	2	
5	20.70	86.12	16.88	73.53	13.16	0	
6	16.88	73.53	7.00	41.00	34.00	1	13	

1	14	249.483	6
1	75.00	265.00	78.66	256.52	9.23	2	1	8	
2	78.66	256.52	87.70	235.63	22.77	1	1	
3	87.70	235.63	101.11	204.60	33.80	0	
4	101.11	204.60	134.84	126.57	85.01	1	7	
5	134.84	126.57	154.56	80.98	49.67	0	
6	154.56	80.98	174.00	36.00	49.00	1	14	

1	15	177.767	4
1	75.00	265.00	89.59	262.93	14.73	2	1	8	
2	89.59	262.93	106.68	260.50	17.27	1	1	
3	106.68	260.50	236.15	242.11	130.77	0	
4	236.15	242.11	251.00	240.00	15.00	1	15	

2	0	105.342	4
1	36.00	99.00	29.17	80.20	20.00	1	2	
2	29.17	80.20	25.32	69.64	11.24	0	
3	25.32	69.64	2.65	7.28	66.36	1	13	
4	2.65	7.28	0.00	0.00	7.75	0	

2	1	170.520	4
1	36.00	99.00	40.57	118.47	20.00	1	2	
2	40.57	118.47	67.68	233.85	118.52	0	
3	67.68	233.85	72.89	256.03	22.78	1	1	
4	72.89	256.03	75.00	265.00	9.22	2	1	8	

2	2	0	0

2	3	149.643	3
1	36.00	99.00	55.65	102.74	20.00	1	2	
2	55.65	102.74	144.69	119.70	90.64	0	
3	144.69	119.70	183.00	127.00	39.00	1	3	

2	4	90.918	3
1	36.00	99.00	45.90	81.62	20.00	1	2	
2	45.90	81.62	76.55	27.82	61.92	0	
3	76.55	27.82	81.00	20.00	9.00	1	4	

2	5	238.034	7
1	36.00	99.00	48.27	114.80	20.00	1	2	
2	48.27	114.80	72.50	146.00	39.51	0	
3	72.50	146.00	118.69	205.48	75.30	1	7	
4	118.69	205.48	163.50	263.17	73.05	0	
5	163.50	263.17	164.83	264.89	2.17	1	12	
6	164.83	264.89	178.12	282.00	21.67	2	5	12	
7	178.12	282.00	182.00	287.00	6.33	1	5	

2	6	39.446	3
1	36.00	99.00	46.14	116.24	20.00	1	2	
2	46.14	116.24	54.99	131.28	17.45	0	
3	54.99	131.28	56.00	133.00	2.00	1	6	

2	7	99.358	3
1	36.00	99.00	51.30	111.88	20.00	1	2	
2	51.30	111.88	79.11	135.30	36.36	0	
3	79.11	135.30	112.00	163.00	43.00	1	7	

2	8	182.011	4
1	36.00	99.00	40.18	118.56	20.00	1	2	
2	40.18	118.56	64.95	234.62	118.67	0	
3	64.95	234.62	69.62	256.46	22.34	0	
4	69.62	256.46	74.00	277.00	21.00	1	1	

2	9	264.367	5
1	36.00	99.00	55.59	103.01	20.00	1	2	
2	55.59	103.01	144.44	121.19	90.68	0	
3	144.44	121.19	220.75	136.81	77.89	1	3	
4	220.75	136.81	294.02	151.80	74.79	0	
5	294.02	151.80	295.00	152.00	1.00	1	9	

2	10	217.083	5
1	36.00	99.00	55.81	96.24	20.00	1	2	
2	55.81	96.24	157.32	82.07	102.49	0	
3	157.32	82.07	202.66	75.75	45.78	1	14	
4	202.66	75.75	233.17	71.49	30.81	0	
5	233.17	71.49	251.00	69.00	18.00	1	10	

2	11	160.112	4
1	36.00	99.00	55.99	99.75	20.00	1	2	
2	55.99	99.75	151.99	103.35	96.07	0	
3	151.99	103.35	186.01	104.63	34.04	1	3	
4	186.01	104.63	196.00	105.00	10.00	2	3	11	

2	12	219.973	6
1	36.00	99.00	48.91	114.27	20.00	1	2	
2	48.91	114.27	73.65	143.55	38.33	0	
3	73.65	143.55	124.79	204.05	79.22	1	7	
4	124.79	204.05	168.32	255.54	67.42	0	
5	168.32	255.54	172.61	260.62	6.65	1	12	
6	172.61	260.62	178.00	267.00	8.35	2	5	12	

2	13	64.846	3
1	36.00	99.00	27.06	81.11	20.00	1	2	
2	27.06	81.11	22.21	71.41	10.85	0	
3	22.21	71.41	7.00	41.00	34.00	1	13	

2	14	151.700	3
1	36.00	99.00	54.19	90.69	20.00	1	2	
2	54.19	90.69	129.43	56.35	82.70	0	
3	129.43	56.35	174.00	36.00	49.00	1	14	

2	15	257.111	5
1	36.00	99.00	52.72	109.97	20.00	1	2	
2	52.72	109.97	83.93	130.43	37.31	0	
3	83.93	130.43	153.06	175.77	82.68	1	7	
4	153.06	175.77	238.46	231.77	102.12	0	
5	238.46	231.77	251.00	240.00	15.00	1	15	

3	0	222.751	4
1	183.00	127.00	150.96	104.76	39.00	1	3	
2	150.96	104.76	37.54	26.05	138.06	0	
3	37.54	26.05	10.32	7.16	33.13	1	13	
4	10.32	7.16	0.00	0.00	12.56	0	

3	1	175.237	6
1	183.00	127.00	158.96	157.71	39.00	1	3	
2	158.96	157.71	155.00	162.78	6.43	0	
3	155.00	162.78	122.12	204.79	53.35	1	7	
4	122.12	204.79	94.72	239.80	44.45	0	
5	94.72	239.80	81.08	257.23	22.13	1	1	
6	81.08	257.23	75.00	265.00	9.87	2	1	8	

3	2	149.643	3
1	183.00	127.00	144.69	119.70	39.00	1	3	
2	144.69	119.70	55.65	102.74	90.64	0	
3	55.65	102.74	36.00	99.00	20.00	1	2	

3	3	0	0

3	4	147.828	3
1	183.00	127.00	156.09	98.77	39.00	1	3	
2	156.09	98.77	87.21	26.51	99.83	0	
3	87.21	26.51	81.00	20.00	9.00	1	4	

3	5	160.003	5
1	183.00	127.00	182.76	165.99	38.99	1	3	
2	182.76	165.99	182.22	252.60	86.61	0	
3	182.22	252.60	182.18	259.00	6.40	0	
4	182.18	259.00	182.03	281.45	22.45	0	
5	182.03	281.45	182.00	287.00	5.55	1	5	

3	6	127.142	5
1	183.00	127.00	144.04	128.84	39.00	1	3	
2	144.04	128.84	138.46	129.10	5.59	0	
3	138.46	129.10	82.46	131.75	56.06	1	7	
4	82.46	131.75	58.00	132.91	24.49	0	
5	58.00	132.91	56.00	133.00	2.00	1	6	

3	7	79.605	3
1	183.00	127.00	150.35	143.55	36.61	1	3	
2	150.35	143.55	148.22	144.64	2.39	2	3	7	
3	148.22	144.64	112.00	163.00	40.61	1	7	

3	8	185.421	6
1	183.00	127.00	160.07	158.55	39.00	1	3	
2	160.07	158.55	154.92	165.64	8.77	0	
3	154.92	165.64	127.77	203.00	46.18	1	7	
4	127.77	203.00	98.50	243.28	49.79	0	
5	98.50	243.28	86.34	260.01	20.68	1	1	
6	86.34	260.01	74.00	277.00	21.00	2	1	8	

3	9	114.756	3
1	183.00	127.00	221.06	135.50	39.00	1	3	
2	221.06	135.50	294.02	151.78	74.76	0	
3	294.02	151.78	295.00	152.00	1.00	1	9	

3	10	89.376	5
1	183.00	127.00	197.15	114.93	18.59	1	3	
2	197.15	114.93	205.63	107.70	11.15	2	3	11	
3	205.63	107.70	212.67	101.69	9.26	1	3	
4	212.67	101.69	237.31	80.68	32.38	0	
5	237.31	80.68	251.00	69.00	18.00	1	10	

3	11	25.554	2
1	183.00	127.00	190.91	113.61	15.55	1	3	
2	190.91	113.61	196.00	105.00	10.00	2	3	11	

3	12	140.089	4
1	183.00	127.00	181.61	165.98	39.00	0	
2	181.61	165.98	178.54	252.01	86.09	0	
3	178.54	252.01	178.28	259.25	7.25	0	
4	178.28	259.25	178.00	267.00	7.76	2	5	12	

3	13	195.888	3
1	183.00	127.00	147.96	109.88	39.00	1	3	
2	147.96	109.88	37.55	55.93	122.89	0	
3	37.55	55.93	7.00	41.00	34.00	1	13	

3	14	91.444	3
1	183.00	127.00	179.16	88.19	39.00	1	3	
2	179.16	88.19	178.82	84.76	3.44	0	
3	178.82	84.76	174.00	36.00	49.00	1	14	

3	15	131.883	3
1	183.00	127.00	203.11	160.42	39.00	1	3	
2	203.11	160.42	243.27	227.15	77.88	0	
3	243.27	227.15	251.00	240.00	15.00	1	15	

4	0	83.433	2
1	81.00	20.00	72.26	17.84	9.00	1	4	
2	72.26	17.84	0.00	0.00	74.43	0	

4	1	245.073	6
1	81.00	20.00	80.78	29.00	9.00	1	4	
2	80.78	29.00	78.15	136.49	107.52	0	
3	78.15	136.49	76.89	187.82	51.36	0	
4	76.89	187.82	75.78	233.01	45.20	0	
5	75.78	233.01	75.22	256.04	23.03	1	1	
6	75.22	256.04	75.00	265.00	8.97	2	1	8	

4	2	90.918	3
1	81.00	20.00	76.55	27.82	9.00	1	4	
2	76.55	27.82	45.90	81.62	61.92	0	
3	45.90	81.62	36.00	99.00	20.00	1	2	

4	3	147.828	3
1	81.00	20.00	87.21	26.51	9.00	1	4	
2	87.21	26.51	156.09	98.77	99.83	0	
3	156.09	98.77	183.00	127.00	39.00	1	3	

4	4	0	0

4	5	285.465	7
1	81.00	20.00	84.18	28.42	9.00	1	4	
2	84.18	28.42	119.05	120.58	98.54	0	
3	119.05	120.58	145.36	190.13	74.36	1	7	
4	145.36	190.13	169.71	254.50	68.82	0	
5	169.71	254.50	172.09	260.81	6.75	1	12	
6	172.09	260.81	180.06	281.86	22.50	2	5	12	
7	180.06	281.86	182.00	287.00	5.50	1	5	

4	6	115.732	3
1	81.00	20.00	79.06	28.79	9.00	1	4	
2	79.06	28.79	56.43	131.05	104.73	0	
3	56.43	131.05	56.00	133.00	2.00	1	6	

4	7	146.322	3
1	81.00	20.00	82.91	28.80	9.00	1	4	
2	82.91	28.80	102.89	120.98	94.32	0	
3	102.89	120.98	112.00	163.00	43.00	0	

4	8	257.095	6
1	81.00	20.00	80.75	29.00	9.00	1	4	
2	80.75	29.00	77.82	136.92	107.96	0	
3	77.82	136.92	76.45	187.19	50.29	0	
4	76.45	187.19	75.20	233.00	45.83	0	
5	75.20	233.00	74.57	256.01	23.01	1	1	
6	74.57	256.01	74.00	277.00	21.00	1	1	

4	9	251.436	7
1	81.00	20.00	88.66	24.72	9.00	1	4	
2	88.66	24.72	126.51	48.07	44.47	0	
3	126.51	48.07	184.52	83.86	68.16	1	14	
4	184.52	83.86	193.64	89.48	10.71	0	
5	193.64	89.48	211.75	100.65	21.28	1	3	
6	211.75	100.65	294.15	151.47	96.81	0	
7	294.15	151.47	295.00	152.00	1.00	1	9	

4	10	176.921	5
1	81.00	20.00	89.65	22.49	9.00	1	4	
2	89.65	22.49	125.11	32.71	36.91	0	
3	125.11	32.71	217.14	59.24	95.77	1	14	
4	217.14	59.24	233.70	64.01	17.24	0	
5	233.70	64.01	251.00	69.00	18.00	1	10	

4	11	143.003	6
1	81.00	20.00	88.24	25.35	9.00	1	4	
2	88.24	25.35	129.06	55.52	50.76	0	
3	129.06	55.52	168.53	84.69	49.08	1	14	
4	168.53	84.69	174.32	88.98	7.21	0	
5	174.32	88.98	187.96	99.06	16.96	1	3	
6	187.96	99.06	196.00	105.00	10.00	2	3	11	

4	12	265.364	6
1	81.00	20.00	84.29	28.38	9.00	1	4	
2	84.29	28.38	120.61	120.87	99.37	0	
3	120.61	120.87	146.98	188.01	72.13	1	7	
4	146.98	188.01	172.52	253.04	69.86	0	
5	172.52	253.04	175.19	259.84	7.31	1	12	
6	175.19	259.84	178.00	267.00	7.69	2	5	12	

4	13	76.922	3
1	81.00	20.00	72.34	22.46	9.00	1	4	
2	72.34	22.46	39.71	31.72	33.92	0	
3	39.71	31.72	7.00	41.00	34.00	1	13	

4	14	94.366	3
1	81.00	20.00	89.87	21.53	9.00	1	4	
2	89.87	21.53	125.71	27.69	36.37	0	
3	125.71	27.69	174.00	36.00	49.00	1	14	

4	15	278.029	5
1	81.00	20.00	86.50	27.12	9.00	1	4	
2	86.50	27.12	148.97	107.96	102.16	0	
3	148.97	107.96	192.84	164.74	71.76	1	3	
4	192.84	164.74	241.83	228.13	80.11	0	
5	241.83	228.13	251.00	240.00	15.00	1	15	

5	0	339.843	8
1	182.00	287.00	178.82	281.98	5.95	1	5	
2	178.82	281.98	167.00	263.35	22.05	2	5	12	
3	167.00	263.35	164.80	259.88	4.12	1	12	
4	164.80	259.88	128.54	202.69	67.71	0	
5	128.54	202.69	83.15	131.12	84.75	1	7	
6	83.15	131.12	36.60	57.72	86.91	0	
7	36.60	57.72	4.50	7.09	59.95	1	13	
8	4.50	7.09	0.00	0.00	8.40	0	

5	1	109.238	4
1	182.00	287.00	154.57	281.36	28.00	1	5	
2	154.57	281.36	106.34	271.44	49.24	0	
3	106.34	271.44	93.32	268.77	13.30	1	1	
4	93.32	268.77	75.00	265.00	18.70	2	1	8	

5	2	238.034	7
1	182.00	287.00	178.12	282.00	6.33	1	5	
2	178.12	282.00	164.83	264.89	21.67	2	5	12	
3	164.83	264.89	163.50	263.17	2.17	1	12	
4	163.50	263.17	118.69	205.48	73.05	0	
5	118.69	205.48	72.50	146.00	75.30	1	7	
6	72.50	146.00	48.27	114.80	39.51	0	
7	48.27	114.80	36.00	99.00	20.00	1	2	

5	3	160.003	5
1	182.00	287.00	182.03	281.45	5.55	1	5	
2	182.03	281.45	182.18	259.00	22.45	0	
3	182.18	259.00	182.22	252.60	6.40	0	
4	182.22	252.60	182.76	165.99	86.61	0	
5	182.76	165.99	183.00	127.00	38.99	1	3	

5	4	285.465	7
1	182.00	287.00	180.06	281.86	5.50	1	5	
2	180.06	281.86	172.09	260.81	22.50	2	5	12	
3	172.09	260.81	169.71	254.50	6.75	1	12	
4	169.71	254.50	145.36	190.13	68.82	0	
5	145.36	190.13	119.05	120.58	74.36	1	7	
6	119.05	120.58	84.18	28.42	98.54	0	
7	84.18	28.42	81.00	20.00	9.00	1	4	

5	5	0	0

5	6	198.977	7
1	182.00	287.00	177.91	282.00	6.46	1	5	
2	177.91	282.00	164.27	265.33	21.54	2	5	12	
3	164.27	265.33	163.28	264.12	1.56	1	12	
4	163.28	264.12	115.60	205.85	75.29	0	
5	115.60	205.85	70.71	150.98	70.89	1	7	
6	70.71	150.98	57.27	134.55	21.24	0	
7	57.27	134.55	56.00	133.00	2.00	1	6	

5	7	142.394	5
1	182.00	287.00	179.15	281.96	5.79	1	5	
2	179.15	281.96	168.24	262.62	22.21	2	5	12	
3	168.24	262.62	165.79	258.29	4.97	1	12	
4	165.79	258.29	133.14	200.45	66.42	0	
5	133.14	200.45	112.00	163.00	43.00	1	7	

5	8	108.462	4
1	182.00	287.00	154.12	284.42	28.00	1	5	
2	154.12	284.42	103.41	279.72	50.92	0	
3	103.41	279.72	94.91	278.94	8.54	1	1	
4	94.91	278.94	74.00	277.00	21.00	2	1	8	

5	9	176.051	3
1	182.00	287.00	199.97	265.53	28.00	1	5	
2	199.97	265.53	294.36	152.77	147.05	0	
3	294.36	152.77	295.00	152.00	1.00	1	9	

5	10	228.659	5
1	182.00	287.00	183.98	280.76	6.55	1	5	
2	183.98	280.76	190.45	260.31	21.45	2	5	12	
3	190.45	260.31	190.80	259.19	1.17	1	12	
4	190.80	259.19	245.57	86.16	181.48	0	
5	245.57	86.16	251.00	69.00	18.00	1	10	

5	11	182.538	6
1	182.00	287.00	182.44	281.33	5.69	1	5	
2	182.44	281.33	184.15	259.08	22.31	1	5	
3	184.15	259.08	184.58	253.52	5.58	1	12	
4	184.58	253.52	191.38	165.09	88.69	0	
5	191.38	165.09	195.23	114.97	50.27	0	
6	195.23	114.97	196.00	105.00	10.00	2	3	11	

5	12	20.396	2
1	182.00	287.00	180.94	281.71	5.40	1	5	
2	180.94	281.71	178.00	267.00	15.00	2	5	12	

5	13	301.896	9
1	182.00	287.00	178.44	281.99	6.14	1	5	
2	178.44	281.99	165.77	264.18	21.86	2	5	12	
3	165.77	264.18	163.98	261.67	3.09	1	12	
4	163.98	261.67	123.30	204.49	70.17	0	
5	123.30	204.49	76.51	138.72	80.72	1	7	
6	76.51	138.72	54.18	107.33	38.52	0	
7	54.18	107.33	34.10	79.09	34.65	1	2	
8	34.10	79.09	26.71	68.70	12.75	0	
9	26.71	68.70	7.00	41.00	34.00	1	13	

5	14	251.127	7
1	182.00	287.00	181.82	281.50	5.50	1	5	
2	181.82	281.50	181.11	259.01	22.50	1	12	
3	181.11	259.01	180.89	252.28	6.74	0	
4	180.89	252.28	178.13	165.69	86.63	0	
5	178.13	165.69	175.68	88.69	77.04	1	3	
6	175.68	88.69	175.56	84.98	3.72	0	
7	175.56	84.98	174.00	36.00	49.00	0	

5	15	83.487	3
1	182.00	287.00	205.14	271.24	28.00	1	5	
2	205.14	271.24	238.60	248.44	40.49	0	
3	238.60	248.44	251.00	240.00	15.00	1	15	

6	0	144.309	6
1	56.00	133.00	55.22	131.16	2.00	1	6	
2	55.22	131.16	48.32	114.76	17.80	0	
3	48.32	114.76	33.34	79.18	38.60	1	2	
4	33.34	79.18	28.39	67.43	12.75	0	
5	28.39	67.43	3.04	7.23	65.32	1	13	
6	3.04	7.23	0.00	0.00	7.85	0	

6	1	133.360	4
1	56.00	133.00	56.28	134.98	2.00	1	6	
2	56.28	134.98	70.44	233.33	99.36	0	
3	70.44	233.33	73.70	256.00	22.91	1	1	
4	73.70	256.00	75.00	265.00	9.09	1	1	

6	2	39.446	3
1	56.00	133.00	54.99	131.28	2.00	1	6	
2	54.99	131.28	46.14	116.24	17.45	0	
3	46.14	116.24	36.00	99.00	20.00	1	2	

6	3	127.142	5
1	56.00	133.00	58.00	132.91	2.00	1	6	
2	58.00	132.91	82.46	131.75	24.49	0	
3	82.46	131.75	138.46	129.10	56.06	1	7	
4	138.46	129.10	144.04	128.84	5.59	0	
5	144.04	128.84	183.00	127.00	39.00	1	3	

6	4	115.732	3
1	56.00	133.00	56.43	131.05	2.00	1	6	
2	56.43	131.05	79.06	28.79	104.73	0	
3	79.06	28.79	81.00	20.00	9.00	1	4	

6	5	198.977	7
1	56.00	133.00	57.27	134.55	2.00	1	6	
2	57.27	134.55	70.71	150.98	21.24	0	
3	70.71	150.98	115.60	205.85	70.89	1	7	
4	115.60	205.85	163.28	264.12	75.29	0	
5	163.28	264.12	164.27	265.33	1.56	1	12	
6	164.27	265.33	177.91	282.00	21.54	2	5	12	
7	177.91	282.00	182.00	287.00	6.46	1	5	

6	6	0	0

6	7	63.530	3
1	56.00	133.00	57.76	133.94	2.00	1	6	
2	57.76	133.94	74.10	142.69	18.53	0	
3	74.10	142.69	112.00	163.00	43.00	1	7	

6	8	145.121	4
1	56.00	133.00	56.25	134.98	2.00	1	6	
2	56.25	134.98	68.58	233.65	99.43	0	
3	68.58	233.65	71.40	256.16	22.69	1	1	
4	71.40	256.16	74.00	277.00	21.00	2	1	8	

6	9	239.754	7
1	56.00	133.00	57.99	133.16	2.00	1	6	
2	57.99	133.16	79.48	134.87	21.55	0	
3	79.48	134.87	146.29	140.18	67.02	1	7	
4	146.29	140.18	148.56	140.36	2.27	2	3	7	
5	148.56	140.36	217.16	145.81	68.82	1	3	
6	217.16	145.81	294.00	151.92	77.08	0	
7	294.00	151.92	295.00	152.00	1.00	1	9	

6	10	205.234	5
1	56.00	133.00	57.90	132.38	2.00	1	6	
2	57.90	132.38	154.11	100.80	101.26	0	
3	154.11	100.80	190.74	88.78	38.55	1	3	
4	190.74	88.78	233.90	74.61	45.42	0	
5	233.90	74.61	251.00	69.00	18.00	1	10	

6	11	142.773	6
1	56.00	133.00	57.96	132.61	2.00	1	6	
2	57.96	132.61	89.64	126.27	32.30	0	
3	89.64	126.27	118.52	120.50	29.45	1	7	
4	118.52	120.50	145.88	115.02	27.91	0	
5	145.88	115.02	186.19	106.96	41.11	1	3	
6	186.19	106.96	196.00	105.00	10.00	2	3	11	

6	12	181.218	6
1	56.00	133.00	57.35	134.48	2.00	1	6	
2	57.35	134.48	71.13	149.62	20.48	0	
3	71.13	149.62	121.50	204.94	74.81	1	7	
4	121.50	204.94	167.90	255.91	68.93	0	
5	167.90	255.91	172.30	260.74	6.53	1	12	
6	172.30	260.74	178.00	267.00	8.47	2	5	12	

6	13	104.235	5
1	56.00	133.00	55.06	131.23	2.00	1	6	
2	55.06	131.23	46.84	115.81	17.48	0	
3	46.84	115.81	28.10	80.62	39.86	1	2	
4	28.10	80.62	22.98	71.01	10.89	0	
5	22.98	71.01	7.00	41.00	34.00	1	13	

6	14	152.751	3
1	56.00	133.00	57.55	131.73	2.00	1	6	
2	57.55	131.73	136.15	67.12	101.75	0	
3	136.15	67.12	174.00	36.00	49.00	1	14	

6	15	222.428	5
1	56.00	133.00	57.75	133.96	2.00	1	6	
2	57.75	133.96	74.00	142.88	18.53	0	
3	74.00	142.88	149.39	184.24	85.99	1	7	
4	149.39	184.24	237.85	232.78	100.91	0	
5	237.85	232.78	251.00	240.00	15.00	1	15	

7	0	197.770	4
1	112.00	163.00	87.65	127.56	43.00	1	7	
2	87.65	127.56	37.91	55.17	87.83	0	
3	37.91	55.17	4.86	7.07	58.36	1	13	
4	4.86	7.07	0.00	0.00	8.58	0	

7	1	108.503	4
1	112.00	163.00	97.34	203.42	43.00	1	7	
2	97.34	203.42	85.91	234.92	33.50	0	
3	85.91	234.92	78.12	256.41	22.86	1	1	
4	78.12	256.41	75.00	265.00	9.14	2	1	8	

7	2	99.358	3
1	112.00	163.00	79.11	135.30	43.00	1	7	
2	79.11	135.30	51.30	111.88	36.36	0	
3	51.30	111.88	36.00	99.00	20.00	1	2	

7	3	79.605	3
1	112.00	163.00	148.22	144.64	40.61	1	7	
2	148.22	144.64	150.35	143.55	2.39	2	3	7	
3	150.35	143.55	183.00	127.00	36.61	1	3	

7	4	146.322	3
1	112.00	163.00	102.89	120.98	43.00	0	
2	102.89	120.98	82.91	28.80	94.32	0	
3	82.91	28.80	81.00	20.00	9.00	1	4	

7	5	142.394	5
1	112.00	163.00	133.14	200.45	43.00	1	7	
2	133.14	200.45	165.79	258.29	66.42	0	
3	165.79	258.29	168.24	262.62	4.97	1	12	
4	168.24	262.62	179.15	281.96	22.21	2	5	12	
5	179.15	281.96	182.00	287.00	5.79	1	5	

7	6	63.530	3
1	112.00	163.00	74.10	142.69	43.00	1	7	
2	74.10	142.69	57.76	133.94	18.53	0	
3	57.76	133.94	56.00	133.00	2.00	1	6	

7	7	0	0

7	8	120.167	4
1	112.00	163.00	98.40	203.79	43.00	1	7	
2	98.40	203.79	87.78	235.66	33.59	0	
3	87.78	235.66	80.64	257.08	22.57	1	1	
4	80.64	257.08	74.00	277.00	21.00	2	1	8	

7	9	183.330	5
1	112.00	163.00	154.92	160.42	43.00	1	7	
2	154.92	160.42	162.19	159.98	7.28	0	
3	162.19	159.98	207.61	157.25	45.51	1	3	
4	207.61	157.25	294.00	152.06	86.55	0	
5	294.00	152.06	295.00	152.00	1.00	1	9	

7	10	167.800	7
1	112.00	163.00	146.19	139.88	41.27	1	7	
2	146.19	139.88	147.62	138.91	1.73	2	3	7	
3	147.62	138.91	188.31	111.39	49.12	1	3	
4	188.31	111.39	204.80	100.25	19.90	2	3	11	
5	204.80	100.25	208.66	97.63	4.66	1	3	
6	208.66	97.63	236.09	79.08	33.11	0	
7	236.09	79.08	251.00	69.00	18.00	1	10	

7	11	102.078	4
1	112.00	163.00	146.05	139.49	41.38	1	7	
2	146.05	139.49	147.38	138.57	1.62	2	3	7	
3	147.38	138.57	187.77	110.68	49.08	1	3	
4	187.77	110.68	196.00	105.00	10.00	2	3	11	

7	12	123.175	4
1	112.00	163.00	135.04	199.31	43.00	1	7	
2	135.04	199.31	169.96	254.34	65.17	0	
3	169.96	254.34	173.72	260.25	7.01	1	12	
4	173.72	260.25	178.00	267.00	7.99	2	5	12	

7	13	160.963	5
1	112.00	163.00	83.95	130.41	43.00	1	7	
2	83.95	130.41	55.97	97.90	42.89	0	
3	55.97	97.90	40.06	79.42	24.38	1	2	
4	40.06	79.42	29.18	66.77	16.69	0	
5	29.18	66.77	7.00	41.00	34.00	1	13	

7	14	141.326	3
1	112.00	163.00	130.86	124.36	43.00	1	7	
2	130.86	124.36	152.50	80.03	49.33	0	
3	152.50	80.03	174.00	36.00	49.00	1	14	

7	15	158.902	3
1	112.00	163.00	149.61	183.84	43.00	1	7	
2	149.61	183.84	237.88	232.73	100.90	0	
3	237.88	232.73	251.00	240.00	15.00	1	15	

8	0	286.714	7
1	74.00	277.00	68.58	256.71	21.00	2	1	8	
2	68.58	256.71	62.88	235.38	22.08	0	
3	62.88	235.38	31.66	118.52	120.96	0	
4	31.66	118.52	22.50	84.24	35.49	1	2	
5	22.50	84.24	19.41	72.65	11.99	0	
6	19.41	72.65	1.97	7.37	67.57	1	13	
7	1.97	7.37	0.00	0.00	7.63	0	

8	1	12.042	1
1	74.00	277.00	75.00	265.00	12.04	2	1	8	

8	2	182.011	4
1	74.00	277.00	69.62	256.46	21.00	1	1	
2	69.62	256.46	64.95	234.62	22.34	0	
3	64.95	234.62	40.18	118.56	118.67	0	
4	40.18	118.56	36.00	99.00	20.00	1	2	

8	3	185.421	6
1	74.00	277.00	86.34	260.01	21.00	2	1	8	
2	86.34	260.01	98.50	243.28	20.68	1	1	
3	98.50	243.28	127.77	203.00	49.79	0	
4	127.77	203.00	154.92	165.64	46.18	1	7	
5	154.92	165.64	160.07	158.55	8.77	0	
6	160.07	158.55	183.00	127.00	39.00	1	3	

8	4	257.095	6
1	74.00	277.00	74.57	256.01	21.00	1	1	
2	74.57	256.01	75.20	233.00	23.01	1	1	
3	75.20	233.00	76.45	187.19	45.83	0	
4	76.45	187.19	77.82	136.92	50.29	0	
5	77.82	136.92	80.75	29.00	107.96	0	
6	80.75	29.00	81.00	20.00	9.00	1	4	

8	5	108.462	4
1	74.00	277.00	94.91	278.94	21.00	2	1	8	
2	94.91	278.94	103.41	279.72	8.54	1	1	
3	103.41	279.72	154.12	284.42	50.92	0	
4	154.12	284.42	182.00	287.00	28.00	1	5	

8	6	145.121	4
1	74.00	277.00	71.40	256.16	21.00	2	1	8	
2	71.40	256.16	68.58	233.65	22.69	1	1	
3	68.58	233.65	56.25	134.98	99.43	0	
4	56.25	134.98	56.00	133.00	2.00	1	6	

8	7	120.167	4
1	74.00	277.00	80.64	257.08	21.00	2	1	8	
2	80.64	257.08	87.78	235.66	22.57	1	1	
3	87.78	235.66	98.40	203.79	33.59	0	
4	98.40	203.79	112.00	163.00	43.00	1	7	

8	8	0	0

8	9	253.902	4
1	74.00	277.00	92.28	266.66	21.00	2	1	8	
2	92.28	266.66	106.37	258.69	16.19	1	1	
3	106.37	258.69	294.13	152.49	215.71	0	
4	294.13	152.49	295.00	152.00	1.00	1	9	

8	10	273.117	6
1	74.00	277.00	87.61	261.01	21.00	2	1	8	
2	87.61	261.01	100.58	245.77	20.01	1	1	
3	100.58	245.77	170.27	163.87	107.54	0	
4	170.27	163.87	217.35	108.54	72.65	1	3	
5	217.35	108.54	239.33	82.71	33.92	0	
6	239.33	82.71	251.00	69.00	18.00	1	10	

8	11	210.874	7
1	74.00	277.00	86.15	259.87	21.00	2	1	8	
2	86.15	259.87	98.17	242.93	20.77	1	1	
3	98.17	242.93	126.03	203.65	48.16	0	
4	126.03	203.65	155.00	162.80	50.07	1	7	
5	155.00	162.80	158.74	157.53	6.46	0	
6	158.74	157.53	190.21	113.16	54.41	1	3	
7	190.21	113.16	196.00	105.00	10.00	2	3	11	

8	12	104.480	5
1	74.00	277.00	94.90	274.99	21.00	2	1	8	
2	94.90	274.99	105.72	273.95	10.87	1	1	
3	105.72	273.95	160.85	268.65	55.38	0	
4	160.85	268.65	163.07	268.44	2.23	1	5	
5	163.07	268.44	178.00	267.00	15.00	2	5	12	

8	13	245.326	6
1	74.00	277.00	68.26	256.80	21.00	2	1	8	
2	68.26	256.80	62.26	235.65	21.99	1	1	
3	62.26	235.65	28.76	117.64	122.67	0	
4	28.76	117.64	20.04	86.94	31.91	1	2	
5	20.04	86.94	16.29	73.71	13.76	0	
6	16.29	73.71	7.00	41.00	34.00	1	13	

8	14	260.923	6
1	74.00	277.00	82.05	257.60	21.00	2	1	8	
2	82.05	257.60	90.58	237.05	22.26	1	1	
3	90.58	237.05	103.79	205.21	34.47	0	
4	103.79	205.21	136.08	127.38	84.27	1	7	
5	136.08	127.38	155.22	81.26	49.93	0	
6	155.22	81.26	174.00	36.00	49.00	0	

8	15	180.826	6
1	74.00	277.00	94.56	272.70	21.00	2	1	8	
2	94.56	272.70	106.58	270.19	12.28	1	1	
3	106.58	270.19	166.21	257.72	60.92	0	
4	166.21	257.72	185.09	253.78	19.28	1	12	
5	185.09	253.78	236.32	243.07	52.34	0	
6	236.32	243.07	251.00	240.00	15.00	1	15	

9	0	331.857	10
1	295.00	152.00	294.11	151.54	1.00	1	9	
2	294.11	151.54	219.42	113.06	84.02	0	
3	219.42	113.06	205.94	106.11	15.17	1	3	
4	205.94	106.11	189.33	97.55	18.69	2	3	11	
5	189.33	97.55	173.21	89.25	18.13	1	3	
6	173.21	89.25	162.14	83.54	12.46	0	
7	162.14	83.54	142.17	73.25	22.46	1	14	
8	142.17	73.25	28.58	14.73	127.78	0	
9	28.58	14.73	15.87	8.18	14.30	1	13	
10	15.87	8.18	0.00	0.00	17.85	0	

9	1	247.324	4
1	295.00	152.00	294.11	152.46	1.00	1	9	
2	294.11	152.46	103.46	250.38	214.32	0	
3	103.46	250.38	85.65	259.53	20.03	1	1	
4	85.65	259.53	75.00	265.00	11.97	2	1	8	

9	2	264.367	5
1	295.00	152.00	294.02	151.80	1.00	1	9	
2	294.02	151.80	220.75	136.81	74.79	0	
3	220.75	136.81	144.44	121.19	77.89	1	3	
4	144.44	121.19	55.59	103.01	90.68	0	
5	55.59	103.01	36.00	99.00	20.00	1	2	

9	3	114.756	3
1	295.00	152.00	294.02	151.78	1.00	1	9	
2	294.02	151.78	221.06	135.50	74.76	0	
3	221.06	135.50	183.00	127.00	39.00	1	3	

9	4	251.436	7
1	295.00	152.00	294.15	151.47	1.00	1	9	
2	294.15	151.47	211.75	100.65	96.81	0	
3	211.75	100.65	193.64	89.48	21.28	1	3	
4	193.64	89.48	184.52	83.86	10.71	0	
5	184.52	83.86	126.51	48.07	68.16	1	14	
6	126.51	48.07	88.66	24.72	44.47	0	
7	88.66	24.72	81.00	20.00	9.00	1	4	

9	5	176.051	3
1	295.00	152.00	294.36	152.77	1.00	1	9	
2	294.36	152.77	199.97	265.53	147.05	0	
3	199.97	265.53	182.00	287.00	28.00	1	5	

9	6	239.754	7
1	295.00	152.00	294.00	151.92	1.00	1	9	
2	294.00	151.92	217.16	145.81	77.08	0	
3	217.16	145.81	148.56	140.36	68.82	1	3	
4	148.56	140.36	146.29	140.18	2.27	2	3	7	
5	146.29	140.18	79.48	134.87	67.02	1	7	
6	79.48	134.87	57.99	133.16	21.55	0	
7	57.99	133.16	56.00	133.00	2.00	1	6	

9	7	183.330	5
1	295.00	152.00	294.00	152.06	1.00	1	9	
2	294.00	152.06	207.61	157.25	86.55	0	
3	207.61	157.25	162.19	159.98	45.51	1	3	
4	162.19	159.98	154.92	160.42	7.28	0	
5	154.92	160.42	112.00	163.00	43.00	1	7	

9	8	253.902	4
1	295.00	152.00	294.13	152.49	1.00	1	9	
2	294.13	152.49	106.37	258.69	215.71	0	
3	106.37	258.69	92.28	266.66	16.19	1	1	
4	92.28	266.66	74.00	277.00	21.00	2	1	8	

9	9	0	0

9	10	93.941	3
1	295.00	152.00	294.53	151.12	1.00	1	9	
2	294.53	151.12	259.43	84.90	74.94	0	
3	259.43	84.90	251.00	69.00	18.00	1	10	

9	11	109.590	4
1	295.00	152.00	294.10	151.57	1.00	1	9	
2	294.10	151.57	220.61	116.68	81.35	0	
3	220.61	116.68	205.03	109.29	17.24	1	3	
4	205.03	109.29	196.00	105.00	10.00	2	3	11	

9	12	164.055	4
1	295.00	152.00	294.29	152.70	1.00	1	9	
2	294.29	152.70	188.70	256.49	148.05	0	
3	188.70	256.49	185.87	259.27	3.97	1	12	
4	185.87	259.27	178.00	267.00	11.03	2	5	12	

9	13	308.650	7
1	295.00	152.00	294.07	151.64	1.00	1	9	
2	294.07	151.64	221.87	123.81	77.37	0	
3	221.87	123.81	198.30	114.73	25.26	1	3	
4	198.30	114.73	187.76	110.67	11.30	2	3	11	
5	187.76	110.67	156.32	98.55	33.69	1	3	
6	156.32	98.55	38.73	53.23	126.03	0	
7	38.73	53.23	7.00	41.00	34.00	1	13	

9	14	167.622	3
1	295.00	152.00	294.28	151.31	1.00	1	9	
2	294.28	151.31	209.37	69.91	117.62	0	
3	209.37	69.91	174.00	36.00	49.00	1	14	

9	15	98.387	3
1	295.00	152.00	294.55	152.89	1.00	1	9	
2	294.55	152.89	257.71	226.58	82.39	0	
3	257.71	226.58	251.00	240.00	15.00	1	15	

10	0	260.311	6
1	251.00	69.00	233.64	64.23	18.00	1	10	
2	233.64	64.23	216.92	59.63	17.34	0	
3	216.92	59.63	125.03	34.37	95.31	1	14	
4	125.03	34.37	88.84	24.42	37.53	0	
5	88.84	24.42	72.00	19.79	17.46	1	4	
6	72.00	19.79	0.00	0.00	74.67	0	

10	1	263.424	8
1	251.00	69.00	238.97	82.39	18.00	1	10	
2	238.97	82.39	216.64	107.27	33.43	0	
3	216.64	107.27	166.99	162.56	74.32	1	3	
4	166.99	162.56	151.65	179.64	22.95	0	
5	151.65	179.64	132.80	200.64	28.22	1	7	
6	132.80	200.64	96.38	241.19	54.50	0	
7	96.38	241.19	81.75	257.48	21.90	1	1	
8	81.75	257.48	75.00	265.00	10.10	2	1	8	

10	2	217.083	5
1	251.00	69.00	233.17	71.49	18.00	1	10	
2	233.17	71.49	202.66	75.75	30.81	0	
3	202.66	75.75	157.32	82.07	45.78	1	14	
4	157.32	82.07	55.81	96.24	102.49	0	
5	55.81	96.24	36.00	99.00	20.00	1	2	

10	3	89.376	5
1	251.00	69.00	237.31	80.68	18.00	1	10	
2	237.31	80.68	212.67	101.69	32.38	0	
3	212.67	101.69	205.63	107.70	9.26	1	3	
4	205.63	107.70	197.15	114.93	11.15	2	3	11	
5	197.15	114.93	183.00	127.00	18.59	1	3	

10	4	176.921	5
1	251.00	69.00	233.70	64.01	18.00	1	10	
2	233.70	64.01	217.14	59.24	17.24	0	
3	217.14	59.24	125.11	32.71	95.77	1	14	
4	125.11	32.71	89.65	22.49	36.91	0	
5	89.65	22.49	81.00	20.00	9.00	1	4	

10	5	228.659	5
1	251.00	69.00	245.57	86.16	18.00	1	10	
2	245.57	86.16	190.80	259.19	181.48	0	
3	190.80	259.19	190.45	260.31	1.17	1	12	
4	190.45	260.31	183.98	280.76	21.45	2	5	12	
5	183.98	280.76	182.00	287.00	6.55	1	5	

10	6	205.234	5
1	251.00	69.00	233.90	74.61	18.00	1	10	
2	233.90	74.61	190.74	88.78	45.42	0	
3	190.74	88.78	154.11	100.80	38.55	1	3	
4	154.11	100.80	57.90	132.38	101.26	0	
5	57.90	132.38	56.00	133.00	2.00	1	6	

10	7	167.800	7
1	251.00	69.00	236.09	79.08	18.00	1	10	
2	236.09	79.08	208.66	97.63	33.11	0	
3	208.66	97.63	204.80	100.25	4.66	1	3	
4	204.80	100.25	188.31	111.39	19.90	2	3	11	
5	188.31	111.39	147.62	138.91	49.12	1	3	
6	147.62	138.91	146.19	139.88	1.73	2	3	7	
7	146.19	139.88	112.00	163.00	41.27	1	7	

10	8	273.117	6
1	251.00	69.00	239.33	82.71	18.00	1	10	
2	239.33	82.71	217.35	108.54	33.92	0	
3	217.35	108.54	170.27	163.87	72.65	1	3	
4	170.27	163.87	100.58	245.77	107.54	0	
5	100.58	245.77	87.61	261.01	20.01	1	1	
6	87.61	261.01	74.00	277.00	21.00	2	1	8	

10	9	93.941	3
1	251.00	69.00	259.43	84.90	18.00	1	10	
2	259.43	84.90	294.53	151.12	74.94	0	
3	294.53	151.12	295.00	152.00	1.00	1	9	

10	10	0	0

10	11	65.734	4
1	251.00	69.00	235.94	78.86	18.00	1	10	
2	235.94	78.86	208.05	97.11	33.33	0	
3	208.05	97.11	204.37	99.52	4.41	1	3	
4	204.37	99.52	196.00	105.00	10.00	2	3	11	

10	12	211.028	4
1	251.00	69.00	244.77	85.89	18.00	1	10	
2	244.77	85.89	183.19	252.93	178.03	0	
3	183.19	252.93	180.94	259.02	6.50	1	12	
4	180.94	259.02	178.00	267.00	8.50	2	5	12	

10	13	245.601	5
1	251.00	69.00	233.12	66.95	18.00	1	10	
2	233.12	66.95	213.70	64.72	19.54	0	
3	213.70	64.72	128.83	54.98	85.43	1	14	
4	128.83	54.98	40.78	44.88	88.62	0	
5	40.78	44.88	7.00	41.00	34.00	1	13	

10	14	83.774	3
1	251.00	69.00	234.46	61.91	18.00	1	10	
2	234.46	61.91	219.04	55.30	16.77	0	
3	219.04	55.30	174.00	36.00	49.00	1	14	

10	15	171.000	3
1	251.00	69.00	251.00	87.00	18.00	1	10	
2	251.00	87.00	251.00	225.00	138.00	0	
3	251.00	225.00	251.00	240.00	15.00	1	15	

11	0	222.353	5
1	196.00	105.00	187.19	100.28	10.00	2	3	11	
2	187.19	100.28	169.07	90.57	20.55	1	3	
3	169.07	90.57	30.28	16.22	157.45	0	
4	30.28	16.22	14.73	7.89	17.65	1	13	
5	14.73	7.89	0.00	0.00	16.71	0	

11	1	200.602	7
1	196.00	105.00	189.97	112.98	10.00	2	3	11	
2	189.97	112.98	157.23	156.27	54.28	1	3	
3	157.23	156.27	154.85	159.41	3.94	0	
4	154.85	159.41	120.22	205.21	57.41	1	7	
5	120.22	205.21	94.30	239.48	42.97	0	
6	94.30	239.48	80.92	257.17	22.19	1	1	
7	80.92	257.17	75.00	265.00	9.81	2	1	8	

11	2	160.112	4
1	196.00	105.00	186.01	104.63	10.00	2	3	11	
2	186.01	104.63	151.99	103.35	34.04	1	3	
3	151.99	103.35	55.99	99.75	96.07	0	
4	55.99	99.75	36.00	99.00	20.00	1	2	

11	3	25.554	2
1	196.00	105.00	190.91	113.61	10.00	2	3	11	
2	190.91	113.61	183.00	127.00	15.55	1	3	

11	4	143.003	6
1	196.00	105.00	187.96	99.06	10.00	2	3	11	
2	187.96	99.06	174.32	88.98	16.96	1	3	
3	174.32	88.98	168.53	84.69	7.21	0	
4	168.53	84.69	129.06	55.52	49.08	1	14	
5	129.06	55.52	88.24	25.35	50.76	0	
6	88.24	25.35	81.00	20.00	9.00	1	4	

11	5	182.538	6
1	196.00	105.00	195.23	114.97	10.00	2	3	11	
2	195.23	114.97	191.38	165.09	50.27	0	
3	191.38	165.09	184.58	253.52	88.69	0	
4	184.58	253.52	184.15	259.08	5.58	1	12	
5	184.15	259.08	182.44	281.33	22.31	1	5	
6	182.44	281.33	182.00	287.00	5.69	1	5	

11	6	142.773	6
1	196.00	105.00	186.19	106.96	10.00	2	3	11	
2	186.19	106.96	145.88	115.02	41.11	1	3	
3	145.88	115.02	118.52	120.50	27.91	0	
4	118.52	120.50	89.64	126.27	29.45	1	7	
5	89.64	126.27	57.96	132.61	32.30	0	
6	57.96	132.61	56.00	133.00	2.00	1	6	

11	7	102.078	4
1	196.00	105.00	187.77	110.68	10.00	2	3	11	
2	187.77	110.68	147.38	138.57	49.08	1	3	
3	147.38	138.57	146.05	139.49	1.62	2	3	7	
4	146.05	139.49	112.00	163.00	41.38	1	7	

11	8	210.874	7
1	196.00	105.00	190.21	113.16	10.00	2	3	11	
2	190.21	113.16	158.74	157.53	54.41	1	3	
3	158.74	157.53	155.00	162.80	6.46	0	
4	155.00	162.80	126.03	203.65	50.07	1	7	
5	126.03	203.65	98.17	242.93	48.16	0	
6	98.17	242.93	86.15	259.87	20.77	1	1	
7	86.15	259.87	74.00	277.00	21.00	2	1	8	

11	9	109.590	4
1	196.00	105.00	205.03	109.29	10.00	2	3	11	
2	205.03	109.29	220.61	116.68	17.24	1	3	
3	220.61	116.68	294.10	151.57	81.35	0	
4	294.10	151.57	295.00	152.00	1.00	1	9	

11	10	65.734	4
1	196.00	105.00	204.37	99.52	10.00	2	3	11	
2	204.37	99.52	208.05	97.11	4.41	1	3	
3	208.05	97.11	235.94	78.86	33.33	0	
4	235.94	78.86	251.00	69.00	18.00	1	10	

11	11	0	0

11	12	162.997	5
1	196.00	105.00	194.90	114.94	10.00	2	3	11	
2	194.90	114.94	189.28	165.49	50.86	0	
3	189.28	165.49	179.66	252.09	87.13	0	
4	179.66	252.09	178.87	259.18	7.13	1	12	
5	178.87	259.18	178.00	267.00	7.87	2	5	12	

11	13	199.542	4
1	196.00	105.00	186.53	101.79	10.00	2	3	11	
2	186.53	101.79	162.67	93.72	25.18	1	3	
3	162.67	93.72	39.20	51.91	130.36	0	
4	39.20	51.91	7.00	41.00	34.00	1	13	

11	14	72.422	4
1	196.00	105.00	192.96	95.47	10.00	2	3	11	
2	192.96	95.47	190.83	88.79	7.01	1	3	
3	190.83	88.79	188.88	82.68	6.41	0	
4	188.88	82.68	174.00	36.00	49.00	1	14	

11	15	145.774	4
1	196.00	105.00	199.77	114.26	10.00	2	3	11	
2	199.77	114.26	214.39	150.14	38.75	1	3	
3	214.39	150.14	245.34	226.11	82.03	0	
4	245.34	226.11	251.00	240.00	15.00	1	15	

12	0	320.894	7
1	178.00	267.00	173.54	260.31	8.04	2	5	12	
2	173.54	260.31	169.68	254.52	6.96	1	12	
3	169.68	254.52	133.49	200.24	65.23	0	
4	133.49	200.24	85.89	128.83	85.82	1	7	
5	85.89	128.83	37.44	56.15	87.35	0	
6	37.44	56.15	4.72	7.08	58.98	1	13	
7	4.72	7.08	0.00	0.00	8.51	0	

12	1	103.019	5
1	178.00	267.00	163.00	266.71	15.00	2	5	12	
2	163.00	266.71	162.71	266.70	0.29	1	5	
3	162.71	266.70	106.99	265.62	55.73	0	
4	106.99	265.62	91.45	265.32	15.55	1	1	
5	91.45	265.32	75.00	265.00	16.45	2	1	8	

12	2	219.973	6
1	178.00	267.00	172.61	260.62	8.35	2	5	12	
2	172.61	260.62	168.32	255.54	6.65	1	12	
3	168.32	255.54	124.79	204.05	67.42	0	
4	124.79	204.05	73.65	143.55	79.22	1	7	
5	73.65	143.55	48.91	114.27	38.33	0	
6	48.91	114.27	36.00	99.00	20.00	1	2	

12	3	140.089	4
1	178.00	267.00	178.28	259.25	7.76	2	5	12	
2	178.28	259.25	178.54	252.01	7.25	0	
3	178.54	252.01	181.61	165.98	86.09	0	
4	181.61	165.98	183.00	127.00	39.00	0	

12	4	265.364	6
1	178.00	267.00	175.19	259.84	7.69	2	5	12	
2	175.19	259.84	172.52	253.04	7.31	1	12	
3	172.52	253.04	146.98	188.01	69.86	0	
4	146.98	188.01	120.61	120.87	72.13	1	7	
5	120.61	120.87	84.29	28.38	99.37	0	
6	84.29	28.38	81.00	20.00	9.00	1	4	

12	5	20.396	2
1	178.00	267.00	180.94	281.71	15.00	2	5	12	
2	180.94	281.71	182.00	287.00	5.40	1	5	

12	6	181.218	6
1	178.00	267.00	172.30	260.74	8.47	2	5	12	
2	172.30	260.74	167.90	255.91	6.53	1	12	
3	167.90	255.91	121.50	204.94	68.93	0	
4	121.50	204.94	71.13	149.62	74.81	1	7	
5	71.13	149.62	57.35	134.48	20.48	0	
6	57.35	134.48	56.00	133.00	2.00	1	6	

12	7	123.175	4
1	178.00	267.00	173.72	260.25	7.99	2	5	12	
2	173.72	260.25	169.96	254.34	7.01	1	12	
3	169.96	254.34	135.04	199.31	65.17	0	
4	135.04	199.31	112.00	163.00	43.00	1	7	

12	8	104.480	5
1	178.00	267.00	163.07	268.44	15.00	2	5	12	
2	163.07	268.44	160.85	268.65	2.23	1	5	
3	160.85	268.65	105.72	273.95	55.38	0	
4	105.72	273.95	94.90	274.99	10.87	1	1	
5	94.90	274.99	74.00	277.00	21.00	2	1	8	

12	9	164.055	4
1	178.00	267.00	185.87	259.27	11.03	2	5	12	
2	185.87	259.27	188.70	256.49	3.97	1	12	
3	188.70	256.49	294.29	152.70	148.05	0	
4	294.29	152.70	295.00	152.00	1.00	1	9	

12	10	211.028	4
1	178.00	267.00	180.94	259.02	8.50	2	5	12	
2	180.94	259.02	183.19	252.93	6.50	1	12	
3	183.19	252.93	244.77	85.89	178.03	0	
4	244.77	85.89	251.00	69.00	18.00	1	10	

12	11	162.997	5
1	178.00	267.00	178.87	259.18	7.87	2	5	12	
2	178.87	259.18	179.66	252.09	7.13	1	12	
3	179.66	252.09	189.28	165.49	87.13	0	
4	189.28	165.49	194.90	114.94	50.86	0	
5	194.90	114.94	196.00	105.00	10.00	2	3	11	

12	12	0	0

12	13	283.403	8
1	178.00	267.00	173.06	260.47	8.19	2	5	12	
2	173.06	260.47	168.95	255.04	6.81	1	12	
3	168.95	255.04	129.15	202.43	65.97	0	
4	129.15	202.43	78.71	135.78	83.58	1	7	
5	78.71	135.78	55.18	104.67	39.01	0	
6	55.18	104.67	35.75	79.00	32.19	1	2	
7	35.75	79.00	27.52	68.11	13.65	0	
8	27.52	68.11	7.00	41.00	34.00	1	13	

12	14	231.035	6
1	178.00	267.00	177.87	259.31	7.69	2	5	12	
2	177.87	259.31	177.74	252.00	7.31	1	12	
3	177.74	252.00	176.24	165.41	86.60	0	
4	176.24	165.41	174.92	88.85	76.58	0	
5	174.92	88.85	174.85	85.00	3.85	0	
6	174.85	85.00	174.00	36.00	49.00	0	

12	15	77.833	4
1	178.00	267.00	192.07	261.80	15.00	2	5	12	
2	192.07	261.80	193.25	261.36	1.26	1	5	
3	193.25	261.36	236.93	245.20	46.57	0	
4	236.93	245.20	251.00	240.00	15.00	1	15	

13	0	41.593	2
1	7.00	41.00	1.28	7.48	34.00	0	
2	1.28	7.48	0.00	0.00	7.59	0	

13	1	234.094	6
1	7.00	41.00	16.88	73.53	34.00	1	13	
2	16.88	73.53	20.70	86.12	13.16	0	
3	20.70	86.12	30.44	118.21	33.54	1	2	
4	30.44	118.21	65.70	234.38	121.40	0	
5	65.70	234.38	72.29	256.07	22.67	1	1	
6	72.29	256.07	75.00	265.00	9.33	2	1	8	

13	2	64.846	3
1	7.00	41.00	22.21	71.41	34.00	1	13	
2	22.21	71.41	27.06	81.11	10.85	0	
3	27.06	81.11	36.00	99.00	20.00	1	2	

13	3	195.888	3
1	7.00	41.00	37.55	55.93	34.00	1	13	
2	37.55	55.93	147.96	109.88	122.89	0	
3	147.96	109.88	183.00	127.00	39.00	1	3	

13	4	76.922	3
1	7.00	41.00	39.71	31.72	34.00	1	13	
2	39.71	31.72	72.34	22.46	33.92	0	
3	72.34	22.46	81.00	20.00	9.00	1	4	

13	5	301.896	9
1	7.00	41.00	26.71	68.70	34.00	1	13	
2	26.71	68.70	34.10	79.09	12.75	0	
3	34.10	79.09	54.18	107.33	34.65	1	2	
4	54.18	107.33	76.51	138.72	38.52	0	
5	76.51	138.72	123.30	204.49	80.72	1	7	
6	123.30	204.49	163.98	261.67	70.17	0	
7	163.98	261.67	165.77	264.18	3.09	1	12	
8	165.77	264.18	178.44	281.99	21.86	2	5	12	
9	178.44	281.99	182.00	287.00	6.14	1	5	

13	6	104.235	5
1	7.00	41.00	22.98	71.01	34.00	1	13	
2	22.98	71.01	28.10	80.62	10.89	0	
3	28.10	80.62	46.84	115.81	39.86	1	2	
4	46.84	115.81	55.06	131.23	17.48	0	
5	55.06	131.23	56.00	133.00	2.00	1	6	

13	7	160.963	5
1	7.00	41.00	29.18	66.77	34.00	1	13	
2	29.18	66.77	40.06	79.42	16.69	0	
3	40.06	79.42	55.97	97.90	24.38	1	2	
4	55.97	97.90	83.95	130.41	42.89	0	
5	83.95	130.41	112.00	163.00	43.00	1	7	

13	8	245.326	6
1	7.00	41.00	16.29	73.71	34.00	1	13	
2	16.29	73.71	20.04	86.94	13.76	0	
3	20.04	86.94	28.76	117.64	31.91	1	2	
4	28.76	117.64	62.26	235.65	122.67	0	
5	62.26	235.65	68.26	256.80	21.99	1	1	
6	68.26	256.80	74.00	277.00	21.00	2	1	8	

13	9	308.650	7
1	7.00	41.00	38.73	53.23	34.00	1	13	
2	38.73	53.23	156.32	98.55	126.03	0	
3	156.32	98.55	187.76	110.67	33.69	1	3	
4	187.76	110.67	198.30	114.73	11.30	2	3	11	
5	198.30	114.73	221.87	123.81	25.26	1	3	
6	221.87	123.81	294.07	151.64	77.37	0	
7	294.07	151.64	295.00	152.00	1.00	1	9	

13	10	245.601	5
1	7.00	41.00	40.78	44.88	34.00	1	13	
2	40.78	44.88	128.83	54.98	88.62	0	
3	128.83	54.98	213.70	64.72	85.43	1	14	
4	213.70	64.72	233.12	66.95	19.54	0	
5	233.12	66.95	251.00	69.00	18.00	1	10	

13	11	199.542	4
1	7.00	41.00	39.20	51.91	34.00	1	13	
2	39.20	51.91	162.67	93.72	130.36	0	
3	162.67	93.72	186.53	101.79	25.18	1	3	
4	186.53	101.79	196.00	105.00	10.00	2	3	11	

13	12	283.403	8
1	7.00	41.00	27.52	68.11	34.00	1	13	
2	27.52	68.11	35.75	79.00	13.65	0	
3	35.75	79.00	55.18	104.67	32.19	1	2	
4	55.18	104.67	78.71	135.78	39.01	0	
5	78.71	135.78	129.15	202.43	83.58	1	7	
6	129.15	202.43	168.95	255.04	65.97	0	
7	168.95	255.04	173.06	260.47	6.81	1	12	
8	173.06	260.47	178.00	267.00	8.19	2	5	12	

13	13	0	0

13	14	167.075	3
1	7.00	41.00	40.98	39.98	34.00	1	13	
2	40.98	39.98	125.02	37.47	84.07	0	
3	125.02	37.47	174.00	36.00	49.00	1	14	

13	15	314.860	5
1	7.00	41.00	33.35	62.49	34.00	1	13	
2	33.35	62.49	104.64	120.63	92.00	0	
3	104.64	120.63	154.98	161.69	64.96	1	7	
4	154.98	161.69	239.38	230.52	108.91	0	
5	239.38	230.52	251.00	240.00	15.00	1	15	

14	0	177.685	4
1	174.00	36.00	126.02	26.07	49.00	1	14	
2	126.02	26.07	89.89	18.60	36.89	0	
3	89.89	18.60	73.40	15.19	16.84	1	4	
4	73.40	15.19	0.00	0.00	74.95	0	

14	1	249.483	6
1	174.00	36.00	154.56	80.98	49.00	1	14	
2	154.56	80.98	134.84	126.57	49.67	0	
3	134.84	126.57	101.11	204.60	85.01	1	7	
4	101.11	204.60	87.70	235.63	33.80	0	
5	87.70	235.63	78.66	256.52	22.77	1	1	
6	78.66	256.52	75.00	265.00	9.23	2	1	8	

14	2	151.700	3
1	174.00	36.00	129.43	56.35	49.00	1	14	
2	129.43	56.35	54.19	90.69	82.70	0	
3	54.19	90.69	36.00	99.00	20.00	1	2	

14	3	91.444	3
1	174.00	36.00	178.82	84.76	49.00	1	14	
2	178.82	84.76	179.16	88.19	3.44	0	
3	179.16	88.19	183.00	127.00	39.00	1	3	

14	4	94.366	3
1	174.00	36.00	125.71	27.69	49.00	1	14	
2	125.71	27.69	89.87	21.53	36.37	0	
3	89.87	21.53	81.00	20.00	9.00	1	4	

14	5	251.127	7
1	174.00	36.00	175.56	84.98	49.00	0	
2	175.56	84.98	175.68	88.69	3.72	0	
3	175.68	88.69	178.13	165.69	77.04	1	3	
4	178.13	165.69	180.89	252.28	86.63	0	
5	180.89	252.28	181.11	259.01	6.74	0	
6	181.11	259.01	181.82	281.50	22.50	1	12	
7	181.82	281.50	182.00	287.00	5.50	1	5	

14	6	152.751	3
1	174.00	36.00	136.15	67.12	49.00	1	14	
2	136.15	67.12	57.55	131.73	101.75	0	
3	57.55	131.73	56.00	133.00	2.00	1	6	

14	7	141.326	3
1	174.00	36.00	152.50	80.03	49.00	1	14	
2	152.50	80.03	130.86	124.36	49.33	0	
3	130.86	124.36	112.00	163.00	43.00	1	7	

14	8	260.923	6
1	174.00	36.00	155.22	81.26	49.00	0	
2	155.22	81.26	136.08	127.38	49.93	0	
3	136.08	127.38	103.79	205.21	84.27	1	7	
4	103.79	205.21	90.58	237.05	34.47	0	
5	90.58	237.05	82.05	257.60	22.26	1	1	
6	82.05	257.60	74.00	277.00	21.00	2	1	8	

14	9	167.622	3
1	174.00	36.00	209.37	69.91	49.00	1	14	
2	209.37	69.91	294.28	151.31	117.62	0	
3	294.28	151.31	295.00	152.00	1.00	1	9	

14	10	83.774	3
1	174.00	36.00	219.04	55.30	49.00	1	14	
2	219.04	55.30	234.46	61.91	16.77	0	
3	234.46	61.91	251.00	69.00	18.00	1	10	

14	11	72.422	4
1	174.00	36.00	188.88	82.68	49.00	1	14	
2	188.88	82.68	190.83	88.79	6.41	0	
3	190.83	88.79	192.96	95.47	7.01	1	3	
4	192.96	95.47	196.00	105.00	10.00	2	3	11	

14	12	231.035	6
1	174.00	36.00	174.85	85.00	49.00	0	
2	174.85	85.00	174.92	88.85	3.85	0	
3	174.92	88.85	176.24	165.41	76.58	0	
4	176.24	165.41	177.74	252.00	86.60	0	
5	177.74	252.00	177.87	259.31	7.31	1	12	
6	177.87	259.31	178.00	267.00	7.69	2	5	12	

14	13	167.075	3
1	174.00	36.00	125.02	37.47	49.00	1	14	
2	125.02	37.47	40.98	39.98	84.07	0	
3	40.98	39.98	7.00	41.00	34.00	1	13	

14	14	0	0

14	15	218.048	7
1	174.00	36.00	191.30	81.84	49.00	1	14	
2	191.30	81.84	194.25	89.66	8.35	0	
3	194.25	89.66	196.27	95.00	5.71	1	3	
4	196.27	95.00	202.81	112.32	18.51	2	3	11	
5	202.81	112.32	216.12	147.59	37.70	1	3	
6	216.12	147.59	245.70	225.97	83.77	0	
7	245.70	225.97	251.00	240.00	15.00	1	15	

15	0	347.277	8
1	251.00	240.00	240.16	229.63	15.00	1	15	
2	240.16	229.63	171.93	164.40	94.40	0	
3	171.93	164.40	150.55	143.95	29.58	1	3	
4	150.55	143.95	146.14	139.73	6.11	2	3	7	
5	146.14	139.73	129.30	123.63	23.29	1	7	
6	129.30	123.63	40.95	39.16	122.24	0	
7	40.95	39.16	7.32	7.00	46.53	1	13	
8	7.32	7.00	0.00	0.00	10.13	0	

15	1	177.767	4
1	251.00	240.00	236.15	242.11	15.00	1	15	
2	236.15	242.11	106.68	260.50	130.77	0	
3	106.68	260.50	89.59	262.93	17.27	1	1	
4	89.59	262.93	75.00	265.00	14.73	2	1	8	

15	2	257.111	5
1	251.00	240.00	238.46	231.77	15.00	1	15	
2	238.46	231.77	153.06	175.77	102.12	0	
3	153.06	175.77	83.93	130.43	82.68	1	7	
4	83.93	130.43	52.72	109.97	37.31	0	
5	52.72	109.97	36.00	99.00	20.00	1	2	

15	3	131.883	3
1	251.00	240.00	243.27	227.15	15.00	1	15	
2	243.27	227.15	203.11	160.42	77.88	0	
3	203.11	160.42	183.00	127.00	39.00	1	3	

15	4	278.029	5
1	251.00	240.00	241.83	228.13	15.00	1	15	
2	241.83	228.13	192.84	164.74	80.11	0	
3	192.84	164.74	148.97	107.96	71.76	1	3	
4	148.97	107.96	86.50	27.12	102.16	0	
5	86.50	27.12	81.00	20.00	9.00	1	4	

15	5	83.487	3
1	251.00	240.00	238.60	248.44	15.00	1	15	
2	238.60	248.44	205.14	271.24	40.49	0	
3	205.14	271.24	182.00	287.00	28.00	1	5	

15	6	222.428	5
1	251.00	240.00	237.85	232.78	15.00	1	15	
2	237.85	232.78	149.39	184.24	100.91	0	
3	149.39	184.24	74.00	142.88	85.99	1	7	
4	74.00	142.88	57.75	133.96	18.53	0	
5	57.75	133.96	56.00	133.00	2.00	1	6	

15	7	158.902	3
1	251.00	240.00	237.88	232.73	15.00	1	15	
2	237.88	232.73	149.61	183.84	100.90	0	
3	149.61	183.84	112.00	163.00	43.00	1	7	

15	8	180.826	6
1	251.00	240.00	236.32	243.07	15.00	1	15	
2	236.32	243.07	185.09	253.78	52.34	0	
3	185.09	253.78	166.21	257.72	19.28	1	12	
4	166.21	257.72	106.58	270.19	60.92	0	
5	106.58	270.19	94.56	272.70	12.28	1	1	
6	94.56	272.70	74.00	277.00	21.00	2	1	8	

15	9	98.387	3
1	251.00	240.00	257.71	226.58	15.00	1	15	
2	257.71	226.58	294.55	152.89	82.39	0	
3	294.55	152.89	295.00	152.00	1.00	1	9	

15	10	171.000	3
1	251.00	240.00	251.00	225.00	15.00	1	15	
2	251.00	225.00	251.00	87.00	138.00	0	
3	251.00	87.00	251.00	69.00	18.00	1	10	

15	11	145.774	4
1	251.00	240.00	245.34	226.11	15.00	1	15	
2	245.34	226.11	214.39	150.14	82.03	0	
3	214.39	150.14	199.77	114.26	38.75	1	3	
4	199.77	114.26	196.00	105.00	10.00	2	3	11	

15	12	77.833	4
1	251.00	240.00	236.93	245.20	15.00	1	15	
2	236.93	245.20	193.25	261.36	46.57	0	
3	193.25	261.36	192.07	261.80	1.26	1	5	
4	192.07	261.80	178.00	267.00	15.00	2	5	12	

15	13	314.860	5
1	251.00	240.00	239.38	230.52	15.00	1	15	
2	239.38	230.52	154.98	161.69	108.91	0	
3	154.98	161.69	104.64	120.63	64.96	1	7	
4	104.64	120.63	33.35	62.49	92.00	0	
5	33.35	62.49	7.00	41.00	34.00	1	13	

15	14	218.048	7
1	251.00	240.00	245.70	225.97	15.00	1	15	
2	245.70	225.97	216.12	147.59	83.77	0	
3	216.12	147.59	202.81	112.32	37.70	1	3	
4	202.81	112.32	196.27	95.00	18.51	2	3	11	
5	196.27	95.00	194.25	89.66	5.71	1	3	
6	194.25	89.66	191.30	81.84	8.35	0	
7	191.30	81.84	174.00	36.00	49.00	1	14	

15	15	0	0