16	481	2	0.001	60.0
0.000	0.000	0.000	7.000	0.000
156.000	293.000	3.000	2.000	2.000
279.000	131.000	46.000	7.000	9.000
179.000	271.000	9.000	7.000	14.000
76.000	6.000	30.000	8.000	7.000
60.000	27.000	28.000	9.000	15.000
254.000	251.000	15.000	4.000	6.000
193.000	87.000	3.000	5.000	12.000
2.000	167.000	16.000	6.000	12.000
212.000	17.000	3.000	7.000	5.000
201.000	99.000	5.000	2.000	1.000
70.000	12.000	46.000	4.000	7.000
70.000	24.000	26.000	3.000	3.000
103.000	104.000	29.000	1.000	18.000
55.000	92.000	13.000	4.000	1.000
232.000	167.000	3.000	4.000	15.000

0	0	0	0

0	1	331.941	4
1	0.00	0.00	44.74	84.02	95.19	0	
2	44.74	84.02	55.89	104.97	23.73	1	14	
3	55.89	104.97	154.59	290.35	210.02	0	
4	154.59	290.35	156.00	293.00	3.00	1	1	

0	2	308.224	12
1	0.00	0.00	24.01	11.27	26.52	0	
2	24.01	11.27	34.22	16.07	11.29	1	11	
3	34.22	16.07	44.20	20.75	11.03	2	5	11	
4	44.20	20.75	52.50	24.65	9.17	3	5	11	12	
5	52.50	24.65	76.66	35.99	26.68	4	4	5	11	12	
6	76.66	35.99	84.88	39.85	9.08	3	5	11	12	
7	84.88	39.85	88.97	41.78	4.53	2	11	12	
8	88.97	41.78	99.94	46.92	12.11	1	11	
9	99.94	46.92	200.30	94.05	110.88	0	
10	200.30	94.05	205.25	96.37	5.47	1	10	
11	205.25	96.37	237.36	111.45	35.47	0	
12	237.36	111.45	279.00	131.00	46.00	1	2	

0	3	324.780	6
1	0.00	0.00	52.36	79.27	95.00	0	
2	52.36	79.27	65.67	99.42	24.15	1	14	
3	65.67	99.42	76.55	115.90	19.75	0	
4	76.55	115.90	81.67	123.65	9.29	1	13	
5	81.67	123.65	174.04	263.49	167.59	0	
6	174.04	263.49	179.00	271.00	9.00	1	3	

0	4	76.236	5
1	0.00	0.00	25.10	1.98	25.18	0	
2	25.10	1.98	44.73	3.53	19.69	1	11	
3	44.73	3.53	46.09	3.64	1.37	2	5	11	
4	46.09	3.64	53.15	4.20	7.08	3	4	5	11	
5	53.15	4.20	76.00	6.00	22.92	4	4	5	11	12	

0	5	65.795	5
1	0.00	0.00	24.02	10.81	26.34	0	
2	24.02	10.81	34.47	15.51	11.46	1	11	
3	34.47	15.51	44.32	19.94	10.80	2	5	11	
4	44.32	19.94	51.36	23.11	7.72	3	5	11	12	
5	51.36	23.11	60.00	27.00	9.48	4	4	5	11	12	

0	6	357.095	8
1	0.00	0.00	26.12	25.82	36.73	0	
2	26.12	25.82	32.47	32.08	8.92	1	11	
3	32.47	32.08	55.25	54.59	32.03	2	5	11	
4	55.25	54.59	56.71	56.04	2.05	1	11	
5	56.71	56.04	83.51	82.52	37.68	0	
6	83.51	82.52	124.71	123.23	57.91	1	13	
7	124.71	123.23	243.33	240.46	166.77	0	
8	243.33	240.46	254.00	251.00	15.00	1	6	

0	7	211.703	10
1	0.00	0.00	24.02	10.83	26.34	0	
2	24.02	10.83	34.46	15.53	11.45	1	11	
3	34.46	15.53	44.31	19.98	10.81	2	5	11	
4	44.31	19.98	51.40	23.17	7.77	3	5	11	12	
5	51.40	23.17	79.43	35.80	30.74	4	4	5	11	12	
6	79.43	35.80	85.51	38.55	6.67	3	5	11	12	
7	85.51	38.55	90.03	40.58	4.95	2	11	12	
8	90.03	40.58	101.33	45.68	12.40	1	11	
9	101.33	45.68	190.26	85.77	97.55	0	
10	190.26	85.77	193.00	87.00	3.00	1	7	

0	8	167.012	2
1	0.00	0.00	1.81	151.00	151.01	0	
2	1.81	151.00	2.00	167.00	16.00	1	8	

0	9	212.681	10
1	0.00	0.00	25.10	2.01	25.18	0	
2	25.10	2.01	44.65	3.58	19.62	1	11	
3	44.65	3.58	46.09	3.70	1.44	2	5	11	
4	46.09	3.70	53.08	4.26	7.02	3	4	5	11	
5	53.08	4.26	78.88	6.33	25.88	4	4	5	11	12	
6	78.88	6.33	89.85	7.20	11.00	3	4	11	12	
7	89.85	7.20	105.90	8.49	16.10	2	4	11	
8	105.90	8.49	115.92	9.30	10.06	1	11	
9	115.92	9.30	209.01	16.76	93.39	0	
10	209.01	16.76	212.00	17.00	3.00	1	9	

0	10	224.058	10
1	0.00	0.00	24.00	11.82	26.75	0	
2	24.00	11.82	33.95	16.72	11.10	1	11	
3	33.95	16.72	44.10	21.72	11.31	2	5	11	
4	44.10	21.72	54.35	26.77	11.43	3	5	11	12	
5	54.35	26.77	72.73	35.82	20.48	4	4	5	11	12	
6	72.73	35.82	84.02	41.38	12.59	3	5	11	12	
7	84.02	41.38	87.59	43.14	3.98	2	11	12	
8	87.59	43.14	98.18	48.36	11.80	1	11	
9	98.18	48.36	196.51	96.79	109.61	0	
10	196.51	96.79	201.00	99.00	5.00	1	10	

0	11	71.021	5
1	0.00	0.00	24.66	4.23	25.02	0	
2	24.66	4.23	40.47	6.94	16.04	1	11	
3	40.47	6.94	46.06	7.90	5.67	2	5	11	
4	46.06	7.90	49.18	8.43	3.16	3	4	5	11	
5	49.18	8.43	70.00	12.00	21.13	4	4	5	11	12	

0	12	74.000	4
1	0.00	0.00	24.15	8.28	25.53	0	
2	24.15	8.28	36.12	12.38	12.65	1	11	
3	36.12	12.38	47.86	16.41	12.42	2	5	11	
4	47.86	16.41	70.00	24.00	23.40	4	4	5	11	12	

0	13	146.373	6
1	0.00	0.00	26.40	26.65	37.51	0	
2	26.40	26.65	32.64	32.96	8.88	1	11	
3	32.64	32.96	53.78	54.30	30.04	2	5	11	
4	53.78	54.30	54.93	55.46	1.63	1	11	
5	54.93	55.46	82.59	83.40	39.32	0	
6	82.59	83.40	103.00	104.00	29.00	1	13	

0	14	107.187	2
1	0.00	0.00	48.33	80.84	94.19	0	
2	48.33	80.84	55.00	92.00	13.00	1	14	

0	15	285.855	10
1	0.00	0.00	24.33	17.51	29.98	0	
2	24.33	17.51	32.26	23.22	9.76	1	11	
3	32.26	23.22	45.52	32.77	16.35	2	5	11	
4	45.52	32.77	69.45	49.99	29.48	3	5	11	12	
5	69.45	49.99	72.39	52.11	3.62	2	5	11	
6	72.39	52.11	79.27	57.06	8.47	1	11	
7	79.27	57.06	104.23	75.03	30.76	0	
8	104.23	75.03	130.09	93.64	31.86	1	13	
9	130.09	93.64	229.57	165.25	122.57	0	
10	229.57	165.25	232.00	167.00	3.00	1	15	

1	0	331.941	4
1	156.00	293.00	154.59	290.35	3.00	1	1	
2	154.59	290.35	55.89	104.97	210.02	0	
3	55.89	104.97	44.74	84.02	23.73	1	14	
4	44.74	84.02	0.00	0.00	95.19	0	

1	1	0	0

1	2	203.404	5
1	156.00	293.00	157.81	290.61	3.00	1	1	
2	157.81	290.61	170.49	273.92	20.96	0	
3	170.49	273.92	179.53	262.02	14.95	1	3	
4	179.53	262.02	251.18	167.64	118.50	0	
5	251.18	167.64	279.00	131.00	46.00	1	2	

1	3	31.828	3
1	156.00	293.00	158.17	290.93	3.00	1	1	
2	158.17	290.93	172.50	277.22	19.83	0	
3	172.50	277.22	179.00	271.00	9.00	1	3	

1	4	297.941	8
1	156.00	293.00	155.19	290.11	3.00	1	1	
2	155.19	290.11	111.08	131.85	164.29	0	
3	111.08	131.85	95.51	75.98	58.00	0	
4	95.51	75.98	89.31	53.75	23.08	0	
5	89.31	53.75	86.60	44.01	10.11	1	11	
6	86.60	44.01	85.24	39.13	5.07	2	11	12	
7	85.24	39.13	84.06	34.90	4.39	3	5	11	12	
8	84.06	34.90	76.00	6.00	30.00	4	4	5	11	12	

1	5	282.793	8
1	156.00	293.00	154.98	290.18	3.00	1	1	
2	154.98	290.18	98.11	132.58	167.54	0	
3	98.11	132.58	80.98	85.13	50.45	1	13	
4	80.98	85.13	71.18	57.98	28.86	0	
5	71.18	57.98	69.51	53.34	4.94	1	11	
6	69.51	53.34	68.28	49.94	3.61	2	5	11	
7	68.28	49.94	62.00	32.53	18.51	3	5	11	12	
8	62.00	32.53	60.00	27.00	5.88	4	4	5	11	12	

1	6	106.621	3
1	156.00	293.00	158.76	291.82	3.00	1	1	
2	158.76	291.82	240.21	256.91	88.62	0	
3	240.21	256.91	254.00	251.00	15.00	1	6	

1	7	209.296	3
1	156.00	293.00	156.53	290.05	3.00	1	1	
2	156.53	290.05	192.47	89.95	203.30	0	
3	192.47	89.95	193.00	87.00	3.00	1	7	

1	8	198.977	3
1	156.00	293.00	153.68	291.10	3.00	1	1	
2	153.68	291.10	14.38	177.13	179.98	0	
3	14.38	177.13	2.00	167.00	16.00	1	8	

1	9	281.624	3
1	156.00	293.00	156.60	290.06	3.00	1	1	
2	156.60	290.06	211.40	19.94	275.62	0	
3	211.40	19.94	212.00	17.00	3.00	1	9	

1	10	199.151	3
1	156.00	293.00	156.68	290.08	3.00	1	1	
2	156.68	290.08	199.87	103.87	191.15	0	
3	199.87	103.87	201.00	99.00	5.00	1	10	

1	11	293.866	8
1	156.00	293.00	155.12	290.13	3.00	1	1	
2	155.12	290.13	106.95	132.73	164.61	0	
3	106.95	132.73	90.19	77.98	57.26	1	13	
4	90.19	77.98	83.46	55.99	23.00	0	
5	83.46	55.99	80.90	47.61	8.76	1	11	
6	80.90	47.61	80.45	46.13	1.54	2	11	12	
7	80.45	46.13	77.34	35.97	10.63	3	5	11	12	
8	77.34	35.97	70.00	12.00	25.07	4	4	5	11	12	

1	12	282.413	8
1	156.00	293.00	155.09	290.14	3.00	1	1	
2	155.09	290.14	104.83	132.94	165.04	0	
3	104.83	132.94	87.70	79.36	56.25	1	13	
4	87.70	79.36	80.48	56.79	23.70	0	
5	80.48	56.79	77.92	48.77	8.42	1	11	
6	77.92	48.77	77.85	48.57	0.21	2	11	12	
7	77.85	48.57	73.81	35.92	13.28	3	5	11	12	
8	73.81	35.92	70.00	24.00	12.51	4	4	5	11	12	

1	13	196.291	3
1	156.00	293.00	155.19	290.11	3.00	1	1	
2	155.19	290.11	110.83	131.92	164.29	0	
3	110.83	131.92	103.00	104.00	29.00	1	13	

1	14	224.949	3
1	156.00	293.00	154.65	290.32	3.00	1	1	
2	154.65	290.32	60.84	103.62	208.95	0	
3	60.84	103.62	55.00	92.00	13.00	1	14	

1	15	147.146	5
1	156.00	293.00	157.55	290.43	3.00	1	1	
2	157.55	290.43	170.11	269.61	24.31	0	
3	170.11	269.61	173.62	263.78	6.81	1	3	
4	173.62	263.78	230.45	169.57	110.03	0	
5	230.45	169.57	232.00	167.00	3.00	1	15	

2	0	308.224	12
1	279.00	131.00	237.36	111.45	46.00	1	2	
2	237.36	111.45	205.25	96.37	35.47	0	
3	205.25	96.37	200.30	94.05	5.47	1	10	
4	200.30	94.05	99.94	46.92	110.88	0	
5	99.94	46.92	88.97	41.78	12.11	1	11	
6	88.97	41.78	84.88	39.85	4.53	2	11	12	
7	84.88	39.85	76.66	35.99	9.08	3	5	11	12	
8	76.66	35.99	52.50	24.65	26.68	4	4	5	11	12	
9	52.50	24.65	44.20	20.75	9.17	3	5	11	12	
10	44.20	20.75	34.22	16.07	11.03	2	5	11	
11	34.22	16.07	24.01	11.27	11.29	1	11	
12	24.01	11.27	0.00	0.00	26.52	0	

2	1	203.404	5
1	279.00	131.00	251.18	167.64	46.00	1	2	
2	251.18	167.64	179.53	262.02	118.50	0	
3	179.53	262.02	170.49	273.92	14.95	1	3	
4	170.49	273.92	157.81	290.61	20.96	0	
5	157.81	290.61	156.00	293.00	3.00	1	1	

2	2	0	0

2	3	172.047	3
1	279.00	131.00	252.26	168.43	46.00	1	2	
2	252.26	168.43	184.23	263.68	117.05	0	
3	184.23	263.68	179.00	271.00	9.00	1	3	

2	4	238.399	6
1	279.00	131.00	239.83	106.88	46.00	1	2	
2	239.83	106.88	112.86	28.70	149.11	0	
3	112.86	28.70	101.55	21.73	13.29	1	11	
4	101.55	21.73	95.27	17.86	7.38	2	4	11	
5	95.27	17.86	82.02	9.71	15.55	3	4	11	12	
6	82.02	9.71	76.00	6.00	7.07	4	4	5	11	12	

2	5	242.440	10
1	279.00	131.00	237.45	111.27	46.00	1	2	
2	237.45	111.27	204.82	95.77	36.12	0	
3	204.82	95.77	201.09	94.00	4.13	1	10	
4	201.09	94.00	192.61	89.97	9.39	0	
5	192.61	89.97	190.94	89.18	1.85	1	7	
6	190.94	89.18	100.65	46.30	99.96	0	
7	100.65	46.30	89.62	41.06	12.21	1	11	
8	89.62	41.06	85.29	39.01	4.79	2	11	12	
9	85.29	39.01	78.70	35.88	7.30	3	5	11	12	
10	78.70	35.88	60.00	27.00	20.70	4	4	5	11	12	

2	6	122.577	3
1	279.00	131.00	269.62	176.03	46.00	1	2	
2	269.62	176.03	257.06	236.32	61.58	0	
3	257.06	236.32	254.00	251.00	15.00	1	6	

2	7	96.602	3
1	279.00	131.00	238.05	110.05	46.00	1	2	
2	238.05	110.05	195.67	88.37	47.60	0	
3	195.67	88.37	193.00	87.00	3.00	1	7	

2	8	279.330	3
1	279.00	131.00	233.38	136.93	46.00	1	2	
2	233.38	136.93	17.87	164.94	217.33	0	
3	17.87	164.94	2.00	167.00	16.00	1	8	

2	9	132.231	3
1	279.00	131.00	255.69	91.34	46.00	1	2	
2	255.69	91.34	213.52	19.59	83.23	0	
3	213.52	19.59	212.00	17.00	3.00	1	9	

2	10	84.309	3
1	279.00	131.00	236.44	113.54	46.00	1	2	
2	236.44	113.54	205.63	100.90	33.31	0	
3	205.63	100.90	201.00	99.00	5.00	1	10	

2	11	240.504	6
1	279.00	131.00	239.03	108.24	46.00	1	2	
2	239.03	108.24	109.97	34.76	148.50	0	
3	109.97	34.76	97.03	27.39	14.89	1	11	
4	97.03	27.39	95.86	26.72	1.35	2	4	11	
5	95.86	26.72	87.55	21.99	9.56	3	4	11	12	
6	87.55	21.99	70.00	12.00	20.19	4	4	5	11	12	

2	12	234.798	8
1	279.00	131.00	238.05	110.04	46.00	1	2	
2	238.05	110.04	195.68	88.34	47.60	0	
3	195.68	88.34	190.34	85.61	6.00	1	7	
4	190.34	85.61	104.96	41.90	95.92	0	
5	104.96	41.90	93.14	35.85	13.27	1	11	
6	93.14	35.85	88.29	33.37	5.45	2	11	12	
7	88.29	33.37	87.37	32.89	1.03	3	4	11	12	
8	87.37	32.89	70.00	24.00	19.52	4	4	5	11	12	

2	13	178.059	3
1	279.00	131.00	233.53	124.02	46.00	1	2	
2	233.53	124.02	131.66	108.40	103.06	0	
3	131.66	108.40	103.00	104.00	29.00	1	13	

2	14	227.370	5
1	279.00	131.00	233.68	123.11	46.00	1	2	
2	233.68	123.11	131.97	105.40	103.25	0	
3	131.97	105.40	75.27	95.53	57.55	1	13	
4	75.27	95.53	67.81	94.23	7.57	0	
5	67.81	94.23	55.00	92.00	13.00	1	14	

2	15	59.203	3
1	279.00	131.00	242.48	158.97	46.00	1	2	
2	242.48	158.97	234.38	165.18	10.20	0	
3	234.38	165.18	232.00	167.00	3.00	1	15	

3	0	324.780	6
1	179.00	271.00	174.04	263.49	9.00	1	3	
2	174.04	263.49	81.67	123.65	167.59	0	
3	81.67	123.65	76.55	115.90	9.29	1	13	
4	76.55	115.90	65.67	99.42	19.75	0	
5	65.67	99.42	52.36	79.27	24.15	1	14	
6	52.36	79.27	0.00	0.00	95.00	0	

3	1	31.828	3
1	179.00	271.00	172.50	277.22	9.00	1	3	
2	172.50	277.22	158.17	290.93	19.83	0	
3	158.17	290.93	156.00	293.00	3.00	1	1	

3	2	172.047	3
1	179.00	271.00	184.23	263.68	9.00	1	3	
2	184.23	263.68	252.26	168.43	117.05	0	
3	252.26	168.43	279.00	131.00	46.00	1	2	

3	3	0	0

3	4	284.313	8
1	179.00	271.00	175.74	262.61	9.00	1	3	
2	175.74	262.61	122.45	125.51	147.09	0	
3	122.45	125.51	102.82	75.00	54.19	1	13	
4	102.82	75.00	93.66	51.45	25.27	0	
5	93.66	51.45	89.62	41.05	11.15	1	11	
6	89.62	41.05	87.02	34.35	7.19	2	11	12	
7	87.02	34.35	86.87	33.96	0.41	3	5	11	12	
8	86.87	33.96	76.00	6.00	30.00	4	4	5	11	12	

3	5	271.472	8
1	179.00	271.00	175.05	262.91	9.00	1	3	
2	175.05	262.91	111.13	131.84	145.83	0	
3	111.13	131.84	86.07	80.45	57.17	1	13	
4	86.07	80.45	74.99	57.73	25.28	0	
5	74.99	57.73	72.27	52.17	6.19	1	11	
6	72.27	52.17	71.20	49.97	2.44	2	5	11	
7	71.20	49.97	62.93	33.00	18.88	3	5	11	12	
8	62.93	33.00	60.00	27.00	6.68	4	4	5	11	12	

3	6	77.621	3
1	179.00	271.00	187.70	268.68	9.00	1	3	
2	187.70	268.68	239.51	254.86	53.62	0	
3	239.51	254.86	254.00	251.00	15.00	1	6	

3	7	184.532	3
1	179.00	271.00	179.68	262.03	9.00	1	3	
2	179.68	262.03	192.77	89.99	172.53	0	
3	192.77	89.99	193.00	87.00	3.00	1	7	

3	8	205.292	3
1	179.00	271.00	171.24	266.44	9.00	1	3	
2	171.24	266.44	15.79	175.11	180.29	0	
3	15.79	175.11	2.00	167.00	16.00	1	8	

3	9	256.135	5
1	179.00	271.00	180.16	262.08	9.00	1	3	
2	180.16	262.08	200.70	103.99	159.41	0	
3	200.70	103.99	201.98	94.10	9.98	1	10	
4	201.98	94.10	211.61	19.97	74.75	0	
5	211.61	19.97	212.00	17.00	3.00	1	9	

3	10	173.401	3
1	179.00	271.00	180.14	262.07	9.00	1	3	
2	180.14	262.07	200.37	103.96	159.40	0	
3	200.37	103.96	201.00	99.00	5.00	1	10	

3	11	281.002	8
1	179.00	271.00	175.51	262.70	9.00	1	3	
2	175.51	262.70	118.92	128.24	145.89	0	
3	118.92	128.24	96.80	75.67	57.03	1	13	
4	96.80	75.67	87.84	54.40	23.08	0	
5	87.84	54.40	84.21	45.77	9.36	1	11	
6	84.21	45.77	83.02	42.94	3.07	2	11	12	
7	83.02	42.94	79.99	35.73	7.82	3	5	11	12	
8	79.99	35.73	70.00	12.00	25.75	4	4	5	11	12	

3	12	269.981	8
1	179.00	271.00	175.37	262.77	9.00	1	3	
2	175.37	262.77	116.61	129.61	145.54	0	
3	116.61	129.61	93.25	76.69	57.85	1	13	
4	93.25	76.69	84.04	55.81	22.82	0	
5	84.04	55.81	80.50	47.79	8.77	1	11	
6	80.50	47.79	79.98	46.62	1.28	2	11	12	
7	79.98	46.62	75.29	35.99	11.61	3	5	11	12	
8	75.29	35.99	70.00	24.00	13.11	4	4	5	11	12	

3	13	183.480	3
1	179.00	271.00	175.27	262.81	9.00	1	3	
2	175.27	262.81	115.01	130.40	145.48	0	
3	115.01	130.40	103.00	104.00	29.00	1	13	

3	14	217.754	3
1	179.00	271.00	173.88	263.60	9.00	1	3	
2	173.88	263.60	62.40	102.69	195.75	0	
3	62.40	102.69	55.00	92.00	13.00	1	14	

3	15	116.726	3
1	179.00	271.00	183.09	262.98	9.00	1	3	
2	183.09	262.98	230.64	169.67	104.73	0	
3	230.64	169.67	232.00	167.00	3.00	1	15	

4	0	76.236	5
1	76.00	6.00	53.15	4.20	22.92	4	4	5	11	12	
2	53.15	4.20	46.09	3.64	7.08	3	4	5	11	
3	46.09	3.64	44.73	3.53	1.37	2	5	11	
4	44.73	3.53	25.10	1.98	19.69	1	11	
5	25.10	1.98	0.00	0.00	25.18	0	

4	1	297.941	8
1	76.00	6.00	84.06	34.90	30.00	4	4	5	11	12	
2	84.06	34.90	85.24	39.13	4.39	3	5	11	12	
3	85.24	39.13	86.60	44.01	5.07	2	11	12	
4	86.60	44.01	89.31	53.75	10.11	1	11	
5	89.31	53.75	95.51	75.98	23.08	0	
6	95.51	75.98	111.08	131.85	58.00	0	
7	111.08	131.85	155.19	290.11	164.29	0	
8	155.19	290.11	156.00	293.00	3.00	1	1	

4	2	238.399	6
1	76.00	6.00	82.02	9.71	7.07	4	4	5	11	12	
2	82.02	9.71	95.27	17.86	15.55	3	4	11	12	
3	95.27	17.86	101.55	21.73	7.38	2	4	11	
4	101.55	21.73	112.86	28.70	13.29	1	11	
5	112.86	28.70	239.83	106.88	149.11	0	
6	239.83	106.88	279.00	131.00	46.00	1	2	

4	3	284.313	8
1	76.00	6.00	86.87	33.96	30.00	4	4	5	11	12	
2	86.87	33.96	87.02	34.35	0.41	3	5	11	12	
3	87.02	34.35	89.62	41.05	7.19	2	11	12	
4	89.62	41.05	93.66	51.45	11.15	1	11	
5	93.66	51.45	102.82	75.00	25.27	0	
6	102.82	75.00	122.45	125.51	54.19	1	13	
7	122.45	125.51	175.74	262.61	147.09	0	
8	175.74	262.61	179.00	271.00	9.00	1	3	

4	4	0	0

4	5	26.401	1
1	76.00	6.00	60.00	27.00	26.40	4	4	5	11	12	

4	6	302.835	6
1	76.00	6.00	87.52	21.86	19.61	4	4	5	11	12	
2	87.52	21.86	93.63	30.27	10.39	3	4	11	12	
3	93.63	30.27	94.78	31.86	1.96	2	11	12	
4	94.78	31.86	103.37	43.67	14.60	1	11	
5	103.37	43.67	245.18	238.86	241.28	0	
6	245.18	238.86	254.00	251.00	15.00	1	6	

4	7	142.302	6
1	76.00	6.00	82.74	10.67	8.20	4	4	5	11	12	
2	82.74	10.67	95.62	19.58	15.66	3	4	11	12	
3	95.62	19.58	100.67	23.08	6.13	2	4	11	
4	100.67	23.08	111.94	30.88	13.72	1	11	
5	111.94	30.88	190.53	85.29	95.58	0	
6	190.53	85.29	193.00	87.00	3.00	1	7	

4	8	177.192	6
1	76.00	6.00	63.47	33.26	30.00	4	4	5	11	12	
2	63.47	33.26	57.30	46.69	14.78	3	5	11	12	
3	57.30	46.69	53.80	54.30	8.38	2	5	11	
4	53.80	54.30	53.51	54.94	0.70	1	11	
5	53.51	54.94	8.68	152.46	107.33	0	
6	8.68	152.46	2.00	167.00	16.00	1	8	

4	9	136.444	6
1	76.00	6.00	78.77	6.22	2.78	4	4	5	11	12	
2	78.77	6.22	89.77	7.11	11.03	3	4	11	12	
3	89.77	7.11	105.90	8.42	16.18	2	4	11	
4	105.90	8.42	115.92	9.23	10.05	1	11	
5	115.92	9.23	209.01	16.76	93.40	0	
6	209.01	16.76	212.00	17.00	3.00	1	9	

4	10	155.801	6
1	76.00	6.00	83.25	11.39	9.03	4	4	5	11	12	
2	83.25	11.39	95.79	20.73	15.64	3	4	11	12	
3	95.79	20.73	100.07	23.91	5.33	2	4	11	
4	100.07	23.91	111.30	32.26	14.00	1	11	
5	111.30	32.26	196.99	96.02	106.81	0	
6	196.99	96.02	201.00	99.00	5.00	1	10	

4	11	8.485	1
1	76.00	6.00	70.00	12.00	8.49	4	4	5	11	12	

4	12	18.974	1
1	76.00	6.00	70.00	24.00	18.97	4	4	5	11	12	

4	13	101.651	6
1	76.00	6.00	83.97	34.92	30.00	4	4	5	11	12	
2	83.97	34.92	85.17	39.27	4.51	3	5	11	12	
3	85.17	39.27	86.50	44.10	5.00	1	11	
4	86.50	44.10	89.17	53.81	10.08	1	11	
5	89.17	53.81	95.30	76.04	23.06	0	
6	95.30	76.04	103.00	104.00	29.00	1	13	

4	14	88.527	6
1	76.00	6.00	68.88	35.14	30.00	4	4	5	11	12	
2	68.88	35.14	65.36	49.58	14.86	3	5	11	12	
3	65.36	49.58	64.11	54.70	5.26	2	5	11	
4	64.11	54.70	63.42	57.53	2.91	1	11	
5	63.42	57.53	58.08	79.37	22.49	0	
6	58.08	79.37	55.00	92.00	13.00	1	14	

4	15	224.181	6
1	76.00	6.00	85.80	16.11	14.08	4	4	5	11	12	
2	85.80	16.11	95.88	26.52	14.49	3	4	11	12	
3	95.88	26.52	96.88	27.55	1.43	2	4	11	
4	96.88	27.55	107.55	38.57	15.34	1	11	
5	107.55	38.57	229.91	164.85	175.84	0	
6	229.91	164.85	232.00	167.00	3.00	1	15	

5	0	65.795	5
1	60.00	27.00	51.36	23.11	9.48	4	4	5	11	12	
2	51.36	23.11	44.32	19.94	7.72	3	5	11	12	
3	44.32	19.94	34.47	15.51	10.80	2	5	11	
4	34.47	15.51	24.02	10.81	11.46	1	11	
5	24.02	10.81	0.00	0.00	26.34	0	

5	1	282.793	8
1	60.00	27.00	62.00	32.53	5.88	4	4	5	11	12	
2	62.00	32.53	68.28	49.94	18.51	3	5	11	12	
3	68.28	49.94	69.51	53.34	3.61	2	5	11	
4	69.51	53.34	71.18	57.98	4.94	1	11	
5	71.18	57.98	80.98	85.13	28.86	0	
6	80.98	85.13	98.11	132.58	50.45	1	13	
7	98.11	132.58	154.98	290.18	167.54	0	
8	154.98	290.18	156.00	293.00	3.00	1	1	

5	2	242.440	10
1	60.00	27.00	78.70	35.88	20.70	4	4	5	11	12	
2	78.70	35.88	85.29	39.01	7.30	3	5	11	12	
3	85.29	39.01	89.62	41.06	4.79	2	11	12	
4	89.62	41.06	100.65	46.30	12.21	1	11	
5	100.65	46.30	190.94	89.18	99.96	0	
6	190.94	89.18	192.61	89.97	1.85	1	7	
7	192.61	89.97	201.09	94.00	9.39	0	
8	201.09	94.00	204.82	95.77	4.13	1	10	
9	204.82	95.77	237.45	111.27	36.12	0	
10	237.45	111.27	279.00	131.00	46.00	1	2	

5	3	271.472	8
1	60.00	27.00	62.93	33.00	6.68	4	4	5	11	12	
2	62.93	33.00	71.20	49.97	18.88	3	5	11	12	
3	71.20	49.97	72.27	52.17	2.44	2	5	11	
4	72.27	52.17	74.99	57.73	6.19	1	11	
5	74.99	57.73	86.07	80.45	25.28	0	
6	86.07	80.45	111.13	131.84	57.17	1	13	
7	111.13	131.84	175.05	262.91	145.83	0	
8	175.05	262.91	179.00	271.00	9.00	1	3	

5	4	26.401	1
1	60.00	27.00	76.00	6.00	26.40	4	4	5	11	12	

5	5	0	0

5	6	296.331	8
1	60.00	27.00	66.44	34.44	9.84	4	4	5	11	12	
2	66.44	34.44	78.33	48.17	18.16	3	5	11	12	
3	78.33	48.17	78.64	48.52	0.47	2	11	12	
4	78.64	48.52	84.75	55.57	9.33	1	11	
5	84.75	55.57	101.60	75.03	25.75	0	
6	101.60	75.03	131.47	109.52	45.62	1	13	
7	131.47	109.52	244.18	239.66	172.16	0	
8	244.18	239.66	254.00	251.00	15.00	1	6	

5	7	145.908	6
1	60.00	27.00	79.50	35.80	21.39	4	4	5	11	12	
2	79.50	35.80	85.52	38.51	6.61	3	5	11	12	
3	85.52	38.51	90.05	40.56	4.96	2	11	12	
4	90.05	40.56	101.36	45.66	12.41	1	11	
5	101.36	45.66	190.27	85.77	97.54	0	
6	190.27	85.77	193.00	87.00	3.00	1	7	

5	8	151.539	6
1	60.00	27.00	58.58	30.42	3.71	4	4	5	11	12	
2	58.58	30.42	53.07	43.73	14.40	3	5	11	12	
3	53.07	43.73	49.28	52.87	9.89	2	5	11	
4	49.28	52.87	49.21	53.04	0.18	1	11	
5	49.21	53.04	8.12	152.22	107.36	0	
6	8.12	152.22	2.00	167.00	16.00	1	8	

5	9	152.329	6
1	60.00	27.00	87.94	25.16	28.00	4	4	5	11	12	
2	87.94	25.16	95.99	24.63	8.07	3	4	11	12	
3	95.99	24.63	99.70	24.39	3.72	2	4	11	
4	99.70	24.39	114.56	23.41	14.89	1	11	
5	114.56	23.41	209.01	17.20	94.65	0	
6	209.01	17.20	212.00	17.00	3.00	1	9	

5	10	158.319	6
1	60.00	27.00	77.55	35.96	19.70	4	4	5	11	12	
2	77.55	35.96	84.94	39.73	8.30	3	5	11	12	
3	84.94	39.73	88.96	41.79	4.52	2	11	12	
4	88.96	41.79	99.59	47.22	11.94	1	11	
5	99.59	47.22	196.55	96.73	108.86	0	
6	196.55	96.73	201.00	99.00	5.00	1	10	

5	11	18.028	1
1	60.00	27.00	70.00	12.00	18.03	4	4	5	11	12	

5	12	10.440	1
1	60.00	27.00	70.00	24.00	10.44	4	4	5	11	12	

5	13	88.193	6
1	60.00	27.00	63.50	33.27	7.19	4	4	5	11	12	
2	63.50	33.27	72.76	49.85	18.99	3	5	11	12	
3	72.76	49.85	73.65	51.45	1.83	2	5	11	
4	73.65	51.45	77.01	57.46	6.89	1	11	
5	77.01	57.46	88.86	78.68	24.30	0	
6	88.86	78.68	103.00	104.00	29.00	1	13	

5	14	65.192	6
1	60.00	27.00	59.68	31.17	4.18	4	4	5	11	12	
2	59.68	31.17	58.44	47.29	16.16	3	5	11	12	
3	58.44	47.29	57.85	54.92	7.65	2	5	11	
4	57.85	54.92	57.74	56.34	1.42	1	11	
5	57.74	56.34	56.00	79.04	22.77	0	
6	56.00	79.04	55.00	92.00	13.00	0	

5	15	221.775	6
1	60.00	27.00	70.41	35.48	13.43	4	4	5	11	12	
2	70.41	35.48	81.72	44.68	14.57	3	5	11	12	
3	81.72	44.68	83.56	46.18	2.38	2	11	12	
4	83.56	46.18	91.52	52.66	10.26	1	11	
5	91.52	52.66	229.67	165.11	178.13	0	
6	229.67	165.11	232.00	167.00	3.00	1	15	

6	0	357.095	8
1	254.00	251.00	243.33	240.46	15.00	1	6	
2	243.33	240.46	124.71	123.23	166.77	0	
3	124.71	123.23	83.51	82.52	57.91	1	13	
4	83.51	82.52	56.71	56.04	37.68	0	
5	56.71	56.04	55.25	54.59	2.05	1	11	
6	55.25	54.59	32.47	32.08	32.03	2	5	11	
7	32.47	32.08	26.12	25.82	8.92	1	11	
8	26.12	25.82	0.00	0.00	36.73	0	

6	1	106.621	3
1	254.00	251.00	240.21	256.91	15.00	1	6	
2	240.21	256.91	158.76	291.82	88.62	0	
3	158.76	291.82	156.00	293.00	3.00	1	1	

6	2	122.577	3
1	254.00	251.00	257.06	236.32	15.00	1	6	
2	257.06	236.32	269.62	176.03	61.58	0	
3	269.62	176.03	279.00	131.00	46.00	1	2	

6	3	77.621	3
1	254.00	251.00	239.51	254.86	15.00	1	6	
2	239.51	254.86	187.70	268.68	53.62	0	
3	187.70	268.68	179.00	271.00	9.00	1	3	

6	4	302.835	6
1	254.00	251.00	245.18	238.86	15.00	1	6	
2	245.18	238.86	103.37	43.67	241.28	0	
3	103.37	43.67	94.78	31.86	14.60	1	11	
4	94.78	31.86	93.63	30.27	1.96	2	11	12	
5	93.63	30.27	87.52	21.86	10.39	3	4	11	12	
6	87.52	21.86	76.00	6.00	19.61	4	4	5	11	12	

6	5	296.331	8
1	254.00	251.00	244.18	239.66	15.00	1	6	
2	244.18	239.66	131.47	109.52	172.16	0	
3	131.47	109.52	101.60	75.03	45.62	1	13	
4	101.60	75.03	84.75	55.57	25.75	0	
5	84.75	55.57	78.64	48.52	9.33	1	11	
6	78.64	48.52	78.33	48.17	0.47	2	11	12	
7	78.33	48.17	66.44	34.44	18.16	3	5	11	12	
8	66.44	34.44	60.00	27.00	9.84	4	4	5	11	12	

6	6	0	0

6	7	174.977	3
1	254.00	251.00	248.77	236.94	15.00	1	6	
2	248.77	236.94	194.05	89.81	156.98	0	
3	194.05	89.81	193.00	87.00	3.00	1	7	

6	8	265.631	3
1	254.00	251.00	239.77	246.26	15.00	1	6	
2	239.77	246.26	17.18	172.06	234.63	0	
3	17.18	172.06	2.00	167.00	16.00	1	8	

6	9	237.739	5
1	254.00	251.00	251.35	236.24	15.00	1	6	
2	251.35	236.24	234.66	143.24	94.48	0	
3	234.66	143.24	233.17	134.94	8.43	1	2	
4	233.17	134.94	212.53	19.95	116.83	0	
5	212.53	19.95	212.00	17.00	3.00	1	9	

6	10	160.975	3
1	254.00	251.00	249.06	236.84	15.00	1	6	
2	249.06	236.84	202.65	103.72	140.98	0	
3	202.65	103.72	201.00	99.00	5.00	1	10	

6	11	301.624	6
1	254.00	251.00	244.85	239.11	15.00	1	6	
2	244.85	239.11	98.06	48.45	240.62	0	
3	98.06	48.45	91.02	39.30	11.54	1	11	
4	91.02	39.30	87.07	34.17	6.48	2	11	12	
5	87.07	34.17	86.90	33.95	0.28	3	5	11	12	
6	86.90	33.95	70.00	12.00	27.70	4	4	5	11	12	

6	12	292.207	8
1	254.00	251.00	244.55	239.35	15.00	1	6	
2	244.55	239.35	131.75	100.18	179.15	0	
3	131.75	100.18	112.69	76.67	30.26	1	13	
4	112.69	76.67	92.70	52.01	31.74	0	
5	92.70	52.01	86.37	44.20	10.05	1	11	
6	86.37	44.20	84.05	41.34	3.68	2	11	12	
7	84.05	41.34	79.56	35.79	7.14	3	5	11	12	
8	79.56	35.79	70.00	24.00	15.17	4	4	5	11	12	

6	13	210.737	3
1	254.00	251.00	243.25	240.54	15.00	1	6	
2	243.25	240.54	123.78	124.23	166.74	0	
3	123.78	124.23	103.00	104.00	29.00	1	13	

6	14	254.719	5
1	254.00	251.00	242.28	241.64	15.00	1	6	
2	242.28	241.64	106.11	132.83	174.30	0	
3	106.11	132.83	74.19	107.33	40.85	1	13	
4	74.19	107.33	65.16	100.11	11.57	0	
5	65.16	100.11	55.00	92.00	13.00	1	14	

6	15	86.833	3
1	254.00	251.00	250.20	236.49	15.00	1	6	
2	250.20	236.49	232.76	169.90	68.83	0	
3	232.76	169.90	232.00	167.00	3.00	1	15	

7	0	211.703	10
1	193.00	87.00	190.26	85.77	3.00	1	7	
2	190.26	85.77	101.33	45.68	97.55	0	
3	101.33	45.68	90.03	40.58	12.40	1	11	
4	90.03	40.58	85.51	38.55	4.95	2	11	12	
5	85.51	38.55	79.43	35.80	6.67	3	5	11	12	
6	79.43	35.80	51.40	23.17	30.74	4	4	5	11	12	
7	51.40	23.17	44.31	19.98	7.77	3	5	11	12	
8	44.31	19.98	34.46	15.53	10.81	2	5	11	
9	34.46	15.53	24.02	10.83	11.45	1	11	
10	24.02	10.83	0.00	0.00	26.34	0	

7	1	209.296	3
1	193.00	87.00	192.47	89.95	3.00	1	7	
2	192.47	89.95	156.53	290.05	203.30	0	
3	156.53	290.05	156.00	293.00	3.00	1	1	

7	2	96.602	3
1	193.00	87.00	195.67	88.37	3.00	1	7	
2	195.67	88.37	238.05	110.05	47.60	0	
3	238.05	110.05	279.00	131.00	46.00	1	2	

7	3	184.532	3
1	193.00	87.00	192.77	89.99	3.00	1	7	
2	192.77	89.99	179.68	262.03	172.53	0	
3	179.68	262.03	179.00	271.00	9.00	1	3	

7	4	142.302	6
1	193.00	87.00	190.53	85.29	3.00	1	7	
2	190.53	85.29	111.94	30.88	95.58	0	
3	111.94	30.88	100.67	23.08	13.72	1	11	
4	100.67	23.08	95.62	19.58	6.13	2	4	11	
5	95.62	19.58	82.74	10.67	15.66	3	4	11	12	
6	82.74	10.67	76.00	6.00	8.20	4	4	5	11	12	

7	5	145.908	6
1	193.00	87.00	190.27	85.77	3.00	1	7	
2	190.27	85.77	101.36	45.66	97.54	0	
3	101.36	45.66	90.05	40.56	12.41	1	11	
4	90.05	40.56	85.52	38.51	4.96	2	11	12	
5	85.52	38.51	79.50	35.80	6.61	3	5	11	12	
6	79.50	35.80	60.00	27.00	21.39	4	4	5	11	12	

7	6	174.977	3
1	193.00	87.00	194.05	89.81	3.00	1	7	
2	194.05	89.81	248.77	236.94	156.98	0	
3	248.77	236.94	254.00	251.00	15.00	1	6	

7	7	0	0

7	8	207.077	5
1	193.00	87.00	190.23	88.16	3.00	1	7	
2	190.23	88.16	130.51	113.17	64.75	0	
3	130.51	113.17	90.24	130.04	43.66	1	13	
4	90.24	130.04	16.76	160.82	79.67	0	
5	16.76	160.82	2.00	167.00	16.00	1	8	

7	9	72.533	3
1	193.00	87.00	193.79	84.10	3.00	1	7	
2	193.79	84.10	211.21	19.90	66.53	0	
3	211.21	19.90	212.00	17.00	3.00	1	9	

7	10	14.422	3
1	193.00	87.00	194.66	89.50	3.00	1	7	
2	194.66	89.50	198.23	94.84	6.42	0	
3	198.23	94.84	201.00	99.00	5.00	1	10	

7	11	144.062	6
1	193.00	87.00	190.44	85.44	3.00	1	7	
2	190.44	85.44	109.27	35.95	95.06	0	
3	109.27	35.95	96.33	28.06	15.16	1	11	
4	96.33	28.06	95.74	27.69	0.70	2	4	11	
5	95.74	27.69	87.68	22.78	9.44	3	4	11	12	
6	87.68	22.78	70.00	12.00	20.71	4	4	5	11	12	

7	12	138.196	6
1	193.00	87.00	190.33	85.63	3.00	1	7	
2	190.33	85.63	104.95	41.90	95.92	0	
3	104.95	41.90	93.14	35.85	13.27	1	11	
4	93.14	35.85	88.29	33.37	5.45	2	11	12	
5	88.29	33.37	87.37	32.90	1.03	3	4	11	12	
6	87.37	32.90	70.00	24.00	19.52	4	4	5	11	12	

7	13	91.591	3
1	193.00	87.00	190.05	87.56	3.00	1	7	
2	190.05	87.56	131.50	98.62	59.59	0	
3	131.50	98.62	103.00	104.00	29.00	1	13	

7	14	138.091	5
1	193.00	87.00	190.00	87.11	3.00	1	7	
2	190.00	87.11	128.03	89.35	62.01	0	
3	128.03	89.35	76.98	91.20	51.09	1	13	
4	76.98	91.20	67.99	91.53	8.99	0	
5	67.99	91.53	55.00	92.00	13.00	1	14	

7	15	89.000	4
1	193.00	87.00	197.24	95.70	9.68	0	
2	197.24	95.70	201.28	103.99	9.22	1	10	
3	201.28	103.99	230.69	164.30	67.10	0	
4	230.69	164.30	232.00	167.00	3.00	1	15	

8	0	167.012	2
1	2.00	167.00	1.81	151.00	16.00	1	8	
2	1.81	151.00	0.00	0.00	151.01	0	

8	1	198.977	3
1	2.00	167.00	14.38	177.13	16.00	1	8	
2	14.38	177.13	153.68	291.10	179.98	0	
3	153.68	291.10	156.00	293.00	3.00	1	1	

8	2	279.330	3
1	2.00	167.00	17.87	164.94	16.00	1	8	
2	17.87	164.94	233.38	136.93	217.33	0	
3	233.38	136.93	279.00	131.00	46.00	1	2	

8	3	205.292	3
1	2.00	167.00	15.79	175.11	16.00	1	8	
2	15.79	175.11	171.24	266.44	180.29	0	
3	171.24	266.44	179.00	271.00	9.00	1	3	

8	4	177.192	6
1	2.00	167.00	8.68	152.46	16.00	1	8	
2	8.68	152.46	53.51	54.94	107.33	0	
3	53.51	54.94	53.80	54.30	0.70	1	11	
4	53.80	54.30	57.30	46.69	8.38	2	5	11	
5	57.30	46.69	63.47	33.26	14.78	3	5	11	12	
6	63.47	33.26	76.00	6.00	30.00	4	4	5	11	12	

8	5	151.539	6
1	2.00	167.00	8.12	152.22	16.00	1	8	
2	8.12	152.22	49.21	53.04	107.36	0	
3	49.21	53.04	49.28	52.87	0.18	1	11	
4	49.28	52.87	53.07	43.73	9.89	2	5	11	
5	53.07	43.73	58.58	30.42	14.40	3	5	11	12	
6	58.58	30.42	60.00	27.00	3.71	4	4	5	11	12	

8	6	265.631	3
1	2.00	167.00	17.18	172.06	16.00	1	8	
2	17.18	172.06	239.77	246.26	234.63	0	
3	239.77	246.26	254.00	251.00	15.00	1	6	

8	7	207.077	5
1	2.00	167.00	16.76	160.82	16.00	1	8	
2	16.76	160.82	90.24	130.04	79.67	0	
3	90.24	130.04	130.51	113.17	43.66	1	13	
4	130.51	113.17	190.23	88.16	64.75	0	
5	190.23	88.16	193.00	87.00	3.00	1	7	

8	8	0	0

8	9	258.070	5
1	2.00	167.00	15.02	157.70	16.00	1	8	
2	15.02	157.70	75.87	114.24	74.78	0	
3	75.87	114.24	121.48	81.65	56.06	1	13	
4	121.48	81.65	209.56	18.74	108.24	0	
5	209.56	18.74	212.00	17.00	3.00	1	9	

8	10	210.297	5
1	2.00	167.00	17.14	161.83	16.00	1	8	
2	17.14	161.83	101.60	132.97	89.25	0	
3	101.60	132.97	121.83	126.05	21.38	1	13	
4	121.83	126.05	196.27	100.62	78.66	0	
5	196.27	100.62	201.00	99.00	5.00	1	10	

8	11	169.260	6
1	2.00	167.00	8.43	152.35	16.00	1	8	
2	8.43	152.35	51.52	54.12	107.26	0	
3	51.52	54.12	51.69	53.74	0.42	1	11	
4	51.69	53.74	55.32	45.46	9.04	2	5	11	
5	55.32	45.46	61.19	32.09	14.60	3	5	11	12	
6	61.19	32.09	70.00	12.00	21.94	4	4	5	11	12	

8	12	158.345	6
1	2.00	167.00	8.87	152.55	16.00	1	8	
2	8.87	152.55	55.02	55.49	107.47	0	
3	55.02	55.49	55.44	54.63	0.96	1	11	
4	55.44	54.63	58.83	47.48	7.91	2	5	11	
5	58.83	47.48	65.24	34.01	14.92	3	5	11	12	
6	65.24	34.01	70.00	24.00	11.08	4	4	5	11	12	

8	13	119.038	3
1	2.00	167.00	15.58	158.53	16.00	1	8	
2	15.58	158.53	78.39	119.35	74.04	0	
3	78.39	119.35	103.00	104.00	29.00	1	13	

8	14	91.837	3
1	2.00	167.00	11.23	153.93	16.00	1	8	
2	11.23	153.93	47.50	102.62	62.84	0	
3	47.50	102.62	55.00	92.00	13.00	1	14	

8	15	230.000	3
1	2.00	167.00	18.00	167.00	16.00	1	8	
2	18.00	167.00	229.00	167.00	211.00	0	
3	229.00	167.00	232.00	167.00	3.00	1	15	

9	0	212.681	10
1	212.00	17.00	209.01	16.76	3.00	1	9	
2	209.01	16.76	115.92	9.30	93.39	0	
3	115.92	9.30	105.90	8.49	10.06	1	11	
4	105.90	8.49	89.85	7.20	16.10	2	4	11	
5	89.85	7.20	78.88	6.33	11.00	3	4	11	12	
6	78.88	6.33	53.08	4.26	25.88	4	4	5	11	12	
7	53.08	4.26	46.09	3.70	7.02	3	4	5	11	
8	46.09	3.70	44.65	3.58	1.44	2	5	11	
9	44.65	3.58	25.10	2.01	19.62	1	11	
10	25.10	2.01	0.00	0.00	25.18	0	

9	1	281.624	3
1	212.00	17.00	211.40	19.94	3.00	1	9	
2	211.40	19.94	156.60	290.06	275.62	0	
3	156.60	290.06	156.00	293.00	3.00	1	1	

9	2	132.231	3
1	212.00	17.00	213.52	19.59	3.00	1	9	
2	213.52	19.59	255.69	91.34	83.23	0	
3	255.69	91.34	279.00	131.00	46.00	1	2	

9	3	256.135	5
1	212.00	17.00	211.61	19.97	3.00	1	9	
2	211.61	19.97	201.98	94.10	74.75	0	
3	201.98	94.10	200.70	103.99	9.98	1	10	
4	200.70	103.99	180.16	262.08	159.41	0	
5	180.16	262.08	179.00	271.00	9.00	1	3	

9	4	136.444	6
1	212.00	17.00	209.01	16.76	3.00	1	9	
2	209.01	16.76	115.92	9.23	93.40	0	
3	115.92	9.23	105.90	8.42	10.05	1	11	
4	105.90	8.42	89.77	7.11	16.18	2	4	11	
5	89.77	7.11	78.77	6.22	11.03	3	4	11	12	
6	78.77	6.22	76.00	6.00	2.78	4	4	5	11	12	

9	5	152.329	6
1	212.00	17.00	209.01	17.20	3.00	1	9	
2	209.01	17.20	114.56	23.41	94.65	0	
3	114.56	23.41	99.70	24.39	14.89	1	11	
4	99.70	24.39	95.99	24.63	3.72	2	4	11	
5	95.99	24.63	87.94	25.16	8.07	3	4	11	12	
6	87.94	25.16	60.00	27.00	28.00	4	4	5	11	12	

9	6	237.739	5
1	212.00	17.00	212.53	19.95	3.00	1	9	
2	212.53	19.95	233.17	134.94	116.83	0	
3	233.17	134.94	234.66	143.24	8.43	1	2	
4	234.66	143.24	251.35	236.24	94.48	0	
5	251.35	236.24	254.00	251.00	15.00	1	6	

9	7	72.533	3
1	212.00	17.00	211.21	19.90	3.00	1	9	
2	211.21	19.90	193.79	84.10	66.53	0	
3	193.79	84.10	193.00	87.00	3.00	1	7	

9	8	258.070	5
1	212.00	17.00	209.56	18.74	3.00	1	9	
2	209.56	18.74	121.48	81.65	108.24	0	
3	121.48	81.65	75.87	114.24	56.06	1	13	
4	75.87	114.24	15.02	157.70	74.78	0	
5	15.02	157.70	2.00	167.00	16.00	1	8	

9	9	0	0

9	10	82.735	3
1	212.00	17.00	211.60	19.97	3.00	1	9	
2	211.60	19.97	201.66	94.04	74.73	0	
3	201.66	94.04	201.00	99.00	5.00	1	10	

9	11	142.088	6
1	212.00	17.00	209.00	16.89	3.00	1	9	
2	209.00	16.89	115.97	13.62	93.09	0	
3	115.97	13.62	105.11	13.24	10.86	1	11	
4	105.11	13.24	93.48	12.83	11.64	2	4	11	
5	93.48	12.83	83.95	12.49	9.53	3	4	11	12	
6	83.95	12.49	70.00	12.00	13.96	4	4	5	11	12	

9	12	142.172	6
1	212.00	17.00	209.00	17.15	3.00	1	9	
2	209.00	17.15	114.95	21.78	94.17	0	
3	114.95	21.78	101.08	22.47	13.89	1	11	
4	101.08	22.47	95.97	22.72	5.11	2	4	11	
5	95.97	22.72	87.73	23.13	8.25	3	4	11	12	
6	87.73	23.13	70.00	24.00	17.75	4	4	5	11	12	

9	13	139.463	3
1	212.00	17.00	209.66	18.87	3.00	1	9	
2	209.66	18.87	125.67	85.91	107.46	0	
3	125.67	85.91	103.00	104.00	29.00	1	13	

9	14	173.994	3
1	212.00	17.00	209.29	18.29	3.00	1	9	
2	209.29	18.29	66.73	86.40	157.99	0	
3	66.73	86.40	55.00	92.00	13.00	1	14	

9	15	151.327	3
1	212.00	17.00	212.40	19.97	3.00	1	9	
2	212.40	19.97	231.60	164.03	145.33	0	
3	231.60	164.03	232.00	167.00	3.00	1	15	

10	0	224.058	10
1	201.00	99.00	196.51	96.79	5.00	1	10	
2	196.51	96.79	98.18	48.36	109.61	0	
3	98.18	48.36	87.59	43.14	11.80	1	11	
4	87.59	43.14	84.02	41.38	3.98	2	11	12	
5	84.02	41.38	72.73	35.82	12.59	3	5	11	12	
6	72.73	35.82	54.35	26.77	20.48	4	4	5	11	12	
7	54.35	26.77	44.10	21.72	11.43	3	5	11	12	
8	44.10	21.72	33.95	16.72	11.31	2	5	11	
9	33.95	16.72	24.00	11.82	11.10	1	11	
10	24.00	11.82	0.00	0.00	26.75	0	

10	1	199.151	3
1	201.00	99.00	199.87	103.87	5.00	1	10	
2	199.87	103.87	156.68	290.08	191.15	0	
3	156.68	290.08	156.00	293.00	3.00	1	1	

10	2	84.309	3
1	201.00	99.00	205.63	100.90	5.00	1	10	
2	205.63	100.90	236.44	113.54	33.31	0	
3	236.44	113.54	279.00	131.00	46.00	1	2	

10	3	173.401	3
1	201.00	99.00	200.37	103.96	5.00	1	10	
2	200.37	103.96	180.14	262.07	159.40	0	
3	180.14	262.07	179.00	271.00	9.00	1	3	

10	4	155.801	6
1	201.00	99.00	196.99	96.02	5.00	1	10	
2	196.99	96.02	111.30	32.26	106.81	0	
3	111.30	32.26	100.07	23.91	14.00	1	11	
4	100.07	23.91	95.79	20.73	5.33	2	4	11	
5	95.79	20.73	83.25	11.39	15.64	3	4	11	12	
6	83.25	11.39	76.00	6.00	9.03	4	4	5	11	12	

10	5	158.319	6
1	201.00	99.00	196.55	96.73	5.00	1	10	
2	196.55	96.73	99.59	47.22	108.86	0	
3	99.59	47.22	88.96	41.79	11.94	1	11	
4	88.96	41.79	84.94	39.73	4.52	2	11	12	
5	84.94	39.73	77.55	35.96	8.30	3	5	11	12	
6	77.55	35.96	60.00	27.00	19.70	4	4	5	11	12	

10	6	160.975	3
1	201.00	99.00	202.65	103.72	5.00	1	10	
2	202.65	103.72	249.06	236.84	140.98	0	
3	249.06	236.84	254.00	251.00	15.00	1	6	

10	7	14.422	3
1	201.00	99.00	198.23	94.84	5.00	1	10	
2	198.23	94.84	194.66	89.50	6.42	0	
3	194.66	89.50	193.00	87.00	3.00	1	7	

10	8	210.297	5
1	201.00	99.00	196.27	100.62	5.00	1	10	
2	196.27	100.62	121.83	126.05	78.66	0	
3	121.83	126.05	101.60	132.97	21.38	1	13	
4	101.60	132.97	17.14	161.83	89.25	0	
5	17.14	161.83	2.00	167.00	16.00	1	8	

10	9	82.735	3
1	201.00	99.00	201.66	94.04	5.00	1	10	
2	201.66	94.04	211.60	19.97	74.73	0	
3	211.60	19.97	212.00	17.00	3.00	1	9	

10	10	0	0

10	11	157.258	6
1	201.00	99.00	196.83	96.23	5.00	1	10	
2	196.83	96.23	108.32	37.45	106.26	0	
3	108.32	37.45	95.52	28.95	15.36	1	11	
4	95.52	28.95	95.41	28.88	0.14	2	11	12	
5	95.41	28.88	87.82	23.84	9.11	3	4	11	12	
6	87.82	23.84	70.00	12.00	21.39	4	4	5	11	12	

10	12	150.950	6
1	201.00	99.00	196.66	96.52	5.00	1	10	
2	196.66	96.52	103.71	43.30	107.11	0	
3	103.71	43.30	92.56	36.92	12.84	1	11	
4	92.56	36.92	87.18	33.84	6.20	2	11	12	
5	87.18	33.84	87.16	33.82	0.03	3	4	11	12	
6	87.16	33.82	70.00	24.00	19.77	4	4	5	11	12	

10	13	98.127	3
1	201.00	99.00	196.01	99.25	5.00	1	10	
2	196.01	99.25	131.96	102.52	64.13	0	
3	131.96	102.52	103.00	104.00	29.00	1	13	

10	14	146.168	5
1	201.00	99.00	196.01	98.76	5.00	1	10	
2	196.01	98.76	130.77	95.63	65.31	0	
3	130.77	95.63	76.16	93.01	54.67	1	13	
4	76.16	93.01	67.99	92.62	8.19	0	
5	67.99	92.62	55.00	92.00	13.00	1	14	

10	15	74.733	3
1	201.00	99.00	203.07	103.55	5.00	1	10	
2	203.07	103.55	230.76	164.27	66.73	0	
3	230.76	164.27	232.00	167.00	3.00	1	15	

11	0	71.021	5
1	70.00	12.00	49.18	8.43	21.13	4	4	5	11	12	
2	49.18	8.43	46.06	7.90	3.16	3	4	5	11	
3	46.06	7.90	40.47	6.94	5.67	2	5	11	
4	40.47	6.94	24.66	4.23	16.04	1	11	
5	24.66	4.23	0.00	0.00	25.02	0	

11	1	293.866	8
1	70.00	12.00	77.34	35.97	25.07	4	4	5	11	12	
2	77.34	35.97	80.45	46.13	10.63	3	5	11	12	
3	80.45	46.13	80.90	47.61	1.54	2	11	12	
4	80.90	47.61	83.46	55.99	8.76	1	11	
5	83.46	55.99	90.19	77.98	23.00	0	
6	90.19	77.98	106.95	132.73	57.26	1	13	
7	106.95	132.73	155.12	290.13	164.61	0	
8	155.12	290.13	156.00	293.00	3.00	1	1	

11	2	240.504	6
1	70.00	12.00	87.55	21.99	20.19	4	4	5	11	12	
2	87.55	21.99	95.86	26.72	9.56	3	4	11	12	
3	95.86	26.72	97.03	27.39	1.35	2	4	11	
4	97.03	27.39	109.97	34.76	14.89	1	11	
5	109.97	34.76	239.03	108.24	148.50	0	
6	239.03	108.24	279.00	131.00	46.00	1	2	

11	3	281.002	8
1	70.00	12.00	79.99	35.73	25.75	4	4	5	11	12	
2	79.99	35.73	83.02	42.94	7.82	3	5	11	12	
3	83.02	42.94	84.21	45.77	3.07	2	11	12	
4	84.21	45.77	87.84	54.40	9.36	1	11	
5	87.84	54.40	96.80	75.67	23.08	0	
6	96.80	75.67	118.92	128.24	57.03	1	13	
7	118.92	128.24	175.51	262.70	145.89	0	
8	175.51	262.70	179.00	271.00	9.00	1	3	

11	4	8.485	1
1	70.00	12.00	76.00	6.00	8.49	4	4	5	11	12	

11	5	18.028	1
1	70.00	12.00	60.00	27.00	18.03	4	4	5	11	12	

11	6	301.624	6
1	70.00	12.00	86.90	33.95	27.70	4	4	5	11	12	
2	86.90	33.95	87.07	34.17	0.28	3	5	11	12	
3	87.07	34.17	91.02	39.30	6.48	2	11	12	
4	91.02	39.30	98.06	48.45	11.54	1	11	
5	98.06	48.45	244.85	239.11	240.62	0	
6	244.85	239.11	254.00	251.00	15.00	1	6	

11	7	144.062	6
1	70.00	12.00	87.68	22.78	20.71	4	4	5	11	12	
2	87.68	22.78	95.74	27.69	9.44	3	4	11	12	
3	95.74	27.69	96.33	28.06	0.70	2	4	11	
4	96.33	28.06	109.27	35.95	15.16	1	11	
5	109.27	35.95	190.44	85.44	95.06	0	
6	190.44	85.44	193.00	87.00	3.00	1	7	

11	8	169.260	6
1	70.00	12.00	61.19	32.09	21.94	4	4	5	11	12	
2	61.19	32.09	55.32	45.46	14.60	3	5	11	12	
3	55.32	45.46	51.69	53.74	9.04	2	5	11	
4	51.69	53.74	51.52	54.12	0.42	1	11	
5	51.52	54.12	8.43	152.35	107.26	0	
6	8.43	152.35	2.00	167.00	16.00	1	8	

11	9	142.088	6
1	70.00	12.00	83.95	12.49	13.96	4	4	5	11	12	
2	83.95	12.49	93.48	12.83	9.53	3	4	11	12	
3	93.48	12.83	105.11	13.24	11.64	2	4	11	
4	105.11	13.24	115.97	13.62	10.86	1	11	
5	115.97	13.62	209.00	16.89	93.09	0	
6	209.00	16.89	212.00	17.00	3.00	1	9	

11	10	157.258	6
1	70.00	12.00	87.82	23.84	21.39	4	4	5	11	12	
2	87.82	23.84	95.41	28.88	9.11	3	4	11	12	
3	95.41	28.88	95.52	28.95	0.14	2	11	12	
4	95.52	28.95	108.32	37.45	15.36	1	11	
5	108.32	37.45	196.83	96.23	106.26	0	
6	196.83	96.23	201.00	99.00	5.00	1	10	

11	11	0	0

11	12	12.000	1
1	70.00	12.00	70.00	24.00	12.00	4	4	5	11	12	

11	13	97.739	6
1	70.00	12.00	78.57	35.89	25.38	4	4	5	11	12	
2	78.57	35.89	81.72	44.67	9.33	3	5	11	12	
3	81.72	44.67	82.48	46.81	2.27	2	11	12	
4	82.48	46.81	85.53	55.30	9.02	1	11	
5	85.53	55.30	93.21	76.70	22.74	0	
6	93.21	76.70	103.00	104.00	29.00	1	13	

11	14	81.394	6
1	70.00	12.00	65.83	34.22	22.61	4	4	5	11	12	
2	65.83	34.22	63.05	49.05	15.09	3	5	11	12	
3	63.05	49.05	61.95	54.93	5.98	2	5	11	
4	61.95	54.93	61.52	57.21	2.32	0	
5	61.52	57.21	57.40	79.22	22.39	0	
6	57.40	79.22	55.00	92.00	13.00	1	14	

11	15	224.207	6
1	70.00	12.00	87.92	29.14	24.80	4	4	5	11	12	
2	87.92	29.14	90.93	32.02	4.16	3	4	11	12	
3	90.93	32.02	93.70	34.68	3.84	2	11	12	
4	93.70	34.68	103.24	43.80	13.19	1	11	
5	103.24	43.80	229.83	164.93	175.21	0	
6	229.83	164.93	232.00	167.00	3.00	1	15	

12	0	74.000	4
1	70.00	24.00	47.86	16.41	23.40	4	4	5	11	12	
2	47.86	16.41	36.12	12.38	12.42	2	5	11	
3	36.12	12.38	24.15	8.28	12.65	1	11	
4	24.15	8.28	0.00	0.00	25.53	0	

12	1	282.413	8
1	70.00	24.00	73.81	35.92	12.51	4	4	5	11	12	
2	73.81	35.92	77.85	48.57	13.28	3	5	11	12	
3	77.85	48.57	77.92	48.77	0.21	2	11	12	
4	77.92	48.77	80.48	56.79	8.42	1	11	
5	80.48	56.79	87.70	79.36	23.70	0	
6	87.70	79.36	104.83	132.94	56.25	1	13	
7	104.83	132.94	155.09	290.14	165.04	0	
8	155.09	290.14	156.00	293.00	3.00	1	1	

12	2	234.798	8
1	70.00	24.00	87.37	32.89	19.52	4	4	5	11	12	
2	87.37	32.89	88.29	33.37	1.03	3	4	11	12	
3	88.29	33.37	93.14	35.85	5.45	2	11	12	
4	93.14	35.85	104.96	41.90	13.27	1	11	
5	104.96	41.90	190.34	85.61	95.92	0	
6	190.34	85.61	195.68	88.34	6.00	1	7	
7	195.68	88.34	238.05	110.04	47.60	0	
8	238.05	110.04	279.00	131.00	46.00	1	2	

12	3	269.981	8
1	70.00	24.00	75.29	35.99	13.11	4	4	5	11	12	
2	75.29	35.99	79.98	46.62	11.61	3	5	11	12	
3	79.98	46.62	80.50	47.79	1.28	2	11	12	
4	80.50	47.79	84.04	55.81	8.77	1	11	
5	84.04	55.81	93.25	76.69	22.82	0	
6	93.25	76.69	116.61	129.61	57.85	1	13	
7	116.61	129.61	175.37	262.77	145.54	0	
8	175.37	262.77	179.00	271.00	9.00	1	3	

12	4	18.974	1
1	70.00	24.00	76.00	6.00	18.97	4	4	5	11	12	

12	5	10.440	1
1	70.00	24.00	60.00	27.00	10.44	4	4	5	11	12	

12	6	292.207	8
1	70.00	24.00	79.56	35.79	15.17	4	4	5	11	12	
2	79.56	35.79	84.05	41.34	7.14	3	5	11	12	
3	84.05	41.34	86.37	44.20	3.68	2	11	12	
4	86.37	44.20	92.70	52.01	10.05	1	11	
5	92.70	52.01	112.69	76.67	31.74	0	
6	112.69	76.67	131.75	100.18	30.26	1	13	
7	131.75	100.18	244.55	239.35	179.15	0	
8	244.55	239.35	254.00	251.00	15.00	1	6	

12	7	138.196	6
1	70.00	24.00	87.37	32.90	19.52	4	4	5	11	12	
2	87.37	32.90	88.29	33.37	1.03	3	4	11	12	
3	88.29	33.37	93.14	35.85	5.45	2	11	12	
4	93.14	35.85	104.95	41.90	13.27	1	11	
5	104.95	41.90	190.33	85.63	95.92	0	
6	190.33	85.63	193.00	87.00	3.00	1	7	

12	8	158.345	6
1	70.00	24.00	65.24	34.01	11.08	4	4	5	11	12	
2	65.24	34.01	58.83	47.48	14.92	3	5	11	12	
3	58.83	47.48	55.44	54.63	7.91	2	5	11	
4	55.44	54.63	55.02	55.49	0.96	1	11	
5	55.02	55.49	8.87	152.55	107.47	0	
6	8.87	152.55	2.00	167.00	16.00	1	8	

12	9	142.172	6
1	70.00	24.00	87.73	23.13	17.75	4	4	5	11	12	
2	87.73	23.13	95.97	22.72	8.25	3	4	11	12	
3	95.97	22.72	101.08	22.47	5.11	2	4	11	
4	101.08	22.47	114.95	21.78	13.89	1	11	
5	114.95	21.78	209.00	17.15	94.17	0	
6	209.00	17.15	212.00	17.00	3.00	1	9	

12	10	150.950	6
1	70.00	24.00	87.16	33.82	19.77	4	4	5	11	12	
2	87.16	33.82	87.18	33.84	0.03	3	4	11	12	
3	87.18	33.84	92.56	36.92	6.20	2	11	12	
4	92.56	36.92	103.71	43.30	12.84	1	11	
5	103.71	43.30	196.66	96.52	107.11	0	
6	196.66	96.52	201.00	99.00	5.00	1	10	

12	11	12.000	1
1	70.00	24.00	70.00	12.00	12.00	4	4	5	11	12	

12	12	0	0

12	13	86.539	6
1	70.00	24.00	74.94	35.98	12.96	4	4	5	11	12	
2	74.94	35.98	79.52	47.08	12.00	3	5	11	12	
3	79.52	47.08	79.91	48.04	1.04	2	11	12	
4	79.91	48.04	83.22	56.06	8.68	1	11	
5	83.22	56.06	91.94	77.19	22.86	0	
6	91.94	77.19	103.00	104.00	29.00	1	13	

12	14	69.635	6
1	70.00	24.00	67.62	34.80	11.06	4	4	5	11	12	
2	67.62	34.80	64.40	49.39	14.94	3	5	11	12	
3	64.40	49.39	63.20	54.82	5.56	2	5	11	
4	63.20	54.82	62.63	57.41	2.65	0	
5	62.63	57.41	57.80	79.31	22.43	0	
6	57.80	79.31	55.00	92.00	13.00	1	14	

12	15	216.086	6
1	70.00	24.00	82.73	35.24	16.98	4	4	5	11	12	
2	82.73	35.24	85.78	37.93	4.07	3	5	11	12	
3	85.78	37.93	89.49	41.21	4.95	2	11	12	
4	89.49	41.21	97.87	48.60	11.17	1	11	
5	97.87	48.60	229.75	165.01	175.92	0	
6	229.75	165.01	232.00	167.00	3.00	1	15	

13	0	146.373	6
1	103.00	104.00	82.59	83.40	29.00	1	13	
2	82.59	83.40	54.93	55.46	39.32	0	
3	54.93	55.46	53.78	54.30	1.63	1	11	
4	53.78	54.30	32.64	32.96	30.04	2	5	11	
5	32.64	32.96	26.40	26.65	8.88	1	11	
6	26.40	26.65	0.00	0.00	37.51	0	

13	1	196.291	3
1	103.00	104.00	110.83	131.92	29.00	1	13	
2	110.83	131.92	155.19	290.11	164.29	0	
3	155.19	290.11	156.00	293.00	3.00	1	1	

13	2	178.059	3
1	103.00	104.00	131.66	108.40	29.00	1	13	
2	131.66	108.40	233.53	124.02	103.06	0	
3	233.53	124.02	279.00	131.00	46.00	1	2	

13	3	183.480	3
1	103.00	104.00	115.01	130.40	29.00	1	13	
2	115.01	130.40	175.27	262.81	145.48	0	
3	175.27	262.81	179.00	271.00	9.00	1	3	

13	4	101.651	6
1	103.00	104.00	95.30	76.04	29.00	1	13	
2	95.30	76.04	89.17	53.81	23.06	0	
3	89.17	53.81	86.50	44.10	10.08	1	11	
4	86.50	44.10	85.17	39.27	5.00	1	11	
5	85.17	39.27	83.97	34.92	4.51	3	5	11	12	
6	83.97	34.92	76.00	6.00	30.00	4	4	5	11	12	

13	5	88.193	6
1	103.00	104.00	88.86	78.68	29.00	1	13	
2	88.86	78.68	77.01	57.46	24.30	0	
3	77.01	57.46	73.65	51.45	6.89	1	11	
4	73.65	51.45	72.76	49.85	1.83	2	5	11	
5	72.76	49.85	63.50	33.27	18.99	3	5	11	12	
6	63.50	33.27	60.00	27.00	7.19	4	4	5	11	12	

13	6	210.737	3
1	103.00	104.00	123.78	124.23	29.00	1	13	
2	123.78	124.23	243.25	240.54	166.74	0	
3	243.25	240.54	254.00	251.00	15.00	1	6	

13	7	91.591	3
1	103.00	104.00	131.50	98.62	29.00	1	13	
2	131.50	98.62	190.05	87.56	59.59	0	
3	190.05	87.56	193.00	87.00	3.00	1	7	

13	8	119.038	3
1	103.00	104.00	78.39	119.35	29.00	1	13	
2	78.39	119.35	15.58	158.53	74.04	0	
3	15.58	158.53	2.00	167.00	16.00	1	8	

13	9	139.463	3
1	103.00	104.00	125.67	85.91	29.00	1	13	
2	125.67	85.91	209.66	18.87	107.46	0	
3	209.66	18.87	212.00	17.00	3.00	1	9	

13	10	98.127	3
1	103.00	104.00	131.96	102.52	29.00	1	13	
2	131.96	102.52	196.01	99.25	64.13	0	
3	196.01	99.25	201.00	99.00	5.00	1	10	

13	11	97.739	6
1	103.00	104.00	93.21	76.70	29.00	1	13	
2	93.21	76.70	85.53	55.30	22.74	0	
3	85.53	55.30	82.48	46.81	9.02	1	11	
4	82.48	46.81	81.72	44.67	2.27	2	11	12	
5	81.72	44.67	78.57	35.89	9.33	3	5	11	12	
6	78.57	35.89	70.00	12.00	25.38	4	4	5	11	12	

13	12	86.539	6
1	103.00	104.00	91.94	77.19	29.00	1	13	
2	91.94	77.19	83.22	56.06	22.86	0	
3	83.22	56.06	79.91	48.04	8.68	1	11	
4	79.91	48.04	79.52	47.08	1.04	2	11	12	
5	79.52	47.08	74.94	35.98	12.00	3	5	11	12	
6	74.94	35.98	70.00	24.00	12.96	4	4	5	11	12	

13	13	0	0

13	14	49.477	3
1	103.00	104.00	74.87	96.97	29.00	1	13	
2	74.87	96.97	67.61	95.15	7.48	0	
3	67.61	95.15	55.00	92.00	13.00	1	14	

13	15	143.562	3
1	103.00	104.00	129.06	116.73	29.00	1	13	
2	129.06	116.73	229.30	165.68	111.56	0	
3	229.30	165.68	232.00	167.00	3.00	1	15	

14	0	107.187	2
1	55.00	92.00	48.33	80.84	13.00	1	14	
2	48.33	80.84	0.00	0.00	94.19	0	

14	1	224.949	3
1	55.00	92.00	60.84	103.62	13.00	1	14	
2	60.84	103.62	154.65	290.32	208.95	0	
3	154.65	290.32	156.00	293.00	3.00	1	1	

14	2	227.370	5
1	55.00	92.00	67.81	94.23	13.00	1	14	
2	67.81	94.23	75.27	95.53	7.57	0	
3	75.27	95.53	131.97	105.40	57.55	1	13	
4	131.97	105.40	233.68	123.11	103.25	0	
5	233.68	123.11	279.00	131.00	46.00	1	2	

14	3	217.754	3
1	55.00	92.00	62.40	102.69	13.00	1	14	
2	62.40	102.69	173.88	263.60	195.75	0	
3	173.88	263.60	179.00	271.00	9.00	1	3	

14	4	88.527	6
1	55.00	92.00	58.08	79.37	13.00	1	14	
2	58.08	79.37	63.42	57.53	22.49	0	
3	63.42	57.53	64.11	54.70	2.91	1	11	
4	64.11	54.70	65.36	49.58	5.26	2	5	11	
5	65.36	49.58	68.88	35.14	14.86	3	5	11	12	
6	68.88	35.14	76.00	6.00	30.00	4	4	5	11	12	

14	5	65.192	6
1	55.00	92.00	56.00	79.04	13.00	0	
2	56.00	79.04	57.74	56.34	22.77	0	
3	57.74	56.34	57.85	54.92	1.42	1	11	
4	57.85	54.92	58.44	47.29	7.65	2	5	11	
5	58.44	47.29	59.68	31.17	16.16	3	5	11	12	
6	59.68	31.17	60.00	27.00	4.18	4	4	5	11	12	

14	6	254.719	5
1	55.00	92.00	65.16	100.11	13.00	1	14	
2	65.16	100.11	74.19	107.33	11.57	0	
3	74.19	107.33	106.11	132.83	40.85	1	13	
4	106.11	132.83	242.28	241.64	174.30	0	
5	242.28	241.64	254.00	251.00	15.00	1	6	

14	7	138.091	5
1	55.00	92.00	67.99	91.53	13.00	1	14	
2	67.99	91.53	76.98	91.20	8.99	0	
3	76.98	91.20	128.03	89.35	51.09	1	13	
4	128.03	89.35	190.00	87.11	62.01	0	
5	190.00	87.11	193.00	87.00	3.00	1	7	

14	8	91.837	3
1	55.00	92.00	47.50	102.62	13.00	1	14	
2	47.50	102.62	11.23	153.93	62.84	0	
3	11.23	153.93	2.00	167.00	16.00	1	8	

14	9	173.994	3
1	55.00	92.00	66.73	86.40	13.00	1	14	
2	66.73	86.40	209.29	18.29	157.99	0	
3	209.29	18.29	212.00	17.00	3.00	1	9	

14	10	146.168	5
1	55.00	92.00	67.99	92.62	13.00	1	14	
2	67.99	92.62	76.16	93.01	8.19	0	
3	76.16	93.01	130.77	95.63	54.67	1	13	
4	130.77	95.63	196.01	98.76	65.31	0	
5	196.01	98.76	201.00	99.00	5.00	1	10	

14	11	81.394	6
1	55.00	92.00	57.40	79.22	13.00	1	14	
2	57.40	79.22	61.52	57.21	22.39	0	
3	61.52	57.21	61.95	54.93	2.32	0	
4	61.95	54.93	63.05	49.05	5.98	2	5	11	
5	63.05	49.05	65.83	34.22	15.09	3	5	11	12	
6	65.83	34.22	70.00	12.00	22.61	4	4	5	11	12	

14	12	69.635	6
1	55.00	92.00	57.80	79.31	13.00	1	14	
2	57.80	79.31	62.63	57.41	22.43	0	
3	62.63	57.41	63.20	54.82	2.65	0	
4	63.20	54.82	64.40	49.39	5.56	2	5	11	
5	64.40	49.39	67.62	34.80	14.94	3	5	11	12	
6	67.62	34.80	70.00	24.00	11.06	4	4	5	11	12	

14	13	49.477	3
1	55.00	92.00	67.61	95.15	13.00	1	14	
2	67.61	95.15	74.87	96.97	7.48	0	
3	74.87	96.97	103.00	104.00	29.00	1	13	

14	14	0	0

14	15	192.234	5
1	55.00	92.00	66.97	97.07	13.00	1	14	
2	66.97	97.07	74.26	100.16	7.91	0	
3	74.26	100.16	125.75	121.98	55.93	1	13	
4	125.75	121.98	229.24	165.83	112.39	0	
5	229.24	165.83	232.00	167.00	3.00	1	15	

15	0	285.855	10
1	232.00	167.00	229.57	165.25	3.00	1	15	
2	229.57	165.25	130.09	93.64	122.57	0	
3	130.09	93.64	104.23	75.03	31.86	1	13	
4	104.23	75.03	79.27	57.06	30.76	0	
5	79.27	57.06	72.39	52.11	8.47	1	11	
6	72.39	52.11	69.45	49.99	3.62	2	5	11	
7	69.45	49.99	45.52	32.77	29.48	3	5	11	12	
8	45.52	32.77	32.26	23.22	16.35	2	5	11	
9	32.26	23.22	24.33	17.51	9.76	1	11	
10	24.33	17.51	0.00	0.00	29.98	0	

15	1	147.146	5
1	232.00	167.00	230.45	169.57	3.00	1	15	
2	230.45	169.57	173.62	263.78	110.03	0	
3	173.62	263.78	170.11	269.61	6.81	1	3	
4	170.11	269.61	157.55	290.43	24.31	0	
5	157.55	290.43	156.00	293.00	3.00	1	1	

15	2	59.203	3
1	232.00	167.00	234.38	165.18	3.00	1	15	
2	234.38	165.18	242.48	158.97	10.20	0	
3	242.48	158.97	279.00	131.00	46.00	1	2	

15	3	116.726	3
1	232.00	167.00	230.64	169.67	3.00	1	15	
2	230.64	169.67	183.09	262.98	104.73	0	
3	183.09	262.98	179.00	271.00	9.00	1	3	

15	4	224.181	6
1	232.00	167.00	229.91	164.85	3.00	1	15	
2	229.91	164.85	107.55	38.57	175.84	0	
3	107.55	38.57	96.88	27.55	15.34	1	11	
4	96.88	27.55	95.88	26.52	1.43	2	4	11	
5	95.88	26.52	85.80	16.11	14.49	3	4	11	12	
6	85.80	16.11	76.00	6.00	14.08	4	4	5	11	12	

15	5	221.775	6
1	232.00	167.00	229.67	165.11	3.00	1	15	
2	229.67	165.11	91.52	52.66	178.13	0	
3	91.52	52.66	83.56	46.18	10.26	1	11	
4	83.56	46.18	81.72	44.68	2.38	2	11	12	
5	81.72	44.68	70.41	35.48	14.57	3	5	11	12	
6	70.41	35.48	60.00	27.00	13.43	4	4	5	11	12	

15	6	86.833	3
1	232.00	167.00	232.76	169.90	3.00	1	15	
2	232.76	169.90	250.20	236.49	68.83	0	
3	250.20	236.49	254.00	251.00	15.00	1	6	

15	7	89.000	4
1	232.00	167.00	201.28	103.99	70.10	0	
2	201.28	103.99	197.24	95.70	9.22	1	10	
3	197.24	95.70	194.31	89.70	6.68	0	
4	194.31	89.70	193.00	87.00	3.00	1	7	

15	8	230.000	3
1	232.00	167.00	229.00	167.00	3.00	1	15	
2	229.00	167.00	18.00	167.00	211.00	0	
3	18.00	167.00	2.00	167.00	16.00	1	8	

15	9	151.327	3
1	232.00	167.00	231.60	164.03	3.00	1	15	
2	231.60	164.03	212.40	19.97	145.33	0	
3	212.40	19.97	212.00	17.00	3.00	1	9	

15	10	74.733	3
1	232.00	167.00	230.76	164.27	3.00	1	15	
2	230.76	164.27	203.07	103.55	66.73	0	
3	203.07	103.55	201.00	99.00	5.00	1	10	

15	11	224.207	6
1	232.00	167.00	229.83	164.93	3.00	1	15	
2	229.83	164.93	103.24	43.80	175.21	0	
3	103.24	43.80	93.70	34.68	13.19	1	11	
4	93.70	34.68	90.93	32.02	3.84	2	11	12	
5	90.93	32.02	87.92	29.14	4.16	3	4	11	12	
6	87.92	29.14	70.00	12.00	24.80	4	4	5	11	12	

15	12	216.086	6
1	232.00	167.00	229.75	165.01	3.00	1	15	
2	229.75	165.01	97.87	48.60	175.92	0	
3	97.87	48.60	89.49	41.21	11.17	1	11	
4	89.49	41.21	85.78	37.93	4.95	2	11	12	
5	85.78	37.93	82.73	35.24	4.07	3	5	11	12	
6	82.73	35.24	70.00	24.00	16.98	4	4	5	11	12	

15	13	143.562	3
1	232.00	167.00	229.30	165.68	3.00	1	15	
2	229.30	165.68	129.06	116.73	111.56	0	
3	129.06	116.73	103.00	104.00	29.00	1	13	

15	14	192.234	5
1	232.00	167.00	229.24	165.83	3.00	1	15	
2	229.24	165.83	125.75	121.98	112.39	0	
3	125.75	121.98	74.26	100.16	55.93	1	13	
4	74.26	100.16	66.97	97.07	7.91	0	
5	66.97	97.07	55.00	92.00	13.00	1	14	

15	15	0	0