16	457	2	0.001	120.0
0.000	0.000	0.000	8.000	0.000
176.000	293.000	47.000	6.000	7.000
52.000	263.000	48.000	5.000	2.000
286.000	79.000	14.000	9.000	14.000
94.000	177.000	39.000	5.000	16.000
201.000	247.000	19.000	9.000	14.000
127.000	65.000	12.000	5.000	7.000
63.000	154.000	9.000	2.000	7.000
66.000	102.000	27.000	6.000	15.000
147.000	272.000	43.000	8.000	1.000
287.000	90.000	44.000	8.000	6.000
169.000	8.000	29.000	1.000	16.000
185.000	19.000	11.000	6.000	19.000
18.000	131.000	14.000	9.000	6.000
196.000	125.000	24.000	3.000	12.000
31.000	283.000	40.000	2.000	10.000

0	0	0	0

0	1	341.797	7
1	0.00	0.00	48.78	81.21	94.73	0	
2	48.78	81.21	76.27	126.97	53.39	1	8	
3	76.27	126.97	83.72	139.38	14.47	0	
4	83.72	139.38	122.39	203.74	75.09	1	4	
5	122.39	203.74	138.11	229.93	30.54	0	
6	138.11	229.93	151.80	252.71	26.58	1	9	
7	151.80	252.71	176.00	293.00	47.00	2	1	9	

0	2	268.091	5
1	0.00	0.00	23.34	118.06	120.35	0	
2	23.34	118.06	27.87	140.93	23.32	1	13	
3	27.87	140.93	42.69	215.91	76.43	0	
4	42.69	215.91	48.88	247.22	31.91	0	
5	48.88	247.22	52.00	263.00	16.09	2	2	15	

0	3	296.710	3
1	0.00	0.00	248.53	68.65	257.83	0	
2	248.53	68.65	272.51	75.27	24.88	1	10	
3	272.51	75.27	286.00	79.00	14.00	2	3	10	

0	4	200.412	4
1	0.00	0.00	45.09	84.91	96.14	0	
2	45.09	84.91	68.45	128.89	49.79	1	8	
3	68.45	128.89	75.71	142.56	15.47	0	
4	75.71	142.56	94.00	177.00	39.00	1	4	

0	5	318.449	6
1	0.00	0.00	61.36	75.40	97.21	0	
2	61.36	75.40	91.10	111.95	47.12	1	8	
3	91.10	111.95	121.67	149.52	48.44	0	
4	121.67	149.52	126.53	155.49	7.69	1	4	
5	126.53	155.49	189.01	232.26	98.99	0	
6	189.01	232.26	201.00	247.00	19.00	1	5	

0	6	142.667	2
1	0.00	0.00	116.32	59.53	130.67	0	
2	116.32	59.53	127.00	65.00	12.00	1	6	

0	7	166.388	5
1	0.00	0.00	39.54	96.64	104.42	0	
2	39.54	96.64	50.88	124.37	29.95	1	8	
3	50.88	124.37	59.59	145.67	23.02	0	
4	59.59	145.67	62.82	153.57	8.53	1	7	
5	62.82	153.57	63.00	154.00	0.47	2	4	7	

0	8	121.491	2
1	0.00	0.00	51.33	79.33	94.49	0	
2	51.33	79.33	66.00	102.00	27.00	1	8	

0	9	309.181	7
1	0.00	0.00	45.58	84.34	95.87	0	
2	45.58	84.34	69.59	128.76	50.50	1	8	
3	69.59	128.76	76.75	142.02	15.07	0	
4	76.75	142.02	113.81	210.59	77.95	1	4	
5	113.81	210.59	126.56	234.17	26.80	0	
6	126.56	234.17	141.25	261.36	30.90	1	9	
7	141.25	261.36	147.00	272.00	12.10	2	1	9	

0	10	300.781	3
1	0.00	0.00	245.02	76.83	256.78	0	
2	245.02	76.83	273.80	85.86	30.16	1	10	
3	273.80	85.86	287.00	90.00	13.84	2	3	10	

0	11	169.189	2
1	0.00	0.00	140.03	6.63	140.19	0	
2	140.03	6.63	169.00	8.00	29.00	1	11	

0	12	185.973	3
1	0.00	0.00	140.73	14.45	141.47	0	
2	140.73	14.45	174.06	17.88	33.51	1	11	
3	174.06	17.88	185.00	19.00	11.00	2	11	12	

0	13	132.231	2
1	0.00	0.00	16.09	117.13	118.23	0	
2	16.09	117.13	18.00	131.00	14.00	1	13	

0	14	232.467	2
1	0.00	0.00	175.76	112.09	208.47	0	
2	175.76	112.09	196.00	125.00	24.00	1	14	

0	15	284.693	5
1	0.00	0.00	12.92	117.95	118.66	0	
2	12.92	117.95	15.87	144.84	27.04	0	
3	15.87	144.84	24.50	223.66	79.29	0	
4	24.50	223.66	26.64	243.24	19.70	0	
5	26.64	243.24	31.00	283.00	40.00	1	2	

1	0	341.797	7
1	176.00	293.00	151.80	252.71	47.00	2	1	9	
2	151.80	252.71	138.11	229.93	26.58	1	9	
3	138.11	229.93	122.39	203.74	30.54	0	
4	122.39	203.74	83.72	139.38	75.09	1	4	
5	83.72	139.38	76.27	126.97	14.47	0	
6	76.27	126.97	48.78	81.21	53.39	1	8	
7	48.78	81.21	0.00	0.00	94.73	0	

1	1	0	0

1	2	127.577	5
1	176.00	293.00	130.32	281.95	47.00	2	1	9	
2	130.32	281.95	104.15	275.62	26.92	1	9	
3	104.15	275.62	98.65	274.29	5.66	0	
4	98.65	274.29	67.56	266.76	31.99	1	2	
5	67.56	266.76	52.00	263.00	16.01	2	2	15	

1	3	240.616	7
1	176.00	293.00	189.64	266.46	29.84	2	1	9	
2	189.64	266.46	191.26	263.31	3.54	1	1	
3	191.26	263.31	197.49	251.20	13.62	2	1	5	
4	197.49	251.20	208.60	229.58	24.30	1	5	
5	208.60	229.58	261.80	126.07	116.39	0	
6	261.80	126.07	279.60	91.45	38.93	1	10	
7	279.60	91.45	286.00	79.00	14.00	2	3	10	

1	4	142.056	4
1	176.00	293.00	148.87	254.62	47.00	2	1	9	
2	148.87	254.62	132.53	231.51	28.31	1	9	
3	132.53	231.51	116.51	208.85	27.75	0	
4	116.51	208.85	94.00	177.00	39.00	1	4	

1	5	52.355	4
1	176.00	293.00	189.78	267.65	28.86	2	1	9	
2	189.78	267.65	191.93	263.69	4.50	1	1	
3	191.93	263.69	198.44	251.70	13.65	2	1	5	
4	198.44	251.70	201.00	247.00	5.35	1	5	

1	6	233.206	4
1	176.00	293.00	166.12	247.05	47.00	2	1	9	
2	166.12	247.05	162.90	232.05	15.34	0	
3	162.90	232.05	129.52	76.73	158.86	0	
4	129.52	76.73	127.00	65.00	12.00	1	6	

1	7	179.137	5
1	176.00	293.00	146.35	256.53	47.00	2	1	9	
2	146.35	256.53	127.69	233.58	29.58	1	9	
3	127.69	233.58	110.45	212.36	27.34	0	
4	110.45	212.36	68.68	160.98	66.22	1	4	
5	68.68	160.98	63.00	154.00	9.00	2	4	7	

1	8	220.411	6
1	176.00	293.00	152.54	252.27	47.00	2	1	9	
2	152.54	252.27	139.52	229.66	26.10	1	9	
3	139.52	229.66	123.73	202.24	31.64	0	
4	123.73	202.24	87.09	138.62	73.42	1	4	
5	87.09	138.62	79.47	125.40	15.26	0	
6	79.47	125.40	66.00	102.00	27.00	1	8	

1	9	35.805	1
1	176.00	293.00	147.00	272.00	35.81	2	1	9	

1	10	231.366	7
1	176.00	293.00	189.79	267.78	28.75	2	1	9	
2	189.79	267.78	192.00	263.73	4.61	1	1	
3	192.00	263.73	198.55	251.76	13.65	2	1	5	
4	198.55	251.76	210.23	230.39	24.35	1	5	
5	210.23	230.39	265.89	128.61	116.01	0	
6	265.89	128.61	285.37	92.99	40.60	0	
7	285.37	92.99	287.00	90.00	3.40	2	3	10	

1	11	285.086	4
1	176.00	293.00	174.85	246.02	47.00	2	1	9	
2	174.85	246.02	174.68	239.09	6.93	0	
3	174.68	239.09	169.71	36.99	202.16	0	
4	169.71	36.99	169.00	8.00	29.00	0	

1	12	274.148	7
1	176.00	293.00	177.54	246.02	47.00	1	9	
2	177.54	246.02	177.68	241.87	4.15	1	9	
3	177.68	241.87	180.91	143.66	98.27	0	
4	180.91	143.66	182.16	105.39	38.29	1	14	
5	182.16	105.39	184.56	32.47	72.96	0	
6	184.56	32.47	184.64	29.99	2.48	0	
7	184.64	29.99	185.00	19.00	11.00	2	11	12	

1	13	226.292	6
1	176.00	293.00	143.18	259.35	47.00	2	1	9	
2	143.18	259.35	121.65	237.27	30.85	1	9	
3	121.65	237.27	100.39	215.47	30.45	0	
4	100.39	215.47	55.70	169.65	64.01	1	4	
5	55.70	169.65	27.77	141.02	39.99	0	
6	27.77	141.02	18.00	131.00	14.00	1	13	

1	14	169.186	4
1	176.00	293.00	181.55	246.40	46.93	2	1	9	
2	181.55	246.40	181.56	246.33	0.07	1	1	
3	181.56	246.33	193.16	148.83	98.19	0	
4	193.16	148.83	196.00	125.00	24.00	1	14	

1	15	145.344	5
1	176.00	293.00	129.11	289.77	47.00	2	1	9	
2	129.11	289.77	107.19	288.25	21.97	1	9	
3	107.19	288.25	93.39	287.30	13.83	0	
4	93.39	287.30	70.91	285.75	22.54	1	2	
5	70.91	285.75	31.00	283.00	40.00	2	2	15	

2	0	268.091	5
1	52.00	263.00	48.88	247.22	16.09	2	2	15	
2	48.88	247.22	42.69	215.91	31.91	0	
3	42.69	215.91	27.87	140.93	76.43	0	
4	27.87	140.93	23.34	118.06	23.32	1	13	
5	23.34	118.06	0.00	0.00	120.35	0	

2	1	127.577	5
1	52.00	263.00	67.56	266.76	16.01	2	2	15	
2	67.56	266.76	98.65	274.29	31.99	1	2	
3	98.65	274.29	104.15	275.62	5.66	0	
4	104.15	275.62	130.32	281.95	26.92	1	9	
5	130.32	281.95	176.00	293.00	47.00	2	1	9	

2	2	0	0

2	3	297.678	7
1	52.00	263.00	60.68	256.18	11.04	2	2	15	
2	60.68	256.18	89.73	233.33	36.96	1	2	
3	89.73	233.33	197.00	148.98	136.46	0	
4	197.00	148.98	219.07	131.63	28.06	1	14	
5	219.07	131.63	247.46	109.30	36.12	0	
6	247.46	109.30	274.99	87.65	35.03	1	10	
7	274.99	87.65	286.00	79.00	14.00	2	3	10	

2	4	95.708	4
1	52.00	263.00	57.05	252.65	11.52	2	2	15	
2	57.05	252.65	73.06	219.87	36.48	1	2	
3	73.06	219.87	76.89	212.04	8.71	0	
4	76.89	212.04	94.00	177.00	39.00	1	4	

2	5	149.857	8
1	52.00	263.00	64.81	261.62	12.88	2	2	15	
2	64.81	261.62	99.73	257.88	35.12	1	2	
3	99.73	257.88	106.65	257.13	6.97	0	
4	106.65	257.13	152.69	252.19	46.30	1	9	
5	152.69	252.19	182.11	249.03	29.59	2	1	9	
6	182.11	249.03	183.27	248.90	1.17	3	1	5	9	
7	183.27	248.90	190.11	248.17	6.88	2	1	5	
8	190.11	248.17	201.00	247.00	10.95	1	5	

2	6	211.729	6
1	52.00	263.00	56.19	251.93	11.84	2	2	15	
2	56.19	251.93	69.00	218.11	36.16	1	2	
3	69.00	218.11	72.30	209.41	9.31	0	
4	72.30	209.41	99.22	138.35	75.98	1	4	
5	99.22	138.35	122.75	76.22	66.44	0	
6	122.75	76.22	127.00	65.00	12.00	1	6	

2	7	109.554	5
1	52.00	263.00	53.33	249.81	13.25	2	2	15	
2	53.33	249.81	56.82	215.24	34.75	0	
3	56.82	215.24	58.95	194.11	21.24	0	
4	58.95	194.11	62.10	162.95	31.31	0	
5	62.10	162.95	63.00	154.00	9.00	2	4	7	

2	8	161.608	8
1	52.00	263.00	53.16	249.70	13.35	1	2	
2	53.16	249.70	56.16	215.18	34.65	1	2	
3	56.16	215.18	58.14	192.34	22.93	0	
4	58.14	192.34	60.72	162.71	29.75	1	4	
5	60.72	162.71	61.33	155.70	7.03	1	7	
6	61.33	155.70	62.26	145.03	10.71	1	7	
7	62.26	145.03	63.66	128.90	16.19	0	
8	63.66	128.90	66.00	102.00	27.00	1	8	

2	9	95.425	5
1	52.00	263.00	66.39	264.36	14.46	2	2	15	
2	66.39	264.36	99.79	267.53	33.54	1	2	
3	99.79	267.53	104.19	267.94	4.43	0	
4	104.19	267.94	134.56	270.82	30.51	1	9	
5	134.56	270.82	147.00	272.00	12.49	2	1	9	

2	10	291.812	5
1	52.00	263.00	60.91	256.44	11.06	2	2	15	
2	60.91	256.44	90.66	234.54	36.94	1	2	
3	90.66	234.54	251.57	116.09	199.81	0	
4	251.57	116.09	283.29	92.73	39.39	1	10	
5	283.29	92.73	287.00	90.00	4.61	2	3	10	

2	11	280.560	6
1	52.00	263.00	56.84	252.46	11.59	2	2	15	
2	56.84	252.46	72.02	219.37	36.41	1	2	
3	72.02	219.37	75.67	211.42	8.75	0	
4	75.67	211.42	108.14	140.65	77.86	1	4	
5	108.14	140.65	156.91	34.36	116.95	0	
6	156.91	34.36	169.00	8.00	29.00	1	11	

2	12	277.894	7
1	52.00	263.00	57.45	253.00	11.39	2	2	15	
2	57.45	253.00	74.97	220.85	36.61	1	2	
3	74.97	220.85	79.21	213.09	8.85	0	
4	79.21	213.09	116.31	145.01	77.53	1	4	
5	116.31	145.01	175.60	36.24	123.88	0	
6	175.60	36.24	179.74	28.66	8.63	1	11	
7	179.74	28.66	185.00	19.00	11.00	2	11	12	

2	13	136.308	4
1	52.00	263.00	47.80	246.70	16.83	2	2	15	
2	47.80	246.70	40.03	216.52	31.17	1	2	
3	40.03	216.52	21.49	144.56	74.31	0	
4	21.49	144.56	18.00	131.00	14.00	1	13	

2	14	199.449	6
1	52.00	263.00	59.94	255.39	11.00	2	2	15	
2	59.94	255.39	86.66	229.79	37.00	1	2	
3	86.66	229.79	101.88	215.19	21.09	0	
4	101.88	215.19	131.82	186.50	41.47	1	4	
5	131.82	186.50	178.67	141.61	64.89	0	
6	178.67	141.61	196.00	125.00	24.00	1	14	

2	15	29.000	1
1	52.00	263.00	31.00	283.00	29.00	2	2	15	

3	0	296.710	3
1	286.00	79.00	272.51	75.27	14.00	2	3	10	
2	272.51	75.27	248.53	68.65	24.88	1	10	
3	248.53	68.65	0.00	0.00	257.83	0	

3	1	240.616	7
1	286.00	79.00	279.60	91.45	14.00	2	3	10	
2	279.60	91.45	261.80	126.07	38.93	1	10	
3	261.80	126.07	208.60	229.58	116.39	0	
4	208.60	229.58	197.49	251.20	24.30	1	5	
5	197.49	251.20	191.26	263.31	13.62	2	1	5	
6	191.26	263.31	189.64	266.46	3.54	1	1	
7	189.64	266.46	176.00	293.00	29.84	2	1	9	

3	2	297.678	7
1	286.00	79.00	274.99	87.65	14.00	2	3	10	
2	274.99	87.65	247.46	109.30	35.03	1	10	
3	247.46	109.30	219.07	131.63	36.12	0	
4	219.07	131.63	197.00	148.98	28.06	1	14	
5	197.00	148.98	89.73	233.33	136.46	0	
6	89.73	233.33	60.68	256.18	36.96	1	2	
7	60.68	256.18	52.00	263.00	11.04	2	2	15	

3	3	0	0

3	4	215.564	6
1	286.00	79.00	273.53	85.36	14.00	2	3	10	
2	273.53	85.36	244.23	100.32	32.90	1	10	
3	244.23	100.32	217.35	114.04	30.18	0	
4	217.35	114.04	174.60	135.86	48.00	1	14	
5	174.60	135.86	128.74	159.27	51.49	0	
6	128.74	159.27	94.00	177.00	39.00	1	4	

3	5	188.279	4
1	286.00	79.00	279.68	91.49	14.00	2	3	10	
2	279.68	91.49	262.09	126.27	38.97	1	10	
3	262.09	126.27	209.58	230.05	116.31	0	
4	209.58	230.05	201.00	247.00	19.00	1	5	

3	6	159.615	4
1	286.00	79.00	272.05	77.77	14.00	2	3	10	
2	272.05	77.77	245.48	75.43	26.68	1	10	
3	245.48	75.43	138.95	66.05	106.94	0	
4	138.95	66.05	127.00	65.00	12.00	1	6	

3	7	235.274	7
1	286.00	79.00	272.73	83.46	14.00	2	3	10	
2	272.73	83.46	243.13	93.42	31.23	1	10	
3	243.13	93.42	209.07	104.87	35.94	0	
4	209.07	104.87	173.42	116.86	37.61	1	14	
5	173.42	116.86	105.46	139.72	71.71	0	
6	105.46	139.72	71.53	151.13	35.79	1	4	
7	71.53	151.13	63.00	154.00	9.00	2	4	7	

3	8	221.199	4
1	286.00	79.00	272.08	80.46	14.00	2	3	10	
2	272.08	80.46	243.49	83.44	28.74	1	10	
3	243.49	83.44	92.85	99.19	151.46	0	
4	92.85	99.19	66.00	102.00	27.00	1	8	

3	9	237.844	5
1	286.00	79.00	277.82	90.36	14.00	2	3	10	
2	277.82	90.36	255.76	120.99	37.74	1	10	
3	255.76	120.99	172.13	237.11	143.10	0	
4	172.13	237.11	164.74	247.37	12.65	1	9	
5	164.74	247.37	147.00	272.00	30.35	2	1	9	

3	10	11.045	1
1	286.00	79.00	287.00	90.00	11.05	2	3	10	

3	11	136.858	6
1	286.00	79.00	274.03	71.74	14.00	2	3	10	
2	274.03	71.74	254.77	60.05	22.53	1	10	
3	254.77	60.05	194.93	23.73	70.00	0	
4	194.93	23.73	193.79	23.04	1.33	1	12	
5	193.79	23.04	176.22	12.38	20.56	2	11	12	
6	176.22	12.38	169.00	8.00	8.44	1	11	

3	12	117.478	5
1	286.00	79.00	273.96	71.85	14.00	2	3	10	
2	273.96	71.85	254.53	60.31	22.60	1	10	
3	254.53	60.31	194.46	24.62	69.87	0	
4	194.46	24.62	193.25	23.90	1.40	1	12	
5	193.25	23.90	185.00	19.00	9.60	2	11	12	

3	13	272.998	6
1	286.00	79.00	272.26	81.67	14.00	2	3	10	
2	272.26	81.67	243.08	87.33	29.72	1	10	
3	243.08	87.33	88.19	117.38	157.78	0	
4	88.19	117.38	51.17	124.56	37.71	1	8	
5	51.17	124.56	31.74	128.33	19.79	0	
6	31.74	128.33	18.00	131.00	14.00	1	13	

3	14	101.074	4
1	286.00	79.00	273.53	85.37	14.00	2	3	10	
2	273.53	85.37	244.23	100.35	32.91	1	10	
3	244.23	100.35	217.37	114.08	30.17	0	
4	217.37	114.08	196.00	125.00	24.00	1	14	

3	15	326.559	7
1	286.00	79.00	275.07	87.75	14.00	2	3	10	
2	275.07	87.75	247.65	109.68	35.12	1	10	
3	247.65	109.68	218.68	132.86	37.10	0	
4	218.68	132.86	198.69	148.85	25.60	1	14	
5	198.69	148.85	90.99	235.01	137.92	0	
6	90.99	235.01	62.23	258.01	36.83	1	2	
7	62.23	258.01	31.00	283.00	40.00	2	2	15	

4	0	200.412	4
1	94.00	177.00	75.71	142.56	39.00	1	4	
2	75.71	142.56	68.45	128.89	15.47	0	
3	68.45	128.89	45.09	84.91	49.79	1	8	
4	45.09	84.91	0.00	0.00	96.14	0	

4	1	142.056	4
1	94.00	177.00	116.51	208.85	39.00	1	4	
2	116.51	208.85	132.53	231.51	27.75	0	
3	132.53	231.51	148.87	254.62	28.31	1	9	
4	148.87	254.62	176.00	293.00	47.00	2	1	9	

4	2	95.708	4
1	94.00	177.00	76.89	212.04	39.00	1	4	
2	76.89	212.04	73.06	219.87	8.71	0	
3	73.06	219.87	57.05	252.65	36.48	1	2	
4	57.05	252.65	52.00	263.00	11.52	2	2	15	

4	3	215.564	6
1	94.00	177.00	128.74	159.27	39.00	1	4	
2	128.74	159.27	174.60	135.86	51.49	0	
3	174.60	135.86	217.35	114.04	48.00	1	14	
4	217.35	114.04	244.23	100.32	30.18	0	
5	244.23	100.32	273.53	85.36	32.90	1	10	
6	273.53	85.36	286.00	79.00	14.00	2	3	10	

4	4	0	0

4	5	127.863	3
1	94.00	177.00	126.64	198.35	39.00	1	4	
2	126.64	198.35	185.10	236.60	69.86	0	
3	185.10	236.60	201.00	247.00	19.00	1	5	

4	6	116.760	3
1	94.00	177.00	105.02	139.59	39.00	1	4	
2	105.02	139.59	123.61	76.51	65.76	0	
3	123.61	76.51	127.00	65.00	12.00	1	6	

4	7	38.601	2
1	94.00	177.00	70.23	159.36	29.60	1	4	
2	70.23	159.36	63.00	154.00	9.00	2	4	7	

4	8	80.056	3
1	94.00	177.00	80.36	140.46	39.00	1	4	
2	80.36	140.46	75.44	127.29	14.06	0	
3	75.44	127.29	66.00	102.00	27.00	1	8	

4	9	108.784	4
1	94.00	177.00	113.00	211.06	39.00	1	4	
2	113.00	211.06	126.05	234.45	26.78	0	
3	126.05	234.45	141.13	261.48	30.96	1	9	
4	141.13	261.48	147.00	272.00	12.04	2	1	9	

4	10	211.703	6
1	94.00	177.00	129.55	160.97	39.00	1	4	
2	129.55	160.97	176.96	139.61	51.99	0	
3	176.96	139.61	219.56	120.40	46.73	1	14	
4	219.56	120.40	246.89	108.08	29.98	0	
5	246.89	108.08	281.79	92.35	38.28	1	10	
6	281.79	92.35	287.00	90.00	5.72	2	3	10	

4	11	184.895	3
1	94.00	177.00	109.82	141.35	39.00	1	4	
2	109.82	141.35	157.24	34.51	116.89	0	
3	157.24	34.51	169.00	8.00	29.00	1	11	

4	12	182.332	4
1	94.00	177.00	113.46	143.20	39.00	1	4	
2	113.46	143.20	174.99	36.37	123.28	0	
3	174.99	36.37	179.51	28.53	9.05	1	11	
4	179.51	28.53	185.00	19.00	11.00	2	11	12	

4	13	88.837	5
1	94.00	177.00	68.17	161.37	30.19	1	4	
2	68.17	161.37	60.64	156.81	8.81	2	4	7	
3	60.64	156.81	54.08	152.84	7.67	1	7	
4	54.08	152.84	29.98	138.25	28.17	0	
5	29.98	138.25	18.00	131.00	14.00	1	13	

4	14	114.490	3
1	94.00	177.00	128.75	159.29	39.00	1	4	
2	128.75	159.29	174.62	135.90	51.49	0	
3	174.62	135.90	196.00	125.00	24.00	1	14	

4	15	123.309	4
1	94.00	177.00	74.07	210.53	39.00	1	4	
2	74.07	210.53	69.46	218.29	9.03	0	
3	69.46	218.29	51.44	248.61	35.28	0	
4	51.44	248.61	31.00	283.00	40.00	2	2	15	

5	0	318.449	6
1	201.00	247.00	189.01	232.26	19.00	1	5	
2	189.01	232.26	126.53	155.49	98.99	0	
3	126.53	155.49	121.67	149.52	7.69	1	4	
4	121.67	149.52	91.10	111.95	48.44	0	
5	91.10	111.95	61.36	75.40	47.12	1	8	
6	61.36	75.40	0.00	0.00	97.21	0	

5	1	52.355	4
1	201.00	247.00	198.44	251.70	5.35	1	5	
2	198.44	251.70	191.93	263.69	13.65	2	1	5	
3	191.93	263.69	189.78	267.65	4.50	1	1	
4	189.78	267.65	176.00	293.00	28.86	2	1	9	

5	2	149.857	8
1	201.00	247.00	190.11	248.17	10.95	1	5	
2	190.11	248.17	183.27	248.90	6.88	2	1	5	
3	183.27	248.90	182.11	249.03	1.17	3	1	5	9	
4	182.11	249.03	152.69	252.19	29.59	2	1	9	
5	152.69	252.19	106.65	257.13	46.30	1	9	
6	106.65	257.13	99.73	257.88	6.97	0	
7	99.73	257.88	64.81	261.62	35.12	1	2	
8	64.81	261.62	52.00	263.00	12.88	2	2	15	

5	3	188.279	4
1	201.00	247.00	209.58	230.05	19.00	1	5	
2	209.58	230.05	262.09	126.27	116.31	0	
3	262.09	126.27	279.68	91.49	38.97	1	10	
4	279.68	91.49	286.00	79.00	14.00	2	3	10	

5	4	127.863	3
1	201.00	247.00	185.10	236.60	19.00	1	5	
2	185.10	236.60	126.64	198.35	69.86	0	
3	126.64	198.35	94.00	177.00	39.00	1	4	

5	5	0	0

5	6	196.469	3
1	201.00	247.00	193.84	229.40	19.00	1	5	
2	193.84	229.40	131.52	76.12	165.47	0	
3	131.52	76.12	127.00	65.00	12.00	1	6	

5	7	166.412	4
1	201.00	247.00	185.24	236.38	19.00	1	5	
2	185.24	236.38	127.29	197.32	69.89	0	
3	127.29	197.32	70.46	159.03	68.52	1	4	
4	70.46	159.03	63.00	154.00	9.00	2	4	7	

5	8	198.116	5
1	201.00	247.00	188.05	233.09	19.00	1	5	
2	188.05	233.09	132.87	173.82	80.98	0	
3	132.87	173.82	99.94	138.46	48.32	1	4	
4	99.94	138.46	84.40	121.76	22.81	0	
5	84.40	121.76	66.00	102.00	27.00	1	8	

5	9	59.506	4
1	201.00	247.00	194.74	249.90	6.90	1	5	
2	194.74	249.90	186.02	253.93	9.61	2	1	5	
3	186.02	253.93	183.76	254.98	2.49	3	1	5	9	
4	183.76	254.98	147.00	272.00	40.51	2	1	9	

5	10	179.011	4
1	201.00	247.00	210.13	230.34	19.00	1	5	
2	210.13	230.34	265.86	128.59	116.01	0	
3	265.86	128.59	285.36	92.99	40.60	1	10	
4	285.36	92.99	287.00	90.00	3.40	2	3	10	

5	11	241.133	5
1	201.00	247.00	198.48	228.17	19.00	1	5	
2	198.48	228.17	187.68	147.51	81.38	0	
3	187.68	147.51	182.05	105.47	42.42	0	
4	182.05	105.47	172.85	36.74	69.34	0	
5	172.85	36.74	169.00	8.00	29.00	1	11	

5	12	228.561	6
1	201.00	247.00	199.67	228.05	19.00	0	
2	199.67	228.05	194.12	148.93	79.31	0	
3	194.12	148.93	190.79	101.57	47.47	1	14	
4	190.79	101.57	185.88	31.58	70.17	0	
5	185.88	31.58	185.77	29.97	1.61	1	11	
6	185.77	29.97	185.00	19.00	11.00	2	11	12	

5	13	216.668	7
1	201.00	247.00	184.95	236.83	19.00	1	5	
2	184.95	236.83	125.92	199.41	69.89	0	
3	125.92	199.41	67.00	162.06	69.76	1	4	
4	67.00	162.06	60.11	157.69	8.16	2	4	7	
5	60.11	157.69	54.00	153.82	7.24	1	7	
6	54.00	153.82	29.82	138.50	28.63	0	
7	29.82	138.50	18.00	131.00	14.00	1	13	

5	14	122.102	3
1	201.00	247.00	200.22	228.02	19.00	1	5	
2	200.22	228.02	196.98	148.98	79.10	0	
3	196.98	148.98	196.00	125.00	24.00	0	

5	15	173.770	8
1	201.00	247.00	192.17	248.87	9.02	1	5	
2	192.17	248.87	184.26	250.54	8.08	2	1	5	
3	184.26	250.54	182.41	250.94	1.89	3	1	5	9	
4	182.41	250.94	143.33	259.21	39.95	2	1	9	
5	143.33	259.21	104.24	267.49	39.96	1	9	
6	104.24	267.49	99.69	268.45	4.65	0	
7	99.69	268.45	70.13	274.71	30.21	1	2	
8	70.13	274.71	31.00	283.00	40.00	2	2	15	

6	0	142.667	2
1	127.00	65.00	116.32	59.53	12.00	1	6	
2	116.32	59.53	0.00	0.00	130.67	0	

6	1	233.206	4
1	127.00	65.00	129.52	76.73	12.00	1	6	
2	129.52	76.73	162.90	232.05	158.86	0	
3	162.90	232.05	166.12	247.05	15.34	0	
4	166.12	247.05	176.00	293.00	47.00	2	1	9	

6	2	211.729	6
1	127.00	65.00	122.75	76.22	12.00	1	6	
2	122.75	76.22	99.22	138.35	66.44	0	
3	99.22	138.35	72.30	209.41	75.98	1	4	
4	72.30	209.41	69.00	218.11	9.31	0	
5	69.00	218.11	56.19	251.93	36.16	1	2	
6	56.19	251.93	52.00	263.00	11.84	2	2	15	

6	3	159.615	4
1	127.00	65.00	138.95	66.05	12.00	1	6	
2	138.95	66.05	245.48	75.43	106.94	0	
3	245.48	75.43	272.05	77.77	26.68	1	10	
4	272.05	77.77	286.00	79.00	14.00	2	3	10	

6	4	116.760	3
1	127.00	65.00	123.61	76.51	12.00	1	6	
2	123.61	76.51	105.02	139.59	65.76	0	
3	105.02	139.59	94.00	177.00	39.00	1	4	

6	5	196.469	3
1	127.00	65.00	131.52	76.12	12.00	1	6	
2	131.52	76.12	193.84	229.40	165.47	0	
3	193.84	229.40	201.00	247.00	19.00	1	5	

6	6	0	0

6	7	109.622	4
1	127.00	65.00	119.99	74.74	12.00	1	6	
2	119.99	74.74	68.25	146.69	88.62	0	
3	68.25	146.69	65.93	149.92	3.98	1	7	
4	65.93	149.92	63.00	154.00	5.02	2	4	7	

6	8	71.344	3
1	127.00	65.00	116.74	71.22	12.00	1	6	
2	116.74	71.22	89.09	88.00	32.34	0	
3	89.09	88.00	66.00	102.00	27.00	1	8	

6	9	207.964	4
1	127.00	65.00	128.15	76.94	12.00	1	6	
2	128.15	76.94	142.86	229.20	152.96	0	
3	142.86	229.20	145.57	257.18	28.11	1	9	
4	145.57	257.18	147.00	272.00	14.89	1	9	

6	10	161.941	4
1	127.00	65.00	138.86	66.85	12.00	1	6	
2	138.86	66.85	243.53	83.21	105.94	0	
3	243.53	83.21	275.44	88.19	32.30	1	10	
4	275.44	88.19	287.00	90.00	11.70	2	3	10	

6	11	70.803	3
1	127.00	65.00	134.12	55.34	12.00	1	6	
2	134.12	55.34	151.80	31.35	29.80	0	
3	151.80	31.35	169.00	8.00	29.00	1	11	

6	12	74.027	4
1	127.00	65.00	136.40	57.54	12.00	1	6	
2	136.40	57.54	163.08	36.39	34.04	0	
3	163.08	36.39	176.38	25.84	16.98	1	11	
4	176.38	25.84	185.00	19.00	11.00	2	11	12	

6	13	127.424	5
1	127.00	65.00	116.74	71.22	12.00	1	6	
2	116.74	71.22	89.07	87.97	32.34	0	
3	89.07	87.97	42.88	115.94	54.00	1	8	
4	42.88	115.94	29.98	123.75	15.08	0	
5	29.98	123.75	18.00	131.00	14.00	1	13	

6	14	91.439	3
1	127.00	65.00	136.06	72.87	12.00	1	6	
2	136.06	72.87	177.89	109.25	55.44	0	
3	177.89	109.25	196.00	125.00	24.00	1	14	

6	15	238.202	6
1	127.00	65.00	122.16	75.98	12.00	1	6	
2	122.16	75.98	94.85	138.01	67.78	0	
3	94.85	138.01	65.81	203.95	72.05	1	4	
4	65.81	203.95	60.60	215.78	12.92	0	
5	60.60	215.78	47.12	246.39	33.45	1	2	
6	47.12	246.39	31.00	283.00	40.00	2	2	15	

7	0	166.388	5
1	63.00	154.00	62.82	153.57	0.47	2	4	7	
2	62.82	153.57	59.59	145.67	8.53	1	7	
3	59.59	145.67	50.88	124.37	23.02	0	
4	50.88	124.37	39.54	96.64	29.95	1	8	
5	39.54	96.64	0.00	0.00	104.42	0	

7	1	179.137	5
1	63.00	154.00	68.68	160.98	9.00	2	4	7	
2	68.68	160.98	110.45	212.36	66.22	1	4	
3	110.45	212.36	127.69	233.58	27.34	0	
4	127.69	233.58	146.35	256.53	29.58	1	9	
5	146.35	256.53	176.00	293.00	47.00	2	1	9	

7	2	109.554	5
1	63.00	154.00	62.10	162.95	9.00	2	4	7	
2	62.10	162.95	58.95	194.11	31.31	0	
3	58.95	194.11	56.82	215.24	21.24	0	
4	56.82	215.24	53.33	249.81	34.75	0	
5	53.33	249.81	52.00	263.00	13.25	2	2	15	

7	3	235.274	7
1	63.00	154.00	71.53	151.13	9.00	2	4	7	
2	71.53	151.13	105.46	139.72	35.79	1	4	
3	105.46	139.72	173.42	116.86	71.71	0	
4	173.42	116.86	209.07	104.87	37.61	1	14	
5	209.07	104.87	243.13	93.42	35.94	0	
6	243.13	93.42	272.73	83.46	31.23	1	10	
7	272.73	83.46	286.00	79.00	14.00	2	3	10	

7	4	38.601	2
1	63.00	154.00	70.23	159.36	9.00	2	4	7	
2	70.23	159.36	94.00	177.00	29.60	1	4	

7	5	166.412	4
1	63.00	154.00	70.46	159.03	9.00	2	4	7	
2	70.46	159.03	127.29	197.32	68.52	1	4	
3	127.29	197.32	185.24	236.38	69.89	0	
4	185.24	236.38	201.00	247.00	19.00	1	5	

7	6	109.622	4
1	63.00	154.00	65.93	149.92	5.02	2	4	7	
2	65.93	149.92	68.25	146.69	3.98	1	7	
3	68.25	146.69	119.99	74.74	88.62	0	
4	119.99	74.74	127.00	65.00	12.00	1	6	

7	7	0	0

7	8	52.086	4
1	63.00	154.00	63.04	153.28	0.72	1	7	
2	63.04	153.28	63.52	145.01	8.28	1	7	
3	63.52	145.01	64.44	128.96	16.09	0	
4	64.44	128.96	66.00	102.00	27.00	1	8	

7	9	144.845	5
1	63.00	154.00	68.22	161.33	9.00	2	4	7	
2	68.22	161.33	105.83	214.16	64.85	1	4	
3	105.83	214.16	122.06	236.97	27.99	0	
4	122.06	236.97	140.24	262.50	31.34	1	9	
5	140.24	262.50	147.00	272.00	11.66	2	1	9	

7	10	232.964	7
1	63.00	154.00	71.65	151.53	9.00	2	4	7	
2	71.65	151.53	108.80	140.92	38.63	1	4	
3	108.80	140.92	172.10	122.83	65.84	0	
4	172.10	122.83	215.15	110.53	44.77	1	14	
5	215.15	110.53	244.69	102.09	30.73	0	
6	244.69	102.09	280.48	91.86	37.21	1	10	
7	280.48	91.86	287.00	90.00	6.79	2	3	10	

7	11	180.422	6
1	63.00	154.00	66.05	149.81	5.18	2	4	7	
2	66.05	149.81	68.29	146.72	3.82	1	7	
3	68.29	146.72	120.36	75.00	88.63	0	
4	120.36	75.00	134.45	55.59	23.98	1	6	
5	134.45	55.59	151.96	31.47	29.81	0	
6	151.96	31.47	169.00	8.00	29.00	1	11	

7	12	181.959	5
1	63.00	154.00	69.03	147.32	9.00	2	4	7	
2	69.03	147.32	69.98	146.27	1.42	1	4	
3	69.98	146.27	168.73	37.00	147.28	0	
4	168.73	37.00	177.62	27.16	13.26	1	11	
5	177.62	27.16	185.00	19.00	11.00	2	11	12	

7	13	50.537	4
1	63.00	154.00	62.64	153.82	0.40	2	4	7	
2	62.64	153.82	54.99	149.90	8.60	1	7	
3	54.99	149.90	30.47	137.37	27.54	0	
4	30.47	137.37	18.00	131.00	14.00	1	13	

7	14	136.125	4
1	63.00	154.00	71.79	152.08	9.00	2	4	7	
2	71.79	152.08	113.20	143.05	42.38	1	4	
3	113.20	143.05	172.55	130.11	60.74	0	
4	172.55	130.11	196.00	125.00	24.00	1	14	

7	15	132.910	5
1	63.00	154.00	60.83	162.74	9.00	2	4	7	
2	60.83	162.74	55.60	183.82	21.73	1	4	
3	55.60	183.82	47.82	215.18	32.31	0	
4	47.82	215.18	40.63	244.18	29.87	1	2	
5	40.63	244.18	31.00	283.00	40.00	2	2	15	

8	0	121.491	2
1	66.00	102.00	51.33	79.33	27.00	1	8	
2	51.33	79.33	0.00	0.00	94.49	0	

8	1	220.411	6
1	66.00	102.00	79.47	125.40	27.00	1	8	
2	79.47	125.40	87.09	138.62	15.26	0	
3	87.09	138.62	123.73	202.24	73.42	1	4	
4	123.73	202.24	139.52	229.66	31.64	0	
5	139.52	229.66	152.54	252.27	26.10	1	9	
6	152.54	252.27	176.00	293.00	47.00	2	1	9	

8	2	161.608	8
1	66.00	102.00	63.66	128.90	27.00	1	8	
2	63.66	128.90	62.26	145.03	16.19	0	
3	62.26	145.03	61.33	155.70	10.71	1	7	
4	61.33	155.70	60.72	162.71	7.03	1	7	
5	60.72	162.71	58.14	192.34	29.75	1	4	
6	58.14	192.34	56.16	215.18	22.93	0	
7	56.16	215.18	53.16	249.70	34.65	1	2	
8	53.16	249.70	52.00	263.00	13.35	1	2	

8	3	221.199	4
1	66.00	102.00	92.85	99.19	27.00	1	8	
2	92.85	99.19	243.49	83.44	151.46	0	
3	243.49	83.44	272.08	80.46	28.74	1	10	
4	272.08	80.46	286.00	79.00	14.00	2	3	10	

8	4	80.056	3
1	66.00	102.00	75.44	127.29	27.00	1	8	
2	75.44	127.29	80.36	140.46	14.06	0	
3	80.36	140.46	94.00	177.00	39.00	1	4	

8	5	198.116	5
1	66.00	102.00	84.40	121.76	27.00	1	8	
2	84.40	121.76	99.94	138.46	22.81	0	
3	99.94	138.46	132.87	173.82	48.32	1	4	
4	132.87	173.82	188.05	233.09	80.98	0	
5	188.05	233.09	201.00	247.00	19.00	1	5	

8	6	71.344	3
1	66.00	102.00	89.09	88.00	27.00	1	8	
2	89.09	88.00	116.74	71.22	32.34	0	
3	116.74	71.22	127.00	65.00	12.00	1	6	

8	7	52.086	4
1	66.00	102.00	64.44	128.96	27.00	1	8	
2	64.44	128.96	63.52	145.01	16.09	0	
3	63.52	145.01	63.04	153.28	8.28	1	7	
4	63.04	153.28	63.00	154.00	0.72	1	7	

8	8	0	0

8	9	188.311	6
1	66.00	102.00	77.61	126.37	27.00	1	8	
2	77.61	126.37	83.80	139.36	14.38	0	
3	83.80	139.36	116.81	208.64	76.74	1	4	
4	116.81	208.64	128.50	233.18	27.19	0	
5	128.50	233.18	141.70	260.87	30.67	1	9	
6	141.70	260.87	147.00	272.00	12.33	2	1	9	

8	10	221.326	4
1	66.00	102.00	92.96	100.54	27.00	1	8	
2	92.96	100.54	243.06	92.39	150.33	0	
3	243.06	92.39	278.00	90.49	34.99	1	10	
4	278.00	90.49	287.00	90.00	9.01	2	3	10	

8	11	139.445	3
1	66.00	102.00	85.94	83.80	27.00	1	8	
2	85.94	83.80	147.58	27.55	83.45	0	
3	147.58	27.55	169.00	8.00	29.00	1	11	

8	12	145.086	6
1	66.00	102.00	88.15	86.55	27.00	1	8	
2	88.15	86.55	115.29	67.62	33.09	0	
3	115.29	67.62	133.51	54.92	22.21	1	6	
4	133.51	54.92	160.86	35.84	33.35	0	
5	160.86	35.84	175.98	25.29	18.43	1	11	
6	175.98	25.29	185.00	19.00	11.00	2	11	12	

8	13	56.080	3
1	66.00	102.00	42.89	115.96	27.00	1	8	
2	42.89	115.96	29.98	123.76	15.08	0	
3	29.98	123.76	18.00	131.00	14.00	1	13	

8	14	132.019	3
1	66.00	102.00	92.59	106.70	27.00	1	8	
2	92.59	106.70	172.37	120.82	81.02	0	
3	172.37	120.82	196.00	125.00	24.00	1	14	

8	15	184.353	6
1	66.00	102.00	60.87	128.51	27.00	1	8	
2	60.87	128.51	57.29	147.04	18.88	0	
3	57.29	147.04	55.11	158.33	11.49	1	7	
4	55.11	158.33	44.02	215.67	58.40	0	
5	44.02	215.67	38.59	243.73	28.58	1	2	
6	38.59	243.73	31.00	283.00	40.00	2	2	15	

9	0	309.181	7
1	147.00	272.00	141.25	261.36	12.10	2	1	9	
2	141.25	261.36	126.56	234.17	30.90	1	9	
3	126.56	234.17	113.81	210.59	26.80	0	
4	113.81	210.59	76.75	142.02	77.95	1	4	
5	76.75	142.02	69.59	128.76	15.07	0	
6	69.59	128.76	45.58	84.34	50.50	1	8	
7	45.58	84.34	0.00	0.00	95.87	0	

9	1	35.805	1
1	147.00	272.00	176.00	293.00	35.81	2	1	9	

9	2	95.425	5
1	147.00	272.00	134.56	270.82	12.49	2	1	9	
2	134.56	270.82	104.19	267.94	30.51	1	9	
3	104.19	267.94	99.79	267.53	4.43	0	
4	99.79	267.53	66.39	264.36	33.54	1	2	
5	66.39	264.36	52.00	263.00	14.46	2	2	15	

9	3	237.844	5
1	147.00	272.00	164.74	247.37	30.35	2	1	9	
2	164.74	247.37	172.13	237.11	12.65	1	9	
3	172.13	237.11	255.76	120.99	143.10	0	
4	255.76	120.99	277.82	90.36	37.74	1	10	
5	277.82	90.36	286.00	79.00	14.00	2	3	10	

9	4	108.784	4
1	147.00	272.00	141.13	261.48	12.04	2	1	9	
2	141.13	261.48	126.05	234.45	30.96	1	9	
3	126.05	234.45	113.00	211.06	26.78	0	
4	113.00	211.06	94.00	177.00	39.00	1	4	

9	5	59.506	4
1	147.00	272.00	183.76	254.98	40.51	2	1	9	
2	183.76	254.98	186.02	253.93	2.49	3	1	5	9	
3	186.02	253.93	194.74	249.90	9.61	2	1	5	
4	194.74	249.90	201.00	247.00	6.90	1	5	

9	6	207.964	4
1	147.00	272.00	145.57	257.18	14.89	1	9	
2	145.57	257.18	142.86	229.20	28.11	1	9	
3	142.86	229.20	128.15	76.94	152.96	0	
4	128.15	76.94	127.00	65.00	12.00	1	6	

9	7	144.845	5
1	147.00	272.00	140.24	262.50	11.66	2	1	9	
2	140.24	262.50	122.06	236.97	31.34	1	9	
3	122.06	236.97	105.83	214.16	27.99	0	
4	105.83	214.16	68.22	161.33	64.85	1	4	
5	68.22	161.33	63.00	154.00	9.00	2	4	7	

9	8	188.311	6
1	147.00	272.00	141.70	260.87	12.33	2	1	9	
2	141.70	260.87	128.50	233.18	30.67	1	9	
3	128.50	233.18	116.81	208.64	27.19	0	
4	116.81	208.64	83.80	139.36	76.74	1	4	
5	83.80	139.36	77.61	126.37	14.38	0	
6	77.61	126.37	66.00	102.00	27.00	1	8	

9	9	0	0

9	10	229.617	5
1	147.00	272.00	166.21	247.03	31.50	2	1	9	
2	166.21	247.03	173.22	237.92	11.50	1	9	
3	173.22	237.92	260.17	124.88	142.62	0	
4	260.17	124.88	284.74	92.94	40.29	1	10	
5	284.74	92.94	287.00	90.00	3.71	2	3	10	

9	11	264.915	4
1	147.00	272.00	148.42	254.94	17.12	2	1	9	
2	148.42	254.94	150.57	229.15	25.88	0	
3	150.57	229.15	166.59	36.90	192.91	0	
4	166.59	36.90	169.00	8.00	29.00	1	11	

9	12	255.838	5
1	147.00	272.00	149.70	254.05	18.15	2	1	9	
2	149.70	254.05	153.39	229.48	24.85	0	
3	153.39	229.48	182.82	33.49	198.18	0	
4	182.82	33.49	183.37	29.88	3.66	1	11	
5	183.37	29.88	185.00	19.00	11.00	2	11	12	

9	13	191.107	6
1	147.00	272.00	139.32	263.61	11.37	2	1	9	
2	139.32	263.61	117.97	240.27	31.63	1	9	
3	117.97	240.27	95.73	215.96	32.95	0	
4	95.73	215.96	55.35	171.82	59.83	1	4	
5	55.35	171.82	27.45	141.33	41.33	0	
6	27.45	141.33	18.00	131.00	14.00	1	13	

9	14	154.952	4
1	147.00	272.00	153.81	251.57	21.54	2	1	9	
2	153.81	251.57	160.60	231.21	21.46	1	9	
3	160.60	231.21	188.41	147.77	87.95	0	
4	188.41	147.77	196.00	125.00	24.00	1	14	

9	15	116.520	5
1	147.00	272.00	133.33	273.30	13.73	2	1	9	
2	133.33	273.30	104.19	276.06	29.27	1	9	
3	104.19	276.06	98.02	276.64	6.20	0	
4	98.02	276.64	70.82	279.22	27.32	1	2	
5	70.82	279.22	31.00	283.00	40.00	2	2	15	

10	0	300.781	3
1	287.00	90.00	273.80	85.86	13.84	2	3	10	
2	273.80	85.86	245.02	76.83	30.16	1	10	
3	245.02	76.83	0.00	0.00	256.78	0	

10	1	231.366	7
1	287.00	90.00	285.37	92.99	3.40	2	3	10	
2	285.37	92.99	265.89	128.61	40.60	0	
3	265.89	128.61	210.23	230.39	116.01	0	
4	210.23	230.39	198.55	251.76	24.35	1	5	
5	198.55	251.76	192.00	263.73	13.65	2	1	5	
6	192.00	263.73	189.79	267.78	4.61	1	1	
7	189.79	267.78	176.00	293.00	28.75	2	1	9	

10	2	291.812	5
1	287.00	90.00	283.29	92.73	4.61	2	3	10	
2	283.29	92.73	251.57	116.09	39.39	1	10	
3	251.57	116.09	90.66	234.54	199.81	0	
4	90.66	234.54	60.91	256.44	36.94	1	2	
5	60.91	256.44	52.00	263.00	11.06	2	2	15	

10	3	11.045	1
1	287.00	90.00	286.00	79.00	11.05	2	3	10	

10	4	211.703	6
1	287.00	90.00	281.79	92.35	5.72	2	3	10	
2	281.79	92.35	246.89	108.08	38.28	1	10	
3	246.89	108.08	219.56	120.40	29.98	0	
4	219.56	120.40	176.96	139.61	46.73	1	14	
5	176.96	139.61	129.55	160.97	51.99	0	
6	129.55	160.97	94.00	177.00	39.00	1	4	

10	5	179.011	4
1	287.00	90.00	285.36	92.99	3.40	2	3	10	
2	285.36	92.99	265.86	128.59	40.60	1	10	
3	265.86	128.59	210.13	230.34	116.01	0	
4	210.13	230.34	201.00	247.00	19.00	1	5	

10	6	161.941	4
1	287.00	90.00	275.44	88.19	11.70	2	3	10	
2	275.44	88.19	243.53	83.21	32.30	1	10	
3	243.53	83.21	138.86	66.85	105.94	0	
4	138.86	66.85	127.00	65.00	12.00	1	6	

10	7	232.964	7
1	287.00	90.00	280.48	91.86	6.79	2	3	10	
2	280.48	91.86	244.69	102.09	37.21	1	10	
3	244.69	102.09	215.15	110.53	30.73	0	
4	215.15	110.53	172.10	122.83	44.77	1	14	
5	172.10	122.83	108.80	140.92	65.84	0	
6	108.80	140.92	71.65	151.53	38.63	1	4	
7	71.65	151.53	63.00	154.00	9.00	2	4	7	

10	8	221.326	4
1	287.00	90.00	278.00	90.49	9.01	2	3	10	
2	278.00	90.49	243.06	92.39	34.99	1	10	
3	243.06	92.39	92.96	100.54	150.33	0	
4	92.96	100.54	66.00	102.00	27.00	1	8	

10	9	229.617	5
1	287.00	90.00	284.74	92.94	3.71	2	3	10	
2	284.74	92.94	260.17	124.88	40.29	1	10	
3	260.17	124.88	173.22	237.92	142.62	0	
4	173.22	237.92	166.21	247.03	11.50	1	9	
5	166.21	247.03	147.00	272.00	31.50	2	1	9	

10	10	0	0

10	11	143.694	6
1	287.00	90.00	272.01	79.58	18.25	2	3	10	
2	272.01	79.58	250.87	64.89	25.75	1	10	
3	250.87	64.89	193.98	25.36	69.28	0	
4	193.98	25.36	192.81	24.55	1.42	1	12	
5	192.81	24.55	175.91	12.80	20.58	2	11	12	
6	175.91	12.80	169.00	8.00	8.42	1	11	

10	12	124.278	5
1	287.00	90.00	272.01	79.57	18.26	2	3	10	
2	272.01	79.57	250.89	64.86	25.74	1	10	
3	250.89	64.86	194.03	25.28	69.28	0	
4	194.03	25.28	192.87	24.48	1.42	1	12	
5	192.87	24.48	185.00	19.00	9.58	2	11	12	

10	13	272.107	8
1	287.00	90.00	279.13	91.20	7.96	2	3	10	
2	279.13	91.20	243.50	96.63	36.04	1	10	
3	243.50	96.63	204.54	102.57	39.42	0	
4	204.54	102.57	181.17	106.13	23.64	1	14	
5	181.17	106.13	85.46	120.72	96.82	0	
6	85.46	120.72	53.00	125.67	32.83	1	8	
7	53.00	125.67	31.84	128.89	21.41	0	
8	31.84	128.89	18.00	131.00	14.00	1	13	

10	14	97.499	4
1	287.00	90.00	281.31	92.19	6.10	2	3	10	
2	281.31	92.19	245.93	105.80	37.90	1	10	
3	245.93	105.80	218.40	116.38	29.50	0	
4	218.40	116.38	196.00	125.00	24.00	1	14	

10	15	320.601	5
1	287.00	90.00	283.36	92.75	4.56	2	3	10	
2	283.36	92.75	251.87	116.49	39.44	1	10	
3	251.87	116.49	92.24	236.83	199.91	0	
4	92.24	236.83	62.94	258.92	36.69	1	2	
5	62.94	258.92	31.00	283.00	40.00	2	2	15	

11	0	169.189	2
1	169.00	8.00	140.03	6.63	29.00	1	11	
2	140.03	6.63	0.00	0.00	140.19	0	

11	1	285.086	4
1	169.00	8.00	169.71	36.99	29.00	0	
2	169.71	36.99	174.68	239.09	202.16	0	
3	174.68	239.09	174.85	246.02	6.93	0	
4	174.85	246.02	176.00	293.00	47.00	2	1	9	

11	2	280.560	6
1	169.00	8.00	156.91	34.36	29.00	1	11	
2	156.91	34.36	108.14	140.65	116.95	0	
3	108.14	140.65	75.67	211.42	77.86	1	4	
4	75.67	211.42	72.02	219.37	8.75	0	
5	72.02	219.37	56.84	252.46	36.41	1	2	
6	56.84	252.46	52.00	263.00	11.59	2	2	15	

11	3	136.858	6
1	169.00	8.00	176.22	12.38	8.44	1	11	
2	176.22	12.38	193.79	23.04	20.56	2	11	12	
3	193.79	23.04	194.93	23.73	1.33	1	12	
4	194.93	23.73	254.77	60.05	70.00	0	
5	254.77	60.05	274.03	71.74	22.53	1	10	
6	274.03	71.74	286.00	79.00	14.00	2	3	10	

11	4	184.895	3
1	169.00	8.00	157.24	34.51	29.00	1	11	
2	157.24	34.51	109.82	141.35	116.89	0	
3	109.82	141.35	94.00	177.00	39.00	1	4	

11	5	241.133	5
1	169.00	8.00	172.85	36.74	29.00	1	11	
2	172.85	36.74	182.05	105.47	69.34	0	
3	182.05	105.47	187.68	147.51	42.42	0	
4	187.68	147.51	198.48	228.17	81.38	0	
5	198.48	228.17	201.00	247.00	19.00	1	5	

11	6	70.803	3
1	169.00	8.00	151.80	31.35	29.00	1	11	
2	151.80	31.35	134.12	55.34	29.80	0	
3	134.12	55.34	127.00	65.00	12.00	1	6	

11	7	180.422	6
1	169.00	8.00	151.96	31.47	29.00	1	11	
2	151.96	31.47	134.45	55.59	29.81	0	
3	134.45	55.59	120.36	75.00	23.98	1	6	
4	120.36	75.00	68.29	146.72	88.63	0	
5	68.29	146.72	66.05	149.81	3.82	1	7	
6	66.05	149.81	63.00	154.00	5.18	2	4	7	

11	8	139.445	3
1	169.00	8.00	147.58	27.55	29.00	1	11	
2	147.58	27.55	85.94	83.80	83.45	0	
3	85.94	83.80	66.00	102.00	27.00	1	8	

11	9	264.915	4
1	169.00	8.00	166.59	36.90	29.00	1	11	
2	166.59	36.90	150.57	229.15	192.91	0	
3	150.57	229.15	148.42	254.94	25.88	0	
4	148.42	254.94	147.00	272.00	17.12	2	1	9	

11	10	143.694	6
1	169.00	8.00	175.91	12.80	8.42	1	11	
2	175.91	12.80	192.81	24.55	20.58	2	11	12	
3	192.81	24.55	193.98	25.36	1.42	1	12	
4	193.98	25.36	250.87	64.89	69.28	0	
5	250.87	64.89	272.01	79.58	25.75	1	10	
6	272.01	79.58	287.00	90.00	18.25	2	3	10	

11	11	0	0

11	12	19.416	2
1	169.00	8.00	175.94	12.77	8.42	1	11	
2	175.94	12.77	185.00	19.00	11.00	2	11	12	

11	13	194.756	5
1	169.00	8.00	146.52	26.32	29.00	1	11	
2	146.52	26.32	81.09	79.61	84.39	0	
3	81.09	79.61	41.02	112.25	51.68	1	8	
4	41.02	112.25	28.85	122.16	15.69	0	
5	28.85	122.16	18.00	131.00	14.00	1	13	

11	14	120.075	3
1	169.00	8.00	175.52	36.26	29.00	1	11	
2	175.52	36.26	190.60	101.61	67.08	0	
3	190.60	101.61	196.00	125.00	24.00	1	14	

11	15	307.683	8
1	169.00	8.00	155.99	33.92	29.00	1	11	
2	155.99	33.92	138.06	69.66	39.98	0	
3	138.06	69.66	137.34	71.08	1.60	1	6	
4	137.34	71.08	103.21	139.10	76.10	0	
5	103.21	139.10	69.12	207.03	76.00	1	4	
6	69.12	207.03	64.32	216.61	10.71	0	
7	64.32	216.61	48.94	247.25	34.28	1	2	
8	48.94	247.25	31.00	283.00	40.00	2	2	15	

12	0	185.973	3
1	185.00	19.00	174.06	17.88	11.00	2	11	12	
2	174.06	17.88	140.73	14.45	33.51	1	11	
3	140.73	14.45	0.00	0.00	141.47	0	

12	1	274.148	7
1	185.00	19.00	184.64	29.99	11.00	2	11	12	
2	184.64	29.99	184.56	32.47	2.48	0	
3	184.56	32.47	182.16	105.39	72.96	0	
4	182.16	105.39	180.91	143.66	38.29	1	14	
5	180.91	143.66	177.68	241.87	98.27	0	
6	177.68	241.87	177.54	246.02	4.15	1	9	
7	177.54	246.02	176.00	293.00	47.00	1	9	

12	2	277.894	7
1	185.00	19.00	179.74	28.66	11.00	2	11	12	
2	179.74	28.66	175.60	36.24	8.63	1	11	
3	175.60	36.24	116.31	145.01	123.88	0	
4	116.31	145.01	79.21	213.09	77.53	1	4	
5	79.21	213.09	74.97	220.85	8.85	0	
6	74.97	220.85	57.45	253.00	36.61	1	2	
7	57.45	253.00	52.00	263.00	11.39	2	2	15	

12	3	117.478	5
1	185.00	19.00	193.25	23.90	9.60	2	11	12	
2	193.25	23.90	194.46	24.62	1.40	1	12	
3	194.46	24.62	254.53	60.31	69.87	0	
4	254.53	60.31	273.96	71.85	22.60	1	10	
5	273.96	71.85	286.00	79.00	14.00	2	3	10	

12	4	182.332	4
1	185.00	19.00	179.51	28.53	11.00	2	11	12	
2	179.51	28.53	174.99	36.37	9.05	1	11	
3	174.99	36.37	113.46	143.20	123.28	0	
4	113.46	143.20	94.00	177.00	39.00	1	4	

12	5	228.561	6
1	185.00	19.00	185.77	29.97	11.00	2	11	12	
2	185.77	29.97	185.88	31.58	1.61	1	11	
3	185.88	31.58	190.79	101.57	70.17	0	
4	190.79	101.57	194.12	148.93	47.47	1	14	
5	194.12	148.93	199.67	228.05	79.31	0	
6	199.67	228.05	201.00	247.00	19.00	0	

12	6	74.027	4
1	185.00	19.00	176.38	25.84	11.00	2	11	12	
2	176.38	25.84	163.08	36.39	16.98	1	11	
3	163.08	36.39	136.40	57.54	34.04	0	
4	136.40	57.54	127.00	65.00	12.00	1	6	

12	7	181.959	5
1	185.00	19.00	177.62	27.16	11.00	2	11	12	
2	177.62	27.16	168.73	37.00	13.26	1	11	
3	168.73	37.00	69.98	146.27	147.28	0	
4	69.98	146.27	69.03	147.32	1.42	1	4	
5	69.03	147.32	63.00	154.00	9.00	2	4	7	

12	8	145.086	6
1	185.00	19.00	175.98	25.29	11.00	2	11	12	
2	175.98	25.29	160.86	35.84	18.43	1	11	
3	160.86	35.84	133.51	54.92	33.35	0	
4	133.51	54.92	115.29	67.62	22.21	1	6	
5	115.29	67.62	88.15	86.55	33.09	0	
6	88.15	86.55	66.00	102.00	27.00	1	8	

12	9	255.838	5
1	185.00	19.00	183.37	29.88	11.00	2	11	12	
2	183.37	29.88	182.82	33.49	3.66	1	11	
3	182.82	33.49	153.39	229.48	198.18	0	
4	153.39	229.48	149.70	254.05	24.85	0	
5	149.70	254.05	147.00	272.00	18.15	2	1	9	

12	10	124.278	5
1	185.00	19.00	192.87	24.48	9.58	2	11	12	
2	192.87	24.48	194.03	25.28	1.42	1	12	
3	194.03	25.28	250.89	64.86	69.28	0	
4	250.89	64.86	272.01	79.57	25.74	1	10	
5	272.01	79.57	287.00	90.00	18.26	2	3	10	

12	11	19.416	2
1	185.00	19.00	175.94	12.77	11.00	2	11	12	
2	175.94	12.77	169.00	8.00	8.42	1	11	

12	12	0	0

12	13	201.080	8
1	185.00	19.00	175.86	25.13	11.00	2	11	12	
2	175.86	25.13	160.20	35.63	18.86	1	11	
3	160.20	35.63	132.39	54.28	33.48	0	
4	132.39	54.28	115.04	65.92	20.90	1	6	
5	115.04	65.92	86.84	84.83	33.95	0	
6	86.84	84.83	42.21	114.76	53.74	1	8	
7	42.21	114.76	29.63	123.20	15.15	0	
8	29.63	123.20	18.00	131.00	14.00	1	13	

12	14	106.569	4
1	185.00	19.00	186.14	29.94	11.00	2	11	12	
2	186.14	29.94	186.28	31.29	1.36	0	
3	186.28	31.29	193.52	101.13	70.21	0	
4	193.52	101.13	196.00	125.00	24.00	0	

12	15	305.634	7
1	185.00	19.00	179.46	28.50	11.00	2	11	12	
2	179.46	28.50	174.85	36.40	9.15	1	11	
3	174.85	36.40	112.77	142.82	123.19	0	
4	112.77	142.82	73.49	210.17	77.97	1	4	
5	73.49	210.17	68.88	218.07	9.14	0	
6	68.88	218.07	51.15	248.45	35.18	1	2	
7	51.15	248.45	31.00	283.00	40.00	2	2	15	

13	0	132.231	2
1	18.00	131.00	16.09	117.13	14.00	1	13	
2	16.09	117.13	0.00	0.00	118.23	0	

13	1	226.292	6
1	18.00	131.00	27.77	141.02	14.00	1	13	
2	27.77	141.02	55.70	169.65	39.99	0	
3	55.70	169.65	100.39	215.47	64.01	1	4	
4	100.39	215.47	121.65	237.27	30.45	0	
5	121.65	237.27	143.18	259.35	30.85	1	9	
6	143.18	259.35	176.00	293.00	47.00	2	1	9	

13	2	136.308	4
1	18.00	131.00	21.49	144.56	14.00	1	13	
2	21.49	144.56	40.03	216.52	74.31	0	
3	40.03	216.52	47.80	246.70	31.17	1	2	
4	47.80	246.70	52.00	263.00	16.83	2	2	15	

13	3	272.998	6
1	18.00	131.00	31.74	128.33	14.00	1	13	
2	31.74	128.33	51.17	124.56	19.79	0	
3	51.17	124.56	88.19	117.38	37.71	1	8	
4	88.19	117.38	243.08	87.33	157.78	0	
5	243.08	87.33	272.26	81.67	29.72	1	10	
6	272.26	81.67	286.00	79.00	14.00	2	3	10	

13	4	88.837	5
1	18.00	131.00	29.98	138.25	14.00	1	13	
2	29.98	138.25	54.08	152.84	28.17	0	
3	54.08	152.84	60.64	156.81	7.67	1	7	
4	60.64	156.81	68.17	161.37	8.81	2	4	7	
5	68.17	161.37	94.00	177.00	30.19	1	4	

13	5	216.668	7
1	18.00	131.00	29.82	138.50	14.00	1	13	
2	29.82	138.50	54.00	153.82	28.63	0	
3	54.00	153.82	60.11	157.69	7.24	1	7	
4	60.11	157.69	67.00	162.06	8.16	2	4	7	
5	67.00	162.06	125.92	199.41	69.76	1	4	
6	125.92	199.41	184.95	236.83	69.89	0	
7	184.95	236.83	201.00	247.00	19.00	1	5	

13	6	127.424	5
1	18.00	131.00	29.98	123.75	14.00	1	13	
2	29.98	123.75	42.88	115.94	15.08	0	
3	42.88	115.94	89.07	87.97	54.00	1	8	
4	89.07	87.97	116.74	71.22	32.34	0	
5	116.74	71.22	127.00	65.00	12.00	1	6	

13	7	50.537	4
1	18.00	131.00	30.47	137.37	14.00	1	13	
2	30.47	137.37	54.99	149.90	27.54	0	
3	54.99	149.90	62.64	153.82	8.60	1	7	
4	62.64	153.82	63.00	154.00	0.40	2	4	7	

13	8	56.080	3
1	18.00	131.00	29.98	123.76	14.00	1	13	
2	29.98	123.76	42.89	115.96	15.08	0	
3	42.89	115.96	66.00	102.00	27.00	1	8	

13	9	191.107	6
1	18.00	131.00	27.45	141.33	14.00	1	13	
2	27.45	141.33	55.35	171.82	41.33	0	
3	55.35	171.82	95.73	215.96	59.83	1	4	
4	95.73	215.96	117.97	240.27	32.95	0	
5	117.97	240.27	139.32	263.61	31.63	1	9	
6	139.32	263.61	147.00	272.00	11.37	2	1	9	

13	10	272.107	8
1	18.00	131.00	31.84	128.89	14.00	1	13	
2	31.84	128.89	53.00	125.67	21.41	0	
3	53.00	125.67	85.46	120.72	32.83	1	8	
4	85.46	120.72	181.17	106.13	96.82	0	
5	181.17	106.13	204.54	102.57	23.64	1	14	
6	204.54	102.57	243.50	96.63	39.42	0	
7	243.50	96.63	279.13	91.20	36.04	1	10	
8	279.13	91.20	287.00	90.00	7.96	2	3	10	

13	11	194.756	5
1	18.00	131.00	28.85	122.16	14.00	1	13	
2	28.85	122.16	41.02	112.25	15.69	0	
3	41.02	112.25	81.09	79.61	51.68	1	8	
4	81.09	79.61	146.52	26.32	84.39	0	
5	146.52	26.32	169.00	8.00	29.00	1	11	

13	12	201.080	8
1	18.00	131.00	29.63	123.20	14.00	1	13	
2	29.63	123.20	42.21	114.76	15.15	0	
3	42.21	114.76	86.84	84.83	53.74	1	8	
4	86.84	84.83	115.04	65.92	33.95	0	
5	115.04	65.92	132.39	54.28	20.90	1	6	
6	132.39	54.28	160.20	35.63	33.48	0	
7	160.20	35.63	175.86	25.13	18.86	1	11	
8	175.86	25.13	185.00	19.00	11.00	2	11	12	

13	13	0	0

13	14	178.101	3
1	18.00	131.00	31.99	130.53	14.00	1	13	
2	31.99	130.53	172.01	125.81	140.10	0	
3	172.01	125.81	196.00	125.00	24.00	1	14	

13	15	152.555	4
1	18.00	131.00	19.19	144.95	14.00	1	13	
2	19.19	144.95	25.85	222.75	78.09	0	
3	25.85	222.75	27.59	243.15	20.47	1	2	
4	27.59	243.15	31.00	283.00	40.00	2	2	15	

14	0	232.467	2
1	196.00	125.00	175.76	112.09	24.00	1	14	
2	175.76	112.09	0.00	0.00	208.47	0	

14	1	169.186	4
1	196.00	125.00	193.16	148.83	24.00	1	14	
2	193.16	148.83	181.56	246.33	98.19	0	
3	181.56	246.33	181.55	246.40	0.07	1	1	
4	181.55	246.40	176.00	293.00	46.93	2	1	9	

14	2	199.449	6
1	196.00	125.00	178.67	141.61	24.00	1	14	
2	178.67	141.61	131.82	186.50	64.89	0	
3	131.82	186.50	101.88	215.19	41.47	1	4	
4	101.88	215.19	86.66	229.79	21.09	0	
5	86.66	229.79	59.94	255.39	37.00	1	2	
6	59.94	255.39	52.00	263.00	11.00	2	2	15	

14	3	101.074	4
1	196.00	125.00	217.37	114.08	24.00	1	14	
2	217.37	114.08	244.23	100.35	30.17	0	
3	244.23	100.35	273.53	85.37	32.91	1	10	
4	273.53	85.37	286.00	79.00	14.00	2	3	10	

14	4	114.490	3
1	196.00	125.00	174.62	135.90	24.00	1	14	
2	174.62	135.90	128.75	159.29	51.49	0	
3	128.75	159.29	94.00	177.00	39.00	1	4	

14	5	122.102	3
1	196.00	125.00	196.98	148.98	24.00	0	
2	196.98	148.98	200.22	228.02	79.10	0	
3	200.22	228.02	201.00	247.00	19.00	1	5	

14	6	91.439	3
1	196.00	125.00	177.89	109.25	24.00	1	14	
2	177.89	109.25	136.06	72.87	55.44	0	
3	136.06	72.87	127.00	65.00	12.00	1	6	

14	7	136.125	4
1	196.00	125.00	172.55	130.11	24.00	1	14	
2	172.55	130.11	113.20	143.05	60.74	0	
3	113.20	143.05	71.79	152.08	42.38	1	4	
4	71.79	152.08	63.00	154.00	9.00	2	4	7	

14	8	132.019	3
1	196.00	125.00	172.37	120.82	24.00	1	14	
2	172.37	120.82	92.59	106.70	81.02	0	
3	92.59	106.70	66.00	102.00	27.00	1	8	

14	9	154.952	4
1	196.00	125.00	188.41	147.77	24.00	1	14	
2	188.41	147.77	160.60	231.21	87.95	0	
3	160.60	231.21	153.81	251.57	21.46	1	9	
4	153.81	251.57	147.00	272.00	21.54	2	1	9	

14	10	97.499	4
1	196.00	125.00	218.40	116.38	24.00	1	14	
2	218.40	116.38	245.93	105.80	29.50	0	
3	245.93	105.80	281.31	92.19	37.90	1	10	
4	281.31	92.19	287.00	90.00	6.10	2	3	10	

14	11	120.075	3
1	196.00	125.00	190.60	101.61	24.00	1	14	
2	190.60	101.61	175.52	36.26	67.08	0	
3	175.52	36.26	169.00	8.00	29.00	1	11	

14	12	106.569	4
1	196.00	125.00	193.52	101.13	24.00	0	
2	193.52	101.13	186.28	31.29	70.21	0	
3	186.28	31.29	186.14	29.94	1.36	0	
4	186.14	29.94	185.00	19.00	11.00	2	11	12	

14	13	178.101	3
1	196.00	125.00	172.01	125.81	24.00	1	14	
2	172.01	125.81	31.99	130.53	140.10	0	
3	31.99	130.53	18.00	131.00	14.00	1	13	

14	14	0	0

14	15	228.449	6
1	196.00	125.00	178.67	141.60	24.00	1	14	
2	178.67	141.60	131.84	186.44	64.83	0	
3	131.84	186.44	101.79	215.21	41.61	1	4	
4	101.79	215.21	86.61	229.75	21.01	0	
5	86.61	229.75	59.89	255.34	37.00	1	2	
6	59.89	255.34	31.00	283.00	40.00	2	2	15	

15	0	284.693	5
1	31.00	283.00	26.64	243.24	40.00	1	2	
2	26.64	243.24	24.50	223.66	19.70	0	
3	24.50	223.66	15.87	144.84	79.29	0	
4	15.87	144.84	12.92	117.95	27.04	0	
5	12.92	117.95	0.00	0.00	118.66	0	

15	1	145.344	5
1	31.00	283.00	70.91	285.75	40.00	2	2	15	
2	70.91	285.75	93.39	287.30	22.54	1	2	
3	93.39	287.30	107.19	288.25	13.83	0	
4	107.19	288.25	129.11	289.77	21.97	1	9	
5	129.11	289.77	176.00	293.00	47.00	2	1	9	

15	2	29.000	1
1	31.00	283.00	52.00	263.00	29.00	2	2	15	

15	3	326.559	7
1	31.00	283.00	62.23	258.01	40.00	2	2	15	
2	62.23	258.01	90.99	235.01	36.83	1	2	
3	90.99	235.01	198.69	148.85	137.92	0	
4	198.69	148.85	218.68	132.86	25.60	1	14	
5	218.68	132.86	247.65	109.68	37.10	0	
6	247.65	109.68	275.07	87.75	35.12	1	10	
7	275.07	87.75	286.00	79.00	14.00	2	3	10	

15	4	123.309	4
1	31.00	283.00	51.44	248.61	40.00	2	2	15	
2	51.44	248.61	69.46	218.29	35.28	0	
3	69.46	218.29	74.07	210.53	9.03	0	
4	74.07	210.53	94.00	177.00	39.00	1	4	

15	5	173.770	8
1	31.00	283.00	70.13	274.71	40.00	2	2	15	
2	70.13	274.71	99.69	268.45	30.21	1	2	
3	99.69	268.45	104.24	267.49	4.65	0	
4	104.24	267.49	143.33	259.21	39.96	1	9	
5	143.33	259.21	182.41	250.94	39.95	2	1	9	
6	182.41	250.94	184.26	250.54	1.89	3	1	5	9	
7	184.26	250.54	192.17	248.87	8.08	2	1	5	
8	192.17	248.87	201.00	247.00	9.02	1	5	

15	6	238.202	6
1	31.00	283.00	47.12	246.39	40.00	2	2	15	
2	47.12	246.39	60.60	215.78	33.45	1	2	
3	60.60	215.78	65.81	203.95	12.92	0	
4	65.81	203.95	94.85	138.01	72.05	1	4	
5	94.85	138.01	122.16	75.98	67.78	0	
6	122.16	75.98	127.00	65.00	12.00	1	6	

15	7	132.910	5
1	31.00	283.00	40.63	244.18	40.00	2	2	15	
2	40.63	244.18	47.82	215.18	29.87	1	2	
3	47.82	215.18	55.60	183.82	32.31	0	
4	55.60	183.82	60.83	162.74	21.73	1	4	
5	60.83	162.74	63.00	154.00	9.00	2	4	7	

15	8	184.353	6
1	31.00	283.00	38.59	243.73	40.00	2	2	15	
2	38.59	243.73	44.02	215.67	28.58	1	2	
3	44.02	215.67	55.11	158.33	58.40	0	
4	55.11	158.33	57.29	147.04	11.49	1	7	
5	57.29	147.04	60.87	128.51	18.88	0	
6	60.87	128.51	66.00	102.00	27.00	1	8	

15	9	116.520	5
1	31.00	283.00	70.82	279.22	40.00	2	2	15	
2	70.82	279.22	98.02	276.64	27.32	1	2	
3	98.02	276.64	104.19	276.06	6.20	0	
4	104.19	276.06	133.33	273.30	29.27	1	9	
5	133.33	273.30	147.00	272.00	13.73	2	1	9	

15	10	320.601	5
1	31.00	283.00	62.94	258.92	40.00	2	2	15	
2	62.94	258.92	92.24	236.83	36.69	1	2	
3	92.24	236.83	251.87	116.49	199.91	0	
4	251.87	116.49	283.36	92.75	39.44	1	10	
5	283.36	92.75	287.00	90.00	4.56	2	3	10	

15	11	307.683	8
1	31.00	283.00	48.94	247.25	40.00	2	2	15	
2	48.94	247.25	64.32	216.61	34.28	1	2	
3	64.32	216.61	69.12	207.03	10.71	0	
4	69.12	207.03	103.21	139.10	76.00	1	4	
5	103.21	139.10	137.34	71.08	76.10	0	
6	137.34	71.08	138.06	69.66	1.60	1	6	
7	138.06	69.66	155.99	33.92	39.98	0	
8	155.99	33.92	169.00	8.00	29.00	1	11	

15	12	305.634	7
1	31.00	283.00	51.15	248.45	40.00	2	2	15	
2	51.15	248.45	68.88	218.07	35.18	1	2	
3	68.88	218.07	73.49	210.17	9.14	0	
4	73.49	210.17	112.77	142.82	77.97	1	4	
5	112.77	142.82	174.85	36.40	123.19	0	
6	174.85	36.40	179.46	28.50	9.15	1	11	
7	179.46	28.50	185.00	19.00	11.00	2	11	12	

15	13	152.555	4
1	31.00	283.00	27.59	243.15	40.00	2	2	15	
2	27.59	243.15	25.85	222.75	20.47	1	2	
3	25.85	222.75	19.19	144.95	78.09	0	
4	19.19	144.95	18.00	131.00	14.00	1	13	

15	14	228.449	6
1	31.00	283.00	59.89	255.34	40.00	2	2	15	
2	59.89	255.34	86.61	229.75	37.00	1	2	
3	86.61	229.75	101.79	215.21	21.01	0	
4	101.79	215.21	131.84	186.44	41.61	1	4	
5	131.84	186.44	178.67	141.60	64.83	0	
6	178.67	141.60	196.00	125.00	24.00	1	14	

15	15	0	0