11	187	2	0.001	100.0
150.000	150.000	0.000	8.000	0.000
194.000	157.000	28.000	9.000	8.000
4.000	244.000	22.000	10.000	4.000
155.000	113.000	24.000	1.000	5.000
259.000	271.000	8.000	5.000	20.000
273.000	259.000	20.000	3.000	1.000
214.000	195.000	27.000	5.000	5.000
182.000	294.000	19.000	1.000	8.000
21.000	101.000	14.000	8.000	16.000
10.000	290.000	34.000	6.000	16.000
286.000	256.000	41.000	4.000	2.000
 


0	0	0	0

0	1	44.553	2
1	150.00	150.00	166.35	152.60	16.55	0	
2	166.35	152.60	194.00	157.00	28.00	1	1	

0	2	173.643	2
1	150.00	150.00	22.50	232.09	151.64	0	
2	22.50	232.09	4.00	244.00	22.00	1	2	

0	3	37.336	2
1	150.00	150.00	151.79	136.78	13.34	0	
2	151.79	136.78	155.00	113.00	24.00	1	3	

0	4	162.856	6
1	150.00	150.00	187.25	191.35	55.65	0	
2	187.25	191.35	214.85	221.99	41.24	1	6	
3	214.85	221.99	245.00	255.46	45.06	0	
4	245.00	255.46	253.65	265.06	12.91	1	10	
5	253.65	265.06	254.11	265.57	0.70	2	4	10	
6	254.11	265.57	259.00	271.00	7.30	3	4	5	10	

0	5	164.347	7
1	150.00	150.00	167.26	165.29	23.06	0	
2	167.26	165.29	188.98	184.55	29.03	1	1	
3	188.98	184.55	189.07	184.63	0.12	0	
4	189.07	184.63	227.30	218.50	51.07	1	6	
5	227.30	218.50	249.21	237.91	29.27	0	
6	249.21	237.91	258.03	245.74	11.79	1	10	
7	258.03	245.74	273.00	259.00	20.00	2	5	10	

0	6	78.237	4
1	150.00	150.00	166.37	161.51	20.01	0	
2	166.37	161.51	191.91	179.47	31.23	1	1	
3	191.91	179.47	199.11	184.53	8.80	2	1	6	
4	199.11	184.53	214.00	195.00	18.20	1	6	

0	7	147.513	2
1	150.00	150.00	177.88	275.45	128.51	0	
2	177.88	275.45	182.00	294.00	19.00	1	7	

0	8	137.993	2
1	150.00	150.00	34.09	105.97	123.99	0	
2	34.09	105.97	21.00	101.00	14.00	1	8	

0	9	197.990	2
1	150.00	150.00	34.04	265.96	163.99	0	
2	34.04	265.96	10.00	290.00	34.00	1	9	

0	10	172.430	7
1	150.00	150.00	166.64	162.97	21.10	0	
2	166.64	162.97	190.55	181.61	30.32	1	1	
3	190.55	181.61	194.89	184.99	5.49	2	1	6	
4	194.89	184.99	232.71	214.47	47.95	1	6	
5	232.71	214.47	253.66	230.80	26.56	0	
6	253.66	230.80	265.87	240.31	15.48	1	10	
7	265.87	240.31	286.00	256.00	25.52	2	5	10	

1	0	44.553	2
1	194.00	157.00	166.35	152.60	28.00	1	1	
2	166.35	152.60	150.00	150.00	16.55	0	

1	1	0	0

1	2	208.971	3
1	194.00	157.00	168.54	168.66	28.00	1	1	
2	168.54	168.66	24.00	234.84	158.97	0	
3	24.00	234.84	4.00	244.00	22.00	1	2	

1	3	58.796	3
1	194.00	157.00	175.43	136.05	28.00	1	1	
2	175.43	136.05	170.92	130.96	6.80	0	
3	170.92	130.96	155.00	113.00	24.00	1	3	

1	4	131.229	7
1	194.00	157.00	201.90	170.86	15.96	1	1	
2	201.90	170.86	207.87	181.32	12.04	2	1	6	
3	207.87	181.32	228.61	217.70	41.88	1	6	
4	228.61	217.70	245.81	247.87	34.73	0	
5	245.81	247.87	253.06	260.59	14.64	1	10	
6	253.06	260.59	255.04	264.05	3.99	2	5	10	
7	255.04	264.05	259.00	271.00	8.00	3	4	5	10	

1	5	129.016	6
1	194.00	157.00	204.01	169.92	16.34	1	1	
2	204.01	169.92	211.15	179.14	11.66	2	1	6	
3	211.15	179.14	235.78	210.95	40.24	1	6	
4	235.78	210.95	252.44	232.45	27.20	0	
5	252.44	232.45	260.75	243.19	13.58	1	10	
6	260.75	243.19	273.00	259.00	20.00	2	5	10	

1	6	42.942	3
1	194.00	157.00	201.42	171.11	15.94	1	1	
2	201.42	171.11	207.04	181.78	12.06	2	1	6	
3	207.04	181.78	214.00	195.00	14.94	1	6	

1	7	137.525	5
1	194.00	157.00	192.05	179.28	22.36	1	1	
2	192.05	179.28	191.56	184.89	5.64	2	1	6	
3	191.56	184.89	189.65	206.66	21.85	1	6	
4	189.65	206.66	183.66	275.07	68.67	0	
5	183.66	275.07	182.00	294.00	19.00	1	7	

1	8	181.838	3
1	194.00	157.00	167.36	148.38	28.00	1	1	
2	167.36	148.38	34.32	105.31	139.84	0	
3	34.32	105.31	21.00	101.00	14.00	1	8	

1	9	227.035	3
1	194.00	157.00	171.31	173.40	28.00	1	1	
2	171.31	173.40	37.56	270.08	165.04	0	
3	37.56	270.08	10.00	290.00	34.00	1	9	

1	10	135.148	6
1	194.00	157.00	205.50	169.37	16.89	1	1	
2	205.50	169.37	213.06	177.51	11.11	2	1	6	
3	213.06	177.51	238.94	205.35	38.01	1	6	
4	238.94	205.35	258.09	225.97	28.14	0	
5	258.09	225.97	270.36	239.17	18.03	1	10	
6	270.36	239.17	286.00	256.00	22.97	2	5	10	

2	0	173.643	2
1	4.00	244.00	22.50	232.09	22.00	1	2	
2	22.50	232.09	150.00	150.00	151.64	0	

2	1	208.971	3
1	4.00	244.00	24.00	234.84	22.00	1	2	
2	24.00	234.84	168.54	168.66	158.97	0	
3	168.54	168.66	194.00	157.00	28.00	1	1	

2	2	0	0

2	3	199.905	3
1	4.00	244.00	20.62	229.58	22.00	1	2	
2	20.62	229.58	136.87	128.73	153.90	0	
3	136.87	128.73	155.00	113.00	24.00	1	3	

2	4	256.425	5
1	4.00	244.00	25.88	246.32	22.00	1	2	
2	25.88	246.32	247.38	269.77	222.74	0	
3	247.38	269.77	251.04	270.16	3.68	1	10	
4	251.04	270.16	256.83	270.77	5.82	2	4	10	
5	256.83	270.77	259.00	271.00	2.18	3	4	5	10	

2	5	269.418	4
1	4.00	244.00	25.97	245.22	22.00	1	2	
2	25.97	245.22	245.03	257.44	219.40	0	
3	245.03	257.44	253.03	257.89	8.02	1	10	
4	253.03	257.89	273.00	259.00	20.00	2	5	10	

2	6	215.641	3
1	4.00	244.00	25.42	239.00	22.00	1	2	
2	25.42	239.00	187.71	201.14	166.64	0	
3	187.71	201.14	214.00	195.00	27.00	1	6	

2	7	184.889	3
1	4.00	244.00	25.18	249.95	22.00	1	2	
2	25.18	249.95	163.71	288.86	143.89	0	
3	163.71	288.86	182.00	294.00	19.00	1	7	

2	8	144.007	3
1	4.00	244.00	6.60	222.15	22.00	1	2	
2	6.60	222.15	19.35	114.90	108.01	0	
3	19.35	114.90	21.00	101.00	14.00	1	8	

2	9	46.390	3
1	4.00	244.00	5.60	256.29	12.39	1	2	
2	5.60	256.29	6.85	265.82	9.61	1	9	
3	6.85	265.82	10.00	290.00	24.39	1	9	

2	10	282.255	4
1	4.00	244.00	25.98	244.94	22.00	1	2	
2	25.98	244.94	245.04	254.26	219.26	0	
3	245.04	254.26	253.49	254.62	8.46	1	10	
4	253.49	254.62	286.00	256.00	32.54	2	5	10	

3	0	37.336	2
1	155.00	113.00	151.79	136.78	24.00	1	3	
2	151.79	136.78	150.00	150.00	13.34	0	

3	1	58.796	3
1	155.00	113.00	170.92	130.96	24.00	1	3	
2	170.92	130.96	175.43	136.05	6.80	0	
3	175.43	136.05	194.00	157.00	28.00	1	1	

3	2	199.905	3
1	155.00	113.00	136.87	128.73	24.00	1	3	
2	136.87	128.73	20.62	229.58	153.90	0	
3	20.62	229.58	4.00	244.00	22.00	1	2	

3	3	0	0

3	4	189.156	9
1	155.00	113.00	168.20	133.05	24.00	1	3	
2	168.20	133.05	172.31	139.30	7.48	0	
3	172.31	139.30	195.83	175.03	42.78	1	1	
4	195.83	175.03	201.68	183.92	10.65	2	1	6	
5	201.68	183.92	225.16	219.59	42.69	1	6	
6	225.16	219.59	245.39	250.33	36.80	0	
7	245.39	250.33	253.27	262.30	14.33	1	10	
8	253.27	262.30	254.60	264.32	2.41	2	5	10	
9	254.60	264.32	259.00	271.00	8.00	3	4	5	10	

3	5	187.723	8
1	155.00	113.00	170.09	131.67	24.00	1	3	
2	170.09	131.67	174.40	137.00	6.86	0	
3	174.40	137.00	201.80	170.91	43.60	1	1	
4	201.80	170.91	209.44	180.36	12.15	2	1	6	
5	209.44	180.36	235.00	211.98	40.65	1	6	
6	235.00	211.98	252.03	233.05	27.09	0	
7	252.03	233.05	260.43	243.45	13.37	1	10	
8	260.43	243.45	273.00	259.00	20.00	2	5	10	

3	6	101.020	5
1	155.00	113.00	169.02	132.48	24.00	1	3	
2	169.02	132.48	173.18	138.27	7.13	0	
3	173.18	138.27	198.23	173.08	42.88	1	1	
4	198.23	173.08	205.14	182.69	11.83	2	1	6	
5	205.14	182.69	214.00	195.00	15.17	1	6	

3	7	183.003	3
1	155.00	113.00	158.54	136.74	24.00	1	3	
2	158.54	136.74	179.20	275.21	140.00	0	
3	179.20	275.21	182.00	294.00	19.00	1	7	

3	8	134.536	3
1	155.00	113.00	131.10	110.86	24.00	1	3	
2	131.10	110.86	34.94	102.25	96.54	0	
3	34.94	102.25	21.00	101.00	14.00	1	8	

3	9	228.810	3
1	155.00	113.00	139.79	131.57	24.00	1	3	
2	139.79	131.57	31.55	263.70	170.81	0	
3	31.55	263.70	10.00	290.00	34.00	1	9	

3	10	193.933	8
1	155.00	113.00	171.21	130.70	24.00	1	3	
2	171.21	130.70	175.81	135.71	6.80	0	
3	175.81	135.71	206.39	169.10	45.27	1	1	
4	206.39	169.10	213.61	176.98	10.70	2	1	6	
5	213.61	176.98	239.14	204.85	37.79	1	6	
6	239.14	204.85	258.30	225.77	28.37	0	
7	258.30	225.77	270.56	239.15	18.15	1	10	
8	270.56	239.15	286.00	256.00	22.85	2	5	10	

4	0	162.856	6
1	259.00	271.00	254.11	265.57	7.30	3	4	5	10	
2	254.11	265.57	253.65	265.06	0.70	2	4	10	
3	253.65	265.06	245.00	255.46	12.91	1	10	
4	245.00	255.46	214.85	221.99	45.06	0	
5	214.85	221.99	187.25	191.35	41.24	1	6	
6	187.25	191.35	150.00	150.00	55.65	0	

4	1	131.229	7
1	259.00	271.00	255.04	264.05	8.00	3	4	5	10	
2	255.04	264.05	253.06	260.59	3.99	2	5	10	
3	253.06	260.59	245.81	247.87	14.64	1	10	
4	245.81	247.87	228.61	217.70	34.73	0	
5	228.61	217.70	207.87	181.32	41.88	1	6	
6	207.87	181.32	201.90	170.86	12.04	2	1	6	
7	201.90	170.86	194.00	157.00	15.96	1	1	

4	2	256.425	5
1	259.00	271.00	256.83	270.77	2.18	3	4	5	10	
2	256.83	270.77	251.04	270.16	5.82	2	4	10	
3	251.04	270.16	247.38	269.77	3.68	1	10	
4	247.38	269.77	25.88	246.32	222.74	0	
5	25.88	246.32	4.00	244.00	22.00	1	2	

4	3	189.156	9
1	259.00	271.00	254.60	264.32	8.00	3	4	5	10	
2	254.60	264.32	253.27	262.30	2.41	2	5	10	
3	253.27	262.30	245.39	250.33	14.33	1	10	
4	245.39	250.33	225.16	219.59	36.80	0	
5	225.16	219.59	201.68	183.92	42.69	1	6	
6	201.68	183.92	195.83	175.03	10.65	2	1	6	
7	195.83	175.03	172.31	139.30	42.78	1	1	
8	172.31	139.30	168.20	133.05	7.48	0	
9	168.20	133.05	155.00	113.00	24.00	1	3	

4	4	0	0

4	5	18.439	2
1	259.00	271.00	265.07	265.79	8.00	3	4	5	10	
2	265.07	265.79	273.00	259.00	10.44	2	5	10	

4	6	88.323	5
1	259.00	271.00	254.92	264.12	8.00	3	4	5	10	
2	254.92	264.12	253.10	261.04	3.57	2	5	10	
3	253.10	261.04	245.69	248.52	14.56	1	10	
4	245.69	248.52	227.76	218.23	35.20	0	
5	227.76	218.23	214.00	195.00	27.00	1	6	

4	7	80.362	5
1	259.00	271.00	257.38	271.49	1.70	3	4	5	10	
2	257.38	271.49	251.33	273.29	6.30	2	4	10	
3	251.33	273.29	249.14	273.95	2.29	1	10	
4	249.14	273.95	200.21	288.56	51.07	0	
5	200.21	288.56	182.00	294.00	19.00	1	7	

4	8	292.479	5
1	259.00	271.00	255.34	268.38	4.50	3	4	5	10	
2	255.34	268.38	252.49	266.35	3.50	2	4	10	
3	252.49	266.35	245.34	261.24	8.79	1	10	
4	245.34	261.24	32.39	109.14	261.69	0	
5	32.39	109.14	21.00	101.00	14.00	1	8	

4	9	249.724	7
1	259.00	271.00	257.11	271.14	1.90	3	4	5	10	
2	257.11	271.14	251.02	271.61	6.10	2	4	10	
3	251.02	271.61	248.18	271.83	2.85	1	10	
4	248.18	271.83	189.01	276.34	59.34	0	
5	189.01	276.34	172.39	277.61	16.67	1	7	
6	172.39	277.61	43.90	287.41	128.86	0	
7	43.90	287.41	10.00	290.00	34.00	1	9	

4	10	30.887	2
1	259.00	271.00	265.99	267.11	8.00	3	4	5	10	
2	265.99	267.11	286.00	256.00	22.89	2	5	10	

5	0	164.347	7
1	273.00	259.00	258.03	245.74	20.00	2	5	10	
2	258.03	245.74	249.21	237.91	11.79	1	10	
3	249.21	237.91	227.30	218.50	29.27	0	
4	227.30	218.50	189.07	184.63	51.07	1	6	
5	189.07	184.63	188.98	184.55	0.12	0	
6	188.98	184.55	167.26	165.29	29.03	1	1	
7	167.26	165.29	150.00	150.00	23.06	0	

5	1	129.016	6
1	273.00	259.00	260.75	243.19	20.00	2	5	10	
2	260.75	243.19	252.44	232.45	13.58	1	10	
3	252.44	232.45	235.78	210.95	27.20	0	
4	235.78	210.95	211.15	179.14	40.24	1	6	
5	211.15	179.14	204.01	169.92	11.66	2	1	6	
6	204.01	169.92	194.00	157.00	16.34	1	1	

5	2	269.418	4
1	273.00	259.00	253.03	257.89	20.00	2	5	10	
2	253.03	257.89	245.03	257.44	8.02	1	10	
3	245.03	257.44	25.97	245.22	219.40	0	
4	25.97	245.22	4.00	244.00	22.00	1	2	

5	3	187.723	8
1	273.00	259.00	260.43	243.45	20.00	2	5	10	
2	260.43	243.45	252.03	233.05	13.37	1	10	
3	252.03	233.05	235.00	211.98	27.09	0	
4	235.00	211.98	209.44	180.36	40.65	1	6	
5	209.44	180.36	201.80	170.91	12.15	2	1	6	
6	201.80	170.91	174.40	137.00	43.60	1	1	
7	174.40	137.00	170.09	131.67	6.86	0	
8	170.09	131.67	155.00	113.00	24.00	1	3	

5	4	18.439	2
1	273.00	259.00	265.07	265.79	10.44	2	5	10	
2	265.07	265.79	259.00	271.00	8.00	3	4	5	10	

5	5	0	0

5	6	87.046	4
1	273.00	259.00	259.44	244.30	20.00	2	5	10	
2	259.44	244.30	250.82	234.94	12.72	1	10	
3	250.82	234.94	232.30	214.85	27.32	0	
4	232.30	214.85	214.00	195.00	27.00	1	6	

5	7	97.499	6
1	273.00	259.00	261.53	263.41	12.29	2	5	10	
2	261.53	263.41	254.33	266.18	7.71	3	4	5	10	
3	254.33	266.18	252.04	267.06	2.46	2	4	10	
4	252.04	267.06	247.10	268.96	5.29	1	10	
5	247.10	268.96	199.73	287.18	50.75	0	
6	199.73	287.18	182.00	294.00	19.00	1	7	

5	8	297.436	6
1	273.00	259.00	256.06	248.38	20.00	2	5	10	
2	256.06	248.38	247.18	242.81	10.48	1	10	
3	247.18	242.81	213.99	222.00	39.18	0	
4	213.99	222.00	189.70	206.77	28.66	1	6	
5	189.70	206.77	32.86	108.44	185.12	0	
6	32.86	108.44	21.00	101.00	14.00	1	8	

5	9	264.821	4
1	273.00	259.00	253.14	261.34	20.00	2	5	10	
2	253.14	261.34	245.48	262.24	7.71	1	10	
3	245.48	262.24	43.77	286.02	203.11	0	
4	43.77	286.02	10.00	290.00	34.00	1	9	

5	10	13.342	1
1	273.00	259.00	286.00	256.00	13.34	2	5	10	

6	0	78.237	4
1	214.00	195.00	199.11	184.53	18.20	1	6	
2	199.11	184.53	191.91	179.47	8.80	2	1	6	
3	191.91	179.47	166.37	161.51	31.23	1	1	
4	166.37	161.51	150.00	150.00	20.01	0	

6	1	42.942	3
1	214.00	195.00	207.04	181.78	14.94	1	6	
2	207.04	181.78	201.42	171.11	12.06	2	1	6	
3	201.42	171.11	194.00	157.00	15.94	1	1	

6	2	215.641	3
1	214.00	195.00	187.71	201.14	27.00	1	6	
2	187.71	201.14	25.42	239.00	166.64	0	
3	25.42	239.00	4.00	244.00	22.00	1	2	

6	3	101.020	5
1	214.00	195.00	205.14	182.69	15.17	1	6	
2	205.14	182.69	198.23	173.08	11.83	2	1	6	
3	198.23	173.08	173.18	138.27	42.88	1	1	
4	173.18	138.27	169.02	132.48	7.13	0	
5	169.02	132.48	155.00	113.00	24.00	1	3	

6	4	88.323	5
1	214.00	195.00	227.76	218.23	27.00	1	6	
2	227.76	218.23	245.69	248.52	35.20	0	
3	245.69	248.52	253.10	261.04	14.56	1	10	
4	253.10	261.04	254.92	264.12	3.57	2	5	10	
5	254.92	264.12	259.00	271.00	8.00	3	4	5	10	

6	5	87.046	4
1	214.00	195.00	232.30	214.85	27.00	1	6	
2	232.30	214.85	250.82	234.94	27.32	0	
3	250.82	234.94	259.44	244.30	12.72	1	10	
4	259.44	244.30	273.00	259.00	20.00	2	5	10	

6	6	0	0

6	7	104.043	3
1	214.00	195.00	205.70	220.69	27.00	1	6	
2	205.70	220.69	187.84	275.92	58.04	0	
3	187.84	275.92	182.00	294.00	19.00	1	7	

6	8	214.674	5
1	214.00	195.00	193.46	184.99	22.85	1	6	
2	193.46	184.99	189.73	183.18	4.15	2	1	6	
3	189.73	183.18	172.29	174.69	19.39	1	1	
4	172.29	174.69	33.59	107.13	154.28	0	
5	33.59	107.13	21.00	101.00	14.00	1	8	

6	9	225.036	3
1	214.00	195.00	189.52	206.40	27.00	1	6	
2	189.52	206.40	40.82	275.65	164.04	0	
3	40.82	275.65	10.00	290.00	34.00	1	9	

6	10	94.366	4
1	214.00	195.00	234.60	212.45	27.00	1	6	
2	234.60	212.45	254.72	229.50	26.37	0	
3	254.72	229.50	267.02	239.92	16.12	1	10	
4	267.02	239.92	286.00	256.00	24.88	2	5	10	

7	0	147.513	2
1	182.00	294.00	177.88	275.45	19.00	1	7	
2	177.88	275.45	150.00	150.00	128.51	0	

7	1	137.525	5
1	182.00	294.00	183.66	275.07	19.00	1	7	
2	183.66	275.07	189.65	206.66	68.67	0	
3	189.65	206.66	191.56	184.89	21.85	1	6	
4	191.56	184.89	192.05	179.28	5.64	2	1	6	
5	192.05	179.28	194.00	157.00	22.36	1	1	

7	2	184.889	3
1	182.00	294.00	163.71	288.86	19.00	1	7	
2	163.71	288.86	25.18	249.95	143.89	0	
3	25.18	249.95	4.00	244.00	22.00	1	2	

7	3	183.003	3
1	182.00	294.00	179.20	275.21	19.00	1	7	
2	179.20	275.21	158.54	136.74	140.00	0	
3	158.54	136.74	155.00	113.00	24.00	1	3	

7	4	80.362	5
1	182.00	294.00	200.21	288.56	19.00	1	7	
2	200.21	288.56	249.14	273.95	51.07	0	
3	249.14	273.95	251.33	273.29	2.29	1	10	
4	251.33	273.29	257.38	271.49	6.30	2	4	10	
5	257.38	271.49	259.00	271.00	1.70	3	4	5	10	

7	5	97.499	6
1	182.00	294.00	199.73	287.18	19.00	1	7	
2	199.73	287.18	247.10	268.96	50.75	0	
3	247.10	268.96	252.04	267.06	5.29	1	10	
4	252.04	267.06	254.33	266.18	2.46	2	4	10	
5	254.33	266.18	261.53	263.41	7.71	3	4	5	10	
6	261.53	263.41	273.00	259.00	12.29	2	5	10	

7	6	104.043	3
1	182.00	294.00	187.84	275.92	19.00	1	7	
2	187.84	275.92	205.70	220.69	58.04	0	
3	205.70	220.69	214.00	195.00	27.00	1	6	

7	7	0	0

7	8	251.336	3
1	182.00	294.00	169.83	279.41	19.00	1	7	
2	169.83	279.41	29.97	111.75	218.34	0	
3	29.97	111.75	21.00	101.00	14.00	1	8	

7	9	172.047	3
1	182.00	294.00	163.01	293.56	19.00	1	7	
2	163.01	293.56	43.99	290.79	119.05	0	
3	43.99	290.79	10.00	290.00	34.00	1	9	

7	10	110.725	6
1	182.00	294.00	199.85	287.48	19.00	1	7	
2	199.85	287.48	247.49	270.07	50.72	0	
3	247.49	270.07	251.35	268.66	4.11	1	10	
4	251.35	268.66	254.84	267.38	3.72	2	4	10	
5	254.84	267.38	263.34	264.28	9.05	3	4	5	10	
6	263.34	264.28	286.00	256.00	24.13	2	5	10	

8	0	137.993	2
1	21.00	101.00	34.09	105.97	14.00	1	8	
2	34.09	105.97	150.00	150.00	123.99	0	

8	1	181.838	3
1	21.00	101.00	34.32	105.31	14.00	1	8	
2	34.32	105.31	167.36	148.38	139.84	0	
3	167.36	148.38	194.00	157.00	28.00	1	1	

8	2	144.007	3
1	21.00	101.00	19.35	114.90	14.00	1	8	
2	19.35	114.90	6.60	222.15	108.01	0	
3	6.60	222.15	4.00	244.00	22.00	1	2	

8	3	134.536	3
1	21.00	101.00	34.94	102.25	14.00	1	8	
2	34.94	102.25	131.10	110.86	96.54	0	
3	131.10	110.86	155.00	113.00	24.00	1	3	

8	4	292.479	5
1	21.00	101.00	32.39	109.14	14.00	1	8	
2	32.39	109.14	245.34	261.24	261.69	0	
3	245.34	261.24	252.49	266.35	8.79	1	10	
4	252.49	266.35	255.34	268.38	3.50	2	4	10	
5	255.34	268.38	259.00	271.00	4.50	3	4	5	10	

8	5	297.436	6
1	21.00	101.00	32.86	108.44	14.00	1	8	
2	32.86	108.44	189.70	206.77	185.12	0	
3	189.70	206.77	213.99	222.00	28.66	1	6	
4	213.99	222.00	247.18	242.81	39.18	0	
5	247.18	242.81	256.06	248.38	10.48	1	10	
6	256.06	248.38	273.00	259.00	20.00	2	5	10	

8	6	214.674	5
1	21.00	101.00	33.59	107.13	14.00	1	8	
2	33.59	107.13	172.29	174.69	154.28	0	
3	172.29	174.69	189.73	183.18	19.39	1	1	
4	189.73	183.18	193.46	184.99	4.15	2	1	6	
5	193.46	184.99	214.00	195.00	22.85	1	6	

8	7	251.336	3
1	21.00	101.00	29.97	111.75	14.00	1	8	
2	29.97	111.75	169.83	279.41	218.34	0	
3	169.83	279.41	182.00	294.00	19.00	1	7	

8	8	0	0

8	9	189.320	5
1	21.00	101.00	20.19	114.98	14.00	1	8	
2	20.19	114.98	13.82	224.31	109.52	0	
3	13.82	224.31	11.98	256.06	31.80	0	
4	11.98	256.06	11.47	264.69	8.65	2	2	9	
5	11.47	264.69	10.00	290.00	25.35	1	9	

8	10	307.002	6
1	21.00	101.00	33.08	108.07	14.00	1	8	
2	33.08	108.07	187.19	198.21	178.53	0	
3	187.19	198.21	224.35	219.94	43.04	1	6	
4	224.35	219.94	250.61	235.30	30.42	0	
5	250.61	235.30	262.27	242.12	13.51	1	10	
6	262.27	242.12	286.00	256.00	27.49	2	5	10	

9	0	197.990	2
1	10.00	290.00	34.04	265.96	34.00	1	9	
2	34.04	265.96	150.00	150.00	163.99	0	

9	1	227.035	3
1	10.00	290.00	37.56	270.08	34.00	1	9	
2	37.56	270.08	171.31	173.40	165.04	0	
3	171.31	173.40	194.00	157.00	28.00	1	1	

9	2	46.390	3
1	10.00	290.00	6.85	265.82	24.39	1	9	
2	6.85	265.82	5.60	256.29	9.61	1	9	
3	5.60	256.29	4.00	244.00	12.39	1	2	

9	3	228.810	3
1	10.00	290.00	31.55	263.70	34.00	1	9	
2	31.55	263.70	139.79	131.57	170.81	0	
3	139.79	131.57	155.00	113.00	24.00	1	3	

9	4	249.724	7
1	10.00	290.00	43.90	287.41	34.00	1	9	
2	43.90	287.41	172.39	277.61	128.86	0	
3	172.39	277.61	189.01	276.34	16.67	1	7	
4	189.01	276.34	248.18	271.83	59.34	0	
5	248.18	271.83	251.02	271.61	2.85	1	10	
6	251.02	271.61	257.11	271.14	6.10	2	4	10	
7	257.11	271.14	259.00	271.00	1.90	3	4	5	10	

9	5	264.821	4
1	10.00	290.00	43.77	286.02	34.00	1	9	
2	43.77	286.02	245.48	262.24	203.11	0	
3	245.48	262.24	253.14	261.34	7.71	1	10	
4	253.14	261.34	273.00	259.00	20.00	2	5	10	

9	6	225.036	3
1	10.00	290.00	40.82	275.65	34.00	1	9	
2	40.82	275.65	189.52	206.40	164.04	0	
3	189.52	206.40	214.00	195.00	27.00	1	6	

9	7	172.047	3
1	10.00	290.00	43.99	290.79	34.00	1	9	
2	43.99	290.79	163.01	293.56	119.05	0	
3	163.01	293.56	182.00	294.00	19.00	1	7	

9	8	189.320	5
1	10.00	290.00	11.47	264.69	25.35	1	9	
2	11.47	264.69	11.98	256.06	8.65	2	2	9	
3	11.98	256.06	13.82	224.31	31.80	0	
4	13.82	224.31	20.19	114.98	109.52	0	
5	20.19	114.98	21.00	101.00	14.00	1	8	

9	9	0	0

9	10	278.086	4
1	10.00	290.00	43.74	285.84	34.00	1	9	
2	43.74	285.84	245.31	261.01	203.09	0	
3	245.31	261.01	253.03	260.06	7.78	1	10	
4	253.03	260.06	286.00	256.00	33.22	2	5	10	

10	0	172.430	7
1	286.00	256.00	265.87	240.31	25.52	2	5	10	
2	265.87	240.31	253.66	230.80	15.48	1	10	
3	253.66	230.80	232.71	214.47	26.56	0	
4	232.71	214.47	194.89	184.99	47.95	1	6	
5	194.89	184.99	190.55	181.61	5.49	2	1	6	
6	190.55	181.61	166.64	162.97	30.32	1	1	
7	166.64	162.97	150.00	150.00	21.10	0	

10	1	135.148	6
1	286.00	256.00	270.36	239.17	22.97	2	5	10	
2	270.36	239.17	258.09	225.97	18.03	1	10	
3	258.09	225.97	238.94	205.35	28.14	0	
4	238.94	205.35	213.06	177.51	38.01	1	6	
5	213.06	177.51	205.50	169.37	11.11	2	1	6	
6	205.50	169.37	194.00	157.00	16.89	1	1	

10	2	282.255	4
1	286.00	256.00	253.49	254.62	32.54	2	5	10	
2	253.49	254.62	245.04	254.26	8.46	1	10	
3	245.04	254.26	25.98	244.94	219.26	0	
4	25.98	244.94	4.00	244.00	22.00	1	2	

10	3	193.933	8
1	286.00	256.00	270.56	239.15	22.85	2	5	10	
2	270.56	239.15	258.30	225.77	18.15	1	10	
3	258.30	225.77	239.14	204.85	28.37	0	
4	239.14	204.85	213.61	176.98	37.79	1	6	
5	213.61	176.98	206.39	169.10	10.70	2	1	6	
6	206.39	169.10	175.81	135.71	45.27	1	1	
7	175.81	135.71	171.21	130.70	6.80	0	
8	171.21	130.70	155.00	113.00	24.00	1	3	

10	4	30.887	2
1	286.00	256.00	265.99	267.11	22.89	2	5	10	
2	265.99	267.11	259.00	271.00	8.00	3	4	5	10	

10	5	13.342	1
1	286.00	256.00	273.00	259.00	13.34	2	5	10	

10	6	94.366	4
1	286.00	256.00	267.02	239.92	24.88	2	5	10	
2	267.02	239.92	254.72	229.50	16.12	1	10	
3	254.72	229.50	234.60	212.45	26.37	0	
4	234.60	212.45	214.00	195.00	27.00	1	6	

10	7	110.725	6
1	286.00	256.00	263.34	264.28	24.13	2	5	10	
2	263.34	264.28	254.84	267.38	9.05	3	4	5	10	
3	254.84	267.38	251.35	268.66	3.72	2	4	10	
4	251.35	268.66	247.49	270.07	4.11	1	10	
5	247.49	270.07	199.85	287.48	50.72	0	
6	199.85	287.48	182.00	294.00	19.00	1	7	

10	8	307.002	6
1	286.00	256.00	262.27	242.12	27.49	2	5	10	
2	262.27	242.12	250.61	235.30	13.51	1	10	
3	250.61	235.30	224.35	219.94	30.42	0	
4	224.35	219.94	187.19	198.21	43.04	1	6	
5	187.19	198.21	33.08	108.07	178.53	0	
6	33.08	108.07	21.00	101.00	14.00	1	8	

10	9	278.086	4
1	286.00	256.00	253.03	260.06	33.22	2	5	10	
2	253.03	260.06	245.31	261.01	7.78	1	10	
3	245.31	261.01	43.74	285.84	203.09	0	
4	43.74	285.84	10.00	290.00	34.00	1	9	

10	10	0	0
