21	899	2	0.001	120.0
0.000	0.000	0.000	8.000	0.000
191.000	11.000	16.000	3.000	12.000
133.000	274.000	11.000	7.000	17.000
72.000	41.000	3.000	3.000	4.000
275.000	75.000	18.000	1.000	2.000
265.000	3.000	8.000	6.000	8.000
237.000	184.000	15.000	7.000	19.000
91.000	242.000	42.000	9.000	16.000
100.000	96.000	10.000	8.000	12.000
160.000	224.000	23.000	1.000	14.000
250.000	234.000	2.000	3.000	15.000
276.000	154.000	18.000	5.000	4.000
281.000	84.000	15.000	1.000	7.000
88.000	73.000	15.000	4.000	6.000
9.000	28.000	37.000	3.000	1.000
22.000	79.000	38.000	8.000	15.000
228.000	146.000	17.000	2.000	9.000
122.000	140.000	34.000	3.000	5.000
127.000	34.000	50.000	4.000	4.000
240.000	16.000	7.000	3.000	3.000
153.000	222.000	19.000	8.000	14.000

0	0	0	0

0	1	191.316	5
1	0.00	0.00	35.36	2.04	35.42	1	14	
2	35.36	2.04	86.29	4.97	51.01	0	
3	86.29	4.97	170.77	9.84	84.62	1	18	
4	170.77	9.84	175.03	10.08	4.26	0	
5	175.03	10.08	191.00	11.00	16.00	1	1	

0	2	304.573	7
1	0.00	0.00	19.93	41.06	45.64	1	14	
2	19.93	41.06	28.77	59.27	20.25	2	14	15	
3	28.77	59.27	50.53	104.10	49.83	1	15	
4	50.53	104.10	97.31	200.48	107.13	0	
5	97.31	200.48	127.53	262.73	69.20	1	7	
6	127.53	262.73	128.20	264.10	1.53	0	
7	128.20	264.10	133.00	274.00	11.00	1	2	

0	3	82.855	3
1	0.00	0.00	45.95	26.17	52.88	1	14	
2	45.95	26.17	69.39	39.52	26.97	0	
3	69.39	39.52	72.00	41.00	3.00	1	3	

0	4	285.044	6
1	0.00	0.00	42.11	11.48	43.65	1	14	
2	42.11	11.48	78.60	21.44	37.83	0	
3	78.60	21.44	175.07	47.75	99.99	1	18	
4	175.07	47.75	257.63	70.26	85.58	0	
5	257.63	70.26	270.12	73.67	12.95	1	4	
6	270.12	73.67	275.00	75.00	5.05	2	4	12	

0	5	265.017	7
1	0.00	0.00	33.62	0.38	33.62	1	14	
2	33.62	0.38	89.43	1.01	55.81	0	
3	89.43	1.01	165.31	1.87	75.89	1	18	
4	165.31	1.87	177.76	2.01	12.45	0	
5	177.76	2.01	204.44	2.31	26.68	1	1	
6	204.44	2.31	257.00	2.91	52.57	0	
7	257.00	2.91	265.00	3.00	8.00	1	5	

0	6	300.042	5
1	0.00	0.00	45.30	35.17	57.35	1	14	
2	45.30	35.17	78.78	61.17	42.39	0	
3	78.78	61.17	101.75	79.00	29.08	1	13	
4	101.75	79.00	225.15	174.80	156.23	0	
5	225.15	174.80	237.00	184.00	15.00	1	6	

0	7	258.544	5
1	0.00	0.00	15.62	41.54	44.38	1	14	
2	15.62	41.54	23.35	62.10	21.97	2	14	15	
3	23.35	62.10	41.88	111.38	52.65	1	15	
4	41.88	111.38	76.22	202.69	97.55	0	
5	76.22	202.69	91.00	242.00	42.00	1	7	

0	8	138.622	5
1	0.00	0.00	43.39	41.65	60.15	1	14	
2	43.39	41.65	73.24	70.31	41.38	0	
3	73.24	70.31	91.29	87.64	25.01	1	13	
4	91.29	87.64	92.79	89.07	2.08	0	
5	92.79	89.07	100.00	96.00	10.00	1	8	

0	9	275.274	8
1	0.00	0.00	29.88	41.83	51.40	1	14	
2	29.88	41.83	37.15	52.01	12.52	2	14	15	
3	37.15	52.01	59.72	83.61	38.83	1	15	
4	59.72	83.61	90.63	126.88	53.18	0	
5	90.63	126.88	124.23	173.93	57.81	1	17	
6	124.23	173.93	145.96	204.35	37.39	0	
7	145.96	204.35	146.63	205.28	1.15	1	20	
8	146.63	205.28	160.00	224.00	23.00	2	9	20	

0	10	342.427	9
1	0.00	0.00	43.68	40.89	59.83	1	14	
2	43.68	40.89	73.58	68.87	40.95	0	
3	73.58	68.87	93.07	87.12	26.70	1	13	
4	93.07	87.12	94.01	87.99	1.28	0	
5	94.01	87.99	108.39	101.45	19.69	1	8	
6	108.39	101.45	114.21	106.90	7.98	0	
7	114.21	106.90	155.54	145.58	56.60	1	17	
8	155.54	145.58	248.54	232.63	127.38	0	
9	248.54	232.63	250.00	234.00	2.00	1	10	

0	11	316.057	9
1	0.00	0.00	45.92	25.62	52.59	1	14	
2	45.92	25.62	69.81	38.95	27.35	0	
3	69.81	38.95	74.89	41.79	5.82	1	3	
4	74.89	41.79	77.90	43.47	3.45	0	
5	77.90	43.47	144.73	80.75	76.52	1	18	
6	144.73	80.75	232.09	129.50	100.04	0	
7	232.09	129.50	239.89	133.85	8.94	1	16	
8	239.89	133.85	260.28	145.23	23.35	0	
9	260.28	145.23	276.00	154.00	18.00	1	11	

0	12	293.287	6
1	0.00	0.00	42.72	12.77	44.59	1	14	
2	42.72	12.77	78.15	23.36	36.97	0	
3	78.15	23.36	173.68	51.92	99.71	1	18	
4	173.68	51.92	257.10	76.85	87.06	0	
5	257.10	76.85	266.63	79.70	9.95	1	4	
6	266.63	79.70	281.00	84.00	15.00	2	4	12	

0	13	114.337	3
1	0.00	0.00	44.84	37.20	58.26	1	14	
2	44.84	37.20	76.46	63.42	41.08	0	
3	76.46	63.42	88.00	73.00	15.00	1	13	

0	14	29.411	1
1	0.00	0.00	9.00	28.00	29.41	1	14	

0	15	82.006	3
1	0.00	0.00	11.81	42.39	44.01	1	14	
2	11.81	42.39	17.81	63.94	22.36	1	14	
3	17.81	63.94	22.00	79.00	15.64	1	15	

0	16	270.740	7
1	0.00	0.00	45.97	29.44	54.59	1	14	
2	45.97	29.44	80.08	51.28	40.50	0	
3	80.08	51.28	91.07	58.32	13.05	1	18	
4	91.07	58.32	100.05	64.07	10.66	2	13	18	
5	100.05	64.07	130.94	83.84	36.68	1	18	
6	130.94	83.84	213.68	136.83	98.26	0	
7	213.68	136.83	228.00	146.00	17.00	1	16	

0	17	185.699	5
1	0.00	0.00	39.41	45.22	59.98	1	14	
2	39.41	45.22	40.83	46.86	2.17	2	14	15	
3	40.83	46.86	57.84	66.38	25.89	1	15	
4	57.84	66.38	99.66	114.37	63.66	0	
5	99.66	114.37	122.00	140.00	34.00	1	17	

0	18	131.472	3
1	0.00	0.00	41.99	11.24	43.47	1	14	
2	41.99	11.24	78.70	21.07	38.01	0	
3	78.70	21.07	127.00	34.00	50.00	1	18	

0	19	240.533	7
1	0.00	0.00	35.69	2.38	35.77	1	14	
2	35.69	2.38	85.77	5.72	50.18	0	
3	85.77	5.72	171.62	11.44	86.04	1	18	
4	171.62	11.44	175.01	11.67	3.40	0	
5	175.01	11.67	206.76	13.78	31.81	1	1	
6	206.76	13.78	233.02	15.53	26.32	0	
7	233.02	15.53	240.00	16.00	7.00	1	19	

0	20	269.616	8
1	0.00	0.00	28.66	41.59	50.51	1	14	
2	28.66	41.59	36.42	52.84	13.67	2	14	15	
3	36.42	52.84	59.33	86.09	40.38	1	15	
4	59.33	86.09	89.53	129.91	53.22	0	
5	89.53	129.91	119.87	173.93	53.47	1	17	
6	119.87	173.93	142.22	206.36	39.38	0	
7	142.22	206.36	143.40	208.08	2.09	1	20	
8	143.40	208.08	153.00	222.00	16.91	2	9	20	

1	0	191.316	5
1	191.00	11.00	175.03	10.08	16.00	1	1	
2	175.03	10.08	170.77	9.84	4.26	0	
3	170.77	9.84	86.29	4.97	84.62	1	18	
4	86.29	4.97	35.36	2.04	51.01	0	
5	35.36	2.04	0.00	0.00	35.42	1	14	

1	1	0	0

1	2	269.320	7
1	191.00	11.00	187.55	26.62	16.00	1	1	
2	187.55	26.62	148.54	203.53	181.16	0	
3	148.54	203.53	148.41	204.13	0.62	1	20	
4	148.41	204.13	141.19	236.88	33.53	2	9	20	
5	141.19	236.88	141.13	237.15	0.27	1	9	
6	141.13	237.15	135.37	263.26	26.74	0	
7	135.37	263.26	133.00	274.00	11.00	1	2	

1	3	122.723	5
1	191.00	11.00	175.49	14.91	16.00	1	1	
2	175.49	14.91	173.42	15.43	2.13	0	
3	173.42	15.43	77.32	39.66	99.11	1	18	
4	77.32	39.66	74.91	40.27	2.49	0	
5	74.91	40.27	72.00	41.00	3.00	1	3	

1	4	105.603	4
1	191.00	11.00	203.73	20.70	16.00	1	1	
2	203.73	20.70	260.68	64.09	71.60	0	
3	260.68	64.09	271.54	72.36	13.65	1	4	
4	271.54	72.36	275.00	75.00	4.35	2	4	12	

1	5	74.431	3
1	191.00	11.00	206.91	9.28	16.00	1	1	
2	206.91	9.28	257.05	3.86	50.43	0	
3	257.05	3.86	265.00	3.00	8.00	1	5	

1	6	179.011	5
1	191.00	11.00	195.11	26.46	16.00	1	1	
2	195.11	26.46	222.61	129.88	107.01	0	
3	222.61	129.88	231.33	162.67	33.93	1	16	
4	231.33	162.67	233.15	169.50	7.07	0	
5	233.15	169.50	237.00	184.00	15.00	1	6	

1	7	251.716	7
1	191.00	11.00	184.64	25.68	16.00	1	1	
2	184.64	25.68	175.04	47.88	24.19	0	
3	175.04	47.88	169.99	59.53	12.69	1	18	
4	169.99	59.53	145.71	115.63	61.13	0	
5	145.71	115.63	120.45	173.96	63.57	1	17	
6	120.45	173.96	107.69	203.46	32.14	0	
7	107.69	203.46	91.00	242.00	42.00	1	7	

1	8	124.523	5
1	191.00	11.00	179.31	21.92	16.00	1	1	
2	179.31	21.92	176.16	24.86	4.31	0	
3	176.16	24.86	114.54	82.42	84.32	1	18	
4	114.54	82.42	107.31	89.17	9.89	0	
5	107.31	89.17	100.00	96.00	10.00	1	8	

1	9	215.244	4
1	191.00	11.00	188.70	26.83	16.00	1	1	
2	188.70	26.83	163.31	201.24	176.24	0	
3	163.31	201.24	162.67	205.65	4.45	1	9	
4	162.67	205.65	160.00	224.00	18.55	2	9	20	

1	10	230.673	7
1	191.00	11.00	195.09	26.47	16.00	1	1	
2	195.09	26.47	222.46	129.93	107.02	0	
3	222.46	129.93	231.14	162.71	33.91	1	16	
4	231.14	162.71	232.95	169.56	7.08	0	
5	232.95	169.56	240.62	198.56	30.00	1	6	
6	240.62	198.56	249.49	232.07	34.66	0	
7	249.49	232.07	250.00	234.00	2.00	1	10	

1	11	166.355	3
1	191.00	11.00	199.18	24.75	16.00	1	1	
2	199.18	24.75	266.80	138.53	132.36	0	
3	266.80	138.53	276.00	154.00	18.00	1	11	

1	12	115.884	4
1	191.00	11.00	203.43	21.08	16.00	1	1	
2	203.43	21.08	259.22	66.34	71.84	0	
3	259.22	66.34	269.35	74.55	13.04	1	4	
4	269.35	74.55	281.00	84.00	15.00	2	4	12	

1	13	120.221	5
1	191.00	11.00	177.29	19.25	16.00	1	1	
2	177.29	19.25	175.15	20.54	2.50	0	
3	175.15	20.54	100.85	65.26	86.73	1	18	
4	100.85	65.26	92.56	70.25	9.67	2	13	18	
5	92.56	70.25	88.00	73.00	5.33	1	13	

1	14	182.792	5
1	191.00	11.00	175.07	12.49	16.00	1	1	
2	175.07	12.49	172.26	12.75	2.82	0	
3	172.26	12.75	78.59	21.50	94.08	1	18	
4	78.59	21.50	45.84	24.56	32.89	0	
5	45.84	24.56	9.00	28.00	37.00	1	14	

1	15	182.168	5
1	191.00	11.00	176.16	16.97	16.00	1	1	
2	176.16	16.97	174.28	17.73	2.02	0	
3	174.28	17.73	81.63	55.01	99.87	1	18	
4	81.63	55.01	57.25	64.82	26.27	0	
5	57.25	64.82	22.00	79.00	38.00	1	15	

1	16	139.979	3
1	191.00	11.00	195.23	26.43	16.00	1	1	
2	195.23	26.43	223.51	129.60	106.98	0	
3	223.51	129.60	228.00	146.00	17.00	1	16	

1	17	146.294	5
1	191.00	11.00	183.45	25.11	16.00	1	1	
2	183.45	25.11	176.88	37.39	13.93	0	
3	176.88	37.39	157.51	73.61	41.08	1	18	
4	157.51	73.61	138.04	110.02	41.29	0	
5	138.04	110.02	122.00	140.00	34.00	1	17	

1	18	68.007	3
1	191.00	11.00	175.94	16.41	16.00	1	1	
2	175.94	16.41	174.05	17.09	2.01	0	
3	174.05	17.09	127.00	34.00	50.00	1	18	

1	19	49.254	3
1	191.00	11.00	206.92	12.62	16.00	1	1	
2	206.92	12.62	233.04	15.29	26.25	0	
3	233.04	15.29	240.00	16.00	7.00	1	19	

1	20	214.394	4
1	191.00	11.00	188.16	26.75	16.00	1	1	
2	188.16	26.75	156.74	201.23	177.29	0	
3	156.74	201.23	156.37	203.30	2.10	1	9	
4	156.37	203.30	153.00	222.00	19.00	2	9	20	

2	0	304.573	7
1	133.00	274.00	128.20	264.10	11.00	1	2	
2	128.20	264.10	127.53	262.73	1.53	0	
3	127.53	262.73	97.31	200.48	69.20	1	7	
4	97.31	200.48	50.53	104.10	107.13	0	
5	50.53	104.10	28.77	59.27	49.83	1	15	
6	28.77	59.27	19.93	41.06	20.25	2	14	15	
7	19.93	41.06	0.00	0.00	45.64	1	14	

2	1	269.320	7
1	133.00	274.00	135.37	263.26	11.00	1	2	
2	135.37	263.26	141.13	237.15	26.74	0	
3	141.13	237.15	141.19	236.88	0.27	1	9	
4	141.19	236.88	148.41	204.13	33.53	2	9	20	
5	148.41	204.13	148.54	203.53	0.62	1	20	
6	148.54	203.53	187.55	26.62	181.16	0	
7	187.55	26.62	191.00	11.00	16.00	1	1	

2	2	0	0

2	3	240.853	9
1	133.00	274.00	130.21	263.36	11.00	1	2	
2	130.21	263.36	129.20	259.47	4.02	0	
3	129.20	259.47	115.74	208.06	53.14	1	7	
4	115.74	208.06	105.74	169.86	39.49	0	
5	105.74	169.86	93.19	121.94	49.53	1	17	
6	93.19	121.94	84.17	87.50	35.60	0	
7	84.17	87.50	77.56	62.23	26.12	1	13	
8	77.56	62.23	72.76	43.90	18.95	0	
9	72.76	43.90	72.00	41.00	3.00	1	3	

2	4	244.469	10
1	133.00	274.00	139.39	265.05	11.00	1	2	
2	139.39	265.05	153.04	245.92	23.50	0	
3	153.04	245.92	156.83	240.61	6.52	1	9	
4	156.83	240.61	171.84	219.56	25.85	2	9	20	
5	171.84	219.56	178.46	210.29	11.40	1	9	
6	178.46	210.29	215.85	157.89	64.37	0	
7	215.85	157.89	235.29	130.64	33.47	1	16	
8	235.29	130.64	264.54	89.65	50.36	0	
9	264.54	89.65	266.33	87.15	3.08	1	4	
10	266.33	87.15	275.00	75.00	14.92	2	4	12	

2	5	301.438	7
1	133.00	274.00	137.82	264.11	11.00	1	2	
2	137.82	264.11	147.84	243.53	22.90	0	
3	147.84	243.53	149.26	240.63	3.22	1	9	
4	149.26	240.63	165.36	207.57	36.77	2	9	20	
5	165.36	207.57	167.88	202.39	5.76	1	9	
6	167.88	202.39	261.50	10.19	213.79	0	
7	261.50	10.19	265.00	3.00	8.00	1	5	

2	6	137.535	5
1	133.00	274.00	141.32	266.80	11.00	1	2	
2	141.32	266.80	164.78	246.50	31.03	0	
3	164.78	246.50	181.58	231.96	22.21	1	9	
4	181.58	231.96	225.66	193.82	58.29	0	
5	225.66	193.82	237.00	184.00	15.00	1	6	

2	7	52.802	3
1	133.00	274.00	124.41	267.45	10.80	1	2	
2	124.41	267.45	124.25	267.33	0.20	2	2	7	
3	124.25	267.33	91.00	242.00	41.80	1	7	

2	8	181.033	7
1	133.00	274.00	130.99	263.18	11.00	1	2	
2	130.99	263.18	129.97	257.66	5.62	0	
3	129.97	257.66	121.77	213.41	45.01	1	7	
4	121.77	213.41	114.30	173.12	40.98	0	
5	114.30	173.12	102.94	111.85	62.31	0	
6	102.94	111.85	101.82	105.83	6.12	0	
7	101.82	105.83	100.00	96.00	10.00	1	8	

2	9	56.824	4
1	133.00	274.00	138.23	264.32	11.00	1	2	
2	138.23	264.32	149.07	244.24	22.82	0	
3	149.07	244.24	150.88	240.88	3.81	1	9	
4	150.88	240.88	160.00	224.00	19.19	2	9	20	

2	10	123.649	3
1	133.00	274.00	143.41	270.44	11.00	1	2	
2	143.41	270.44	248.11	234.65	110.65	0	
3	248.11	234.65	250.00	234.00	2.00	1	10	

2	11	186.679	7
1	133.00	274.00	141.43	266.93	11.00	1	2	
2	141.43	266.93	166.18	246.15	32.32	0	
3	166.18	246.15	180.74	233.94	19.01	1	9	
4	180.74	233.94	226.96	195.15	60.34	0	
5	226.96	195.15	249.72	176.05	29.71	1	6	
6	249.72	176.05	262.21	165.57	16.31	0	
7	262.21	165.57	276.00	154.00	18.00	1	11	

2	12	240.840	10
1	133.00	274.00	139.76	265.32	11.00	1	2	
2	139.76	265.32	154.54	246.34	24.06	0	
3	154.54	246.34	159.64	239.80	8.29	1	9	
4	159.64	239.80	171.89	224.08	19.93	2	9	20	
5	171.89	224.08	180.33	213.24	13.74	1	9	
6	180.33	213.24	220.73	161.37	65.75	0	
7	220.73	161.37	241.12	135.19	33.18	1	16	
8	241.12	135.19	271.78	95.83	49.89	0	
9	271.78	95.83	274.01	92.97	3.63	1	12	
10	274.01	92.97	281.00	84.00	11.37	2	4	12	

2	13	205.976	9
1	133.00	274.00	130.60	263.27	11.00	1	2	
2	130.60	263.27	129.56	258.64	4.74	0	
3	129.56	258.64	118.78	210.50	49.33	1	7	
4	118.78	210.50	110.13	171.86	39.60	0	
5	110.13	171.86	97.68	116.24	57.00	0	
6	97.68	116.24	95.10	104.72	11.81	0	
7	95.10	104.72	91.85	90.20	14.87	1	8	
8	91.85	90.20	91.28	87.64	2.63	0	
9	91.28	87.64	88.00	73.00	15.00	1	13	

2	14	275.485	7
1	133.00	274.00	128.05	264.18	11.00	1	2	
2	128.05	264.18	127.42	262.92	1.40	0	
3	127.42	262.92	95.84	200.28	70.15	1	7	
4	95.84	200.28	48.46	106.28	105.27	0	
5	48.46	106.28	25.65	61.04	50.66	1	15	
6	25.65	61.04	15.81	41.51	21.87	2	14	15	
7	15.81	41.51	9.00	28.00	15.13	1	14	

2	15	224.379	5
1	133.00	274.00	127.56	264.44	11.00	1	2	
2	127.56	264.44	127.05	263.55	1.03	0	
3	127.05	263.55	90.88	200.00	73.12	1	7	
4	90.88	200.00	40.80	112.02	101.23	0	
5	40.80	112.02	22.00	79.00	38.00	1	15	

2	16	159.402	7
1	133.00	274.00	139.56	265.17	11.00	1	2	
2	139.56	265.17	153.69	246.12	23.72	0	
3	153.69	246.12	157.99	240.33	7.20	1	9	
4	157.99	240.33	171.99	221.46	23.50	2	9	20	
5	171.99	221.46	179.34	211.56	12.34	1	9	
6	179.34	211.56	217.87	159.65	64.64	0	
7	217.87	159.65	228.00	146.00	17.00	1	16	

2	17	134.451	5
1	133.00	274.00	132.10	263.04	11.00	0	
2	132.10	263.04	131.33	253.71	9.36	0	
3	131.33	253.71	128.88	223.87	29.94	0	
4	128.88	223.87	124.78	173.89	50.15	0	
5	124.78	173.89	122.00	140.00	34.00	0	

2	18	240.075	7
1	133.00	274.00	132.73	263.00	11.00	1	2	
2	132.73	263.00	132.38	249.19	13.82	0	
3	132.38	249.19	131.97	232.75	16.45	0	
4	131.97	232.75	130.47	172.93	59.84	0	
5	130.47	172.93	128.82	106.69	66.26	0	
6	128.82	106.69	128.25	83.98	22.72	0	
7	128.25	83.98	127.00	34.00	50.00	1	18	

2	19	279.308	7
1	133.00	274.00	137.21	263.84	11.00	1	2	
2	137.21	263.84	146.13	242.35	23.27	0	
3	146.13	242.35	147.08	240.05	2.48	1	9	
4	147.08	240.05	161.59	205.05	37.89	2	9	20	
5	161.59	205.05	163.18	201.22	4.15	1	9	
6	163.18	201.22	237.32	22.47	193.52	0	
7	237.32	22.47	240.00	16.00	7.00	1	19	

2	20	55.714	4
1	133.00	274.00	136.95	263.73	11.00	1	2	
2	136.95	263.73	145.40	241.77	23.53	0	
3	145.40	241.77	146.18	239.73	2.18	1	9	
4	146.18	239.73	153.00	222.00	19.00	2	9	20	

3	0	82.855	3
1	72.00	41.00	69.39	39.52	3.00	1	3	
2	69.39	39.52	45.95	26.17	26.97	0	
3	45.95	26.17	0.00	0.00	52.88	1	14	

3	1	122.723	5
1	72.00	41.00	74.91	40.27	3.00	1	3	
2	74.91	40.27	77.32	39.66	2.49	0	
3	77.32	39.66	173.42	15.43	99.11	1	18	
4	173.42	15.43	175.49	14.91	2.13	0	
5	175.49	14.91	191.00	11.00	16.00	1	1	

3	2	240.853	9
1	72.00	41.00	72.76	43.90	3.00	1	3	
2	72.76	43.90	77.56	62.23	18.95	0	
3	77.56	62.23	84.17	87.50	26.12	1	13	
4	84.17	87.50	93.19	121.94	35.60	0	
5	93.19	121.94	105.74	169.86	49.53	1	17	
6	105.74	169.86	115.74	208.06	39.49	0	
7	115.74	208.06	129.20	259.47	53.14	1	7	
8	129.20	259.47	130.21	263.36	4.02	0	
9	130.21	263.36	133.00	274.00	11.00	1	2	

3	3	0	0

3	4	205.828	6
1	72.00	41.00	74.96	41.50	3.00	1	3	
2	74.96	41.50	77.64	41.94	2.71	0	
3	77.64	41.94	171.08	57.60	94.75	1	18	
4	171.08	57.60	257.25	72.03	87.36	0	
5	257.25	72.03	269.72	74.12	12.64	1	4	
6	269.72	74.12	275.00	75.00	5.36	2	4	12	

3	5	196.705	7
1	72.00	41.00	74.94	40.42	3.00	1	3	
2	74.94	40.42	77.35	39.95	2.46	0	
3	77.35	39.95	175.19	20.68	99.72	1	18	
4	175.19	20.68	177.88	20.15	2.73	0	
5	177.88	20.15	206.61	14.50	29.29	1	1	
6	206.61	14.50	257.15	4.55	51.51	0	
7	257.15	4.55	265.00	3.00	8.00	1	5	

3	6	218.344	7
1	72.00	41.00	74.27	42.96	3.00	1	3	
2	74.27	42.96	78.66	46.77	5.81	0	
3	78.66	46.77	92.36	58.65	18.14	1	18	
4	92.36	58.65	101.59	66.64	12.20	2	13	18	
5	101.59	66.64	121.23	83.67	26.00	1	18	
6	121.23	83.67	225.66	174.18	138.20	0	
7	225.66	174.18	237.00	184.00	15.00	1	6	

3	7	201.896	5
1	72.00	41.00	72.28	43.99	3.00	1	3	
2	72.28	43.99	74.42	66.62	22.74	0	
3	74.42	66.62	75.86	81.81	15.25	1	13	
4	75.86	81.81	87.05	200.19	118.91	0	
5	87.05	200.19	91.00	242.00	42.00	1	7	

3	8	61.717	5
1	72.00	41.00	73.36	43.67	3.00	1	3	
2	73.36	43.67	81.43	59.52	17.78	0	
3	81.43	59.52	95.04	86.25	30.00	1	13	
4	95.04	86.25	95.46	87.09	0.94	0	
5	95.46	87.09	100.00	96.00	10.00	1	8	

3	9	203.059	10
1	72.00	41.00	73.30	43.70	3.00	1	3	
2	73.30	43.70	81.01	59.73	17.78	0	
3	81.01	59.73	94.00	86.75	29.98	1	13	
4	94.00	86.75	94.45	87.68	1.04	0	
5	94.45	87.68	103.03	105.53	19.80	1	8	
6	103.03	105.53	105.35	110.36	5.35	0	
7	105.35	110.36	134.76	171.51	67.86	1	17	
8	134.76	171.51	150.02	203.24	35.20	0	
9	150.02	203.24	150.03	203.27	0.04	1	20	
10	150.03	203.27	160.00	224.00	23.00	2	9	20	

3	10	262.551	9
1	72.00	41.00	74.03	43.21	3.00	1	3	
2	74.03	43.21	79.26	48.88	7.72	0	
3	79.26	48.88	87.68	58.00	12.42	1	18	
4	87.68	58.00	102.92	74.53	22.48	2	13	18	
5	102.92	74.53	108.32	80.38	7.96	1	18	
6	108.32	80.38	133.95	108.17	37.80	0	
7	133.95	108.17	154.69	130.66	30.60	1	17	
8	154.69	130.66	248.64	232.53	138.58	0	
9	248.64	232.53	250.00	234.00	2.00	1	10	

3	11	233.206	7
1	72.00	41.00	74.62	42.45	3.00	1	3	
2	74.62	42.45	78.09	44.37	3.96	0	
3	78.09	44.37	144.15	80.97	75.52	1	18	
4	144.15	80.97	231.54	129.37	99.90	0	
5	231.54	129.37	240.22	134.18	9.92	1	16	
6	240.22	134.18	260.25	145.28	22.91	0	
7	260.25	145.28	276.00	154.00	18.00	1	11	

3	12	213.378	6
1	72.00	41.00	74.94	41.60	3.00	1	3	
2	74.94	41.60	77.67	42.17	2.79	0	
3	77.67	42.17	169.10	60.98	93.34	1	18	
4	169.10	60.98	257.49	79.16	90.24	0	
5	257.49	79.16	266.31	80.98	9.00	1	4	
6	266.31	80.98	281.00	84.00	15.00	2	4	12	

3	13	35.777	3
1	72.00	41.00	73.34	43.68	3.00	1	3	
2	73.34	43.68	81.29	59.58	17.78	0	
3	81.29	59.58	88.00	73.00	15.00	1	13	

3	14	64.327	3
1	72.00	41.00	69.06	40.39	3.00	1	3	
2	69.06	40.39	45.24	35.48	24.33	0	
3	45.24	35.48	9.00	28.00	37.00	1	14	

3	15	62.801	3
1	72.00	41.00	69.61	42.82	3.00	1	3	
2	69.61	42.82	52.25	56.01	21.80	0	
3	52.25	56.01	22.00	79.00	38.00	1	15	

3	16	188.045	5
1	72.00	41.00	74.49	42.68	3.00	1	3	
2	74.49	42.68	78.28	45.22	4.57	0	
3	78.28	45.22	134.94	83.37	68.31	1	18	
4	134.94	83.37	213.90	136.51	95.17	0	
5	213.90	136.51	228.00	146.00	17.00	1	16	

3	17	110.910	7
1	72.00	41.00	73.35	43.68	3.00	1	3	
2	73.35	43.68	81.37	59.55	17.78	0	
3	81.37	59.55	94.89	86.32	30.00	1	13	
4	94.89	86.32	95.32	87.17	0.94	0	
5	95.32	87.17	104.33	105.01	20.00	1	8	
6	104.33	105.01	106.67	109.65	5.20	0	
7	106.67	109.65	122.00	140.00	34.00	1	17	

3	18	55.444	3
1	72.00	41.00	74.98	40.62	3.00	1	3	
2	74.98	40.62	77.40	40.31	2.44	0	
3	77.40	40.31	127.00	34.00	50.00	1	18	

3	19	169.850	7
1	72.00	41.00	74.97	40.56	3.00	1	3	
2	74.97	40.56	77.39	40.20	2.45	0	
3	77.39	40.20	176.27	25.48	99.97	1	18	
4	176.27	25.48	182.50	24.56	6.30	0	
5	182.50	24.56	203.08	21.49	20.80	1	1	
6	203.08	21.49	233.08	17.03	30.33	0	
7	233.08	17.03	240.00	16.00	7.00	1	19	

3	20	198.298	10
1	72.00	41.00	73.23	43.74	3.00	1	3	
2	73.23	43.74	80.51	60.01	17.82	0	
3	80.51	60.01	92.70	87.25	29.84	1	13	
4	92.70	87.25	93.29	88.58	1.46	0	
5	93.29	88.58	101.06	105.94	19.02	1	8	
6	101.06	105.94	103.53	111.45	6.04	0	
7	103.53	111.45	130.98	172.79	67.20	1	17	
8	130.98	172.79	145.24	204.66	34.91	0	
9	145.24	204.66	145.80	205.91	1.37	1	20	
10	145.80	205.91	153.00	222.00	17.63	2	9	20	

4	0	285.044	6
1	275.00	75.00	270.12	73.67	5.05	2	4	12	
2	270.12	73.67	257.63	70.26	12.95	1	4	
3	257.63	70.26	175.07	47.75	85.58	0	
4	175.07	47.75	78.60	21.44	99.99	1	18	
5	78.60	21.44	42.11	11.48	37.83	0	
6	42.11	11.48	0.00	0.00	43.65	1	14	

4	1	105.603	4
1	275.00	75.00	271.54	72.36	4.35	2	4	12	
2	271.54	72.36	260.68	64.09	13.65	1	4	
3	260.68	64.09	203.73	20.70	71.60	0	
4	203.73	20.70	191.00	11.00	16.00	1	1	

4	2	244.469	10
1	275.00	75.00	266.33	87.15	14.92	2	4	12	
2	266.33	87.15	264.54	89.65	3.08	1	4	
3	264.54	89.65	235.29	130.64	50.36	0	
4	235.29	130.64	215.85	157.89	33.47	1	16	
5	215.85	157.89	178.46	210.29	64.37	0	
6	178.46	210.29	171.84	219.56	11.40	1	9	
7	171.84	219.56	156.83	240.61	25.85	2	9	20	
8	156.83	240.61	153.04	245.92	6.52	1	9	
9	153.04	245.92	139.39	265.05	23.50	0	
10	139.39	265.05	133.00	274.00	11.00	1	2	

4	3	205.828	6
1	275.00	75.00	269.72	74.12	5.36	2	4	12	
2	269.72	74.12	257.25	72.03	12.64	1	4	
3	257.25	72.03	171.08	57.60	87.36	0	
4	171.08	57.60	77.64	41.94	94.75	1	18	
5	77.64	41.94	74.96	41.50	2.71	0	
6	74.96	41.50	72.00	41.00	3.00	1	3	

4	4	0	0

4	5	72.691	4
1	275.00	75.00	274.38	70.54	4.50	2	4	12	
2	274.38	70.54	272.52	57.17	13.50	1	4	
3	272.52	57.17	266.10	10.92	46.69	0	
4	266.10	10.92	265.00	3.00	8.00	1	5	

4	6	115.434	4
1	275.00	75.00	269.07	92.00	18.00	2	4	12	
2	269.07	92.00	268.81	92.75	0.79	1	12	
3	268.81	92.75	241.94	169.84	81.64	0	
4	241.94	169.84	237.00	184.00	15.00	1	6	

4	7	248.485	4
1	275.00	75.00	266.02	83.15	12.12	2	4	12	
2	266.02	83.15	261.67	87.10	5.88	1	4	
3	261.67	87.10	122.10	213.77	188.49	0	
4	122.10	213.77	91.00	242.00	42.00	1	7	

4	8	176.255	4
1	275.00	75.00	268.45	75.79	6.60	2	4	12	
2	268.45	75.79	257.13	77.14	11.40	1	4	
3	257.13	77.14	109.93	94.81	148.26	0	
4	109.93	94.81	100.00	96.00	10.00	1	8	

4	9	188.218	7
1	275.00	75.00	266.19	86.41	14.41	2	4	12	
2	266.19	86.41	264.00	89.25	3.59	1	4	
3	264.00	89.25	232.79	129.69	51.08	0	
4	232.79	129.69	213.43	154.77	31.68	1	16	
5	213.43	154.77	174.05	205.79	64.46	0	
6	174.05	205.79	169.20	212.08	7.94	1	9	
7	169.20	212.08	160.00	224.00	15.06	2	9	20	

4	10	160.953	6
1	275.00	75.00	272.20	92.78	18.00	2	4	12	
2	272.20	92.78	271.73	95.79	3.05	1	12	
3	271.73	95.79	264.79	139.91	44.66	0	
4	264.79	139.91	261.01	163.97	24.35	1	11	
5	261.01	163.97	250.31	232.02	68.89	0	
6	250.31	232.02	250.00	234.00	2.00	1	10	

4	11	79.006	4
1	275.00	75.00	275.23	93.00	18.00	2	4	12	
2	275.23	93.00	275.29	97.87	4.87	1	12	
3	275.29	97.87	275.77	136.00	38.14	0	
4	275.77	136.00	276.00	154.00	18.00	1	11	

4	12	10.817	1
1	275.00	75.00	281.00	84.00	10.82	2	4	12	

4	13	187.011	6
1	275.00	75.00	269.05	74.94	5.95	2	4	12	
2	269.05	74.94	257.00	74.81	12.05	1	4	
3	257.00	74.81	157.34	73.74	99.67	0	
4	157.34	73.74	103.00	73.16	54.35	1	18	
5	103.00	73.16	95.82	73.08	7.18	2	13	18	
6	95.82	73.08	88.00	73.00	7.82	1	13	

4	14	270.120	8
1	275.00	75.00	269.75	74.07	5.33	2	4	12	
2	269.75	74.07	257.27	71.87	12.67	1	4	
3	257.27	71.87	171.54	56.72	87.06	0	
4	171.54	56.72	77.37	40.08	95.63	1	18	
5	77.37	40.08	74.65	39.60	2.76	0	
6	74.65	39.60	69.99	38.78	4.74	1	3	
7	69.99	38.78	45.44	34.44	24.93	0	
8	45.44	34.44	9.00	28.00	37.00	1	14	

4	15	253.032	8
1	275.00	75.00	268.93	75.10	6.07	2	4	12	
2	268.93	75.10	257.00	75.28	11.93	1	4	
3	257.00	75.28	152.62	76.93	104.39	0	
4	152.62	76.93	102.75	77.72	49.88	1	18	
5	102.75	77.72	102.23	77.73	0.51	0	
6	102.23	77.73	73.92	78.18	28.32	1	13	
7	73.92	78.18	60.00	78.40	13.93	0	
8	60.00	78.40	22.00	79.00	38.00	1	15	

4	16	85.147	4
1	275.00	75.00	266.50	87.84	15.40	2	4	12	
2	266.50	87.84	265.06	90.01	2.60	1	4	
3	265.06	90.01	237.38	131.82	50.15	0	
4	237.38	131.82	228.00	146.00	17.00	1	16	

4	17	166.235	4
1	275.00	75.00	267.10	78.36	8.58	2	4	12	
2	267.10	78.36	258.43	82.04	9.42	1	4	
3	258.43	82.04	153.29	126.71	114.23	0	
4	153.29	126.71	122.00	140.00	34.00	1	17	

4	18	153.574	4
1	275.00	75.00	270.14	73.65	5.04	2	4	12	
2	270.14	73.65	257.65	70.19	12.96	1	4	
3	257.65	70.19	175.19	47.35	85.57	0	
4	175.19	47.35	127.00	34.00	50.00	1	18	

4	19	68.600	4
1	275.00	75.00	272.86	71.40	4.19	2	4	12	
2	272.86	71.40	265.82	59.52	13.81	1	4	
3	265.82	59.52	243.57	22.02	43.60	0	
4	243.57	22.02	240.00	16.00	7.00	1	19	

4	20	191.031	7
1	275.00	75.00	266.10	85.72	13.94	2	4	12	
2	266.10	85.72	263.50	88.85	4.06	1	4	
3	263.50	88.85	230.08	129.13	52.34	0	
4	230.08	129.13	211.80	151.15	28.62	1	16	
5	211.80	151.15	168.93	202.80	67.13	0	
6	168.93	202.80	165.13	207.38	5.94	1	9	
7	165.13	207.38	153.00	222.00	19.00	2	9	20	

5	0	265.017	7
1	265.00	3.00	257.00	2.91	8.00	1	5	
2	257.00	2.91	204.44	2.31	52.57	0	
3	204.44	2.31	177.76	2.01	26.68	1	1	
4	177.76	2.01	165.31	1.87	12.45	0	
5	165.31	1.87	89.43	1.01	75.89	1	18	
6	89.43	1.01	33.62	0.38	55.81	0	
7	33.62	0.38	0.00	0.00	33.62	1	14	

5	1	74.431	3
1	265.00	3.00	257.05	3.86	8.00	1	5	
2	257.05	3.86	206.91	9.28	50.43	0	
3	206.91	9.28	191.00	11.00	16.00	1	1	

5	2	301.438	7
1	265.00	3.00	261.50	10.19	8.00	1	5	
2	261.50	10.19	167.88	202.39	213.79	0	
3	167.88	202.39	165.36	207.57	5.76	1	9	
4	165.36	207.57	149.26	240.63	36.77	2	9	20	
5	149.26	240.63	147.84	243.53	3.22	1	9	
6	147.84	243.53	137.82	264.11	22.90	0	
7	137.82	264.11	133.00	274.00	11.00	1	2	

5	3	196.705	7
1	265.00	3.00	257.15	4.55	8.00	1	5	
2	257.15	4.55	206.61	14.50	51.51	0	
3	206.61	14.50	177.88	20.15	29.29	1	1	
4	177.88	20.15	175.19	20.68	2.73	0	
5	175.19	20.68	77.35	39.95	99.72	1	18	
6	77.35	39.95	74.94	40.42	2.46	0	
7	74.94	40.42	72.00	41.00	3.00	1	3	

5	4	72.691	4
1	265.00	3.00	266.10	10.92	8.00	1	5	
2	266.10	10.92	272.52	57.17	46.69	0	
3	272.52	57.17	274.38	70.54	13.50	1	4	
4	274.38	70.54	275.00	75.00	4.50	2	4	12	

5	5	0	0

5	6	183.153	5
1	265.00	3.00	263.78	10.91	8.00	1	5	
2	263.78	10.91	243.84	139.82	130.44	0	
3	243.84	139.82	241.23	156.68	17.07	1	16	
4	241.23	156.68	239.29	169.18	12.64	0	
5	239.29	169.18	237.00	184.00	15.00	1	6	

5	7	295.630	3
1	265.00	3.00	260.29	9.47	8.00	1	5	
2	260.29	9.47	115.72	208.05	245.63	0	
3	115.72	208.05	91.00	242.00	42.00	1	7	

5	8	189.404	7
1	265.00	3.00	258.03	6.93	8.00	1	5	
2	258.03	6.93	246.51	13.42	13.23	0	
3	246.51	13.42	234.43	20.23	13.87	1	19	
4	234.43	20.23	172.25	55.28	71.38	0	
5	172.25	55.28	121.78	83.73	57.93	1	18	
6	121.78	83.73	108.71	91.09	15.00	0	
7	108.71	91.09	100.00	96.00	10.00	1	8	

5	9	244.675	4
1	265.00	3.00	261.57	10.23	8.00	1	5	
2	261.57	10.23	169.87	203.23	213.68	0	
3	169.87	203.23	167.03	209.19	6.61	1	9	
4	167.03	209.19	160.00	224.00	16.39	2	9	20	

5	10	231.487	5
1	265.00	3.00	264.48	10.98	8.00	1	5	
2	264.48	10.98	261.06	63.61	52.73	0	
3	261.06	63.61	259.71	84.50	20.93	1	4	
4	259.71	84.50	250.13	232.00	147.82	0	
5	250.13	232.00	250.00	234.00	2.00	1	10	

5	11	151.400	7
1	265.00	3.00	265.58	10.98	8.00	1	5	
2	265.58	10.98	269.01	58.03	47.17	0	
3	269.01	58.03	270.15	73.65	15.66	0	
4	270.15	73.65	271.53	92.66	19.07	2	4	12	
5	271.53	92.66	271.76	95.82	3.16	1	12	
6	271.76	95.82	274.69	136.05	40.34	0	
7	274.69	136.05	276.00	154.00	18.00	1	11	

5	12	82.565	4
1	265.00	3.00	266.55	10.85	8.00	1	5	
2	266.55	10.85	275.67	57.01	47.06	0	
3	275.67	57.01	278.09	69.28	12.51	1	4	
4	278.09	69.28	281.00	84.00	15.00	2	4	12	

5	13	190.339	7
1	265.00	3.00	257.56	5.94	8.00	1	5	
2	257.56	5.94	244.86	10.96	13.66	0	
3	244.86	10.96	233.01	15.65	12.75	1	19	
4	233.01	15.65	176.85	37.86	60.39	0	
5	176.85	37.86	101.95	67.48	80.55	1	18	
6	101.95	67.48	93.28	70.91	9.33	2	13	18	
7	93.28	70.91	88.00	73.00	5.67	1	13	

5	14	257.218	7
1	265.00	3.00	257.04	3.78	8.00	1	5	
2	257.04	3.78	206.83	8.68	50.45	0	
3	206.83	8.68	175.02	11.79	31.96	1	1	
4	175.02	11.79	171.94	12.09	3.09	0	
5	171.94	12.09	78.67	21.20	93.72	1	18	
6	78.67	21.20	45.82	24.40	33.00	0	
7	45.82	24.40	9.00	28.00	37.00	1	14	

5	15	254.608	11
1	265.00	3.00	257.36	5.39	8.00	1	5	
2	257.36	5.39	243.25	9.80	14.79	0	
3	243.25	9.80	233.80	12.76	9.91	1	19	
4	233.80	12.76	201.86	22.75	33.46	0	
5	201.86	22.75	188.76	26.84	13.72	1	1	
6	188.76	26.84	176.88	30.56	12.45	0	
7	176.88	30.56	89.03	58.04	92.05	1	18	
8	89.03	58.04	84.05	59.59	5.22	2	13	18	
9	84.05	59.59	78.63	61.29	5.68	1	13	
10	78.63	61.29	58.27	67.66	21.33	0	
11	58.27	67.66	22.00	79.00	38.00	1	15	

5	16	147.709	3
1	265.00	3.00	263.00	10.74	8.00	1	5	
2	263.00	10.74	232.26	129.54	122.71	0	
3	232.26	129.54	228.00	146.00	17.00	1	16	

5	17	198.035	3
1	265.00	3.00	259.22	8.53	8.00	1	5	
2	259.22	8.53	146.55	116.48	156.04	0	
3	146.55	116.48	122.00	140.00	34.00	1	17	

5	18	141.439	5
1	265.00	3.00	257.19	4.75	8.00	1	5	
2	257.19	4.75	206.12	16.23	52.34	0	
3	206.12	16.23	179.57	22.19	27.22	1	1	
4	179.57	22.19	175.78	23.04	3.88	0	
5	175.78	23.04	127.00	34.00	50.00	1	18	

5	19	28.178	3
1	265.00	3.00	257.90	6.69	8.00	1	5	
2	257.90	6.69	246.21	12.77	13.18	0	
3	246.21	12.77	240.00	16.00	7.00	1	19	

5	20	245.978	4
1	265.00	3.00	261.36	10.12	8.00	1	5	
2	261.36	10.12	163.60	201.28	214.71	0	
3	163.60	201.28	161.65	205.08	4.27	1	9	
4	161.65	205.08	153.00	222.00	19.00	2	9	20	

6	0	300.042	5
1	237.00	184.00	225.15	174.80	15.00	1	6	
2	225.15	174.80	101.75	79.00	156.23	0	
3	101.75	79.00	78.78	61.17	29.08	1	13	
4	78.78	61.17	45.30	35.17	42.39	0	
5	45.30	35.17	0.00	0.00	57.35	1	14	

6	1	179.011	5
1	237.00	184.00	233.15	169.50	15.00	1	6	
2	233.15	169.50	231.33	162.67	7.07	0	
3	231.33	162.67	222.61	129.88	33.93	1	16	
4	222.61	129.88	195.11	26.46	107.01	0	
5	195.11	26.46	191.00	11.00	16.00	1	1	

6	2	137.535	5
1	237.00	184.00	225.66	193.82	15.00	1	6	
2	225.66	193.82	181.58	231.96	58.29	0	
3	181.58	231.96	164.78	246.50	22.21	1	9	
4	164.78	246.50	141.32	266.80	31.03	0	
5	141.32	266.80	133.00	274.00	11.00	1	2	

6	3	218.344	7
1	237.00	184.00	225.66	174.18	15.00	1	6	
2	225.66	174.18	121.23	83.67	138.20	0	
3	121.23	83.67	101.59	66.64	26.00	1	18	
4	101.59	66.64	92.36	58.65	12.20	2	13	18	
5	92.36	58.65	78.66	46.77	18.14	1	18	
6	78.66	46.77	74.27	42.96	5.81	0	
7	74.27	42.96	72.00	41.00	3.00	1	3	

6	4	115.434	4
1	237.00	184.00	241.94	169.84	15.00	1	6	
2	241.94	169.84	268.81	92.75	81.64	0	
3	268.81	92.75	269.07	92.00	0.79	1	12	
4	269.07	92.00	275.00	75.00	18.00	2	4	12	

6	5	183.153	5
1	237.00	184.00	239.29	169.18	15.00	1	6	
2	239.29	169.18	241.23	156.68	12.64	0	
3	241.23	156.68	243.84	139.82	17.07	1	16	
4	243.84	139.82	263.78	10.91	130.44	0	
5	263.78	10.91	265.00	3.00	8.00	1	5	

6	6	0	0

6	7	157.099	7
1	237.00	184.00	223.06	189.54	15.00	1	6	
2	223.06	189.54	176.54	208.02	50.06	0	
3	176.54	208.02	168.61	211.17	8.53	1	9	
4	168.61	211.17	137.00	223.73	34.01	2	9	20	
5	137.00	223.73	134.21	224.83	3.00	1	20	
6	134.21	224.83	130.03	226.49	4.50	0	
7	130.03	226.49	91.00	242.00	42.00	1	7	

6	8	162.828	5
1	237.00	184.00	224.38	175.89	15.00	1	6	
2	224.38	175.89	154.85	131.23	82.64	0	
3	154.85	131.23	116.31	106.48	45.80	1	17	
4	116.31	106.48	108.41	101.40	9.39	0	
5	108.41	101.40	100.00	96.00	10.00	1	8	

6	9	86.770	4
1	237.00	184.00	223.69	190.91	15.00	1	6	
2	223.69	190.91	180.41	213.40	48.77	0	
3	180.41	213.40	171.57	217.99	9.96	1	9	
4	171.57	217.99	160.00	224.00	13.04	2	9	20	

6	10	51.662	3
1	237.00	184.00	240.77	198.52	15.00	1	6	
2	240.77	198.52	249.50	232.06	34.66	0	
3	249.50	232.06	250.00	234.00	2.00	1	10	

6	11	49.204	3
1	237.00	184.00	248.89	174.85	15.00	1	6	
2	248.89	174.85	261.73	164.97	16.20	0	
3	261.73	164.97	276.00	154.00	18.00	1	11	

6	12	109.252	4
1	237.00	184.00	243.04	170.27	15.00	1	6	
2	243.04	170.27	274.96	97.73	79.25	0	
3	274.96	97.73	277.09	92.88	5.30	1	12	
4	277.09	92.88	281.00	84.00	9.70	2	4	12	

6	13	185.801	5
1	237.00	184.00	224.97	175.04	15.00	1	6	
2	224.97	175.04	146.99	116.95	97.24	0	
3	146.99	116.95	136.94	109.46	12.53	1	17	
4	136.94	109.46	100.03	81.96	46.03	0	
5	100.03	81.96	88.00	73.00	15.00	1	13	

6	14	276.261	11
1	237.00	184.00	224.62	175.53	15.00	1	6	
2	224.62	175.53	153.31	126.74	86.41	0	
3	153.31	126.74	123.02	106.02	36.69	1	17	
4	123.02	106.02	109.94	97.07	15.85	0	
5	109.94	97.07	95.40	87.12	17.62	1	8	
6	95.40	87.12	94.52	86.51	1.08	0	
7	94.52	86.51	73.05	71.82	26.01	1	13	
8	73.05	71.82	54.31	59.00	22.70	0	
9	54.31	59.00	39.54	48.89	17.90	1	15	
10	39.54	48.89	28.93	41.64	12.85	2	14	15	
11	28.93	41.64	9.00	28.00	24.15	1	14	

6	15	239.270	5
1	237.00	184.00	223.52	177.42	15.00	1	6	
2	223.52	177.42	155.73	144.31	75.45	0	
3	155.73	144.31	97.87	116.05	64.39	1	17	
4	97.87	116.05	56.15	95.68	46.43	0	
5	56.15	95.68	22.00	79.00	38.00	1	15	

6	16	39.051	3
1	237.00	184.00	233.54	169.40	15.00	1	6	
2	233.54	169.40	231.92	162.54	7.05	0	
3	231.92	162.54	228.00	146.00	17.00	1	16	

6	17	123.130	3
1	237.00	184.00	222.99	178.64	15.00	1	6	
2	222.99	178.64	153.76	152.15	74.13	0	
3	153.76	152.15	122.00	140.00	34.00	1	17	

6	18	186.011	5
1	237.00	184.00	228.13	171.90	15.00	1	6	
2	228.13	171.90	220.22	161.11	13.38	0	
3	220.22	161.11	211.25	148.88	15.17	1	16	
4	211.25	148.88	156.57	74.32	92.46	0	
5	156.57	74.32	127.00	34.00	50.00	1	18	

6	19	168.027	5
1	237.00	184.00	237.27	169.00	15.00	1	6	
2	237.27	169.00	237.43	160.15	8.86	0	
3	237.43	160.15	237.93	132.20	27.95	0	
4	237.93	132.20	239.88	23.00	109.22	0	
5	239.88	23.00	240.00	16.00	7.00	0	

6	20	92.195	4
1	237.00	184.00	223.33	190.18	15.00	1	6	
2	223.33	190.18	178.57	210.43	49.13	0	
3	178.57	210.43	170.31	214.17	9.07	1	9	
4	170.31	214.17	153.00	222.00	19.00	2	9	20	

7	0	258.544	5
1	91.00	242.00	76.22	202.69	42.00	1	7	
2	76.22	202.69	41.88	111.38	97.55	0	
3	41.88	111.38	23.35	62.10	52.65	1	15	
4	23.35	62.10	15.62	41.54	21.97	2	14	15	
5	15.62	41.54	0.00	0.00	44.38	1	14	

7	1	251.716	7
1	91.00	242.00	107.69	203.46	42.00	1	7	
2	107.69	203.46	120.45	173.96	32.14	0	
3	120.45	173.96	145.71	115.63	63.57	1	17	
4	145.71	115.63	169.99	59.53	61.13	0	
5	169.99	59.53	175.04	47.88	12.69	1	18	
6	175.04	47.88	184.64	25.68	24.19	0	
7	184.64	25.68	191.00	11.00	16.00	1	1	

7	2	52.802	3
1	91.00	242.00	124.25	267.33	41.80	1	7	
2	124.25	267.33	124.41	267.45	0.20	2	2	7	
3	124.41	267.45	133.00	274.00	10.80	1	2	

7	3	201.896	5
1	91.00	242.00	87.05	200.19	42.00	1	7	
2	87.05	200.19	75.86	81.81	118.91	0	
3	75.86	81.81	74.42	66.62	15.25	1	13	
4	74.42	66.62	72.28	43.99	22.74	0	
5	72.28	43.99	72.00	41.00	3.00	1	3	

7	4	248.485	4
1	91.00	242.00	122.10	213.77	42.00	1	7	
2	122.10	213.77	261.67	87.10	188.49	0	
3	261.67	87.10	266.02	83.15	5.88	1	4	
4	266.02	83.15	275.00	75.00	12.12	2	4	12	

7	5	295.630	3
1	91.00	242.00	115.72	208.05	42.00	1	7	
2	115.72	208.05	260.29	9.47	245.63	0	
3	260.29	9.47	265.00	3.00	8.00	1	5	

7	6	157.099	7
1	91.00	242.00	130.03	226.49	42.00	1	7	
2	130.03	226.49	134.21	224.83	4.50	0	
3	134.21	224.83	137.00	223.73	3.00	1	20	
4	137.00	223.73	168.61	211.17	34.01	2	9	20	
5	168.61	211.17	176.54	208.02	8.53	1	9	
6	176.54	208.02	223.06	189.54	50.06	0	
7	223.06	189.54	237.00	184.00	15.00	1	6	

7	7	0	0

7	8	146.277	5
1	91.00	242.00	93.58	200.08	42.00	1	7	
2	93.58	200.08	95.94	161.84	38.31	0	
3	95.94	161.84	98.82	115.13	46.80	0	
4	98.82	115.13	99.38	105.98	9.16	0	
5	99.38	105.98	100.00	96.00	10.00	1	8	

7	9	71.309	4
1	91.00	242.00	131.64	231.40	42.00	1	7	
2	131.64	231.40	135.90	230.29	4.40	0	
3	135.90	230.29	137.74	229.81	1.90	1	20	
4	137.74	229.81	160.00	224.00	23.00	2	9	20	

7	10	159.201	7
1	91.00	242.00	132.95	239.89	42.00	1	7	
2	132.95	239.89	142.91	239.39	9.97	0	
3	142.91	239.39	145.10	239.28	2.19	1	9	
4	145.10	239.28	162.60	238.40	17.52	2	9	20	
5	162.60	238.40	178.55	237.59	15.97	1	9	
6	178.55	237.59	248.00	234.10	69.54	0	
7	248.00	234.10	250.00	234.00	2.00	1	10	

7	11	204.863	9
1	91.00	242.00	128.93	223.96	42.00	1	7	
2	128.93	223.96	134.01	221.54	5.62	0	
3	134.01	221.54	137.36	219.95	3.71	1	20	
4	137.36	219.95	164.63	206.98	30.20	2	9	20	
5	164.63	206.98	171.14	203.88	7.21	1	9	
6	171.14	203.88	222.74	179.33	57.14	0	
7	222.74	179.33	242.37	170.00	21.74	1	6	
8	242.37	170.00	259.75	161.73	19.24	0	
9	259.75	161.73	276.00	154.00	18.00	1	11	

7	12	247.111	6
1	91.00	242.00	123.29	215.15	42.00	1	7	
2	123.29	215.15	211.54	141.76	114.77	0	
3	211.54	141.76	226.84	129.04	19.90	1	16	
4	226.84	129.04	269.47	93.59	55.44	0	
5	269.47	93.59	270.78	92.50	1.71	1	12	
6	270.78	92.50	281.00	84.00	13.29	2	4	12	

7	13	169.027	5
1	91.00	242.00	90.25	200.01	42.00	1	7	
2	90.25	200.01	89.36	149.51	50.51	0	
3	89.36	149.51	89.04	131.65	17.87	0	
4	89.04	131.65	88.27	88.00	43.66	0	
5	88.27	88.00	88.00	73.00	15.00	1	13	

7	14	229.172	5
1	91.00	242.00	75.97	202.78	42.00	1	7	
2	75.97	202.78	41.12	111.84	97.39	0	
3	41.12	111.84	22.24	62.55	52.78	1	15	
4	22.24	62.55	14.28	41.79	22.23	2	14	15	
5	14.28	41.79	9.00	28.00	14.77	1	14	

7	15	177.003	3
1	91.00	242.00	74.63	203.32	42.00	1	7	
2	74.63	203.32	36.81	113.99	97.00	0	
3	36.81	113.99	22.00	79.00	38.00	1	15	

7	16	167.287	3
1	91.00	242.00	125.40	217.90	42.00	1	7	
2	125.40	217.90	214.08	155.76	108.29	0	
3	214.08	155.76	228.00	146.00	17.00	1	16	

7	17	106.607	3
1	91.00	242.00	103.21	201.81	42.00	1	7	
2	103.21	201.81	112.11	172.53	30.61	0	
3	112.11	172.53	122.00	140.00	34.00	1	17	

7	18	211.092	5
1	91.00	242.00	98.16	200.62	42.00	1	7	
2	98.16	200.62	103.69	168.65	32.44	0	
3	103.69	168.65	114.39	106.86	62.71	1	17	
4	114.39	106.86	118.47	83.27	23.95	0	
5	118.47	83.27	127.00	34.00	50.00	0	

7	19	270.697	5
1	91.00	242.00	114.12	206.94	42.00	1	7	
2	114.12	206.94	138.74	169.60	44.72	0	
3	138.74	169.60	155.80	143.72	31.00	1	17	
4	155.80	143.72	236.15	21.84	145.98	0	
5	236.15	21.84	240.00	16.00	7.00	1	19	

7	20	65.146	4
1	91.00	242.00	130.97	229.11	42.00	1	7	
2	130.97	229.11	134.92	227.83	4.15	0	
3	134.92	227.83	137.21	227.09	2.41	1	20	
4	137.21	227.09	153.00	222.00	16.59	2	9	20	

8	0	138.622	5
1	100.00	96.00	92.79	89.07	10.00	1	8	
2	92.79	89.07	91.29	87.64	2.08	0	
3	91.29	87.64	73.24	70.31	25.01	1	13	
4	73.24	70.31	43.39	41.65	41.38	0	
5	43.39	41.65	0.00	0.00	60.15	1	14	

8	1	124.523	5
1	100.00	96.00	107.31	89.17	10.00	1	8	
2	107.31	89.17	114.54	82.42	9.89	0	
3	114.54	82.42	176.16	24.86	84.32	1	18	
4	176.16	24.86	179.31	21.92	4.31	0	
5	179.31	21.92	191.00	11.00	16.00	1	1	

8	2	181.033	7
1	100.00	96.00	101.82	105.83	10.00	1	8	
2	101.82	105.83	102.94	111.85	6.12	0	
3	102.94	111.85	114.30	173.12	62.31	0	
4	114.30	173.12	121.77	213.41	40.98	0	
5	121.77	213.41	129.97	257.66	45.01	1	7	
6	129.97	257.66	130.99	263.18	5.62	0	
7	130.99	263.18	133.00	274.00	11.00	1	2	

8	3	61.717	5
1	100.00	96.00	95.46	87.09	10.00	1	8	
2	95.46	87.09	95.04	86.25	0.94	0	
3	95.04	86.25	81.43	59.52	30.00	1	13	
4	81.43	59.52	73.36	43.67	17.78	0	
5	73.36	43.67	72.00	41.00	3.00	1	3	

8	4	176.255	4
1	100.00	96.00	109.93	94.81	10.00	1	8	
2	109.93	94.81	257.13	77.14	148.26	0	
3	257.13	77.14	268.45	75.79	11.40	1	4	
4	268.45	75.79	275.00	75.00	6.60	2	4	12	

8	5	189.404	7
1	100.00	96.00	108.71	91.09	10.00	1	8	
2	108.71	91.09	121.78	83.73	15.00	0	
3	121.78	83.73	172.25	55.28	57.93	1	18	
4	172.25	55.28	234.43	20.23	71.38	0	
5	234.43	20.23	246.51	13.42	13.87	1	19	
6	246.51	13.42	258.03	6.93	13.23	0	
7	258.03	6.93	265.00	3.00	8.00	1	5	

8	6	162.828	5
1	100.00	96.00	108.41	101.40	10.00	1	8	
2	108.41	101.40	116.31	106.48	9.39	0	
3	116.31	106.48	154.85	131.23	45.80	1	17	
4	154.85	131.23	224.38	175.89	82.64	0	
5	224.38	175.89	237.00	184.00	15.00	1	6	

8	7	146.277	5
1	100.00	96.00	99.38	105.98	10.00	1	8	
2	99.38	105.98	98.82	115.13	9.16	0	
3	98.82	115.13	95.94	161.84	46.80	0	
4	95.94	161.84	93.58	200.08	38.31	0	
5	93.58	200.08	91.00	242.00	42.00	1	7	

8	8	0	0

8	9	141.365	6
1	100.00	96.00	104.24	105.05	10.00	1	8	
2	104.24	105.05	106.45	109.76	5.20	0	
3	106.45	109.76	135.29	171.29	67.95	1	17	
4	135.29	171.29	150.24	203.17	35.21	0	
5	150.24	203.17	150.25	203.20	0.03	1	9	
6	150.25	203.20	160.00	224.00	22.97	2	9	20	

8	10	203.823	5
1	100.00	96.00	107.36	102.77	10.00	1	8	
2	107.36	102.77	112.38	107.39	6.82	0	
3	112.38	107.39	155.30	146.87	58.32	1	17	
4	155.30	146.87	248.53	232.65	126.68	0	
5	248.53	232.65	250.00	234.00	2.00	1	10	

8	11	185.311	5
1	100.00	96.00	109.50	99.13	10.00	1	8	
2	109.50	99.13	215.80	134.16	111.93	0	
3	215.80	134.16	244.85	143.73	30.59	1	16	
4	244.85	143.73	258.90	148.37	14.80	0	
5	258.90	148.37	276.00	154.00	18.00	1	11	

8	12	181.397	4
1	100.00	96.00	109.98	95.34	10.00	1	8	
2	109.98	95.34	260.29	85.37	150.64	0	
3	260.29	85.37	266.03	84.99	5.76	1	4	
4	266.03	84.99	281.00	84.00	15.00	2	4	12	

8	13	25.942	3
1	100.00	96.00	95.37	87.13	10.00	1	8	
2	95.37	87.13	94.94	86.30	0.94	0	
3	94.94	86.30	88.00	73.00	15.00	1	13	

8	14	113.600	7
1	100.00	96.00	91.99	90.01	10.00	1	8	
2	91.99	90.01	89.23	87.95	3.45	0	
3	89.23	87.95	73.32	76.06	19.86	1	13	
4	73.32	76.06	56.79	63.71	20.63	0	
5	56.79	63.71	38.64	50.15	22.66	1	15	
6	38.64	50.15	26.81	41.31	14.77	2	14	15	
7	26.81	41.31	9.00	28.00	22.23	1	14	

8	15	79.831	3
1	100.00	96.00	90.23	93.87	10.00	1	8	
2	90.23	93.87	59.13	87.09	31.83	0	
3	59.13	87.09	22.00	79.00	38.00	1	15	

8	16	137.419	5
1	100.00	96.00	109.31	99.64	10.00	1	8	
2	109.31	99.64	126.30	106.27	18.23	0	
3	126.30	106.27	141.70	112.29	16.54	1	17	
4	141.70	112.29	212.17	139.81	75.65	0	
5	212.17	139.81	228.00	146.00	17.00	1	16	

8	17	49.193	3
1	100.00	96.00	104.47	104.94	10.00	1	8	
2	104.47	104.94	106.79	109.59	5.19	0	
3	106.79	109.59	122.00	140.00	34.00	1	17	

8	18	67.624	3
1	100.00	96.00	103.99	86.83	10.00	1	8	
2	103.99	86.83	107.04	79.84	7.62	0	
3	107.04	79.84	127.00	34.00	50.00	1	18	

8	19	161.245	5
1	100.00	96.00	108.68	91.04	10.00	1	8	
2	108.68	91.04	121.53	83.70	14.79	0	
3	121.53	83.70	172.60	54.52	58.82	1	18	
4	172.60	54.52	233.92	19.47	70.63	0	
5	233.92	19.47	240.00	16.00	7.00	1	19	

8	20	136.693	6
1	100.00	96.00	103.88	105.22	10.00	1	8	
2	103.88	105.22	105.91	110.05	5.24	0	
3	105.91	110.05	132.16	172.45	67.69	1	17	
4	132.16	172.45	145.63	204.49	34.76	0	
5	145.63	204.49	146.13	205.66	1.27	1	20	
6	146.13	205.66	153.00	222.00	17.73	2	9	20	

9	0	275.274	8
1	160.00	224.00	146.63	205.28	23.00	2	9	20	
2	146.63	205.28	145.96	204.35	1.15	1	20	
3	145.96	204.35	124.23	173.93	37.39	0	
4	124.23	173.93	90.63	126.88	57.81	1	17	
5	90.63	126.88	59.72	83.61	53.18	0	
6	59.72	83.61	37.15	52.01	38.83	1	15	
7	37.15	52.01	29.88	41.83	12.52	2	14	15	
8	29.88	41.83	0.00	0.00	51.40	1	14	

9	1	215.244	4
1	160.00	224.00	162.67	205.65	18.55	2	9	20	
2	162.67	205.65	163.31	201.24	4.45	1	9	
3	163.31	201.24	188.70	26.83	176.24	0	
4	188.70	26.83	191.00	11.00	16.00	1	1	

9	2	56.824	4
1	160.00	224.00	150.88	240.88	19.19	2	9	20	
2	150.88	240.88	149.07	244.24	3.81	1	9	
3	149.07	244.24	138.23	264.32	22.82	0	
4	138.23	264.32	133.00	274.00	11.00	1	2	

9	3	203.059	10
1	160.00	224.00	150.03	203.27	23.00	2	9	20	
2	150.03	203.27	150.02	203.24	0.04	1	20	
3	150.02	203.24	134.76	171.51	35.20	0	
4	134.76	171.51	105.35	110.36	67.86	1	17	
5	105.35	110.36	103.03	105.53	5.35	0	
6	103.03	105.53	94.45	87.68	19.80	1	8	
7	94.45	87.68	94.00	86.75	1.04	0	
8	94.00	86.75	81.01	59.73	29.98	1	13	
9	81.01	59.73	73.30	43.70	17.78	0	
10	73.30	43.70	72.00	41.00	3.00	1	3	

9	4	188.218	7
1	160.00	224.00	169.20	212.08	15.06	2	9	20	
2	169.20	212.08	174.05	205.79	7.94	1	9	
3	174.05	205.79	213.43	154.77	64.46	0	
4	213.43	154.77	232.79	129.69	31.68	1	16	
5	232.79	129.69	264.00	89.25	51.08	0	
6	264.00	89.25	266.19	86.41	3.59	1	4	
7	266.19	86.41	275.00	75.00	14.41	2	4	12	

9	5	244.675	4
1	160.00	224.00	167.03	209.19	16.39	2	9	20	
2	167.03	209.19	169.87	203.23	6.61	1	9	
3	169.87	203.23	261.57	10.23	213.68	0	
4	261.57	10.23	265.00	3.00	8.00	1	5	

9	6	86.770	4
1	160.00	224.00	171.57	217.99	13.04	2	9	20	
2	171.57	217.99	180.41	213.40	9.96	1	9	
3	180.41	213.40	223.69	190.91	48.77	0	
4	223.69	190.91	237.00	184.00	15.00	1	6	

9	7	71.309	4
1	160.00	224.00	137.74	229.81	23.00	2	9	20	
2	137.74	229.81	135.90	230.29	1.90	1	20	
3	135.90	230.29	131.64	231.40	4.40	0	
4	131.64	231.40	91.00	242.00	42.00	1	7	

9	8	141.365	6
1	160.00	224.00	150.25	203.20	22.97	2	9	20	
2	150.25	203.20	150.24	203.17	0.03	1	9	
3	150.24	203.17	135.29	171.29	35.21	0	
4	135.29	171.29	106.45	109.76	67.95	1	17	
5	106.45	109.76	104.24	105.05	5.20	0	
6	104.24	105.05	100.00	96.00	10.00	1	8	

9	9	0	0

9	10	90.554	4
1	160.00	224.00	171.71	225.30	11.78	2	9	20	
2	171.71	225.30	182.86	226.54	11.22	1	9	
3	182.86	226.54	248.01	233.78	65.55	0	
4	248.01	233.78	250.00	234.00	2.00	1	10	

9	11	135.484	6
1	160.00	224.00	171.37	217.14	13.28	2	9	20	
2	171.37	217.14	179.69	212.12	9.72	1	9	
3	179.69	212.12	222.20	186.46	49.65	0	
4	222.20	186.46	246.08	172.06	27.88	1	6	
5	246.08	172.06	260.59	163.30	16.95	0	
6	260.59	163.30	276.00	154.00	18.00	1	11	

9	12	185.043	7
1	160.00	224.00	169.65	212.84	14.75	2	9	20	
2	169.65	212.84	175.04	206.60	8.25	1	9	
3	175.04	206.60	216.55	158.57	63.48	0	
4	216.55	158.57	238.78	132.85	33.99	1	16	
5	238.78	132.85	271.19	95.35	49.57	0	
6	271.19	95.35	273.29	92.92	3.21	1	12	
7	273.29	92.92	281.00	84.00	11.79	2	4	12	

9	13	167.287	8
1	160.00	224.00	150.10	203.24	23.00	2	9	20	
2	150.10	203.24	150.09	203.22	0.02	1	20	
3	150.09	203.22	134.94	171.44	35.21	0	
4	134.94	171.44	105.72	110.15	67.90	1	17	
5	105.72	110.15	103.44	105.39	5.28	0	
6	103.44	105.39	94.87	87.41	19.91	1	8	
7	94.87	87.41	94.46	86.54	0.97	0	
8	94.46	86.54	88.00	73.00	15.00	1	13	

9	14	247.421	8
1	160.00	224.00	145.96	205.78	23.00	2	9	20	
2	145.96	205.78	145.13	204.70	1.36	1	20	
3	145.13	204.70	121.48	174.00	38.76	0	
4	121.48	174.00	89.00	131.83	53.22	1	17	
5	89.00	131.83	57.90	91.47	50.96	0	
6	57.90	91.47	31.58	57.31	43.12	1	15	
7	31.58	57.31	19.10	41.11	20.45	2	14	15	
8	19.10	41.11	9.00	28.00	16.55	1	14	

9	15	200.172	6
1	160.00	224.00	144.14	207.34	23.00	2	9	20	
2	144.14	207.34	142.83	205.95	1.91	1	20	
3	142.83	205.95	110.51	172.00	46.87	0	
4	110.51	172.00	89.47	149.89	30.52	1	17	
5	89.47	149.89	48.20	106.53	59.87	0	
6	48.20	106.53	22.00	79.00	38.00	1	15	

9	16	103.479	4
1	160.00	224.00	169.68	212.90	14.73	2	9	20	
2	169.68	212.90	175.11	206.66	8.27	1	9	
3	175.11	206.66	216.83	158.81	63.48	0	
4	216.83	158.81	228.00	146.00	17.00	1	16	

9	17	92.195	4
1	160.00	224.00	150.57	203.16	22.88	2	9	20	
2	150.57	203.16	150.52	203.04	0.12	1	9	
3	150.52	203.04	136.01	170.98	35.20	0	
4	136.01	170.98	122.00	140.00	34.00	1	17	

9	18	192.844	6
1	160.00	224.00	156.41	203.31	21.00	2	9	20	
2	156.41	203.31	156.06	201.34	2.00	1	9	
3	156.06	201.34	149.00	160.66	41.28	0	
4	149.00	160.66	140.45	111.44	49.96	1	17	
5	140.45	111.44	135.56	83.26	28.60	0	
6	135.56	83.26	127.00	34.00	50.00	1	18	

9	19	222.854	4
1	160.00	224.00	166.07	208.21	16.92	2	9	20	
2	166.07	208.21	168.26	202.53	6.08	1	9	
3	168.26	202.53	237.49	22.53	192.85	0	
4	237.49	22.53	240.00	16.00	7.00	1	19	

9	20	7.280	1
1	160.00	224.00	153.00	222.00	7.28	2	9	20	

10	0	342.427	9
1	250.00	234.00	248.54	232.63	2.00	1	10	
2	248.54	232.63	155.54	145.58	127.38	0	
3	155.54	145.58	114.21	106.90	56.60	1	17	
4	114.21	106.90	108.39	101.45	7.98	0	
5	108.39	101.45	94.01	87.99	19.69	1	8	
6	94.01	87.99	93.07	87.12	1.28	0	
7	93.07	87.12	73.58	68.87	26.70	1	13	
8	73.58	68.87	43.68	40.89	40.95	0	
9	43.68	40.89	0.00	0.00	59.83	1	14	

10	1	230.673	7
1	250.00	234.00	249.49	232.07	2.00	1	10	
2	249.49	232.07	240.62	198.56	34.66	0	
3	240.62	198.56	232.95	169.56	30.00	1	6	
4	232.95	169.56	231.14	162.71	7.08	0	
5	231.14	162.71	222.46	129.93	33.91	1	16	
6	222.46	129.93	195.09	26.47	107.02	0	
7	195.09	26.47	191.00	11.00	16.00	1	1	

10	2	123.649	3
1	250.00	234.00	248.11	234.65	2.00	1	10	
2	248.11	234.65	143.41	270.44	110.65	0	
3	143.41	270.44	133.00	274.00	11.00	1	2	

10	3	262.551	9
1	250.00	234.00	248.64	232.53	2.00	1	10	
2	248.64	232.53	154.69	130.66	138.58	0	
3	154.69	130.66	133.95	108.17	30.60	1	17	
4	133.95	108.17	108.32	80.38	37.80	0	
5	108.32	80.38	102.92	74.53	7.96	1	18	
6	102.92	74.53	87.68	58.00	22.48	2	13	18	
7	87.68	58.00	79.26	48.88	12.42	1	18	
8	79.26	48.88	74.03	43.21	7.72	0	
9	74.03	43.21	72.00	41.00	3.00	1	3	

10	4	160.953	6
1	250.00	234.00	250.31	232.02	2.00	1	10	
2	250.31	232.02	261.01	163.97	68.89	0	
3	261.01	163.97	264.79	139.91	24.35	1	11	
4	264.79	139.91	271.73	95.79	44.66	0	
5	271.73	95.79	272.20	92.78	3.05	1	12	
6	272.20	92.78	275.00	75.00	18.00	2	4	12	

10	5	231.487	5
1	250.00	234.00	250.13	232.00	2.00	1	10	
2	250.13	232.00	259.71	84.50	147.82	0	
3	259.71	84.50	261.06	63.61	20.93	1	4	
4	261.06	63.61	264.48	10.98	52.73	0	
5	264.48	10.98	265.00	3.00	8.00	1	5	

10	6	51.662	3
1	250.00	234.00	249.50	232.06	2.00	1	10	
2	249.50	232.06	240.77	198.52	34.66	0	
3	240.77	198.52	237.00	184.00	15.00	1	6	

10	7	159.201	7
1	250.00	234.00	248.00	234.10	2.00	1	10	
2	248.00	234.10	178.55	237.59	69.54	0	
3	178.55	237.59	162.60	238.40	15.97	1	9	
4	162.60	238.40	145.10	239.28	17.52	2	9	20	
5	145.10	239.28	142.91	239.39	2.19	1	9	
6	142.91	239.39	132.95	239.89	9.97	0	
7	132.95	239.89	91.00	242.00	42.00	1	7	

10	8	203.823	5
1	250.00	234.00	248.53	232.65	2.00	1	10	
2	248.53	232.65	155.30	146.87	126.68	0	
3	155.30	146.87	112.38	107.39	58.32	1	17	
4	112.38	107.39	107.36	102.77	6.82	0	
5	107.36	102.77	100.00	96.00	10.00	1	8	

10	9	90.554	4
1	250.00	234.00	248.01	233.78	2.00	1	10	
2	248.01	233.78	182.86	226.54	65.55	0	
3	182.86	226.54	171.71	225.30	11.22	1	9	
4	171.71	225.30	160.00	224.00	11.78	2	9	20	

10	10	0	0

10	11	84.119	3
1	250.00	234.00	250.62	232.10	2.00	1	10	
2	250.62	232.10	270.44	171.12	64.12	0	
3	270.44	171.12	276.00	154.00	18.00	1	11	

10	12	153.170	6
1	250.00	234.00	250.40	232.04	2.00	1	10	
2	250.40	232.04	263.80	167.23	66.18	0	
3	263.80	167.23	270.04	137.01	30.86	1	11	
4	270.04	137.01	277.96	98.69	39.13	0	
5	277.96	98.69	279.24	92.49	6.33	1	12	
6	279.24	92.49	281.00	84.00	8.67	2	4	12	

10	13	228.397	7
1	250.00	234.00	248.58	232.59	2.00	1	10	
2	248.58	232.59	156.00	140.58	130.53	0	
3	156.00	140.58	121.21	106.01	49.04	1	17	
4	121.21	106.01	109.93	94.79	15.91	0	
5	109.93	94.79	101.15	86.07	12.38	1	8	
6	101.15	86.07	98.64	83.57	3.54	0	
7	98.64	83.57	88.00	73.00	15.00	1	13	

10	14	317.044	9
1	250.00	234.00	248.48	232.70	2.00	1	10	
2	248.48	232.70	153.87	151.83	124.46	0	
3	153.87	151.83	105.35	110.36	63.84	1	17	
4	105.35	110.36	100.25	106.00	6.71	0	
5	100.25	106.00	90.09	97.31	13.37	1	8	
6	90.09	97.31	59.11	70.83	40.75	0	
7	59.11	70.83	37.13	52.04	28.92	1	15	
8	37.13	52.04	24.29	41.07	16.89	2	14	15	
9	24.29	41.07	9.00	28.00	20.11	1	14	

10	15	275.697	5
1	250.00	234.00	248.35	232.88	2.00	1	10	
2	248.35	232.88	146.46	163.61	123.20	0	
3	146.46	163.61	91.04	125.94	67.01	1	17	
4	91.04	125.94	53.43	100.36	45.49	0	
5	53.43	100.36	22.00	79.00	38.00	1	15	

10	16	90.708	5
1	250.00	234.00	249.51	232.06	2.00	1	10	
2	249.51	232.06	241.11	198.43	34.67	0	
3	241.11	198.43	233.83	169.34	29.98	1	6	
4	233.83	169.34	232.12	162.49	7.06	0	
5	232.12	162.49	228.00	146.00	17.00	1	16	

10	17	158.808	3
1	250.00	234.00	248.39	232.82	2.00	1	10	
2	248.39	232.82	149.40	160.12	122.81	0	
3	149.40	160.12	122.00	140.00	34.00	1	17	

10	18	234.796	3
1	250.00	234.00	248.95	232.30	2.00	1	10	
2	248.95	232.30	153.19	76.59	182.80	0	
3	153.19	76.59	127.00	34.00	50.00	1	18	

10	19	218.229	5
1	250.00	234.00	249.91	232.00	2.00	1	10	
2	249.91	232.00	248.17	194.02	38.03	0	
3	248.17	194.02	247.20	173.00	21.04	1	6	
4	247.20	173.00	240.32	22.99	150.17	0	
5	240.32	22.99	240.00	16.00	7.00	0	

10	20	97.739	4
1	250.00	234.00	248.02	233.75	2.00	1	10	
2	248.02	233.75	182.94	225.70	65.57	0	
3	182.94	225.70	171.86	224.33	11.16	1	9	
4	171.86	224.33	153.00	222.00	19.00	2	9	20	

11	0	316.057	9
1	276.00	154.00	260.28	145.23	18.00	1	11	
2	260.28	145.23	239.89	133.85	23.35	0	
3	239.89	133.85	232.09	129.50	8.94	1	16	
4	232.09	129.50	144.73	80.75	100.04	0	
5	144.73	80.75	77.90	43.47	76.52	1	18	
6	77.90	43.47	74.89	41.79	3.45	0	
7	74.89	41.79	69.81	38.95	5.82	1	3	
8	69.81	38.95	45.92	25.62	27.35	0	
9	45.92	25.62	0.00	0.00	52.59	1	14	

11	1	166.355	3
1	276.00	154.00	266.80	138.53	18.00	1	11	
2	266.80	138.53	199.18	24.75	132.36	0	
3	199.18	24.75	191.00	11.00	16.00	1	1	

11	2	186.679	7
1	276.00	154.00	262.21	165.57	18.00	1	11	
2	262.21	165.57	249.72	176.05	16.31	0	
3	249.72	176.05	226.96	195.15	29.71	1	6	
4	226.96	195.15	180.74	233.94	60.34	0	
5	180.74	233.94	166.18	246.15	19.01	1	9	
6	166.18	246.15	141.43	266.93	32.32	0	
7	141.43	266.93	133.00	274.00	11.00	1	2	

11	3	233.206	7
1	276.00	154.00	260.25	145.28	18.00	1	11	
2	260.25	145.28	240.22	134.18	22.91	0	
3	240.22	134.18	231.54	129.37	9.92	1	16	
4	231.54	129.37	144.15	80.97	99.90	0	
5	144.15	80.97	78.09	44.37	75.52	1	18	
6	78.09	44.37	74.62	42.45	3.96	0	
7	74.62	42.45	72.00	41.00	3.00	1	3	

11	4	79.006	4
1	276.00	154.00	275.77	136.00	18.00	1	11	
2	275.77	136.00	275.29	97.87	38.14	0	
3	275.29	97.87	275.23	93.00	4.87	1	12	
4	275.23	93.00	275.00	75.00	18.00	2	4	12	

11	5	151.400	7
1	276.00	154.00	274.69	136.05	18.00	1	11	
2	274.69	136.05	271.76	95.82	40.34	0	
3	271.76	95.82	271.53	92.66	3.16	1	12	
4	271.53	92.66	270.15	73.65	19.07	2	4	12	
5	270.15	73.65	269.01	58.03	15.66	0	
6	269.01	58.03	265.58	10.98	47.17	0	
7	265.58	10.98	265.00	3.00	8.00	1	5	

11	6	49.204	3
1	276.00	154.00	261.73	164.97	18.00	1	11	
2	261.73	164.97	248.89	174.85	16.20	0	
3	248.89	174.85	237.00	184.00	15.00	1	6	

11	7	204.863	9
1	276.00	154.00	259.75	161.73	18.00	1	11	
2	259.75	161.73	242.37	170.00	19.24	0	
3	242.37	170.00	222.74	179.33	21.74	1	6	
4	222.74	179.33	171.14	203.88	57.14	0	
5	171.14	203.88	164.63	206.98	7.21	1	9	
6	164.63	206.98	137.36	219.95	30.20	2	9	20	
7	137.36	219.95	134.01	221.54	3.71	1	20	
8	134.01	221.54	128.93	223.96	5.62	0	
9	128.93	223.96	91.00	242.00	42.00	1	7	

11	8	185.311	5
1	276.00	154.00	258.90	148.37	18.00	1	11	
2	258.90	148.37	244.85	143.73	14.80	0	
3	244.85	143.73	215.80	134.16	30.59	1	16	
4	215.80	134.16	109.50	99.13	111.93	0	
5	109.50	99.13	100.00	96.00	10.00	1	8	

11	9	135.484	6
1	276.00	154.00	260.59	163.30	18.00	1	11	
2	260.59	163.30	246.08	172.06	16.95	0	
3	246.08	172.06	222.20	186.46	27.88	1	6	
4	222.20	186.46	179.69	212.12	49.65	0	
5	179.69	212.12	171.37	217.14	9.72	1	9	
6	171.37	217.14	160.00	224.00	13.28	2	9	20	

11	10	84.119	3
1	276.00	154.00	270.44	171.12	18.00	1	11	
2	270.44	171.12	250.62	232.10	64.12	0	
3	250.62	232.10	250.00	234.00	2.00	1	10	

11	11	0	0

11	12	70.178	4
1	276.00	154.00	277.28	136.05	18.00	1	11	
2	277.28	136.05	279.93	98.96	37.18	0	
3	279.93	98.96	280.42	92.17	6.81	1	12	
4	280.42	92.17	281.00	84.00	8.19	1	12	

11	13	204.707	5
1	276.00	154.00	259.47	146.88	18.00	1	11	
2	259.47	146.88	243.98	140.20	16.86	0	
3	243.98	140.20	221.23	130.40	24.77	1	16	
4	221.23	130.40	101.78	78.94	130.07	0	
5	101.78	78.94	88.00	73.00	15.00	1	13	

11	14	295.237	9
1	276.00	154.00	259.72	146.32	18.00	1	11	
2	259.72	146.32	243.29	138.56	18.17	0	
3	243.29	138.56	224.02	129.47	21.30	1	16	
4	224.02	129.47	127.66	84.00	106.56	0	
5	127.66	84.00	102.99	72.35	27.28	1	18	
6	102.99	72.35	87.99	65.28	16.58	2	13	18	
7	87.99	65.28	78.97	61.02	9.97	1	13	
8	78.97	61.02	42.46	43.79	40.37	0	
9	42.46	43.79	9.00	28.00	37.00	1	14	

11	15	264.841	9
1	276.00	154.00	258.74	148.90	18.00	1	11	
2	258.74	148.90	244.96	144.83	14.36	0	
3	244.96	144.83	214.39	135.81	31.87	1	16	
4	214.39	135.81	145.56	115.48	71.77	0	
5	145.56	115.48	115.54	106.62	31.30	1	17	
6	115.54	106.62	106.19	103.86	9.75	0	
7	106.19	103.86	90.54	99.24	16.31	1	8	
8	90.54	99.24	58.44	89.76	33.46	0	
9	58.44	89.76	22.00	79.00	38.00	1	15	

11	16	48.662	3
1	276.00	154.00	258.24	151.04	18.00	1	11	
2	258.24	151.04	244.77	148.79	13.66	0	
3	244.77	148.79	228.00	146.00	17.00	1	16	

11	17	154.635	5
1	276.00	154.00	258.07	152.37	18.00	1	11	
2	258.07	152.37	244.21	151.11	13.92	0	
3	244.21	151.11	211.13	148.10	33.22	1	16	
4	211.13	148.10	155.86	143.08	55.50	0	
5	155.86	143.08	122.00	140.00	34.00	1	17	

11	18	191.314	3
1	276.00	154.00	261.98	142.71	18.00	1	11	
2	261.98	142.71	165.94	65.36	123.31	0	
3	165.94	65.36	127.00	34.00	50.00	1	18	

11	19	142.618	3
1	276.00	154.00	271.46	136.58	18.00	1	11	
2	271.46	136.58	241.77	22.77	117.62	0	
3	241.77	22.77	240.00	16.00	7.00	1	19	

11	20	140.545	6
1	276.00	154.00	260.25	162.71	18.00	1	11	
2	260.25	162.71	244.85	171.22	17.59	0	
3	244.85	171.22	222.00	183.85	26.11	1	6	
4	222.00	183.85	177.13	208.66	51.27	0	
5	177.13	208.66	169.63	212.81	8.58	1	9	
6	169.63	212.81	153.00	222.00	19.00	2	9	20	

12	0	293.287	6
1	281.00	84.00	266.63	79.70	15.00	2	4	12	
2	266.63	79.70	257.10	76.85	9.95	1	4	
3	257.10	76.85	173.68	51.92	87.06	0	
4	173.68	51.92	78.15	23.36	99.71	1	18	
5	78.15	23.36	42.72	12.77	36.97	0	
6	42.72	12.77	0.00	0.00	44.59	1	14	

12	1	115.884	4
1	281.00	84.00	269.35	74.55	15.00	2	4	12	
2	269.35	74.55	259.22	66.34	13.04	1	4	
3	259.22	66.34	203.43	21.08	71.84	0	
4	203.43	21.08	191.00	11.00	16.00	1	1	

12	2	240.840	10
1	281.00	84.00	274.01	92.97	11.37	2	4	12	
2	274.01	92.97	271.78	95.83	3.63	1	12	
3	271.78	95.83	241.12	135.19	49.89	0	
4	241.12	135.19	220.73	161.37	33.18	1	16	
5	220.73	161.37	180.33	213.24	65.75	0	
6	180.33	213.24	171.89	224.08	13.74	1	9	
7	171.89	224.08	159.64	239.80	19.93	2	9	20	
8	159.64	239.80	154.54	246.34	8.29	1	9	
9	154.54	246.34	139.76	265.32	24.06	0	
10	139.76	265.32	133.00	274.00	11.00	1	2	

12	3	213.378	6
1	281.00	84.00	266.31	80.98	15.00	2	4	12	
2	266.31	80.98	257.49	79.16	9.00	1	4	
3	257.49	79.16	169.10	60.98	90.24	0	
4	169.10	60.98	77.67	42.17	93.34	1	18	
5	77.67	42.17	74.94	41.60	2.79	0	
6	74.94	41.60	72.00	41.00	3.00	1	3	

12	4	10.817	1
1	281.00	84.00	275.00	75.00	10.82	2	4	12	

12	5	82.565	4
1	281.00	84.00	278.09	69.28	15.00	2	4	12	
2	278.09	69.28	275.67	57.01	12.51	1	4	
3	275.67	57.01	266.55	10.85	47.06	0	
4	266.55	10.85	265.00	3.00	8.00	1	5	

12	6	109.252	4
1	281.00	84.00	277.09	92.88	9.70	2	4	12	
2	277.09	92.88	274.96	97.73	5.30	1	12	
3	274.96	97.73	243.04	170.27	79.25	0	
4	243.04	170.27	237.00	184.00	15.00	1	6	

12	7	247.111	6
1	281.00	84.00	270.78	92.50	13.29	2	4	12	
2	270.78	92.50	269.47	93.59	1.71	1	12	
3	269.47	93.59	226.84	129.04	55.44	0	
4	226.84	129.04	211.54	141.76	19.90	1	16	
5	211.54	141.76	123.29	215.15	114.77	0	
6	123.29	215.15	91.00	242.00	42.00	1	7	

12	8	181.397	4
1	281.00	84.00	266.03	84.99	15.00	2	4	12	
2	266.03	84.99	260.29	85.37	5.76	1	4	
3	260.29	85.37	109.98	95.34	150.64	0	
4	109.98	95.34	100.00	96.00	10.00	1	8	

12	9	185.043	7
1	281.00	84.00	273.29	92.92	11.79	2	4	12	
2	273.29	92.92	271.19	95.35	3.21	1	12	
3	271.19	95.35	238.78	132.85	49.57	0	
4	238.78	132.85	216.55	158.57	33.99	1	16	
5	216.55	158.57	175.04	206.60	63.48	0	
6	175.04	206.60	169.65	212.84	8.25	1	9	
7	169.65	212.84	160.00	224.00	14.75	2	9	20	

12	10	153.170	6
1	281.00	84.00	279.24	92.49	8.67	2	4	12	
2	279.24	92.49	277.96	98.69	6.33	1	12	
3	277.96	98.69	270.04	137.01	39.13	0	
4	270.04	137.01	263.80	167.23	30.86	1	11	
5	263.80	167.23	250.40	232.04	66.18	0	
6	250.40	232.04	250.00	234.00	2.00	1	10	

12	11	70.178	4
1	281.00	84.00	280.42	92.17	8.19	1	12	
2	280.42	92.17	279.93	98.96	6.81	1	12	
3	279.93	98.96	277.28	136.05	37.18	0	
4	277.28	136.05	276.00	154.00	18.00	1	11	

12	12	0	0

12	13	193.313	6
1	281.00	84.00	266.02	83.15	15.00	2	4	12	
2	266.02	83.15	258.75	82.73	7.29	1	4	
3	258.75	82.73	153.01	76.70	105.91	0	
4	153.01	76.70	102.98	73.85	50.11	1	18	
5	102.98	73.85	96.31	73.47	6.68	2	13	18	
6	96.31	73.47	88.00	73.00	8.32	1	13	

12	14	277.705	8
1	281.00	84.00	266.31	80.98	15.00	2	4	12	
2	266.31	80.98	257.49	79.16	9.01	1	4	
3	257.49	79.16	169.11	60.96	90.23	0	
4	169.11	60.96	77.67	42.14	93.36	1	18	
5	77.67	42.14	74.94	41.58	2.78	0	
6	74.94	41.58	69.07	40.37	6.00	1	3	
7	69.07	40.37	45.24	35.46	24.33	0	
8	45.24	35.46	9.00	28.00	37.00	1	14	

12	15	259.048	8
1	281.00	84.00	266.00	83.71	15.00	2	4	12	
2	266.00	83.71	259.18	83.58	6.83	1	4	
3	259.18	83.58	143.10	81.34	116.10	0	
4	143.10	81.34	109.09	80.68	34.02	1	18	
5	109.09	80.68	100.98	80.52	8.11	0	
6	100.98	80.52	74.74	80.02	26.24	1	13	
7	74.74	80.02	59.99	79.73	14.75	0	
8	59.99	79.73	22.00	79.00	38.00	1	15	

12	16	81.566	4
1	281.00	84.00	273.37	92.93	11.74	2	4	12	
2	273.37	92.93	271.25	95.40	3.26	1	12	
3	271.25	95.40	239.05	133.08	49.57	0	
4	239.05	133.08	228.00	146.00	17.00	1	16	

12	17	168.573	4
1	281.00	84.00	266.85	88.98	15.00	2	4	12	
2	266.85	88.98	264.68	89.75	2.30	1	4	
3	264.68	89.75	154.07	128.71	117.27	0	
4	154.07	128.71	122.00	140.00	34.00	1	17	

12	18	161.914	4
1	281.00	84.00	266.73	79.37	15.00	2	4	12	
2	266.73	79.37	257.04	76.22	10.19	1	4	
3	257.04	76.22	174.56	49.44	86.72	0	
4	174.56	49.44	127.00	34.00	50.00	1	18	

12	19	79.404	4
1	281.00	84.00	273.25	71.15	15.00	2	4	12	
2	273.25	71.15	266.13	59.34	13.80	1	4	
3	266.13	59.34	243.61	21.99	43.61	0	
4	243.61	21.99	240.00	16.00	7.00	1	19	

12	20	188.223	7
1	281.00	84.00	272.78	92.86	12.09	2	4	12	
2	272.78	92.86	270.80	95.00	2.91	1	12	
3	270.80	95.00	236.92	131.53	49.82	0	
4	236.92	131.53	214.24	155.98	33.35	1	16	
5	214.24	155.98	170.25	203.41	64.69	0	
6	170.25	203.41	165.92	208.07	6.36	1	9	
7	165.92	208.07	153.00	222.00	19.00	2	9	20	

13	0	114.337	3
1	88.00	73.00	76.46	63.42	15.00	1	13	
2	76.46	63.42	44.84	37.20	41.08	0	
3	44.84	37.20	0.00	0.00	58.26	1	14	

13	1	120.221	5
1	88.00	73.00	92.56	70.25	5.33	1	13	
2	92.56	70.25	100.85	65.26	9.67	2	13	18	
3	100.85	65.26	175.15	20.54	86.73	1	18	
4	175.15	20.54	177.29	19.25	2.50	0	
5	177.29	19.25	191.00	11.00	16.00	1	1	

13	2	205.976	9
1	88.00	73.00	91.28	87.64	15.00	1	13	
2	91.28	87.64	91.85	90.20	2.63	0	
3	91.85	90.20	95.10	104.72	14.87	1	8	
4	95.10	104.72	97.68	116.24	11.81	0	
5	97.68	116.24	110.13	171.86	57.00	0	
6	110.13	171.86	118.78	210.50	39.60	0	
7	118.78	210.50	129.56	258.64	49.33	1	7	
8	129.56	258.64	130.60	263.27	4.74	0	
9	130.60	263.27	133.00	274.00	11.00	1	2	

13	3	35.777	3
1	88.00	73.00	81.29	59.58	15.00	1	13	
2	81.29	59.58	73.34	43.68	17.78	0	
3	73.34	43.68	72.00	41.00	3.00	1	3	

13	4	187.011	6
1	88.00	73.00	95.82	73.08	7.82	1	13	
2	95.82	73.08	103.00	73.16	7.18	2	13	18	
3	103.00	73.16	157.34	73.74	54.35	1	18	
4	157.34	73.74	257.00	74.81	99.67	0	
5	257.00	74.81	269.05	74.94	12.05	1	4	
6	269.05	74.94	275.00	75.00	5.95	2	4	12	

13	5	190.339	7
1	88.00	73.00	93.28	70.91	5.67	1	13	
2	93.28	70.91	101.95	67.48	9.33	2	13	18	
3	101.95	67.48	176.85	37.86	80.55	1	18	
4	176.85	37.86	233.01	15.65	60.39	0	
5	233.01	15.65	244.86	10.96	12.75	1	19	
6	244.86	10.96	257.56	5.94	13.66	0	
7	257.56	5.94	265.00	3.00	8.00	1	5	

13	6	185.801	5
1	88.00	73.00	100.03	81.96	15.00	1	13	
2	100.03	81.96	136.94	109.46	46.03	0	
3	136.94	109.46	146.99	116.95	12.53	1	17	
4	146.99	116.95	224.97	175.04	97.24	0	
5	224.97	175.04	237.00	184.00	15.00	1	6	

13	7	169.027	5
1	88.00	73.00	88.27	88.00	15.00	1	13	
2	88.27	88.00	89.04	131.65	43.66	0	
3	89.04	131.65	89.36	149.51	17.87	0	
4	89.36	149.51	90.25	200.01	50.51	0	
5	90.25	200.01	91.00	242.00	42.00	1	7	

13	8	25.942	3
1	88.00	73.00	94.94	86.30	15.00	1	13	
2	94.94	86.30	95.37	87.13	0.94	0	
3	95.37	87.13	100.00	96.00	10.00	1	8	

13	9	167.287	8
1	88.00	73.00	94.46	86.54	15.00	1	13	
2	94.46	86.54	94.87	87.41	0.97	0	
3	94.87	87.41	103.44	105.39	19.91	1	8	
4	103.44	105.39	105.72	110.15	5.28	0	
5	105.72	110.15	134.94	171.44	67.90	1	17	
6	134.94	171.44	150.09	203.22	35.21	0	
7	150.09	203.22	150.10	203.24	0.02	1	20	
8	150.10	203.24	160.00	224.00	23.00	2	9	20	

13	10	228.397	7
1	88.00	73.00	98.64	83.57	15.00	1	13	
2	98.64	83.57	101.15	86.07	3.54	0	
3	101.15	86.07	109.93	94.79	12.38	1	8	
4	109.93	94.79	121.21	106.01	15.91	0	
5	121.21	106.01	156.00	140.58	49.04	1	17	
6	156.00	140.58	248.58	232.59	130.53	0	
7	248.58	232.59	250.00	234.00	2.00	1	10	

13	11	204.707	5
1	88.00	73.00	101.78	78.94	15.00	1	13	
2	101.78	78.94	221.23	130.40	130.07	0	
3	221.23	130.40	243.98	140.20	24.77	1	16	
4	243.98	140.20	259.47	146.88	16.86	0	
5	259.47	146.88	276.00	154.00	18.00	1	11	

13	12	193.313	6
1	88.00	73.00	96.31	73.47	8.32	1	13	
2	96.31	73.47	102.98	73.85	6.68	2	13	18	
3	102.98	73.85	153.01	76.70	50.11	1	18	
4	153.01	76.70	258.75	82.73	105.91	0	
5	258.75	82.73	266.02	83.15	7.29	1	4	
6	266.02	83.15	281.00	84.00	15.00	2	4	12	

13	13	0	0

13	14	90.918	5
1	88.00	73.00	74.97	65.58	15.00	1	13	
2	74.97	65.58	43.37	47.58	36.37	0	
3	43.37	47.58	41.15	46.31	2.55	1	15	
4	41.15	46.31	38.13	44.59	3.47	2	14	15	
5	38.13	44.59	9.00	28.00	33.53	1	14	

13	15	66.272	3
1	88.00	73.00	73.06	74.36	15.00	1	13	
2	73.06	74.36	59.84	75.56	13.27	0	
3	59.84	75.56	22.00	79.00	38.00	1	15	

13	16	157.889	3
1	88.00	73.00	101.30	79.94	15.00	1	13	
2	101.30	79.94	212.93	138.14	125.89	0	
3	212.93	138.14	228.00	146.00	17.00	1	16	

13	17	75.133	5
1	88.00	73.00	94.79	86.38	15.00	1	13	
2	94.79	86.38	95.22	87.22	0.94	0	
3	95.22	87.22	104.26	105.05	19.99	1	8	
4	104.26	105.05	106.61	109.68	5.20	0	
5	106.61	109.68	122.00	140.00	34.00	1	17	

13	18	55.154	3
1	88.00	73.00	91.64	69.36	5.15	1	13	
2	91.64	69.36	98.61	62.39	9.85	2	13	18	
3	98.61	62.39	127.00	34.00	40.15	1	18	

13	19	162.336	5
1	88.00	73.00	93.36	70.99	5.72	1	13	
2	93.36	70.99	102.04	67.73	9.28	2	13	18	
3	102.04	67.73	176.67	39.75	79.70	1	18	
4	176.67	39.75	233.45	18.46	60.64	0	
5	233.45	18.46	240.00	16.00	7.00	1	19	

13	20	162.561	8
1	88.00	73.00	94.00	86.75	15.00	1	13	
2	94.00	86.75	94.41	87.70	1.04	0	
3	94.41	87.70	102.28	105.74	19.67	1	8	
4	102.28	105.74	104.51	110.84	5.57	0	
5	104.51	110.84	131.47	172.65	67.44	1	17	
6	131.47	172.65	145.40	204.58	34.84	0	
7	145.40	204.58	145.93	205.80	1.33	1	20	
8	145.93	205.80	153.00	222.00	17.67	2	9	20	

14	0	29.411	1
1	9.00	28.00	0.00	0.00	29.41	1	14	

14	1	182.792	5
1	9.00	28.00	45.84	24.56	37.00	1	14	
2	45.84	24.56	78.59	21.50	32.89	0	
3	78.59	21.50	172.26	12.75	94.08	1	18	
4	172.26	12.75	175.07	12.49	2.82	0	
5	175.07	12.49	191.00	11.00	16.00	1	1	

14	2	275.485	7
1	9.00	28.00	15.81	41.51	15.13	1	14	
2	15.81	41.51	25.65	61.04	21.87	2	14	15	
3	25.65	61.04	48.46	106.28	50.66	1	15	
4	48.46	106.28	95.84	200.28	105.27	0	
5	95.84	200.28	127.42	262.92	70.15	1	7	
6	127.42	262.92	128.05	264.18	1.40	0	
7	128.05	264.18	133.00	274.00	11.00	1	2	

14	3	64.327	3
1	9.00	28.00	45.24	35.48	37.00	1	14	
2	45.24	35.48	69.06	40.39	24.33	0	
3	69.06	40.39	72.00	41.00	3.00	1	3	

14	4	270.120	8
1	9.00	28.00	45.44	34.44	37.00	1	14	
2	45.44	34.44	69.99	38.78	24.93	0	
3	69.99	38.78	74.65	39.60	4.74	1	3	
4	74.65	39.60	77.37	40.08	2.76	0	
5	77.37	40.08	171.54	56.72	95.63	1	18	
6	171.54	56.72	257.27	71.87	87.06	0	
7	257.27	71.87	269.75	74.07	12.67	1	4	
8	269.75	74.07	275.00	75.00	5.33	2	4	12	

14	5	257.218	7
1	9.00	28.00	45.82	24.40	37.00	1	14	
2	45.82	24.40	78.67	21.20	33.00	0	
3	78.67	21.20	171.94	12.09	93.72	1	18	
4	171.94	12.09	175.02	11.79	3.09	0	
5	175.02	11.79	206.83	8.68	31.96	1	1	
6	206.83	8.68	257.04	3.78	50.45	0	
7	257.04	3.78	265.00	3.00	8.00	1	5	

14	6	276.261	11
1	9.00	28.00	28.93	41.64	24.15	1	14	
2	28.93	41.64	39.54	48.89	12.85	2	14	15	
3	39.54	48.89	54.31	59.00	17.90	1	15	
4	54.31	59.00	73.05	71.82	22.70	0	
5	73.05	71.82	94.52	86.51	26.01	1	13	
6	94.52	86.51	95.40	87.12	1.08	0	
7	95.40	87.12	109.94	97.07	17.62	1	8	
8	109.94	97.07	123.02	106.02	15.85	0	
9	123.02	106.02	153.31	126.74	36.69	1	17	
10	153.31	126.74	224.62	175.53	86.41	0	
11	224.62	175.53	237.00	184.00	15.00	1	6	

14	7	229.172	5
1	9.00	28.00	14.28	41.79	14.77	1	14	
2	14.28	41.79	22.24	62.55	22.23	2	14	15	
3	22.24	62.55	41.12	111.84	52.78	1	15	
4	41.12	111.84	75.97	202.78	97.39	0	
5	75.97	202.78	91.00	242.00	42.00	1	7	

14	8	113.600	7
1	9.00	28.00	26.81	41.31	22.23	1	14	
2	26.81	41.31	38.64	50.15	14.77	2	14	15	
3	38.64	50.15	56.79	63.71	22.66	1	15	
4	56.79	63.71	73.32	76.06	20.63	0	
5	73.32	76.06	89.23	87.95	19.86	1	13	
6	89.23	87.95	91.99	90.01	3.45	0	
7	91.99	90.01	100.00	96.00	10.00	1	8	

14	9	247.421	8
1	9.00	28.00	19.10	41.11	16.55	1	14	
2	19.10	41.11	31.58	57.31	20.45	2	14	15	
3	31.58	57.31	57.90	91.47	43.12	1	15	
4	57.90	91.47	89.00	131.83	50.96	0	
5	89.00	131.83	121.48	174.00	53.22	1	17	
6	121.48	174.00	145.13	204.70	38.76	0	
7	145.13	204.70	145.96	205.78	1.36	1	20	
8	145.96	205.78	160.00	224.00	23.00	2	9	20	

14	10	317.044	9
1	9.00	28.00	24.29	41.07	20.11	1	14	
2	24.29	41.07	37.13	52.04	16.89	2	14	15	
3	37.13	52.04	59.11	70.83	28.92	1	15	
4	59.11	70.83	90.09	97.31	40.75	0	
5	90.09	97.31	100.25	106.00	13.37	1	8	
6	100.25	106.00	105.35	110.36	6.71	0	
7	105.35	110.36	153.87	151.83	63.84	1	17	
8	153.87	151.83	248.48	232.70	124.46	0	
9	248.48	232.70	250.00	234.00	2.00	1	10	

14	11	295.237	9
1	9.00	28.00	42.46	43.79	37.00	1	14	
2	42.46	43.79	78.97	61.02	40.37	0	
3	78.97	61.02	87.99	65.28	9.97	1	13	
4	87.99	65.28	102.99	72.35	16.58	2	13	18	
5	102.99	72.35	127.66	84.00	27.28	1	18	
6	127.66	84.00	224.02	129.47	106.56	0	
7	224.02	129.47	243.29	138.56	21.30	1	16	
8	243.29	138.56	259.72	146.32	18.17	0	
9	259.72	146.32	276.00	154.00	18.00	1	11	

14	12	277.705	8
1	9.00	28.00	45.24	35.46	37.00	1	14	
2	45.24	35.46	69.07	40.37	24.33	0	
3	69.07	40.37	74.94	41.58	6.00	1	3	
4	74.94	41.58	77.67	42.14	2.78	0	
5	77.67	42.14	169.11	60.96	93.36	1	18	
6	169.11	60.96	257.49	79.16	90.23	0	
7	257.49	79.16	266.31	80.98	9.01	1	4	
8	266.31	80.98	281.00	84.00	15.00	2	4	12	

14	13	90.918	5
1	9.00	28.00	38.13	44.59	33.53	1	14	
2	38.13	44.59	41.15	46.31	3.47	2	14	15	
3	41.15	46.31	43.37	47.58	2.55	1	15	
4	43.37	47.58	74.97	65.58	36.37	0	
5	74.97	65.58	88.00	73.00	15.00	1	13	

14	14	0	0

14	15	52.631	3
1	9.00	28.00	12.61	42.18	14.63	1	14	
2	12.61	42.18	18.14	63.85	22.37	2	14	15	
3	18.14	63.85	22.00	79.00	15.63	1	15	

14	16	248.767	5
1	9.00	28.00	41.57	45.55	37.00	1	14	
2	41.57	45.55	75.95	64.07	39.05	0	
3	75.95	64.07	102.09	78.16	29.69	1	13	
4	102.09	78.16	213.03	137.94	126.03	0	
5	213.03	137.94	228.00	146.00	17.00	1	16	

14	17	159.101	5
1	9.00	28.00	22.12	41.00	18.47	1	14	
2	22.12	41.00	35.28	54.05	18.53	2	14	15	
3	35.28	54.05	60.00	78.55	34.80	1	15	
4	60.00	78.55	97.85	116.07	53.30	0	
5	97.85	116.07	122.00	140.00	34.00	1	17	

14	18	118.152	3
1	9.00	28.00	45.95	29.88	37.00	1	14	
2	45.95	29.88	77.06	31.46	31.15	0	
3	77.06	31.46	127.00	34.00	50.00	1	18	

14	19	231.311	7
1	9.00	28.00	45.95	26.08	37.00	1	14	
2	45.95	26.08	77.93	24.42	32.02	0	
3	77.93	24.42	174.82	19.39	97.02	1	18	
4	174.82	19.39	177.30	19.26	2.48	0	
5	177.30	19.26	205.49	17.79	28.23	1	1	
6	205.49	17.79	233.01	16.36	27.56	0	
7	233.01	16.36	240.00	16.00	7.00	1	19	

14	20	241.603	8
1	9.00	28.00	18.75	41.14	16.36	1	14	
2	18.75	41.14	31.05	57.71	20.64	2	14	15	
3	31.05	57.71	57.30	93.07	44.04	1	15	
4	57.30	93.07	88.38	134.94	52.14	0	
5	88.38	134.94	117.11	173.65	48.20	1	17	
6	117.11	173.65	141.68	206.74	41.22	0	
7	141.68	206.74	142.99	208.52	2.21	1	20	
8	142.99	208.52	153.00	222.00	16.79	2	9	20	

15	0	82.006	3
1	22.00	79.00	17.81	63.94	15.64	1	15	
2	17.81	63.94	11.81	42.39	22.36	1	14	
3	11.81	42.39	0.00	0.00	44.01	1	14	

15	1	182.168	5
1	22.00	79.00	57.25	64.82	38.00	1	15	
2	57.25	64.82	81.63	55.01	26.27	0	
3	81.63	55.01	174.28	17.73	99.87	1	18	
4	174.28	17.73	176.16	16.97	2.02	0	
5	176.16	16.97	191.00	11.00	16.00	1	1	

15	2	224.379	5
1	22.00	79.00	40.80	112.02	38.00	1	15	
2	40.80	112.02	90.88	200.00	101.23	0	
3	90.88	200.00	127.05	263.55	73.12	1	7	
4	127.05	263.55	127.56	264.44	1.03	0	
5	127.56	264.44	133.00	274.00	11.00	1	2	

15	3	62.801	3
1	22.00	79.00	52.25	56.01	38.00	1	15	
2	52.25	56.01	69.61	42.82	21.80	0	
3	69.61	42.82	72.00	41.00	3.00	1	3	

15	4	253.032	8
1	22.00	79.00	60.00	78.40	38.00	1	15	
2	60.00	78.40	73.92	78.18	13.93	0	
3	73.92	78.18	102.23	77.73	28.32	1	13	
4	102.23	77.73	102.75	77.72	0.51	0	
5	102.75	77.72	152.62	76.93	49.88	1	18	
6	152.62	76.93	257.00	75.28	104.39	0	
7	257.00	75.28	268.93	75.10	11.93	1	4	
8	268.93	75.10	275.00	75.00	6.07	2	4	12	

15	5	254.608	11
1	22.00	79.00	58.27	67.66	38.00	1	15	
2	58.27	67.66	78.63	61.29	21.33	0	
3	78.63	61.29	84.05	59.59	5.68	1	13	
4	84.05	59.59	89.03	58.04	5.22	2	13	18	
5	89.03	58.04	176.88	30.56	92.05	1	18	
6	176.88	30.56	188.76	26.84	12.45	0	
7	188.76	26.84	201.86	22.75	13.72	1	1	
8	201.86	22.75	233.80	12.76	33.46	0	
9	233.80	12.76	243.25	9.80	9.91	1	19	
10	243.25	9.80	257.36	5.39	14.79	0	
11	257.36	5.39	265.00	3.00	8.00	1	5	

15	6	239.270	5
1	22.00	79.00	56.15	95.68	38.00	1	15	
2	56.15	95.68	97.87	116.05	46.43	0	
3	97.87	116.05	155.73	144.31	64.39	1	17	
4	155.73	144.31	223.52	177.42	75.45	0	
5	223.52	177.42	237.00	184.00	15.00	1	6	

15	7	177.003	3
1	22.00	79.00	36.81	113.99	38.00	1	15	
2	36.81	113.99	74.63	203.32	97.00	0	
3	74.63	203.32	91.00	242.00	42.00	1	7	

15	8	79.831	3
1	22.00	79.00	59.13	87.09	38.00	1	15	
2	59.13	87.09	90.23	93.87	31.83	0	
3	90.23	93.87	100.00	96.00	10.00	1	8	

15	9	200.172	6
1	22.00	79.00	48.20	106.53	38.00	1	15	
2	48.20	106.53	89.47	149.89	59.87	0	
3	89.47	149.89	110.51	172.00	30.52	1	17	
4	110.51	172.00	142.83	205.95	46.87	0	
5	142.83	205.95	144.14	207.34	1.91	1	20	
6	144.14	207.34	160.00	224.00	23.00	2	9	20	

15	10	275.697	5
1	22.00	79.00	53.43	100.36	38.00	1	15	
2	53.43	100.36	91.04	125.94	45.49	0	
3	91.04	125.94	146.46	163.61	67.01	1	17	
4	146.46	163.61	248.35	232.88	123.20	0	
5	248.35	232.88	250.00	234.00	2.00	1	10	

15	11	264.841	9
1	22.00	79.00	58.44	89.76	38.00	1	15	
2	58.44	89.76	90.54	99.24	33.46	0	
3	90.54	99.24	106.19	103.86	16.31	1	8	
4	106.19	103.86	115.54	106.62	9.75	0	
5	115.54	106.62	145.56	115.48	31.30	1	17	
6	145.56	115.48	214.39	135.81	71.77	0	
7	214.39	135.81	244.96	144.83	31.87	1	16	
8	244.96	144.83	258.74	148.90	14.36	0	
9	258.74	148.90	276.00	154.00	18.00	1	11	

15	12	259.048	8
1	22.00	79.00	59.99	79.73	38.00	1	15	
2	59.99	79.73	74.74	80.02	14.75	0	
3	74.74	80.02	100.98	80.52	26.24	1	13	
4	100.98	80.52	109.09	80.68	8.11	0	
5	109.09	80.68	143.10	81.34	34.02	1	18	
6	143.10	81.34	259.18	83.58	116.10	0	
7	259.18	83.58	266.00	83.71	6.83	1	4	
8	266.00	83.71	281.00	84.00	15.00	2	4	12	

15	13	66.272	3
1	22.00	79.00	59.84	75.56	38.00	1	15	
2	59.84	75.56	73.06	74.36	13.27	0	
3	73.06	74.36	88.00	73.00	15.00	1	13	

15	14	52.631	3
1	22.00	79.00	18.14	63.85	15.63	1	15	
2	18.14	63.85	12.61	42.18	22.37	2	14	15	
3	12.61	42.18	9.00	28.00	14.63	1	14	

15	15	0	0

15	16	216.622	7
1	22.00	79.00	58.14	90.75	38.00	1	15	
2	58.14	90.75	91.78	101.70	35.38	0	
3	91.78	101.70	103.30	105.44	12.11	1	8	
4	103.30	105.44	110.82	107.89	7.92	0	
5	110.82	107.89	149.93	120.61	41.12	1	17	
6	149.93	120.61	211.83	140.74	65.10	0	
7	211.83	140.74	228.00	146.00	17.00	1	16	

15	17	117.137	3
1	22.00	79.00	54.44	98.79	38.00	1	15	
2	54.44	98.79	92.97	122.29	45.14	0	
3	92.97	122.29	122.00	140.00	34.00	1	17	

15	18	114.237	3
1	22.00	79.00	56.93	64.03	38.00	1	15	
2	56.93	64.03	81.04	53.70	26.24	0	
3	81.04	53.70	127.00	34.00	50.00	1	18	

15	19	226.921	7
1	22.00	79.00	58.51	68.45	38.00	1	15	
2	58.51	68.45	76.63	63.21	18.87	0	
3	76.63	63.21	84.82	60.85	8.52	1	13	
4	84.82	60.85	92.39	58.66	7.88	2	13	18	
5	92.39	58.66	177.00	34.21	88.07	1	18	
6	177.00	34.21	233.28	17.94	58.58	0	
7	233.28	17.94	240.00	16.00	7.00	1	19	

15	20	193.933	6
1	22.00	79.00	47.67	107.02	38.00	1	15	
2	47.67	107.02	91.34	154.69	64.65	0	
3	91.34	154.69	104.69	169.26	19.77	1	17	
4	104.69	169.26	140.17	207.99	52.52	0	
5	140.17	207.99	141.87	209.85	2.52	1	20	
6	141.87	209.85	153.00	222.00	16.48	2	9	20	

16	0	270.740	7
1	228.00	146.00	213.68	136.83	17.00	1	16	
2	213.68	136.83	130.94	83.84	98.26	0	
3	130.94	83.84	100.05	64.07	36.68	1	18	
4	100.05	64.07	91.07	58.32	10.66	2	13	18	
5	91.07	58.32	80.08	51.28	13.05	1	18	
6	80.08	51.28	45.97	29.44	40.50	0	
7	45.97	29.44	0.00	0.00	54.59	1	14	

16	1	139.979	3
1	228.00	146.00	223.51	129.60	17.00	1	16	
2	223.51	129.60	195.23	26.43	106.98	0	
3	195.23	26.43	191.00	11.00	16.00	1	1	

16	2	159.402	7
1	228.00	146.00	217.87	159.65	17.00	1	16	
2	217.87	159.65	179.34	211.56	64.64	0	
3	179.34	211.56	171.99	221.46	12.34	1	9	
4	171.99	221.46	157.99	240.33	23.50	2	9	20	
5	157.99	240.33	153.69	246.12	7.20	1	9	
6	153.69	246.12	139.56	265.17	23.72	0	
7	139.56	265.17	133.00	274.00	11.00	1	2	

16	3	188.045	5
1	228.00	146.00	213.90	136.51	17.00	1	16	
2	213.90	136.51	134.94	83.37	95.17	0	
3	134.94	83.37	78.28	45.22	68.31	1	18	
4	78.28	45.22	74.49	42.68	4.57	0	
5	74.49	42.68	72.00	41.00	3.00	1	3	

16	4	85.147	4
1	228.00	146.00	237.38	131.82	17.00	1	16	
2	237.38	131.82	265.06	90.01	50.15	0	
3	265.06	90.01	266.50	87.84	2.60	1	4	
4	266.50	87.84	275.00	75.00	15.40	2	4	12	

16	5	147.709	3
1	228.00	146.00	232.26	129.54	17.00	1	16	
2	232.26	129.54	263.00	10.74	122.71	0	
3	263.00	10.74	265.00	3.00	8.00	1	5	

16	6	39.051	3
1	228.00	146.00	231.92	162.54	17.00	1	16	
2	231.92	162.54	233.54	169.40	7.05	0	
3	233.54	169.40	237.00	184.00	15.00	1	6	

16	7	167.287	3
1	228.00	146.00	214.08	155.76	17.00	1	16	
2	214.08	155.76	125.40	217.90	108.29	0	
3	125.40	217.90	91.00	242.00	42.00	1	7	

16	8	137.419	5
1	228.00	146.00	212.17	139.81	17.00	1	16	
2	212.17	139.81	141.70	112.29	75.65	0	
3	141.70	112.29	126.30	106.27	16.54	1	17	
4	126.30	106.27	109.31	99.64	18.23	0	
5	109.31	99.64	100.00	96.00	10.00	1	8	

16	9	103.479	4
1	228.00	146.00	216.83	158.81	17.00	1	16	
2	216.83	158.81	175.11	206.66	63.48	0	
3	175.11	206.66	169.68	212.90	8.27	1	9	
4	169.68	212.90	160.00	224.00	14.73	2	9	20	

16	10	90.708	5
1	228.00	146.00	232.12	162.49	17.00	1	16	
2	232.12	162.49	233.83	169.34	7.06	0	
3	233.83	169.34	241.11	198.43	29.98	1	6	
4	241.11	198.43	249.51	232.06	34.67	0	
5	249.51	232.06	250.00	234.00	2.00	1	10	

16	11	48.662	3
1	228.00	146.00	244.77	148.79	17.00	1	16	
2	244.77	148.79	258.24	151.04	13.66	0	
3	258.24	151.04	276.00	154.00	18.00	1	11	

16	12	81.566	4
1	228.00	146.00	239.05	133.08	17.00	1	16	
2	239.05	133.08	271.25	95.40	49.57	0	
3	271.25	95.40	273.37	92.93	3.26	1	12	
4	273.37	92.93	281.00	84.00	11.74	2	4	12	

16	13	157.889	3
1	228.00	146.00	212.93	138.14	17.00	1	16	
2	212.93	138.14	101.30	79.94	125.89	0	
3	101.30	79.94	88.00	73.00	15.00	1	13	

16	14	248.767	5
1	228.00	146.00	213.03	137.94	17.00	1	16	
2	213.03	137.94	102.09	78.16	126.03	0	
3	102.09	78.16	75.95	64.07	29.69	1	13	
4	75.95	64.07	41.57	45.55	39.05	0	
5	41.57	45.55	9.00	28.00	37.00	1	14	

16	15	216.622	7
1	228.00	146.00	211.83	140.74	17.00	1	16	
2	211.83	140.74	149.93	120.61	65.10	0	
3	149.93	120.61	110.82	107.89	41.12	1	17	
4	110.82	107.89	103.30	105.44	7.92	0	
5	103.30	105.44	91.78	101.70	12.11	1	8	
6	91.78	101.70	58.14	90.75	35.38	0	
7	58.14	90.75	22.00	79.00	38.00	1	15	

16	16	0	0

16	17	106.170	3
1	228.00	146.00	211.03	145.04	17.00	1	16	
2	211.03	145.04	155.95	141.92	55.17	0	
3	155.95	141.92	122.00	140.00	34.00	1	17	

16	18	150.814	3
1	228.00	146.00	216.62	133.38	17.00	1	16	
2	216.62	133.38	160.48	71.13	83.81	0	
3	160.48	71.13	127.00	34.00	50.00	1	18	

16	19	130.553	3
1	228.00	146.00	229.56	129.07	17.00	1	16	
2	229.56	129.07	239.36	22.97	106.55	0	
3	239.36	22.97	240.00	16.00	7.00	1	19	

16	20	106.775	4
1	228.00	146.00	216.06	158.10	17.00	1	16	
2	216.06	158.10	170.97	203.79	64.19	0	
3	170.97	203.79	166.35	208.48	6.59	1	9	
4	166.35	208.48	153.00	222.00	19.00	2	9	20	

17	0	185.699	5
1	122.00	140.00	99.66	114.37	34.00	1	17	
2	99.66	114.37	57.84	66.38	63.66	0	
3	57.84	66.38	40.83	46.86	25.89	1	15	
4	40.83	46.86	39.41	45.22	2.17	2	14	15	
5	39.41	45.22	0.00	0.00	59.98	1	14	

17	1	146.294	5
1	122.00	140.00	138.04	110.02	34.00	1	17	
2	138.04	110.02	157.51	73.61	41.29	0	
3	157.51	73.61	176.88	37.39	41.08	1	18	
4	176.88	37.39	183.45	25.11	13.93	0	
5	183.45	25.11	191.00	11.00	16.00	1	1	

17	2	134.451	5
1	122.00	140.00	124.78	173.89	34.00	0	
2	124.78	173.89	128.88	223.87	50.15	0	
3	128.88	223.87	131.33	253.71	29.94	0	
4	131.33	253.71	132.10	263.04	9.36	0	
5	132.10	263.04	133.00	274.00	11.00	0	

17	3	110.910	7
1	122.00	140.00	106.67	109.65	34.00	1	17	
2	106.67	109.65	104.33	105.01	5.20	0	
3	104.33	105.01	95.32	87.17	20.00	1	8	
4	95.32	87.17	94.89	86.32	0.94	0	
5	94.89	86.32	81.37	59.55	30.00	1	13	
6	81.37	59.55	73.35	43.68	17.78	0	
7	73.35	43.68	72.00	41.00	3.00	1	3	

17	4	166.235	4
1	122.00	140.00	153.29	126.71	34.00	1	17	
2	153.29	126.71	258.43	82.04	114.23	0	
3	258.43	82.04	267.10	78.36	9.42	1	4	
4	267.10	78.36	275.00	75.00	8.58	2	4	12	

17	5	198.035	3
1	122.00	140.00	146.55	116.48	34.00	1	17	
2	146.55	116.48	259.22	8.53	156.04	0	
3	259.22	8.53	265.00	3.00	8.00	1	5	

17	6	123.130	3
1	122.00	140.00	153.76	152.15	34.00	1	17	
2	153.76	152.15	222.99	178.64	74.13	0	
3	222.99	178.64	237.00	184.00	15.00	1	6	

17	7	106.607	3
1	122.00	140.00	112.11	172.53	34.00	1	17	
2	112.11	172.53	103.21	201.81	30.61	0	
3	103.21	201.81	91.00	242.00	42.00	1	7	

17	8	49.193	3
1	122.00	140.00	106.79	109.59	34.00	1	17	
2	106.79	109.59	104.47	104.94	5.19	0	
3	104.47	104.94	100.00	96.00	10.00	1	8	

17	9	92.195	4
1	122.00	140.00	136.01	170.98	34.00	1	17	
2	136.01	170.98	150.52	203.04	35.20	0	
3	150.52	203.04	150.57	203.16	0.12	1	9	
4	150.57	203.16	160.00	224.00	22.88	2	9	20	

17	10	158.808	3
1	122.00	140.00	149.40	160.12	34.00	1	17	
2	149.40	160.12	248.39	232.82	122.81	0	
3	248.39	232.82	250.00	234.00	2.00	1	10	

17	11	154.635	5
1	122.00	140.00	155.86	143.08	34.00	1	17	
2	155.86	143.08	211.13	148.10	55.50	0	
3	211.13	148.10	244.21	151.11	33.22	1	16	
4	244.21	151.11	258.07	152.37	13.92	0	
5	258.07	152.37	276.00	154.00	18.00	1	11	

17	12	168.573	4
1	122.00	140.00	154.07	128.71	34.00	1	17	
2	154.07	128.71	264.68	89.75	117.27	0	
3	264.68	89.75	266.85	88.98	2.30	1	4	
4	266.85	88.98	281.00	84.00	15.00	2	4	12	

17	13	75.133	5
1	122.00	140.00	106.61	109.68	34.00	1	17	
2	106.61	109.68	104.26	105.05	5.20	0	
3	104.26	105.05	95.22	87.22	19.99	1	8	
4	95.22	87.22	94.79	86.38	0.94	0	
5	94.79	86.38	88.00	73.00	15.00	1	13	

17	14	159.101	5
1	122.00	140.00	97.85	116.07	34.00	1	17	
2	97.85	116.07	60.00	78.55	53.30	0	
3	60.00	78.55	35.28	54.05	34.80	1	15	
4	35.28	54.05	22.12	41.00	18.53	2	14	15	
5	22.12	41.00	9.00	28.00	18.47	1	14	

17	15	117.137	3
1	122.00	140.00	92.97	122.29	34.00	1	17	
2	92.97	122.29	54.44	98.79	45.14	0	
3	54.44	98.79	22.00	79.00	38.00	1	15	

17	16	106.170	3
1	122.00	140.00	155.95	141.92	34.00	1	17	
2	155.95	141.92	211.03	145.04	55.17	0	
3	211.03	145.04	228.00	146.00	17.00	1	16	

17	17	0	0

17	18	106.118	3
1	122.00	140.00	123.60	106.04	34.00	0	
2	123.60	106.04	124.64	83.95	22.12	0	
3	124.64	83.95	127.00	34.00	50.00	0	

17	19	171.172	3
1	122.00	140.00	145.44	115.37	34.00	1	17	
2	145.44	115.37	235.17	21.07	130.17	0	
3	235.17	21.07	240.00	16.00	7.00	1	19	

17	20	87.664	4
1	122.00	140.00	134.02	171.80	34.00	1	17	
2	134.02	171.80	146.28	204.23	34.66	0	
3	146.28	204.23	146.67	205.26	1.10	1	20	
4	146.67	205.26	153.00	222.00	17.90	2	9	20	

18	0	131.472	3
1	127.00	34.00	78.70	21.07	50.00	1	18	
2	78.70	21.07	41.99	11.24	38.01	0	
3	41.99	11.24	0.00	0.00	43.47	1	14	

18	1	68.007	3
1	127.00	34.00	174.05	17.09	50.00	1	18	
2	174.05	17.09	175.94	16.41	2.01	0	
3	175.94	16.41	191.00	11.00	16.00	1	1	

18	2	240.075	7
1	127.00	34.00	128.25	83.98	50.00	1	18	
2	128.25	83.98	128.82	106.69	22.72	0	
3	128.82	106.69	130.47	172.93	66.26	0	
4	130.47	172.93	131.97	232.75	59.84	0	
5	131.97	232.75	132.38	249.19	16.45	0	
6	132.38	249.19	132.73	263.00	13.82	0	
7	132.73	263.00	133.00	274.00	11.00	1	2	

18	3	55.444	3
1	127.00	34.00	77.40	40.31	50.00	1	18	
2	77.40	40.31	74.98	40.62	2.44	0	
3	74.98	40.62	72.00	41.00	3.00	1	3	

18	4	153.574	4
1	127.00	34.00	175.19	47.35	50.00	1	18	
2	175.19	47.35	257.65	70.19	85.57	0	
3	257.65	70.19	270.14	73.65	12.96	1	4	
4	270.14	73.65	275.00	75.00	5.04	2	4	12	

18	5	141.439	5
1	127.00	34.00	175.78	23.04	50.00	1	18	
2	175.78	23.04	179.57	22.19	3.88	0	
3	179.57	22.19	206.12	16.23	27.22	1	1	
4	206.12	16.23	257.19	4.75	52.34	0	
5	257.19	4.75	265.00	3.00	8.00	1	5	

18	6	186.011	5
1	127.00	34.00	156.57	74.32	50.00	1	18	
2	156.57	74.32	211.25	148.88	92.46	0	
3	211.25	148.88	220.22	161.11	15.17	1	16	
4	220.22	161.11	228.13	171.90	13.38	0	
5	228.13	171.90	237.00	184.00	15.00	1	6	

18	7	211.092	5
1	127.00	34.00	118.47	83.27	50.00	0	
2	118.47	83.27	114.39	106.86	23.95	0	
3	114.39	106.86	103.69	168.65	62.71	1	17	
4	103.69	168.65	98.16	200.62	32.44	0	
5	98.16	200.62	91.00	242.00	42.00	1	7	

18	8	67.624	3
1	127.00	34.00	107.04	79.84	50.00	1	18	
2	107.04	79.84	103.99	86.83	7.62	0	
3	103.99	86.83	100.00	96.00	10.00	1	8	

18	9	192.844	6
1	127.00	34.00	135.56	83.26	50.00	1	18	
2	135.56	83.26	140.45	111.44	28.60	0	
3	140.45	111.44	149.00	160.66	49.96	1	17	
4	149.00	160.66	156.06	201.34	41.28	0	
5	156.06	201.34	156.41	203.31	2.00	1	9	
6	156.41	203.31	160.00	224.00	21.00	2	9	20	

18	10	234.796	3
1	127.00	34.00	153.19	76.59	50.00	1	18	
2	153.19	76.59	248.95	232.30	182.80	0	
3	248.95	232.30	250.00	234.00	2.00	1	10	

18	11	191.314	3
1	127.00	34.00	165.94	65.36	50.00	1	18	
2	165.94	65.36	261.98	142.71	123.31	0	
3	261.98	142.71	276.00	154.00	18.00	1	11	

18	12	161.914	4
1	127.00	34.00	174.56	49.44	50.00	1	18	
2	174.56	49.44	257.04	76.22	86.72	0	
3	257.04	76.22	266.73	79.37	10.19	1	4	
4	266.73	79.37	281.00	84.00	15.00	2	4	12	

18	13	55.154	3
1	127.00	34.00	98.61	62.39	40.15	1	18	
2	98.61	62.39	91.64	69.36	9.85	2	13	18	
3	91.64	69.36	88.00	73.00	5.15	1	13	

18	14	118.152	3
1	127.00	34.00	77.06	31.46	50.00	1	18	
2	77.06	31.46	45.95	29.88	31.15	0	
3	45.95	29.88	9.00	28.00	37.00	1	14	

18	15	114.237	3
1	127.00	34.00	81.04	53.70	50.00	1	18	
2	81.04	53.70	56.93	64.03	26.24	0	
3	56.93	64.03	22.00	79.00	38.00	1	15	

18	16	150.814	3
1	127.00	34.00	160.48	71.13	50.00	1	18	
2	160.48	71.13	216.62	133.38	83.81	0	
3	216.62	133.38	228.00	146.00	17.00	1	16	

18	17	106.118	3
1	127.00	34.00	124.64	83.95	50.00	0	
2	124.64	83.95	123.60	106.04	22.12	0	
3	123.60	106.04	122.00	140.00	34.00	0	

18	18	0	0

18	19	114.425	5
1	127.00	34.00	176.38	26.13	50.00	1	18	
2	176.38	26.13	183.31	25.03	7.02	0	
3	183.31	25.03	202.67	21.95	19.60	1	1	
4	202.67	21.95	233.09	17.10	30.80	0	
5	233.09	17.10	240.00	16.00	7.00	1	19	

18	20	189.789	6
1	127.00	34.00	133.85	83.53	50.00	1	18	
2	133.85	83.53	137.47	109.72	26.45	0	
3	137.47	109.72	145.11	164.94	55.74	1	17	
4	145.11	164.94	150.39	203.11	38.53	0	
5	150.39	203.11	150.40	203.18	0.07	1	9	
6	150.40	203.18	153.00	222.00	19.00	2	9	20	

19	0	240.533	7
1	240.00	16.00	233.02	15.53	7.00	1	19	
2	233.02	15.53	206.76	13.78	26.32	0	
3	206.76	13.78	175.01	11.67	31.81	1	1	
4	175.01	11.67	171.62	11.44	3.40	0	
5	171.62	11.44	85.77	5.72	86.04	1	18	
6	85.77	5.72	35.69	2.38	50.18	0	
7	35.69	2.38	0.00	0.00	35.77	1	14	

19	1	49.254	3
1	240.00	16.00	233.04	15.29	7.00	1	19	
2	233.04	15.29	206.92	12.62	26.25	0	
3	206.92	12.62	191.00	11.00	16.00	1	1	

19	2	279.308	7
1	240.00	16.00	237.32	22.47	7.00	1	19	
2	237.32	22.47	163.18	201.22	193.52	0	
3	163.18	201.22	161.59	205.05	4.15	1	9	
4	161.59	205.05	147.08	240.05	37.89	2	9	20	
5	147.08	240.05	146.13	242.35	2.48	1	9	
6	146.13	242.35	137.21	263.84	23.27	0	
7	137.21	263.84	133.00	274.00	11.00	1	2	

19	3	169.850	7
1	240.00	16.00	233.08	17.03	7.00	1	19	
2	233.08	17.03	203.08	21.49	30.33	0	
3	203.08	21.49	182.50	24.56	20.80	1	1	
4	182.50	24.56	176.27	25.48	6.30	0	
5	176.27	25.48	77.39	40.20	99.97	1	18	
6	77.39	40.20	74.97	40.56	2.45	0	
7	74.97	40.56	72.00	41.00	3.00	1	3	

19	4	68.600	4
1	240.00	16.00	243.57	22.02	7.00	1	19	
2	243.57	22.02	265.82	59.52	43.60	0	
3	265.82	59.52	272.86	71.40	13.81	1	4	
4	272.86	71.40	275.00	75.00	4.19	2	4	12	

19	5	28.178	3
1	240.00	16.00	246.21	12.77	7.00	1	19	
2	246.21	12.77	257.90	6.69	13.18	0	
3	257.90	6.69	265.00	3.00	8.00	1	5	

19	6	168.027	5
1	240.00	16.00	239.88	23.00	7.00	0	
2	239.88	23.00	237.93	132.20	109.22	0	
3	237.93	132.20	237.43	160.15	27.95	0	
4	237.43	160.15	237.27	169.00	8.86	0	
5	237.27	169.00	237.00	184.00	15.00	1	6	

19	7	270.697	5
1	240.00	16.00	236.15	21.84	7.00	1	19	
2	236.15	21.84	155.80	143.72	145.98	0	
3	155.80	143.72	138.74	169.60	31.00	1	17	
4	138.74	169.60	114.12	206.94	44.72	0	
5	114.12	206.94	91.00	242.00	42.00	1	7	

19	8	161.245	5
1	240.00	16.00	233.92	19.47	7.00	1	19	
2	233.92	19.47	172.60	54.52	70.63	0	
3	172.60	54.52	121.53	83.70	58.82	1	18	
4	121.53	83.70	108.68	91.04	14.79	0	
5	108.68	91.04	100.00	96.00	10.00	1	8	

19	9	222.854	4
1	240.00	16.00	237.49	22.53	7.00	1	19	
2	237.49	22.53	168.26	202.53	192.85	0	
3	168.26	202.53	166.07	208.21	6.08	1	9	
4	166.07	208.21	160.00	224.00	16.92	2	9	20	

19	10	218.229	5
1	240.00	16.00	240.32	22.99	7.00	0	
2	240.32	22.99	247.20	173.00	150.17	0	
3	247.20	173.00	248.17	194.02	21.04	1	6	
4	248.17	194.02	249.91	232.00	38.03	0	
5	249.91	232.00	250.00	234.00	2.00	1	10	

19	11	142.618	3
1	240.00	16.00	241.77	22.77	7.00	1	19	
2	241.77	22.77	271.46	136.58	117.62	0	
3	271.46	136.58	276.00	154.00	18.00	1	11	

19	12	79.404	4
1	240.00	16.00	243.61	21.99	7.00	1	19	
2	243.61	21.99	266.13	59.34	43.61	0	
3	266.13	59.34	273.25	71.15	13.80	1	4	
4	273.25	71.15	281.00	84.00	15.00	2	4	12	

19	13	162.336	5
1	240.00	16.00	233.45	18.46	7.00	1	19	
2	233.45	18.46	176.67	39.75	60.64	0	
3	176.67	39.75	102.04	67.73	79.70	1	18	
4	102.04	67.73	93.36	70.99	9.28	2	13	18	
5	93.36	70.99	88.00	73.00	5.72	1	13	

19	14	231.311	7
1	240.00	16.00	233.01	16.36	7.00	1	19	
2	233.01	16.36	205.49	17.79	27.56	0	
3	205.49	17.79	177.30	19.26	28.23	1	1	
4	177.30	19.26	174.82	19.39	2.48	0	
5	174.82	19.39	77.93	24.42	97.02	1	18	
6	77.93	24.42	45.95	26.08	32.02	0	
7	45.95	26.08	9.00	28.00	37.00	1	14	

19	15	226.921	7
1	240.00	16.00	233.28	17.94	7.00	1	19	
2	233.28	17.94	177.00	34.21	58.58	0	
3	177.00	34.21	92.39	58.66	88.07	1	18	
4	92.39	58.66	84.82	60.85	7.88	2	13	18	
5	84.82	60.85	76.63	63.21	8.52	1	13	
6	76.63	63.21	58.51	68.45	18.87	0	
7	58.51	68.45	22.00	79.00	38.00	1	15	

19	16	130.553	3
1	240.00	16.00	239.36	22.97	7.00	1	19	
2	239.36	22.97	229.56	129.07	106.55	0	
3	229.56	129.07	228.00	146.00	17.00	1	16	

19	17	171.172	3
1	240.00	16.00	235.17	21.07	7.00	1	19	
2	235.17	21.07	145.44	115.37	130.17	0	
3	145.44	115.37	122.00	140.00	34.00	1	17	

19	18	114.425	5
1	240.00	16.00	233.09	17.10	7.00	1	19	
2	233.09	17.10	202.67	21.95	30.80	0	
3	202.67	21.95	183.31	25.03	19.60	1	1	
4	183.31	25.03	176.38	26.13	7.02	0	
5	176.38	26.13	127.00	34.00	50.00	1	18	

19	19	0	0

19	20	223.618	4
1	240.00	16.00	237.28	22.45	7.00	1	19	
2	237.28	22.45	161.84	201.07	193.90	0	
3	161.84	201.07	160.39	204.50	3.72	1	9	
4	160.39	204.50	153.00	222.00	19.00	2	9	20	

20	0	269.616	8
1	153.00	222.00	143.40	208.08	16.91	2	9	20	
2	143.40	208.08	142.22	206.36	2.09	1	20	
3	142.22	206.36	119.87	173.93	39.38	0	
4	119.87	173.93	89.53	129.91	53.47	1	17	
5	89.53	129.91	59.33	86.09	53.22	0	
6	59.33	86.09	36.42	52.84	40.38	1	15	
7	36.42	52.84	28.66	41.59	13.67	2	14	15	
8	28.66	41.59	0.00	0.00	50.51	1	14	

20	1	214.394	4
1	153.00	222.00	156.37	203.30	19.00	2	9	20	
2	156.37	203.30	156.74	201.23	2.10	1	9	
3	156.74	201.23	188.16	26.75	177.29	0	
4	188.16	26.75	191.00	11.00	16.00	1	1	

20	2	55.714	4
1	153.00	222.00	146.18	239.73	19.00	2	9	20	
2	146.18	239.73	145.40	241.77	2.18	1	9	
3	145.40	241.77	136.95	263.73	23.53	0	
4	136.95	263.73	133.00	274.00	11.00	1	2	

20	3	198.298	10
1	153.00	222.00	145.80	205.91	17.63	2	9	20	
2	145.80	205.91	145.24	204.66	1.37	1	20	
3	145.24	204.66	130.98	172.79	34.91	0	
4	130.98	172.79	103.53	111.45	67.20	1	17	
5	103.53	111.45	101.06	105.94	6.04	0	
6	101.06	105.94	93.29	88.58	19.02	1	8	
7	93.29	88.58	92.70	87.25	1.46	0	
8	92.70	87.25	80.51	60.01	29.84	1	13	
9	80.51	60.01	73.23	43.74	17.82	0	
10	73.23	43.74	72.00	41.00	3.00	1	3	

20	4	191.031	7
1	153.00	222.00	165.13	207.38	19.00	2	9	20	
2	165.13	207.38	168.93	202.80	5.94	1	9	
3	168.93	202.80	211.80	151.15	67.13	0	
4	211.80	151.15	230.08	129.13	28.62	1	16	
5	230.08	129.13	263.50	88.85	52.34	0	
6	263.50	88.85	266.10	85.72	4.06	1	4	
7	266.10	85.72	275.00	75.00	13.94	2	4	12	

20	5	245.978	4
1	153.00	222.00	161.65	205.08	19.00	2	9	20	
2	161.65	205.08	163.60	201.28	4.27	1	9	
3	163.60	201.28	261.36	10.12	214.71	0	
4	261.36	10.12	265.00	3.00	8.00	1	5	

20	6	92.195	4
1	153.00	222.00	170.31	214.17	19.00	2	9	20	
2	170.31	214.17	178.57	210.43	9.07	1	9	
3	178.57	210.43	223.33	190.18	49.13	0	
4	223.33	190.18	237.00	184.00	15.00	1	6	

20	7	65.146	4
1	153.00	222.00	137.21	227.09	16.59	2	9	20	
2	137.21	227.09	134.92	227.83	2.41	1	20	
3	134.92	227.83	130.97	229.11	4.15	0	
4	130.97	229.11	91.00	242.00	42.00	1	7	

20	8	136.693	6
1	153.00	222.00	146.13	205.66	17.73	2	9	20	
2	146.13	205.66	145.63	204.49	1.27	1	20	
3	145.63	204.49	132.16	172.45	34.76	0	
4	132.16	172.45	105.91	110.05	67.69	1	17	
5	105.91	110.05	103.88	105.22	5.24	0	
6	103.88	105.22	100.00	96.00	10.00	1	8	

20	9	7.280	1
1	153.00	222.00	160.00	224.00	7.28	2	9	20	

20	10	97.739	4
1	153.00	222.00	171.86	224.33	19.00	2	9	20	
2	171.86	224.33	182.94	225.70	11.16	1	9	
3	182.94	225.70	248.02	233.75	65.57	0	
4	248.02	233.75	250.00	234.00	2.00	1	10	

20	11	140.545	6
1	153.00	222.00	169.63	212.81	19.00	2	9	20	
2	169.63	212.81	177.13	208.66	8.58	1	9	
3	177.13	208.66	222.00	183.85	51.27	0	
4	222.00	183.85	244.85	171.22	26.11	1	6	
5	244.85	171.22	260.25	162.71	17.59	0	
6	260.25	162.71	276.00	154.00	18.00	1	11	

20	12	188.223	7
1	153.00	222.00	165.92	208.07	19.00	2	9	20	
2	165.92	208.07	170.25	203.41	6.36	1	9	
3	170.25	203.41	214.24	155.98	64.69	0	
4	214.24	155.98	236.92	131.53	33.35	1	16	
5	236.92	131.53	270.80	95.00	49.82	0	
6	270.80	95.00	272.78	92.86	2.91	1	12	
7	272.78	92.86	281.00	84.00	12.09	2	4	12	

20	13	162.561	8
1	153.00	222.00	145.93	205.80	17.67	2	9	20	
2	145.93	205.80	145.40	204.58	1.33	1	20	
3	145.40	204.58	131.47	172.65	34.84	0	
4	131.47	172.65	104.51	110.84	67.44	1	17	
5	104.51	110.84	102.28	105.74	5.57	0	
6	102.28	105.74	94.41	87.70	19.67	1	8	
7	94.41	87.70	94.00	86.75	1.04	0	
8	94.00	86.75	88.00	73.00	15.00	1	13	

20	14	241.603	8
1	153.00	222.00	142.99	208.52	16.79	2	9	20	
2	142.99	208.52	141.68	206.74	2.21	1	20	
3	141.68	206.74	117.11	173.65	41.22	0	
4	117.11	173.65	88.38	134.94	48.20	1	17	
5	88.38	134.94	57.30	93.07	52.14	0	
6	57.30	93.07	31.05	57.71	44.04	1	15	
7	31.05	57.71	18.75	41.14	20.64	2	14	15	
8	18.75	41.14	9.00	28.00	16.36	1	14	

20	15	193.933	6
1	153.00	222.00	141.87	209.85	16.48	2	9	20	
2	141.87	209.85	140.17	207.99	2.52	1	20	
3	140.17	207.99	104.69	169.26	52.52	0	
4	104.69	169.26	91.34	154.69	19.77	1	17	
5	91.34	154.69	47.67	107.02	64.65	0	
6	47.67	107.02	22.00	79.00	38.00	1	15	

20	16	106.775	4
1	153.00	222.00	166.35	208.48	19.00	2	9	20	
2	166.35	208.48	170.97	203.79	6.59	1	9	
3	170.97	203.79	216.06	158.10	64.19	0	
4	216.06	158.10	228.00	146.00	17.00	1	16	

20	17	87.664	4
1	153.00	222.00	146.67	205.26	17.90	2	9	20	
2	146.67	205.26	146.28	204.23	1.10	1	20	
3	146.28	204.23	134.02	171.80	34.66	0	
4	134.02	171.80	122.00	140.00	34.00	1	17	

20	18	189.789	6
1	153.00	222.00	150.40	203.18	19.00	2	9	20	
2	150.40	203.18	150.39	203.11	0.07	1	9	
3	150.39	203.11	145.11	164.94	38.53	0	
4	145.11	164.94	137.47	109.72	55.74	1	17	
5	137.47	109.72	133.85	83.53	26.45	0	
6	133.85	83.53	127.00	34.00	50.00	1	18	

20	19	223.618	4
1	153.00	222.00	160.39	204.50	19.00	2	9	20	
2	160.39	204.50	161.84	201.07	3.72	1	9	
3	161.84	201.07	237.28	22.45	193.90	0	
4	237.28	22.45	240.00	16.00	7.00	1	19	

20	20	0	0