8	72	2	0.001	30.0
0.000	0.000	0.000	7.000	0.000
64.000	15.000	18.000	5.000	6.000
228.000	152.000	18.000	8.000	19.000
35.000	233.000	6.000	9.000	13.000
19.000	76.000	2.000	10.000	4.000
210.000	60.000	9.000	2.000	17.000
4.000	135.000	49.000	2.000	19.000
37.000	119.000	9.000	5.000	5.000

0	0	0	0

0	1	65.734	2
1	0.00	0.00	46.47	10.89	47.73	0	
2	46.47	10.89	64.00	15.00	18.00	1	1	

0	2	274.022	2
1	0.00	0.00	213.02	142.02	256.02	0	
2	213.02	142.02	228.00	152.00	18.00	1	2	

0	3	235.614	4
1	0.00	0.00	13.04	86.84	87.82	0	
2	13.04	86.84	26.79	178.38	92.56	0	
3	26.79	178.38	34.11	227.07	49.24	0	
4	34.11	227.07	35.00	233.00	6.00	1	3	

0	4	78.339	2
1	0.00	0.00	18.51	74.06	76.34	0	
2	18.51	74.06	19.00	76.00	2.00	1	4	

0	5	218.403	4
1	0.00	0.00	46.09	13.17	47.94	0	
2	46.09	13.17	80.17	22.91	35.44	1	1	
3	80.17	22.91	201.35	57.53	126.02	0	
4	201.35	57.53	210.00	60.00	9.00	1	5	

0	6	135.059	2
1	0.00	0.00	2.55	86.02	86.06	0	
2	2.55	86.02	4.00	135.00	49.00	1	6	

0	7	124.619	3
1	0.00	0.00	28.84	92.76	97.14	0	
2	28.84	92.76	34.33	110.41	18.47	1	6	
3	34.33	110.41	37.00	119.00	9.00	2	6	7	

1	0	65.734	2
1	64.00	15.00	46.47	10.89	18.00	1	1	
2	46.47	10.89	0.00	0.00	47.73	0	

1	1	0	0

1	2	213.694	3
1	64.00	15.00	77.81	26.54	18.00	1	1	
2	77.81	26.54	214.19	140.46	177.69	0	
3	214.19	140.46	228.00	152.00	18.00	1	2	

1	3	219.920	5
1	64.00	15.00	61.63	32.84	18.00	1	1	
2	61.63	32.84	50.21	118.69	86.60	0	
3	50.21	118.69	44.34	162.82	44.52	1	6	
4	44.34	162.82	35.79	227.05	64.80	0	
5	35.79	227.05	35.00	233.00	6.00	1	3	

1	4	75.802	3
1	64.00	15.00	53.31	29.49	18.00	1	1	
2	53.31	29.49	20.19	74.39	55.80	0	
3	20.19	74.39	19.00	76.00	2.00	1	4	

1	5	152.778	3
1	64.00	15.00	81.20	20.30	18.00	1	1	
2	81.20	20.30	201.40	57.35	125.78	0	
3	201.40	57.35	210.00	60.00	9.00	1	5	

1	6	134.164	3
1	64.00	15.00	55.95	31.10	18.00	1	1	
2	55.95	31.10	25.91	91.17	67.16	0	
3	25.91	91.17	4.00	135.00	49.00	1	6	

1	7	107.448	4
1	64.00	15.00	59.48	32.42	18.00	1	1	
2	59.48	32.42	41.14	103.04	72.96	0	
3	41.14	103.04	39.26	110.29	7.49	1	6	
4	39.26	110.29	37.00	119.00	9.00	2	6	7	

2	0	274.022	2
1	228.00	152.00	213.02	142.02	18.00	1	2	
2	213.02	142.02	0.00	0.00	256.02	0	

2	1	213.694	3
1	228.00	152.00	214.19	140.46	18.00	1	2	
2	214.19	140.46	77.81	26.54	177.69	0	
3	77.81	26.54	64.00	15.00	18.00	1	1	

2	2	0	0

2	3	209.308	3
1	228.00	152.00	211.40	158.97	18.00	1	2	
2	211.40	158.97	40.53	230.68	185.31	0	
3	40.53	230.68	35.00	233.00	6.00	1	3	

2	4	222.389	3
1	228.00	152.00	211.08	145.85	18.00	1	2	
2	211.08	145.85	20.88	76.68	202.39	0	
3	20.88	76.68	19.00	76.00	2.00	1	4	

2	5	93.744	3
1	228.00	152.00	224.54	134.34	18.00	1	2	
2	224.54	134.34	211.73	68.83	66.74	0	
3	211.73	68.83	210.00	60.00	9.00	1	5	

2	6	224.644	3
1	228.00	152.00	210.05	150.64	18.00	1	2	
2	210.05	150.64	52.86	138.71	157.64	0	
3	52.86	138.71	4.00	135.00	49.00	1	6	

2	7	193.830	4
1	228.00	152.00	210.26	148.94	18.00	1	2	
2	210.26	148.94	51.08	121.43	161.54	0	
3	51.08	121.43	45.87	120.53	5.29	1	6	
4	45.87	120.53	37.00	119.00	9.00	2	6	7	

3	0	235.614	4
1	35.00	233.00	34.11	227.07	6.00	1	3	
2	34.11	227.07	26.79	178.38	49.24	0	
3	26.79	178.38	13.04	86.84	92.56	0	
4	13.04	86.84	0.00	0.00	87.82	0	

3	1	219.920	5
1	35.00	233.00	35.79	227.05	6.00	1	3	
2	35.79	227.05	44.34	162.82	64.80	0	
3	44.34	162.82	50.21	118.69	44.52	1	6	
4	50.21	118.69	61.63	32.84	86.60	0	
5	61.63	32.84	64.00	15.00	18.00	1	1	

3	2	209.308	3
1	35.00	233.00	40.53	230.68	6.00	1	3	
2	40.53	230.68	211.40	158.97	185.31	0	
3	211.40	158.97	228.00	152.00	18.00	1	2	

3	3	0	0

3	4	157.813	5
1	35.00	233.00	34.39	227.03	6.00	1	3	
2	34.39	227.03	29.29	176.97	50.32	0	
3	29.29	176.97	20.30	88.79	88.63	0	
4	20.30	88.79	19.20	77.99	10.86	0	
5	19.20	77.99	19.00	76.00	2.00	1	4	

3	5	246.077	3
1	35.00	233.00	39.27	228.78	6.00	1	3	
2	39.27	228.78	203.60	66.33	231.08	0	
3	203.60	66.33	210.00	60.00	9.00	1	5	

3	6	102.786	3
1	35.00	233.00	33.19	227.28	6.00	1	3	
2	33.19	227.28	18.78	181.72	47.79	0	
3	18.78	181.72	4.00	135.00	49.00	0	

3	7	114.018	4
1	35.00	233.00	35.11	227.00	6.00	1	3	
2	35.11	227.00	36.07	172.05	54.96	0	
3	36.07	172.05	36.84	128.00	44.06	0	
4	36.84	128.00	37.00	119.00	9.00	1	6	

4	0	78.339	2
1	19.00	76.00	18.51	74.06	2.00	1	4	
2	18.51	74.06	0.00	0.00	76.34	0	

4	1	75.802	3
1	19.00	76.00	20.19	74.39	2.00	1	4	
2	20.19	74.39	53.31	29.49	55.80	0	
3	53.31	29.49	64.00	15.00	18.00	1	1	

4	2	222.389	3
1	19.00	76.00	20.88	76.68	2.00	1	4	
2	20.88	76.68	211.08	145.85	202.39	0	
3	211.08	145.85	228.00	152.00	18.00	1	2	

4	3	157.813	5
1	19.00	76.00	19.20	77.99	2.00	1	4	
2	19.20	77.99	20.30	88.79	10.86	0	
3	20.30	88.79	29.29	176.97	88.63	0	
4	29.29	176.97	34.39	227.03	50.32	0	
5	34.39	227.03	35.00	233.00	6.00	1	3	

4	4	0	0

4	5	191.669	3
1	19.00	76.00	20.99	75.83	2.00	1	4	
2	20.99	75.83	201.03	60.75	180.67	0	
3	201.03	60.75	210.00	60.00	9.00	1	5	

4	6	60.877	3
1	19.00	76.00	18.51	77.94	2.00	1	4	
2	18.51	77.94	16.07	87.51	9.88	0	
3	16.07	87.51	4.00	135.00	49.00	1	6	

4	7	46.615	4
1	19.00	76.00	19.77	77.84	2.00	1	4	
2	19.77	77.84	25.21	90.83	14.07	0	
3	25.21	90.83	33.52	110.70	21.54	1	6	
4	33.52	110.70	37.00	119.00	9.00	2	6	7	

5	0	218.403	4
1	210.00	60.00	201.35	57.53	9.00	1	5	
2	201.35	57.53	80.17	22.91	126.02	0	
3	80.17	22.91	46.09	13.17	35.44	1	1	
4	46.09	13.17	0.00	0.00	47.94	0	

5	1	152.778	3
1	210.00	60.00	201.40	57.35	9.00	1	5	
2	201.40	57.35	81.20	20.30	125.78	0	
3	81.20	20.30	64.00	15.00	18.00	1	1	

5	2	93.744	3
1	210.00	60.00	211.73	68.83	9.00	1	5	
2	211.73	68.83	224.54	134.34	66.74	0	
3	224.54	134.34	228.00	152.00	18.00	1	2	

5	3	246.077	3
1	210.00	60.00	203.60	66.33	9.00	1	5	
2	203.60	66.33	39.27	228.78	231.08	0	
3	39.27	228.78	35.00	233.00	6.00	1	3	

5	4	191.669	3
1	210.00	60.00	201.03	60.75	9.00	1	5	
2	201.03	60.75	20.99	75.83	180.67	0	
3	20.99	75.83	19.00	76.00	2.00	1	4	

5	5	0	0

5	6	219.228	5
1	210.00	60.00	201.54	63.08	9.00	1	5	
2	201.54	63.08	50.04	118.24	161.23	0	
3	50.04	118.24	45.97	119.72	4.33	1	6	
4	45.97	119.72	30.59	125.32	16.37	2	6	7	
5	30.59	125.32	4.00	135.00	28.30	1	6	

5	7	182.784	4
1	210.00	60.00	201.48	62.91	9.00	1	5	
2	201.48	62.91	48.73	115.00	161.39	0	
3	48.73	115.00	45.52	116.09	3.40	1	6	
4	45.52	116.09	37.00	119.00	9.00	2	6	7	

6	0	135.059	2
1	4.00	135.00	2.55	86.02	49.00	1	6	
2	2.55	86.02	0.00	0.00	86.06	0	

6	1	134.164	3
1	4.00	135.00	25.91	91.17	49.00	1	6	
2	25.91	91.17	55.95	31.10	67.16	0	
3	55.95	31.10	64.00	15.00	18.00	1	1	

6	2	224.644	3
1	4.00	135.00	52.86	138.71	49.00	1	6	
2	52.86	138.71	210.05	150.64	157.64	0	
3	210.05	150.64	228.00	152.00	18.00	1	2	

6	3	102.786	3
1	4.00	135.00	18.78	181.72	49.00	0	
2	18.78	181.72	33.19	227.28	47.79	0	
3	33.19	227.28	35.00	233.00	6.00	1	3	

6	4	60.877	3
1	4.00	135.00	16.07	87.51	49.00	1	6	
2	16.07	87.51	18.51	77.94	9.88	0	
3	18.51	77.94	19.00	76.00	2.00	1	4	

6	5	219.228	5
1	4.00	135.00	30.59	125.32	28.30	1	6	
2	30.59	125.32	45.97	119.72	16.37	2	6	7	
3	45.97	119.72	50.04	118.24	4.33	1	6	
4	50.04	118.24	201.54	63.08	161.23	0	
5	201.54	63.08	210.00	60.00	9.00	1	5	

6	6	0	0

6	7	36.674	2
1	4.00	135.00	28.90	122.93	27.67	1	6	
2	28.90	122.93	37.00	119.00	9.00	2	6	7	

7	0	124.619	3
1	37.00	119.00	34.33	110.41	9.00	2	6	7	
2	34.33	110.41	28.84	92.76	18.47	1	6	
3	28.84	92.76	0.00	0.00	97.14	0	

7	1	107.448	4
1	37.00	119.00	39.26	110.29	9.00	2	6	7	
2	39.26	110.29	41.14	103.04	7.49	1	6	
3	41.14	103.04	59.48	32.42	72.96	0	
4	59.48	32.42	64.00	15.00	18.00	1	1	

7	2	193.830	4
1	37.00	119.00	45.87	120.53	9.00	2	6	7	
2	45.87	120.53	51.08	121.43	5.29	1	6	
3	51.08	121.43	210.26	148.94	161.54	0	
4	210.26	148.94	228.00	152.00	18.00	1	2	

7	3	114.018	4
1	37.00	119.00	36.84	128.00	9.00	1	6	
2	36.84	128.00	36.07	172.05	44.06	0	
3	36.07	172.05	35.11	227.00	54.96	0	
4	35.11	227.00	35.00	233.00	6.00	1	3	

7	4	46.615	4
1	37.00	119.00	33.52	110.70	9.00	2	6	7	
2	33.52	110.70	25.21	90.83	21.54	1	6	
3	25.21	90.83	19.77	77.84	14.07	0	
4	19.77	77.84	19.00	76.00	2.00	1	4	

7	5	182.784	4
1	37.00	119.00	45.52	116.09	9.00	2	6	7	
2	45.52	116.09	48.73	115.00	3.40	1	6	
3	48.73	115.00	201.48	62.91	161.39	0	
4	201.48	62.91	210.00	60.00	9.00	1	5	

7	6	36.674	2
1	37.00	119.00	28.90	122.93	9.00	2	6	7	
2	28.90	122.93	4.00	135.00	27.67	1	6	

7	7	0	0
