8	75	2	0.001	100.0
0.000	0.000	0.000	10.000	0.000
61.000	39.000	4.000	8.000	5.000
145.000	278.000	2.000	7.000	14.000
188.000	179.000	13.000	4.000	11.000
29.000	247.000	41.000	1.000	2.000
125.000	73.000	17.000	5.000	5.000
76.000	171.000	23.000	10.000	5.000
117.000	190.000	43.000	9.000	16.000

0	0	0	0

0	1	72.402	2
1	0.00	0.00	57.63	36.85	68.40	0	
2	57.63	36.85	61.00	39.00	4.00	1	1	

0	2	313.543	6
1	0.00	0.00	77.21	148.03	166.96	0	
2	77.21	148.03	84.45	161.91	15.65	1	6	
3	84.45	161.91	95.53	183.15	23.96	2	6	7	
4	95.53	183.15	121.41	232.77	55.97	1	7	
5	121.41	232.77	144.08	276.23	49.01	0	
6	144.08	276.23	145.00	278.00	2.00	1	2	

0	3	259.586	2
1	0.00	0.00	178.59	170.04	246.59	0	
2	178.59	170.04	188.00	179.00	13.00	1	3	

0	4	248.697	2
1	0.00	0.00	24.22	206.28	207.70	0	
2	24.22	206.28	29.00	247.00	41.00	1	4	

0	5	144.755	4
1	0.00	0.00	60.11	35.10	69.60	0	
2	60.11	35.10	64.84	37.86	5.48	1	1	
3	64.84	37.86	110.32	64.43	52.67	0	
4	110.32	64.43	125.00	73.00	17.00	1	5	

0	6	187.128	2
1	0.00	0.00	66.66	149.98	164.13	0	
2	66.66	149.98	76.00	171.00	23.00	1	6	

0	7	223.134	2
1	0.00	0.00	94.45	153.39	180.13	0	
2	94.45	153.39	117.00	190.00	43.00	1	7	

1	0	72.402	2
1	61.00	39.00	57.63	36.85	4.00	1	1	
2	57.63	36.85	0.00	0.00	68.40	0	

1	1	0	0

1	2	253.332	5
1	61.00	39.00	62.33	42.77	4.00	1	1	
2	62.33	42.77	100.16	150.43	114.11	0	
3	100.16	150.43	128.62	231.40	85.82	1	7	
4	128.62	231.40	144.34	276.11	47.39	0	
5	144.34	276.11	145.00	278.00	2.00	1	2	

1	3	189.021	3
1	61.00	39.00	63.69	41.96	4.00	1	1	
2	63.69	41.96	179.27	169.37	172.02	0	
3	179.27	169.37	188.00	179.00	13.00	1	3	

1	4	210.447	3
1	61.00	39.00	60.39	42.95	4.00	1	1	
2	60.39	42.95	35.23	206.48	165.45	0	
3	35.23	206.48	29.00	247.00	41.00	1	4	

1	5	72.471	3
1	61.00	39.00	64.53	40.88	4.00	1	1	
2	64.53	40.88	109.99	65.02	51.47	0	
3	109.99	65.02	125.00	73.00	17.00	1	5	

1	6	132.850	3
1	61.00	39.00	61.45	42.97	4.00	1	1	
2	61.45	42.97	73.40	148.15	105.85	0	
3	73.40	148.15	76.00	171.00	23.00	1	6	

1	7	161.050	3
1	61.00	39.00	62.39	42.75	4.00	1	1	
2	62.39	42.75	102.05	149.68	114.05	0	
3	102.05	149.68	117.00	190.00	43.00	1	7	

2	0	313.543	6
1	145.00	278.00	144.08	276.23	2.00	1	2	
2	144.08	276.23	121.41	232.77	49.01	0	
3	121.41	232.77	95.53	183.15	55.97	1	7	
4	95.53	183.15	84.45	161.91	23.96	2	6	7	
5	84.45	161.91	77.21	148.03	15.65	1	6	
6	77.21	148.03	0.00	0.00	166.96	0	

2	1	253.332	5
1	145.00	278.00	144.34	276.11	2.00	1	2	
2	144.34	276.11	128.62	231.40	47.39	0	
3	128.62	231.40	100.16	150.43	85.82	1	7	
4	100.16	150.43	62.33	42.77	114.11	0	
5	62.33	42.77	61.00	39.00	4.00	1	1	

2	2	0	0

2	3	107.935	3
1	145.00	278.00	145.80	276.17	2.00	1	2	
2	145.80	276.17	182.82	190.92	92.94	0	
3	182.82	190.92	188.00	179.00	13.00	1	3	

2	4	120.071	3
1	145.00	278.00	143.07	277.48	2.00	1	2	
2	143.07	277.48	68.61	257.59	77.07	0	
3	68.61	257.59	29.00	247.00	41.00	1	4	

2	5	205.973	5
1	145.00	278.00	144.81	276.01	2.00	1	2	
2	144.81	276.01	139.96	226.36	49.89	0	
3	139.96	226.36	132.50	149.89	76.83	0	
4	132.50	149.89	126.65	89.92	60.26	0	
5	126.65	89.92	125.00	73.00	17.00	1	5	

2	6	127.318	5
1	145.00	278.00	143.92	276.32	2.00	1	2	
2	143.92	276.32	115.97	232.99	51.56	0	
3	115.97	232.99	88.46	190.33	50.76	1	7	
4	88.46	190.33	77.42	173.20	20.38	2	6	7	
5	77.42	173.20	76.00	171.00	2.62	1	6	

2	7	92.347	3
1	145.00	278.00	144.39	276.09	2.00	1	2	
2	144.39	276.09	130.04	230.98	47.35	0	
3	130.04	230.98	117.00	190.00	43.00	1	7	

3	0	259.586	2
1	188.00	179.00	178.59	170.04	13.00	1	3	
2	178.59	170.04	0.00	0.00	246.59	0	

3	1	189.021	3
1	188.00	179.00	179.27	169.37	13.00	1	3	
2	179.27	169.37	63.69	41.96	172.02	0	
3	63.69	41.96	61.00	39.00	4.00	1	1	

3	2	107.935	3
1	188.00	179.00	182.82	190.92	13.00	1	3	
2	182.82	190.92	145.80	276.17	92.94	0	
3	145.80	276.17	145.00	278.00	2.00	1	2	

3	3	0	0

3	4	172.931	5
1	188.00	179.00	176.05	184.11	13.00	1	3	
2	176.05	184.11	159.99	190.98	17.47	0	
3	159.99	190.98	88.01	221.76	78.28	1	7	
4	88.01	221.76	66.70	230.88	23.18	0	
5	66.70	230.88	29.00	247.00	41.00	1	4	

3	5	123.309	3
1	188.00	179.00	181.36	167.82	13.00	1	3	
2	181.36	167.82	133.69	87.61	93.31	0	
3	133.69	87.61	125.00	73.00	17.00	1	5	

3	6	112.285	5
1	188.00	179.00	175.03	178.07	13.00	1	3	
2	175.03	178.07	157.94	176.85	17.14	0	
3	157.94	176.85	98.94	172.64	59.15	1	7	
4	98.94	172.64	78.34	171.17	20.65	2	6	7	
5	78.34	171.17	76.00	171.00	2.35	1	6	

3	7	71.847	3
1	188.00	179.00	175.15	180.99	13.00	1	3	
2	175.15	180.99	159.49	183.42	15.85	0	
3	159.49	183.42	117.00	190.00	43.00	1	7	

4	0	248.697	2
1	29.00	247.00	24.22	206.28	41.00	1	4	
2	24.22	206.28	0.00	0.00	207.70	0	

4	1	210.447	3
1	29.00	247.00	35.23	206.48	41.00	1	4	
2	35.23	206.48	60.39	42.95	165.45	0	
3	60.39	42.95	61.00	39.00	4.00	1	1	

4	2	120.071	3
1	29.00	247.00	68.61	257.59	41.00	1	4	
2	68.61	257.59	143.07	277.48	77.07	0	
3	143.07	277.48	145.00	278.00	2.00	1	2	

4	3	172.931	5
1	29.00	247.00	66.70	230.88	41.00	1	4	
2	66.70	230.88	88.01	221.76	23.18	0	
3	88.01	221.76	159.99	190.98	78.28	1	7	
4	159.99	190.98	176.05	184.11	17.47	0	
5	176.05	184.11	188.00	179.00	13.00	1	3	

4	4	0	0

4	5	198.726	5
1	29.00	247.00	48.81	211.10	41.00	1	4	
2	48.81	211.10	61.21	188.62	25.68	0	
3	61.21	188.62	83.02	149.10	45.14	1	6	
4	83.02	149.10	116.79	87.88	69.91	0	
5	116.79	87.88	125.00	73.00	17.00	1	5	

4	6	89.359	3
1	29.00	247.00	50.56	212.13	41.00	1	4	
2	50.56	212.13	63.90	190.56	25.36	0	
3	63.90	190.56	76.00	171.00	23.00	1	6	

4	7	104.848	3
1	29.00	247.00	63.41	224.71	41.00	1	4	
2	63.41	224.71	80.91	213.38	20.85	0	
3	80.91	213.38	117.00	190.00	43.00	1	7	

5	0	144.755	4
1	125.00	73.00	110.32	64.43	17.00	1	5	
2	110.32	64.43	64.84	37.86	52.67	0	
3	64.84	37.86	60.11	35.10	5.48	1	1	
4	60.11	35.10	0.00	0.00	69.60	0	

5	1	72.471	3
1	125.00	73.00	109.99	65.02	17.00	1	5	
2	109.99	65.02	64.53	40.88	51.47	0	
3	64.53	40.88	61.00	39.00	4.00	1	1	

5	2	205.973	5
1	125.00	73.00	126.65	89.92	17.00	1	5	
2	126.65	89.92	132.50	149.89	60.26	0	
3	132.50	149.89	139.96	226.36	76.83	0	
4	139.96	226.36	144.81	276.01	49.89	0	
5	144.81	276.01	145.00	278.00	2.00	1	2	

5	3	123.309	3
1	125.00	73.00	133.69	87.61	17.00	1	5	
2	133.69	87.61	181.36	167.82	93.31	0	
3	181.36	167.82	188.00	179.00	13.00	1	3	

5	4	198.726	5
1	125.00	73.00	116.79	87.88	17.00	1	5	
2	116.79	87.88	83.02	149.10	69.91	0	
3	83.02	149.10	61.21	188.62	45.14	1	6	
4	61.21	188.62	48.81	211.10	25.68	0	
5	48.81	211.10	29.00	247.00	41.00	1	4	

5	5	0	0

5	6	109.567	3
1	125.00	73.00	117.40	88.21	17.00	1	5	
2	117.40	88.21	86.29	150.43	69.57	0	
3	86.29	150.43	76.00	171.00	23.00	1	6	

5	7	117.273	3
1	125.00	73.00	123.84	89.96	17.00	1	5	
2	123.84	89.96	119.93	147.10	57.27	0	
3	119.93	147.10	117.00	190.00	43.00	1	7	

6	0	187.128	2
1	76.00	171.00	66.66	149.98	23.00	1	6	
2	66.66	149.98	0.00	0.00	164.13	0	

6	1	132.850	3
1	76.00	171.00	73.40	148.15	23.00	1	6	
2	73.40	148.15	61.45	42.97	105.85	0	
3	61.45	42.97	61.00	39.00	4.00	1	1	

6	2	127.318	5
1	76.00	171.00	77.42	173.20	2.62	1	6	
2	77.42	173.20	88.46	190.33	20.38	2	6	7	
3	88.46	190.33	115.97	232.99	50.76	1	7	
4	115.97	232.99	143.92	276.32	51.56	0	
5	143.92	276.32	145.00	278.00	2.00	1	2	

6	3	112.285	5
1	76.00	171.00	78.34	171.17	2.35	1	6	
2	78.34	171.17	98.94	172.64	20.65	2	6	7	
3	98.94	172.64	157.94	176.85	59.15	1	7	
4	157.94	176.85	175.03	178.07	17.14	0	
5	175.03	178.07	188.00	179.00	13.00	1	3	

6	4	89.359	3
1	76.00	171.00	63.90	190.56	23.00	1	6	
2	63.90	190.56	50.56	212.13	25.36	0	
3	50.56	212.13	29.00	247.00	41.00	1	4	

6	5	109.567	3
1	76.00	171.00	86.29	150.43	23.00	1	6	
2	86.29	150.43	117.40	88.21	69.57	0	
3	117.40	88.21	125.00	73.00	17.00	1	5	

6	6	0	0

6	7	45.188	3
1	76.00	171.00	77.99	171.92	2.19	1	6	
2	77.99	171.92	96.87	180.67	20.81	2	6	7	
3	96.87	180.67	117.00	190.00	22.19	1	7	

7	0	223.134	2
1	117.00	190.00	94.45	153.39	43.00	1	7	
2	94.45	153.39	0.00	0.00	180.13	0	

7	1	161.050	3
1	117.00	190.00	102.05	149.68	43.00	1	7	
2	102.05	149.68	62.39	42.75	114.05	0	
3	62.39	42.75	61.00	39.00	4.00	1	1	

7	2	92.347	3
1	117.00	190.00	130.04	230.98	43.00	1	7	
2	130.04	230.98	144.39	276.09	47.35	0	
3	144.39	276.09	145.00	278.00	2.00	1	2	

7	3	71.847	3
1	117.00	190.00	159.49	183.42	43.00	1	7	
2	159.49	183.42	175.15	180.99	15.85	0	
3	175.15	180.99	188.00	179.00	13.00	1	3	

7	4	104.848	3
1	117.00	190.00	80.91	213.38	43.00	1	7	
2	80.91	213.38	63.41	224.71	20.85	0	
3	63.41	224.71	29.00	247.00	41.00	1	4	

7	5	117.273	3
1	117.00	190.00	119.93	147.10	43.00	1	7	
2	119.93	147.10	123.84	89.96	57.27	0	
3	123.84	89.96	125.00	73.00	17.00	1	5	

7	6	45.188	3
1	117.00	190.00	96.87	180.67	22.19	1	7	
2	96.87	180.67	77.99	171.92	20.81	2	6	7	
3	77.99	171.92	76.00	171.00	2.19	1	6	

7	7	0	0
