8	76	2	0.001	60.0
0.000	0.000	0.000	5.000	0.000
141.000	175.000	50.000	9.000	14.000
184.000	52.000	30.000	5.000	12.000
263.000	245.000	36.000	10.000	7.000
21.000	229.000	33.000	9.000	15.000
7.000	205.000	14.000	9.000	12.000
175.000	120.000	5.000	8.000	2.000
271.000	0.000	48.000	2.000	6.000

0	0	0	0

0	1	224.735	2
1	0.00	0.00	109.63	136.07	174.74	0	
2	109.63	136.07	141.00	175.00	50.00	1	1	

0	2	191.207	2
1	0.00	0.00	155.13	43.84	161.21	0	
2	155.13	43.84	184.00	52.00	30.00	1	2	

0	3	359.436	4
1	0.00	0.00	134.62	125.41	183.98	0	
2	134.62	125.41	190.92	177.85	76.94	1	1	
3	190.92	177.85	236.66	220.46	62.51	0	
4	236.66	220.46	263.00	245.00	36.00	1	3	

0	4	229.961	4
1	0.00	0.00	17.99	196.14	196.96	0	
2	17.99	196.14	18.01	196.35	0.21	0	
3	18.01	196.35	19.40	211.51	15.22	2	4	5	
4	19.40	211.51	21.00	229.00	17.57	1	4	

0	5	205.119	3
1	0.00	0.00	6.52	191.01	191.12	0	
2	6.52	191.01	6.80	199.21	8.21	0	
3	6.80	199.21	7.00	205.00	5.79	2	4	5	

0	6	212.191	2
1	0.00	0.00	170.88	117.17	207.19	0	
2	170.88	117.17	175.00	120.00	5.00	1	6	

0	7	271.000	2
1	0.00	0.00	223.00	0.00	223.00	0	
2	223.00	0.00	271.00	0.00	48.00	1	7	

1	0	224.735	2
1	141.00	175.00	109.63	136.07	50.00	1	1	
2	109.63	136.07	0.00	0.00	174.74	0	

1	1	0	0

1	2	130.300	3
1	141.00	175.00	157.50	127.80	50.00	1	1	
2	157.50	127.80	174.10	80.32	50.30	0	
3	174.10	80.32	184.00	52.00	30.00	0	

1	3	140.656	3
1	141.00	175.00	184.37	199.88	50.00	1	1	
2	184.37	199.88	231.77	227.08	54.66	0	
3	231.77	227.08	263.00	245.00	36.00	1	3	

1	4	131.590	3
1	141.00	175.00	95.40	195.52	50.00	1	1	
2	95.40	195.52	51.09	215.46	48.59	0	
3	51.09	215.46	21.00	229.00	33.00	1	4	

1	5	137.317	4
1	141.00	175.00	92.21	185.92	50.00	1	1	
2	92.21	185.92	34.43	198.86	59.20	0	
3	34.43	198.86	20.66	201.94	14.11	1	4	
4	20.66	201.94	7.00	205.00	14.00	2	4	5	

1	6	64.661	3
1	141.00	175.00	167.29	132.47	50.00	1	1	
2	167.29	132.47	172.37	124.25	9.66	0	
3	172.37	124.25	175.00	120.00	5.00	1	6	

1	7	218.002	3
1	141.00	175.00	170.82	134.86	50.00	1	1	
2	170.82	134.86	242.38	38.53	120.00	0	
3	242.38	38.53	271.00	0.00	48.00	0	

2	0	191.207	2
1	184.00	52.00	155.13	43.84	30.00	1	2	
2	155.13	43.84	0.00	0.00	161.21	0	

2	1	130.300	3
1	184.00	52.00	174.10	80.32	30.00	0	
2	174.10	80.32	157.50	127.80	50.30	0	
3	157.50	127.80	141.00	175.00	50.00	1	1	

2	2	0	0

2	3	208.543	3
1	184.00	52.00	195.36	79.76	30.00	1	2	
2	195.36	79.76	249.36	211.68	142.54	0	
3	249.36	211.68	263.00	245.00	36.00	1	3	

2	4	240.620	3
1	184.00	52.00	163.68	74.07	30.00	1	2	
2	163.68	74.07	43.35	204.73	177.62	0	
3	43.35	204.73	21.00	229.00	33.00	1	4	

2	5	233.962	4
1	184.00	52.00	161.30	71.62	30.00	1	2	
2	161.30	71.62	17.59	195.84	189.96	0	
3	17.59	195.84	17.15	196.23	0.58	1	5	
4	17.15	196.23	7.00	205.00	13.42	2	4	5	

2	6	68.593	3
1	184.00	52.00	180.06	81.74	30.00	0	
2	180.06	81.74	175.66	115.04	33.59	0	
3	175.66	115.04	175.00	120.00	5.00	1	6	

2	7	101.356	3
1	184.00	52.00	209.75	36.61	30.00	1	2	
2	209.75	36.61	229.80	24.63	23.36	0	
3	229.80	24.63	271.00	0.00	48.00	1	7	

3	0	359.436	4
1	263.00	245.00	236.66	220.46	36.00	1	3	
2	236.66	220.46	190.92	177.85	62.51	0	
3	190.92	177.85	134.62	125.41	76.94	1	1	
4	134.62	125.41	0.00	0.00	183.98	0	

3	1	140.656	3
1	263.00	245.00	231.77	227.08	36.00	1	3	
2	231.77	227.08	184.37	199.88	54.66	0	
3	184.37	199.88	141.00	175.00	50.00	1	1	

3	2	208.543	3
1	263.00	245.00	249.36	211.68	36.00	1	3	
2	249.36	211.68	195.36	79.76	142.54	0	
3	195.36	79.76	184.00	52.00	30.00	1	2	

3	3	0	0

3	4	242.528	3
1	263.00	245.00	227.08	242.62	36.00	1	3	
2	227.08	242.62	53.93	231.18	173.53	0	
3	53.93	231.18	21.00	229.00	33.00	1	4	

3	5	259.106	4
1	263.00	245.00	227.43	239.44	36.00	1	3	
2	227.43	239.44	49.02	211.57	180.58	0	
3	49.02	211.57	20.83	207.16	28.53	1	4	
4	20.83	207.16	7.00	205.00	14.00	2	4	5	

3	6	152.869	3
1	263.00	245.00	242.28	215.56	36.00	1	3	
2	242.28	215.56	177.88	124.09	111.87	0	
3	177.88	124.09	175.00	120.00	5.00	1	6	

3	7	245.131	3
1	263.00	245.00	264.17	209.02	36.00	0	
2	264.17	209.02	269.43	47.97	161.13	0	
3	269.43	47.97	271.00	0.00	48.00	1	7	

4	0	229.961	4
1	21.00	229.00	19.40	211.51	17.57	1	4	
2	19.40	211.51	18.01	196.35	15.22	2	4	5	
3	18.01	196.35	17.99	196.14	0.21	0	
4	17.99	196.14	0.00	0.00	196.96	0	

4	1	131.590	3
1	21.00	229.00	51.09	215.46	33.00	1	4	
2	51.09	215.46	95.40	195.52	48.59	0	
3	95.40	195.52	141.00	175.00	50.00	1	1	

4	2	240.620	3
1	21.00	229.00	43.35	204.73	33.00	1	4	
2	43.35	204.73	163.68	74.07	177.62	0	
3	163.68	74.07	184.00	52.00	30.00	1	2	

4	3	242.528	3
1	21.00	229.00	53.93	231.18	33.00	1	4	
2	53.93	231.18	227.08	242.62	173.53	0	
3	227.08	242.62	263.00	245.00	36.00	1	3	

4	4	0	0

4	5	27.785	2
1	21.00	229.00	14.05	217.09	13.78	1	4	
2	14.05	217.09	7.00	205.00	14.00	2	4	5	

4	6	188.672	5
1	21.00	229.00	47.94	209.94	33.00	1	4	
2	47.94	209.94	91.19	179.32	52.99	0	
3	91.19	179.32	161.64	129.46	86.31	1	1	
4	161.64	129.46	170.92	122.89	11.37	0	
5	170.92	122.89	175.00	120.00	5.00	1	6	

4	7	339.029	7
1	21.00	229.00	45.33	206.71	33.00	1	4	
2	45.33	206.71	92.30	163.69	63.68	0	
3	92.30	163.69	134.00	125.49	56.56	1	1	
4	134.00	125.49	181.59	81.90	64.53	0	
5	181.59	81.90	214.00	52.21	43.96	1	2	
6	214.00	52.21	235.60	32.42	29.30	0	
7	235.60	32.42	271.00	0.00	48.00	1	7	

5	0	205.119	3
1	7.00	205.00	6.80	199.21	5.79	2	4	5	
2	6.80	199.21	6.52	191.01	8.21	0	
3	6.52	191.01	0.00	0.00	191.12	0	

5	1	137.317	4
1	7.00	205.00	20.66	201.94	14.00	2	4	5	
2	20.66	201.94	34.43	198.86	14.11	1	4	
3	34.43	198.86	92.21	185.92	59.20	0	
4	92.21	185.92	141.00	175.00	50.00	1	1	

5	2	233.962	4
1	7.00	205.00	17.15	196.23	13.42	2	4	5	
2	17.15	196.23	17.59	195.84	0.58	1	5	
3	17.59	195.84	161.30	71.62	189.96	0	
4	161.30	71.62	184.00	52.00	30.00	1	2	

5	3	259.106	4
1	7.00	205.00	20.83	207.16	14.00	2	4	5	
2	20.83	207.16	49.02	211.57	28.53	1	4	
3	49.02	211.57	227.43	239.44	180.58	0	
4	227.43	239.44	263.00	245.00	36.00	1	3	

5	4	27.785	2
1	7.00	205.00	14.05	217.09	14.00	2	4	5	
2	14.05	217.09	21.00	229.00	13.78	1	4	

5	5	0	0

5	6	188.279	6
1	7.00	205.00	19.49	198.68	14.00	2	4	5	
2	19.49	198.68	24.43	196.18	5.54	1	4	
3	24.43	196.18	92.84	161.57	76.66	0	
4	92.84	161.57	158.71	128.24	73.82	1	1	
5	158.71	128.24	170.54	122.26	13.26	0	
6	170.54	122.26	175.00	120.00	5.00	1	6	

5	7	334.247	6
1	7.00	205.00	18.06	196.41	14.00	2	4	5	
2	18.06	196.41	18.46	196.10	0.52	1	4	
3	18.46	196.10	169.92	78.49	191.76	0	
4	169.92	78.49	213.15	44.92	54.74	1	2	
5	213.15	44.92	233.09	29.44	25.24	0	
6	233.09	29.44	271.00	0.00	48.00	1	7	

6	0	212.191	2
1	175.00	120.00	170.88	117.17	5.00	1	6	
2	170.88	117.17	0.00	0.00	207.19	0	

6	1	64.661	3
1	175.00	120.00	172.37	124.25	5.00	1	6	
2	172.37	124.25	167.29	132.47	9.66	0	
3	167.29	132.47	141.00	175.00	50.00	1	1	

6	2	68.593	3
1	175.00	120.00	175.66	115.04	5.00	1	6	
2	175.66	115.04	180.06	81.74	33.59	0	
3	180.06	81.74	184.00	52.00	30.00	0	

6	3	152.869	3
1	175.00	120.00	177.88	124.09	5.00	1	6	
2	177.88	124.09	242.28	215.56	111.87	0	
3	242.28	215.56	263.00	245.00	36.00	1	3	

6	4	188.672	5
1	175.00	120.00	170.92	122.89	5.00	1	6	
2	170.92	122.89	161.64	129.46	11.37	0	
3	161.64	129.46	91.19	179.32	86.31	1	1	
4	91.19	179.32	47.94	209.94	52.99	0	
5	47.94	209.94	21.00	229.00	33.00	1	4	

6	5	188.279	6
1	175.00	120.00	170.54	122.26	5.00	1	6	
2	170.54	122.26	158.71	128.24	13.26	0	
3	158.71	128.24	92.84	161.57	73.82	1	1	
4	92.84	161.57	24.43	196.18	76.66	0	
5	24.43	196.18	19.49	198.68	5.54	1	4	
6	19.49	198.68	7.00	205.00	14.00	2	4	5	

6	6	0	0

6	7	153.675	3
1	175.00	120.00	178.12	116.10	5.00	1	6	
2	178.12	116.10	241.01	37.48	100.67	0	
3	241.01	37.48	271.00	0.00	48.00	1	7	

7	0	271.000	2
1	271.00	0.00	223.00	0.00	48.00	1	7	
2	223.00	0.00	0.00	0.00	223.00	0	

7	1	218.002	3
1	271.00	0.00	242.38	38.53	48.00	0	
2	242.38	38.53	170.82	134.86	120.00	0	
3	170.82	134.86	141.00	175.00	50.00	1	1	

7	2	101.356	3
1	271.00	0.00	229.80	24.63	48.00	1	7	
2	229.80	24.63	209.75	36.61	23.36	0	
3	209.75	36.61	184.00	52.00	30.00	1	2	

7	3	245.131	3
1	271.00	0.00	269.43	47.97	48.00	1	7	
2	269.43	47.97	264.17	209.02	161.13	0	
3	264.17	209.02	263.00	245.00	36.00	0	

7	4	339.029	7
1	271.00	0.00	235.60	32.42	48.00	1	7	
2	235.60	32.42	214.00	52.21	29.30	0	
3	214.00	52.21	181.59	81.90	43.96	1	2	
4	181.59	81.90	134.00	125.49	64.53	0	
5	134.00	125.49	92.30	163.69	56.56	1	1	
6	92.30	163.69	45.33	206.71	63.68	0	
7	45.33	206.71	21.00	229.00	33.00	1	4	

7	5	334.247	6
1	271.00	0.00	233.09	29.44	48.00	1	7	
2	233.09	29.44	213.15	44.92	25.24	0	
3	213.15	44.92	169.92	78.49	54.74	1	2	
4	169.92	78.49	18.46	196.10	191.76	0	
5	18.46	196.10	18.06	196.41	0.52	1	4	
6	18.06	196.41	7.00	205.00	14.00	2	4	5	

7	6	153.675	3
1	271.00	0.00	241.01	37.48	48.00	1	7	
2	241.01	37.48	178.12	116.10	100.67	0	
3	178.12	116.10	175.00	120.00	5.00	1	6	

7	7	0	0
