8	80	2	0.001	120.0
0.000	0.000	0.000	3.000	0.000
107.000	88.000	48.000	1.000	11.000
257.000	63.000	6.000	3.000	19.000
223.000	165.000	4.000	2.000	16.000
15.000	269.000	1.000	6.000	5.000
128.000	104.000	40.000	9.000	3.000
1.000	260.000	31.000	3.000	5.000
299.000	23.000	22.000	4.000	2.000
 


0	0	0	0

0	1	138.539	3
1	0.00	0.00	69.93	57.51	90.54	0	
2	69.93	57.51	96.49	79.36	34.39	1	1	
3	96.49	79.36	107.00	88.00	13.61	2	1	5	

0	2	264.609	2
1	0.00	0.00	251.17	61.57	258.61	0	
2	251.17	61.57	257.00	63.00	6.00	1	2	

0	3	277.406	6
1	0.00	0.00	73.06	54.06	90.88	0	
2	73.06	54.06	100.85	74.62	34.57	1	1	
3	100.85	74.62	149.38	110.53	60.37	2	1	5	
4	149.38	110.53	164.03	121.37	18.22	1	5	
5	164.03	121.37	219.78	162.62	69.35	0	
6	219.78	162.62	223.00	165.00	4.00	1	3	

0	4	269.418	3
1	0.00	0.00	12.90	231.38	231.74	0	
2	12.90	231.38	14.94	268.00	36.68	1	6	
3	14.94	268.00	15.00	269.00	1.00	2	4	6	

0	5	164.924	3
1	0.00	0.00	70.27	57.10	90.54	0	
2	70.27	57.10	96.96	78.78	34.38	1	1	
3	96.96	78.78	128.00	104.00	40.00	2	1	5	

0	6	260.002	2
1	0.00	0.00	0.88	229.01	229.01	0	
2	0.88	229.01	1.00	260.00	30.99	1	6	

0	7	299.883	2
1	0.00	0.00	277.06	21.31	277.88	0	
2	277.06	21.31	299.00	23.00	22.00	1	7	

1	0	138.539	3
1	107.00	88.00	96.49	79.36	13.61	2	1	5	
2	96.49	79.36	69.93	57.51	34.39	1	1	
3	69.93	57.51	0.00	0.00	90.54	0	

1	1	0	0

1	2	152.069	4
1	107.00	88.00	154.35	80.11	48.00	2	1	5	
2	154.35	80.11	159.43	79.26	5.16	1	5	
3	159.43	79.26	251.08	63.99	92.91	0	
4	251.08	63.99	257.00	63.00	6.00	1	2	

1	3	139.230	4
1	107.00	88.00	146.99	114.55	48.00	2	1	5	
2	146.99	114.55	162.24	124.67	18.31	1	5	
3	162.24	124.67	219.67	162.79	68.92	0	
4	219.67	162.79	223.00	165.00	4.00	1	3	

1	4	203.039	5
1	107.00	88.00	91.06	119.35	35.17	2	1	5	
2	91.06	119.35	85.25	130.79	12.83	1	1	
3	85.25	130.79	27.64	244.14	127.15	0	
4	27.64	244.14	15.45	268.11	26.89	1	6	
5	15.45	268.11	15.00	269.00	1.00	2	4	6	

1	5	26.401	1
1	107.00	88.00	128.00	104.00	26.40	2	1	5	

1	6	202.040	4
1	107.00	88.00	89.81	115.89	32.77	2	1	5	
2	89.81	115.89	81.82	128.86	15.23	1	1	
3	81.82	128.86	17.26	233.61	123.04	0	
4	17.26	233.61	1.00	260.00	31.00	1	6	

1	7	202.704	4
1	107.00	88.00	152.47	72.61	48.00	2	1	5	
2	152.47	72.61	152.69	72.53	0.24	1	5	
3	152.69	72.53	278.16	30.05	132.46	0	
4	278.16	30.05	299.00	23.00	22.00	1	7	

2	0	264.609	2
1	257.00	63.00	251.17	61.57	6.00	1	2	
2	251.17	61.57	0.00	0.00	258.61	0	

2	1	152.069	4
1	257.00	63.00	251.08	63.99	6.00	1	2	
2	251.08	63.99	159.43	79.26	92.91	0	
3	159.43	79.26	154.35	80.11	5.16	1	5	
4	154.35	80.11	107.00	88.00	48.00	2	1	5	

2	2	0	0

2	3	107.517	3
1	257.00	63.00	255.10	68.69	6.00	1	2	
2	255.10	68.69	224.26	161.21	97.52	0	
3	224.26	161.21	223.00	165.00	4.00	1	3	

2	4	317.805	4
1	257.00	63.00	252.43	66.89	6.00	1	2	
2	252.43	66.89	31.58	254.89	290.04	0	
3	31.58	254.89	15.76	268.35	20.77	1	6	
4	15.76	268.35	15.00	269.00	1.00	2	4	6	

2	5	135.359	4
1	257.00	63.00	251.28	64.82	6.00	1	2	
2	251.28	64.82	166.12	91.88	89.36	0	
3	166.12	91.88	154.39	95.61	12.31	1	5	
4	154.39	95.61	128.00	104.00	27.69	2	1	5	

2	6	323.025	3
1	257.00	63.00	252.24	66.66	6.00	1	2	
2	252.24	66.66	25.57	241.09	286.02	0	
3	25.57	241.09	1.00	260.00	31.00	1	6	

2	7	58.000	3
1	257.00	63.00	261.34	58.86	6.00	1	2	
2	261.34	58.86	283.07	38.17	30.00	0	
3	283.07	38.17	299.00	23.00	22.00	1	7	

3	0	277.406	6
1	223.00	165.00	219.78	162.62	4.00	1	3	
2	219.78	162.62	164.03	121.37	69.35	0	
3	164.03	121.37	149.38	110.53	18.22	1	5	
4	149.38	110.53	100.85	74.62	60.37	2	1	5	
5	100.85	74.62	73.06	54.06	34.57	1	1	
6	73.06	54.06	0.00	0.00	90.88	0	

3	1	139.230	4
1	223.00	165.00	219.67	162.79	4.00	1	3	
2	219.67	162.79	162.24	124.67	68.92	0	
3	162.24	124.67	146.99	114.55	18.31	1	5	
4	146.99	114.55	107.00	88.00	48.00	2	1	5	

3	2	107.517	3
1	223.00	165.00	224.26	161.21	4.00	1	3	
2	224.26	161.21	255.10	68.69	97.52	0	
3	255.10	68.69	257.00	63.00	6.00	1	2	

3	3	0	0

3	4	232.551	4
1	223.00	165.00	219.42	166.79	4.00	1	3	
2	219.42	166.79	32.00	260.50	209.55	0	
3	32.00	260.50	15.89	268.55	18.00	1	6	
4	15.89	268.55	15.00	269.00	1.00	2	4	6	

3	5	112.898	4
1	223.00	165.00	219.63	162.84	4.00	1	3	
2	219.63	162.84	161.66	125.61	68.90	0	
3	161.66	125.61	146.21	115.69	18.36	1	5	
4	146.21	115.69	128.00	104.00	21.64	2	1	5	

3	6	241.473	3
1	223.00	165.00	219.32	166.57	4.00	1	3	
2	219.32	166.57	29.50	247.80	206.47	0	
3	29.50	247.80	1.00	260.00	31.00	1	6	

3	7	161.059	3
1	223.00	165.00	224.89	161.47	4.00	1	3	
2	224.89	161.47	288.62	42.40	135.06	0	
3	288.62	42.40	299.00	23.00	22.00	1	7	

4	0	269.418	3
1	15.00	269.00	14.94	268.00	1.00	2	4	6	
2	14.94	268.00	12.90	231.38	36.68	1	6	
3	12.90	231.38	0.00	0.00	231.74	0	

4	1	203.039	5
1	15.00	269.00	15.45	268.11	1.00	2	4	6	
2	15.45	268.11	27.64	244.14	26.89	1	6	
3	27.64	244.14	85.25	130.79	127.15	0	
4	85.25	130.79	91.06	119.35	12.83	1	1	
5	91.06	119.35	107.00	88.00	35.17	2	1	5	

4	2	317.805	4
1	15.00	269.00	15.76	268.35	1.00	2	4	6	
2	15.76	268.35	31.58	254.89	20.77	1	6	
3	31.58	254.89	252.43	66.89	290.04	0	
4	252.43	66.89	257.00	63.00	6.00	1	2	

4	3	232.551	4
1	15.00	269.00	15.89	268.55	1.00	2	4	6	
2	15.89	268.55	32.00	260.50	18.00	1	6	
3	32.00	260.50	219.42	166.79	209.55	0	
4	219.42	166.79	223.00	165.00	4.00	1	3	

4	4	0	0

4	5	199.985	5
1	15.00	269.00	15.56	268.18	1.00	2	4	6	
2	15.56	268.18	29.51	247.82	24.67	1	6	
3	29.51	247.82	105.40	137.00	134.31	0	
4	105.40	137.00	106.09	135.99	1.23	1	5	
5	106.09	135.99	128.00	104.00	38.77	1	5	

4	6	16.643	2
1	15.00	269.00	14.16	268.46	1.00	2	4	6	
2	14.16	268.46	1.00	260.00	15.64	1	6	

4	7	375.729	6
1	15.00	269.00	15.76	268.35	1.00	2	4	6	
2	15.76	268.35	31.54	254.67	20.88	1	6	
3	31.54	254.67	251.17	64.43	290.57	0	
4	251.17	64.43	259.24	57.44	10.68	1	2	
5	259.24	57.44	282.37	37.40	30.60	0	
6	282.37	37.40	299.00	23.00	22.00	1	7	

5	0	164.924	3
1	128.00	104.00	96.96	78.78	40.00	2	1	5	
2	96.96	78.78	70.27	57.10	34.38	1	1	
3	70.27	57.10	0.00	0.00	90.54	0	

5	1	26.401	1
1	128.00	104.00	107.00	88.00	26.40	2	1	5	

5	2	135.359	4
1	128.00	104.00	154.39	95.61	27.69	2	1	5	
2	154.39	95.61	166.12	91.88	12.31	1	5	
3	166.12	91.88	251.28	64.82	89.36	0	
4	251.28	64.82	257.00	63.00	6.00	1	2	

5	3	112.898	4
1	128.00	104.00	146.21	115.69	21.64	2	1	5	
2	146.21	115.69	161.66	125.61	18.36	1	5	
3	161.66	125.61	219.63	162.84	68.90	0	
4	219.63	162.84	223.00	165.00	4.00	1	3	

5	4	199.985	5
1	128.00	104.00	106.09	135.99	38.77	1	5	
2	106.09	135.99	105.40	137.00	1.23	1	5	
3	105.40	137.00	29.51	247.82	134.31	0	
4	29.51	247.82	15.56	268.18	24.67	1	6	
5	15.56	268.18	15.00	269.00	1.00	2	4	6	

5	5	0	0

5	6	201.159	4
1	128.00	104.00	102.75	135.02	40.00	2	1	5	
2	102.75	135.02	102.15	135.75	0.95	1	1	
3	102.15	135.75	20.57	235.96	129.21	0	
4	20.57	235.96	1.00	260.00	31.00	1	6	

5	7	189.214	4
1	128.00	104.00	154.89	91.26	29.75	2	1	5	
2	154.89	91.26	164.15	86.88	10.25	1	5	
3	164.15	86.88	279.12	32.42	127.21	0	
4	279.12	32.42	299.00	23.00	22.00	1	7	

6	0	260.002	2
1	1.00	260.00	0.88	229.01	30.99	1	6	
2	0.88	229.01	0.00	0.00	229.01	0	

6	1	202.040	4
1	1.00	260.00	17.26	233.61	31.00	1	6	
2	17.26	233.61	81.82	128.86	123.04	0	
3	81.82	128.86	89.81	115.89	15.23	1	1	
4	89.81	115.89	107.00	88.00	32.77	2	1	5	

6	2	323.025	3
1	1.00	260.00	25.57	241.09	31.00	1	6	
2	25.57	241.09	252.24	66.66	286.02	0	
3	252.24	66.66	257.00	63.00	6.00	1	2	

6	3	241.473	3
1	1.00	260.00	29.50	247.80	31.00	1	6	
2	29.50	247.80	219.32	166.57	206.47	0	
3	219.32	166.57	223.00	165.00	4.00	1	3	

6	4	16.643	2
1	1.00	260.00	14.16	268.46	15.64	1	6	
2	14.16	268.46	15.00	269.00	1.00	2	4	6	

6	5	201.159	4
1	1.00	260.00	20.57	235.96	31.00	1	6	
2	20.57	235.96	102.15	135.75	129.21	0	
3	102.15	135.75	102.75	135.02	0.95	1	1	
4	102.75	135.02	128.00	104.00	40.00	2	1	5	

6	6	0	0

6	7	380.753	5
1	1.00	260.00	25.26	240.70	31.00	1	6	
2	25.26	240.70	251.39	60.86	288.93	0	
3	251.39	60.86	256.18	57.06	6.11	1	2	
4	256.18	57.06	281.78	36.69	32.71	0	
5	281.78	36.69	299.00	23.00	22.00	1	7	

7	0	299.883	2
1	299.00	23.00	277.06	21.31	22.00	1	7	
2	277.06	21.31	0.00	0.00	277.88	0	

7	1	202.704	4
1	299.00	23.00	278.16	30.05	22.00	1	7	
2	278.16	30.05	152.69	72.53	132.46	0	
3	152.69	72.53	152.47	72.61	0.24	1	5	
4	152.47	72.61	107.00	88.00	48.00	2	1	5	

7	2	58.000	3
1	299.00	23.00	283.07	38.17	22.00	1	7	
2	283.07	38.17	261.34	58.86	30.00	0	
3	261.34	58.86	257.00	63.00	6.00	1	2	

7	3	161.059	3
1	299.00	23.00	288.62	42.40	22.00	1	7	
2	288.62	42.40	224.89	161.47	135.06	0	
3	224.89	161.47	223.00	165.00	4.00	1	3	

7	4	375.729	6
1	299.00	23.00	282.37	37.40	22.00	1	7	
2	282.37	37.40	259.24	57.44	30.60	0	
3	259.24	57.44	251.17	64.43	10.68	1	2	
4	251.17	64.43	31.54	254.67	290.57	0	
5	31.54	254.67	15.76	268.35	20.88	1	6	
6	15.76	268.35	15.00	269.00	1.00	2	4	6	

7	5	189.214	4
1	299.00	23.00	279.12	32.42	22.00	1	7	
2	279.12	32.42	164.15	86.88	127.21	0	
3	164.15	86.88	154.89	91.26	10.25	1	5	
4	154.89	91.26	128.00	104.00	29.75	2	1	5	

7	6	380.753	5
1	299.00	23.00	281.78	36.69	22.00	1	7	
2	281.78	36.69	256.18	57.06	32.71	0	
3	256.18	57.06	251.39	60.86	6.11	1	2	
4	251.39	60.86	25.26	240.70	288.93	0	
5	25.26	240.70	1.00	260.00	31.00	1	6	

7	7	0	0
