8	104	2	0.001	90.0
0.000	0.000	0.000	6.000	0.000
18.000	51.000	40.000	10.000	13.000
158.000	220.000	6.000	6.000	15.000
130.000	154.000	28.000	5.000	16.000
294.000	100.000	25.000	6.000	11.000
184.000	133.000	28.000	9.000	3.000
45.000	84.000	42.000	1.000	9.000
177.000	227.000	34.000	6.000	14.000

0	0	0	0

0	1	54.083	2
1	0.00	0.00	4.69	13.28	14.08	0	
2	4.69	13.28	18.00	51.00	40.00	1	1	

0	2	270.858	9
1	0.00	0.00	8.69	12.10	14.90	0	
2	8.69	12.10	31.71	44.16	39.47	1	1	
3	31.71	44.16	51.89	72.25	34.59	2	1	6	
4	51.89	72.25	78.51	109.32	45.64	1	6	
5	78.51	109.32	103.70	144.39	43.18	0	
6	103.70	144.39	130.70	181.99	46.29	1	3	
7	130.70	181.99	149.09	207.59	31.51	0	
8	149.09	207.59	154.50	215.13	9.28	1	7	
9	154.50	215.13	158.00	220.00	6.00	2	2	7	

0	3	201.534	6
1	0.00	0.00	9.97	11.81	15.46	0	
2	9.97	11.81	36.24	42.92	40.71	1	1	
3	36.24	42.92	55.28	65.49	29.53	2	1	6	
4	55.28	65.49	84.02	99.53	44.55	1	6	
5	84.02	99.53	111.94	132.60	43.28	0	
6	111.94	132.60	130.00	154.00	28.00	1	3	

0	4	310.541	2
1	0.00	0.00	270.33	91.95	285.54	0	
2	270.33	91.95	294.00	100.00	25.00	1	4	

0	5	227.035	6
1	0.00	0.00	15.34	11.09	18.93	0	
2	15.34	11.09	56.73	41.01	51.07	1	1	
3	56.73	41.01	65.49	47.33	10.80	0	
4	65.49	47.33	73.39	53.05	9.75	1	6	
5	73.39	53.05	161.31	116.60	108.48	0	
6	161.31	116.60	184.00	133.00	28.00	1	5	

0	6	95.294	4
1	0.00	0.00	6.76	12.61	14.31	0	
2	6.76	12.61	25.17	46.98	38.99	1	1	
3	25.17	46.98	43.73	81.63	39.31	2	1	6	
4	43.73	81.63	45.00	84.00	2.69	1	6	

0	7	287.851	8
1	0.00	0.00	9.32	11.95	15.16	0	
2	9.32	11.95	33.91	43.49	39.99	1	1	
3	33.91	43.49	53.75	68.94	32.27	2	1	6	
4	53.75	68.94	81.58	104.63	45.26	1	6	
5	81.58	104.63	107.30	137.61	41.82	0	
6	107.30	137.61	140.36	180.01	53.77	1	3	
7	140.36	180.01	156.09	200.19	25.58	0	
8	156.09	200.19	177.00	227.00	34.00	1	7	

1	0	54.083	2
1	18.00	51.00	4.69	13.28	40.00	1	1	
2	4.69	13.28	0.00	0.00	14.08	0	

1	1	0	0

1	2	219.456	8
1	18.00	51.00	18.41	51.49	0.64	1	1	
2	18.41	51.49	43.52	81.80	39.36	2	1	6	
3	43.52	81.80	71.99	116.18	44.64	1	6	
4	71.99	116.18	102.04	152.45	47.10	0	
5	102.04	152.45	126.32	181.76	38.05	1	3	
6	126.32	181.76	148.47	208.50	34.73	0	
7	148.47	208.50	154.17	215.38	8.93	1	7	
8	154.17	215.38	158.00	220.00	6.00	2	2	7	

1	3	152.161	5
1	18.00	51.00	18.47	51.44	0.64	1	1	
2	18.47	51.44	47.44	78.08	39.36	2	1	6	
3	47.44	78.08	79.67	107.71	43.78	1	6	
4	79.67	107.71	109.39	135.05	40.38	0	
5	109.39	135.05	130.00	154.00	28.00	1	3	

1	4	280.316	5
1	18.00	51.00	18.83	51.15	0.85	1	1	
2	18.83	51.15	57.38	57.99	39.15	2	1	6	
3	57.38	57.99	80.88	62.16	23.86	1	6	
4	80.88	62.16	269.38	95.63	191.46	0	
5	269.38	95.63	294.00	100.00	25.00	1	4	

1	5	185.149	5
1	18.00	51.00	18.63	51.31	0.70	1	1	
2	18.63	51.31	53.86	68.72	39.30	2	1	6	
3	53.86	68.72	86.99	85.08	36.94	1	6	
4	86.99	85.08	158.90	120.60	80.20	0	
5	158.90	120.60	184.00	133.00	28.00	1	5	

1	6	42.638	3
1	18.00	51.00	18.40	51.49	0.64	1	1	
2	18.40	51.49	43.33	81.96	39.36	2	1	6	
3	43.33	81.96	45.00	84.00	2.64	1	6	

1	7	237.186	7
1	18.00	51.00	18.43	51.47	0.64	1	1	
2	18.43	51.47	44.81	80.68	39.36	2	1	6	
3	44.81	80.68	74.67	113.73	44.54	1	6	
4	74.67	113.73	103.33	145.46	42.76	0	
5	103.33	145.46	135.80	181.39	48.43	1	3	
6	135.80	181.39	154.21	201.77	27.46	0	
7	154.21	201.77	177.00	227.00	34.00	1	7	

2	0	270.858	9
1	158.00	220.00	154.50	215.13	6.00	2	2	7	
2	154.50	215.13	149.09	207.59	9.28	1	7	
3	149.09	207.59	130.70	181.99	31.51	0	
4	130.70	181.99	103.70	144.39	46.29	1	3	
5	103.70	144.39	78.51	109.32	43.18	0	
6	78.51	109.32	51.89	72.25	45.64	1	6	
7	51.89	72.25	31.71	44.16	34.59	2	1	6	
8	31.71	44.16	8.69	12.10	39.47	1	1	
9	8.69	12.10	0.00	0.00	14.90	0	

2	1	219.456	8
1	158.00	220.00	154.17	215.38	6.00	2	2	7	
2	154.17	215.38	148.47	208.50	8.93	1	7	
3	148.47	208.50	126.32	181.76	34.73	0	
4	126.32	181.76	102.04	152.45	38.05	1	3	
5	102.04	152.45	71.99	116.18	47.10	0	
6	71.99	116.18	43.52	81.80	44.64	1	6	
7	43.52	81.80	18.41	51.49	39.36	2	1	6	
8	18.41	51.49	18.00	51.00	0.64	1	1	

2	2	0	0

2	3	71.694	4
1	158.00	220.00	155.66	214.48	6.00	2	2	7	
2	155.66	214.48	151.45	204.57	10.77	1	7	
3	151.45	204.57	140.94	179.78	26.93	0	
4	140.94	179.78	130.00	154.00	28.00	1	3	

2	4	181.373	4
1	158.00	220.00	162.50	216.03	6.00	2	2	7	
2	162.50	216.03	186.92	194.48	32.57	1	7	
3	186.92	194.48	275.25	116.54	117.80	0	
4	275.25	116.54	294.00	100.00	25.00	1	4	

2	5	90.802	4
1	158.00	220.00	159.72	214.25	6.00	2	2	7	
2	159.72	214.25	165.47	195.02	20.08	1	7	
3	165.47	195.02	175.98	159.83	36.73	0	
4	175.98	159.83	184.00	133.00	28.00	1	5	

2	6	176.819	6
1	158.00	220.00	154.17	215.39	6.00	2	2	7	
2	154.17	215.39	148.46	208.52	8.93	1	7	
3	148.46	208.52	126.21	181.74	34.81	0	
4	126.21	181.74	102.03	152.64	37.84	1	3	
5	102.03	152.64	71.84	116.30	47.24	0	
6	71.84	116.30	45.00	84.00	42.00	1	6	

2	7	20.248	2
1	158.00	220.00	163.63	222.07	6.00	2	2	7	
2	163.63	222.07	177.00	227.00	14.25	1	7	

3	0	201.534	6
1	130.00	154.00	111.94	132.60	28.00	1	3	
2	111.94	132.60	84.02	99.53	43.28	0	
3	84.02	99.53	55.28	65.49	44.55	1	6	
4	55.28	65.49	36.24	42.92	29.53	2	1	6	
5	36.24	42.92	9.97	11.81	40.71	1	1	
6	9.97	11.81	0.00	0.00	15.46	0	

3	1	152.161	5
1	130.00	154.00	109.39	135.05	28.00	1	3	
2	109.39	135.05	79.67	107.71	40.38	0	
3	79.67	107.71	47.44	78.08	43.78	1	6	
4	47.44	78.08	18.47	51.44	39.36	2	1	6	
5	18.47	51.44	18.00	51.00	0.64	1	1	

3	2	71.694	4
1	130.00	154.00	140.94	179.78	28.00	1	3	
2	140.94	179.78	151.45	204.57	26.93	0	
3	151.45	204.57	155.66	214.48	10.77	1	7	
4	155.66	214.48	158.00	220.00	6.00	2	2	7	

3	3	0	0

3	4	172.662	5
1	130.00	154.00	156.60	145.24	28.00	1	3	
2	156.60	145.24	158.52	144.61	2.03	0	
3	158.52	144.61	211.39	127.20	55.66	1	5	
4	211.39	127.20	270.25	107.82	61.97	0	
5	270.25	107.82	294.00	100.00	25.00	1	4	

3	5	57.940	3
1	130.00	154.00	156.10	143.85	28.00	1	3	
2	156.10	143.85	157.90	143.15	1.94	0	
3	157.90	143.15	184.00	133.00	28.00	1	5	

3	6	110.114	3
1	130.00	154.00	108.39	136.20	28.00	1	3	
2	108.39	136.20	77.42	110.70	40.11	0	
3	77.42	110.70	45.00	84.00	42.00	1	6	

3	7	86.822	3
1	130.00	154.00	145.16	177.54	28.00	1	3	
2	145.16	177.54	158.59	198.41	24.82	0	
3	158.59	198.41	177.00	227.00	34.00	1	7	

4	0	310.541	2
1	294.00	100.00	270.33	91.95	25.00	1	4	
2	270.33	91.95	0.00	0.00	285.54	0	

4	1	280.316	5
1	294.00	100.00	269.38	95.63	25.00	1	4	
2	269.38	95.63	80.88	62.16	191.46	0	
3	80.88	62.16	57.38	57.99	23.86	1	6	
4	57.38	57.99	18.83	51.15	39.15	2	1	6	
5	18.83	51.15	18.00	51.00	0.85	1	1	

4	2	181.373	4
1	294.00	100.00	275.25	116.54	25.00	1	4	
2	275.25	116.54	186.92	194.48	117.80	0	
3	186.92	194.48	162.50	216.03	32.57	1	7	
4	162.50	216.03	158.00	220.00	6.00	2	2	7	

4	3	172.662	5
1	294.00	100.00	270.25	107.82	25.00	1	4	
2	270.25	107.82	211.39	127.20	61.97	0	
3	211.39	127.20	158.52	144.61	55.66	1	5	
4	158.52	144.61	156.60	145.24	2.03	0	
5	156.60	145.24	130.00	154.00	28.00	1	3	

4	4	0	0

4	5	114.843	3
1	294.00	100.00	270.05	107.18	25.00	1	4	
2	270.05	107.18	210.82	124.95	61.84	0	
3	210.82	124.95	184.00	133.00	28.00	1	5	

4	6	249.514	3
1	294.00	100.00	269.05	98.40	25.00	1	4	
2	269.05	98.40	86.91	86.69	182.51	0	
3	86.91	86.69	45.00	84.00	42.00	1	6	

4	7	172.679	3
1	294.00	100.00	277.06	118.39	25.00	1	4	
2	277.06	118.39	200.04	201.99	113.68	0	
3	200.04	201.99	177.00	227.00	34.00	1	7	

5	0	227.035	6
1	184.00	133.00	161.31	116.60	28.00	1	5	
2	161.31	116.60	73.39	53.05	108.48	0	
3	73.39	53.05	65.49	47.33	9.75	1	6	
4	65.49	47.33	56.73	41.01	10.80	0	
5	56.73	41.01	15.34	11.09	51.07	1	1	
6	15.34	11.09	0.00	0.00	18.93	0	

5	1	185.149	5
1	184.00	133.00	158.90	120.60	28.00	1	5	
2	158.90	120.60	86.99	85.08	80.20	0	
3	86.99	85.08	53.86	68.72	36.94	1	6	
4	53.86	68.72	18.63	51.31	39.30	2	1	6	
5	18.63	51.31	18.00	51.00	0.70	1	1	

5	2	90.802	4
1	184.00	133.00	175.98	159.83	28.00	1	5	
2	175.98	159.83	165.47	195.02	36.73	0	
3	165.47	195.02	159.72	214.25	20.08	1	7	
4	159.72	214.25	158.00	220.00	6.00	2	2	7	

5	3	57.940	3
1	184.00	133.00	157.90	143.15	28.00	1	5	
2	157.90	143.15	156.10	143.85	1.94	0	
3	156.10	143.85	130.00	154.00	28.00	1	3	

5	4	114.843	3
1	184.00	133.00	210.82	124.95	28.00	1	5	
2	210.82	124.95	270.05	107.18	61.84	0	
3	270.05	107.18	294.00	100.00	25.00	1	4	

5	5	0	0

5	6	147.384	3
1	184.00	133.00	157.59	123.69	28.00	1	5	
2	157.59	123.69	84.61	97.96	77.38	0	
3	84.61	97.96	45.00	84.00	42.00	1	6	

5	7	94.260	3
1	184.00	133.00	181.92	160.92	28.00	1	5	
2	181.92	160.92	179.52	193.09	32.26	0	
3	179.52	193.09	177.00	227.00	34.00	1	7	

6	0	95.294	4
1	45.00	84.00	43.73	81.63	2.69	1	6	
2	43.73	81.63	25.17	46.98	39.31	2	1	6	
3	25.17	46.98	6.76	12.61	38.99	1	1	
4	6.76	12.61	0.00	0.00	14.31	0	

6	1	42.638	3
1	45.00	84.00	43.33	81.96	2.64	1	6	
2	43.33	81.96	18.40	51.49	39.36	2	1	6	
3	18.40	51.49	18.00	51.00	0.64	1	1	

6	2	176.819	6
1	45.00	84.00	71.84	116.30	42.00	1	6	
2	71.84	116.30	102.03	152.64	47.24	0	
3	102.03	152.64	126.21	181.74	37.84	1	3	
4	126.21	181.74	148.46	208.52	34.81	0	
5	148.46	208.52	154.17	215.39	8.93	1	7	
6	154.17	215.39	158.00	220.00	6.00	2	2	7	

6	3	110.114	3
1	45.00	84.00	77.42	110.70	42.00	1	6	
2	77.42	110.70	108.39	136.20	40.11	0	
3	108.39	136.20	130.00	154.00	28.00	1	3	

6	4	249.514	3
1	45.00	84.00	86.91	86.69	42.00	1	6	
2	86.91	86.69	269.05	98.40	182.51	0	
3	269.05	98.40	294.00	100.00	25.00	1	4	

6	5	147.384	3
1	45.00	84.00	84.61	97.96	42.00	1	6	
2	84.61	97.96	157.59	123.69	77.38	0	
3	157.59	123.69	184.00	133.00	28.00	1	5	

6	6	0	0

6	7	194.610	5
1	45.00	84.00	73.49	114.86	42.00	1	6	
2	73.49	114.86	102.95	146.78	43.43	0	
3	102.95	146.78	135.04	181.54	47.31	1	3	
4	135.04	181.54	153.94	202.02	27.86	0	
5	153.94	202.02	177.00	227.00	34.00	1	7	

7	0	287.851	8
1	177.00	227.00	156.09	200.19	34.00	1	7	
2	156.09	200.19	140.36	180.01	25.58	0	
3	140.36	180.01	107.30	137.61	53.77	1	3	
4	107.30	137.61	81.58	104.63	41.82	0	
5	81.58	104.63	53.75	68.94	45.26	1	6	
6	53.75	68.94	33.91	43.49	32.27	2	1	6	
7	33.91	43.49	9.32	11.95	39.99	1	1	
8	9.32	11.95	0.00	0.00	15.16	0	

7	1	237.186	7
1	177.00	227.00	154.21	201.77	34.00	1	7	
2	154.21	201.77	135.80	181.39	27.46	0	
3	135.80	181.39	103.33	145.46	48.43	1	3	
4	103.33	145.46	74.67	113.73	42.76	0	
5	74.67	113.73	44.81	80.68	44.54	1	6	
6	44.81	80.68	18.43	51.47	39.36	2	1	6	
7	18.43	51.47	18.00	51.00	0.64	1	1	

7	2	20.248	2
1	177.00	227.00	163.63	222.07	14.25	1	7	
2	163.63	222.07	158.00	220.00	6.00	2	2	7	

7	3	86.822	3
1	177.00	227.00	158.59	198.41	34.00	1	7	
2	158.59	198.41	145.16	177.54	24.82	0	
3	145.16	177.54	130.00	154.00	28.00	1	3	

7	4	172.679	3
1	177.00	227.00	200.04	201.99	34.00	1	7	
2	200.04	201.99	277.06	118.39	113.68	0	
3	277.06	118.39	294.00	100.00	25.00	1	4	

7	5	94.260	3
1	177.00	227.00	179.52	193.09	34.00	1	7	
2	179.52	193.09	181.92	160.92	32.26	0	
3	181.92	160.92	184.00	133.00	28.00	1	5	

7	6	194.610	5
1	177.00	227.00	153.94	202.02	34.00	1	7	
2	153.94	202.02	135.04	181.54	27.86	0	
3	135.04	181.54	102.95	146.78	47.31	1	3	
4	102.95	146.78	73.49	114.86	43.43	0	
5	73.49	114.86	45.00	84.00	42.00	1	6	

7	7	0	0
