8	86	2	0.001	60.0
0.000	0.000	0.000	10.000	0.000
153.000	249.000	31.000	3.000	9.000
144.000	237.000	12.000	6.000	20.000
154.000	159.000	9.000	7.000	19.000
75.000	285.000	35.000	5.000	4.000
117.000	54.000	47.000	5.000	16.000
26.000	5.000	43.000	9.000	11.000
119.000	11.000	28.000	2.000	1.000
 


0	0	0	0

0	1	292.250	5
1	0.00	0.00	29.41	47.86	56.18	1	6	
2	29.41	47.86	136.77	222.59	205.07	0	
3	136.77	222.59	138.94	226.12	4.14	1	1	
4	138.94	226.12	151.42	246.43	23.84	2	1	2	
5	151.42	246.43	153.00	249.00	3.02	1	1	

0	2	277.318	4
1	0.00	0.00	29.10	47.89	56.03	1	6	
2	29.10	47.89	135.67	223.29	205.25	0	
3	135.67	223.29	137.77	226.74	4.04	1	1	
4	137.77	226.74	144.00	237.00	12.00	2	1	2	

0	3	221.353	5
1	0.00	0.00	43.07	44.47	61.91	1	6	
2	43.07	44.47	78.74	81.29	51.27	0	
3	78.74	81.29	88.50	91.37	14.03	1	5	
4	88.50	91.37	147.74	152.54	85.15	0	
5	147.74	152.54	154.00	159.00	9.00	1	3	

0	4	294.703	3
1	0.00	0.00	12.02	45.66	47.22	1	6	
2	12.02	45.66	66.09	251.15	212.49	0	
3	66.09	251.15	75.00	285.00	35.00	1	4	

0	5	128.860	3
1	0.00	0.00	61.95	28.59	68.23	1	6	
2	61.95	28.59	74.33	34.30	13.63	0	
3	74.33	34.30	117.00	54.00	47.00	1	5	

0	6	26.476	1
1	0.00	0.00	26.00	5.00	26.48	1	6	

0	7	119.507	4
1	0.00	0.00	68.98	6.38	69.27	1	6	
2	68.98	6.38	91.12	8.42	22.24	0	
3	91.12	8.42	102.07	9.43	11.00	1	7	
4	102.07	9.43	119.00	11.00	17.00	2	5	7	

1	0	292.250	5
1	153.00	249.00	151.42	246.43	3.02	1	1	
2	151.42	246.43	138.94	226.12	23.84	2	1	2	
3	138.94	226.12	136.77	222.59	4.14	1	1	
4	136.77	222.59	29.41	47.86	205.07	0	
5	29.41	47.86	0.00	0.00	56.18	1	6	

1	1	0	0

1	2	15.000	2
1	153.00	249.00	151.20	246.60	3.00	1	1	
2	151.20	246.60	144.00	237.00	12.00	2	1	2	

1	3	90.006	5
1	153.00	249.00	153.05	244.89	4.11	1	1	
2	153.05	244.89	153.22	229.32	15.57	1	1	
3	153.22	229.32	153.34	218.00	11.31	1	1	
4	153.34	218.00	153.90	168.00	50.01	0	
5	153.90	168.00	154.00	159.00	9.00	0	

1	4	85.907	3
1	153.00	249.00	124.85	261.99	31.00	1	1	
2	124.85	261.99	106.78	270.33	19.91	0	
3	106.78	270.33	75.00	285.00	35.00	1	4	

1	5	198.295	5
1	153.00	249.00	152.37	245.60	3.46	1	1	
2	152.37	245.60	148.75	225.98	19.95	2	1	2	
3	148.75	225.98	147.37	218.51	7.59	1	1	
4	147.37	218.51	125.53	100.22	120.30	0	
5	125.53	100.22	117.00	54.00	47.00	1	5	

1	6	275.073	5
1	153.00	249.00	151.59	246.29	3.05	1	1	
2	151.59	246.29	140.74	225.45	23.50	2	1	2	
3	140.74	225.45	138.69	221.50	4.45	1	1	
4	138.69	221.50	45.85	43.14	201.07	0	
5	45.85	43.14	26.00	5.00	43.00	1	6	

1	7	240.416	6
1	153.00	249.00	152.50	245.47	3.56	1	1	
2	152.50	245.47	149.78	226.49	19.18	2	1	2	
3	149.78	226.49	148.62	218.31	8.26	0	
4	148.62	218.31	131.53	98.70	120.83	0	
5	131.53	98.70	122.96	38.72	60.59	1	5	
6	122.96	38.72	119.00	11.00	28.00	2	5	7	

2	0	277.318	4
1	144.00	237.00	137.77	226.74	12.00	2	1	2	
2	137.77	226.74	135.67	223.29	4.04	1	1	
3	135.67	223.29	29.10	47.89	205.25	0	
4	29.10	47.89	0.00	0.00	56.03	1	6	

2	1	15.000	2
1	144.00	237.00	151.20	246.60	12.00	2	1	2	
2	151.20	246.60	153.00	249.00	3.00	1	1	

2	2	0	0

2	3	78.638	4
1	144.00	237.00	145.53	225.10	12.00	2	1	2	
2	145.53	225.10	146.34	218.72	6.43	1	1	
3	146.34	218.72	152.86	167.93	51.21	0	
4	152.86	167.93	154.00	159.00	9.00	1	3	

2	4	84.054	4
1	144.00	237.00	134.15	243.85	12.00	2	1	2	
2	134.15	243.85	122.16	252.19	14.60	1	1	
3	122.16	252.19	103.73	265.01	22.45	0	
4	103.73	265.01	75.00	285.00	35.00	1	4	

2	5	184.981	4
1	144.00	237.00	142.25	225.13	12.00	2	1	2	
2	142.25	225.13	141.52	220.20	4.98	1	1	
3	141.52	220.20	123.86	100.50	121.00	0	
4	123.86	100.50	117.00	54.00	47.00	0	

2	6	260.284	4
1	144.00	237.00	138.56	226.30	12.00	2	1	2	
2	138.56	226.30	136.69	222.64	4.12	1	1	
3	136.69	222.64	45.49	43.33	201.17	0	
4	45.49	43.33	26.00	5.00	43.00	1	6	

2	7	227.379	5
1	144.00	237.00	142.68	225.07	12.00	2	1	2	
2	142.68	225.07	142.12	219.97	5.13	1	1	
3	142.12	219.97	128.79	99.50	121.21	0	
4	128.79	99.50	122.08	38.83	61.04	1	5	
5	122.08	38.83	119.00	11.00	28.00	1	5	

3	0	221.353	5
1	154.00	159.00	147.74	152.54	9.00	1	3	
2	147.74	152.54	88.50	91.37	85.15	0	
3	88.50	91.37	78.74	81.29	14.03	1	5	
4	78.74	81.29	43.07	44.47	51.27	0	
5	43.07	44.47	0.00	0.00	61.91	1	6	

3	1	90.006	5
1	154.00	159.00	153.90	168.00	9.00	0	
2	153.90	168.00	153.34	218.00	50.01	0	
3	153.34	218.00	153.22	229.32	11.31	1	1	
4	153.22	229.32	153.05	244.89	15.57	1	1	
5	153.05	244.89	153.00	249.00	4.11	1	1	

3	2	78.638	4
1	154.00	159.00	152.86	167.93	9.00	1	3	
2	152.86	167.93	146.34	218.72	51.21	0	
3	146.34	218.72	145.53	225.10	6.43	1	1	
4	145.53	225.10	144.00	237.00	12.00	2	1	2	

3	3	0	0

3	4	148.718	3
1	154.00	159.00	149.22	166.63	9.00	1	3	
2	149.22	166.63	93.59	255.35	104.72	0	
3	93.59	255.35	75.00	285.00	35.00	1	4	

3	5	111.328	3
1	154.00	159.00	151.01	150.51	9.00	1	3	
2	151.01	150.51	132.62	98.33	55.33	0	
3	132.62	98.33	117.00	54.00	47.00	1	5	

3	6	200.250	5
1	154.00	159.00	148.25	152.08	9.00	1	3	
2	148.25	152.08	104.35	99.27	68.67	0	
3	104.35	99.27	70.18	58.16	53.45	1	5	
4	70.18	58.16	53.49	38.07	26.12	0	
5	53.49	38.07	26.00	5.00	43.00	1	6	

3	7	152.082	4
1	154.00	159.00	151.93	150.24	9.00	1	3	
2	151.93	150.24	138.99	95.54	56.21	0	
3	138.99	95.54	125.44	38.25	58.87	1	5	
4	125.44	38.25	119.00	11.00	28.00	2	5	7	

4	0	294.703	3
1	75.00	285.00	66.09	251.15	35.00	1	4	
2	66.09	251.15	12.02	45.66	212.49	0	
3	12.02	45.66	0.00	0.00	47.22	1	6	

4	1	85.907	3
1	75.00	285.00	106.78	270.33	35.00	1	4	
2	106.78	270.33	124.85	261.99	19.91	0	
3	124.85	261.99	153.00	249.00	31.00	1	1	

4	2	84.054	4
1	75.00	285.00	103.73	265.01	35.00	1	4	
2	103.73	265.01	122.16	252.19	22.45	0	
3	122.16	252.19	134.15	243.85	14.60	1	1	
4	134.15	243.85	144.00	237.00	12.00	2	1	2	

4	3	148.718	3
1	75.00	285.00	93.59	255.35	35.00	1	4	
2	93.59	255.35	149.22	166.63	104.72	0	
3	149.22	166.63	154.00	159.00	9.00	1	3	

4	4	0	0

4	5	234.787	3
1	75.00	285.00	81.26	250.56	35.00	1	4	
2	81.26	250.56	108.59	100.24	152.79	0	
3	108.59	100.24	117.00	54.00	47.00	1	5	

4	6	284.255	3
1	75.00	285.00	68.97	250.52	35.00	1	4	
2	68.97	250.52	33.41	47.36	206.25	0	
3	33.41	47.36	26.00	5.00	43.00	0	

4	7	277.510	4
1	75.00	285.00	80.55	250.44	35.00	1	4	
2	80.55	250.44	104.81	99.39	152.99	0	
3	104.81	99.39	114.56	38.65	61.52	1	5	
4	114.56	38.65	119.00	11.00	28.00	1	5	

5	0	128.860	3
1	117.00	54.00	74.33	34.30	47.00	1	5	
2	74.33	34.30	61.95	28.59	13.63	0	
3	61.95	28.59	0.00	0.00	68.23	1	6	

5	1	198.295	5
1	117.00	54.00	125.53	100.22	47.00	1	5	
2	125.53	100.22	147.37	218.51	120.30	0	
3	147.37	218.51	148.75	225.98	7.59	1	1	
4	148.75	225.98	152.37	245.60	19.95	2	1	2	
5	152.37	245.60	153.00	249.00	3.46	1	1	

5	2	184.981	4
1	117.00	54.00	123.86	100.50	47.00	0	
2	123.86	100.50	141.52	220.20	121.00	0	
3	141.52	220.20	142.25	225.13	4.98	1	1	
4	142.25	225.13	144.00	237.00	12.00	2	1	2	

5	3	111.328	3
1	117.00	54.00	132.62	98.33	47.00	1	5	
2	132.62	98.33	151.01	150.51	55.33	0	
3	151.01	150.51	154.00	159.00	9.00	1	3	

5	4	234.787	3
1	117.00	54.00	108.59	100.24	47.00	1	5	
2	108.59	100.24	81.26	250.56	152.79	0	
3	81.26	250.56	75.00	285.00	35.00	1	4	

5	5	0	0

5	6	103.354	3
1	117.00	54.00	75.62	31.72	47.00	1	5	
2	75.62	31.72	63.86	25.39	13.35	0	
3	63.86	25.39	26.00	5.00	43.00	1	6	

5	7	43.046	2
1	117.00	54.00	117.70	38.97	15.05	1	5	
2	117.70	38.97	119.00	11.00	28.00	2	5	7	

6	0	26.476	1
1	26.00	5.00	0.00	0.00	26.48	1	6	

6	1	275.073	5
1	26.00	5.00	45.85	43.14	43.00	1	6	
2	45.85	43.14	138.69	221.50	201.07	0	
3	138.69	221.50	140.74	225.45	4.45	1	1	
4	140.74	225.45	151.59	246.29	23.50	2	1	2	
5	151.59	246.29	153.00	249.00	3.05	1	1	

6	2	260.284	4
1	26.00	5.00	45.49	43.33	43.00	1	6	
2	45.49	43.33	136.69	222.64	201.17	0	
3	136.69	222.64	138.56	226.30	4.12	1	1	
4	138.56	226.30	144.00	237.00	12.00	2	1	2	

6	3	200.250	5
1	26.00	5.00	53.49	38.07	43.00	1	6	
2	53.49	38.07	70.18	58.16	26.12	0	
3	70.18	58.16	104.35	99.27	53.45	1	5	
4	104.35	99.27	148.25	152.08	68.67	0	
5	148.25	152.08	154.00	159.00	9.00	1	3	

6	4	284.255	3
1	26.00	5.00	33.41	47.36	43.00	0	
2	33.41	47.36	68.97	250.52	206.25	0	
3	68.97	250.52	75.00	285.00	35.00	1	4	

6	5	103.354	3
1	26.00	5.00	63.86	25.39	43.00	1	6	
2	63.86	25.39	75.62	31.72	13.35	0	
3	75.62	31.72	117.00	54.00	47.00	1	5	

6	6	0	0

6	7	93.193	4
1	26.00	5.00	68.91	7.77	43.00	1	6	
2	68.91	7.77	91.06	9.20	22.19	0	
3	91.06	9.20	100.93	9.83	9.89	1	7	
4	100.93	9.83	119.00	11.00	18.11	2	5	7	

7	0	119.507	4
1	119.00	11.00	102.07	9.43	17.00	2	5	7	
2	102.07	9.43	91.12	8.42	11.00	1	7	
3	91.12	8.42	68.98	6.38	22.24	0	
4	68.98	6.38	0.00	0.00	69.27	1	6	

7	1	240.416	6
1	119.00	11.00	122.96	38.72	28.00	2	5	7	
2	122.96	38.72	131.53	98.70	60.59	1	5	
3	131.53	98.70	148.62	218.31	120.83	0	
4	148.62	218.31	149.78	226.49	8.26	0	
5	149.78	226.49	152.50	245.47	19.18	2	1	2	
6	152.50	245.47	153.00	249.00	3.56	1	1	

7	2	227.379	5
1	119.00	11.00	122.08	38.83	28.00	1	5	
2	122.08	38.83	128.79	99.50	61.04	1	5	
3	128.79	99.50	142.12	219.97	121.21	0	
4	142.12	219.97	142.68	225.07	5.13	1	1	
5	142.68	225.07	144.00	237.00	12.00	2	1	2	

7	3	152.082	4
1	119.00	11.00	125.44	38.25	28.00	2	5	7	
2	125.44	38.25	138.99	95.54	58.87	1	5	
3	138.99	95.54	151.93	150.24	56.21	0	
4	151.93	150.24	154.00	159.00	9.00	1	3	

7	4	277.510	4
1	119.00	11.00	114.56	38.65	28.00	1	5	
2	114.56	38.65	104.81	99.39	61.52	1	5	
3	104.81	99.39	80.55	250.44	152.99	0	
4	80.55	250.44	75.00	285.00	35.00	1	4	

7	5	43.046	2
1	119.00	11.00	117.70	38.97	28.00	2	5	7	
2	117.70	38.97	117.00	54.00	15.05	1	5	

7	6	93.193	4
1	119.00	11.00	100.93	9.83	18.11	2	5	7	
2	100.93	9.83	91.06	9.20	9.89	1	7	
3	91.06	9.20	68.91	7.77	22.19	0	
4	68.91	7.77	26.00	5.00	43.00	1	6	

7	7	0	0
