6	36	2	0.001	35.0
3.000	14.000	0.000	10.000	0.000
151.000	235.000	29.000	2.000	6.000
36.000	9.000	41.000	7.000	14.000
187.000	229.000	15.000	1.000	10.000
123.000	46.000	14.000	4.000	10.000
262.000	129.000	4.000	7.000	6.000
 


0	0	0	0

0	1	265.979	3
1	3.00	14.00	26.33	48.84	41.94	1	2	
2	26.33	48.84	134.86	210.90	195.04	0	
3	134.86	210.90	151.00	235.00	29.00	1	1	

0	2	33.377	1
1	3.00	14.00	36.00	9.00	33.38	1	2	

0	3	282.986	3
1	3.00	14.00	33.76	49.94	47.30	1	2	
2	33.76	49.94	177.25	217.60	220.68	0	
3	177.25	217.60	187.00	229.00	15.00	1	3	

0	4	124.193	3
1	3.00	14.00	70.03	31.87	69.37	1	2	
2	70.03	31.87	109.47	42.39	40.82	0	
3	109.47	42.39	123.00	46.00	14.00	1	4	

0	5	283.383	3
1	3.00	14.00	62.40	40.37	64.99	1	2	
2	62.40	40.37	258.34	127.38	214.40	0	
3	258.34	127.38	262.00	129.00	4.00	1	5	

1	0	265.979	3
1	151.00	235.00	134.86	210.90	29.00	1	1	
2	134.86	210.90	26.33	48.84	195.04	0	
3	26.33	48.84	3.00	14.00	41.94	1	2	

1	1	0	0

1	2	253.576	3
1	151.00	235.00	137.85	209.15	29.00	1	1	
2	137.85	209.15	54.59	45.54	183.58	0	
3	54.59	45.54	36.00	9.00	41.00	1	2	

1	3	36.497	3
1	151.00	235.00	172.20	231.47	21.50	1	1	
2	172.20	231.47	179.61	230.23	7.50	2	1	3	
3	179.61	230.23	187.00	229.00	7.50	1	3	

1	4	191.063	3
1	151.00	235.00	146.75	206.31	29.00	1	1	
2	146.75	206.31	125.05	59.85	148.06	0	
3	125.05	59.85	123.00	46.00	14.00	1	4	

1	5	153.483	3
1	151.00	235.00	171.97	214.97	29.00	1	1	
2	171.97	214.97	259.11	131.76	120.48	0	
3	259.11	131.76	262.00	129.00	4.00	1	5	

2	0	33.377	1
1	36.00	9.00	3.00	14.00	33.38	1	2	

2	1	253.576	3
1	36.00	9.00	54.59	45.54	41.00	1	2	
2	54.59	45.54	137.85	209.15	183.58	0	
3	137.85	209.15	151.00	235.00	29.00	1	1	

2	2	0	0

2	3	266.835	3
1	36.00	9.00	59.20	42.80	41.00	1	2	
2	59.20	42.80	178.51	216.63	210.84	0	
3	178.51	216.63	187.00	229.00	15.00	1	3	

2	4	94.541	3
1	36.00	9.00	73.73	25.05	41.00	1	2	
2	73.73	25.05	110.12	40.52	39.54	0	
3	110.12	40.52	123.00	46.00	14.00	1	4	

2	5	255.883	5
1	36.00	9.00	72.21	28.23	41.00	1	2	
2	72.21	28.23	109.12	47.82	41.79	0	
3	109.12	47.82	129.26	58.52	22.81	1	4	
4	129.26	58.52	258.47	127.12	146.29	0	
5	258.47	127.12	262.00	129.00	4.00	1	5	

3	0	282.986	3
1	187.00	229.00	177.25	217.60	15.00	1	3	
2	177.25	217.60	33.76	49.94	220.68	0	
3	33.76	49.94	3.00	14.00	47.30	1	2	

3	1	36.497	3
1	187.00	229.00	179.61	230.23	7.50	1	3	
2	179.61	230.23	172.20	231.47	7.50	2	1	3	
3	172.20	231.47	151.00	235.00	21.50	1	1	

3	2	266.835	3
1	187.00	229.00	178.51	216.63	15.00	1	3	
2	178.51	216.63	59.20	42.80	210.84	0	
3	59.20	42.80	36.00	9.00	41.00	1	2	

3	3	0	0

3	4	193.869	3
1	187.00	229.00	182.05	214.84	15.00	1	3	
2	182.05	214.84	127.62	59.22	164.87	0	
3	127.62	59.22	123.00	46.00	14.00	1	4	

3	5	125.000	3
1	187.00	229.00	196.00	217.00	15.00	1	3	
2	196.00	217.00	259.60	132.20	106.00	0	
3	259.60	132.20	262.00	129.00	4.00	1	5	

4	0	124.193	3
1	123.00	46.00	109.47	42.39	14.00	1	4	
2	109.47	42.39	70.03	31.87	40.82	0	
3	70.03	31.87	3.00	14.00	69.37	1	2	

4	1	191.063	3
1	123.00	46.00	125.05	59.85	14.00	1	4	
2	125.05	59.85	146.75	206.31	148.06	0	
3	146.75	206.31	151.00	235.00	29.00	1	1	

4	2	94.541	3
1	123.00	46.00	110.12	40.52	14.00	1	4	
2	110.12	40.52	73.73	25.05	39.54	0	
3	73.73	25.05	36.00	9.00	41.00	1	2	

4	3	193.869	3
1	123.00	46.00	127.62	59.22	14.00	1	4	
2	127.62	59.22	182.05	214.84	164.87	0	
3	182.05	214.84	187.00	229.00	15.00	1	3	

4	4	0	0

4	5	161.895	3
1	123.00	46.00	135.02	53.18	14.00	1	4	
2	135.02	53.18	258.57	126.95	143.90	0	
3	258.57	126.95	262.00	129.00	4.00	1	5	

5	0	283.383	3
1	262.00	129.00	258.34	127.38	4.00	1	5	
2	258.34	127.38	62.40	40.37	214.40	0	
3	62.40	40.37	3.00	14.00	64.99	1	2	

5	1	153.483	3
1	262.00	129.00	259.11	131.76	4.00	1	5	
2	259.11	131.76	171.97	214.97	120.48	0	
3	171.97	214.97	151.00	235.00	29.00	1	1	

5	2	255.883	5
1	262.00	129.00	258.47	127.12	4.00	1	5	
2	258.47	127.12	129.26	58.52	146.29	0	
3	129.26	58.52	109.12	47.82	22.81	1	4	
4	109.12	47.82	72.21	28.23	41.79	0	
5	72.21	28.23	36.00	9.00	41.00	1	2	

5	3	125.000	3
1	262.00	129.00	259.60	132.20	4.00	1	5	
2	259.60	132.20	196.00	217.00	106.00	0	
3	196.00	217.00	187.00	229.00	15.00	1	3	

5	4	161.895	3
1	262.00	129.00	258.57	126.95	4.00	1	5	
2	258.57	126.95	135.02	53.18	143.90	0	
3	135.02	53.18	123.00	46.00	14.00	1	4	

5	5	0	0
