6	43	2	0.001	60.0
53.000	111.000	0.000	3.000	0.000
86.000	50.000	46.000	5.000	20.000
251.000	199.000	18.000	3.000	7.000
267.000	165.000	38.000	4.000	17.000
163.000	80.000	40.000	6.000	8.000
47.000	43.000	20.000	3.000	17.000
 


0	0	0	0

0	1	69.354	2
1	53.00	111.00	64.11	90.46	23.35	0	
2	64.11	90.46	86.00	50.00	46.00	0	

0	2	216.675	3
1	53.00	111.00	234.55	191.69	198.67	0	
2	234.55	191.69	246.52	197.01	13.10	1	2	
3	246.52	197.01	251.00	199.00	4.90	2	2	3	

0	3	220.708	2
1	53.00	111.00	230.15	155.70	182.71	0	
2	230.15	155.70	267.00	165.00	38.00	1	3	

0	4	114.285	2
1	53.00	111.00	124.50	90.85	74.28	0	
2	124.50	90.85	163.00	80.00	40.00	1	4	

0	5	68.264	3
1	53.00	111.00	50.16	78.84	32.29	0	
2	50.16	78.84	48.76	62.92	15.98	1	1	
3	48.76	62.92	47.00	43.00	20.00	1	1	

1	0	69.354	2
1	86.00	50.00	64.11	90.46	46.00	0	
2	64.11	90.46	53.00	111.00	23.35	0	

1	1	0	0

1	2	222.320	6
1	86.00	50.00	120.14	80.83	46.00	1	1	
2	120.14	80.83	123.16	83.56	4.07	0	
3	123.16	83.56	163.51	120.00	54.37	1	4	
4	163.51	120.00	233.78	183.45	94.68	0	
5	233.78	183.45	237.64	186.94	5.20	1	3	
6	237.64	186.94	251.00	199.00	18.00	2	2	3	

1	3	214.443	5
1	86.00	50.00	123.48	73.81	44.41	1	1	
2	123.48	73.81	124.83	74.67	1.59	2	1	4	
3	124.83	74.67	185.39	113.15	71.75	1	4	
4	185.39	113.15	234.93	144.62	58.69	0	
5	234.93	144.62	267.00	165.00	38.00	1	3	

1	4	82.638	3
1	86.00	50.00	125.73	65.48	42.64	1	1	
2	125.73	65.48	128.86	66.70	3.36	2	1	4	
3	128.86	66.70	163.00	80.00	36.64	1	4	

1	5	39.623	2
1	86.00	50.00	66.69	46.53	19.62	1	1	
2	66.69	46.53	47.00	43.00	20.00	2	1	5	

2	0	216.675	3
1	251.00	199.00	246.52	197.01	4.90	2	2	3	
2	246.52	197.01	234.55	191.69	13.10	1	2	
3	234.55	191.69	53.00	111.00	198.67	0	

2	1	222.320	6
1	251.00	199.00	237.64	186.94	18.00	2	2	3	
2	237.64	186.94	233.78	183.45	5.20	1	3	
3	233.78	183.45	163.51	120.00	94.68	0	
4	163.51	120.00	123.16	83.56	54.37	1	4	
5	123.16	83.56	120.14	80.83	4.07	0	
6	120.14	80.83	86.00	50.00	46.00	1	1	

2	2	0	0

2	3	37.577	2
1	251.00	199.00	258.66	182.71	18.00	2	2	3	
2	258.66	182.71	267.00	165.00	19.58	1	3	

2	4	148.003	4
1	251.00	199.00	240.30	184.53	18.00	2	2	3	
2	240.30	184.53	229.28	169.63	18.52	1	3	
3	229.28	169.63	186.78	112.16	71.48	0	
4	186.78	112.16	163.00	80.00	40.00	1	4	

2	5	256.811	5
1	251.00	199.00	236.94	188.25	17.70	2	2	3	
2	236.94	188.25	236.70	188.07	0.30	1	2	
3	236.70	188.07	108.57	90.08	161.30	0	
4	108.57	90.08	62.89	55.15	57.51	1	1	
5	62.89	55.15	47.00	43.00	20.00	2	1	5	

3	0	220.708	2
1	267.00	165.00	230.15	155.70	38.00	1	3	
2	230.15	155.70	53.00	111.00	182.71	0	

3	1	214.443	5
1	267.00	165.00	234.93	144.62	38.00	1	3	
2	234.93	144.62	185.39	113.15	58.69	0	
3	185.39	113.15	124.83	74.67	71.75	1	4	
4	124.83	74.67	123.48	73.81	1.59	2	1	4	
5	123.48	73.81	86.00	50.00	44.41	1	1	

3	2	37.577	2
1	267.00	165.00	258.66	182.71	19.58	1	3	
2	258.66	182.71	251.00	199.00	18.00	2	2	3	

3	3	0	0

3	4	134.317	3
1	267.00	165.00	237.58	140.95	38.00	1	3	
2	237.58	140.95	193.97	105.31	56.32	0	
3	193.97	105.31	163.00	80.00	40.00	1	4	

3	5	251.563	6
1	267.00	165.00	233.77	146.57	38.00	1	3	
2	233.77	146.57	179.46	116.46	62.10	0	
3	179.46	116.46	123.36	85.34	64.15	1	4	
4	123.36	85.34	118.44	82.62	5.63	0	
5	118.44	82.62	64.49	52.70	61.69	1	1	
6	64.49	52.70	47.00	43.00	20.00	2	1	5	

4	0	114.285	2
1	163.00	80.00	124.50	90.85	40.00	1	4	
2	124.50	90.85	53.00	111.00	74.28	0	

4	1	82.638	3
1	163.00	80.00	128.86	66.70	36.64	1	4	
2	128.86	66.70	125.73	65.48	3.36	2	1	4	
3	125.73	65.48	86.00	50.00	42.64	1	1	

4	2	148.003	4
1	163.00	80.00	186.78	112.16	40.00	1	4	
2	186.78	112.16	229.28	169.63	71.48	0	
3	229.28	169.63	240.30	184.53	18.52	1	3	
4	240.30	184.53	251.00	199.00	18.00	2	2	3	

4	3	134.317	3
1	163.00	80.00	193.97	105.31	40.00	1	4	
2	193.97	105.31	237.58	140.95	56.32	0	
3	237.58	140.95	267.00	165.00	38.00	1	3	

4	4	0	0

4	5	121.758	4
1	163.00	80.00	127.97	68.83	36.77	1	4	
2	127.97	68.83	124.89	67.84	3.23	2	1	4	
3	124.89	67.84	66.05	49.08	61.76	1	1	
4	66.05	49.08	47.00	43.00	20.00	2	1	5	

5	0	68.264	3
1	47.00	43.00	48.76	62.92	20.00	1	1	
2	48.76	62.92	50.16	78.84	15.98	1	1	
3	50.16	78.84	53.00	111.00	32.29	0	

5	1	39.623	2
1	47.00	43.00	66.69	46.53	20.00	2	1	5	
2	66.69	46.53	86.00	50.00	19.62	1	1	

5	2	256.811	5
1	47.00	43.00	62.89	55.15	20.00	2	1	5	
2	62.89	55.15	108.57	90.08	57.51	1	1	
3	108.57	90.08	236.70	188.07	161.30	0	
4	236.70	188.07	236.94	188.25	0.30	1	2	
5	236.94	188.25	251.00	199.00	17.70	2	2	3	

5	3	251.563	6
1	47.00	43.00	64.49	52.70	20.00	2	1	5	
2	64.49	52.70	118.44	82.62	61.69	1	1	
3	118.44	82.62	123.36	85.34	5.63	0	
4	123.36	85.34	179.46	116.46	64.15	1	4	
5	179.46	116.46	233.77	146.57	62.10	0	
6	233.77	146.57	267.00	165.00	38.00	1	3	

5	4	121.758	4
1	47.00	43.00	66.05	49.08	20.00	2	1	5	
2	66.05	49.08	124.89	67.84	61.76	1	1	
3	124.89	67.84	127.97	68.83	3.23	2	1	4	
4	127.97	68.83	163.00	80.00	36.77	1	4	

5	5	0	0
