6	35	2	0.001	30.0
33.000	64.000	0.000	6.000	0.000
52.000	116.000	29.000	4.000	8.000
23.000	195.000	47.000	1.000	15.000
120.000	244.000	3.000	8.000	7.000
222.000	19.000	16.000	8.000	6.000
267.000	116.000	13.000	3.000	3.000
 


0	0	0	0

0	1	55.362	2
1	33.00	64.00	42.05	88.76	26.36	0	
2	42.05	88.76	52.00	116.00	29.00	1	1	

0	2	131.381	4
1	33.00	64.00	30.52	96.52	32.61	0	
2	30.52	96.52	27.81	131.99	35.58	1	1	
3	27.81	131.99	26.58	148.14	16.19	0	
4	26.58	148.14	23.00	195.00	47.00	0	

0	3	199.922	4
1	33.00	64.00	44.58	87.96	26.62	0	
2	44.58	87.96	69.36	139.23	56.94	1	1	
3	69.36	139.23	118.69	241.30	113.37	0	
4	118.69	241.30	120.00	244.00	3.00	1	3	

0	4	194.283	2
1	33.00	64.00	206.44	22.71	178.28	0	
2	206.44	22.71	222.00	19.00	16.00	1	4	

0	5	239.708	2
1	33.00	64.00	254.31	113.18	226.71	0	
2	254.31	113.18	267.00	116.00	13.00	1	5	

1	0	55.362	2
1	52.00	116.00	42.05	88.76	29.00	1	1	
2	42.05	88.76	33.00	64.00	26.36	0	

1	1	0	0

1	2	84.155	3
1	52.00	116.00	42.01	143.22	29.00	1	1	
2	42.01	143.22	39.20	150.88	8.15	0	
3	39.20	150.88	23.00	195.00	47.00	1	2	

1	3	144.941	3
1	52.00	116.00	65.61	141.61	29.00	1	1	
2	65.61	141.61	118.59	241.35	112.94	0	
3	118.59	241.35	120.00	244.00	3.00	1	3	

1	4	195.727	3
1	52.00	116.00	77.19	101.63	29.00	1	1	
2	77.19	101.63	208.10	26.93	150.73	0	
3	208.10	26.93	222.00	19.00	16.00	1	4	

1	5	215.000	3
1	52.00	116.00	81.00	116.00	29.00	1	1	
2	81.00	116.00	254.00	116.00	173.00	0	
3	254.00	116.00	267.00	116.00	13.00	1	5	

2	0	131.381	4
1	23.00	195.00	26.58	148.14	47.00	0	
2	26.58	148.14	27.81	131.99	16.19	0	
3	27.81	131.99	30.52	96.52	35.58	1	1	
4	30.52	96.52	33.00	64.00	32.61	0	

2	1	84.155	3
1	23.00	195.00	39.20	150.88	47.00	1	2	
2	39.20	150.88	42.01	143.22	8.15	0	
3	42.01	143.22	52.00	116.00	29.00	1	1	

2	2	0	0

2	3	108.674	3
1	23.00	195.00	64.95	216.19	47.00	1	2	
2	64.95	216.19	117.32	242.65	58.67	0	
3	117.32	242.65	120.00	244.00	3.00	1	3	

2	4	265.663	3
1	23.00	195.00	58.21	163.86	47.00	1	2	
2	58.21	163.86	210.01	29.60	202.66	0	
3	210.01	29.60	222.00	19.00	16.00	1	4	

2	5	256.470	3
1	23.00	195.00	67.71	180.52	47.00	1	2	
2	67.71	180.52	254.63	120.00	196.47	0	
3	254.63	120.00	267.00	116.00	13.00	1	5	

3	0	199.922	4
1	120.00	244.00	118.69	241.30	3.00	1	3	
2	118.69	241.30	69.36	139.23	113.37	0	
3	69.36	139.23	44.58	87.96	56.94	1	1	
4	44.58	87.96	33.00	64.00	26.62	0	

3	1	144.941	3
1	120.00	244.00	118.59	241.35	3.00	1	3	
2	118.59	241.35	65.61	141.61	112.94	0	
3	65.61	141.61	52.00	116.00	29.00	1	1	

3	2	108.674	3
1	120.00	244.00	117.32	242.65	3.00	1	3	
2	117.32	242.65	64.95	216.19	58.67	0	
3	64.95	216.19	23.00	195.00	47.00	1	2	

3	3	0	0

3	4	247.040	3
1	120.00	244.00	121.24	241.27	3.00	1	3	
2	121.24	241.27	215.39	33.57	228.04	0	
3	215.39	33.57	222.00	19.00	16.00	1	4	

3	5	194.918	3
1	120.00	244.00	122.26	242.03	3.00	1	3	
2	122.26	242.03	257.20	124.54	178.92	0	
3	257.20	124.54	267.00	116.00	13.00	1	5	

4	0	194.283	2
1	222.00	19.00	206.44	22.71	16.00	1	4	
2	206.44	22.71	33.00	64.00	178.28	0	

4	1	195.727	3
1	222.00	19.00	208.10	26.93	16.00	1	4	
2	208.10	26.93	77.19	101.63	150.73	0	
3	77.19	101.63	52.00	116.00	29.00	1	1	

4	2	265.663	3
1	222.00	19.00	210.01	29.60	16.00	1	4	
2	210.01	29.60	58.21	163.86	202.66	0	
3	58.21	163.86	23.00	195.00	47.00	1	2	

4	3	247.040	3
1	222.00	19.00	215.39	33.57	16.00	1	4	
2	215.39	33.57	121.24	241.27	228.04	0	
3	121.24	241.27	120.00	244.00	3.00	1	3	

4	4	0	0

4	5	106.930	3
1	222.00	19.00	228.73	33.51	16.00	1	4	
2	228.73	33.51	261.53	104.21	77.93	0	
3	261.53	104.21	267.00	116.00	13.00	1	5	

5	0	239.708	2
1	267.00	116.00	254.31	113.18	13.00	1	5	
2	254.31	113.18	33.00	64.00	226.71	0	

5	1	215.000	3
1	267.00	116.00	254.00	116.00	13.00	1	5	
2	254.00	116.00	81.00	116.00	173.00	0	
3	81.00	116.00	52.00	116.00	29.00	1	1	

5	2	256.470	3
1	267.00	116.00	254.63	120.00	13.00	1	5	
2	254.63	120.00	67.71	180.52	196.47	0	
3	67.71	180.52	23.00	195.00	47.00	1	2	

5	3	194.918	3
1	267.00	116.00	257.20	124.54	13.00	1	5	
2	257.20	124.54	122.26	242.03	178.92	0	
3	122.26	242.03	120.00	244.00	3.00	1	3	

5	4	106.930	3
1	267.00	116.00	261.53	104.21	13.00	1	5	
2	261.53	104.21	228.73	33.51	77.93	0	
3	228.73	33.51	222.00	19.00	16.00	1	4	

5	5	0	0
