9	101	2	0.001	60.0
150.000	150.000	0.000	1.000	0.000
50.000	219.000	21.000	2.000	4.000
138.000	153.000	17.000	3.000	5.000
50.000	74.000	1.000	2.000	3.000
249.000	142.000	44.000	1.000	20.000
82.000	119.000	2.000	7.000	5.000
114.000	85.000	2.000	7.000	8.000
141.000	171.000	39.000	9.000	13.000
36.000	103.000	26.000	5.000	7.000
 


0	0	0	0

0	1	121.495	4
1	150.00	150.00	126.94	165.91	28.02	2	2	7	
2	126.94	165.91	103.59	182.02	28.37	1	7	
3	103.59	182.02	67.28	207.07	44.11	0	
4	67.28	207.07	50.00	219.00	21.00	1	1	

0	2	12.369	1
1	150.00	150.00	138.00	153.00	12.37	2	2	7	

0	3	125.603	4
1	150.00	150.00	132.70	136.85	21.73	2	2	7	
2	132.70	136.85	128.86	133.94	4.81	1	7	
3	128.86	133.94	50.80	74.61	98.05	0	
4	50.80	74.61	50.00	74.00	1.00	1	3	

0	4	99.323	4
1	150.00	150.00	154.66	149.62	4.68	2	2	7	
2	154.66	149.62	172.62	148.17	18.02	1	7	
3	172.62	148.17	205.14	145.54	32.63	0	
4	205.14	145.54	249.00	142.00	44.00	1	4	

0	5	74.733	4
1	150.00	150.00	127.41	139.70	24.83	2	2	7	
2	127.41	139.70	121.71	137.10	6.26	1	7	
3	121.71	137.10	83.82	119.83	41.64	0	
4	83.82	119.83	82.00	119.00	2.00	1	5	

0	6	74.303	4
1	150.00	150.00	142.60	136.63	15.28	2	2	7	
2	142.60	136.63	140.04	132.01	5.28	1	7	
3	140.04	132.01	114.97	86.75	51.74	0	
4	114.97	86.75	114.00	85.00	2.00	1	6	

0	7	22.847	2
1	150.00	150.00	141.59	169.62	21.34	2	2	7	
2	141.59	169.62	141.00	171.00	1.51	1	7	

0	8	123.309	4
1	150.00	150.00	126.63	140.36	25.28	2	2	7	
2	126.63	140.36	120.49	137.83	6.64	1	7	
3	120.49	137.83	60.04	112.91	65.38	0	
4	60.04	112.91	36.00	103.00	26.00	1	8	

1	0	121.495	4
1	50.00	219.00	67.28	207.07	21.00	1	1	
2	67.28	207.07	103.59	182.02	44.11	0	
3	103.59	182.02	126.94	165.91	28.37	1	7	
4	126.94	165.91	150.00	150.00	28.02	2	2	7	

1	1	0	0

1	2	110.000	4
1	50.00	219.00	66.80	206.40	21.00	1	1	
2	66.80	206.40	102.90	179.33	45.12	0	
3	102.90	179.33	124.40	163.20	26.88	1	7	
4	124.40	163.20	138.00	153.00	17.00	2	2	7	

1	3	145.000	5
1	50.00	219.00	50.00	198.00	21.00	1	1	
2	50.00	198.00	50.00	124.91	73.09	0	
3	50.00	124.91	50.00	81.09	43.82	1	8	
4	50.00	81.09	50.00	75.00	6.09	0	
5	50.00	75.00	50.00	74.00	1.00	1	3	

1	4	213.378	5
1	50.00	219.00	69.58	211.42	21.00	1	1	
2	69.58	211.42	110.67	195.52	44.06	0	
3	110.67	195.52	179.93	168.72	74.26	1	7	
4	179.93	168.72	207.96	157.88	30.06	0	
5	207.96	157.88	249.00	142.00	44.00	1	4	

1	5	104.995	3
1	50.00	219.00	56.40	199.00	21.00	1	1	
2	56.40	199.00	81.39	120.91	82.00	0	
3	81.39	120.91	82.00	119.00	2.00	1	5	

1	6	148.499	3
1	50.00	219.00	59.05	200.05	21.00	1	1	
2	59.05	200.05	113.14	86.80	125.50	0	
3	113.14	86.80	114.00	85.00	2.00	1	6	

1	7	102.883	3
1	50.00	219.00	68.57	209.20	21.00	1	1	
2	68.57	209.20	106.50	189.20	42.88	0	
3	106.50	189.20	141.00	171.00	39.00	1	7	

1	8	116.842	3
1	50.00	219.00	47.48	198.15	21.00	1	1	
2	47.48	198.15	39.12	128.81	69.84	0	
3	39.12	128.81	36.00	103.00	26.00	1	8	

2	0	12.369	1
1	138.00	153.00	150.00	150.00	12.37	2	2	7	

2	1	110.000	4
1	138.00	153.00	124.40	163.20	17.00	2	2	7	
2	124.40	163.20	102.90	179.33	26.88	1	7	
3	102.90	179.33	66.80	206.40	45.12	0	
4	66.80	206.40	50.00	219.00	21.00	1	1	

2	2	0	0

2	3	118.258	4
1	138.00	153.00	125.35	141.64	17.00	2	2	7	
2	125.35	141.64	120.85	137.61	6.04	1	7	
3	120.85	137.61	50.74	74.67	94.22	0	
4	50.74	74.67	50.00	74.00	1.00	1	3	

2	4	111.544	4
1	138.00	153.00	154.92	151.32	17.00	2	2	7	
2	154.92	151.32	173.52	149.48	18.70	1	7	
3	173.52	149.48	205.21	146.34	31.84	0	
4	205.21	146.34	249.00	142.00	44.00	1	4	

2	5	65.513	4
1	138.00	153.00	123.47	144.18	17.00	2	2	7	
2	123.47	144.18	117.01	140.25	7.56	1	7	
3	117.01	140.25	83.71	120.04	38.95	0	
4	83.71	120.04	82.00	119.00	2.00	1	5	

2	6	72.111	4
1	138.00	153.00	132.34	136.97	17.00	2	2	7	
2	132.34	136.97	131.04	133.29	3.90	1	7	
3	131.04	133.29	114.67	86.89	49.21	0	
4	114.67	86.89	114.00	85.00	2.00	1	6	

2	7	18.248	2
1	138.00	153.00	140.79	169.77	17.00	2	2	7	
2	140.79	169.77	141.00	171.00	1.25	1	7	

2	8	113.596	4
1	138.00	153.00	122.74	145.52	17.00	2	2	7	
2	122.74	145.52	115.15	141.80	8.45	1	7	
3	115.15	141.80	59.35	114.44	62.15	0	
4	59.35	114.44	36.00	103.00	26.00	1	8	

3	0	125.603	4
1	50.00	74.00	50.80	74.61	1.00	1	3	
2	50.80	74.61	128.86	133.94	98.05	0	
3	128.86	133.94	132.70	136.85	4.81	1	7	
4	132.70	136.85	150.00	150.00	21.73	2	2	7	

3	1	145.000	5
1	50.00	74.00	50.00	75.00	1.00	1	3	
2	50.00	75.00	50.00	81.09	6.09	0	
3	50.00	81.09	50.00	124.91	43.82	1	8	
4	50.00	124.91	50.00	198.00	73.09	0	
5	50.00	198.00	50.00	219.00	21.00	1	1	

3	2	118.258	4
1	50.00	74.00	50.74	74.67	1.00	1	3	
2	50.74	74.67	120.85	137.61	94.22	0	
3	120.85	137.61	125.35	141.64	6.04	1	7	
4	125.35	141.64	138.00	153.00	17.00	2	2	7	

3	3	0	0

3	4	210.297	3
1	50.00	74.00	50.95	74.32	1.00	1	3	
2	50.95	74.32	207.36	127.77	165.30	0	
3	207.36	127.77	249.00	142.00	44.00	1	4	

3	5	55.218	3
1	50.00	74.00	50.58	74.81	1.00	1	3	
2	50.58	74.81	80.84	117.37	52.22	0	
3	80.84	117.37	82.00	119.00	2.00	1	5	

3	6	64.938	3
1	50.00	74.00	50.99	74.17	1.00	1	3	
2	50.99	74.17	112.03	84.66	61.94	0	
3	112.03	84.66	114.00	85.00	2.00	1	6	

3	7	133.004	5
1	50.00	74.00	50.68	74.73	1.00	1	3	
2	50.68	74.73	114.32	142.56	93.00	0	
3	114.32	142.56	121.27	149.97	10.17	1	7	
4	121.27	149.97	139.96	169.89	27.31	2	2	7	
5	139.96	169.89	141.00	171.00	1.53	1	7	

3	8	32.202	3
1	50.00	74.00	49.57	74.90	1.00	1	3	
2	49.57	74.90	47.30	79.59	5.20	0	
3	47.30	79.59	36.00	103.00	26.00	1	8	

4	0	99.323	4
1	249.00	142.00	205.14	145.54	44.00	1	4	
2	205.14	145.54	172.62	148.17	32.63	0	
3	172.62	148.17	154.66	149.62	18.02	1	7	
4	154.66	149.62	150.00	150.00	4.68	2	2	7	

4	1	213.378	5
1	249.00	142.00	207.96	157.88	44.00	1	4	
2	207.96	157.88	179.93	168.72	30.06	0	
3	179.93	168.72	110.67	195.52	74.26	1	7	
4	110.67	195.52	69.58	211.42	44.06	0	
5	69.58	211.42	50.00	219.00	21.00	1	1	

4	2	111.544	4
1	249.00	142.00	205.21	146.34	44.00	1	4	
2	205.21	146.34	173.52	149.48	31.84	0	
3	173.52	149.48	154.92	151.32	18.70	1	7	
4	154.92	151.32	138.00	153.00	17.00	2	2	7	

4	3	210.297	3
1	249.00	142.00	207.36	127.77	44.00	1	4	
2	207.36	127.77	50.95	74.32	165.30	0	
3	50.95	74.32	50.00	74.00	1.00	1	3	

4	4	0	0

4	5	168.576	3
1	249.00	142.00	205.41	136.00	44.00	1	4	
2	205.41	136.00	83.98	119.27	122.58	0	
3	83.98	119.27	82.00	119.00	2.00	1	5	

4	6	146.540	3
1	249.00	142.00	208.47	124.89	44.00	1	4	
2	208.47	124.89	115.84	85.78	100.54	0	
3	115.84	85.78	114.00	85.00	2.00	1	6	

4	7	111.826	3
1	249.00	142.00	206.51	153.41	44.00	1	4	
2	206.51	153.41	178.67	160.89	28.83	0	
3	178.67	160.89	141.00	171.00	39.00	1	7	

4	8	216.541	3
1	249.00	142.00	205.72	134.08	44.00	1	4	
2	205.72	134.08	61.57	107.68	146.54	0	
3	61.57	107.68	36.00	103.00	26.00	1	8	

5	0	74.733	4
1	82.00	119.00	83.82	119.83	2.00	1	5	
2	83.82	119.83	121.71	137.10	41.64	0	
3	121.71	137.10	127.41	139.70	6.26	1	7	
4	127.41	139.70	150.00	150.00	24.83	2	2	7	

5	1	104.995	3
1	82.00	119.00	81.39	120.91	2.00	1	5	
2	81.39	120.91	56.40	199.00	82.00	0	
3	56.40	199.00	50.00	219.00	21.00	1	1	

5	2	65.513	4
1	82.00	119.00	83.71	120.04	2.00	1	5	
2	83.71	120.04	117.01	140.25	38.95	0	
3	117.01	140.25	123.47	144.18	7.56	1	7	
4	123.47	144.18	138.00	153.00	17.00	2	2	7	

5	3	55.218	3
1	82.00	119.00	80.84	117.37	2.00	1	5	
2	80.84	117.37	50.58	74.81	52.22	0	
3	50.58	74.81	50.00	74.00	1.00	1	3	

5	4	168.576	3
1	82.00	119.00	83.98	119.27	2.00	1	5	
2	83.98	119.27	205.41	136.00	122.58	0	
3	205.41	136.00	249.00	142.00	44.00	1	4	

5	5	0	0

5	6	46.690	3
1	82.00	119.00	83.37	117.54	2.00	1	5	
2	83.37	117.54	112.63	86.46	42.69	0	
3	112.63	86.46	114.00	85.00	2.00	1	6	

5	7	78.645	5
1	82.00	119.00	83.50	120.32	2.00	1	5	
2	83.50	120.32	111.74	145.21	37.64	0	
3	111.74	145.21	121.00	153.38	12.35	1	7	
4	121.00	153.38	139.76	169.91	25.00	2	2	7	
5	139.76	169.91	141.00	171.00	1.65	1	7	

5	8	48.703	3
1	82.00	119.00	80.11	118.34	2.00	1	5	
2	80.11	118.34	60.56	111.54	20.70	0	
3	60.56	111.54	36.00	103.00	26.00	1	8	

6	0	74.303	4
1	114.00	85.00	114.97	86.75	2.00	1	6	
2	114.97	86.75	140.04	132.01	51.74	0	
3	140.04	132.01	142.60	136.63	5.28	1	7	
4	142.60	136.63	150.00	150.00	15.28	2	2	7	

6	1	148.499	3
1	114.00	85.00	113.14	86.80	2.00	1	6	
2	113.14	86.80	59.05	200.05	125.50	0	
3	59.05	200.05	50.00	219.00	21.00	1	1	

6	2	72.111	4
1	114.00	85.00	114.67	86.89	2.00	1	6	
2	114.67	86.89	131.04	133.29	49.21	0	
3	131.04	133.29	132.34	136.97	3.90	1	7	
4	132.34	136.97	138.00	153.00	17.00	2	2	7	

6	3	64.938	3
1	114.00	85.00	112.03	84.66	2.00	1	6	
2	112.03	84.66	50.99	74.17	61.94	0	
3	50.99	74.17	50.00	74.00	1.00	1	3	

6	4	146.540	3
1	114.00	85.00	115.84	85.78	2.00	1	6	
2	115.84	85.78	208.47	124.89	100.54	0	
3	208.47	124.89	249.00	142.00	44.00	1	4	

6	5	46.690	3
1	114.00	85.00	112.63	86.46	2.00	1	6	
2	112.63	86.46	83.37	117.54	42.69	0	
3	83.37	117.54	82.00	119.00	2.00	1	5	

6	6	0	0

6	7	90.139	5
1	114.00	85.00	114.60	86.91	2.00	1	6	
2	114.60	86.91	129.32	133.79	49.14	0	
3	129.32	133.79	130.55	137.72	4.12	1	7	
4	130.55	137.72	140.62	169.80	33.62	2	2	7	
5	140.62	169.80	141.00	171.00	1.26	1	7	

6	8	80.050	3
1	114.00	85.00	112.05	85.45	2.00	1	6	
2	112.05	85.45	61.33	97.15	52.05	0	
3	61.33	97.15	36.00	103.00	26.00	1	8	

7	0	22.847	2
1	141.00	171.00	141.59	169.62	1.51	1	7	
2	141.59	169.62	150.00	150.00	21.34	2	2	7	

7	1	102.883	3
1	141.00	171.00	106.50	189.20	39.00	1	7	
2	106.50	189.20	68.57	209.20	42.88	0	
3	68.57	209.20	50.00	219.00	21.00	1	1	

7	2	18.248	2
1	141.00	171.00	140.79	169.77	1.25	1	7	
2	140.79	169.77	138.00	153.00	17.00	2	2	7	

7	3	133.004	5
1	141.00	171.00	139.96	169.89	1.53	1	7	
2	139.96	169.89	121.27	149.97	27.31	2	2	7	
3	121.27	149.97	114.32	142.56	10.17	1	7	
4	114.32	142.56	50.68	74.73	93.00	0	
5	50.68	74.73	50.00	74.00	1.00	1	3	

7	4	111.826	3
1	141.00	171.00	178.67	160.89	39.00	1	7	
2	178.67	160.89	206.51	153.41	28.83	0	
3	206.51	153.41	249.00	142.00	44.00	1	4	

7	5	78.645	5
1	141.00	171.00	139.76	169.91	1.65	1	7	
2	139.76	169.91	121.00	153.38	25.00	2	2	7	
3	121.00	153.38	111.74	145.21	12.35	1	7	
4	111.74	145.21	83.50	120.32	37.64	0	
5	83.50	120.32	82.00	119.00	2.00	1	5	

7	6	90.139	5
1	141.00	171.00	140.62	169.80	1.26	1	7	
2	140.62	169.80	130.55	137.72	33.62	2	2	7	
3	130.55	137.72	129.32	133.79	4.12	1	7	
4	129.32	133.79	114.60	86.91	49.14	0	
5	114.60	86.91	114.00	85.00	2.00	1	6	

7	7	0	0

7	8	125.096	5
1	141.00	171.00	139.37	169.94	1.94	1	7	
2	139.37	169.94	121.98	158.68	20.72	2	2	7	
3	121.98	158.68	108.27	149.80	16.34	1	7	
4	108.27	149.80	57.82	117.13	60.10	0	
5	57.82	117.13	36.00	103.00	26.00	1	8	

8	0	123.309	4
1	36.00	103.00	60.04	112.91	26.00	1	8	
2	60.04	112.91	120.49	137.83	65.38	0	
3	120.49	137.83	126.63	140.36	6.64	1	7	
4	126.63	140.36	150.00	150.00	25.28	2	2	7	

8	1	116.842	3
1	36.00	103.00	39.12	128.81	26.00	1	8	
2	39.12	128.81	47.48	198.15	69.84	0	
3	47.48	198.15	50.00	219.00	21.00	1	1	

8	2	113.596	4
1	36.00	103.00	59.35	114.44	26.00	1	8	
2	59.35	114.44	115.15	141.80	62.15	0	
3	115.15	141.80	122.74	145.52	8.45	1	7	
4	122.74	145.52	138.00	153.00	17.00	2	2	7	

8	3	32.202	3
1	36.00	103.00	47.30	79.59	26.00	1	8	
2	47.30	79.59	49.57	74.90	5.20	0	
3	49.57	74.90	50.00	74.00	1.00	1	3	

8	4	216.541	3
1	36.00	103.00	61.57	107.68	26.00	1	8	
2	61.57	107.68	205.72	134.08	146.54	0	
3	205.72	134.08	249.00	142.00	44.00	1	4	

8	5	48.703	3
1	36.00	103.00	60.56	111.54	26.00	1	8	
2	60.56	111.54	80.11	118.34	20.70	0	
3	80.11	118.34	82.00	119.00	2.00	1	5	

8	6	80.050	3
1	36.00	103.00	61.33	97.15	26.00	1	8	
2	61.33	97.15	112.05	85.45	52.05	0	
3	112.05	85.45	114.00	85.00	2.00	1	6	

8	7	125.096	5
1	36.00	103.00	57.82	117.13	26.00	1	8	
2	57.82	117.13	108.27	149.80	60.10	0	
3	108.27	149.80	121.98	158.68	16.34	1	7	
4	121.98	158.68	139.37	169.94	20.72	2	2	7	
5	139.37	169.94	141.00	171.00	1.94	1	7	

8	8	0	0
