16	481	2	0.001	120.0
150.000	150.000	0.000	6.000	0.000
197.000	243.000	19.000	4.000	2.000
172.000	54.000	15.000	8.000	15.000
195.000	268.000	34.000	3.000	1.000
125.000	196.000	27.000	1.000	6.000
185.000	100.000	24.000	1.000	20.000
10.000	113.000	36.000	2.000	20.000
199.000	225.000	1.000	5.000	4.000
63.000	127.000	30.000	5.000	13.000
123.000	147.000	15.000	9.000	16.000
253.000	280.000	42.000	2.000	2.000
248.000	126.000	44.000	6.000	6.000
23.000	271.000	1.000	9.000	9.000
123.000	174.000	21.000	4.000	15.000
39.000	5.000	44.000	8.000	19.000
230.000	46.000	35.000	5.000	14.000
 


0	0	0	0

0	1	104.202	3
1	150.00	150.00	188.43	226.04	85.20	0	
2	188.43	226.04	192.50	234.09	9.02	1	1	
3	192.50	234.09	197.00	243.00	9.98	2	1	3	

0	2	98.489	4
1	150.00	150.00	161.06	101.73	49.52	0	
2	161.06	101.73	164.20	88.02	14.06	1	5	
3	164.20	88.02	168.65	68.62	19.90	0	
4	168.65	68.62	172.00	54.00	15.00	1	2	

0	3	126.289	4
1	150.00	150.00	181.35	232.22	88.00	0	
2	181.35	232.22	182.88	236.23	4.29	1	1	
3	182.88	236.23	192.51	261.46	27.00	2	1	3	
4	192.51	261.46	195.00	268.00	7.00	1	3	

0	4	52.355	4
1	150.00	150.00	141.91	164.88	16.93	0	
2	141.91	164.88	137.89	172.28	8.42	1	13	
3	137.89	172.28	125.63	194.83	25.67	2	4	13	
4	125.63	194.83	125.00	196.00	1.33	1	4	

0	5	61.033	2
1	150.00	150.00	171.24	119.66	37.03	0	
2	171.24	119.66	185.00	100.00	24.00	1	5	

0	6	144.807	6
1	150.00	150.00	138.00	146.83	12.41	0	
2	138.00	146.83	110.04	139.44	28.91	1	9	
3	110.04	139.44	92.00	134.67	18.66	0	
4	92.00	134.67	44.80	122.20	48.82	1	8	
5	44.80	122.20	33.99	119.34	11.18	2	6	8	
6	33.99	119.34	10.00	113.00	24.82	1	6	

0	7	89.588	3
1	150.00	150.00	198.38	224.05	88.45	0	
2	198.38	224.05	198.45	224.16	0.13	1	1	
3	198.45	224.16	199.00	225.00	1.00	2	1	7	

0	8	89.989	4
1	150.00	150.00	138.00	146.83	12.41	0	
2	138.00	146.83	110.05	139.44	28.91	1	9	
3	110.05	139.44	92.00	134.67	18.66	0	
4	92.00	134.67	63.00	127.00	30.00	1	8	

0	9	27.166	2
1	150.00	150.00	137.91	148.66	12.17	0	
2	137.91	148.66	123.00	147.00	15.00	1	9	

0	10	165.858	2
1	150.00	150.00	226.92	247.08	123.86	0	
2	226.92	247.08	253.00	280.00	42.00	1	10	

0	11	100.896	2
1	150.00	150.00	205.26	136.47	56.90	0	
2	205.26	136.47	248.00	126.00	44.00	1	11	

0	12	175.414	6
1	150.00	150.00	139.04	160.44	15.14	0	
2	139.04	160.44	129.64	169.40	12.99	1	13	
3	129.64	169.40	108.68	189.36	28.94	2	4	13	
4	108.68	189.36	98.21	199.35	14.47	1	4	
5	98.21	199.35	23.72	270.31	102.88	0	
6	23.72	270.31	23.00	271.00	1.00	1	12	

0	13	36.125	3
1	150.00	150.00	138.70	160.05	15.12	0	
2	138.70	160.05	128.39	169.21	13.79	1	13	
3	128.39	169.21	123.00	174.00	7.21	2	4	13	

0	14	182.609	2
1	150.00	150.00	65.75	39.94	138.61	0	
2	65.75	39.94	39.00	5.00	44.00	1	14	

0	15	131.210	4
1	150.00	150.00	172.64	120.57	37.13	0	
2	172.64	120.57	201.71	82.77	47.69	1	5	
3	201.71	82.77	208.66	73.74	11.40	0	
4	208.66	73.74	230.00	46.00	35.00	1	15	

1	0	104.202	3
1	197.00	243.00	192.50	234.09	9.98	2	1	3	
2	192.50	234.09	188.43	226.04	9.02	1	1	
3	188.43	226.04	150.00	150.00	85.20	0	

1	1	0	0

1	2	190.646	6
1	197.00	243.00	195.81	234.01	9.07	2	1	3	
2	195.81	234.01	194.51	224.16	9.93	1	1	
3	194.51	224.16	181.22	123.70	101.34	0	
4	181.22	123.70	175.19	78.10	46.00	1	5	
5	175.19	78.10	173.97	68.87	9.31	0	
6	173.97	68.87	172.00	54.00	15.00	1	2	

1	3	25.080	2
1	197.00	243.00	195.48	261.94	19.00	1	3	
2	195.48	261.94	195.00	268.00	6.08	1	3	

1	4	85.983	4
1	197.00	243.00	185.35	235.40	13.91	2	1	3	
2	185.35	235.40	181.09	232.61	5.09	1	1	
3	181.09	232.61	147.61	210.76	39.98	0	
4	147.61	210.76	125.00	196.00	27.00	1	4	

1	5	143.503	4
1	197.00	243.00	196.25	234.02	9.01	2	1	3	
2	196.25	234.02	195.41	224.07	9.99	1	1	
3	195.41	224.07	187.01	123.92	100.50	0	
4	187.01	123.92	185.00	100.00	24.00	1	5	

1	6	227.748	10
1	197.00	243.00	185.86	235.25	13.57	2	1	3	
2	185.86	235.25	181.40	232.15	5.43	1	1	
3	181.40	232.15	148.50	209.29	40.06	0	
4	148.50	209.29	127.31	194.55	25.81	1	4	
5	127.31	194.55	104.36	178.60	27.95	2	4	13	
6	104.36	178.60	102.23	177.12	2.59	1	13	
7	102.23	177.12	71.52	155.77	37.41	0	
8	71.52	155.77	39.56	133.55	38.92	1	8	
9	39.56	133.55	33.07	129.04	7.90	2	6	8	
10	33.07	129.04	10.00	113.00	28.10	1	6	

1	7	18.111	3
1	197.00	243.00	197.99	234.13	8.92	2	1	3	
2	197.99	234.13	198.89	225.99	8.19	1	1	
3	198.89	225.99	199.00	225.00	1.00	2	1	7	

1	8	177.234	8
1	197.00	243.00	187.56	234.82	12.49	2	1	3	
2	187.56	234.82	182.63	230.56	6.51	1	1	
3	182.63	230.56	151.02	203.20	41.81	0	
4	151.02	203.20	136.18	190.35	19.63	1	4	
5	136.18	190.35	114.15	171.28	29.14	2	4	13	
6	114.15	171.28	104.93	163.30	12.19	1	13	
7	104.93	163.30	85.68	146.63	25.46	0	
8	85.68	146.63	63.00	127.00	30.00	1	8	

1	9	121.211	6
1	197.00	243.00	190.31	234.32	10.95	2	1	3	
2	190.31	234.32	185.40	227.95	8.05	1	1	
3	185.40	227.95	144.00	174.24	67.82	0	
4	144.00	174.24	132.16	158.88	19.40	1	13	
5	132.16	158.88	128.11	153.63	6.63	2	9	13	
6	128.11	153.63	123.00	147.00	8.37	1	9	

1	10	67.119	4
1	197.00	243.00	212.85	253.47	19.00	2	1	3	
2	212.85	253.47	217.96	256.85	6.12	1	3	
3	217.96	256.85	228.76	263.99	12.95	2	3	10	
4	228.76	263.99	253.00	280.00	29.05	1	10	

1	11	127.632	4
1	197.00	243.00	200.71	234.48	9.29	2	1	3	
2	200.71	234.48	204.59	225.58	9.71	1	1	
3	204.59	225.58	230.42	166.33	64.63	0	
4	230.42	166.33	248.00	126.00	44.00	1	11	

1	12	176.238	4
1	197.00	243.00	178.24	246.02	19.00	2	1	3	
2	178.24	246.02	167.72	247.71	10.66	1	3	
3	167.72	247.71	23.99	270.84	145.58	0	
4	23.99	270.84	23.00	271.00	1.00	1	12	

1	13	101.178	5
1	197.00	243.00	188.11	234.71	12.16	2	1	3	
2	188.11	234.71	183.10	230.04	6.84	1	1	
3	183.10	230.04	151.59	200.66	43.08	0	
4	151.59	200.66	138.36	188.32	18.10	1	4	
5	138.36	188.32	123.00	174.00	21.00	2	4	13	

1	14	285.671	6
1	197.00	243.00	191.17	234.22	10.54	2	1	3	
2	191.17	234.22	186.49	227.17	8.46	1	1	
3	186.49	227.17	136.94	152.53	89.59	0	
4	136.94	152.53	123.31	132.00	24.64	1	9	
5	123.31	132.00	63.34	41.66	108.44	0	
6	63.34	41.66	39.00	5.00	44.00	1	14	

1	15	199.745	6
1	197.00	243.00	198.48	234.18	8.94	2	1	3	
2	198.48	234.18	200.14	224.26	10.06	1	1	
3	200.14	224.26	212.29	151.71	73.56	0	
4	212.29	151.71	222.62	90.06	62.51	0	
5	222.62	90.06	224.22	80.52	9.67	0	
6	224.22	80.52	230.00	46.00	35.00	0	

2	0	98.489	4
1	172.00	54.00	168.65	68.62	15.00	1	2	
2	168.65	68.62	164.20	88.02	19.90	0	
3	164.20	88.02	161.06	101.73	14.06	1	5	
4	161.06	101.73	150.00	150.00	49.52	0	

2	1	190.646	6
1	172.00	54.00	173.97	68.87	15.00	1	2	
2	173.97	68.87	175.19	78.10	9.31	0	
3	175.19	78.10	181.22	123.70	46.00	1	5	
4	181.22	123.70	194.51	224.16	101.34	0	
5	194.51	224.16	195.81	234.01	9.93	1	1	
6	195.81	234.01	197.00	243.00	9.07	2	1	3	

2	2	0	0

2	3	215.232	7
1	172.00	54.00	173.60	68.91	15.00	1	2	
2	173.60	68.91	174.62	78.36	9.50	0	
3	174.62	78.36	179.45	123.35	45.25	1	5	
4	179.45	123.35	190.40	225.18	102.42	0	
5	190.40	225.18	191.37	234.19	9.06	1	1	
6	191.37	234.19	194.34	261.81	27.78	0	
7	194.34	261.81	195.00	268.00	6.22	1	3	

2	4	149.576	5
1	172.00	54.00	167.29	68.24	15.00	1	2	
2	167.29	68.24	137.35	158.67	95.26	0	
3	137.35	158.67	133.48	170.37	12.32	1	13	
4	133.48	170.37	125.38	194.87	25.80	2	4	13	
5	125.38	194.87	125.00	196.00	1.20	1	4	

2	5	47.802	3
1	172.00	54.00	176.08	68.43	15.00	1	2	
2	176.08	68.43	178.47	76.90	8.80	0	
3	178.47	76.90	185.00	100.00	24.00	1	5	

2	6	172.409	3
1	172.00	54.00	157.91	59.13	15.00	1	2	
2	157.91	59.13	43.83	100.68	121.41	0	
3	43.83	100.68	10.00	113.00	36.00	1	6	

2	7	173.118	6
1	172.00	54.00	174.34	68.82	15.00	1	2	
2	174.34	68.82	175.77	77.85	9.14	0	
3	175.77	77.85	183.04	123.92	46.64	0	
4	183.04	123.92	198.84	224.01	101.33	0	
5	198.84	224.01	198.86	224.09	0.08	1	7	
6	198.86	224.09	199.00	225.00	0.92	2	1	7	

2	8	131.187	3
1	172.00	54.00	159.54	62.35	15.00	1	2	
2	159.54	62.35	87.93	110.31	86.19	0	
3	87.93	110.31	63.00	127.00	30.00	1	8	

2	9	105.119	3
1	172.00	54.00	165.01	67.27	15.00	1	2	
2	165.01	67.27	129.99	133.73	75.12	0	
3	129.99	133.73	123.00	147.00	15.00	1	9	

2	10	240.077	5
1	172.00	54.00	177.06	68.12	15.00	1	2	
2	177.06	68.12	180.07	76.51	8.91	0	
3	180.07	76.51	196.11	121.27	47.55	1	5	
4	196.11	121.27	238.83	240.46	126.61	0	
5	238.83	240.46	253.00	280.00	42.00	1	10	

2	11	104.690	3
1	172.00	54.00	182.89	64.32	15.00	1	2	
2	182.89	64.32	216.06	95.74	45.69	0	
3	216.06	95.74	248.00	126.00	44.00	1	11	

2	12	263.230	5
1	172.00	54.00	163.51	66.37	15.00	1	2	
2	163.51	66.37	117.81	132.93	80.74	0	
3	117.81	132.93	108.00	147.21	17.32	1	9	
4	108.00	147.21	23.57	270.18	149.17	0	
5	23.57	270.18	23.00	271.00	1.00	1	12	

2	13	129.619	6
1	172.00	54.00	166.33	67.89	15.00	1	2	
2	166.33	67.89	136.60	140.68	78.63	0	
3	136.60	140.68	130.94	154.56	14.99	1	9	
4	130.94	154.56	128.29	161.03	7.00	2	9	13	
5	128.29	161.03	125.04	169.00	8.60	1	13	
6	125.04	169.00	123.00	174.00	5.40	2	4	13	

2	14	141.739	3
1	172.00	54.00	157.92	48.81	15.00	1	2	
2	157.92	48.81	80.29	20.21	82.74	0	
3	80.29	20.21	39.00	5.00	44.00	1	14	

2	15	58.549	3
1	172.00	54.00	186.86	51.95	15.00	1	2	
2	186.86	51.95	195.33	50.78	8.55	0	
3	195.33	50.78	230.00	46.00	35.00	1	15	

3	0	126.289	4
1	195.00	268.00	192.51	261.46	7.00	1	3	
2	192.51	261.46	182.88	236.23	27.00	2	1	3	
3	182.88	236.23	181.35	232.22	4.29	1	1	
4	181.35	232.22	150.00	150.00	88.00	0	

3	1	25.080	2
1	195.00	268.00	195.48	261.94	6.08	1	3	
2	195.48	261.94	197.00	243.00	19.00	1	3	

3	2	215.232	7
1	195.00	268.00	194.34	261.81	6.22	1	3	
2	194.34	261.81	191.37	234.19	27.78	0	
3	191.37	234.19	190.40	225.18	9.06	1	1	
4	190.40	225.18	179.45	123.35	102.42	0	
5	179.45	123.35	174.62	78.36	45.25	1	5	
6	174.62	78.36	173.60	68.91	9.50	0	
7	173.60	68.91	172.00	54.00	15.00	1	2	

3	3	0	0

3	4	100.419	5
1	195.00	268.00	185.08	257.79	14.24	1	3	
2	185.08	257.79	181.88	254.50	4.59	2	1	3	
3	181.88	254.50	171.30	243.62	15.17	1	3	
4	171.30	243.62	143.82	215.36	39.42	0	
5	143.82	215.36	125.00	196.00	27.00	1	4	

3	5	168.297	5
1	195.00	268.00	194.63	261.85	6.16	1	3	
2	194.63	261.85	192.98	234.06	27.84	1	3	
3	192.98	234.06	192.41	224.56	9.52	1	1	
4	192.41	224.56	186.43	123.96	100.78	0	
5	186.43	123.96	185.00	100.00	24.00	1	5	

3	6	241.350	7
1	195.00	268.00	168.94	246.16	34.00	1	3	
2	168.94	246.16	137.58	219.89	40.91	0	
3	137.58	219.89	99.28	187.80	49.97	1	4	
4	99.28	187.80	62.51	157.00	47.96	0	
5	62.51	157.00	37.59	136.12	32.51	1	8	
6	37.59	136.12	33.55	132.73	5.27	2	6	8	
7	33.55	132.73	10.00	113.00	30.73	1	6	

3	7	43.186	4
1	195.00	268.00	195.56	261.95	6.08	1	3	
2	195.56	261.95	198.15	234.15	27.92	2	1	3	
3	198.15	234.15	198.91	226.00	8.19	1	1	
4	198.91	226.00	199.00	225.00	1.00	2	1	7	

3	8	193.145	9
1	195.00	268.00	186.28	258.69	12.75	1	3	
2	186.28	258.69	180.64	252.66	8.26	2	1	3	
3	180.64	252.66	171.76	243.18	12.99	1	3	
4	171.76	243.18	144.79	214.37	39.47	0	
5	144.79	214.37	126.40	194.72	26.91	1	4	
6	126.40	194.72	107.98	175.04	26.96	2	4	13	
7	107.98	175.04	102.55	169.24	7.95	1	13	
8	102.55	169.24	83.50	148.90	27.86	0	
9	83.50	148.90	63.00	127.00	30.00	1	8	

3	9	140.801	9
1	195.00	268.00	190.81	260.96	8.19	1	3	
2	190.81	260.96	178.26	239.87	24.55	2	1	3	
3	178.26	239.87	177.61	238.78	1.26	1	3	
4	177.61	238.78	152.00	195.73	50.09	0	
5	152.00	195.73	142.96	180.54	17.68	1	4	
6	142.96	180.54	138.11	172.40	9.47	2	4	13	
7	138.11	172.40	130.67	159.89	14.55	1	13	
8	130.67	159.89	126.77	153.34	7.62	2	9	13	
9	126.77	153.34	123.00	147.00	7.38	1	9	

3	10	59.228	3
1	195.00	268.00	211.87	271.49	17.23	1	3	
2	211.87	271.49	228.29	274.89	16.77	2	3	10	
3	228.29	274.89	253.00	280.00	25.23	1	10	

3	11	151.568	5
1	195.00	268.00	197.24	262.00	6.41	1	3	
2	197.24	262.00	206.89	236.15	27.59	2	1	3	
3	206.89	236.15	209.63	228.80	7.84	1	1	
4	209.63	228.80	232.61	167.22	65.73	0	
5	232.61	167.22	248.00	126.00	44.00	1	11	

3	12	172.026	3
1	195.00	268.00	161.01	268.59	34.00	1	3	
2	161.01	268.59	24.00	270.98	137.03	0	
3	24.00	270.98	23.00	271.00	1.00	1	12	

3	13	118.406	6
1	195.00	268.00	189.08	260.27	9.74	1	3	
2	189.08	260.27	178.26	246.15	17.79	2	1	3	
3	178.26	246.15	174.33	241.01	6.47	1	3	
4	174.33	241.01	149.13	208.11	41.43	0	
5	149.13	208.11	135.77	190.67	21.97	1	4	
6	135.77	190.67	123.00	174.00	21.00	2	4	13	

3	14	305.786	11
1	195.00	268.00	190.83	260.97	8.17	1	3	
2	190.83	260.97	178.27	239.80	24.62	2	1	3	
3	178.27	239.80	177.65	238.76	1.21	1	3	
4	177.65	238.76	152.00	195.50	50.30	0	
5	152.00	195.50	143.01	180.36	17.60	1	4	
6	143.01	180.36	138.38	172.55	9.08	2	4	13	
7	138.38	172.55	130.82	159.80	14.82	1	13	
8	130.82	159.80	127.02	153.39	7.46	2	9	13	
9	127.02	153.39	115.52	134.00	22.54	1	9	
10	115.52	134.00	61.45	42.84	105.99	0	
11	61.45	42.84	39.00	5.00	44.00	1	14	

3	15	224.742	7
1	195.00	268.00	195.95	261.97	6.10	1	3	
2	195.95	261.97	200.29	234.41	27.90	1	1	
3	200.29	234.41	201.84	224.63	9.91	1	1	
4	201.84	224.63	213.15	152.86	72.65	0	
5	213.15	152.86	223.11	89.72	63.93	0	
6	223.11	89.72	224.55	80.57	9.26	0	
7	224.55	80.57	230.00	46.00	35.00	1	15	

4	0	52.355	4
1	125.00	196.00	125.63	194.83	1.33	1	4	
2	125.63	194.83	137.89	172.28	25.67	2	4	13	
3	137.89	172.28	141.91	164.88	8.42	1	13	
4	141.91	164.88	150.00	150.00	16.93	0	

4	1	85.983	4
1	125.00	196.00	147.61	210.76	27.00	1	4	
2	147.61	210.76	181.09	232.61	39.98	0	
3	181.09	232.61	185.35	235.40	5.09	1	1	
4	185.35	235.40	197.00	243.00	13.91	2	1	3	

4	2	149.576	5
1	125.00	196.00	125.38	194.87	1.20	1	4	
2	125.38	194.87	133.48	170.37	25.80	2	4	13	
3	133.48	170.37	137.35	158.67	12.32	1	13	
4	137.35	158.67	167.29	68.24	95.26	0	
5	167.29	68.24	172.00	54.00	15.00	1	2	

4	3	100.419	5
1	125.00	196.00	143.82	215.36	27.00	1	4	
2	143.82	215.36	171.30	243.62	39.42	0	
3	171.30	243.62	181.88	254.50	15.17	1	3	
4	181.88	254.50	185.08	257.79	4.59	2	1	3	
5	185.08	257.79	195.00	268.00	14.24	1	3	

4	4	0	0

4	5	113.208	5
1	125.00	196.00	125.74	194.82	1.39	1	4	
2	125.74	194.82	139.31	173.10	25.61	2	4	13	
3	139.31	173.10	142.91	167.34	6.80	1	13	
4	142.91	167.34	172.28	120.35	55.41	0	
5	172.28	120.35	185.00	100.00	24.00	1	5	

4	6	141.824	7
1	125.00	196.00	123.60	194.99	1.72	1	4	
2	123.60	194.99	103.11	180.20	25.28	2	4	13	
3	103.11	180.20	102.89	180.04	0.27	1	13	
4	102.89	180.04	69.86	156.20	40.73	0	
5	69.86	156.20	39.19	134.07	37.82	1	8	
6	39.19	134.07	33.12	129.69	7.49	2	6	8	
7	33.12	129.69	10.00	113.00	28.51	1	6	

4	7	79.480	4
1	125.00	196.00	150.14	205.85	27.00	1	4	
2	150.14	205.85	196.47	224.01	49.76	0	
3	196.47	224.01	198.07	224.64	1.72	1	1	
4	198.07	224.64	199.00	225.00	1.00	2	1	7	

4	8	92.763	5
1	125.00	196.00	124.08	194.97	1.38	1	4	
2	124.08	194.97	106.95	175.92	25.62	2	4	13	
3	106.95	175.92	102.26	170.69	7.02	1	13	
4	102.26	170.69	83.05	149.31	28.74	0	
5	83.05	149.31	63.00	127.00	30.00	1	8	

4	9	49.041	5
1	125.00	196.00	124.96	194.91	1.09	1	4	
2	124.96	194.91	123.90	169.02	25.91	1	4	
3	123.90	169.02	123.61	161.99	7.04	1	13	
4	123.61	161.99	123.25	153.00	8.99	2	9	13	
5	123.25	153.00	123.00	147.00	6.01	1	9	

4	10	153.101	7
1	125.00	196.00	147.57	210.81	27.00	1	4	
2	147.57	210.81	181.00	232.75	39.98	0	
3	181.00	232.75	185.13	235.46	4.94	1	1	
4	185.13	235.46	212.77	253.60	33.05	2	1	3	
5	212.77	253.60	217.89	256.96	6.12	1	3	
6	217.89	256.96	228.78	264.10	13.03	2	3	10	
7	228.78	264.10	253.00	280.00	28.97	1	10	

4	11	141.524	5
1	125.00	196.00	127.69	194.47	3.09	1	4	
2	127.69	194.47	138.20	188.49	12.10	2	4	13	
3	138.20	188.49	148.47	182.65	11.81	1	4	
4	148.47	182.65	209.76	147.76	70.52	0	
5	209.76	147.76	248.00	126.00	44.00	1	11	

4	12	126.606	3
1	125.00	196.00	103.25	211.99	27.00	1	4	
2	103.25	211.99	23.81	270.41	98.61	0	
3	23.81	270.41	23.00	271.00	1.00	1	12	

4	13	22.091	2
1	125.00	196.00	124.90	194.91	1.09	1	4	
2	124.90	194.91	123.00	174.00	21.00	1	4	

4	14	209.468	7
1	125.00	196.00	124.52	194.94	1.16	1	4	
2	124.52	194.94	113.91	171.38	25.84	2	4	13	
3	113.91	171.38	108.33	158.97	13.61	1	13	
4	108.33	158.97	92.91	124.74	37.54	0	
5	92.91	124.74	84.52	106.10	20.44	1	8	
6	84.52	106.10	57.06	45.12	66.87	0	
7	57.06	45.12	39.00	5.00	44.00	1	14	

4	15	183.098	7
1	125.00	196.00	125.83	194.81	1.46	1	4	
2	125.83	194.81	140.48	173.88	25.54	2	4	13	
3	140.48	173.88	143.52	169.54	5.30	1	13	
4	143.52	169.54	176.49	122.44	57.49	0	
5	176.49	122.44	203.17	84.32	46.53	1	5	
6	203.17	84.32	209.93	74.67	11.78	0	
7	209.93	74.67	230.00	46.00	35.00	1	15	

5	0	61.033	2
1	185.00	100.00	171.24	119.66	24.00	1	5	
2	171.24	119.66	150.00	150.00	37.03	0	

5	1	143.503	4
1	185.00	100.00	187.01	123.92	24.00	1	5	
2	187.01	123.92	195.41	224.07	100.50	0	
3	195.41	224.07	196.25	234.02	9.99	1	1	
4	196.25	234.02	197.00	243.00	9.01	2	1	3	

5	2	47.802	3
1	185.00	100.00	178.47	76.90	24.00	1	5	
2	178.47	76.90	176.08	68.43	8.80	0	
3	176.08	68.43	172.00	54.00	15.00	1	2	

5	3	168.297	5
1	185.00	100.00	186.43	123.96	24.00	1	5	
2	186.43	123.96	192.41	224.56	100.78	0	
3	192.41	224.56	192.98	234.06	9.52	1	1	
4	192.98	234.06	194.63	261.85	27.84	1	3	
5	194.63	261.85	195.00	268.00	6.16	1	3	

5	4	113.208	5
1	185.00	100.00	172.28	120.35	24.00	1	5	
2	172.28	120.35	142.91	167.34	55.41	0	
3	142.91	167.34	139.31	173.10	6.80	1	13	
4	139.31	173.10	125.74	194.82	25.61	2	4	13	
5	125.74	194.82	125.00	196.00	1.39	1	4	

5	5	0	0

5	6	175.482	5
1	185.00	100.00	161.07	101.78	24.00	1	5	
2	161.07	101.78	85.69	107.38	75.58	0	
3	85.69	107.38	45.90	110.33	39.90	1	8	
4	45.90	110.33	37.66	110.95	8.27	2	6	8	
5	37.66	110.95	10.00	113.00	27.73	1	6	

5	7	125.782	4
1	185.00	100.00	187.67	123.85	24.00	1	5	
2	187.67	123.85	198.89	224.01	100.78	0	
3	198.89	224.01	198.90	224.10	0.09	1	7	
4	198.90	224.10	199.00	225.00	0.91	2	1	7	

5	8	124.952	3
1	185.00	100.00	161.57	105.19	24.00	1	5	
2	161.57	105.19	92.29	120.52	70.95	0	
3	92.29	120.52	63.00	127.00	30.00	1	8	

5	9	77.801	3
1	185.00	100.00	165.87	114.50	24.00	1	5	
2	165.87	114.50	134.95	137.94	38.80	0	
3	134.95	137.94	123.00	147.00	15.00	1	9	

5	10	192.416	3
1	185.00	100.00	193.48	122.45	24.00	1	5	
2	193.48	122.45	238.16	240.71	126.42	0	
3	238.16	240.71	253.00	280.00	42.00	1	10	

5	11	68.154	3
1	185.00	100.00	207.19	109.16	24.00	1	5	
2	207.19	109.16	207.33	109.21	0.15	0	
3	207.33	109.21	248.00	126.00	44.00	1	11	

5	12	235.553	9
1	185.00	100.00	168.49	117.42	24.00	1	5	
2	168.49	117.42	137.71	149.91	44.75	0	
3	137.71	149.91	132.59	155.32	7.45	1	9	
4	132.59	155.32	126.70	161.54	8.56	2	9	13	
5	126.70	161.54	118.99	169.68	11.22	1	13	
6	118.99	169.68	104.86	184.59	20.54	2	4	13	
7	104.86	184.59	98.39	191.42	9.41	1	4	
8	98.39	191.42	23.69	270.27	108.62	0	
9	23.69	270.27	23.00	271.00	1.00	1	12	

5	13	96.540	4
1	185.00	100.00	169.59	118.40	24.00	1	5	
2	169.59	118.40	136.49	157.90	51.54	0	
3	136.49	157.90	127.12	169.08	14.59	1	13	
4	127.12	169.08	123.00	174.00	6.41	2	4	13	

5	14	174.187	3
1	185.00	100.00	164.88	86.91	24.00	1	5	
2	164.88	86.91	75.88	29.00	106.19	0	
3	75.88	29.00	39.00	5.00	44.00	1	14	

5	15	70.292	3
1	185.00	100.00	200.36	81.56	24.00	1	5	
2	200.36	81.56	207.59	72.89	11.29	0	
3	207.59	72.89	230.00	46.00	35.00	1	15	

6	0	144.807	6
1	10.00	113.00	33.99	119.34	24.82	1	6	
2	33.99	119.34	44.80	122.20	11.18	2	6	8	
3	44.80	122.20	92.00	134.67	48.82	1	8	
4	92.00	134.67	110.04	139.44	18.66	0	
5	110.04	139.44	138.00	146.83	28.91	1	9	
6	138.00	146.83	150.00	150.00	12.41	0	

6	1	227.748	10
1	10.00	113.00	33.07	129.04	28.10	1	6	
2	33.07	129.04	39.56	133.55	7.90	2	6	8	
3	39.56	133.55	71.52	155.77	38.92	1	8	
4	71.52	155.77	102.23	177.12	37.41	0	
5	102.23	177.12	104.36	178.60	2.59	1	13	
6	104.36	178.60	127.31	194.55	27.95	2	4	13	
7	127.31	194.55	148.50	209.29	25.81	1	4	
8	148.50	209.29	181.40	232.15	40.06	0	
9	181.40	232.15	185.86	235.25	5.43	1	1	
10	185.86	235.25	197.00	243.00	13.57	2	1	3	

6	2	172.409	3
1	10.00	113.00	43.83	100.68	36.00	1	6	
2	43.83	100.68	157.91	59.13	121.41	0	
3	157.91	59.13	172.00	54.00	15.00	1	2	

6	3	241.350	7
1	10.00	113.00	33.55	132.73	30.73	1	6	
2	33.55	132.73	37.59	136.12	5.27	2	6	8	
3	37.59	136.12	62.51	157.00	32.51	1	8	
4	62.51	157.00	99.28	187.80	47.96	0	
5	99.28	187.80	137.58	219.89	49.97	1	4	
6	137.58	219.89	168.94	246.16	40.91	0	
7	168.94	246.16	195.00	268.00	34.00	1	3	

6	4	141.824	7
1	10.00	113.00	33.12	129.69	28.51	1	6	
2	33.12	129.69	39.19	134.07	7.49	2	6	8	
3	39.19	134.07	69.86	156.20	37.82	1	8	
4	69.86	156.20	102.89	180.04	40.73	0	
5	102.89	180.04	103.11	180.20	0.27	1	13	
6	103.11	180.20	123.60	194.99	25.28	2	4	13	
7	123.60	194.99	125.00	196.00	1.72	1	4	

6	5	175.482	5
1	10.00	113.00	37.66	110.95	27.73	1	6	
2	37.66	110.95	45.90	110.33	8.27	2	6	8	
3	45.90	110.33	85.69	107.38	39.90	1	8	
4	85.69	107.38	161.07	101.78	75.58	0	
5	161.07	101.78	185.00	100.00	24.00	1	5	

6	6	0	0

6	7	219.693	10
1	10.00	113.00	33.00	126.63	26.74	1	6	
2	33.00	126.63	40.97	131.35	9.26	2	6	8	
3	40.97	131.35	77.73	153.14	42.73	1	8	
4	77.73	153.14	102.87	168.03	29.22	0	
5	102.87	168.03	111.05	172.88	9.51	1	13	
6	111.05	172.88	137.90	188.79	31.21	2	4	13	
7	137.90	188.79	151.98	197.13	16.36	1	4	
8	151.98	197.13	197.32	224.00	52.70	0	
9	197.32	224.00	198.14	224.49	0.96	1	1	
10	198.14	224.49	199.00	225.00	1.00	2	1	7	

6	8	54.818	3
1	10.00	113.00	33.99	119.34	24.82	1	6	
2	33.99	119.34	44.81	122.19	11.18	2	6	8	
3	44.81	122.19	63.00	127.00	18.82	1	8	

6	9	118.004	5
1	10.00	113.00	33.79	120.16	24.84	1	6	
2	33.79	120.16	44.47	123.37	11.16	2	6	8	
3	44.47	123.37	91.14	137.41	48.73	1	8	
4	91.14	137.41	108.64	142.68	18.28	0	
5	108.64	142.68	123.00	147.00	15.00	1	9	

6	10	294.853	13
1	10.00	113.00	33.06	128.85	27.98	1	6	
2	33.06	128.85	39.67	133.39	8.02	2	6	8	
3	39.67	133.39	72.01	155.62	39.24	1	8	
4	72.01	155.62	102.13	176.31	36.55	0	
5	102.13	176.31	104.76	178.13	3.20	1	13	
6	104.76	178.13	128.32	194.31	28.58	2	4	13	
7	128.32	194.31	148.94	208.49	25.02	1	4	
8	148.94	208.49	182.07	231.25	40.20	0	
9	182.07	231.25	187.34	234.87	6.40	1	1	
10	187.34	234.87	213.32	252.73	31.53	2	1	3	
11	213.32	252.73	218.39	256.21	6.15	1	3	
12	218.39	256.21	228.67	263.28	12.48	2	3	10	
13	228.67	263.28	253.00	280.00	29.52	1	10	

6	11	238.355	7
1	10.00	113.00	35.77	114.41	25.81	1	6	
2	35.77	114.41	45.95	114.96	10.19	2	6	8	
3	45.95	114.96	91.44	117.45	45.56	1	8	
4	91.44	117.45	175.50	122.04	84.19	0	
5	175.50	122.04	192.04	122.94	16.57	1	5	
6	192.04	122.94	204.07	123.60	12.04	0	
7	204.07	123.60	248.00	126.00	44.00	1	11	

6	12	158.534	3
1	10.00	113.00	12.95	148.88	36.00	1	6	
2	12.95	148.88	22.92	270.00	121.53	0	
3	22.92	270.00	23.00	271.00	1.00	1	12	

6	13	128.413	6
1	10.00	113.00	33.04	125.44	26.18	1	6	
2	33.04	125.44	41.68	130.10	9.82	2	6	8	
3	41.68	130.10	80.74	151.19	44.39	1	8	
4	80.74	151.19	104.52	164.02	27.02	0	
5	104.52	164.02	116.36	170.42	13.46	1	13	
6	116.36	170.42	123.00	174.00	7.54	2	4	13	

6	14	111.826	3
1	10.00	113.00	19.34	78.23	36.00	0	
2	19.34	78.23	27.59	47.49	31.83	0	
3	27.59	47.49	39.00	5.00	44.00	1	14	

6	15	229.976	7
1	10.00	113.00	44.44	102.51	36.00	1	6	
2	44.44	102.51	46.67	101.83	2.34	0	
3	46.67	101.83	62.52	97.00	16.57	1	8	
4	62.52	97.00	163.39	66.28	105.44	0	
5	163.39	66.28	185.99	59.40	23.63	1	2	
6	185.99	59.40	196.52	56.20	11.00	0	
7	196.52	56.20	230.00	46.00	35.00	1	15	

7	0	89.588	3
1	199.00	225.00	198.45	224.16	1.00	2	1	7	
2	198.45	224.16	198.38	224.05	0.13	1	1	
3	198.38	224.05	150.00	150.00	88.45	0	

7	1	18.111	3
1	199.00	225.00	198.89	225.99	1.00	2	1	7	
2	198.89	225.99	197.99	234.13	8.19	1	1	
3	197.99	234.13	197.00	243.00	8.92	2	1	3	

7	2	173.118	6
1	199.00	225.00	198.86	224.09	0.92	2	1	7	
2	198.86	224.09	198.84	224.01	0.08	1	7	
3	198.84	224.01	183.04	123.92	101.33	0	
4	183.04	123.92	175.77	77.85	46.64	0	
5	175.77	77.85	174.34	68.82	9.14	0	
6	174.34	68.82	172.00	54.00	15.00	1	2	

7	3	43.186	4
1	199.00	225.00	198.91	226.00	1.00	2	1	7	
2	198.91	226.00	198.15	234.15	8.19	1	1	
3	198.15	234.15	195.56	261.95	27.92	2	1	3	
4	195.56	261.95	195.00	268.00	6.08	1	3	

7	4	79.480	4
1	199.00	225.00	198.07	224.64	1.00	2	1	7	
2	198.07	224.64	196.47	224.01	1.72	1	1	
3	196.47	224.01	150.14	205.85	49.76	0	
4	150.14	205.85	125.00	196.00	27.00	1	4	

7	5	125.782	4
1	199.00	225.00	198.90	224.10	0.91	2	1	7	
2	198.90	224.10	198.89	224.01	0.09	1	7	
3	198.89	224.01	187.67	123.85	100.78	0	
4	187.67	123.85	185.00	100.00	24.00	1	5	

7	6	219.693	10
1	199.00	225.00	198.14	224.49	1.00	2	1	7	
2	198.14	224.49	197.32	224.00	0.96	1	1	
3	197.32	224.00	151.98	197.13	52.70	0	
4	151.98	197.13	137.90	188.79	16.36	1	4	
5	137.90	188.79	111.05	172.88	31.21	2	4	13	
6	111.05	172.88	102.87	168.03	9.51	1	13	
7	102.87	168.03	77.73	153.14	29.22	0	
8	77.73	153.14	40.97	131.35	42.73	1	8	
9	40.97	131.35	33.00	126.63	9.26	2	6	8	
10	33.00	126.63	10.00	113.00	26.74	1	6	

7	7	0	0

7	8	167.631	8
1	199.00	225.00	198.19	224.42	1.00	2	1	7	
2	198.19	224.42	197.63	224.01	0.69	1	1	
3	197.63	224.01	151.49	190.76	56.87	0	
4	151.49	190.76	141.64	183.67	12.14	1	4	
5	141.64	183.67	121.59	169.22	24.72	2	4	13	
6	121.59	169.22	107.93	159.38	16.83	1	13	
7	107.93	159.38	87.34	144.54	25.38	0	
8	87.34	144.54	63.00	127.00	30.00	1	8	

7	9	108.904	6
1	199.00	225.00	198.30	224.28	1.00	2	1	7	
2	198.30	224.28	198.05	224.03	0.36	1	1	
3	198.05	224.03	142.97	167.49	78.94	0	
4	142.97	167.49	133.47	157.74	13.61	1	13	
5	133.47	157.74	130.03	154.21	4.93	2	9	13	
6	130.03	154.21	123.00	147.00	10.07	1	9	

7	10	77.078	6
1	199.00	225.00	199.70	225.71	1.00	2	1	7	
2	199.70	225.71	212.74	239.00	18.61	1	1	
3	212.74	239.00	215.99	242.30	4.63	2	1	3	
4	215.99	242.30	223.58	250.03	10.83	1	3	
5	223.58	250.03	224.32	250.79	1.07	2	3	10	
6	224.32	250.79	253.00	280.00	40.93	1	10	

7	11	110.463	4
1	199.00	225.00	199.42	224.15	0.94	2	1	7	
2	199.42	224.15	199.44	224.10	0.06	1	7	
3	199.44	224.10	228.48	165.43	65.46	0	
4	228.48	165.43	248.00	126.00	44.00	1	11	

7	12	181.912	4
1	199.00	225.00	198.03	225.25	1.00	2	1	7	
2	198.03	225.25	184.34	228.83	14.15	1	1	
3	184.34	228.83	23.97	270.75	165.76	0	
4	23.97	270.75	23.00	271.00	1.00	1	12	

7	13	91.526	5
1	199.00	225.00	198.17	224.44	1.00	2	1	7	
2	198.17	224.44	197.52	224.01	0.78	1	1	
3	197.52	224.01	151.87	193.37	54.97	0	
4	151.87	193.37	140.44	185.70	13.77	1	4	
5	140.44	185.70	123.00	174.00	21.00	2	4	13	

7	14	272.029	4
1	199.00	225.00	198.41	224.19	1.00	2	1	7	
2	198.41	224.19	198.31	224.04	0.18	1	1	
3	198.31	224.04	64.88	40.58	226.85	0	
4	64.88	40.58	39.00	5.00	44.00	1	14	

7	15	181.665	6
1	199.00	225.00	199.15	224.12	0.89	2	1	7	
2	199.15	224.12	199.17	224.01	0.11	1	7	
3	199.17	224.01	211.81	151.03	74.07	0	
4	211.81	151.03	222.33	90.26	61.67	1	11	
5	222.33	90.26	224.03	80.49	9.92	0	
6	224.03	80.49	230.00	46.00	35.00	1	15	

8	0	89.989	4
1	63.00	127.00	92.00	134.67	30.00	1	8	
2	92.00	134.67	110.05	139.44	18.66	0	
3	110.05	139.44	138.00	146.83	28.91	1	9	
4	138.00	146.83	150.00	150.00	12.41	0	

8	1	177.234	8
1	63.00	127.00	85.68	146.63	30.00	1	8	
2	85.68	146.63	104.93	163.30	25.46	0	
3	104.93	163.30	114.15	171.28	12.19	1	13	
4	114.15	171.28	136.18	190.35	29.14	2	4	13	
5	136.18	190.35	151.02	203.20	19.63	1	4	
6	151.02	203.20	182.63	230.56	41.81	0	
7	182.63	230.56	187.56	234.82	6.51	1	1	
8	187.56	234.82	197.00	243.00	12.49	2	1	3	

8	2	131.187	3
1	63.00	127.00	87.93	110.31	30.00	1	8	
2	87.93	110.31	159.54	62.35	86.19	0	
3	159.54	62.35	172.00	54.00	15.00	1	2	

8	3	193.145	9
1	63.00	127.00	83.50	148.90	30.00	1	8	
2	83.50	148.90	102.55	169.24	27.86	0	
3	102.55	169.24	107.98	175.04	7.95	1	13	
4	107.98	175.04	126.40	194.72	26.96	2	4	13	
5	126.40	194.72	144.79	214.37	26.91	1	4	
6	144.79	214.37	171.76	243.18	39.47	0	
7	171.76	243.18	180.64	252.66	12.99	1	3	
8	180.64	252.66	186.28	258.69	8.26	2	1	3	
9	186.28	258.69	195.00	268.00	12.75	1	3	

8	4	92.763	5
1	63.00	127.00	83.05	149.31	30.00	1	8	
2	83.05	149.31	102.26	170.69	28.74	0	
3	102.26	170.69	106.95	175.92	7.02	1	13	
4	106.95	175.92	124.08	194.97	25.62	2	4	13	
5	124.08	194.97	125.00	196.00	1.38	1	4	

8	5	124.952	3
1	63.00	127.00	92.29	120.52	30.00	1	8	
2	92.29	120.52	161.57	105.19	70.95	0	
3	161.57	105.19	185.00	100.00	24.00	1	5	

8	6	54.818	3
1	63.00	127.00	44.81	122.19	18.82	1	8	
2	44.81	122.19	33.99	119.34	11.18	2	6	8	
3	33.99	119.34	10.00	113.00	24.82	1	6	

8	7	167.631	8
1	63.00	127.00	87.34	144.54	30.00	1	8	
2	87.34	144.54	107.93	159.38	25.38	0	
3	107.93	159.38	121.59	169.22	16.83	1	13	
4	121.59	169.22	141.64	183.67	24.72	2	4	13	
5	141.64	183.67	151.49	190.76	12.14	1	4	
6	151.49	190.76	197.63	224.01	56.87	0	
7	197.63	224.01	198.19	224.42	0.69	1	1	
8	198.19	224.42	199.00	225.00	1.00	2	1	7	

8	8	0	0

8	9	63.246	3
1	63.00	127.00	91.46	136.49	30.00	1	8	
2	91.46	136.49	108.77	142.26	18.25	0	
3	108.77	142.26	123.00	147.00	15.00	1	9	

8	10	243.945	11
1	63.00	127.00	86.37	145.82	30.00	1	8	
2	86.37	145.82	106.02	161.64	25.23	0	
3	106.02	161.64	116.76	170.29	13.79	1	13	
4	116.76	170.29	138.69	187.95	28.16	2	4	13	
5	138.69	187.95	151.88	198.57	16.93	1	4	
6	151.88	198.57	186.99	226.85	45.09	0	
7	186.99	226.85	195.89	234.01	11.42	1	1	
8	195.89	234.01	214.91	249.33	24.43	2	1	3	
9	214.91	249.33	220.29	253.66	6.90	1	3	
10	220.29	253.66	228.02	259.88	9.92	2	3	10	
11	228.02	259.88	253.00	280.00	32.08	1	10	

8	11	185.003	3
1	63.00	127.00	93.00	126.84	30.00	1	8	
2	93.00	126.84	204.00	126.24	111.00	0	
3	204.00	126.24	248.00	126.00	44.00	1	11	

8	12	149.452	3
1	63.00	127.00	54.97	155.91	30.00	1	8	
2	54.97	155.91	23.27	270.04	118.45	0	
3	23.27	270.04	23.00	271.00	1.00	1	12	

8	13	76.217	4
1	63.00	127.00	86.62	145.50	30.00	1	8	
2	86.62	145.50	106.47	161.05	25.22	0	
3	106.47	161.05	117.85	169.96	14.46	1	13	
4	117.85	169.96	123.00	174.00	6.54	2	4	13	

8	14	124.338	3
1	63.00	127.00	57.21	97.56	30.00	0	
2	57.21	97.56	47.49	48.17	50.34	0	
3	47.49	48.17	39.00	5.00	44.00	0	

8	15	185.607	3
1	63.00	127.00	89.99	113.91	30.00	1	8	
2	89.99	113.91	198.51	61.27	120.61	0	
3	198.51	61.27	230.00	46.00	35.00	1	15	

9	0	27.166	2
1	123.00	147.00	137.91	148.66	15.00	1	9	
2	137.91	148.66	150.00	150.00	12.17	0	

9	1	121.211	6
1	123.00	147.00	128.11	153.63	8.37	1	9	
2	128.11	153.63	132.16	158.88	6.63	2	9	13	
3	132.16	158.88	144.00	174.24	19.40	1	13	
4	144.00	174.24	185.40	227.95	67.82	0	
5	185.40	227.95	190.31	234.32	8.05	1	1	
6	190.31	234.32	197.00	243.00	10.95	2	1	3	

9	2	105.119	3
1	123.00	147.00	129.99	133.73	15.00	1	9	
2	129.99	133.73	165.01	67.27	75.12	0	
3	165.01	67.27	172.00	54.00	15.00	1	2	

9	3	140.801	9
1	123.00	147.00	126.77	153.34	7.38	1	9	
2	126.77	153.34	130.67	159.89	7.62	2	9	13	
3	130.67	159.89	138.11	172.40	14.55	1	13	
4	138.11	172.40	142.96	180.54	9.47	2	4	13	
5	142.96	180.54	152.00	195.73	17.68	1	4	
6	152.00	195.73	177.61	238.78	50.09	0	
7	177.61	238.78	178.26	239.87	1.26	1	3	
8	178.26	239.87	190.81	260.96	24.55	2	1	3	
9	190.81	260.96	195.00	268.00	8.19	1	3	

9	4	49.041	5
1	123.00	147.00	123.25	153.00	6.01	1	9	
2	123.25	153.00	123.61	161.99	8.99	2	9	13	
3	123.61	161.99	123.90	169.02	7.04	1	13	
4	123.90	169.02	124.96	194.91	25.91	1	4	
5	124.96	194.91	125.00	196.00	1.09	1	4	

9	5	77.801	3
1	123.00	147.00	134.95	137.94	15.00	1	9	
2	134.95	137.94	165.87	114.50	38.80	0	
3	165.87	114.50	185.00	100.00	24.00	1	5	

9	6	118.004	5
1	123.00	147.00	108.64	142.68	15.00	1	9	
2	108.64	142.68	91.14	137.41	18.28	0	
3	91.14	137.41	44.47	123.37	48.73	1	8	
4	44.47	123.37	33.79	120.16	11.16	2	6	8	
5	33.79	120.16	10.00	113.00	24.84	1	6	

9	7	108.904	6
1	123.00	147.00	130.03	154.21	10.07	1	9	
2	130.03	154.21	133.47	157.74	4.93	2	9	13	
3	133.47	157.74	142.97	167.49	13.61	1	13	
4	142.97	167.49	198.05	224.03	78.94	0	
5	198.05	224.03	198.30	224.28	0.36	1	1	
6	198.30	224.28	199.00	225.00	1.00	2	1	7	

9	8	63.246	3
1	123.00	147.00	108.77	142.26	15.00	1	9	
2	108.77	142.26	91.46	136.49	18.25	0	
3	91.46	136.49	63.00	127.00	30.00	1	8	

9	9	0	0

9	10	185.981	11
1	123.00	147.00	130.06	154.22	10.10	1	9	
2	130.06	154.22	133.48	157.73	4.90	2	9	13	
3	133.48	157.73	142.93	167.39	13.52	1	13	
4	142.93	167.39	198.31	224.05	79.22	0	
5	198.31	224.05	198.43	224.18	0.18	1	1	
6	198.43	224.18	199.81	225.58	1.97	2	1	7	
7	199.81	225.58	213.20	239.28	19.15	1	1	
8	213.20	239.28	215.98	242.13	3.98	2	1	3	
9	215.98	242.13	223.64	249.96	10.96	1	3	
10	223.64	249.96	224.13	250.46	0.69	2	3	10	
11	224.13	250.46	253.00	280.00	41.31	1	10	

9	11	126.752	3
1	123.00	147.00	137.79	144.51	15.00	1	9	
2	137.79	144.51	204.61	133.29	67.75	0	
3	204.61	133.29	248.00	126.00	44.00	1	11	

9	12	159.298	5
1	123.00	147.00	117.59	153.71	8.62	1	9	
2	117.59	153.71	113.58	158.68	6.38	2	9	13	
3	113.58	158.68	102.02	173.01	18.42	1	13	
4	102.02	173.01	23.63	270.22	124.88	0	
5	23.63	270.22	23.00	271.00	1.00	1	12	

9	13	27.000	4
1	123.00	147.00	123.00	153.00	6.00	1	9	
2	123.00	153.00	123.00	162.00	9.00	2	9	13	
3	123.00	162.00	123.00	169.07	7.07	1	13	
4	123.00	169.07	123.00	174.00	4.93	2	4	13	

9	14	164.985	3
1	123.00	147.00	115.36	134.09	15.00	1	9	
2	115.36	134.09	61.40	42.87	105.98	0	
3	61.40	42.87	39.00	5.00	44.00	1	14	

9	15	147.139	5
1	123.00	147.00	133.91	136.70	15.00	1	9	
2	133.91	136.70	162.89	109.34	39.86	0	
3	162.89	109.34	195.60	78.47	44.98	1	5	
4	195.60	78.47	204.55	70.02	12.30	0	
5	204.55	70.02	230.00	46.00	35.00	1	15	

10	0	165.858	2
1	253.00	280.00	226.92	247.08	42.00	1	10	
2	226.92	247.08	150.00	150.00	123.86	0	

10	1	67.119	4
1	253.00	280.00	228.76	263.99	29.05	1	10	
2	228.76	263.99	217.96	256.85	12.95	2	3	10	
3	217.96	256.85	212.85	253.47	6.12	1	3	
4	212.85	253.47	197.00	243.00	19.00	2	1	3	

10	2	240.077	5
1	253.00	280.00	238.83	240.46	42.00	1	10	
2	238.83	240.46	196.11	121.27	126.61	0	
3	196.11	121.27	180.07	76.51	47.55	1	5	
4	180.07	76.51	177.06	68.12	8.91	0	
5	177.06	68.12	172.00	54.00	15.00	1	2	

10	3	59.228	3
1	253.00	280.00	228.29	274.89	25.23	1	10	
2	228.29	274.89	211.87	271.49	16.77	2	3	10	
3	211.87	271.49	195.00	268.00	17.23	1	3	

10	4	153.101	7
1	253.00	280.00	228.78	264.10	28.97	1	10	
2	228.78	264.10	217.89	256.96	13.03	2	3	10	
3	217.89	256.96	212.77	253.60	6.12	1	3	
4	212.77	253.60	185.13	235.46	33.05	2	1	3	
5	185.13	235.46	181.00	232.75	4.94	1	1	
6	181.00	232.75	147.57	210.81	39.98	0	
7	147.57	210.81	125.00	196.00	27.00	1	4	

10	5	192.416	3
1	253.00	280.00	238.16	240.71	42.00	1	10	
2	238.16	240.71	193.48	122.45	126.42	0	
3	193.48	122.45	185.00	100.00	24.00	1	5	

10	6	294.853	13
1	253.00	280.00	228.67	263.28	29.52	1	10	
2	228.67	263.28	218.39	256.21	12.48	2	3	10	
3	218.39	256.21	213.32	252.73	6.15	1	3	
4	213.32	252.73	187.34	234.87	31.53	2	1	3	
5	187.34	234.87	182.07	231.25	6.40	1	1	
6	182.07	231.25	148.94	208.49	40.20	0	
7	148.94	208.49	128.32	194.31	25.02	1	4	
8	128.32	194.31	104.76	178.13	28.58	2	4	13	
9	104.76	178.13	102.13	176.31	3.20	1	13	
10	102.13	176.31	72.01	155.62	36.55	0	
11	72.01	155.62	39.67	133.39	39.24	1	8	
12	39.67	133.39	33.06	128.85	8.02	2	6	8	
13	33.06	128.85	10.00	113.00	27.98	1	6	

10	7	77.078	6
1	253.00	280.00	224.32	250.79	40.93	1	10	
2	224.32	250.79	223.58	250.03	1.07	2	3	10	
3	223.58	250.03	215.99	242.30	10.83	1	3	
4	215.99	242.30	212.74	239.00	4.63	2	1	3	
5	212.74	239.00	199.70	225.71	18.61	1	1	
6	199.70	225.71	199.00	225.00	1.00	2	1	7	

10	8	243.945	11
1	253.00	280.00	228.02	259.88	32.08	1	10	
2	228.02	259.88	220.29	253.66	9.92	2	3	10	
3	220.29	253.66	214.91	249.33	6.90	1	3	
4	214.91	249.33	195.89	234.01	24.43	2	1	3	
5	195.89	234.01	186.99	226.85	11.42	1	1	
6	186.99	226.85	151.88	198.57	45.09	0	
7	151.88	198.57	138.69	187.95	16.93	1	4	
8	138.69	187.95	116.76	170.29	28.16	2	4	13	
9	116.76	170.29	106.02	161.64	13.79	1	13	
10	106.02	161.64	86.37	145.82	25.23	0	
11	86.37	145.82	63.00	127.00	30.00	1	8	

10	9	185.981	11
1	253.00	280.00	224.13	250.46	41.31	1	10	
2	224.13	250.46	223.64	249.96	0.69	2	3	10	
3	223.64	249.96	215.98	242.13	10.96	1	3	
4	215.98	242.13	213.20	239.28	3.98	2	1	3	
5	213.20	239.28	199.81	225.58	19.15	1	1	
6	199.81	225.58	198.43	224.18	1.97	2	1	7	
7	198.43	224.18	198.31	224.05	0.18	1	1	
8	198.31	224.05	142.93	167.39	79.22	0	
9	142.93	167.39	133.48	157.73	13.52	1	13	
10	133.48	157.73	130.06	154.22	4.90	2	9	13	
11	130.06	154.22	123.00	147.00	10.10	1	9	

10	10	0	0

10	11	154.081	3
1	253.00	280.00	251.64	238.02	42.00	1	10	
2	251.64	238.02	249.43	169.98	68.08	0	
3	249.43	169.98	248.00	126.00	44.00	1	11	

10	12	230.176	5
1	253.00	280.00	227.18	278.99	25.84	1	10	
2	227.18	278.99	211.03	278.36	16.16	2	3	10	
3	211.03	278.36	162.06	276.44	49.00	1	3	
4	162.06	276.44	24.00	271.04	138.17	0	
5	24.00	271.04	23.00	271.00	1.00	1	12	

10	13	167.738	8
1	253.00	280.00	227.94	259.56	32.34	1	10	
2	227.94	259.56	220.45	253.46	9.66	2	3	10	
3	220.45	253.46	215.02	249.03	7.01	1	3	
4	215.02	249.03	196.63	234.04	23.72	2	1	3	
5	196.63	234.04	187.47	226.56	11.83	1	1	
6	187.47	226.56	151.95	197.61	45.82	0	
7	151.95	197.61	139.28	187.27	16.36	1	4	
8	139.28	187.27	123.00	174.00	21.00	2	4	13	

10	14	348.455	3
1	253.00	280.00	227.21	246.85	42.00	1	10	
2	227.21	246.85	66.02	39.72	262.46	0	
3	66.02	39.72	39.00	5.00	44.00	1	14	

10	15	235.128	5
1	253.00	280.00	248.89	238.20	42.00	1	10	
2	248.89	238.20	242.15	169.61	68.92	0	
3	242.15	169.61	233.77	84.36	85.65	1	11	
4	233.77	84.36	233.42	80.83	3.55	0	
5	233.42	80.83	230.00	46.00	35.00	0	

11	0	100.896	2
1	248.00	126.00	205.26	136.47	44.00	1	11	
2	205.26	136.47	150.00	150.00	56.90	0	

11	1	127.632	4
1	248.00	126.00	230.42	166.33	44.00	1	11	
2	230.42	166.33	204.59	225.58	64.63	0	
3	204.59	225.58	200.71	234.48	9.71	1	1	
4	200.71	234.48	197.00	243.00	9.29	2	1	3	

11	2	104.690	3
1	248.00	126.00	216.06	95.74	44.00	1	11	
2	216.06	95.74	182.89	64.32	45.69	0	
3	182.89	64.32	172.00	54.00	15.00	1	2	

11	3	151.568	5
1	248.00	126.00	232.61	167.22	44.00	1	11	
2	232.61	167.22	209.63	228.80	65.73	0	
3	209.63	228.80	206.89	236.15	7.84	1	1	
4	206.89	236.15	197.24	262.00	27.59	2	1	3	
5	197.24	262.00	195.00	268.00	6.41	1	3	

11	4	141.524	5
1	248.00	126.00	209.76	147.76	44.00	1	11	
2	209.76	147.76	148.47	182.65	70.52	0	
3	148.47	182.65	138.20	188.49	11.81	1	4	
4	138.20	188.49	127.69	194.47	12.10	2	4	13	
5	127.69	194.47	125.00	196.00	3.09	1	4	

11	5	68.154	3
1	248.00	126.00	207.33	109.21	44.00	1	11	
2	207.33	109.21	207.19	109.16	0.15	0	
3	207.19	109.16	185.00	100.00	24.00	1	5	

11	6	238.355	7
1	248.00	126.00	204.07	123.60	44.00	1	11	
2	204.07	123.60	192.04	122.94	12.04	0	
3	192.04	122.94	175.50	122.04	16.57	1	5	
4	175.50	122.04	91.44	117.45	84.19	0	
5	91.44	117.45	45.95	114.96	45.56	1	8	
6	45.95	114.96	35.77	114.41	10.19	2	6	8	
7	35.77	114.41	10.00	113.00	25.81	1	6	

11	7	110.463	4
1	248.00	126.00	228.48	165.43	44.00	1	11	
2	228.48	165.43	199.44	224.10	65.46	0	
3	199.44	224.10	199.42	224.15	0.06	1	7	
4	199.42	224.15	199.00	225.00	0.94	2	1	7	

11	8	185.003	3
1	248.00	126.00	204.00	126.24	44.00	1	11	
2	204.00	126.24	93.00	126.84	111.00	0	
3	93.00	126.84	63.00	127.00	30.00	1	8	

11	9	126.752	3
1	248.00	126.00	204.61	133.29	44.00	1	11	
2	204.61	133.29	137.79	144.51	67.75	0	
3	137.79	144.51	123.00	147.00	15.00	1	9	

11	10	154.081	3
1	248.00	126.00	249.43	169.98	44.00	1	11	
2	249.43	169.98	251.64	238.02	68.08	0	
3	251.64	238.02	253.00	280.00	42.00	1	10	

11	11	0	0

11	12	267.675	5
1	248.00	126.00	211.01	149.83	44.00	1	11	
2	211.01	149.83	150.95	188.54	71.46	0	
3	150.95	188.54	107.49	216.55	51.70	1	4	
4	107.49	216.55	23.84	270.46	99.51	0	
5	23.84	270.46	23.00	271.00	1.00	1	12	

11	13	133.899	4
1	248.00	126.00	206.92	141.77	44.00	1	11	
2	206.92	141.77	142.60	166.47	68.90	0	
3	142.60	166.47	132.92	170.19	10.37	1	13	
4	132.92	170.19	123.00	174.00	10.63	2	4	13	

11	14	241.499	5
1	248.00	126.00	209.92	103.95	44.00	1	11	
2	209.92	103.95	208.77	103.29	1.33	0	
3	208.77	103.29	170.31	81.02	44.45	1	5	
4	170.31	81.02	77.08	27.05	107.73	0	
5	77.08	27.05	39.00	5.00	44.00	1	14	

11	15	82.000	2
1	248.00	126.00	237.68	80.15	47.00	0	
2	237.68	80.15	230.00	46.00	35.00	1	15	

12	0	175.414	6
1	23.00	271.00	23.72	270.31	1.00	1	12	
2	23.72	270.31	98.21	199.35	102.88	0	
3	98.21	199.35	108.68	189.36	14.47	1	4	
4	108.68	189.36	129.64	169.40	28.94	2	4	13	
5	129.64	169.40	139.04	160.44	12.99	1	13	
6	139.04	160.44	150.00	150.00	15.14	0	

12	1	176.238	4
1	23.00	271.00	23.99	270.84	1.00	1	12	
2	23.99	270.84	167.72	247.71	145.58	0	
3	167.72	247.71	178.24	246.02	10.66	1	3	
4	178.24	246.02	197.00	243.00	19.00	2	1	3	

12	2	263.230	5
1	23.00	271.00	23.57	270.18	1.00	1	12	
2	23.57	270.18	108.00	147.21	149.17	0	
3	108.00	147.21	117.81	132.93	17.32	1	9	
4	117.81	132.93	163.51	66.37	80.74	0	
5	163.51	66.37	172.00	54.00	15.00	1	2	

12	3	172.026	3
1	23.00	271.00	24.00	270.98	1.00	1	12	
2	24.00	270.98	161.01	268.59	137.03	0	
3	161.01	268.59	195.00	268.00	34.00	1	3	

12	4	126.606	3
1	23.00	271.00	23.81	270.41	1.00	1	12	
2	23.81	270.41	103.25	211.99	98.61	0	
3	103.25	211.99	125.00	196.00	27.00	1	4	

12	5	235.553	9
1	23.00	271.00	23.69	270.27	1.00	1	12	
2	23.69	270.27	98.39	191.42	108.62	0	
3	98.39	191.42	104.86	184.59	9.41	1	4	
4	104.86	184.59	118.99	169.68	20.54	2	4	13	
5	118.99	169.68	126.70	161.54	11.22	1	13	
6	126.70	161.54	132.59	155.32	8.56	2	9	13	
7	132.59	155.32	137.71	149.91	7.45	1	9	
8	137.71	149.91	168.49	117.42	44.75	0	
9	168.49	117.42	185.00	100.00	24.00	1	5	

12	6	158.534	3
1	23.00	271.00	22.92	270.00	1.00	1	12	
2	22.92	270.00	12.95	148.88	121.53	0	
3	12.95	148.88	10.00	113.00	36.00	1	6	

12	7	181.912	4
1	23.00	271.00	23.97	270.75	1.00	1	12	
2	23.97	270.75	184.34	228.83	165.76	0	
3	184.34	228.83	198.03	225.25	14.15	1	1	
4	198.03	225.25	199.00	225.00	1.00	2	1	7	

12	8	149.452	3
1	23.00	271.00	23.27	270.04	1.00	1	12	
2	23.27	270.04	54.97	155.91	118.45	0	
3	54.97	155.91	63.00	127.00	30.00	1	8	

12	9	159.298	5
1	23.00	271.00	23.63	270.22	1.00	1	12	
2	23.63	270.22	102.02	173.01	124.88	0	
3	102.02	173.01	113.58	158.68	18.42	1	13	
4	113.58	158.68	117.59	153.71	6.38	2	9	13	
5	117.59	153.71	123.00	147.00	8.62	1	9	

12	10	230.176	5
1	23.00	271.00	24.00	271.04	1.00	1	12	
2	24.00	271.04	162.06	276.44	138.17	0	
3	162.06	276.44	211.03	278.36	49.00	1	3	
4	211.03	278.36	227.18	278.99	16.16	2	3	10	
5	227.18	278.99	253.00	280.00	25.84	1	10	

12	11	267.675	5
1	23.00	271.00	23.84	270.46	1.00	1	12	
2	23.84	270.46	107.49	216.55	99.51	0	
3	107.49	216.55	150.95	188.54	51.70	1	4	
4	150.95	188.54	211.01	149.83	71.46	0	
5	211.01	149.83	248.00	126.00	44.00	1	11	

12	12	0	0

12	13	139.316	4
1	23.00	271.00	23.72	270.30	1.00	1	12	
2	23.72	270.30	98.09	198.17	103.61	0	
3	98.09	198.17	107.93	188.62	13.71	1	4	
4	107.93	188.62	123.00	174.00	21.00	2	4	13	

12	14	266.481	5
1	23.00	271.00	23.06	270.00	1.00	1	12	
2	23.06	270.00	30.73	142.43	127.80	0	
3	30.73	142.43	34.11	86.27	56.26	0	
4	34.11	86.27	36.36	48.92	37.42	0	
5	36.36	48.92	39.00	5.00	44.00	1	14	

12	15	305.735	11
1	23.00	271.00	23.68	270.26	1.00	1	12	
2	23.68	270.26	99.14	188.24	111.46	0	
3	99.14	188.24	104.00	182.95	7.18	1	4	
4	104.00	182.95	115.12	170.87	16.41	2	4	13	
5	115.12	170.87	123.28	162.00	12.06	1	13	
6	123.28	162.00	130.34	154.32	10.43	2	9	13	
7	130.34	154.32	137.97	146.03	11.27	1	9	
8	137.97	146.03	166.38	115.15	41.97	0	
9	166.38	115.15	198.55	80.19	47.50	1	5	
10	198.55	80.19	206.30	71.76	11.46	0	
11	206.30	71.76	230.00	46.00	35.00	1	15	

13	0	36.125	3
1	123.00	174.00	128.39	169.21	7.21	2	4	13	
2	128.39	169.21	138.70	160.05	13.79	1	13	
3	138.70	160.05	150.00	150.00	15.12	0	

13	1	101.178	5
1	123.00	174.00	138.36	188.32	21.00	2	4	13	
2	138.36	188.32	151.59	200.66	18.10	1	4	
3	151.59	200.66	183.10	230.04	43.08	0	
4	183.10	230.04	188.11	234.71	6.84	1	1	
5	188.11	234.71	197.00	243.00	12.16	2	1	3	

13	2	129.619	6
1	123.00	174.00	125.04	169.00	5.40	2	4	13	
2	125.04	169.00	128.29	161.03	8.60	1	13	
3	128.29	161.03	130.94	154.56	7.00	2	9	13	
4	130.94	154.56	136.60	140.68	14.99	1	9	
5	136.60	140.68	166.33	67.89	78.63	0	
6	166.33	67.89	172.00	54.00	15.00	1	2	

13	3	118.406	6
1	123.00	174.00	135.77	190.67	21.00	2	4	13	
2	135.77	190.67	149.13	208.11	21.97	1	4	
3	149.13	208.11	174.33	241.01	41.43	0	
4	174.33	241.01	178.26	246.15	6.47	1	3	
5	178.26	246.15	189.08	260.27	17.79	2	1	3	
6	189.08	260.27	195.00	268.00	9.74	1	3	

13	4	22.091	2
1	123.00	174.00	124.90	194.91	21.00	1	4	
2	124.90	194.91	125.00	196.00	1.09	1	4	

13	5	96.540	4
1	123.00	174.00	127.12	169.08	6.41	2	4	13	
2	127.12	169.08	136.49	157.90	14.59	1	13	
3	136.49	157.90	169.59	118.40	51.54	0	
4	169.59	118.40	185.00	100.00	24.00	1	5	

13	6	128.413	6
1	123.00	174.00	116.36	170.42	7.54	2	4	13	
2	116.36	170.42	104.52	164.02	13.46	1	13	
3	104.52	164.02	80.74	151.19	27.02	0	
4	80.74	151.19	41.68	130.10	44.39	1	8	
5	41.68	130.10	33.04	125.44	9.82	2	6	8	
6	33.04	125.44	10.00	113.00	26.18	1	6	

13	7	91.526	5
1	123.00	174.00	140.44	185.70	21.00	2	4	13	
2	140.44	185.70	151.87	193.37	13.77	1	4	
3	151.87	193.37	197.52	224.01	54.97	0	
4	197.52	224.01	198.17	224.44	0.78	1	1	
5	198.17	224.44	199.00	225.00	1.00	2	1	7	

13	8	76.217	4
1	123.00	174.00	117.85	169.96	6.54	2	4	13	
2	117.85	169.96	106.47	161.05	14.46	1	13	
3	106.47	161.05	86.62	145.50	25.22	0	
4	86.62	145.50	63.00	127.00	30.00	1	8	

13	9	27.000	4
1	123.00	174.00	123.00	169.07	4.93	2	4	13	
2	123.00	169.07	123.00	162.00	7.07	1	13	
3	123.00	162.00	123.00	153.00	9.00	2	9	13	
4	123.00	153.00	123.00	147.00	6.00	1	9	

13	10	167.738	8
1	123.00	174.00	139.28	187.27	21.00	2	4	13	
2	139.28	187.27	151.95	197.61	16.36	1	4	
3	151.95	197.61	187.47	226.56	45.82	0	
4	187.47	226.56	196.63	234.04	11.83	1	1	
5	196.63	234.04	215.02	249.03	23.72	2	1	3	
6	215.02	249.03	220.45	253.46	7.01	1	3	
7	220.45	253.46	227.94	259.56	9.66	2	3	10	
8	227.94	259.56	253.00	280.00	32.34	1	10	

13	11	133.899	4
1	123.00	174.00	132.92	170.19	10.63	2	4	13	
2	132.92	170.19	142.60	166.47	10.37	1	13	
3	142.60	166.47	206.92	141.77	68.90	0	
4	206.92	141.77	248.00	126.00	44.00	1	11	

13	12	139.316	4
1	123.00	174.00	107.93	188.62	21.00	2	4	13	
2	107.93	188.62	98.09	198.17	13.71	1	4	
3	98.09	198.17	23.72	270.30	103.61	0	
4	23.72	270.30	23.00	271.00	1.00	1	12	

13	13	0	0

13	14	188.725	6
1	123.00	174.00	120.69	169.35	5.20	2	4	13	
2	120.69	169.35	116.23	160.39	10.01	1	13	
3	116.23	160.39	113.65	155.19	5.80	2	9	13	
4	113.65	155.19	108.24	144.31	12.15	1	9	
5	108.24	144.31	58.58	44.40	111.57	0	
6	58.58	44.40	39.00	5.00	44.00	1	14	

13	15	166.832	6
1	123.00	174.00	127.11	169.08	6.41	2	4	13	
2	127.11	169.08	136.47	157.89	14.59	1	13	
3	136.47	157.89	169.52	118.34	51.54	0	
4	169.52	118.34	200.31	81.52	48.00	1	5	
5	200.31	81.52	207.55	72.85	11.29	0	
6	207.55	72.85	230.00	46.00	35.00	1	15	

14	0	182.609	2
1	39.00	5.00	65.75	39.94	44.00	1	14	
2	65.75	39.94	150.00	150.00	138.61	0	

14	1	285.671	6
1	39.00	5.00	63.34	41.66	44.00	1	14	
2	63.34	41.66	123.31	132.00	108.44	0	
3	123.31	132.00	136.94	152.53	24.64	1	9	
4	136.94	152.53	186.49	227.17	89.59	0	
5	186.49	227.17	191.17	234.22	8.46	1	1	
6	191.17	234.22	197.00	243.00	10.54	2	1	3	

14	2	141.739	3
1	39.00	5.00	80.29	20.21	44.00	1	14	
2	80.29	20.21	157.92	48.81	82.74	0	
3	157.92	48.81	172.00	54.00	15.00	1	2	

14	3	305.786	11
1	39.00	5.00	61.45	42.84	44.00	1	14	
2	61.45	42.84	115.52	134.00	105.99	0	
3	115.52	134.00	127.02	153.39	22.54	1	9	
4	127.02	153.39	130.82	159.80	7.46	2	9	13	
5	130.82	159.80	138.38	172.55	14.82	1	13	
6	138.38	172.55	143.01	180.36	9.08	2	4	13	
7	143.01	180.36	152.00	195.50	17.60	1	4	
8	152.00	195.50	177.65	238.76	50.30	0	
9	177.65	238.76	178.27	239.80	1.21	1	3	
10	178.27	239.80	190.83	260.97	24.62	2	1	3	
11	190.83	260.97	195.00	268.00	8.17	1	3	

14	4	209.468	7
1	39.00	5.00	57.06	45.12	44.00	1	14	
2	57.06	45.12	84.52	106.10	66.87	0	
3	84.52	106.10	92.91	124.74	20.44	1	8	
4	92.91	124.74	108.33	158.97	37.54	0	
5	108.33	158.97	113.91	171.38	13.61	1	13	
6	113.91	171.38	124.52	194.94	25.84	2	4	13	
7	124.52	194.94	125.00	196.00	1.16	1	4	

14	5	174.187	3
1	39.00	5.00	75.88	29.00	44.00	1	14	
2	75.88	29.00	164.88	86.91	106.19	0	
3	164.88	86.91	185.00	100.00	24.00	1	5	

14	6	111.826	3
1	39.00	5.00	27.59	47.49	44.00	1	14	
2	27.59	47.49	19.34	78.23	31.83	0	
3	19.34	78.23	10.00	113.00	36.00	0	

14	7	272.029	4
1	39.00	5.00	64.88	40.58	44.00	1	14	
2	64.88	40.58	198.31	224.04	226.85	0	
3	198.31	224.04	198.41	224.19	0.18	1	1	
4	198.41	224.19	199.00	225.00	1.00	2	1	7	

14	8	124.338	3
1	39.00	5.00	47.49	48.17	44.00	0	
2	47.49	48.17	57.21	97.56	50.34	0	
3	57.21	97.56	63.00	127.00	30.00	0	

14	9	164.985	3
1	39.00	5.00	61.40	42.87	44.00	1	14	
2	61.40	42.87	115.36	134.09	105.98	0	
3	115.36	134.09	123.00	147.00	15.00	1	9	

14	10	348.455	3
1	39.00	5.00	66.02	39.72	44.00	1	14	
2	66.02	39.72	227.21	246.85	262.46	0	
3	227.21	246.85	253.00	280.00	42.00	1	10	

14	11	241.499	5
1	39.00	5.00	77.08	27.05	44.00	1	14	
2	77.08	27.05	170.31	81.02	107.73	0	
3	170.31	81.02	208.77	103.29	44.45	1	5	
4	208.77	103.29	209.92	103.95	1.33	0	
5	209.92	103.95	248.00	126.00	44.00	1	11	

14	12	266.481	5
1	39.00	5.00	36.36	48.92	44.00	1	14	
2	36.36	48.92	34.11	86.27	37.42	0	
3	34.11	86.27	30.73	142.43	56.26	0	
4	30.73	142.43	23.06	270.00	127.80	0	
5	23.06	270.00	23.00	271.00	1.00	1	12	

14	13	188.725	6
1	39.00	5.00	58.58	44.40	44.00	1	14	
2	58.58	44.40	108.24	144.31	111.57	0	
3	108.24	144.31	113.65	155.19	12.15	1	9	
4	113.65	155.19	116.23	160.39	5.80	2	9	13	
5	116.23	160.39	120.69	169.35	10.01	1	13	
6	120.69	169.35	123.00	174.00	5.20	2	4	13	

14	14	0	0

14	15	195.351	3
1	39.00	5.00	82.02	14.23	44.00	1	14	
2	82.02	14.23	195.78	38.65	116.35	0	
3	195.78	38.65	230.00	46.00	35.00	1	15	

15	0	131.210	4
1	230.00	46.00	208.66	73.74	35.00	1	15	
2	208.66	73.74	201.71	82.77	11.40	0	
3	201.71	82.77	172.64	120.57	47.69	1	5	
4	172.64	120.57	150.00	150.00	37.13	0	

15	1	199.745	6
1	230.00	46.00	224.22	80.52	35.00	0	
2	224.22	80.52	222.62	90.06	9.67	0	
3	222.62	90.06	212.29	151.71	62.51	0	
4	212.29	151.71	200.14	224.26	73.56	0	
5	200.14	224.26	198.48	234.18	10.06	1	1	
6	198.48	234.18	197.00	243.00	8.94	2	1	3	

15	2	58.549	3
1	230.00	46.00	195.33	50.78	35.00	1	15	
2	195.33	50.78	186.86	51.95	8.55	0	
3	186.86	51.95	172.00	54.00	15.00	1	2	

15	3	224.742	7
1	230.00	46.00	224.55	80.57	35.00	1	15	
2	224.55	80.57	223.11	89.72	9.26	0	
3	223.11	89.72	213.15	152.86	63.93	0	
4	213.15	152.86	201.84	224.63	72.65	0	
5	201.84	224.63	200.29	234.41	9.91	1	1	
6	200.29	234.41	195.95	261.97	27.90	1	1	
7	195.95	261.97	195.00	268.00	6.10	1	3	

15	4	183.098	7
1	230.00	46.00	209.93	74.67	35.00	1	15	
2	209.93	74.67	203.17	84.32	11.78	0	
3	203.17	84.32	176.49	122.44	46.53	1	5	
4	176.49	122.44	143.52	169.54	57.49	0	
5	143.52	169.54	140.48	173.88	5.30	1	13	
6	140.48	173.88	125.83	194.81	25.54	2	4	13	
7	125.83	194.81	125.00	196.00	1.46	1	4	

15	5	70.292	3
1	230.00	46.00	207.59	72.89	35.00	1	15	
2	207.59	72.89	200.36	81.56	11.29	0	
3	200.36	81.56	185.00	100.00	24.00	1	5	

15	6	229.976	7
1	230.00	46.00	196.52	56.20	35.00	1	15	
2	196.52	56.20	185.99	59.40	11.00	0	
3	185.99	59.40	163.39	66.28	23.63	1	2	
4	163.39	66.28	62.52	97.00	105.44	0	
5	62.52	97.00	46.67	101.83	16.57	1	8	
6	46.67	101.83	44.44	102.51	2.34	0	
7	44.44	102.51	10.00	113.00	36.00	1	6	

15	7	181.665	6
1	230.00	46.00	224.03	80.49	35.00	1	15	
2	224.03	80.49	222.33	90.26	9.92	0	
3	222.33	90.26	211.81	151.03	61.67	1	11	
4	211.81	151.03	199.17	224.01	74.07	0	
5	199.17	224.01	199.15	224.12	0.11	1	7	
6	199.15	224.12	199.00	225.00	0.89	2	1	7	

15	8	185.607	3
1	230.00	46.00	198.51	61.27	35.00	1	15	
2	198.51	61.27	89.99	113.91	120.61	0	
3	89.99	113.91	63.00	127.00	30.00	1	8	

15	9	147.139	5
1	230.00	46.00	204.55	70.02	35.00	1	15	
2	204.55	70.02	195.60	78.47	12.30	0	
3	195.60	78.47	162.89	109.34	44.98	1	5	
4	162.89	109.34	133.91	136.70	39.86	0	
5	133.91	136.70	123.00	147.00	15.00	1	9	

15	10	235.128	5
1	230.00	46.00	233.42	80.83	35.00	0	
2	233.42	80.83	233.77	84.36	3.55	0	
3	233.77	84.36	242.15	169.61	85.65	1	11	
4	242.15	169.61	248.89	238.20	68.92	0	
5	248.89	238.20	253.00	280.00	42.00	1	10	

15	11	82.000	2
1	230.00	46.00	238.34	83.07	38.00	0	
2	238.34	83.07	248.00	126.00	44.00	1	11	

15	12	305.735	11
1	230.00	46.00	206.30	71.76	35.00	1	15	
2	206.30	71.76	198.55	80.19	11.46	0	
3	198.55	80.19	166.38	115.15	47.50	1	5	
4	166.38	115.15	137.97	146.03	41.97	0	
5	137.97	146.03	130.34	154.32	11.27	1	9	
6	130.34	154.32	123.28	162.00	10.43	2	9	13	
7	123.28	162.00	115.12	170.87	12.06	1	13	
8	115.12	170.87	104.00	182.95	16.41	2	4	13	
9	104.00	182.95	99.14	188.24	7.18	1	4	
10	99.14	188.24	23.68	270.26	111.46	0	
11	23.68	270.26	23.00	271.00	1.00	1	12	

15	13	166.832	6
1	230.00	46.00	207.55	72.85	35.00	1	15	
2	207.55	72.85	200.31	81.52	11.29	0	
3	200.31	81.52	169.52	118.34	48.00	1	5	
4	169.52	118.34	136.47	157.89	51.54	0	
5	136.47	157.89	127.11	169.08	14.59	1	13	
6	127.11	169.08	123.00	174.00	6.41	2	4	13	

15	14	195.351	3
1	230.00	46.00	195.78	38.65	35.00	1	15	
2	195.78	38.65	82.02	14.23	116.35	0	
3	82.02	14.23	39.00	5.00	44.00	1	14	

15	15	0	0
