16	510	2	0.001	80.0
150.000	150.000	0.000	3.000	0.000
119.000	223.000	44.000	1.000	5.000
29.000	256.000	10.000	2.000	15.000
194.000	168.000	9.000	10.000	18.000
71.000	174.000	12.000	1.000	3.000
153.000	62.000	23.000	10.000	15.000
57.000	170.000	47.000	10.000	19.000
41.000	196.000	22.000	6.000	12.000
172.000	257.000	28.000	2.000	4.000
180.000	271.000	8.000	1.000	2.000
279.000	169.000	36.000	8.000	14.000
89.000	295.000	32.000	2.000	1.000
169.000	142.000	16.000	1.000	3.000
256.000	139.000	7.000	3.000	15.000
9.000	204.000	23.000	8.000	4.000
100.000	245.000	45.000	5.000	5.000
 


0	0	0	0

0	1	79.310	3
1	150.00	150.00	136.20	182.50	35.31	0	
2	136.20	182.50	125.42	207.87	27.56	1	1	
3	125.42	207.87	119.00	223.00	16.44	1	1	

0	2	160.863	8
1	150.00	150.00	116.84	179.05	44.09	0	
2	116.84	179.05	93.81	199.23	30.61	1	1	
3	93.81	199.23	92.13	200.69	2.23	2	1	6	
4	92.13	200.69	81.13	210.33	14.63	3	1	6	15	
5	81.13	210.33	75.72	215.07	7.19	2	1	15	
6	75.72	215.07	57.11	231.37	24.74	1	15	
7	57.11	231.37	36.52	249.41	27.38	0	
8	36.52	249.41	29.00	256.00	10.00	1	2	

0	3	47.539	4
1	150.00	150.00	157.41	153.03	8.01	0	
2	157.41	153.03	169.53	157.99	13.10	1	12	
3	169.53	157.99	185.67	164.59	17.43	0	
4	185.67	164.59	194.00	168.00	9.00	1	3	

0	4	82.565	3
1	150.00	150.00	103.63	164.09	48.47	0	
2	103.63	164.09	82.48	170.51	22.10	1	6	
3	82.48	170.51	71.00	174.00	12.00	2	4	6	

0	5	88.051	2
1	150.00	150.00	152.22	84.99	65.05	0	
2	152.22	84.99	153.00	62.00	23.00	1	5	

0	6	95.126	4
1	150.00	150.00	102.95	160.12	48.13	0	
2	102.95	160.12	79.19	165.23	24.30	1	6	
3	79.19	165.23	59.93	169.37	19.70	2	4	6	
4	59.93	169.37	57.00	170.00	3.00	1	6	

0	7	118.309	5
1	150.00	150.00	104.00	169.41	49.93	0	
2	104.00	169.41	82.05	178.68	23.82	1	6	
3	82.05	178.68	66.64	185.18	16.73	2	4	6	
4	66.64	185.18	61.27	187.45	5.83	1	6	
5	61.27	187.45	41.00	196.00	22.00	2	6	7	

0	8	109.238	2
1	150.00	150.00	166.36	229.57	81.24	0	
2	166.36	229.57	172.00	257.00	28.00	1	8	

0	9	124.664	3
1	150.00	150.00	169.61	229.10	81.50	0	
2	169.61	229.10	178.07	263.24	35.17	1	8	
3	178.07	263.24	180.00	271.00	8.00	2	8	9	

0	10	130.392	4
1	150.00	150.00	155.66	150.83	5.72	0	
2	155.66	150.83	179.23	154.30	23.82	1	12	
3	179.23	154.30	243.38	163.75	64.85	0	
4	243.38	163.75	279.00	169.00	36.00	1	10	

0	11	157.309	6
1	150.00	150.00	136.31	182.55	35.31	0	
2	136.31	182.55	125.60	207.99	27.61	1	1	
3	125.60	207.99	102.18	263.66	60.39	2	1	15	
4	102.18	263.66	101.41	265.50	2.00	1	15	
5	101.41	265.50	91.45	289.18	25.69	2	11	15	
6	91.45	289.18	89.00	295.00	6.31	1	11	

0	12	20.616	2
1	150.00	150.00	154.25	148.21	4.62	0	
2	154.25	148.21	169.00	142.00	16.00	1	12	

0	13	106.569	4
1	150.00	150.00	154.86	149.50	4.89	0	
2	154.86	149.50	184.37	146.43	29.67	1	12	
3	184.37	146.43	249.04	139.72	65.01	0	
4	249.04	139.72	256.00	139.00	7.00	1	13	

0	14	150.987	8
1	150.00	150.00	103.94	167.64	49.32	0	
2	103.94	167.64	82.88	175.71	22.55	1	6	
3	82.88	175.71	63.30	183.20	20.96	2	4	6	
4	63.30	183.20	59.79	184.55	3.76	1	6	
5	59.79	184.55	30.48	195.77	31.38	2	6	7	
6	30.48	195.77	20.49	199.60	10.69	3	6	7	14	
7	20.49	199.60	19.37	200.03	1.20	2	7	14	
8	19.37	200.03	9.00	204.00	11.11	1	14	

0	15	107.355	3
1	150.00	150.00	133.45	181.44	35.53	0	
2	133.45	181.44	120.96	205.18	26.82	1	1	
3	120.96	205.18	100.00	245.00	45.00	2	1	15	

1	0	79.310	3
1	119.00	223.00	125.42	207.87	16.44	1	1	
2	125.42	207.87	136.20	182.50	27.56	1	1	
3	136.20	182.50	150.00	150.00	35.31	0	

1	1	0	0

1	2	95.859	4
1	119.00	223.00	77.69	238.15	44.00	2	1	15	
2	77.69	238.15	55.02	246.46	24.14	1	15	
3	55.02	246.46	38.39	252.56	17.72	0	
4	38.39	252.56	29.00	256.00	10.00	1	2	

1	3	93.005	4
1	119.00	223.00	132.06	213.42	16.20	2	1	15	
2	132.06	213.42	154.48	196.98	27.80	1	1	
3	154.48	196.98	186.74	173.32	40.01	0	
4	186.74	173.32	194.00	168.00	9.00	1	3	

1	4	68.593	5
1	119.00	223.00	96.60	200.13	32.02	2	1	15	
2	96.60	200.13	94.65	198.14	2.79	1	1	
3	94.65	198.14	88.21	191.57	9.20	2	1	6	
4	88.21	191.57	79.40	182.57	12.59	1	6	
5	79.40	182.57	71.00	174.00	12.00	2	4	6	

1	5	164.551	4
1	119.00	223.00	122.57	206.07	17.30	2	1	15	
2	122.57	206.07	128.09	179.95	26.70	1	1	
3	128.09	179.95	148.25	84.50	97.55	0	
4	148.25	84.50	153.00	62.00	23.00	1	5	

1	6	81.566	6
1	119.00	223.00	92.78	200.58	34.50	2	1	15	
2	92.78	200.58	92.73	200.54	0.07	1	1	
3	92.73	200.54	85.55	194.41	9.43	2	1	6	
4	85.55	194.41	74.94	185.34	13.97	1	6	
5	74.94	185.34	59.19	171.87	20.72	2	4	6	
6	59.19	171.87	57.00	170.00	2.88	1	6	

1	7	82.541	5
1	119.00	223.00	81.59	210.05	39.58	2	1	15	
2	81.59	210.05	77.42	208.61	4.42	3	1	6	15	
3	77.42	208.61	74.82	207.71	2.75	2	6	15	
4	74.82	207.71	61.79	203.20	13.79	1	6	
5	61.79	203.20	41.00	196.00	22.00	2	6	7	

1	8	62.968	4
1	119.00	223.00	144.66	239.46	30.48	2	1	15	
2	144.66	239.46	148.43	241.88	4.49	1	1	
3	148.43	241.88	156.03	246.76	9.03	2	1	8	
4	156.03	246.76	172.00	257.00	18.97	1	8	

1	9	77.621	5
1	119.00	223.00	144.97	243.44	33.05	2	1	15	
2	144.97	243.44	146.77	244.85	2.29	1	1	
3	146.77	244.85	153.58	250.21	8.66	2	1	8	
4	153.58	250.21	173.71	266.05	25.62	1	8	
5	173.71	266.05	180.00	271.00	8.00	2	8	9	

1	10	168.867	4
1	119.00	223.00	135.55	217.41	17.47	2	1	15	
2	135.55	217.41	160.69	208.93	26.53	1	1	
3	160.69	208.93	244.89	180.51	88.87	0	
4	244.89	180.51	279.00	169.00	36.00	1	10	

1	11	78.000	2
1	119.00	223.00	91.43	289.18	71.69	1	15	
2	91.43	289.18	89.00	295.00	6.31	1	11	

1	12	95.189	4
1	119.00	223.00	127.44	209.33	16.06	2	1	15	
2	127.44	209.33	142.11	185.56	27.94	1	1	
3	142.11	185.56	160.60	155.62	35.19	0	
4	160.60	155.62	169.00	142.00	16.00	1	12	

1	13	160.702	6
1	119.00	223.00	133.01	214.41	16.43	2	1	15	
2	133.01	214.41	156.51	200.00	27.57	1	1	
3	156.51	200.00	194.02	177.00	44.00	0	
4	194.02	177.00	202.01	172.10	9.37	1	3	
5	202.01	172.10	250.03	142.66	56.33	0	
6	250.03	142.66	256.00	139.00	7.00	1	13	

1	14	111.629	8
1	119.00	223.00	75.64	215.51	44.00	2	1	15	
2	75.64	215.51	71.32	214.76	4.38	1	15	
3	71.32	214.76	67.31	214.07	4.07	2	6	15	
4	67.31	214.07	55.98	212.11	11.50	1	6	
5	55.98	212.11	31.66	207.91	24.67	2	6	7	
6	31.66	207.91	28.49	207.37	3.22	3	6	7	14	
7	28.49	207.37	21.48	206.16	7.11	2	7	14	
8	21.48	206.16	9.00	204.00	12.67	1	14	

1	15	29.069	1
1	119.00	223.00	100.00	245.00	29.07	2	1	15	

2	0	160.863	8
1	29.00	256.00	36.52	249.41	10.00	1	2	
2	36.52	249.41	57.11	231.37	27.38	0	
3	57.11	231.37	75.72	215.07	24.74	1	15	
4	75.72	215.07	81.13	210.33	7.19	2	1	15	
5	81.13	210.33	92.13	200.69	14.63	3	1	6	15	
6	92.13	200.69	93.81	199.23	2.23	2	1	6	
7	93.81	199.23	116.84	179.05	30.61	1	1	
8	116.84	179.05	150.00	150.00	44.09	0	

2	1	95.859	4
1	29.00	256.00	38.39	252.56	10.00	1	2	
2	38.39	252.56	55.02	246.46	17.72	0	
3	55.02	246.46	77.69	238.15	24.14	1	15	
4	77.69	238.15	119.00	223.00	44.00	2	1	15	

2	2	0	0

2	3	187.000	6
1	29.00	256.00	55.09	242.08	29.57	0	
2	55.09	242.08	75.75	231.07	23.40	1	15	
3	75.75	231.07	122.59	206.08	53.09	2	1	15	
4	122.59	206.08	149.80	191.57	30.83	1	1	
5	149.80	191.57	186.06	172.24	41.10	0	
6	186.06	172.24	194.00	168.00	9.00	1	3	

2	4	92.130	6
1	29.00	256.00	33.56	247.10	10.00	1	2	
2	33.56	247.10	49.30	216.38	34.52	0	
3	49.30	216.38	49.30	216.37	0.01	1	7	
4	49.30	216.37	62.38	190.82	28.70	2	6	7	
5	62.38	190.82	65.53	184.68	6.90	1	6	
6	65.53	184.68	71.00	174.00	12.00	2	4	6	

2	5	230.243	7
1	29.00	256.00	34.39	247.57	10.00	1	2	
2	34.39	247.57	53.99	216.90	36.40	0	
3	53.99	216.90	73.98	185.62	37.12	1	6	
4	73.98	185.62	82.80	171.83	16.37	2	4	6	
5	82.80	171.83	98.30	147.57	28.79	1	6	
6	98.30	147.57	140.61	81.38	78.56	0	
7	140.61	81.38	153.00	62.00	23.00	1	5	

2	6	90.443	5
1	29.00	256.00	32.10	246.49	10.00	1	2	
2	32.10	246.49	41.37	218.00	29.97	0	
3	41.37	218.00	42.45	214.69	3.48	1	7	
4	42.45	214.69	54.25	178.44	38.12	2	6	7	
5	54.25	178.44	57.00	170.00	8.88	1	6	

2	7	61.188	4
1	29.00	256.00	30.96	246.19	10.00	1	2	
2	30.96	246.19	36.69	217.57	29.19	0	
3	36.69	217.57	37.63	212.82	4.84	0	
4	37.63	212.82	41.00	196.00	17.16	2	6	7	

2	8	143.003	7
1	29.00	256.00	39.00	256.07	10.00	1	2	
2	39.00	256.07	56.41	256.19	17.41	0	
3	56.41	256.19	90.39	256.43	33.98	1	15	
4	90.39	256.43	143.43	256.80	53.04	2	1	15	
5	143.43	256.80	144.00	256.80	0.58	1	1	
6	144.00	256.80	147.14	256.83	3.14	2	1	8	
7	147.14	256.83	172.00	257.00	24.86	1	8	

2	9	151.743	8
1	29.00	256.00	38.95	256.99	10.00	1	2	
2	38.95	256.99	57.17	258.80	18.31	0	
3	57.17	258.80	101.01	263.15	44.06	1	15	
4	101.01	263.15	128.74	265.91	27.87	2	1	15	
5	128.74	265.91	139.28	266.95	10.59	1	15	
6	139.28	266.95	146.10	267.63	6.85	0	
7	146.10	267.63	172.04	270.21	26.07	1	8	
8	172.04	270.21	180.00	271.00	8.00	2	8	9	

2	10	264.705	7
1	29.00	256.00	38.44	252.71	10.00	1	2	
2	38.44	252.71	55.04	246.94	17.57	0	
3	55.04	246.94	77.99	238.95	24.30	1	15	
4	77.99	238.95	136.45	218.61	61.89	2	1	15	
5	136.45	218.61	161.05	210.05	26.05	1	1	
6	161.05	210.05	245.00	180.83	88.89	0	
7	245.00	180.83	279.00	169.00	36.00	1	10	

2	11	71.561	3
1	29.00	256.00	37.38	261.45	10.00	1	2	
2	37.38	261.45	62.17	277.56	29.56	0	
3	62.17	277.56	89.00	295.00	32.00	1	11	

2	12	180.544	7
1	29.00	256.00	36.75	249.69	10.00	1	2	
2	36.75	249.69	56.46	233.64	25.41	0	
3	56.46	233.64	75.25	218.34	24.23	1	15	
4	75.25	218.34	97.70	200.06	28.95	2	1	15	
5	97.70	200.06	123.30	179.21	33.02	1	1	
6	123.30	179.21	156.59	152.10	42.93	0	
7	156.59	152.10	169.00	142.00	16.00	1	12	

2	13	255.378	9
1	29.00	256.00	37.89	251.42	10.00	1	2	
2	37.89	251.42	55.07	242.57	19.32	0	
3	55.07	242.57	75.89	231.83	23.43	1	15	
4	75.89	231.83	124.09	206.99	54.22	2	1	15	
5	124.09	206.99	151.20	193.02	30.50	1	1	
6	151.20	193.02	187.55	174.28	40.90	0	
7	187.55	174.28	202.86	166.39	17.22	1	3	
8	202.86	166.39	249.78	142.21	52.79	0	
9	249.78	142.21	256.00	139.00	7.00	1	13	

2	14	55.714	3
1	29.00	256.00	25.41	246.67	10.00	1	2	
2	25.41	246.67	17.26	225.47	22.71	0	
3	17.26	225.47	9.00	204.00	23.00	1	14	

2	15	71.847	4
1	29.00	256.00	38.88	254.47	10.00	1	2	
2	38.88	254.47	55.53	251.89	16.85	0	
3	55.53	251.89	82.59	247.70	27.38	1	15	
4	82.59	247.70	100.00	245.00	17.62	2	1	15	

3	0	47.539	4
1	194.00	168.00	185.67	164.59	9.00	1	3	
2	185.67	164.59	169.53	157.99	17.43	0	
3	169.53	157.99	157.41	153.03	13.10	1	12	
4	157.41	153.03	150.00	150.00	8.01	0	

3	1	93.005	4
1	194.00	168.00	186.74	173.32	9.00	1	3	
2	186.74	173.32	154.48	196.98	40.01	0	
3	154.48	196.98	132.06	213.42	27.80	1	1	
4	132.06	213.42	119.00	223.00	16.20	2	1	15	

3	2	187.000	5
1	194.00	168.00	149.80	191.57	50.10	0	
2	149.80	191.57	122.59	206.08	30.83	1	1	
3	122.59	206.08	75.75	231.07	53.09	2	1	15	
4	75.75	231.07	55.09	242.08	23.40	1	15	
5	55.09	242.08	29.00	256.00	29.57	0	

3	3	0	0

3	4	123.146	4
1	194.00	168.00	185.01	168.44	9.00	1	3	
2	185.01	168.44	103.94	172.39	81.17	0	
3	103.94	172.39	82.99	173.42	20.98	1	6	
4	82.99	173.42	71.00	174.00	12.00	2	4	6	

3	5	113.653	5
1	194.00	168.00	190.75	159.61	9.00	1	3	
2	190.75	159.61	184.83	144.30	16.41	0	
3	184.83	144.30	179.16	129.64	15.72	1	12	
4	179.16	129.64	161.30	83.45	49.53	0	
5	161.30	83.45	153.00	62.00	23.00	1	5	

3	6	137.015	5
1	194.00	168.00	185.00	168.13	9.00	1	3	
2	185.00	168.13	104.00	169.31	81.01	0	
3	104.00	169.31	82.18	169.63	21.82	1	6	
4	82.18	169.63	59.70	169.96	22.48	2	4	6	
5	59.70	169.96	57.00	170.00	2.70	1	6	

3	7	155.541	6
1	194.00	168.00	185.15	169.62	9.00	1	3	
2	185.15	169.62	128.37	180.01	57.72	0	
3	128.37	180.01	101.57	184.92	27.25	1	1	
4	101.57	184.92	95.01	186.12	6.67	2	1	6	
5	95.01	186.12	62.64	192.04	32.91	1	6	
6	62.64	192.04	41.00	196.00	22.00	2	6	7	

3	8	91.679	3
1	194.00	168.00	191.84	176.74	9.00	1	3	
2	191.84	176.74	178.72	229.82	54.68	0	
3	178.72	229.82	172.00	257.00	28.00	1	8	

3	9	103.947	4
1	194.00	168.00	192.79	176.92	9.00	1	3	
2	192.79	176.92	185.26	232.34	55.93	0	
3	185.26	232.34	181.08	263.07	31.02	0	
4	181.08	263.07	180.00	271.00	8.00	2	8	9	

3	10	85.006	3
1	194.00	168.00	203.00	168.11	9.00	1	3	
2	203.00	168.11	243.00	168.58	40.01	0	
3	243.00	168.58	279.00	169.00	36.00	1	10	

3	11	164.785	7
1	194.00	168.00	188.27	174.94	9.00	1	3	
2	188.27	174.94	160.53	208.48	43.52	0	
3	160.53	208.48	142.52	230.27	28.27	1	1	
4	142.52	230.27	112.54	266.52	47.04	2	1	15	
5	112.54	266.52	109.39	270.34	4.95	1	15	
6	109.39	270.34	93.52	289.53	24.90	2	11	15	
7	93.52	289.53	89.00	295.00	7.10	1	11	

3	12	36.069	3
1	194.00	168.00	187.76	161.51	9.00	1	3	
2	187.76	161.51	180.09	153.53	11.07	0	
3	180.09	153.53	169.00	142.00	16.00	1	12	

3	13	68.447	3
1	194.00	168.00	202.15	164.19	9.00	1	3	
2	202.15	164.19	249.66	141.97	52.45	0	
3	249.66	141.97	256.00	139.00	7.00	1	13	

3	14	188.470	9
1	194.00	168.00	185.17	169.72	9.00	1	3	
2	185.17	169.72	130.13	180.43	56.07	0	
3	130.13	180.43	101.17	186.06	29.50	1	1	
4	101.17	186.06	92.72	187.71	8.60	2	1	6	
5	92.72	187.71	62.86	193.52	30.42	1	6	
6	62.86	193.52	31.58	199.61	31.87	2	6	7	
7	31.58	199.61	22.08	201.46	9.68	3	6	7	14	
8	22.08	201.46	19.81	201.90	2.32	2	7	14	
9	19.81	201.90	9.00	204.00	11.01	1	14	

3	15	121.511	4
1	194.00	168.00	187.04	173.70	9.00	1	3	
2	187.04	173.70	155.97	199.15	40.15	0	
3	155.97	199.15	134.81	216.48	27.36	1	1	
4	134.81	216.48	100.00	245.00	45.00	2	1	15	

4	0	82.565	3
1	71.00	174.00	82.48	170.51	12.00	2	4	6	
2	82.48	170.51	103.63	164.09	22.10	1	6	
3	103.63	164.09	150.00	150.00	48.47	0	

4	1	68.593	5
1	71.00	174.00	79.40	182.57	12.00	2	4	6	
2	79.40	182.57	88.21	191.57	12.59	1	6	
3	88.21	191.57	94.65	198.14	9.20	2	1	6	
4	94.65	198.14	96.60	200.13	2.79	1	1	
5	96.60	200.13	119.00	223.00	32.02	2	1	15	

4	2	92.130	6
1	71.00	174.00	65.53	184.68	12.00	2	4	6	
2	65.53	184.68	62.38	190.82	6.90	1	6	
3	62.38	190.82	49.30	216.37	28.70	2	6	7	
4	49.30	216.37	49.30	216.38	0.01	1	7	
5	49.30	216.38	33.56	247.10	34.52	0	
6	33.56	247.10	29.00	256.00	10.00	1	2	

4	3	123.146	4
1	71.00	174.00	82.99	173.42	12.00	2	4	6	
2	82.99	173.42	103.94	172.39	20.98	1	6	
3	103.94	172.39	185.01	168.44	81.17	0	
4	185.01	168.44	194.00	168.00	9.00	1	3	

4	4	0	0

4	5	138.809	4
1	71.00	174.00	78.09	164.32	12.00	2	4	6	
2	78.09	164.32	94.59	141.78	27.93	1	6	
3	94.59	141.78	139.41	80.56	75.88	0	
4	139.41	80.56	153.00	62.00	23.00	1	5	

4	6	14.560	2
1	71.00	174.00	59.46	170.70	12.00	2	4	6	
2	59.46	170.70	57.00	170.00	2.56	1	6	

4	7	37.202	3
1	71.00	174.00	61.32	181.10	12.00	2	4	6	
2	61.32	181.10	58.74	182.99	3.20	1	6	
3	58.74	182.99	41.00	196.00	22.00	2	6	7	

4	8	130.729	8
1	71.00	174.00	80.27	181.62	12.00	2	4	6	
2	80.27	181.62	90.17	189.76	12.82	1	6	
3	90.17	189.76	96.72	195.13	8.47	2	1	6	
4	96.72	195.13	102.74	200.08	7.80	1	1	
5	102.74	200.08	143.53	233.61	52.80	2	1	15	
6	143.53	233.61	150.37	239.22	8.84	1	1	
7	150.37	239.22	157.20	244.84	8.84	2	1	8	
8	157.20	244.84	172.00	257.00	19.16	1	8	

4	9	145.911	9
1	71.00	174.00	79.96	181.98	12.00	2	4	6	
2	79.96	181.98	89.44	190.41	12.68	1	6	
3	89.44	190.41	95.99	196.24	8.77	2	1	6	
4	95.99	196.24	100.22	200.00	5.66	1	1	
5	100.22	200.00	144.67	239.56	59.51	2	1	15	
6	144.67	239.56	148.02	242.54	4.49	1	1	
7	148.02	242.54	154.80	248.58	9.08	2	1	8	
8	154.80	248.58	174.02	265.68	25.73	1	8	
9	174.02	265.68	180.00	271.00	8.00	2	8	9	

4	10	208.060	6
1	71.00	174.00	83.00	173.71	12.00	2	4	6	
2	83.00	173.71	103.89	173.21	20.90	1	6	
3	103.89	173.21	185.61	171.25	81.74	0	
4	185.61	171.25	202.54	170.84	16.94	1	3	
5	202.54	170.84	243.01	169.87	40.48	0	
6	243.01	169.87	279.00	169.00	36.00	1	10	

4	11	122.332	8
1	71.00	174.00	72.77	185.87	12.00	2	4	6	
2	72.77	185.87	75.91	206.99	21.36	1	6	
3	75.91	206.99	76.56	211.38	4.44	2	6	15	
4	76.56	211.38	76.75	212.65	1.28	2	1	15	
5	76.75	212.65	81.78	246.47	34.19	2	1	15	
6	81.78	246.47	84.29	263.35	17.07	1	15	
7	84.29	263.35	88.01	288.37	25.30	1	11	
8	88.01	288.37	89.00	295.00	6.70	1	11	

4	12	103.092	4
1	71.00	174.00	82.41	170.28	12.00	2	4	6	
2	82.41	170.28	103.53	163.38	22.22	1	6	
3	103.53	163.38	153.79	146.97	52.87	0	
4	153.79	146.97	169.00	142.00	16.00	1	12	

4	13	188.282	6
1	71.00	174.00	82.79	171.77	12.00	2	4	6	
2	82.79	171.77	103.95	167.77	21.53	1	6	
3	103.95	167.77	162.61	156.67	59.70	0	
4	162.61	156.67	180.31	153.32	18.01	1	12	
5	180.31	153.32	249.12	140.30	70.04	0	
6	249.12	140.30	256.00	139.00	7.00	1	13	

4	14	68.877	6
1	71.00	174.00	60.20	179.23	12.00	2	4	6	
2	60.20	179.23	56.92	180.81	3.64	1	6	
3	56.92	180.81	29.70	193.98	30.23	2	6	7	
4	29.70	193.98	19.83	198.76	10.97	3	6	7	14	
5	19.83	198.76	19.21	199.06	0.68	2	7	14	
6	19.21	199.06	9.00	204.00	11.35	1	14	

4	15	76.694	5
1	71.00	174.00	75.54	185.11	12.00	2	4	6	
2	75.54	185.11	81.57	199.87	15.95	1	6	
3	81.57	199.87	82.98	203.34	3.75	2	1	6	
4	82.98	203.34	84.83	207.87	4.89	3	1	6	15	
5	84.83	207.87	100.00	245.00	40.11	2	1	15	

5	0	88.051	2
1	153.00	62.00	152.22	84.99	23.00	1	5	
2	152.22	84.99	150.00	150.00	65.05	0	

5	1	164.551	4
1	153.00	62.00	148.25	84.50	23.00	1	5	
2	148.25	84.50	128.09	179.95	97.55	0	
3	128.09	179.95	122.57	206.07	26.70	1	1	
4	122.57	206.07	119.00	223.00	17.30	2	1	15	

5	2	230.243	7
1	153.00	62.00	140.61	81.38	23.00	1	5	
2	140.61	81.38	98.30	147.57	78.56	0	
3	98.30	147.57	82.80	171.83	28.79	1	6	
4	82.80	171.83	73.98	185.62	16.37	2	4	6	
5	73.98	185.62	53.99	216.90	37.12	1	6	
6	53.99	216.90	34.39	247.57	36.40	0	
7	34.39	247.57	29.00	256.00	10.00	1	2	

5	3	113.653	5
1	153.00	62.00	161.30	83.45	23.00	1	5	
2	161.30	83.45	179.16	129.64	49.53	0	
3	179.16	129.64	184.83	144.30	15.72	1	12	
4	184.83	144.30	190.75	159.61	16.41	0	
5	190.75	159.61	194.00	168.00	9.00	1	3	

5	4	138.809	4
1	153.00	62.00	139.41	80.56	23.00	1	5	
2	139.41	80.56	94.59	141.78	75.88	0	
3	94.59	141.78	78.09	164.32	27.93	1	6	
4	78.09	164.32	71.00	174.00	12.00	2	4	6	

5	5	0	0

5	6	144.499	3
1	153.00	62.00	137.72	79.19	23.00	1	5	
2	137.72	79.19	88.23	134.87	74.50	0	
3	88.23	134.87	57.00	170.00	47.00	1	6	

5	7	174.642	6
1	153.00	62.00	138.25	79.65	23.00	1	5	
2	138.25	79.65	90.38	136.92	74.64	0	
3	90.38	136.92	69.32	162.12	32.85	1	6	
4	69.32	162.12	59.01	174.45	16.08	2	4	6	
5	59.01	174.45	55.11	179.12	6.08	1	6	
6	55.11	179.12	41.00	196.00	22.00	2	6	7	

5	8	195.923	5
1	153.00	62.00	155.23	84.89	23.00	0	
2	155.23	84.89	159.54	129.10	44.41	0	
3	159.54	129.10	162.21	156.49	27.52	0	
4	162.21	156.49	169.28	229.13	72.99	0	
5	169.28	229.13	172.00	257.00	28.00	1	8	

5	9	210.737	6
1	153.00	62.00	155.95	84.81	23.00	1	5	
2	155.95	84.81	161.51	127.86	43.41	0	
3	161.51	127.86	165.35	157.58	29.96	1	12	
4	165.35	157.58	174.59	229.12	72.14	0	
5	174.59	229.12	178.97	263.07	34.23	1	8	
6	178.97	263.07	180.00	271.00	8.00	2	8	9	

5	10	165.303	3
1	153.00	62.00	170.53	76.89	23.00	1	5	
2	170.53	76.89	251.56	145.70	106.30	0	
3	251.56	145.70	279.00	169.00	36.00	1	10	

5	11	241.630	7
1	153.00	62.00	146.91	84.18	23.00	1	5	
2	146.91	84.18	120.85	179.04	98.37	0	
3	120.85	179.04	114.44	202.38	24.21	0	
4	114.44	202.38	98.14	261.74	61.56	2	1	15	
5	98.14	261.74	97.48	264.14	2.49	1	15	
6	97.48	264.14	90.64	289.02	25.80	2	11	15	
7	90.64	289.02	89.00	295.00	6.21	1	11	

5	12	81.584	3
1	153.00	62.00	157.51	84.55	23.00	1	5	
2	157.51	84.55	165.86	126.31	42.58	0	
3	165.86	126.31	169.00	142.00	16.00	1	12	

5	13	128.600	3
1	153.00	62.00	171.42	75.77	23.00	1	5	
2	171.42	75.77	250.39	134.81	98.60	0	
3	250.39	134.81	256.00	139.00	7.00	1	13	

5	14	202.237	7
1	153.00	62.00	136.62	78.15	23.00	1	5	
2	136.62	78.15	83.11	130.92	75.16	0	
3	83.11	130.92	39.36	174.06	61.44	1	6	
4	39.36	174.06	25.38	187.85	19.64	2	6	7	
5	25.38	187.85	19.09	194.05	8.83	3	6	7	14	
6	19.09	194.05	17.56	195.56	2.15	2	6	14	
7	17.56	195.56	9.00	204.00	12.02	1	14	

5	15	190.520	4
1	153.00	62.00	146.60	84.09	23.00	1	5	
2	146.60	84.09	119.11	179.00	98.81	0	
3	119.11	179.00	112.52	201.78	23.71	1	1	
4	112.52	201.78	100.00	245.00	45.00	2	1	15	

6	0	95.126	4
1	57.00	170.00	59.93	169.37	3.00	1	6	
2	59.93	169.37	79.19	165.23	19.70	2	4	6	
3	79.19	165.23	102.95	160.12	24.30	1	6	
4	102.95	160.12	150.00	150.00	48.13	0	

6	1	81.566	6
1	57.00	170.00	59.19	171.87	2.88	1	6	
2	59.19	171.87	74.94	185.34	20.72	2	4	6	
3	74.94	185.34	85.55	194.41	13.97	1	6	
4	85.55	194.41	92.73	200.54	9.43	2	1	6	
5	92.73	200.54	92.78	200.58	0.07	1	1	
6	92.78	200.58	119.00	223.00	34.50	2	1	15	

6	2	90.443	5
1	57.00	170.00	54.25	178.44	8.88	1	6	
2	54.25	178.44	42.45	214.69	38.12	2	6	7	
3	42.45	214.69	41.37	218.00	3.48	1	7	
4	41.37	218.00	32.10	246.49	29.97	0	
5	32.10	246.49	29.00	256.00	10.00	1	2	

6	3	137.015	5
1	57.00	170.00	59.70	169.96	2.70	1	6	
2	59.70	169.96	82.18	169.63	22.48	2	4	6	
3	82.18	169.63	104.00	169.31	21.82	1	6	
4	104.00	169.31	185.00	168.13	81.01	0	
5	185.00	168.13	194.00	168.00	9.00	1	3	

6	4	14.560	2
1	57.00	170.00	59.46	170.70	2.56	1	6	
2	59.46	170.70	71.00	174.00	12.00	2	4	6	

6	5	144.499	3
1	57.00	170.00	88.23	134.87	47.00	1	6	
2	88.23	134.87	137.72	79.19	74.50	0	
3	137.72	79.19	153.00	62.00	23.00	1	5	

6	6	0	0

6	7	30.529	2
1	57.00	170.00	52.53	177.26	8.53	1	6	
2	52.53	177.26	41.00	196.00	22.00	2	6	7	

6	8	144.201	9
1	57.00	170.00	59.23	171.68	2.79	1	6	
2	59.23	171.68	76.43	184.70	21.57	2	4	6	
3	76.43	184.70	87.06	192.74	13.32	1	6	
4	87.06	192.74	94.48	198.36	9.31	2	1	6	
5	94.48	198.36	96.81	200.11	2.91	1	1	
6	96.81	200.11	144.06	235.87	59.26	2	1	15	
7	144.06	235.87	149.67	240.11	7.03	1	1	
8	149.67	240.11	156.81	245.51	8.95	2	1	8	
9	156.81	245.51	172.00	257.00	19.05	1	8	

6	9	159.154	10
1	57.00	170.00	59.20	171.81	2.85	1	6	
2	59.20	171.81	75.45	185.15	21.02	2	4	6	
3	75.45	185.15	86.04	193.85	13.71	1	6	
4	86.04	193.85	93.32	199.83	9.42	2	1	6	
5	93.32	199.83	94.02	200.40	0.90	1	1	
6	94.02	200.40	144.91	242.19	65.85	2	1	15	
7	144.91	242.19	147.18	244.05	2.93	1	1	
8	147.18	244.05	154.01	249.66	8.84	2	1	8	
9	154.01	249.66	173.82	265.92	25.63	1	8	
10	173.82	265.92	180.00	271.00	8.00	2	8	9	

6	10	222.002	7
1	57.00	170.00	59.69	169.99	2.69	1	6	
2	59.69	169.99	82.27	169.89	22.58	2	4	6	
3	82.27	169.89	104.00	169.79	21.73	1	6	
4	104.00	169.79	185.11	169.42	81.11	0	
5	185.11	169.42	202.90	169.34	17.79	1	3	
6	202.90	169.34	243.00	169.16	40.10	0	
7	243.00	169.16	279.00	169.00	36.00	1	10	

6	11	129.031	7
1	57.00	170.00	61.89	189.10	19.71	1	6	
2	61.89	189.10	62.64	192.02	3.02	2	6	7	
3	62.64	192.02	68.08	213.28	21.95	1	6	
4	68.08	213.28	68.66	215.53	2.32	2	6	15	
5	68.66	215.53	81.06	264.00	50.03	1	15	
6	81.06	264.00	87.25	288.16	24.93	1	11	
7	87.25	288.16	89.00	295.00	7.07	1	11	

6	12	115.447	5
1	57.00	170.00	59.98	169.26	3.07	1	6	
2	59.98	169.26	78.49	164.63	19.09	2	4	6	
3	78.49	164.63	102.60	158.60	24.85	1	6	
4	102.60	158.60	153.48	145.88	52.45	0	
5	153.48	145.88	169.00	142.00	16.00	1	12	

6	13	201.400	7
1	57.00	170.00	59.85	169.56	2.89	1	6	
2	59.85	169.56	80.27	166.38	20.66	2	4	6	
3	80.27	166.38	103.44	162.77	23.45	1	6	
4	103.44	162.77	158.61	154.17	55.84	0	
5	158.61	154.17	182.60	150.43	24.27	1	12	
6	182.60	150.43	249.08	140.08	67.29	0	
7	249.08	140.08	256.00	139.00	7.00	1	13	

6	14	58.822	5
1	57.00	170.00	49.15	175.56	9.63	1	6	
2	49.15	175.56	27.77	190.71	26.20	2	6	7	
3	27.77	190.71	19.02	196.90	10.72	3	6	7	14	
4	19.02	196.90	18.65	197.17	0.46	2	6	14	
5	18.65	197.17	9.00	204.00	11.82	1	14	

6	15	86.452	6
1	57.00	170.00	59.01	173.51	4.04	1	6	
2	59.01	173.51	65.37	184.60	12.78	2	4	6	
3	65.37	184.60	77.62	205.96	24.63	1	6	
4	77.62	205.96	78.09	206.79	0.96	2	6	15	
5	78.09	206.79	80.38	210.77	4.59	3	1	6	15	
6	80.38	210.77	100.00	245.00	39.45	2	1	15	

7	0	118.309	5
1	41.00	196.00	61.27	187.45	22.00	2	6	7	
2	61.27	187.45	66.64	185.18	5.83	1	6	
3	66.64	185.18	82.05	178.68	16.73	2	4	6	
4	82.05	178.68	104.00	169.41	23.82	1	6	
5	104.00	169.41	150.00	150.00	49.93	0	

7	1	82.541	5
1	41.00	196.00	61.79	203.20	22.00	2	6	7	
2	61.79	203.20	74.82	207.71	13.79	1	6	
3	74.82	207.71	77.42	208.61	2.75	2	6	15	
4	77.42	208.61	81.59	210.05	4.42	3	1	6	15	
5	81.59	210.05	119.00	223.00	39.58	2	1	15	

7	2	61.188	4
1	41.00	196.00	37.63	212.82	17.16	2	6	7	
2	37.63	212.82	36.69	217.57	4.84	0	
3	36.69	217.57	30.96	246.19	29.19	0	
4	30.96	246.19	29.00	256.00	10.00	1	2	

7	3	155.541	6
1	41.00	196.00	62.64	192.04	22.00	2	6	7	
2	62.64	192.04	95.01	186.12	32.91	1	6	
3	95.01	186.12	101.57	184.92	6.67	2	1	6	
4	101.57	184.92	128.37	180.01	27.25	1	1	
5	128.37	180.01	185.15	169.62	57.72	0	
6	185.15	169.62	194.00	168.00	9.00	1	3	

7	4	37.202	3
1	41.00	196.00	58.74	182.99	22.00	2	6	7	
2	58.74	182.99	61.32	181.10	3.20	1	6	
3	61.32	181.10	71.00	174.00	12.00	2	4	6	

7	5	174.642	6
1	41.00	196.00	55.11	179.12	22.00	2	6	7	
2	55.11	179.12	59.01	174.45	6.08	1	6	
3	59.01	174.45	69.32	162.12	16.08	2	4	6	
4	69.32	162.12	90.38	136.92	32.85	1	6	
5	90.38	136.92	138.25	79.65	74.64	0	
6	138.25	79.65	153.00	62.00	23.00	1	5	

7	6	30.529	2
1	41.00	196.00	52.53	177.26	22.00	2	6	7	
2	52.53	177.26	57.00	170.00	8.53	1	6	

7	7	0	0

7	8	144.506	8
1	41.00	196.00	60.94	205.29	22.00	2	6	7	
2	60.94	205.29	71.48	210.19	11.62	1	6	
3	71.48	210.19	76.29	212.43	5.30	2	6	15	
4	76.29	212.43	76.75	212.65	0.51	3	1	6	15	
5	76.75	212.65	145.00	244.43	75.28	2	1	15	
6	145.00	244.43	146.62	245.18	1.79	1	1	
7	146.62	245.18	154.58	248.89	8.78	2	1	8	
8	154.58	248.89	172.00	257.00	19.22	1	8	

7	9	157.943	9
1	41.00	196.00	60.36	206.45	22.00	2	6	7	
2	60.36	206.45	69.87	211.58	10.80	1	6	
3	69.87	211.58	74.01	213.81	4.71	2	6	15	
4	74.01	213.81	75.78	214.76	2.00	1	15	
5	75.78	214.76	144.48	251.83	78.06	2	1	15	
6	144.48	251.83	144.48	251.83	0.00	1	1	
7	144.48	251.83	149.61	254.60	5.83	2	1	8	
8	149.61	254.60	172.96	267.20	26.53	1	8	
9	172.96	267.20	180.00	271.00	8.00	2	8	9	

7	10	239.527	6
1	41.00	196.00	62.86	193.52	22.00	2	6	7	
2	62.86	193.52	89.32	190.52	26.63	1	6	
3	89.32	190.52	99.84	189.32	10.59	2	1	6	
4	99.84	189.32	140.65	184.70	41.07	1	1	
5	140.65	184.70	243.23	173.06	103.24	0	
6	243.23	173.06	279.00	169.00	36.00	1	10	

7	11	110.023	6
1	41.00	196.00	50.60	215.80	22.00	2	6	7	
2	50.60	215.80	51.00	216.61	0.91	1	6	
3	51.00	216.61	57.54	230.11	14.99	0	
4	57.54	230.11	75.04	266.21	40.12	1	15	
5	75.04	266.21	85.39	287.56	23.74	2	11	15	
6	85.39	287.56	89.00	295.00	8.26	1	11	

7	12	138.924	6
1	41.00	196.00	61.27	187.45	22.00	2	6	7	
2	61.27	187.45	66.64	185.18	5.83	1	6	
3	66.64	185.18	82.05	178.68	16.72	2	4	6	
4	82.05	178.68	104.00	169.42	23.82	1	6	
5	104.00	169.42	154.26	148.22	54.55	0	
6	154.26	148.22	169.00	142.00	16.00	1	12	

7	13	222.428	4
1	41.00	196.00	62.27	190.36	22.00	2	6	7	
2	62.27	190.36	103.02	179.56	42.16	1	6	
3	103.02	179.56	249.23	140.79	151.27	0	
4	249.23	140.79	256.00	139.00	7.00	1	13	

7	14	32.985	4
1	41.00	196.00	31.31	198.42	9.98	2	6	7	
2	31.31	198.42	21.55	200.86	10.06	3	6	7	14	
3	21.55	200.86	19.66	201.34	1.95	2	7	14	
4	19.66	201.34	9.00	204.00	10.98	1	14	

7	15	76.694	5
1	41.00	196.00	57.92	210.06	22.00	2	6	7	
2	57.92	210.06	65.38	216.25	9.69	1	6	
3	65.38	216.25	65.38	216.25	0.00	0	
4	65.38	216.25	75.02	224.25	12.53	1	15	
5	75.02	224.25	100.00	245.00	32.47	2	1	15	

8	0	109.238	2
1	172.00	257.00	166.36	229.57	28.00	1	8	
2	166.36	229.57	150.00	150.00	81.24	0	

8	1	62.968	4
1	172.00	257.00	156.03	246.76	18.97	1	8	
2	156.03	246.76	148.43	241.88	9.03	2	1	8	
3	148.43	241.88	144.66	239.46	4.49	1	1	
4	144.66	239.46	119.00	223.00	30.48	2	1	15	

8	2	143.003	7
1	172.00	257.00	147.14	256.83	24.86	1	8	
2	147.14	256.83	144.00	256.80	3.14	2	1	8	
3	144.00	256.80	143.43	256.80	0.58	1	1	
4	143.43	256.80	90.39	256.43	53.04	2	1	15	
5	90.39	256.43	56.41	256.19	33.98	1	15	
6	56.41	256.19	39.00	256.07	17.41	0	
7	39.00	256.07	29.00	256.00	10.00	1	2	

8	3	91.679	3
1	172.00	257.00	178.72	229.82	28.00	1	8	
2	178.72	229.82	191.84	176.74	54.68	0	
3	191.84	176.74	194.00	168.00	9.00	1	3	

8	4	130.729	8
1	172.00	257.00	157.20	244.84	19.16	1	8	
2	157.20	244.84	150.37	239.22	8.84	2	1	8	
3	150.37	239.22	143.53	233.61	8.84	1	1	
4	143.53	233.61	102.74	200.08	52.80	2	1	15	
5	102.74	200.08	96.72	195.13	7.80	1	1	
6	96.72	195.13	90.17	189.76	8.47	2	1	6	
7	90.17	189.76	80.27	181.62	12.82	1	6	
8	80.27	181.62	71.00	174.00	12.00	2	4	6	

8	5	195.923	5
1	172.00	257.00	169.28	229.13	28.00	1	8	
2	169.28	229.13	162.21	156.49	72.99	0	
3	162.21	156.49	159.54	129.10	27.52	0	
4	159.54	129.10	155.23	84.89	44.41	0	
5	155.23	84.89	153.00	62.00	23.00	0	

8	6	144.201	9
1	172.00	257.00	156.81	245.51	19.05	1	8	
2	156.81	245.51	149.67	240.11	8.95	2	1	8	
3	149.67	240.11	144.06	235.87	7.03	1	1	
4	144.06	235.87	96.81	200.11	59.26	2	1	15	
5	96.81	200.11	94.48	198.36	2.91	1	1	
6	94.48	198.36	87.06	192.74	9.31	2	1	6	
7	87.06	192.74	76.43	184.70	13.32	1	6	
8	76.43	184.70	59.23	171.68	21.57	2	4	6	
9	59.23	171.68	57.00	170.00	2.79	1	6	

8	7	144.506	8
1	172.00	257.00	154.58	248.89	19.22	1	8	
2	154.58	248.89	146.62	245.18	8.78	2	1	8	
3	146.62	245.18	145.00	244.43	1.79	1	1	
4	145.00	244.43	76.75	212.65	75.28	2	1	15	
5	76.75	212.65	76.29	212.43	0.51	3	1	6	15	
6	76.29	212.43	71.48	210.19	5.30	2	6	15	
7	71.48	210.19	60.94	205.29	11.62	1	6	
8	60.94	205.29	41.00	196.00	22.00	2	6	7	

8	8	0	0

8	9	16.125	2
1	172.00	257.00	176.03	264.05	8.12	1	8	
2	176.03	264.05	180.00	271.00	8.00	2	8	9	

8	10	138.539	3
1	172.00	257.00	193.63	239.21	28.00	1	8	
2	193.63	239.21	251.20	191.87	74.54	0	
3	251.20	191.87	279.00	169.00	36.00	1	10	

8	11	91.285	5
1	172.00	257.00	146.54	268.66	28.00	1	8	
2	146.54	268.66	134.12	274.34	13.67	0	
3	134.12	274.34	118.10	281.68	17.62	1	15	
4	118.10	281.68	99.92	290.00	19.99	2	11	15	
5	99.92	290.00	89.00	295.00	12.01	1	11	

8	12	115.039	3
1	172.00	257.00	171.27	229.01	28.00	0	
2	171.27	229.01	169.42	157.99	71.04	0	
3	169.42	157.99	169.00	142.00	16.00	1	12	

8	13	144.845	3
1	172.00	257.00	188.24	234.19	28.00	1	8	
2	188.24	234.19	251.94	144.70	109.84	0	
3	251.94	144.70	256.00	139.00	7.00	1	13	

8	14	171.400	9
1	172.00	257.00	153.07	250.84	19.91	1	8	
2	153.07	250.84	145.37	248.34	8.09	2	1	8	
3	145.37	248.34	144.89	248.18	0.51	1	1	
4	144.89	248.18	75.07	225.48	73.42	2	1	15	
5	75.07	225.48	61.82	221.18	13.93	1	15	
6	61.82	221.18	48.26	216.77	14.26	0	
7	48.26	216.77	30.87	211.11	18.29	1	7	
8	30.87	211.11	22.91	208.52	8.37	2	7	14	
9	22.91	208.52	9.00	204.00	14.63	1	14	

8	15	72.993	4
1	172.00	257.00	150.75	253.46	21.54	1	8	
2	150.75	253.46	144.39	252.40	6.45	2	1	8	
3	144.39	252.40	144.38	252.40	0.01	3	1	8	15	
4	144.38	252.40	100.00	245.00	44.99	2	1	15	

9	0	124.664	3
1	180.00	271.00	178.07	263.24	8.00	2	8	9	
2	178.07	263.24	169.61	229.10	35.17	1	8	
3	169.61	229.10	150.00	150.00	81.50	0	

9	1	77.621	5
1	180.00	271.00	173.71	266.05	8.00	2	8	9	
2	173.71	266.05	153.58	250.21	25.62	1	8	
3	153.58	250.21	146.77	244.85	8.66	2	1	8	
4	146.77	244.85	144.97	243.44	2.29	1	1	
5	144.97	243.44	119.00	223.00	33.05	2	1	15	

9	2	151.743	8
1	180.00	271.00	172.04	270.21	8.00	2	8	9	
2	172.04	270.21	146.10	267.63	26.07	1	8	
3	146.10	267.63	139.28	266.95	6.85	0	
4	139.28	266.95	128.74	265.91	10.59	1	15	
5	128.74	265.91	101.01	263.15	27.87	2	1	15	
6	101.01	263.15	57.17	258.80	44.06	1	15	
7	57.17	258.80	38.95	256.99	18.31	0	
8	38.95	256.99	29.00	256.00	10.00	1	2	

9	3	103.947	4
1	180.00	271.00	181.08	263.07	8.00	2	8	9	
2	181.08	263.07	185.26	232.34	31.02	0	
3	185.26	232.34	192.79	176.92	55.93	0	
4	192.79	176.92	194.00	168.00	9.00	1	3	

9	4	145.911	9
1	180.00	271.00	174.02	265.68	8.00	2	8	9	
2	174.02	265.68	154.80	248.58	25.73	1	8	
3	154.80	248.58	148.02	242.54	9.08	2	1	8	
4	148.02	242.54	144.67	239.56	4.49	1	1	
5	144.67	239.56	100.22	200.00	59.51	2	1	15	
6	100.22	200.00	95.99	196.24	5.66	1	1	
7	95.99	196.24	89.44	190.41	8.77	2	1	6	
8	89.44	190.41	79.96	181.98	12.68	1	6	
9	79.96	181.98	71.00	174.00	12.00	2	4	6	

9	5	210.737	6
1	180.00	271.00	178.97	263.07	8.00	2	8	9	
2	178.97	263.07	174.59	229.12	34.23	1	8	
3	174.59	229.12	165.35	157.58	72.14	0	
4	165.35	157.58	161.51	127.86	29.96	1	12	
5	161.51	127.86	155.95	84.81	43.41	0	
6	155.95	84.81	153.00	62.00	23.00	1	5	

9	6	159.154	10
1	180.00	271.00	173.82	265.92	8.00	2	8	9	
2	173.82	265.92	154.01	249.66	25.63	1	8	
3	154.01	249.66	147.18	244.05	8.84	2	1	8	
4	147.18	244.05	144.91	242.19	2.93	1	1	
5	144.91	242.19	94.02	200.40	65.85	2	1	15	
6	94.02	200.40	93.32	199.83	0.90	1	1	
7	93.32	199.83	86.04	193.85	9.42	2	1	6	
8	86.04	193.85	75.45	185.15	13.71	1	6	
9	75.45	185.15	59.20	171.81	21.02	2	4	6	
10	59.20	171.81	57.00	170.00	2.85	1	6	

9	7	157.943	9
1	180.00	271.00	172.96	267.20	8.00	2	8	9	
2	172.96	267.20	149.61	254.60	26.53	1	8	
3	149.61	254.60	144.48	251.83	5.83	2	1	8	
4	144.48	251.83	144.48	251.83	0.00	1	1	
5	144.48	251.83	75.78	214.76	78.06	2	1	15	
6	75.78	214.76	74.01	213.81	2.00	1	15	
7	74.01	213.81	69.87	211.58	4.71	2	6	15	
8	69.87	211.58	60.36	206.45	10.80	1	6	
9	60.36	206.45	41.00	196.00	22.00	2	6	7	

9	8	16.125	2
1	180.00	271.00	176.03	264.05	8.00	2	8	9	
2	176.03	264.05	172.00	257.00	8.12	1	8	

9	9	0	0

9	10	142.144	4
1	180.00	271.00	185.57	265.26	8.00	2	8	9	
2	185.57	265.26	199.36	251.05	19.80	1	8	
3	199.36	251.05	253.93	194.83	78.35	0	
4	253.93	194.83	279.00	169.00	36.00	1	10	

9	11	94.112	4
1	180.00	271.00	172.26	273.04	8.00	2	8	9	
2	172.26	273.04	153.47	278.00	19.43	1	8	
3	153.47	278.00	119.94	286.84	34.68	0	
4	119.94	286.84	89.00	295.00	32.00	1	11	

9	12	129.468	4
1	180.00	271.00	179.32	263.03	8.00	2	8	9	
2	179.32	263.03	176.45	229.36	33.80	0	
3	176.45	229.36	170.36	157.94	71.67	0	
4	170.36	157.94	169.00	142.00	16.00	1	12	

9	13	152.315	6
1	180.00	271.00	183.99	264.07	8.00	2	8	9	
2	183.99	264.07	196.18	242.89	24.44	1	8	
3	196.18	242.89	244.35	159.23	96.53	0	
4	244.35	159.23	252.51	145.07	16.35	1	10	
5	252.51	145.07	253.16	143.94	1.30	2	10	13	
6	253.16	143.94	256.00	139.00	5.70	1	13	

9	14	183.657	10
1	180.00	271.00	172.55	268.08	8.00	2	8	9	
2	172.55	268.08	146.05	257.70	28.46	1	8	
3	146.05	257.70	144.00	256.89	2.21	2	1	8	
4	144.00	256.89	143.46	256.68	0.58	1	1	
5	143.46	256.68	75.57	230.08	72.91	2	1	15	
6	75.57	230.08	60.17	224.05	16.54	1	15	
7	60.17	224.05	44.15	217.77	17.21	0	
8	44.15	217.77	30.41	212.39	14.75	1	7	
9	30.41	212.39	23.90	209.84	7.00	2	7	14	
10	23.90	209.84	9.00	204.00	16.00	1	14	

9	15	84.119	5
1	180.00	271.00	172.39	268.53	8.00	2	8	9	
2	172.39	268.53	144.10	259.33	29.75	1	8	
3	144.10	259.33	143.91	259.27	0.20	0	
4	143.91	259.27	142.80	258.91	1.17	1	1	
5	142.80	258.91	100.00	245.00	45.00	2	1	15	

10	0	130.392	4
1	279.00	169.00	243.38	163.75	36.00	1	10	
2	243.38	163.75	179.23	154.30	64.85	0	
3	179.23	154.30	155.66	150.83	23.82	1	12	
4	155.66	150.83	150.00	150.00	5.72	0	

10	1	168.867	4
1	279.00	169.00	244.89	180.51	36.00	1	10	
2	244.89	180.51	160.69	208.93	88.87	0	
3	160.69	208.93	135.55	217.41	26.53	1	1	
4	135.55	217.41	119.00	223.00	17.47	2	1	15	

10	2	264.705	7
1	279.00	169.00	245.00	180.83	36.00	1	10	
2	245.00	180.83	161.05	210.05	88.89	0	
3	161.05	210.05	136.45	218.61	26.05	1	1	
4	136.45	218.61	77.99	238.95	61.89	2	1	15	
5	77.99	238.95	55.04	246.94	24.30	1	15	
6	55.04	246.94	38.44	252.71	17.57	0	
7	38.44	252.71	29.00	256.00	10.00	1	2	

10	3	85.006	3
1	279.00	169.00	243.00	168.58	36.00	1	10	
2	243.00	168.58	203.00	168.11	40.01	0	
3	203.00	168.11	194.00	168.00	9.00	1	3	

10	4	208.060	6
1	279.00	169.00	243.01	169.87	36.00	1	10	
2	243.01	169.87	202.54	170.84	40.48	0	
3	202.54	170.84	185.61	171.25	16.94	1	3	
4	185.61	171.25	103.89	173.21	81.74	0	
5	103.89	173.21	83.00	173.71	20.90	1	6	
6	83.00	173.71	71.00	174.00	12.00	2	4	6	

10	5	165.303	3
1	279.00	169.00	251.56	145.70	36.00	1	10	
2	251.56	145.70	170.53	76.89	106.30	0	
3	170.53	76.89	153.00	62.00	23.00	1	5	

10	6	222.002	7
1	279.00	169.00	243.00	169.16	36.00	1	10	
2	243.00	169.16	202.90	169.34	40.10	0	
3	202.90	169.34	185.11	169.42	17.79	1	3	
4	185.11	169.42	104.00	169.79	81.11	0	
5	104.00	169.79	82.27	169.89	21.73	1	6	
6	82.27	169.89	59.69	169.99	22.58	2	4	6	
7	59.69	169.99	57.00	170.00	2.69	1	6	

10	7	239.527	6
1	279.00	169.00	243.23	173.06	36.00	1	10	
2	243.23	173.06	140.65	184.70	103.24	0	
3	140.65	184.70	99.84	189.32	41.07	1	1	
4	99.84	189.32	89.32	190.52	10.59	2	1	6	
5	89.32	190.52	62.86	193.52	26.63	1	6	
6	62.86	193.52	41.00	196.00	22.00	2	6	7	

10	8	138.539	3
1	279.00	169.00	251.20	191.87	36.00	1	10	
2	251.20	191.87	193.63	239.21	74.54	0	
3	193.63	239.21	172.00	257.00	28.00	1	8	

10	9	142.144	4
1	279.00	169.00	253.93	194.83	36.00	1	10	
2	253.93	194.83	199.36	251.05	78.35	0	
3	199.36	251.05	185.57	265.26	19.80	1	8	
4	185.57	265.26	180.00	271.00	8.00	2	8	9	

10	10	0	0

10	11	227.982	9
1	279.00	169.00	249.00	188.90	36.00	1	10	
2	249.00	188.90	184.26	231.83	77.68	0	
3	184.26	231.83	148.91	255.27	42.42	1	8	
4	148.91	255.27	144.04	258.50	5.85	2	1	8	
5	144.04	258.50	142.62	259.44	1.70	1	1	
6	142.62	259.44	137.09	263.11	6.64	2	1	15	
7	137.09	263.11	115.67	277.31	25.70	1	15	
8	115.67	277.31	96.72	289.88	22.74	2	11	15	
9	96.72	289.88	89.00	295.00	9.26	1	11	

10	12	113.265	3
1	279.00	169.00	244.04	160.42	36.00	1	10	
2	244.04	160.42	184.54	145.81	61.27	0	
3	184.54	145.81	169.00	142.00	16.00	1	12	

10	13	37.802	3
1	279.00	169.00	260.26	144.56	30.80	1	10	
2	260.26	144.56	257.10	140.43	5.20	2	10	13	
3	257.10	140.43	256.00	139.00	1.80	1	13	

10	14	272.259	9
1	279.00	169.00	243.30	173.63	36.00	1	10	
2	243.30	173.63	143.64	186.55	100.49	0	
3	143.64	186.55	98.31	192.42	45.71	1	1	
4	98.31	192.42	85.88	194.03	12.53	2	1	6	
5	85.88	194.03	62.98	197.00	23.09	1	6	
6	62.98	197.00	31.81	201.04	31.43	2	6	7	
7	31.81	201.04	22.78	202.21	9.11	3	6	7	14	
8	22.78	202.21	20.00	202.57	2.79	2	7	14	
9	20.00	202.57	9.00	204.00	11.10	1	14	

10	15	194.466	4
1	279.00	169.00	245.86	183.07	36.00	1	10	
2	245.86	183.07	162.75	218.36	90.29	0	
3	162.75	218.36	141.42	227.41	23.18	1	1	
4	141.42	227.41	100.00	245.00	45.00	2	1	15	

11	0	157.309	6
1	89.00	295.00	91.45	289.18	6.31	1	11	
2	91.45	289.18	101.41	265.50	25.69	2	11	15	
3	101.41	265.50	102.18	263.66	2.00	1	15	
4	102.18	263.66	125.60	207.99	60.39	2	1	15	
5	125.60	207.99	136.31	182.55	27.61	1	1	
6	136.31	182.55	150.00	150.00	35.31	0	

11	1	78.000	2
1	89.00	295.00	91.43	289.18	6.31	1	11	
2	91.43	289.18	119.00	223.00	71.69	1	15	

11	2	71.561	3
1	89.00	295.00	62.17	277.56	32.00	1	11	
2	62.17	277.56	37.38	261.45	29.56	0	
3	37.38	261.45	29.00	256.00	10.00	1	2	

11	3	164.785	7
1	89.00	295.00	93.52	289.53	7.10	1	11	
2	93.52	289.53	109.39	270.34	24.90	2	11	15	
3	109.39	270.34	112.54	266.52	4.95	1	15	
4	112.54	266.52	142.52	230.27	47.04	2	1	15	
5	142.52	230.27	160.53	208.48	28.27	1	1	
6	160.53	208.48	188.27	174.94	43.52	0	
7	188.27	174.94	194.00	168.00	9.00	1	3	

11	4	122.332	8
1	89.00	295.00	88.01	288.37	6.70	1	11	
2	88.01	288.37	84.29	263.35	25.30	1	11	
3	84.29	263.35	81.78	246.47	17.07	1	15	
4	81.78	246.47	76.75	212.65	34.19	2	1	15	
5	76.75	212.65	76.56	211.38	1.28	2	1	15	
6	76.56	211.38	75.91	206.99	4.44	2	6	15	
7	75.91	206.99	72.77	185.87	21.36	1	6	
8	72.77	185.87	71.00	174.00	12.00	2	4	6	

11	5	241.630	7
1	89.00	295.00	90.64	289.02	6.21	1	11	
2	90.64	289.02	97.48	264.14	25.80	2	11	15	
3	97.48	264.14	98.14	261.74	2.49	1	15	
4	98.14	261.74	114.44	202.38	61.56	2	1	15	
5	114.44	202.38	120.85	179.04	24.21	0	
6	120.85	179.04	146.91	84.18	98.37	0	
7	146.91	84.18	153.00	62.00	23.00	1	5	

11	6	129.031	7
1	89.00	295.00	87.25	288.16	7.07	1	11	
2	87.25	288.16	81.06	264.00	24.93	1	11	
3	81.06	264.00	68.66	215.53	50.03	1	15	
4	68.66	215.53	68.08	213.28	2.32	2	6	15	
5	68.08	213.28	62.64	192.02	21.95	1	6	
6	62.64	192.02	61.89	189.10	3.02	2	6	7	
7	61.89	189.10	57.00	170.00	19.71	1	6	

11	7	110.023	6
1	89.00	295.00	85.39	287.56	8.26	1	11	
2	85.39	287.56	75.04	266.21	23.74	2	11	15	
3	75.04	266.21	57.54	230.11	40.12	1	15	
4	57.54	230.11	51.00	216.61	14.99	0	
5	51.00	216.61	50.60	215.80	0.91	1	6	
6	50.60	215.80	41.00	196.00	22.00	2	6	7	

11	8	91.285	5
1	89.00	295.00	99.92	290.00	12.01	1	11	
2	99.92	290.00	118.10	281.68	19.99	2	11	15	
3	118.10	281.68	134.12	274.34	17.62	1	15	
4	134.12	274.34	146.54	268.66	13.67	0	
5	146.54	268.66	172.00	257.00	28.00	1	8	

11	9	94.112	4
1	89.00	295.00	119.94	286.84	32.00	1	11	
2	119.94	286.84	153.47	278.00	34.68	0	
3	153.47	278.00	172.26	273.04	19.43	1	8	
4	172.26	273.04	180.00	271.00	8.00	2	8	9	

11	10	227.982	9
1	89.00	295.00	96.72	289.88	9.26	1	11	
2	96.72	289.88	115.67	277.31	22.74	2	11	15	
3	115.67	277.31	137.09	263.11	25.70	1	15	
4	137.09	263.11	142.62	259.44	6.64	2	1	15	
5	142.62	259.44	144.04	258.50	1.70	1	1	
6	144.04	258.50	148.91	255.27	5.85	2	1	8	
7	148.91	255.27	184.26	231.83	42.42	1	8	
8	184.26	231.83	249.00	188.90	77.68	0	
9	249.00	188.90	279.00	169.00	36.00	1	10	

11	11	0	0

11	12	172.653	7
1	89.00	295.00	91.99	289.28	6.45	1	11	
2	91.99	289.28	103.83	266.64	25.55	2	11	15	
3	103.83	266.64	104.86	264.67	2.23	1	15	
4	104.86	264.67	131.79	213.16	58.13	2	1	15	
5	131.79	213.16	145.15	187.61	28.82	1	1	
6	145.15	187.61	161.59	156.18	35.47	0	
7	161.59	156.18	169.00	142.00	16.00	1	12	

11	13	228.528	7
1	89.00	295.00	94.69	289.69	7.79	1	11	
2	94.69	289.69	112.38	273.16	24.21	2	11	15	
3	112.38	273.16	118.97	267.00	9.02	1	15	
4	118.97	267.00	144.94	242.74	35.54	2	1	15	
5	144.94	242.74	162.90	225.97	24.57	1	1	
6	162.90	225.97	250.88	143.78	120.40	0	
7	250.88	143.78	256.00	139.00	7.00	1	13	

11	14	121.165	5
1	89.00	295.00	80.84	285.72	12.36	1	11	
2	80.84	285.72	67.87	270.97	19.64	2	11	15	
3	67.87	270.97	57.16	258.79	16.22	1	15	
4	57.16	258.79	24.19	221.27	49.95	0	
5	24.19	221.27	9.00	204.00	23.00	1	14	

11	15	51.196	4
1	89.00	295.00	90.33	288.95	6.20	1	11	
2	90.33	288.95	95.88	263.75	25.80	2	11	15	
3	95.88	263.75	96.52	260.82	2.99	1	15	
4	96.52	260.82	100.00	245.00	16.20	2	1	15	

12	0	20.616	2
1	169.00	142.00	154.25	148.21	16.00	1	12	
2	154.25	148.21	150.00	150.00	4.62	0	

12	1	95.189	4
1	169.00	142.00	160.60	155.62	16.00	1	12	
2	160.60	155.62	142.11	185.56	35.19	0	
3	142.11	185.56	127.44	209.33	27.94	1	1	
4	127.44	209.33	119.00	223.00	16.06	2	1	15	

12	2	180.544	7
1	169.00	142.00	156.59	152.10	16.00	1	12	
2	156.59	152.10	123.30	179.21	42.93	0	
3	123.30	179.21	97.70	200.06	33.02	1	1	
4	97.70	200.06	75.25	218.34	28.95	2	1	15	
5	75.25	218.34	56.46	233.64	24.23	1	15	
6	56.46	233.64	36.75	249.69	25.41	0	
7	36.75	249.69	29.00	256.00	10.00	1	2	

12	3	36.069	3
1	169.00	142.00	180.09	153.53	16.00	1	12	
2	180.09	153.53	187.76	161.51	11.07	0	
3	187.76	161.51	194.00	168.00	9.00	1	3	

12	4	103.092	4
1	169.00	142.00	153.79	146.97	16.00	1	12	
2	153.79	146.97	103.53	163.38	52.87	0	
3	103.53	163.38	82.41	170.28	22.22	1	6	
4	82.41	170.28	71.00	174.00	12.00	2	4	6	

12	5	81.584	3
1	169.00	142.00	165.86	126.31	16.00	1	12	
2	165.86	126.31	157.51	84.55	42.58	0	
3	157.51	84.55	153.00	62.00	23.00	1	5	

12	6	115.447	5
1	169.00	142.00	153.48	145.88	16.00	1	12	
2	153.48	145.88	102.60	158.60	52.45	0	
3	102.60	158.60	78.49	164.63	24.85	1	6	
4	78.49	164.63	59.98	169.26	19.09	2	4	6	
5	59.98	169.26	57.00	170.00	3.07	1	6	

12	7	138.924	6
1	169.00	142.00	154.26	148.22	16.00	1	12	
2	154.26	148.22	104.00	169.42	54.55	0	
3	104.00	169.42	82.05	178.68	23.82	1	6	
4	82.05	178.68	66.64	185.18	16.72	2	4	6	
5	66.64	185.18	61.27	187.45	5.83	1	6	
6	61.27	187.45	41.00	196.00	22.00	2	6	7	

12	8	115.039	3
1	169.00	142.00	169.42	157.99	16.00	1	12	
2	169.42	157.99	171.27	229.01	71.04	0	
3	171.27	229.01	172.00	257.00	28.00	0	

12	9	129.468	4
1	169.00	142.00	170.36	157.94	16.00	1	12	
2	170.36	157.94	176.45	229.36	71.67	0	
3	176.45	229.36	179.32	263.03	33.80	0	
4	179.32	263.03	180.00	271.00	8.00	2	8	9	

12	10	113.265	3
1	169.00	142.00	184.54	145.81	16.00	1	12	
2	184.54	145.81	244.04	160.42	61.27	0	
3	244.04	160.42	279.00	169.00	36.00	1	10	

12	11	172.653	7
1	169.00	142.00	161.59	156.18	16.00	1	12	
2	161.59	156.18	145.15	187.61	35.47	0	
3	145.15	187.61	131.79	213.16	28.82	1	1	
4	131.79	213.16	104.86	264.67	58.13	2	1	15	
5	104.86	264.67	103.83	266.64	2.23	1	15	
6	103.83	266.64	91.99	289.28	25.55	2	11	15	
7	91.99	289.28	89.00	295.00	6.45	1	11	

12	12	0	0

12	13	87.052	3
1	169.00	142.00	184.99	141.45	16.00	1	12	
2	184.99	141.45	249.00	139.24	64.05	0	
3	249.00	139.24	256.00	139.00	7.00	1	13	

12	14	171.593	9
1	169.00	142.00	154.08	147.78	16.00	1	12	
2	154.08	147.78	103.92	167.22	53.80	0	
3	103.92	167.22	82.92	175.35	22.52	1	6	
4	82.92	175.35	63.10	183.04	21.26	2	4	6	
5	63.10	183.04	59.67	184.36	3.68	1	6	
6	59.67	184.36	30.45	195.69	31.34	2	6	7	
7	30.45	195.69	20.46	199.56	10.71	3	6	7	14	
8	20.46	199.56	19.36	199.98	1.17	2	7	14	
9	19.36	199.98	9.00	204.00	11.11	1	14	

12	15	123.976	4
1	169.00	142.00	160.09	155.29	16.00	1	12	
2	160.09	155.29	140.47	184.59	35.27	0	
3	140.47	184.59	125.05	207.61	27.71	1	1	
4	125.05	207.61	100.00	245.00	45.00	2	1	15	

13	0	106.569	4
1	256.00	139.00	249.04	139.72	7.00	1	13	
2	249.04	139.72	184.37	146.43	65.01	0	
3	184.37	146.43	154.86	149.50	29.67	1	12	
4	154.86	149.50	150.00	150.00	4.89	0	

13	1	160.702	6
1	256.00	139.00	250.03	142.66	7.00	1	13	
2	250.03	142.66	202.01	172.10	56.33	0	
3	202.01	172.10	194.02	177.00	9.37	1	3	
4	194.02	177.00	156.51	200.00	44.00	0	
5	156.51	200.00	133.01	214.41	27.57	1	1	
6	133.01	214.41	119.00	223.00	16.43	2	1	15	

13	2	255.378	9
1	256.00	139.00	249.78	142.21	7.00	1	13	
2	249.78	142.21	202.86	166.39	52.79	0	
3	202.86	166.39	187.55	174.28	17.22	1	3	
4	187.55	174.28	151.20	193.02	40.90	0	
5	151.20	193.02	124.09	206.99	30.50	1	1	
6	124.09	206.99	75.89	231.83	54.22	2	1	15	
7	75.89	231.83	55.07	242.57	23.43	1	15	
8	55.07	242.57	37.89	251.42	19.32	0	
9	37.89	251.42	29.00	256.00	10.00	1	2	

13	3	68.447	3
1	256.00	139.00	249.66	141.97	7.00	1	13	
2	249.66	141.97	202.15	164.19	52.45	0	
3	202.15	164.19	194.00	168.00	9.00	1	3	

13	4	188.282	6
1	256.00	139.00	249.12	140.30	7.00	1	13	
2	249.12	140.30	180.31	153.32	70.04	0	
3	180.31	153.32	162.61	156.67	18.01	1	12	
4	162.61	156.67	103.95	167.77	59.70	0	
5	103.95	167.77	82.79	171.77	21.53	1	6	
6	82.79	171.77	71.00	174.00	12.00	2	4	6	

13	5	128.600	3
1	256.00	139.00	250.39	134.81	7.00	1	13	
2	250.39	134.81	171.42	75.77	98.60	0	
3	171.42	75.77	153.00	62.00	23.00	1	5	

13	6	201.400	7
1	256.00	139.00	249.08	140.08	7.00	1	13	
2	249.08	140.08	182.60	150.43	67.29	0	
3	182.60	150.43	158.61	154.17	24.27	1	12	
4	158.61	154.17	103.44	162.77	55.84	0	
5	103.44	162.77	80.27	166.38	23.45	1	6	
6	80.27	166.38	59.85	169.56	20.66	2	4	6	
7	59.85	169.56	57.00	170.00	2.89	1	6	

13	7	222.428	4
1	256.00	139.00	249.23	140.79	7.00	1	13	
2	249.23	140.79	103.02	179.56	151.27	0	
3	103.02	179.56	62.27	190.36	42.16	1	6	
4	62.27	190.36	41.00	196.00	22.00	2	6	7	

13	8	144.845	3
1	256.00	139.00	251.94	144.70	7.00	1	13	
2	251.94	144.70	188.24	234.19	109.84	0	
3	188.24	234.19	172.00	257.00	28.00	1	8	

13	9	152.315	6
1	256.00	139.00	253.16	143.94	5.70	1	13	
2	253.16	143.94	252.51	145.07	1.30	2	10	13	
3	252.51	145.07	244.35	159.23	16.35	1	10	
4	244.35	159.23	196.18	242.89	96.53	0	
5	196.18	242.89	183.99	264.07	24.44	1	8	
6	183.99	264.07	180.00	271.00	8.00	2	8	9	

13	10	37.802	3
1	256.00	139.00	257.10	140.43	1.80	1	13	
2	257.10	140.43	260.26	144.56	5.20	2	10	13	
3	260.26	144.56	279.00	169.00	30.80	1	10	

13	11	228.528	7
1	256.00	139.00	250.88	143.78	7.00	1	13	
2	250.88	143.78	162.90	225.97	120.40	0	
3	162.90	225.97	144.94	242.74	24.57	1	1	
4	144.94	242.74	118.97	267.00	35.54	2	1	15	
5	118.97	267.00	112.38	273.16	9.02	1	15	
6	112.38	273.16	94.69	289.69	24.21	2	11	15	
7	94.69	289.69	89.00	295.00	7.79	1	11	

13	12	87.052	3
1	256.00	139.00	249.00	139.24	7.00	1	13	
2	249.00	139.24	184.99	141.45	64.05	0	
3	184.99	141.45	169.00	142.00	16.00	1	12	

13	13	0	0

13	14	255.409	7
1	256.00	139.00	249.23	140.78	7.00	1	13	
2	249.23	140.78	103.08	179.24	151.12	0	
3	103.08	179.24	62.17	190.01	42.31	1	6	
4	62.17	190.01	31.24	198.15	31.98	2	6	7	
5	31.24	198.15	21.44	200.73	10.14	3	6	7	14	
6	21.44	200.73	19.62	201.20	1.87	2	7	14	
7	19.62	201.20	9.00	204.00	10.99	1	14	

13	15	188.605	4
1	256.00	139.00	250.21	142.93	7.00	1	13	
2	250.21	142.93	159.08	204.85	110.17	0	
3	159.08	204.85	137.22	219.71	26.43	1	1	
4	137.22	219.71	100.00	245.00	45.00	2	1	15	

14	0	150.987	8
1	9.00	204.00	19.37	200.03	11.11	1	14	
2	19.37	200.03	20.49	199.60	1.20	2	7	14	
3	20.49	199.60	30.48	195.77	10.69	3	6	7	14	
4	30.48	195.77	59.79	184.55	31.38	2	6	7	
5	59.79	184.55	63.30	183.20	3.76	1	6	
6	63.30	183.20	82.88	175.71	20.96	2	4	6	
7	82.88	175.71	103.94	167.64	22.55	1	6	
8	103.94	167.64	150.00	150.00	49.32	0	

14	1	111.629	8
1	9.00	204.00	21.48	206.16	12.67	1	14	
2	21.48	206.16	28.49	207.37	7.11	2	7	14	
3	28.49	207.37	31.66	207.91	3.22	3	6	7	14	
4	31.66	207.91	55.98	212.11	24.67	2	6	7	
5	55.98	212.11	67.31	214.07	11.50	1	6	
6	67.31	214.07	71.32	214.76	4.07	2	6	15	
7	71.32	214.76	75.64	215.51	4.38	1	15	
8	75.64	215.51	119.00	223.00	44.00	2	1	15	

14	2	55.714	3
1	9.00	204.00	17.26	225.47	23.00	1	14	
2	17.26	225.47	25.41	246.67	22.71	0	
3	25.41	246.67	29.00	256.00	10.00	1	2	

14	3	188.470	9
1	9.00	204.00	19.81	201.90	11.01	1	14	
2	19.81	201.90	22.08	201.46	2.32	2	7	14	
3	22.08	201.46	31.58	199.61	9.68	3	6	7	14	
4	31.58	199.61	62.86	193.52	31.87	2	6	7	
5	62.86	193.52	92.72	187.71	30.42	1	6	
6	92.72	187.71	101.17	186.06	8.60	2	1	6	
7	101.17	186.06	130.13	180.43	29.50	1	1	
8	130.13	180.43	185.17	169.72	56.07	0	
9	185.17	169.72	194.00	168.00	9.00	1	3	

14	4	68.877	6
1	9.00	204.00	19.21	199.06	11.35	1	14	
2	19.21	199.06	19.83	198.76	0.68	2	7	14	
3	19.83	198.76	29.70	193.98	10.97	3	6	7	14	
4	29.70	193.98	56.92	180.81	30.23	2	6	7	
5	56.92	180.81	60.20	179.23	3.64	1	6	
6	60.20	179.23	71.00	174.00	12.00	2	4	6	

14	5	202.237	7
1	9.00	204.00	17.56	195.56	12.02	1	14	
2	17.56	195.56	19.09	194.05	2.15	2	6	14	
3	19.09	194.05	25.38	187.85	8.83	3	6	7	14	
4	25.38	187.85	39.36	174.06	19.64	2	6	7	
5	39.36	174.06	83.11	130.92	61.44	1	6	
6	83.11	130.92	136.62	78.15	75.16	0	
7	136.62	78.15	153.00	62.00	23.00	1	5	

14	6	58.822	5
1	9.00	204.00	18.65	197.17	11.82	1	14	
2	18.65	197.17	19.02	196.90	0.46	2	6	14	
3	19.02	196.90	27.77	190.71	10.72	3	6	7	14	
4	27.77	190.71	49.15	175.56	26.20	2	6	7	
5	49.15	175.56	57.00	170.00	9.63	1	6	

14	7	32.985	4
1	9.00	204.00	19.66	201.34	10.98	1	14	
2	19.66	201.34	21.55	200.86	1.95	2	7	14	
3	21.55	200.86	31.31	198.42	10.06	3	6	7	14	
4	31.31	198.42	41.00	196.00	9.98	2	6	7	

14	8	171.400	9
1	9.00	204.00	22.91	208.52	14.63	1	14	
2	22.91	208.52	30.87	211.11	8.37	2	7	14	
3	30.87	211.11	48.26	216.77	18.29	1	7	
4	48.26	216.77	61.82	221.18	14.26	0	
5	61.82	221.18	75.07	225.48	13.93	1	15	
6	75.07	225.48	144.89	248.18	73.42	2	1	15	
7	144.89	248.18	145.37	248.34	0.51	1	1	
8	145.37	248.34	153.07	250.84	8.09	2	1	8	
9	153.07	250.84	172.00	257.00	19.91	1	8	

14	9	183.657	10
1	9.00	204.00	23.90	209.84	16.00	1	14	
2	23.90	209.84	30.41	212.39	7.00	2	7	14	
3	30.41	212.39	44.15	217.77	14.75	1	7	
4	44.15	217.77	60.17	224.05	17.21	0	
5	60.17	224.05	75.57	230.08	16.54	1	15	
6	75.57	230.08	143.46	256.68	72.91	2	1	15	
7	143.46	256.68	144.00	256.89	0.58	1	1	
8	144.00	256.89	146.05	257.70	2.21	2	1	8	
9	146.05	257.70	172.55	268.08	28.46	1	8	
10	172.55	268.08	180.00	271.00	8.00	2	8	9	

14	10	272.259	9
1	9.00	204.00	20.00	202.57	11.10	1	14	
2	20.00	202.57	22.78	202.21	2.79	2	7	14	
3	22.78	202.21	31.81	201.04	9.11	3	6	7	14	
4	31.81	201.04	62.98	197.00	31.43	2	6	7	
5	62.98	197.00	85.88	194.03	23.09	1	6	
6	85.88	194.03	98.31	192.42	12.53	2	1	6	
7	98.31	192.42	143.64	186.55	45.71	1	1	
8	143.64	186.55	243.30	173.63	100.49	0	
9	243.30	173.63	279.00	169.00	36.00	1	10	

14	11	121.165	5
1	9.00	204.00	24.19	221.27	23.00	1	14	
2	24.19	221.27	57.16	258.79	49.95	0	
3	57.16	258.79	67.87	270.97	16.22	1	15	
4	67.87	270.97	80.84	285.72	19.64	2	11	15	
5	80.84	285.72	89.00	295.00	12.36	1	11	

14	12	171.593	9
1	9.00	204.00	19.36	199.98	11.11	1	14	
2	19.36	199.98	20.46	199.56	1.17	2	7	14	
3	20.46	199.56	30.45	195.69	10.71	3	6	7	14	
4	30.45	195.69	59.67	184.36	31.34	2	6	7	
5	59.67	184.36	63.10	183.04	3.68	1	6	
6	63.10	183.04	82.92	175.35	21.26	2	4	6	
7	82.92	175.35	103.92	167.22	22.52	1	6	
8	103.92	167.22	154.08	147.78	53.80	0	
9	154.08	147.78	169.00	142.00	16.00	1	12	

14	13	255.409	7
1	9.00	204.00	19.62	201.20	10.99	1	14	
2	19.62	201.20	21.44	200.73	1.87	2	7	14	
3	21.44	200.73	31.24	198.15	10.14	3	6	7	14	
4	31.24	198.15	62.17	190.01	31.98	2	6	7	
5	62.17	190.01	103.08	179.24	42.31	1	6	
6	103.08	179.24	249.23	140.78	151.12	0	
7	249.23	140.78	256.00	139.00	7.00	1	13	

14	14	0	0

14	15	99.810	6
1	9.00	204.00	25.18	211.29	17.75	1	14	
2	25.18	211.29	29.97	213.45	5.25	2	7	14	
3	29.97	213.45	40.03	217.98	11.03	1	7	
4	40.03	217.98	58.97	226.51	20.78	0	
5	58.97	226.51	76.51	234.41	19.23	1	15	
6	76.51	234.41	100.00	245.00	25.77	2	1	15	

15	0	107.355	3
1	100.00	245.00	120.96	205.18	45.00	2	1	15	
2	120.96	205.18	133.45	181.44	26.82	1	1	
3	133.45	181.44	150.00	150.00	35.53	0	

15	1	29.069	1
1	100.00	245.00	119.00	223.00	29.07	2	1	15	

15	2	71.847	4
1	100.00	245.00	82.59	247.70	17.62	2	1	15	
2	82.59	247.70	55.53	251.89	27.38	1	15	
3	55.53	251.89	38.88	254.47	16.85	0	
4	38.88	254.47	29.00	256.00	10.00	1	2	

15	3	121.511	4
1	100.00	245.00	134.81	216.48	45.00	2	1	15	
2	134.81	216.48	155.97	199.15	27.36	1	1	
3	155.97	199.15	187.04	173.70	40.15	0	
4	187.04	173.70	194.00	168.00	9.00	1	3	

15	4	76.694	5
1	100.00	245.00	84.83	207.87	40.11	2	1	15	
2	84.83	207.87	82.98	203.34	4.89	3	1	6	15	
3	82.98	203.34	81.57	199.87	3.75	2	1	6	
4	81.57	199.87	75.54	185.11	15.95	1	6	
5	75.54	185.11	71.00	174.00	12.00	2	4	6	

15	5	190.520	4
1	100.00	245.00	112.52	201.78	45.00	2	1	15	
2	112.52	201.78	119.11	179.00	23.71	1	1	
3	119.11	179.00	146.60	84.09	98.81	0	
4	146.60	84.09	153.00	62.00	23.00	1	5	

15	6	86.452	6
1	100.00	245.00	80.38	210.77	39.45	2	1	15	
2	80.38	210.77	78.09	206.79	4.59	3	1	6	15	
3	78.09	206.79	77.62	205.96	0.96	2	6	15	
4	77.62	205.96	65.37	184.60	24.63	1	6	
5	65.37	184.60	59.01	173.51	12.78	2	4	6	
6	59.01	173.51	57.00	170.00	4.04	1	6	

15	7	76.694	5
1	100.00	245.00	75.02	224.25	32.47	2	1	15	
2	75.02	224.25	65.38	216.25	12.53	1	15	
3	65.38	216.25	65.38	216.25	0.00	0	
4	65.38	216.25	57.92	210.06	9.69	1	6	
5	57.92	210.06	41.00	196.00	22.00	2	6	7	

15	8	72.993	4
1	100.00	245.00	144.38	252.40	44.99	2	1	15	
2	144.38	252.40	144.39	252.40	0.01	3	1	8	15	
3	144.39	252.40	150.75	253.46	6.45	2	1	8	
4	150.75	253.46	172.00	257.00	21.54	1	8	

15	9	84.119	5
1	100.00	245.00	142.80	258.91	45.00	2	1	15	
2	142.80	258.91	143.91	259.27	1.17	1	1	
3	143.91	259.27	144.10	259.33	0.20	0	
4	144.10	259.33	172.39	268.53	29.75	1	8	
5	172.39	268.53	180.00	271.00	8.00	2	8	9	

15	10	194.466	4
1	100.00	245.00	141.42	227.41	45.00	2	1	15	
2	141.42	227.41	162.75	218.36	23.18	1	1	
3	162.75	218.36	245.86	183.07	90.29	0	
4	245.86	183.07	279.00	169.00	36.00	1	10	

15	11	51.196	4
1	100.00	245.00	96.52	260.82	16.20	2	1	15	
2	96.52	260.82	95.88	263.75	2.99	1	15	
3	95.88	263.75	90.33	288.95	25.80	2	11	15	
4	90.33	288.95	89.00	295.00	6.20	1	11	

15	12	123.976	4
1	100.00	245.00	125.05	207.61	45.00	2	1	15	
2	125.05	207.61	140.47	184.59	27.71	1	1	
3	140.47	184.59	160.09	155.29	35.27	0	
4	160.09	155.29	169.00	142.00	16.00	1	12	

15	13	188.605	4
1	100.00	245.00	137.22	219.71	45.00	2	1	15	
2	137.22	219.71	159.08	204.85	26.43	1	1	
3	159.08	204.85	250.21	142.93	110.17	0	
4	250.21	142.93	256.00	139.00	7.00	1	13	

15	14	99.810	6
1	100.00	245.00	76.51	234.41	25.77	2	1	15	
2	76.51	234.41	58.97	226.51	19.23	1	15	
3	58.97	226.51	40.03	217.98	20.78	0	
4	40.03	217.98	29.97	213.45	11.03	1	7	
5	29.97	213.45	25.18	211.29	5.25	2	7	14	
6	25.18	211.29	9.00	204.00	17.75	1	14	

15	15	0	0
