7	65	2	0.001	35.0
0.000	0.000	0.000	9.000	0.000
49.000	6.000	24.000	9.000	14.000
80.000	100.000	36.000	6.000	1.000
263.000	225.000	22.000	7.000	17.000
284.000	27.000	22.000	5.000	17.000
259.000	141.000	33.000	4.000	18.000
154.000	99.000	30.000	7.000	17.000

0	0	0	0

0	1	49.366	2
1	0.00	0.00	25.18	3.08	25.37	0	
2	25.18	3.08	49.00	6.00	24.00	1	1	

0	2	128.062	2
1	0.00	0.00	57.51	71.89	92.06	0	
2	57.51	71.89	80.00	100.00	36.00	1	2	

0	3	346.113	6
1	0.00	0.00	75.19	64.32	98.95	0	
2	75.19	64.32	115.99	99.23	53.70	1	2	
3	115.99	99.23	125.09	107.02	11.97	0	
4	125.09	107.02	150.55	128.80	33.51	1	6	
5	150.55	128.80	246.28	210.70	125.98	0	
6	246.28	210.70	263.00	225.00	22.00	1	3	

0	4	285.281	4
1	0.00	0.00	25.27	2.40	25.39	0	
2	25.27	2.40	72.98	6.94	47.93	1	1	
3	72.98	6.94	262.10	24.92	189.97	0	
4	262.10	24.92	284.00	27.00	22.00	1	4	

0	5	294.893	6
1	0.00	0.00	26.54	14.45	30.21	0	
2	26.54	14.45	54.10	29.45	31.38	1	1	
3	54.10	29.45	136.76	74.45	94.11	0	
4	136.76	74.45	183.98	100.16	53.76	1	6	
5	183.98	100.16	230.02	125.22	52.42	0	
6	230.02	125.22	259.00	141.00	33.00	1	5	

0	6	183.076	4
1	0.00	0.00	28.34	18.22	33.70	0	
2	28.34	18.22	46.46	29.86	21.53	1	1	
3	46.46	29.86	128.76	82.78	97.85	0	
4	128.76	82.78	154.00	99.00	30.00	1	6	

1	0	49.366	2
1	49.00	6.00	25.18	3.08	24.00	1	1	
2	25.18	3.08	0.00	0.00	25.37	0	

1	1	0	0

1	2	98.980	3
1	49.00	6.00	56.52	28.79	24.00	1	1	
2	56.52	28.79	68.72	65.81	38.98	0	
3	68.72	65.81	80.00	100.00	36.00	1	2	

1	3	306.198	5
1	49.00	6.00	65.77	23.17	24.00	1	1	
2	65.77	23.17	127.03	85.86	87.65	0	
3	127.03	85.86	166.52	126.26	56.50	1	6	
4	166.52	126.26	247.62	209.27	116.05	0	
5	247.62	209.27	263.00	225.00	22.00	1	3	

1	4	235.936	3
1	49.00	6.00	72.90	8.14	24.00	1	1	
2	72.90	8.14	262.09	25.04	189.94	0	
3	262.09	25.04	284.00	27.00	22.00	1	4	

1	5	249.650	5
1	49.00	6.00	69.19	18.98	24.00	1	1	
2	69.19	18.98	147.96	69.61	93.64	0	
3	147.96	69.61	183.24	92.30	41.95	1	6	
4	183.24	92.30	231.24	123.16	57.06	0	
5	231.24	123.16	259.00	141.00	33.00	1	5	

1	6	140.264	3
1	49.00	6.00	66.97	21.91	24.00	1	1	
2	66.97	21.91	131.54	79.11	86.26	0	
3	131.54	79.11	154.00	99.00	30.00	1	6	

2	0	128.062	2
1	80.00	100.00	57.51	71.89	36.00	1	2	
2	57.51	71.89	0.00	0.00	92.06	0	

2	1	98.980	3
1	80.00	100.00	68.72	65.81	36.00	1	2	
2	68.72	65.81	56.52	28.79	38.98	0	
3	56.52	28.79	49.00	6.00	24.00	1	1	

2	2	0	0

2	3	221.617	3
1	80.00	100.00	109.73	120.31	36.00	1	2	
2	109.73	120.31	244.83	212.59	163.62	0	
3	244.83	212.59	263.00	225.00	22.00	1	3	

2	4	216.668	5
1	80.00	100.00	113.90	87.87	36.00	1	2	
2	113.90	87.87	128.96	82.48	16.00	0	
3	128.96	82.48	162.88	70.34	36.02	1	6	
4	162.88	70.34	263.29	34.41	106.65	0	
5	263.29	34.41	284.00	27.00	22.00	1	4	

2	5	183.636	5
1	80.00	100.00	115.09	108.04	36.00	1	2	
2	115.09	108.04	126.34	110.61	11.54	0	
3	126.34	110.61	173.85	121.50	48.74	1	6	
4	173.85	121.50	226.83	133.63	54.36	0	
5	226.83	133.63	259.00	141.00	33.00	1	5	

2	6	74.007	3
1	80.00	100.00	116.00	99.51	36.00	1	2	
2	116.00	99.51	124.00	99.41	8.01	0	
3	124.00	99.41	154.00	99.00	30.00	1	6	

3	0	346.113	6
1	263.00	225.00	246.28	210.70	22.00	1	3	
2	246.28	210.70	150.55	128.80	125.98	0	
3	150.55	128.80	125.09	107.02	33.51	1	6	
4	125.09	107.02	115.99	99.23	11.97	0	
5	115.99	99.23	75.19	64.32	53.70	1	2	
6	75.19	64.32	0.00	0.00	98.95	0	

3	1	306.198	5
1	263.00	225.00	247.62	209.27	22.00	1	3	
2	247.62	209.27	166.52	126.26	116.05	0	
3	166.52	126.26	127.03	85.86	56.50	1	6	
4	127.03	85.86	65.77	23.17	87.65	0	
5	65.77	23.17	49.00	6.00	24.00	1	1	

3	2	221.617	3
1	263.00	225.00	244.83	212.59	22.00	1	3	
2	244.83	212.59	109.73	120.31	163.62	0	
3	109.73	120.31	80.00	100.00	36.00	1	2	

3	3	0	0

3	4	199.111	5
1	263.00	225.00	265.32	203.12	22.00	1	3	
2	265.32	203.12	268.56	172.59	30.71	0	
3	268.56	172.59	274.97	112.12	60.80	0	
4	274.97	112.12	281.68	48.88	63.60	0	
5	281.68	48.88	284.00	27.00	22.00	1	4	

3	5	84.095	3
1	263.00	225.00	261.95	203.03	22.00	1	3	
2	261.95	203.03	260.57	173.96	29.10	0	
3	260.57	173.96	259.00	141.00	33.00	1	5	

3	6	166.604	3
1	263.00	225.00	248.61	208.36	22.00	1	3	
2	248.61	208.36	173.63	121.69	114.60	0	
3	173.63	121.69	154.00	99.00	30.00	1	6	

4	0	285.281	4
1	284.00	27.00	262.10	24.92	22.00	1	4	
2	262.10	24.92	72.98	6.94	189.97	0	
3	72.98	6.94	25.27	2.40	47.93	1	1	
4	25.27	2.40	0.00	0.00	25.39	0	

4	1	235.936	3
1	284.00	27.00	262.09	25.04	22.00	1	4	
2	262.09	25.04	72.90	8.14	189.94	0	
3	72.90	8.14	49.00	6.00	24.00	1	1	

4	2	216.668	5
1	284.00	27.00	263.29	34.41	22.00	1	4	
2	263.29	34.41	162.88	70.34	106.65	0	
3	162.88	70.34	128.96	82.48	36.02	1	6	
4	128.96	82.48	113.90	87.87	16.00	0	
5	113.90	87.87	80.00	100.00	36.00	1	2	

4	3	199.111	5
1	284.00	27.00	281.68	48.88	22.00	1	4	
2	281.68	48.88	274.97	112.12	63.60	0	
3	274.97	112.12	268.56	172.59	60.80	0	
4	268.56	172.59	265.32	203.12	30.71	0	
5	265.32	203.12	263.00	225.00	22.00	1	3	

4	4	0	0

4	5	116.709	3
1	284.00	27.00	279.29	48.49	22.00	1	4	
2	279.29	48.49	266.07	108.77	61.71	0	
3	266.07	108.77	259.00	141.00	33.00	0	

4	6	148.607	3
1	284.00	27.00	264.75	37.66	22.00	1	4	
2	264.75	37.66	180.24	84.47	96.61	0	
3	180.24	84.47	154.00	99.00	30.00	1	6	

5	0	294.893	6
1	259.00	141.00	230.02	125.22	33.00	1	5	
2	230.02	125.22	183.98	100.16	52.42	0	
3	183.98	100.16	136.76	74.45	53.76	1	6	
4	136.76	74.45	54.10	29.45	94.11	0	
5	54.10	29.45	26.54	14.45	31.38	1	1	
6	26.54	14.45	0.00	0.00	30.21	0	

5	1	249.650	5
1	259.00	141.00	231.24	123.16	33.00	1	5	
2	231.24	123.16	183.24	92.30	57.06	0	
3	183.24	92.30	147.96	69.61	41.95	1	6	
4	147.96	69.61	69.19	18.98	93.64	0	
5	69.19	18.98	49.00	6.00	24.00	1	1	

5	2	183.636	5
1	259.00	141.00	226.83	133.63	33.00	1	5	
2	226.83	133.63	173.85	121.50	54.36	0	
3	173.85	121.50	126.34	110.61	48.74	1	6	
4	126.34	110.61	115.09	108.04	11.54	0	
5	115.09	108.04	80.00	100.00	36.00	1	2	

5	3	84.095	3
1	259.00	141.00	260.57	173.96	33.00	1	5	
2	260.57	173.96	261.95	203.03	29.10	0	
3	261.95	203.03	263.00	225.00	22.00	1	3	

5	4	116.709	3
1	259.00	141.00	266.07	108.77	33.00	0	
2	266.07	108.77	279.29	48.49	61.71	0	
3	279.29	48.49	284.00	27.00	22.00	1	4	

5	5	0	0

5	6	113.088	3
1	259.00	141.00	228.36	128.74	33.00	1	5	
2	228.36	128.74	181.85	110.14	50.09	0	
3	181.85	110.14	154.00	99.00	30.00	1	6	

6	0	183.076	4
1	154.00	99.00	128.76	82.78	30.00	1	6	
2	128.76	82.78	46.46	29.86	97.85	0	
3	46.46	29.86	28.34	18.22	21.53	1	1	
4	28.34	18.22	0.00	0.00	33.70	0	

6	1	140.264	3
1	154.00	99.00	131.54	79.11	30.00	1	6	
2	131.54	79.11	66.97	21.91	86.26	0	
3	66.97	21.91	49.00	6.00	24.00	1	1	

6	2	74.007	3
1	154.00	99.00	124.00	99.41	30.00	1	6	
2	124.00	99.41	116.00	99.51	8.01	0	
3	116.00	99.51	80.00	100.00	36.00	1	2	

6	3	166.604	3
1	154.00	99.00	173.63	121.69	30.00	1	6	
2	173.63	121.69	248.61	208.36	114.60	0	
3	248.61	208.36	263.00	225.00	22.00	1	3	

6	4	148.607	3
1	154.00	99.00	180.24	84.47	30.00	1	6	
2	180.24	84.47	264.75	37.66	96.61	0	
3	264.75	37.66	284.00	27.00	22.00	1	4	

6	5	113.088	3
1	154.00	99.00	181.85	110.14	30.00	1	6	
2	181.85	110.14	228.36	128.74	50.09	0	
3	228.36	128.74	259.00	141.00	33.00	1	5	

6	6	0	0
