7	55	2	0.001	100.0
0.000	0.000	0.000	10.000	0.000
203.000	44.000	50.000	4.000	8.000
294.000	173.000	4.000	6.000	11.000
27.000	181.000	44.000	5.000	16.000
73.000	59.000	45.000	10.000	5.000
283.000	247.000	44.000	7.000	6.000
269.000	117.000	23.000	6.000	12.000

0	0	0	0

0	1	207.714	4
1	0.00	0.00	66.66	14.45	68.21	0	
2	66.66	14.45	97.22	21.07	31.26	1	4	
3	97.22	21.07	154.13	33.41	58.24	0	
4	154.13	33.41	203.00	44.00	50.00	1	1	

0	2	341.123	4
1	0.00	0.00	43.11	25.36	50.01	0	
2	43.11	25.36	116.92	68.80	85.65	1	4	
3	116.92	68.80	290.55	170.97	201.46	0	
4	290.55	170.97	294.00	173.00	4.00	1	2	

0	3	183.003	2
1	0.00	0.00	20.51	137.48	139.00	0	
2	20.51	137.48	27.00	181.00	44.00	1	3	

0	4	93.862	2
1	0.00	0.00	38.00	30.71	48.86	0	
2	38.00	30.71	73.00	59.00	45.00	1	4	

0	5	375.630	4
1	0.00	0.00	36.87	32.18	48.93	0	
2	36.87	32.18	104.46	91.17	89.72	1	4	
3	104.46	91.17	249.85	218.07	192.98	0	
4	249.85	218.07	283.00	247.00	44.00	1	5	

0	6	293.343	6
1	0.00	0.00	48.65	21.16	53.05	0	
2	48.65	21.16	117.29	51.01	74.85	1	4	
3	117.29	51.01	160.06	69.62	46.65	0	
4	160.06	69.62	213.54	92.88	58.32	1	1	
5	213.54	92.88	247.91	107.83	37.48	0	
6	247.91	107.83	269.00	117.00	23.00	1	6	

1	0	207.714	4
1	203.00	44.00	154.13	33.41	50.00	1	1	
2	154.13	33.41	97.22	21.07	58.24	0	
3	97.22	21.07	66.66	14.45	31.26	1	4	
4	66.66	14.45	0.00	0.00	68.21	0	

1	1	0	0

1	2	157.867	5
1	203.00	44.00	231.82	84.86	50.00	1	1	
2	231.82	84.86	247.95	107.72	27.98	0	
3	247.95	107.72	270.68	139.94	39.42	1	6	
4	270.68	139.94	291.69	169.73	36.46	0	
5	291.69	169.73	294.00	173.00	4.00	1	2	

1	3	223.036	3
1	203.00	44.00	163.54	74.71	50.00	1	1	
2	163.54	74.71	61.72	153.97	129.04	0	
3	61.72	153.97	27.00	181.00	44.00	1	3	

1	4	130.863	3
1	203.00	44.00	153.33	49.73	50.00	1	1	
2	153.33	49.73	117.70	53.84	35.86	0	
3	117.70	53.84	73.00	59.00	45.00	1	4	

1	5	218.195	3
1	203.00	44.00	221.33	90.52	50.00	1	1	
2	221.33	90.52	266.87	206.06	124.19	0	
3	266.87	206.06	283.00	247.00	44.00	0	

1	6	98.412	3
1	203.00	44.00	236.53	81.09	50.00	1	1	
2	236.53	81.09	253.58	99.94	25.41	0	
3	253.58	99.94	269.00	117.00	23.00	1	6	

2	0	341.123	4
1	294.00	173.00	290.55	170.97	4.00	1	2	
2	290.55	170.97	116.92	68.80	201.46	0	
3	116.92	68.80	43.11	25.36	85.65	1	4	
4	43.11	25.36	0.00	0.00	50.01	0	

2	1	157.867	5
1	294.00	173.00	291.69	169.73	4.00	1	2	
2	291.69	169.73	270.68	139.94	36.46	0	
3	270.68	139.94	247.95	107.72	39.42	1	6	
4	247.95	107.72	231.82	84.86	27.98	0	
5	231.82	84.86	203.00	44.00	50.00	1	1	

2	2	0	0

2	3	267.120	3
1	294.00	173.00	290.00	173.12	4.00	1	2	
2	290.00	173.12	70.98	179.68	219.12	0	
3	70.98	179.68	27.00	181.00	44.00	1	3	

2	4	248.670	3
1	294.00	173.00	290.45	171.17	4.00	1	2	
2	290.45	171.17	112.99	79.63	199.67	0	
3	112.99	79.63	73.00	59.00	45.00	1	4	

2	5	74.813	3
1	294.00	173.00	293.41	176.96	4.00	1	2	
2	293.41	176.96	289.47	203.48	26.81	0	
3	289.47	203.48	283.00	247.00	44.00	0	

2	6	61.327	3
1	294.00	173.00	292.37	169.35	4.00	1	2	
2	292.37	169.35	278.38	138.00	34.33	0	
3	278.38	138.00	269.00	117.00	23.00	1	6	

3	0	183.003	2
1	27.00	181.00	20.51	137.48	44.00	1	3	
2	20.51	137.48	0.00	0.00	139.00	0	

3	1	223.036	3
1	27.00	181.00	61.72	153.97	44.00	1	3	
2	61.72	153.97	163.54	74.71	129.04	0	
3	163.54	74.71	203.00	44.00	50.00	1	1	

3	2	267.120	3
1	27.00	181.00	70.98	179.68	44.00	1	3	
2	70.98	179.68	290.00	173.12	219.12	0	
3	290.00	173.12	294.00	173.00	4.00	1	2	

3	3	0	0

3	4	130.384	3
1	27.00	181.00	42.52	139.83	44.00	0	
2	42.52	139.83	57.12	101.11	41.38	0	
3	57.12	101.11	73.00	59.00	45.00	1	4	

3	5	264.371	3
1	27.00	181.00	69.61	191.98	44.00	1	3	
2	69.61	191.98	240.39	236.02	176.37	0	
3	240.39	236.02	283.00	247.00	44.00	1	5	

3	6	250.320	3
1	27.00	181.00	69.54	169.75	44.00	1	3	
2	69.54	169.75	246.76	122.88	183.32	0	
3	246.76	122.88	269.00	117.00	23.00	1	6	

4	0	93.862	2
1	73.00	59.00	38.00	30.71	45.00	1	4	
2	38.00	30.71	0.00	0.00	48.86	0	

4	1	130.863	3
1	73.00	59.00	117.70	53.84	45.00	1	4	
2	117.70	53.84	153.33	49.73	35.86	0	
3	153.33	49.73	203.00	44.00	50.00	1	1	

4	2	248.670	3
1	73.00	59.00	112.99	79.63	45.00	1	4	
2	112.99	79.63	290.45	171.17	199.67	0	
3	290.45	171.17	294.00	173.00	4.00	1	2	

4	3	130.384	3
1	73.00	59.00	57.12	101.11	45.00	1	4	
2	57.12	101.11	42.52	139.83	41.38	0	
3	42.52	139.83	27.00	181.00	44.00	0	

4	4	0	0

4	5	281.858	3
1	73.00	59.00	106.53	89.02	45.00	1	4	
2	106.53	89.02	250.22	217.65	192.86	0	
3	250.22	217.65	283.00	247.00	44.00	1	5	

4	6	204.402	3
1	73.00	59.00	116.15	71.77	45.00	1	4	
2	116.15	71.77	246.95	110.47	136.40	0	
3	246.95	110.47	269.00	117.00	23.00	1	6	

5	0	375.630	4
1	283.00	247.00	249.85	218.07	44.00	1	5	
2	249.85	218.07	104.46	91.17	192.98	0	
3	104.46	91.17	36.87	32.18	89.72	1	4	
4	36.87	32.18	0.00	0.00	48.93	0	

5	1	218.195	3
1	283.00	247.00	266.87	206.06	44.00	0	
2	266.87	206.06	221.33	90.52	124.19	0	
3	221.33	90.52	203.00	44.00	50.00	1	1	

5	2	74.813	3
1	283.00	247.00	289.47	203.48	44.00	0	
2	289.47	203.48	293.41	176.96	26.81	0	
3	293.41	176.96	294.00	173.00	4.00	1	2	

5	3	264.371	3
1	283.00	247.00	240.39	236.02	44.00	1	5	
2	240.39	236.02	69.61	191.98	176.37	0	
3	69.61	191.98	27.00	181.00	44.00	1	3	

5	4	281.858	3
1	283.00	247.00	250.22	217.65	44.00	1	5	
2	250.22	217.65	106.53	89.02	192.86	0	
3	106.53	89.02	73.00	59.00	45.00	1	4	

5	5	0	0

5	6	130.752	3
1	283.00	247.00	278.29	203.25	44.00	1	5	
2	278.29	203.25	271.46	139.87	63.75	0	
3	271.46	139.87	269.00	117.00	23.00	1	6	

6	0	293.343	6
1	269.00	117.00	247.91	107.83	23.00	1	6	
2	247.91	107.83	213.54	92.88	37.48	0	
3	213.54	92.88	160.06	69.62	58.32	1	1	
4	160.06	69.62	117.29	51.01	46.65	0	
5	117.29	51.01	48.65	21.16	74.85	1	4	
6	48.65	21.16	0.00	0.00	53.05	0	

6	1	98.412	3
1	269.00	117.00	253.58	99.94	23.00	1	6	
2	253.58	99.94	236.53	81.09	25.41	0	
3	236.53	81.09	203.00	44.00	50.00	1	1	

6	2	61.327	3
1	269.00	117.00	278.38	138.00	23.00	1	6	
2	278.38	138.00	292.37	169.35	34.33	0	
3	292.37	169.35	294.00	173.00	4.00	1	2	

6	3	250.320	3
1	269.00	117.00	246.76	122.88	23.00	1	6	
2	246.76	122.88	69.54	169.75	183.32	0	
3	69.54	169.75	27.00	181.00	44.00	1	3	

6	4	204.402	3
1	269.00	117.00	246.95	110.47	23.00	1	6	
2	246.95	110.47	116.15	71.77	136.40	0	
3	116.15	71.77	73.00	59.00	45.00	1	4	

6	5	130.752	3
1	269.00	117.00	271.46	139.87	23.00	1	6	
2	271.46	139.87	278.29	203.25	63.75	0	
3	278.29	203.25	283.00	247.00	44.00	1	5	

6	6	0	0
