7	59	2	0.001	30.0
0.000	0.000	0.000	4.000	0.000
154.000	141.000	24.000	8.000	18.000
81.000	148.000	16.000	10.000	9.000
2.000	200.000	22.000	3.000	16.000
153.000	274.000	28.000	7.000	16.000
167.000	138.000	3.000	1.000	5.000
96.000	107.000	50.000	3.000	15.000

0	0	0	0

0	1	208.799	4
1	0.00	0.00	70.13	64.21	95.09	0	
2	70.13	64.21	136.30	124.79	89.71	1	6	
3	136.30	124.79	140.90	129.00	6.24	2	1	6	
4	140.90	129.00	154.00	141.00	17.76	1	1	

0	2	168.716	3
1	0.00	0.00	49.09	89.70	102.25	0	
2	49.09	89.70	73.32	133.96	50.47	1	6	
3	73.32	133.96	81.00	148.00	16.00	2	2	6	

0	3	200.010	2
1	0.00	0.00	1.78	178.00	178.01	0	
2	1.78	178.00	2.00	200.00	22.00	0	

0	4	313.823	6
1	0.00	0.00	49.49	88.64	101.52	0	
2	49.49	88.64	74.48	133.39	51.25	1	6	
3	74.48	133.39	87.24	156.23	26.16	2	2	6	
4	87.24	156.23	90.02	161.21	5.71	1	2	
5	90.02	161.21	139.35	249.55	101.18	0	
6	139.35	249.55	153.00	274.00	28.00	1	4	

0	5	216.640	5
1	0.00	0.00	74.73	61.75	96.94	0	
2	74.73	61.75	144.15	119.12	90.05	1	6	
3	144.15	119.12	144.45	119.36	0.39	2	1	6	
4	144.45	119.36	164.69	136.09	26.26	1	1	
5	164.69	136.09	167.00	138.00	3.00	2	1	5	

0	6	143.753	2
1	0.00	0.00	62.61	69.78	93.75	0	
2	62.61	69.78	96.00	107.00	50.00	1	6	

1	0	208.799	4
1	154.00	141.00	140.90	129.00	17.76	1	1	
2	140.90	129.00	136.30	124.79	6.24	2	1	6	
3	136.30	124.79	70.13	64.21	89.71	1	6	
4	70.13	64.21	0.00	0.00	95.09	0	

1	1	0	0

1	2	73.335	4
1	154.00	141.00	130.43	143.26	23.68	1	1	
2	130.43	143.26	130.11	143.29	0.32	2	1	6	
3	130.11	143.29	96.93	146.47	33.33	1	6	
4	96.93	146.47	81.00	148.00	16.00	2	2	6	

1	3	163.049	3
1	154.00	141.00	131.63	149.68	24.00	1	1	
2	131.63	149.68	22.51	192.04	117.05	0	
3	22.51	192.04	2.00	200.00	22.00	1	3	

1	4	133.004	3
1	154.00	141.00	153.82	164.99	23.99	1	1	
2	153.82	164.99	153.21	246.00	81.01	0	
3	153.21	246.00	153.00	274.00	28.00	1	4	

1	5	13.342	2
1	154.00	141.00	164.08	138.67	10.34	1	1	
2	164.08	138.67	167.00	138.00	3.00	2	1	5	

1	6	67.231	3
1	154.00	141.00	139.13	132.29	17.23	1	1	
2	139.13	132.29	133.30	128.86	6.77	2	1	6	
3	133.30	128.86	96.00	107.00	43.23	1	6	

2	0	168.716	3
1	81.00	148.00	73.32	133.96	16.00	2	2	6	
2	73.32	133.96	49.09	89.70	50.47	1	6	
3	49.09	89.70	0.00	0.00	102.25	0	

2	1	73.335	4
1	81.00	148.00	96.93	146.47	16.00	2	2	6	
2	96.93	146.47	130.11	143.29	33.33	1	6	
3	130.11	143.29	130.43	143.26	0.32	2	1	6	
4	130.43	143.26	154.00	141.00	23.68	1	1	

2	2	0	0

2	3	94.578	4
1	81.00	148.00	74.62	152.20	7.64	2	2	6	
2	74.62	152.20	67.64	156.80	8.36	1	2	
3	67.64	156.80	20.38	187.90	56.58	0	
4	20.38	187.90	2.00	200.00	22.00	1	3	

2	4	145.121	4
1	81.00	148.00	85.51	155.89	9.08	2	2	6	
2	85.51	155.89	88.94	161.89	6.92	1	2	
3	88.94	161.89	139.11	249.69	101.12	0	
4	139.11	249.69	153.00	274.00	28.00	1	4	

2	5	86.579	5
1	81.00	148.00	96.89	146.15	16.00	2	2	6	
2	96.89	146.15	130.04	142.30	33.37	1	6	
3	130.04	142.30	131.59	142.12	1.57	2	1	6	
4	131.59	142.12	164.02	138.35	32.65	1	1	
5	164.02	138.35	167.00	138.00	3.00	2	1	5	

2	6	43.658	2
1	81.00	148.00	86.50	132.97	16.00	2	2	6	
2	86.50	132.97	96.00	107.00	27.66	1	6	

3	0	200.010	2
1	2.00	200.00	1.78	178.00	22.00	0	
2	1.78	178.00	0.00	0.00	178.01	0	

3	1	163.049	3
1	2.00	200.00	22.51	192.04	22.00	1	3	
2	22.51	192.04	131.63	149.68	117.05	0	
3	131.63	149.68	154.00	141.00	24.00	1	1	

3	2	94.578	4
1	2.00	200.00	20.38	187.90	22.00	1	3	
2	20.38	187.90	67.64	156.80	56.58	0	
3	67.64	156.80	74.62	152.20	8.36	1	2	
4	74.62	152.20	81.00	148.00	7.64	2	2	6	

3	3	0	0

3	4	168.158	3
1	2.00	200.00	21.76	209.68	22.00	1	3	
2	21.76	209.68	127.86	261.68	118.16	0	
3	127.86	261.68	153.00	274.00	28.00	1	4	

3	5	176.264	4
1	2.00	200.00	22.59	192.26	22.00	1	3	
2	22.59	192.26	132.22	151.07	117.10	0	
3	132.22	151.07	164.19	139.06	34.16	1	1	
4	164.19	139.06	167.00	138.00	3.00	2	1	5	

3	6	132.231	3
1	2.00	200.00	17.64	184.53	22.00	1	3	
2	17.64	184.53	60.46	142.17	60.23	0	
3	60.46	142.17	96.00	107.00	50.00	1	6	

4	0	313.823	6
1	153.00	274.00	139.35	249.55	28.00	1	4	
2	139.35	249.55	90.02	161.21	101.18	0	
3	90.02	161.21	87.24	156.23	5.71	1	2	
4	87.24	156.23	74.48	133.39	26.16	2	2	6	
5	74.48	133.39	49.49	88.64	51.25	1	6	
6	49.49	88.64	0.00	0.00	101.52	0	

4	1	133.004	3
1	153.00	274.00	153.21	246.00	28.00	1	4	
2	153.21	246.00	153.82	164.99	81.01	0	
3	153.82	164.99	154.00	141.00	23.99	1	1	

4	2	145.121	4
1	153.00	274.00	139.11	249.69	28.00	1	4	
2	139.11	249.69	88.94	161.89	101.12	0	
3	88.94	161.89	85.51	155.89	6.92	1	2	
4	85.51	155.89	81.00	148.00	9.08	2	2	6	

4	3	168.158	3
1	153.00	274.00	127.86	261.68	28.00	1	4	
2	127.86	261.68	21.76	209.68	118.16	0	
3	21.76	209.68	2.00	200.00	22.00	1	3	

4	4	0	0

4	5	136.719	4
1	153.00	274.00	155.87	246.15	28.00	1	4	
2	155.87	246.15	164.47	162.60	83.99	0	
3	164.47	162.60	166.69	140.98	21.73	1	1	
4	166.69	140.98	167.00	138.00	3.00	2	1	5	

4	6	176.460	3
1	153.00	274.00	143.96	247.50	28.00	1	4	
2	143.96	247.50	112.15	154.32	98.46	0	
3	112.15	154.32	96.00	107.00	50.00	1	6	

5	0	216.640	5
1	167.00	138.00	164.69	136.09	3.00	2	1	5	
2	164.69	136.09	144.45	119.36	26.26	1	1	
3	144.45	119.36	144.15	119.12	0.39	2	1	6	
4	144.15	119.12	74.73	61.75	90.05	1	6	
5	74.73	61.75	0.00	0.00	96.94	0	

5	1	13.342	2
1	167.00	138.00	164.08	138.67	3.00	2	1	5	
2	164.08	138.67	154.00	141.00	10.34	1	1	

5	2	86.579	5
1	167.00	138.00	164.02	138.35	3.00	2	1	5	
2	164.02	138.35	131.59	142.12	32.65	1	1	
3	131.59	142.12	130.04	142.30	1.57	2	1	6	
4	130.04	142.30	96.89	146.15	33.37	1	6	
5	96.89	146.15	81.00	148.00	16.00	2	2	6	

5	3	176.264	4
1	167.00	138.00	164.19	139.06	3.00	2	1	5	
2	164.19	139.06	132.22	151.07	34.16	1	1	
3	132.22	151.07	22.59	192.26	117.10	0	
4	22.59	192.26	2.00	200.00	22.00	1	3	

5	4	136.719	4
1	167.00	138.00	166.69	140.98	3.00	2	1	5	
2	166.69	140.98	164.47	162.60	21.73	1	1	
3	164.47	162.60	155.87	246.15	83.99	0	
4	155.87	246.15	153.00	274.00	28.00	1	4	

5	5	0	0

5	6	77.473	4
1	167.00	138.00	164.25	136.80	3.00	2	1	5	
2	164.25	136.80	141.82	127.01	24.47	1	1	
3	141.82	127.01	136.43	124.65	5.89	2	1	6	
4	136.43	124.65	96.00	107.00	44.11	1	6	

6	0	143.753	2
1	96.00	107.00	62.61	69.78	50.00	1	6	
2	62.61	69.78	0.00	0.00	93.75	0	

6	1	67.231	3
1	96.00	107.00	133.30	128.86	43.23	1	6	
2	133.30	128.86	139.13	132.29	6.77	2	1	6	
3	139.13	132.29	154.00	141.00	17.23	1	1	

6	2	43.658	2
1	96.00	107.00	86.50	132.97	27.66	1	6	
2	86.50	132.97	81.00	148.00	16.00	2	2	6	

6	3	132.231	3
1	96.00	107.00	60.46	142.17	50.00	1	6	
2	60.46	142.17	17.64	184.53	60.23	0	
3	17.64	184.53	2.00	200.00	22.00	1	3	

6	4	176.460	3
1	96.00	107.00	112.15	154.32	50.00	1	6	
2	112.15	154.32	143.96	247.50	98.46	0	
3	143.96	247.50	153.00	274.00	28.00	1	4	

6	5	77.473	4
1	96.00	107.00	136.43	124.65	44.11	1	6	
2	136.43	124.65	141.82	127.01	5.89	2	1	6	
3	141.82	127.01	164.25	136.80	24.47	1	1	
4	164.25	136.80	167.00	138.00	3.00	2	1	5	

6	6	0	0
