7	63	2	0.001	70.0
0.000	0.000	0.000	1.000	0.000
225.000	62.000	21.000	5.000	3.000
138.000	218.000	22.000	10.000	19.000
256.000	283.000	1.000	6.000	1.000
170.000	45.000	36.000	1.000	14.000
65.000	232.000	3.000	6.000	8.000
187.000	87.000	45.000	9.000	10.000

0	0	0	0

0	1	233.386	6
1	0.00	0.00	134.86	37.16	139.89	0	
2	134.86	37.16	167.88	46.26	34.25	1	4	
3	167.88	46.26	204.19	56.27	37.66	2	4	6	
4	204.19	56.27	204.75	56.42	0.58	1	6	
5	204.75	56.42	224.28	61.80	20.26	2	1	6	
6	224.28	61.80	225.00	62.00	0.74	1	1	

0	2	258.008	2
1	0.00	0.00	126.23	199.41	236.01	0	
2	126.23	199.41	138.00	218.00	22.00	1	2	

0	3	381.608	2
1	0.00	0.00	255.33	282.26	380.61	0	
2	255.33	282.26	256.00	283.00	1.00	1	3	

0	4	175.855	2
1	0.00	0.00	135.20	35.79	139.86	0	
2	135.20	35.79	170.00	45.00	36.00	1	4	

0	5	240.934	2
1	0.00	0.00	64.19	229.11	237.93	0	
2	64.19	229.11	65.00	232.00	3.00	1	5	

0	6	206.247	4
1	0.00	0.00	140.23	65.24	154.66	0	
2	140.23	65.24	146.20	68.02	6.59	1	4	
3	146.20	68.02	173.69	80.81	30.33	2	4	6	
4	173.69	80.81	187.00	87.00	14.67	1	6	

1	0	233.386	6
1	225.00	62.00	224.28	61.80	0.74	1	1	
2	224.28	61.80	204.75	56.42	20.26	2	1	6	
3	204.75	56.42	204.19	56.27	0.58	1	6	
4	204.19	56.27	167.88	46.26	37.66	2	4	6	
5	167.88	46.26	134.86	37.16	34.25	1	4	
6	134.86	37.16	0.00	0.00	139.89	0	

1	1	0	0

1	2	178.620	5
1	225.00	62.00	224.73	62.48	0.55	1	1	
2	224.73	62.48	214.77	80.34	20.45	2	1	6	
3	214.77	80.34	185.97	131.99	59.14	1	6	
4	185.97	131.99	148.72	198.79	76.48	0	
5	148.72	198.79	138.00	218.00	22.00	1	2	

1	3	223.164	5
1	225.00	62.00	225.16	63.15	1.16	1	1	
2	225.16	63.15	227.92	82.80	19.84	2	1	6	
3	227.92	82.80	230.25	99.43	16.79	1	6	
4	230.25	99.43	255.86	282.01	184.37	0	
5	255.86	282.01	256.00	283.00	1.00	1	3	

1	4	57.567	5
1	225.00	62.00	224.26	61.77	0.77	1	1	
2	224.26	61.77	204.94	55.80	20.23	2	1	6	
3	204.94	55.80	204.39	55.63	0.57	1	6	
4	204.39	55.63	170.47	45.15	35.51	2	4	6	
5	170.47	45.15	170.00	45.00	0.49	1	4	

1	5	233.452	5
1	225.00	62.00	224.66	62.36	0.50	1	1	
2	224.66	62.36	210.61	77.29	20.50	2	1	6	
3	210.61	77.29	164.69	126.08	67.00	1	6	
4	164.69	126.08	67.06	229.82	142.45	0	
5	67.06	229.82	65.00	232.00	3.00	1	5	

1	6	45.486	3
1	225.00	62.00	224.59	62.27	0.49	1	1	
2	224.59	62.27	207.46	73.54	20.51	2	1	6	
3	207.46	73.54	187.00	87.00	24.49	1	6	

2	0	258.008	2
1	138.00	218.00	126.23	199.41	22.00	1	2	
2	126.23	199.41	0.00	0.00	236.01	0	

2	1	178.620	5
1	138.00	218.00	148.72	198.79	22.00	1	2	
2	148.72	198.79	185.97	131.99	76.48	0	
3	185.97	131.99	214.77	80.34	59.14	1	6	
4	214.77	80.34	224.73	62.48	20.45	2	1	6	
5	224.73	62.48	225.00	62.00	0.55	1	1	

2	2	0	0

2	3	134.718	3
1	138.00	218.00	157.27	228.61	22.00	1	2	
2	157.27	228.61	255.12	282.52	111.72	0	
3	255.12	282.52	256.00	283.00	1.00	1	3	

2	4	175.935	5
1	138.00	218.00	142.00	196.37	22.00	1	2	
2	142.00	196.37	156.17	119.78	77.89	0	
3	156.17	119.78	163.45	80.40	40.05	0	
4	163.45	80.40	169.93	45.36	35.63	2	4	6	
5	169.93	45.36	170.00	45.00	0.37	1	4	

2	5	74.330	3
1	138.00	218.00	116.39	222.14	22.00	1	2	
2	116.39	222.14	67.95	231.44	49.33	0	
3	67.95	231.44	65.00	232.00	3.00	1	5	

2	6	139.864	3
1	138.00	218.00	145.71	197.39	22.00	1	2	
2	145.71	197.39	171.23	129.15	72.86	0	
3	171.23	129.15	187.00	87.00	45.00	1	6	

3	0	381.608	2
1	256.00	283.00	255.33	282.26	1.00	1	3	
2	255.33	282.26	0.00	0.00	380.61	0	

3	1	223.164	5
1	256.00	283.00	255.86	282.01	1.00	1	3	
2	255.86	282.01	230.25	99.43	184.37	0	
3	230.25	99.43	227.92	82.80	16.79	1	6	
4	227.92	82.80	225.16	63.15	19.84	2	1	6	
5	225.16	63.15	225.00	62.00	1.16	1	1	

3	2	134.718	3
1	256.00	283.00	255.12	282.52	1.00	1	3	
2	255.12	282.52	157.27	228.61	111.72	0	
3	157.27	228.61	138.00	218.00	22.00	1	2	

3	3	0	0

3	4	253.061	5
1	256.00	283.00	255.66	282.06	1.00	1	3	
2	255.66	282.06	200.67	129.87	161.82	0	
3	200.67	129.87	182.23	78.86	54.24	1	6	
4	182.23	78.86	170.11	45.29	35.69	2	4	6	
5	170.11	45.29	170.00	45.00	0.31	1	4	

3	5	197.692	3
1	256.00	283.00	255.03	282.74	1.00	1	3	
2	255.03	282.74	67.90	232.77	193.69	0	
3	67.90	232.77	65.00	232.00	3.00	1	5	

3	6	207.791	3
1	256.00	283.00	255.67	282.06	1.00	1	3	
2	255.67	282.06	201.94	129.45	161.79	0	
3	201.94	129.45	187.00	87.00	45.00	1	6	

4	0	175.855	2
1	170.00	45.00	135.20	35.79	36.00	1	4	
2	135.20	35.79	0.00	0.00	139.86	0	

4	1	57.567	5
1	170.00	45.00	170.47	45.15	0.49	1	4	
2	170.47	45.15	204.39	55.63	35.51	2	4	6	
3	204.39	55.63	204.94	55.80	0.57	1	6	
4	204.94	55.80	224.26	61.77	20.23	2	1	6	
5	224.26	61.77	225.00	62.00	0.77	1	1	

4	2	175.935	5
1	170.00	45.00	169.93	45.36	0.37	1	4	
2	169.93	45.36	163.45	80.40	35.63	2	4	6	
3	163.45	80.40	156.17	119.78	40.05	0	
4	156.17	119.78	142.00	196.37	77.89	0	
5	142.00	196.37	138.00	218.00	22.00	1	2	

4	3	253.061	5
1	170.00	45.00	170.11	45.29	0.31	1	4	
2	170.11	45.29	182.23	78.86	35.69	2	4	6	
3	182.23	78.86	200.67	129.87	54.24	1	6	
4	200.67	129.87	255.66	282.06	161.82	0	
5	255.66	282.06	256.00	283.00	1.00	1	3	

4	4	0	0

4	5	214.462	5
1	170.00	45.00	169.76	45.44	0.50	1	4	
2	169.76	45.44	152.37	76.39	35.50	2	4	6	
3	152.37	76.39	142.53	93.91	20.10	1	6	
4	142.53	93.91	66.47	229.38	155.36	0	
5	66.47	229.38	65.00	232.00	3.00	1	5	

4	6	45.310	3
1	170.00	45.00	170.12	45.29	0.31	1	4	
2	170.12	45.29	183.51	78.37	35.69	2	4	6	
3	183.51	78.37	187.00	87.00	9.31	1	6	

5	0	240.934	2
1	65.00	232.00	64.19	229.11	3.00	1	5	
2	64.19	229.11	0.00	0.00	237.93	0	

5	1	233.452	5
1	65.00	232.00	67.06	229.82	3.00	1	5	
2	67.06	229.82	164.69	126.08	142.45	0	
3	164.69	126.08	210.61	77.29	67.00	1	6	
4	210.61	77.29	224.66	62.36	20.50	2	1	6	
5	224.66	62.36	225.00	62.00	0.50	1	1	

5	2	74.330	3
1	65.00	232.00	67.95	231.44	3.00	1	5	
2	67.95	231.44	116.39	222.14	49.33	0	
3	116.39	222.14	138.00	218.00	22.00	1	2	

5	3	197.692	3
1	65.00	232.00	67.90	232.77	3.00	1	5	
2	67.90	232.77	255.03	282.74	193.69	0	
3	255.03	282.74	256.00	283.00	1.00	1	3	

5	4	214.462	5
1	65.00	232.00	66.47	229.38	3.00	1	5	
2	66.47	229.38	142.53	93.91	155.36	0	
3	142.53	93.91	152.37	76.39	20.10	1	6	
4	152.37	76.39	169.76	45.44	35.50	2	4	6	
5	169.76	45.44	170.00	45.00	0.50	1	4	

5	5	0	0

5	6	189.497	3
1	65.00	232.00	66.93	229.70	3.00	1	5	
2	66.93	229.70	158.03	121.43	141.50	0	
3	158.03	121.43	187.00	87.00	45.00	1	6	

6	0	206.247	4
1	187.00	87.00	173.69	80.81	14.67	1	6	
2	173.69	80.81	146.20	68.02	30.33	2	4	6	
3	146.20	68.02	140.23	65.24	6.59	1	4	
4	140.23	65.24	0.00	0.00	154.66	0	

6	1	45.486	3
1	187.00	87.00	207.46	73.54	24.49	1	6	
2	207.46	73.54	224.59	62.27	20.51	2	1	6	
3	224.59	62.27	225.00	62.00	0.49	1	1	

6	2	139.864	3
1	187.00	87.00	171.23	129.15	45.00	1	6	
2	171.23	129.15	145.71	197.39	72.86	0	
3	145.71	197.39	138.00	218.00	22.00	1	2	

6	3	207.791	3
1	187.00	87.00	201.94	129.45	45.00	1	6	
2	201.94	129.45	255.67	282.06	161.79	0	
3	255.67	282.06	256.00	283.00	1.00	1	3	

6	4	45.310	3
1	187.00	87.00	183.51	78.37	9.31	1	6	
2	183.51	78.37	170.12	45.29	35.69	2	4	6	
3	170.12	45.29	170.00	45.00	0.31	1	4	

6	5	189.497	3
1	187.00	87.00	158.03	121.43	45.00	1	6	
2	158.03	121.43	66.93	229.70	141.50	0	
3	66.93	229.70	65.00	232.00	3.00	1	5	

6	6	0	0
