7	57	2	0.001	20.0
0.000	0.000	0.000	2.000	0.000
61.000	249.000	27.000	4.000	19.000
25.000	20.000	45.000	2.000	12.000
232.000	284.000	6.000	5.000	11.000
268.000	111.000	4.000	7.000	16.000
173.000	78.000	28.000	5.000	18.000
186.000	110.000	7.000	10.000	19.000

0	0	0	0

0	1	256.363	3
1	0.00	0.00	15.68	64.03	65.92	1	2	
2	15.68	64.03	54.58	222.78	163.44	0	
3	54.58	222.78	61.00	249.00	27.00	1	1	

0	2	32.016	1
1	0.00	0.00	25.00	20.00	32.02	1	2	

0	3	366.715	3
1	0.00	0.00	47.96	58.70	75.80	1	2	
2	47.96	58.70	228.20	279.35	284.91	0	
3	228.20	279.35	232.00	284.00	6.00	1	3	

0	4	290.078	5
1	0.00	0.00	69.16	28.65	74.86	1	2	
2	69.16	28.65	149.95	62.11	87.44	0	
3	149.95	62.11	200.54	83.06	54.76	1	5	
4	200.54	83.06	264.30	109.47	69.02	0	
5	264.30	109.47	268.00	111.00	4.00	1	4	

0	5	189.771	3
1	0.00	0.00	68.65	30.95	75.30	1	2	
2	68.65	30.95	147.47	66.49	86.47	0	
3	147.47	66.49	173.00	78.00	28.00	1	5	

0	6	216.093	5
1	0.00	0.00	65.83	38.93	76.47	1	2	
2	65.83	38.93	146.33	86.54	93.54	0	
3	146.33	86.54	178.36	105.48	37.21	1	5	
4	178.36	105.48	179.97	106.44	1.88	0	
5	179.97	106.44	186.00	110.00	7.00	1	6	

1	0	256.363	3
1	61.00	249.00	54.58	222.78	27.00	1	1	
2	54.58	222.78	15.68	64.03	163.44	0	
3	15.68	64.03	0.00	0.00	65.92	1	2	

1	1	0	0

1	2	231.812	3
1	61.00	249.00	56.81	222.33	27.00	1	1	
2	56.81	222.33	31.99	64.45	159.81	0	
3	31.99	64.45	25.00	20.00	45.00	1	2	

1	3	174.545	3
1	61.00	249.00	87.45	254.41	27.00	1	1	
2	87.45	254.41	226.12	282.80	141.55	0	
3	226.12	282.80	232.00	284.00	6.00	1	3	

1	4	248.783	3
1	61.00	249.00	83.47	234.02	27.00	1	1	
2	83.47	234.02	264.67	113.22	217.78	0	
3	264.67	113.22	268.00	111.00	4.00	1	4	

1	5	204.414	3
1	61.00	249.00	75.79	226.41	27.00	1	1	
2	75.79	226.41	157.66	101.42	149.41	0	
3	157.66	101.42	173.00	78.00	28.00	1	5	

1	6	186.938	3
1	61.00	249.00	79.05	228.92	27.00	1	1	
2	79.05	228.92	181.32	115.20	152.94	0	
3	181.32	115.20	186.00	110.00	7.00	1	6	

2	0	32.016	1
1	25.00	20.00	0.00	0.00	32.02	1	2	

2	1	231.812	3
1	25.00	20.00	31.99	64.45	45.00	1	2	
2	31.99	64.45	56.81	222.33	159.81	0	
3	56.81	222.33	61.00	249.00	27.00	1	1	

2	2	0	0

2	3	335.477	3
1	25.00	20.00	52.77	55.41	45.00	1	2	
2	52.77	55.41	228.30	279.28	284.48	0	
3	228.30	279.28	232.00	284.00	6.00	1	3	

2	4	259.480	5
1	25.00	20.00	67.14	35.78	45.00	1	2	
2	67.14	35.78	147.72	65.96	86.04	0	
3	147.72	65.96	199.97	85.52	55.79	1	5	
4	199.97	85.52	264.25	109.60	68.64	0	
5	264.25	109.60	268.00	111.00	4.00	1	4	

2	5	158.959	3
1	25.00	20.00	66.90	36.42	45.00	1	2	
2	66.90	36.42	146.93	67.78	85.96	0	
3	146.93	67.78	173.00	78.00	28.00	1	5	

2	6	184.448	5
1	25.00	20.00	64.28	41.96	45.00	1	2	
2	64.28	41.96	146.90	88.14	94.66	0	
3	146.90	88.14	178.03	105.54	35.66	1	5	
4	178.03	105.54	179.89	106.58	2.13	0	
5	179.89	106.58	186.00	110.00	7.00	1	6	

3	0	366.715	3
1	232.00	284.00	228.20	279.35	6.00	1	3	
2	228.20	279.35	47.96	58.70	284.91	0	
3	47.96	58.70	0.00	0.00	75.80	1	2	

3	1	174.545	3
1	232.00	284.00	226.12	282.80	6.00	1	3	
2	226.12	282.80	87.45	254.41	141.55	0	
3	87.45	254.41	61.00	249.00	27.00	1	1	

3	2	335.477	3
1	232.00	284.00	228.30	279.28	6.00	1	3	
2	228.30	279.28	52.77	55.41	284.48	0	
3	52.77	55.41	25.00	20.00	45.00	1	2	

3	3	0	0

3	4	176.706	3
1	232.00	284.00	233.22	278.13	6.00	1	3	
2	233.22	278.13	267.19	114.92	166.71	0	
3	267.19	114.92	268.00	111.00	4.00	1	4	

3	5	214.283	5
1	232.00	284.00	230.35	278.23	6.00	1	3	
2	230.35	278.23	184.09	116.74	167.99	0	
3	184.09	116.74	180.82	105.29	11.90	1	6	
4	180.82	105.29	180.71	104.92	0.39	0	
5	180.71	104.92	173.00	78.00	28.00	1	5	

3	6	179.978	3
1	232.00	284.00	230.47	278.20	6.00	1	3	
2	230.47	278.20	187.79	116.77	166.98	0	
3	187.79	116.77	186.00	110.00	7.00	1	6	

4	0	290.078	5
1	268.00	111.00	264.30	109.47	4.00	1	4	
2	264.30	109.47	200.54	83.06	69.02	0	
3	200.54	83.06	149.95	62.11	54.76	1	5	
4	149.95	62.11	69.16	28.65	87.44	0	
5	69.16	28.65	0.00	0.00	74.86	1	2	

4	1	248.783	3
1	268.00	111.00	264.67	113.22	4.00	1	4	
2	264.67	113.22	83.47	234.02	217.78	0	
3	83.47	234.02	61.00	249.00	27.00	1	1	

4	2	259.480	5
1	268.00	111.00	264.25	109.60	4.00	1	4	
2	264.25	109.60	199.97	85.52	68.64	0	
3	199.97	85.52	147.72	65.96	55.79	1	5	
4	147.72	65.96	67.14	35.78	86.04	0	
5	67.14	35.78	25.00	20.00	45.00	1	2	

4	3	176.706	3
1	268.00	111.00	267.19	114.92	4.00	1	4	
2	267.19	114.92	233.22	278.13	166.71	0	
3	233.22	278.13	232.00	284.00	6.00	1	3	

4	4	0	0

4	5	100.568	3
1	268.00	111.00	264.22	109.69	4.00	1	4	
2	264.22	109.69	199.45	87.19	68.57	0	
3	199.45	87.19	173.00	78.00	28.00	1	5	

4	6	82.006	3
1	268.00	111.00	264.00	110.95	4.00	1	4	
2	264.00	110.95	193.00	110.09	71.01	0	
3	193.00	110.09	186.00	110.00	7.00	1	6	

5	0	189.771	3
1	173.00	78.00	147.47	66.49	28.00	1	5	
2	147.47	66.49	68.65	30.95	86.47	0	
3	68.65	30.95	0.00	0.00	75.30	1	2	

5	1	204.414	3
1	173.00	78.00	157.66	101.42	28.00	1	5	
2	157.66	101.42	75.79	226.41	149.41	0	
3	75.79	226.41	61.00	249.00	27.00	1	1	

5	2	158.959	3
1	173.00	78.00	146.93	67.78	28.00	1	5	
2	146.93	67.78	66.90	36.42	85.96	0	
3	66.90	36.42	25.00	20.00	45.00	1	2	

5	3	214.283	5
1	173.00	78.00	180.71	104.92	28.00	1	5	
2	180.71	104.92	180.82	105.29	0.39	0	
3	180.82	105.29	184.09	116.74	11.90	1	6	
4	184.09	116.74	230.35	278.23	167.99	0	
5	230.35	278.23	232.00	284.00	6.00	1	3	

5	4	100.568	3
1	173.00	78.00	199.45	87.19	28.00	1	5	
2	199.45	87.19	264.22	109.69	68.57	0	
3	264.22	109.69	268.00	111.00	4.00	1	4	

5	5	0	0

5	6	34.540	3
1	173.00	78.00	183.37	103.51	27.54	1	5	
2	183.37	103.51	183.54	103.94	0.46	2	5	6	
3	183.54	103.94	186.00	110.00	6.54	1	6	

6	0	216.093	5
1	186.00	110.00	179.97	106.44	7.00	1	6	
2	179.97	106.44	178.36	105.48	1.88	0	
3	178.36	105.48	146.33	86.54	37.21	1	5	
4	146.33	86.54	65.83	38.93	93.54	0	
5	65.83	38.93	0.00	0.00	76.47	1	2	

6	1	186.938	3
1	186.00	110.00	181.32	115.20	7.00	1	6	
2	181.32	115.20	79.05	228.92	152.94	0	
3	79.05	228.92	61.00	249.00	27.00	1	1	

6	2	184.448	5
1	186.00	110.00	179.89	106.58	7.00	1	6	
2	179.89	106.58	178.03	105.54	2.13	0	
3	178.03	105.54	146.90	88.14	35.66	1	5	
4	146.90	88.14	64.28	41.96	94.66	0	
5	64.28	41.96	25.00	20.00	45.00	1	2	

6	3	179.978	3
1	186.00	110.00	187.79	116.77	7.00	1	6	
2	187.79	116.77	230.47	278.20	166.98	0	
3	230.47	278.20	232.00	284.00	6.00	1	3	

6	4	82.006	3
1	186.00	110.00	193.00	110.09	7.00	1	6	
2	193.00	110.09	264.00	110.95	71.01	0	
3	264.00	110.95	268.00	111.00	4.00	1	4	

6	5	34.540	3
1	186.00	110.00	183.54	103.94	6.54	1	6	
2	183.54	103.94	183.37	103.51	0.46	2	5	6	
3	183.37	103.51	173.00	78.00	27.54	1	5	

6	6	0	0
