7	67	2	0.001	35.0
0.000	0.000	0.000	7.000	0.000
6.000	26.000	17.000	1.000	1.000
110.000	241.000	41.000	6.000	19.000
211.000	31.000	47.000	7.000	18.000
126.000	287.000	48.000	7.000	16.000
153.000	297.000	12.000	10.000	15.000
146.000	13.000	15.000	3.000	15.000

0	0	0	0

0	1	26.683	2
1	0.00	0.00	2.18	9.44	9.68	0	
2	2.18	9.44	6.00	26.00	17.00	1	1	

0	2	264.917	4
1	0.00	0.00	4.15	9.10	10.00	0	
2	4.15	9.10	17.56	38.47	32.28	1	1	
3	17.56	38.47	92.98	203.70	181.63	0	
4	92.98	203.70	110.00	241.00	41.00	1	2	

0	3	213.265	4
1	0.00	0.00	132.46	19.46	133.88	0	
2	132.46	19.46	157.11	23.08	24.91	1	6	
3	157.11	23.08	164.50	24.17	7.47	0	
4	164.50	24.17	211.00	31.00	47.00	1	3	

0	4	313.441	6
1	0.00	0.00	4.00	9.12	9.96	0	
2	4.00	9.12	17.08	38.90	32.52	1	1	
3	17.08	38.90	90.07	205.17	181.59	0	
4	90.07	205.17	106.70	243.05	41.37	1	2	
5	106.70	243.05	122.89	279.92	40.27	2	2	4	
6	122.89	279.92	126.00	287.00	7.73	1	4	

0	5	334.093	7
1	0.00	0.00	4.66	9.05	10.18	0	
2	4.66	9.05	19.02	36.93	31.36	1	1	
3	19.02	36.93	103.31	200.55	184.06	0	
4	103.31	200.55	123.16	239.08	43.35	1	2	
5	123.16	239.08	139.05	269.93	34.70	2	2	4	
6	139.05	269.93	147.50	286.33	18.45	1	4	
7	147.50	286.33	153.00	297.00	12.00	2	4	5	

0	6	146.578	2
1	0.00	0.00	131.06	11.67	131.58	0	
2	131.06	11.67	146.00	13.00	15.00	1	6	

1	0	26.683	2
1	6.00	26.00	2.18	9.44	17.00	1	1	
2	2.18	9.44	0.00	0.00	9.68	0	

1	1	0	0

1	2	238.833	3
1	6.00	26.00	13.40	41.30	17.00	1	1	
2	13.40	41.30	92.15	204.09	180.83	0	
3	92.15	204.09	110.00	241.00	41.00	1	2	

1	3	205.061	3
1	6.00	26.00	22.99	26.41	17.00	1	1	
2	22.99	26.41	164.01	29.85	141.06	0	
3	164.01	29.85	211.00	31.00	47.00	1	3	

1	4	287.265	5
1	6.00	26.00	13.10	41.45	17.00	1	1	
2	13.10	41.45	88.73	205.95	181.05	0	
3	88.73	205.95	105.95	243.39	41.21	1	2	
4	105.95	243.39	122.76	279.96	40.25	2	2	4	
5	122.76	279.96	126.00	287.00	7.75	1	4	

1	5	308.302	6
1	6.00	26.00	14.11	40.94	17.00	1	1	
2	14.11	40.94	100.93	201.01	182.10	0	
3	100.93	201.01	121.65	239.20	43.44	1	2	
4	121.65	239.20	138.57	270.40	35.50	2	2	4	
5	138.57	270.40	147.28	286.45	18.26	1	4	
6	147.28	286.45	153.00	297.00	12.00	2	4	5	

1	6	140.602	3
1	6.00	26.00	22.93	24.43	17.00	1	1	
2	22.93	24.43	131.06	14.39	108.60	0	
3	131.06	14.39	146.00	13.00	15.00	1	6	

2	0	264.917	4
1	110.00	241.00	92.98	203.70	41.00	1	2	
2	92.98	203.70	17.56	38.47	181.63	0	
3	17.56	38.47	4.15	9.10	32.28	1	1	
4	4.15	9.10	0.00	0.00	10.00	0	

2	1	238.833	3
1	110.00	241.00	92.15	204.09	41.00	1	2	
2	92.15	204.09	13.40	41.30	180.83	0	
3	13.40	41.30	6.00	26.00	17.00	1	1	

2	2	0	0

2	3	233.026	3
1	110.00	241.00	127.77	204.05	41.00	1	2	
2	127.77	204.05	190.63	73.36	145.03	0	
3	190.63	73.36	211.00	31.00	47.00	1	3	

2	4	48.703	3
1	110.00	241.00	110.23	241.66	0.70	1	2	
2	110.23	241.66	123.47	279.72	40.30	2	2	4	
3	123.47	279.72	126.00	287.00	7.70	1	4	

2	5	70.605	4
1	110.00	241.00	110.45	241.59	0.74	1	2	
2	110.45	241.59	134.97	273.52	40.26	2	2	4	
3	134.97	273.52	145.69	287.48	17.60	1	4	
4	145.69	287.48	153.00	297.00	12.00	2	4	5	

2	6	230.825	3
1	110.00	241.00	116.39	200.50	41.00	0	
2	116.39	200.50	143.66	27.82	174.82	0	
3	143.66	27.82	146.00	13.00	15.00	1	6	

3	0	213.265	4
1	211.00	31.00	164.50	24.17	47.00	1	3	
2	164.50	24.17	157.11	23.08	7.47	0	
3	157.11	23.08	132.46	19.46	24.91	1	6	
4	132.46	19.46	0.00	0.00	133.88	0	

3	1	205.061	3
1	211.00	31.00	164.01	29.85	47.00	1	3	
2	164.01	29.85	22.99	26.41	141.06	0	
3	22.99	26.41	6.00	26.00	17.00	1	1	

3	2	233.026	3
1	211.00	31.00	190.63	73.36	47.00	1	3	
2	190.63	73.36	127.77	204.05	145.03	0	
3	127.77	204.05	110.00	241.00	41.00	1	2	

3	3	0	0

3	4	269.742	5
1	211.00	31.00	196.19	75.61	47.00	1	3	
2	196.19	75.61	147.08	223.51	155.84	0	
3	147.08	223.51	141.13	241.45	18.90	1	2	
4	141.13	241.45	129.25	277.20	37.67	2	2	4	
5	129.25	277.20	126.00	287.00	10.33	1	4	

3	5	272.250	4
1	211.00	31.00	200.99	76.92	47.00	0	
2	200.99	76.92	162.08	255.34	182.62	0	
3	162.08	255.34	155.56	285.28	30.63	1	4	
4	155.56	285.28	153.00	297.00	12.00	2	4	5	

3	6	67.446	3
1	211.00	31.00	165.70	18.46	47.00	1	3	
2	165.70	18.46	160.46	17.00	5.45	0	
3	160.46	17.00	146.00	13.00	15.00	1	6	

4	0	313.441	6
1	126.00	287.00	122.89	279.92	7.73	1	4	
2	122.89	279.92	106.70	243.05	40.27	2	2	4	
3	106.70	243.05	90.07	205.17	41.37	1	2	
4	90.07	205.17	17.08	38.90	181.59	0	
5	17.08	38.90	4.00	9.12	32.52	1	1	
6	4.00	9.12	0.00	0.00	9.96	0	

4	1	287.265	5
1	126.00	287.00	122.76	279.96	7.75	1	4	
2	122.76	279.96	105.95	243.39	40.25	2	2	4	
3	105.95	243.39	88.73	205.95	41.21	1	2	
4	88.73	205.95	13.10	41.45	181.05	0	
5	13.10	41.45	6.00	26.00	17.00	1	1	

4	2	48.703	3
1	126.00	287.00	123.47	279.72	7.70	1	4	
2	123.47	279.72	110.23	241.66	40.30	2	2	4	
3	110.23	241.66	110.00	241.00	0.70	1	2	

4	3	269.742	5
1	126.00	287.00	129.25	277.20	10.33	1	4	
2	129.25	277.20	141.13	241.45	37.67	2	2	4	
3	141.13	241.45	147.08	223.51	18.90	1	2	
4	147.08	223.51	196.19	75.61	155.84	0	
5	196.19	75.61	211.00	31.00	47.00	1	3	

4	4	0	0

4	5	28.792	2
1	126.00	287.00	141.75	292.83	16.79	1	4	
2	141.75	292.83	153.00	297.00	12.00	2	4	5	

4	6	274.729	5
1	126.00	287.00	126.62	278.48	8.54	1	4	
2	126.62	278.48	129.49	239.13	39.46	0	
3	129.49	239.13	131.89	206.33	32.88	1	2	
4	131.89	206.33	144.91	27.96	178.85	0	
5	144.91	27.96	146.00	13.00	15.00	1	6	

5	0	334.093	7
1	153.00	297.00	147.50	286.33	12.00	2	4	5	
2	147.50	286.33	139.05	269.93	18.45	1	4	
3	139.05	269.93	123.16	239.08	34.70	2	2	4	
4	123.16	239.08	103.31	200.55	43.35	1	2	
5	103.31	200.55	19.02	36.93	184.06	0	
6	19.02	36.93	4.66	9.05	31.36	1	1	
7	4.66	9.05	0.00	0.00	10.18	0	

5	1	308.302	6
1	153.00	297.00	147.28	286.45	12.00	2	4	5	
2	147.28	286.45	138.57	270.40	18.26	1	4	
3	138.57	270.40	121.65	239.20	35.50	2	2	4	
4	121.65	239.20	100.93	201.01	43.44	1	2	
5	100.93	201.01	14.11	40.94	182.10	0	
6	14.11	40.94	6.00	26.00	17.00	1	1	

5	2	70.605	4
1	153.00	297.00	145.69	287.48	12.00	2	4	5	
2	145.69	287.48	134.97	273.52	17.60	1	4	
3	134.97	273.52	110.45	241.59	40.26	2	2	4	
4	110.45	241.59	110.00	241.00	0.74	1	2	

5	3	272.250	4
1	153.00	297.00	155.56	285.28	12.00	2	4	5	
2	155.56	285.28	162.08	255.34	30.63	1	4	
3	162.08	255.34	200.99	76.92	182.62	0	
4	200.99	76.92	211.00	31.00	47.00	0	

5	4	28.792	2
1	153.00	297.00	141.75	292.83	12.00	2	4	5	
2	141.75	292.83	126.00	287.00	16.79	1	4	

5	5	0	0

5	6	284.086	4
1	153.00	297.00	152.70	285.00	12.00	1	4	
2	152.70	285.00	151.76	246.50	38.52	1	4	
3	151.76	246.50	146.37	28.00	218.57	0	
4	146.37	28.00	146.00	13.00	15.00	1	6	

6	0	146.578	2
1	146.00	13.00	131.06	11.67	15.00	1	6	
2	131.06	11.67	0.00	0.00	131.58	0	

6	1	140.602	3
1	146.00	13.00	131.06	14.39	15.00	1	6	
2	131.06	14.39	22.93	24.43	108.60	0	
3	22.93	24.43	6.00	26.00	17.00	1	1	

6	2	230.825	3
1	146.00	13.00	143.66	27.82	15.00	1	6	
2	143.66	27.82	116.39	200.50	174.82	0	
3	116.39	200.50	110.00	241.00	41.00	0	

6	3	67.446	3
1	146.00	13.00	160.46	17.00	15.00	1	6	
2	160.46	17.00	165.70	18.46	5.45	0	
3	165.70	18.46	211.00	31.00	47.00	1	3	

6	4	274.729	5
1	146.00	13.00	144.91	27.96	15.00	1	6	
2	144.91	27.96	131.89	206.33	178.85	0	
3	131.89	206.33	129.49	239.13	32.88	1	2	
4	129.49	239.13	126.62	278.48	39.46	0	
5	126.62	278.48	126.00	287.00	8.54	1	4	

6	5	284.086	4
1	146.00	13.00	146.37	28.00	15.00	1	6	
2	146.37	28.00	151.76	246.50	218.57	0	
3	151.76	246.50	152.70	285.00	38.52	1	4	
4	152.70	285.00	153.00	297.00	12.00	1	4	

6	6	0	0
