8	85	2	0.001	80.0
182.000	50.000	0.000	3.000	0.000
38.000	3.000	25.000	1.000	11.000
260.000	51.000	22.000	7.000	9.000
272.000	168.000	19.000	3.000	11.000
105.000	10.000	24.000	10.000	19.000
65.000	31.000	36.000	6.000	4.000
24.000	29.000	24.000	4.000	17.000
50.000	155.000	32.000	3.000	20.000

0	0	0	0

0	1	151.476	6
1	182.00	50.00	119.05	29.45	66.21	0	
2	119.05	29.45	100.16	23.29	19.87	1	4	
3	100.16	23.29	82.18	17.42	18.92	2	4	5	
4	82.18	17.42	61.77	10.76	21.47	1	5	
5	61.77	10.76	41.15	4.03	21.68	2	1	5	
6	41.15	4.03	38.00	3.00	3.32	1	1	

0	2	78.006	2
1	182.00	50.00	238.00	50.72	56.01	0	
2	238.00	50.72	260.00	51.00	22.00	1	2	

0	3	148.405	2
1	182.00	50.00	260.48	152.89	129.40	0	
2	260.48	152.89	272.00	168.00	19.00	1	3	

0	4	86.770	2
1	182.00	50.00	126.30	21.06	62.77	0	
2	126.30	21.06	105.00	10.00	24.00	1	4	

0	5	118.533	2
1	182.00	50.00	100.53	36.77	82.53	0	
2	100.53	36.77	65.00	31.00	36.00	1	5	

0	6	159.389	4
1	182.00	50.00	100.07	39.11	82.65	0	
2	100.07	39.11	47.79	32.16	52.74	1	5	
3	47.79	32.16	29.02	29.67	18.93	2	5	6	
4	29.02	29.67	24.00	29.00	5.07	1	6	

0	7	168.668	2
1	182.00	50.00	75.04	135.08	136.67	0	
2	75.04	135.08	50.00	155.00	32.00	1	7	

1	0	151.476	6
1	38.00	3.00	41.15	4.03	3.32	1	1	
2	41.15	4.03	61.77	10.76	21.68	2	1	5	
3	61.77	10.76	82.18	17.42	21.47	1	5	
4	82.18	17.42	100.16	23.29	18.92	2	4	5	
5	100.16	23.29	119.05	29.45	19.87	1	4	
6	119.05	29.45	182.00	50.00	66.21	0	

1	1	0	0

1	2	227.130	7
1	38.00	3.00	41.47	3.75	3.55	1	1	
2	41.47	3.75	62.44	8.28	21.45	2	1	5	
3	62.44	8.28	81.11	12.32	19.11	1	5	
4	81.11	12.32	97.68	15.90	16.95	2	4	5	
5	97.68	15.90	125.79	21.98	28.76	1	4	
6	125.79	21.98	238.50	46.35	115.31	0	
7	238.50	46.35	260.00	51.00	22.00	1	2	

1	3	286.323	5
1	38.00	3.00	40.41	4.70	2.95	1	1	
2	40.41	4.70	58.43	17.41	22.05	2	1	5	
3	58.43	17.41	98.03	45.33	48.45	1	5	
4	98.03	45.33	256.47	157.05	193.87	0	
5	256.47	157.05	272.00	168.00	19.00	1	3	

1	4	67.365	5
1	38.00	3.00	41.88	3.41	3.90	1	1	
2	41.88	3.41	62.86	5.60	21.10	2	1	5	
3	62.86	5.60	81.13	7.51	18.36	1	5	
4	81.13	7.51	93.32	8.78	12.26	2	4	5	
5	93.32	8.78	105.00	10.00	11.74	1	4	

1	5	38.897	3
1	38.00	3.00	40.01	5.09	2.90	1	1	
2	40.01	5.09	55.35	21.00	22.10	2	1	5	
3	55.35	21.00	65.00	31.00	13.90	1	5	

1	6	29.530	3
1	38.00	3.00	35.38	7.87	5.53	1	1	
2	35.38	7.87	26.15	25.01	19.47	2	1	6	
3	26.15	25.01	24.00	29.00	4.53	1	6	

1	7	152.473	7
1	38.00	3.00	38.30	6.85	3.86	1	1	
2	38.30	6.85	38.55	9.91	3.07	2	1	5	
3	38.55	9.91	39.97	27.92	18.07	1	5	
4	39.97	27.92	41.36	45.57	17.70	1	5	
5	41.36	45.57	42.42	59.04	13.51	1	5	
6	42.42	59.04	47.48	123.10	64.26	0	
7	47.48	123.10	50.00	155.00	32.00	0	

2	0	78.006	2
1	260.00	51.00	238.00	50.72	22.00	1	2	
2	238.00	50.72	182.00	50.00	56.01	0	

2	1	227.130	7
1	260.00	51.00	238.50	46.35	22.00	1	2	
2	238.50	46.35	125.79	21.98	115.31	0	
3	125.79	21.98	97.68	15.90	28.76	1	4	
4	97.68	15.90	81.11	12.32	16.95	2	4	5	
5	81.11	12.32	62.44	8.28	19.11	1	5	
6	62.44	8.28	41.47	3.75	21.45	2	1	5	
7	41.47	3.75	38.00	3.00	3.55	1	1	

2	2	0	0

2	3	117.614	3
1	260.00	51.00	262.24	72.88	22.00	1	2	
2	262.24	72.88	270.06	149.10	76.61	0	
3	270.06	149.10	272.00	168.00	19.00	1	3	

2	4	160.331	3
1	260.00	51.00	238.73	45.37	22.00	1	2	
2	238.73	45.37	128.20	16.14	114.33	0	
3	128.20	16.14	105.00	10.00	24.00	1	4	

2	5	196.023	3
1	260.00	51.00	238.11	48.76	22.00	1	2	
2	238.11	48.76	100.81	34.67	138.02	0	
3	100.81	34.67	65.00	31.00	36.00	1	5	

2	6	237.023	5
1	260.00	51.00	238.09	48.96	22.00	1	2	
2	238.09	48.96	100.63	36.14	138.06	0	
3	100.63	36.14	47.90	31.23	52.96	1	5	
4	47.90	31.23	29.03	29.47	18.95	2	5	6	
5	29.03	29.47	24.00	29.00	5.05	1	6	

2	7	234.342	3
1	260.00	51.00	240.29	60.76	22.00	1	2	
2	240.29	60.76	78.68	140.80	180.34	0	
3	78.68	140.80	50.00	155.00	32.00	1	7	

3	0	148.405	2
1	272.00	168.00	260.48	152.89	19.00	1	3	
2	260.48	152.89	182.00	50.00	129.40	0	

3	1	286.323	5
1	272.00	168.00	256.47	157.05	19.00	1	3	
2	256.47	157.05	98.03	45.33	193.87	0	
3	98.03	45.33	58.43	17.41	48.45	1	5	
4	58.43	17.41	40.41	4.70	22.05	2	1	5	
5	40.41	4.70	38.00	3.00	2.95	1	1	

3	2	117.614	3
1	272.00	168.00	270.06	149.10	19.00	1	3	
2	270.06	149.10	262.24	72.88	76.61	0	
3	262.24	72.88	260.00	51.00	22.00	1	2	

3	3	0	0

3	4	229.898	3
1	272.00	168.00	258.20	154.94	19.00	1	3	
2	258.20	154.94	122.43	26.49	186.90	0	
3	122.43	26.49	105.00	10.00	24.00	1	4	

3	5	248.230	3
1	272.00	168.00	256.16	157.51	19.00	1	3	
2	256.16	157.51	95.02	50.87	193.23	0	
3	95.02	50.87	65.00	31.00	36.00	1	5	

3	6	284.297	5
1	272.00	168.00	255.43	158.71	19.00	1	3	
2	255.43	158.71	83.10	62.12	197.55	0	
3	83.10	62.12	44.94	40.73	43.74	1	5	
4	44.94	40.73	29.01	31.81	18.26	2	5	6	
5	29.01	31.81	24.00	29.00	5.74	1	6	

3	7	222.380	3
1	272.00	168.00	253.03	166.89	19.00	1	3	
2	253.03	166.89	81.95	156.87	171.38	0	
3	81.95	156.87	50.00	155.00	32.00	1	7	

4	0	86.770	2
1	105.00	10.00	126.30	21.06	24.00	1	4	
2	126.30	21.06	182.00	50.00	62.77	0	

4	1	67.365	5
1	105.00	10.00	93.32	8.78	11.74	1	4	
2	93.32	8.78	81.13	7.51	12.26	2	4	5	
3	81.13	7.51	62.86	5.60	18.36	1	5	
4	62.86	5.60	41.88	3.41	21.10	2	1	5	
5	41.88	3.41	38.00	3.00	3.90	1	1	

4	2	160.331	3
1	105.00	10.00	128.20	16.14	24.00	1	4	
2	128.20	16.14	238.73	45.37	114.33	0	
3	238.73	45.37	260.00	51.00	22.00	1	2	

4	3	229.898	3
1	105.00	10.00	122.43	26.49	24.00	1	4	
2	122.43	26.49	258.20	154.94	186.90	0	
3	258.20	154.94	272.00	168.00	19.00	1	3	

4	4	0	0

4	5	45.177	3
1	105.00	10.00	96.87	14.27	9.18	1	4	
2	96.87	14.27	83.75	21.16	14.82	2	4	5	
3	83.75	21.16	65.00	31.00	21.18	1	5	

4	6	83.199	7
1	105.00	10.00	95.69	12.18	9.56	1	4	
2	95.69	12.18	81.63	15.48	14.44	2	4	5	
3	81.63	15.48	54.40	21.87	27.97	1	5	
4	54.40	21.87	47.37	23.52	7.22	2	1	5	
5	47.37	23.52	31.70	27.19	16.09	3	1	5	6	
6	31.70	27.19	29.14	27.79	2.63	2	5	6	
7	29.14	27.79	24.00	29.00	5.28	1	6	

4	7	155.081	5
1	105.00	10.00	100.09	22.95	13.85	1	4	
2	100.09	22.95	96.49	32.44	10.15	2	4	5	
3	96.49	32.44	85.92	60.30	29.79	1	5	
4	85.92	60.30	61.35	125.08	69.29	0	
5	61.35	125.08	50.00	155.00	32.00	1	7	

5	0	118.533	2
1	65.00	31.00	100.53	36.77	36.00	1	5	
2	100.53	36.77	182.00	50.00	82.53	0	

5	1	38.897	3
1	65.00	31.00	55.35	21.00	13.90	1	5	
2	55.35	21.00	40.01	5.09	22.10	2	1	5	
3	40.01	5.09	38.00	3.00	2.90	1	1	

5	2	196.023	3
1	65.00	31.00	100.81	34.67	36.00	1	5	
2	100.81	34.67	238.11	48.76	138.02	0	
3	238.11	48.76	260.00	51.00	22.00	1	2	

5	3	248.230	3
1	65.00	31.00	95.02	50.87	36.00	1	5	
2	95.02	50.87	256.16	157.51	193.23	0	
3	256.16	157.51	272.00	168.00	19.00	1	3	

5	4	45.177	3
1	65.00	31.00	83.75	21.16	21.18	1	5	
2	83.75	21.16	96.87	14.27	14.82	2	4	5	
3	96.87	14.27	105.00	10.00	9.18	1	4	

5	5	0	0

5	6	41.049	3
1	65.00	31.00	47.97	30.17	17.05	1	5	
2	47.97	30.17	29.04	29.25	18.95	2	5	6	
3	29.04	29.25	24.00	29.00	5.05	1	6	

5	7	124.904	3
1	65.00	31.00	60.68	66.74	36.00	1	5	
2	60.68	66.74	53.84	123.23	56.90	0	
3	53.84	123.23	50.00	155.00	32.00	0	

6	0	159.389	4
1	24.00	29.00	29.02	29.67	5.07	1	6	
2	29.02	29.67	47.79	32.16	18.93	2	5	6	
3	47.79	32.16	100.07	39.11	52.74	1	5	
4	100.07	39.11	182.00	50.00	82.65	0	

6	1	29.530	3
1	24.00	29.00	26.15	25.01	4.53	1	6	
2	26.15	25.01	35.38	7.87	19.47	2	1	6	
3	35.38	7.87	38.00	3.00	5.53	1	1	

6	2	237.023	5
1	24.00	29.00	29.03	29.47	5.05	1	6	
2	29.03	29.47	47.90	31.23	18.95	2	5	6	
3	47.90	31.23	100.63	36.14	52.96	1	5	
4	100.63	36.14	238.09	48.96	138.06	0	
5	238.09	48.96	260.00	51.00	22.00	1	2	

6	3	284.297	5
1	24.00	29.00	29.01	31.81	5.74	1	6	
2	29.01	31.81	44.94	40.73	18.26	2	5	6	
3	44.94	40.73	83.10	62.12	43.74	1	5	
4	83.10	62.12	255.43	158.71	197.55	0	
5	255.43	158.71	272.00	168.00	19.00	1	3	

6	4	83.199	7
1	24.00	29.00	29.14	27.79	5.28	1	6	
2	29.14	27.79	31.70	27.19	2.63	2	5	6	
3	31.70	27.19	47.37	23.52	16.09	3	1	5	6	
4	47.37	23.52	54.40	21.87	7.22	2	1	5	
5	54.40	21.87	81.63	15.48	27.97	1	5	
6	81.63	15.48	95.69	12.18	14.44	2	4	5	
7	95.69	12.18	105.00	10.00	9.56	1	4	

6	5	41.049	3
1	24.00	29.00	29.04	29.25	5.05	1	6	
2	29.04	29.25	47.97	30.17	18.95	2	5	6	
3	47.97	30.17	65.00	31.00	17.05	1	5	

6	6	0	0

6	7	128.655	3
1	24.00	29.00	28.85	52.50	24.00	1	6	
2	28.85	52.50	43.53	123.66	72.65	0	
3	43.53	123.66	50.00	155.00	32.00	1	7	

7	0	168.668	2
1	50.00	155.00	75.04	135.08	32.00	1	7	
2	75.04	135.08	182.00	50.00	136.67	0	

7	1	152.473	7
1	50.00	155.00	47.48	123.10	32.00	0	
2	47.48	123.10	42.42	59.04	64.26	0	
3	42.42	59.04	41.36	45.57	13.51	1	5	
4	41.36	45.57	39.97	27.92	17.70	1	5	
5	39.97	27.92	38.55	9.91	18.07	1	5	
6	38.55	9.91	38.30	6.85	3.07	2	1	5	
7	38.30	6.85	38.00	3.00	3.86	1	1	

7	2	234.342	3
1	50.00	155.00	78.68	140.80	32.00	1	7	
2	78.68	140.80	240.29	60.76	180.34	0	
3	240.29	60.76	260.00	51.00	22.00	1	2	

7	3	222.380	3
1	50.00	155.00	81.95	156.87	32.00	1	7	
2	81.95	156.87	253.03	166.89	171.38	0	
3	253.03	166.89	272.00	168.00	19.00	1	3	

7	4	155.081	5
1	50.00	155.00	61.35	125.08	32.00	1	7	
2	61.35	125.08	85.92	60.30	69.29	0	
3	85.92	60.30	96.49	32.44	29.79	1	5	
4	96.49	32.44	100.09	22.95	10.15	2	4	5	
5	100.09	22.95	105.00	10.00	13.85	1	4	

7	5	124.904	3
1	50.00	155.00	53.84	123.23	32.00	0	
2	53.84	123.23	60.68	66.74	56.90	0	
3	60.68	66.74	65.00	31.00	36.00	1	5	

7	6	128.655	3
1	50.00	155.00	43.53	123.66	32.00	1	7	
2	43.53	123.66	28.85	52.50	72.65	0	
3	28.85	52.50	24.00	29.00	24.00	1	6	

7	7	0	0
