8	76	2	0.001	60.0
225.000	297.000	0.000	3.000	0.000
205.000	22.000	27.000	2.000	8.000
37.000	115.000	6.000	8.000	4.000
235.000	295.000	46.000	10.000	11.000
146.000	145.000	9.000	6.000	1.000
132.000	28.000	26.000	1.000	4.000
292.000	287.000	40.000	6.000	18.000
149.000	70.000	24.000	2.000	6.000

0	0	0	0

0	1	275.726	3
1	225.00	297.00	221.65	250.98	46.14	0	
2	221.65	250.98	206.96	48.93	202.58	0	
3	206.96	48.93	205.00	22.00	27.00	0	

0	2	261.664	3
1	225.00	297.00	196.67	269.57	39.43	1	3	
2	196.67	269.57	41.31	119.17	216.23	0	
3	41.31	119.17	37.00	115.00	6.00	1	2	

0	3	10.198	1
1	225.00	297.00	235.00	295.00	10.20	1	3	

0	4	171.304	3
1	225.00	297.00	205.58	259.64	42.11	1	3	
2	205.58	259.64	150.15	152.99	120.20	0	
3	150.15	152.99	146.00	145.00	9.00	1	4	

0	5	284.623	5
1	225.00	297.00	210.79	255.89	43.50	1	3	
2	210.79	255.89	154.59	93.34	171.99	0	
3	154.59	93.34	140.50	52.57	43.13	1	7	
4	140.50	52.57	138.98	48.19	4.64	2	5	7	
5	138.98	48.19	132.00	28.00	21.36	1	5	

0	6	67.742	3
1	225.00	297.00	252.44	292.90	27.74	1	3	
2	252.44	292.90	280.57	288.71	28.44	2	3	6	
3	280.57	288.71	292.00	287.00	11.56	1	6	

0	7	239.385	3
1	225.00	297.00	211.16	255.66	43.60	0	
2	211.16	255.66	156.62	92.76	171.79	0	
3	156.62	92.76	149.00	70.00	24.00	1	7	

1	0	275.726	3
1	205.00	22.00	206.96	48.93	27.00	0	
2	206.96	48.93	221.65	250.98	202.58	0	
3	221.65	250.98	225.00	297.00	46.14	0	

1	1	0	0

1	2	192.023	5
1	205.00	22.00	181.38	35.08	27.00	1	1	
2	181.38	35.08	158.28	47.87	26.41	0	
3	158.28	47.87	125.32	66.11	37.67	1	7	
4	125.32	66.11	42.25	112.09	94.95	0	
5	42.25	112.09	37.00	115.00	6.00	1	2	

1	3	274.643	3
1	205.00	22.00	207.95	48.84	27.00	1	1	
2	207.95	48.84	229.98	249.28	201.64	0	
3	229.98	249.28	235.00	295.00	46.00	1	3	

1	4	136.418	3
1	205.00	22.00	193.32	46.34	27.00	1	1	
2	193.32	46.34	149.89	136.89	100.42	0	
3	149.89	136.89	146.00	145.00	9.00	1	4	

1	5	73.246	3
1	205.00	22.00	178.09	24.21	27.00	1	1	
2	178.09	24.21	157.91	25.87	20.25	0	
3	157.91	25.87	132.00	28.00	26.00	1	5	

1	6	278.916	3
1	205.00	22.00	213.42	47.65	27.00	1	1	
2	213.42	47.65	279.52	249.00	211.92	0	
3	279.52	249.00	292.00	287.00	40.00	1	6	

1	7	73.756	3
1	205.00	22.00	184.50	39.57	27.00	1	1	
2	184.50	39.57	167.22	54.38	22.76	0	
3	167.22	54.38	149.00	70.00	24.00	1	7	

2	0	261.664	3
1	37.00	115.00	41.31	119.17	6.00	1	2	
2	41.31	119.17	196.67	269.57	216.23	0	
3	196.67	269.57	225.00	297.00	39.43	1	3	

2	1	192.023	5
1	37.00	115.00	42.25	112.09	6.00	1	2	
2	42.25	112.09	125.32	66.11	94.95	0	
3	125.32	66.11	158.28	47.87	37.67	1	7	
4	158.28	47.87	181.38	35.08	26.41	0	
5	181.38	35.08	205.00	22.00	27.00	1	1	

2	2	0	0

2	3	267.589	3
1	37.00	115.00	41.44	119.04	6.00	1	2	
2	41.44	119.04	200.96	264.06	215.59	0	
3	200.96	264.06	235.00	295.00	46.00	1	3	

2	4	113.053	3
1	37.00	115.00	42.78	116.59	6.00	1	2	
2	42.78	116.59	137.32	142.61	98.05	0	
3	137.32	142.61	146.00	145.00	9.00	1	4	

2	5	128.818	3
1	37.00	115.00	41.42	110.95	6.00	1	2	
2	41.42	110.95	112.83	45.56	96.82	0	
3	112.83	45.56	132.00	28.00	26.00	1	5	

2	6	307.586	5
1	37.00	115.00	41.97	118.36	6.00	1	2	
2	41.97	118.36	235.67	249.00	233.64	0	
3	235.67	249.00	258.84	264.63	27.95	1	3	
4	258.84	264.63	277.39	277.15	22.38	2	3	6	
5	277.39	277.15	292.00	287.00	17.62	1	6	

2	7	120.702	3
1	37.00	115.00	42.57	112.76	6.00	1	2	
2	42.57	112.76	126.73	78.95	90.70	0	
3	126.73	78.95	149.00	70.00	24.00	1	7	

3	0	10.198	1
1	235.00	295.00	225.00	297.00	10.20	1	3	

3	1	274.643	3
1	235.00	295.00	229.98	249.28	46.00	1	3	
2	229.98	249.28	207.95	48.84	201.64	0	
3	207.95	48.84	205.00	22.00	27.00	1	1	

3	2	267.589	3
1	235.00	295.00	200.96	264.06	46.00	1	3	
2	200.96	264.06	41.44	119.04	215.59	0	
3	41.44	119.04	37.00	115.00	6.00	1	2	

3	3	0	0

3	4	174.416	3
1	235.00	295.00	211.53	255.44	46.00	1	3	
2	211.53	255.44	150.59	152.74	119.42	0	
3	150.59	152.74	146.00	145.00	9.00	1	4	

3	5	286.178	5
1	235.00	295.00	218.44	252.08	46.00	1	3	
2	218.44	252.08	156.94	92.65	170.89	0	
3	156.94	92.65	141.36	52.26	43.29	1	7	
4	141.36	52.26	139.67	47.89	4.68	2	5	7	
5	139.67	47.89	132.00	28.00	21.32	1	5	

3	6	57.559	3
1	235.00	295.00	252.39	292.56	17.56	1	3	
2	252.39	292.56	280.55	288.61	28.44	2	3	6	
3	280.55	288.61	292.00	287.00	11.56	1	6	

3	7	240.875	3
1	235.00	295.00	218.58	252.03	46.00	1	3	
2	218.58	252.03	157.57	92.42	170.88	0	
3	157.57	92.42	149.00	70.00	24.00	1	7	

4	0	171.304	3
1	146.00	145.00	150.15	152.99	9.00	1	4	
2	150.15	152.99	205.58	259.64	120.20	0	
3	205.58	259.64	225.00	297.00	42.11	1	3	

4	1	136.418	3
1	146.00	145.00	149.89	136.89	9.00	1	4	
2	149.89	136.89	193.32	46.34	100.42	0	
3	193.32	46.34	205.00	22.00	27.00	1	1	

4	2	113.053	3
1	146.00	145.00	137.32	142.61	9.00	1	4	
2	137.32	142.61	42.78	116.59	98.05	0	
3	42.78	116.59	37.00	115.00	6.00	1	2	

4	3	174.416	3
1	146.00	145.00	150.59	152.74	9.00	1	4	
2	150.59	152.74	211.53	255.44	119.42	0	
3	211.53	255.44	235.00	295.00	46.00	1	3	

4	4	0	0

4	5	117.835	5
1	146.00	145.00	144.93	136.06	9.00	1	4	
2	144.93	136.06	139.67	92.11	44.26	0	
3	139.67	92.11	135.09	53.82	38.57	1	7	
4	135.09	53.82	134.72	50.71	3.13	2	5	7	
5	134.72	50.71	132.00	28.00	22.87	1	5	

4	6	203.666	5
1	146.00	145.00	152.45	151.27	9.00	1	4	
2	152.45	151.27	261.75	257.57	152.46	0	
3	261.75	257.57	263.33	259.11	2.20	1	3	
4	263.33	259.11	271.67	267.23	11.64	2	3	6	
5	271.67	267.23	292.00	287.00	28.36	1	6	

4	7	75.060	3
1	146.00	145.00	146.36	136.01	9.00	1	4	
2	146.36	136.01	148.04	93.98	42.06	0	
3	148.04	93.98	149.00	70.00	24.00	1	7	

5	0	284.623	5
1	132.00	28.00	138.98	48.19	21.36	1	5	
2	138.98	48.19	140.50	52.57	4.64	2	5	7	
3	140.50	52.57	154.59	93.34	43.13	1	7	
4	154.59	93.34	210.79	255.89	171.99	0	
5	210.79	255.89	225.00	297.00	43.50	1	3	

5	1	73.246	3
1	132.00	28.00	157.91	25.87	26.00	1	5	
2	157.91	25.87	178.09	24.21	20.25	0	
3	178.09	24.21	205.00	22.00	27.00	1	1	

5	2	128.818	3
1	132.00	28.00	112.83	45.56	26.00	1	5	
2	112.83	45.56	41.42	110.95	96.82	0	
3	41.42	110.95	37.00	115.00	6.00	1	2	

5	3	286.178	5
1	132.00	28.00	139.67	47.89	21.32	1	5	
2	139.67	47.89	141.36	52.26	4.68	2	5	7	
3	141.36	52.26	156.94	92.65	43.29	1	7	
4	156.94	92.65	218.44	252.08	170.89	0	
5	218.44	252.08	235.00	295.00	46.00	1	3	

5	4	117.835	5
1	132.00	28.00	134.72	50.71	22.87	1	5	
2	134.72	50.71	135.09	53.82	3.13	2	5	7	
3	135.09	53.82	139.67	92.11	38.57	1	7	
4	139.67	92.11	144.93	136.06	44.26	0	
5	144.93	136.06	146.00	145.00	9.00	1	4	

5	5	0	0

5	6	304.436	5
1	132.00	28.00	143.51	46.64	21.91	1	5	
2	143.51	46.64	145.66	50.12	4.09	2	5	7	
3	145.66	50.12	167.44	85.36	41.43	1	7	
4	167.44	85.36	270.98	252.97	197.01	0	
5	270.98	252.97	292.00	287.00	40.00	1	6	

5	7	45.310	3
1	132.00	28.00	140.00	47.75	21.31	1	5	
2	140.00	47.75	141.75	52.10	4.69	2	5	7	
3	141.75	52.10	149.00	70.00	19.31	1	7	

6	0	67.742	3
1	292.00	287.00	280.57	288.71	11.56	1	6	
2	280.57	288.71	252.44	292.90	28.44	2	3	6	
3	252.44	292.90	225.00	297.00	27.74	1	3	

6	1	278.916	3
1	292.00	287.00	279.52	249.00	40.00	1	6	
2	279.52	249.00	213.42	47.65	211.92	0	
3	213.42	47.65	205.00	22.00	27.00	1	1	

6	2	307.586	5
1	292.00	287.00	277.39	277.15	17.62	1	6	
2	277.39	277.15	258.84	264.63	22.38	2	3	6	
3	258.84	264.63	235.67	249.00	27.95	1	3	
4	235.67	249.00	41.97	118.36	233.64	0	
5	41.97	118.36	37.00	115.00	6.00	1	2	

6	3	57.559	3
1	292.00	287.00	280.55	288.61	11.56	1	6	
2	280.55	288.61	252.39	292.56	28.44	2	3	6	
3	252.39	292.56	235.00	295.00	17.56	1	3	

6	4	203.666	5
1	292.00	287.00	271.67	267.23	28.36	1	6	
2	271.67	267.23	263.33	259.11	11.64	2	3	6	
3	263.33	259.11	261.75	257.57	2.20	1	3	
4	261.75	257.57	152.45	151.27	152.46	0	
5	152.45	151.27	146.00	145.00	9.00	1	4	

6	5	304.436	5
1	292.00	287.00	270.98	252.97	40.00	1	6	
2	270.98	252.97	167.44	85.36	197.01	0	
3	167.44	85.36	145.66	50.12	41.43	1	7	
4	145.66	50.12	143.51	46.64	4.09	2	5	7	
5	143.51	46.64	132.00	28.00	21.91	1	5	

6	6	0	0

6	7	259.881	3
1	292.00	287.00	269.99	253.60	40.00	1	6	
2	269.99	253.60	162.21	90.04	195.88	0	
3	162.21	90.04	149.00	70.00	24.00	1	7	

7	0	239.385	3
1	149.00	70.00	156.62	92.76	24.00	1	7	
2	156.62	92.76	211.16	255.66	171.79	0	
3	211.16	255.66	225.00	297.00	43.60	0	

7	1	73.756	3
1	149.00	70.00	167.22	54.38	24.00	1	7	
2	167.22	54.38	184.50	39.57	22.76	0	
3	184.50	39.57	205.00	22.00	27.00	1	1	

7	2	120.702	3
1	149.00	70.00	126.73	78.95	24.00	1	7	
2	126.73	78.95	42.57	112.76	90.70	0	
3	42.57	112.76	37.00	115.00	6.00	1	2	

7	3	240.875	3
1	149.00	70.00	157.57	92.42	24.00	1	7	
2	157.57	92.42	218.58	252.03	170.88	0	
3	218.58	252.03	235.00	295.00	46.00	1	3	

7	4	75.060	3
1	149.00	70.00	148.04	93.98	24.00	1	7	
2	148.04	93.98	146.36	136.01	42.06	0	
3	146.36	136.01	146.00	145.00	9.00	1	4	

7	5	45.310	3
1	149.00	70.00	141.75	52.10	19.31	1	7	
2	141.75	52.10	140.00	47.75	4.69	2	5	7	
3	140.00	47.75	132.00	28.00	21.31	1	5	

7	6	259.881	3
1	149.00	70.00	162.21	90.04	24.00	1	7	
2	162.21	90.04	269.99	253.60	195.88	0	
3	269.99	253.60	292.00	287.00	40.00	1	6	

7	7	0	0
