11	241	2	0.001	50.0
215.000	54.000	0.000	9.000	0.000
239.000	55.000	30.000	7.000	13.000
159.000	22.000	44.000	4.000	7.000
86.000	198.000	24.000	4.000	12.000
89.000	176.000	48.000	1.000	8.000
86.000	259.000	10.000	7.000	13.000
200.000	92.000	4.000	8.000	3.000
99.000	29.000	13.000	1.000	18.000
60.000	48.000	33.000	5.000	12.000
103.000	11.000	25.000	9.000	4.000
85.000	17.000	30.000	7.000	12.000
 


0	0	0	0

0	1	24.021	1
1	215.00	54.00	239.00	55.00	24.02	1	1	

0	2	64.498	3
1	215.00	54.00	209.30	50.74	6.56	1	1	
2	209.30	50.74	197.20	43.83	13.94	0	
3	197.20	43.83	159.00	22.00	44.00	1	2	

0	3	193.331	4
1	215.00	54.00	209.45	60.19	8.31	1	1	
2	209.45	60.19	129.20	149.77	120.27	0	
3	129.20	149.77	102.01	180.12	40.75	1	4	
4	102.01	180.12	86.00	198.00	24.00	2	3	4	

0	4	175.385	4
1	215.00	54.00	209.34	59.48	7.88	1	1	
2	209.34	59.48	123.48	142.61	119.50	0	
3	123.48	142.61	90.61	174.45	45.77	1	4	
4	90.61	174.45	89.00	176.00	2.23	2	3	4	

0	5	242.211	5
1	215.00	54.00	209.87	62.16	9.64	1	1	
2	209.87	62.16	136.96	178.02	136.89	0	
3	136.96	178.02	111.57	218.36	47.66	1	4	
4	111.57	218.36	91.33	250.54	38.02	0	
5	91.33	250.54	86.00	259.00	10.00	1	5	

0	6	40.853	3
1	215.00	54.00	210.69	64.92	11.74	1	1	
2	210.69	64.92	201.47	88.28	25.11	0	
3	201.47	88.28	200.00	92.00	4.00	1	6	

0	7	118.663	7
1	215.00	54.00	209.09	52.73	6.05	1	1	
2	209.09	52.73	193.46	49.36	15.98	0	
3	193.46	49.36	116.33	32.73	78.90	1	2	
4	116.33	32.73	115.62	32.58	0.73	0	
5	115.62	32.58	111.71	31.74	4.00	1	9	
6	111.71	31.74	111.19	31.63	0.53	2	7	9	
7	111.19	31.63	99.00	29.00	12.47	3	7	9	10	

0	8	155.116	5
1	215.00	54.00	209.03	53.77	5.98	1	1	
2	209.03	53.77	190.19	53.04	18.85	0	
3	190.19	53.04	125.51	50.54	64.73	1	2	
4	125.51	50.54	92.98	49.28	32.56	0	
5	92.98	49.28	60.00	48.00	33.00	1	8	

0	9	119.971	6
1	215.00	54.00	209.18	51.76	6.24	1	1	
2	209.18	51.76	195.53	46.53	14.62	0	
3	195.53	46.53	126.34	19.96	74.12	1	2	
4	126.34	19.96	115.44	15.78	11.67	2	2	9	
5	115.44	15.78	114.97	15.59	0.51	1	9	
6	114.97	15.59	103.00	11.00	12.82	2	9	10	

0	10	135.163	8
1	215.00	54.00	209.12	52.33	6.11	1	1	
2	209.12	52.33	194.40	48.14	15.31	0	
3	194.40	48.14	121.80	27.47	75.48	1	2	
4	121.80	27.47	115.15	25.58	6.92	2	2	9	
5	115.15	25.58	113.85	25.21	1.34	1	9	
6	113.85	25.21	111.18	24.45	2.78	2	9	10	
7	111.18	24.45	91.04	18.72	20.93	3	7	9	10	
8	91.04	18.72	85.00	17.00	6.28	2	9	10	

1	0	24.021	1
1	239.00	55.00	215.00	54.00	24.02	1	1	

1	1	0	0

1	2	86.539	3
1	239.00	55.00	211.27	43.56	30.00	1	1	
2	211.27	43.56	199.68	38.78	12.54	0	
3	199.68	38.78	159.00	22.00	44.00	1	2	

1	3	209.423	6
1	239.00	55.00	217.08	75.48	30.00	1	1	
2	217.08	75.48	202.63	88.99	19.78	0	
3	202.63	88.99	196.82	94.42	7.96	1	6	
4	196.82	94.42	132.11	154.90	88.57	0	
5	132.11	154.90	103.53	181.61	39.12	1	4	
6	103.53	181.61	86.00	198.00	24.00	2	3	4	

1	4	192.720	4
1	239.00	55.00	215.65	73.84	30.00	1	1	
2	215.65	73.84	126.36	145.86	114.72	0	
3	126.36	145.86	90.86	174.50	45.61	1	4	
4	90.86	174.50	89.00	176.00	2.39	2	3	4	

1	5	255.000	5
1	239.00	55.00	221.00	79.00	30.00	1	1	
2	221.00	79.00	131.46	198.39	149.23	0	
3	131.46	198.39	122.38	210.49	15.13	1	4	
4	122.38	210.49	92.00	251.00	50.63	0	
5	92.00	251.00	86.00	259.00	10.00	1	5	

1	6	53.759	3
1	239.00	55.00	217.24	75.65	30.00	1	1	
2	217.24	75.65	202.90	89.25	19.76	0	
3	202.90	89.25	200.00	92.00	4.00	1	6	

1	7	142.394	7
1	239.00	55.00	209.50	49.52	30.00	1	1	
2	209.50	49.52	195.29	46.88	14.46	0	
3	195.29	46.88	116.25	32.20	80.39	1	2	
4	116.25	32.20	116.20	32.19	0.05	2	2	9	
5	116.20	32.19	111.78	31.37	4.49	1	9	
6	111.78	31.37	111.37	31.30	0.41	2	7	9	
7	111.37	31.30	99.00	29.00	12.59	3	7	9	10	

1	8	179.137	5
1	239.00	55.00	209.02	53.83	30.00	1	1	
2	209.02	53.83	190.14	53.09	18.90	0	
3	190.14	53.09	125.53	50.56	64.65	1	2	
4	125.53	50.56	92.97	49.29	32.58	0	
5	92.97	49.29	60.00	48.00	33.00	1	8	

1	9	142.941	6
1	239.00	55.00	210.46	45.77	30.00	1	1	
2	210.46	45.77	198.28	41.83	12.80	0	
3	198.28	41.83	126.79	18.70	75.14	1	2	
4	126.79	18.70	115.55	15.06	11.81	2	2	9	
5	115.55	15.06	114.92	14.86	0.66	1	9	
6	114.92	14.86	103.00	11.00	12.53	2	9	10	

1	10	158.619	8
1	239.00	55.00	209.87	47.81	30.00	1	1	
2	209.87	47.81	196.77	44.58	13.50	0	
3	196.77	44.58	122.76	26.32	76.23	1	2	
4	122.76	26.32	115.07	24.42	7.92	2	2	9	
5	115.07	24.42	114.13	24.19	0.97	1	9	
6	114.13	24.19	110.70	23.34	3.52	2	9	10	
7	110.70	23.34	91.27	18.55	20.02	3	7	9	10	
8	91.27	18.55	85.00	17.00	6.46	2	9	10	

2	0	64.498	3
1	159.00	22.00	197.20	43.83	44.00	1	2	
2	197.20	43.83	209.30	50.74	13.94	0	
3	209.30	50.74	215.00	54.00	6.56	1	1	

2	1	86.539	3
1	159.00	22.00	199.68	38.78	44.00	1	2	
2	199.68	38.78	211.27	43.56	12.54	0	
3	211.27	43.56	239.00	55.00	30.00	1	1	

2	2	0	0

2	3	190.539	4
1	159.00	22.00	142.14	62.64	44.00	1	2	
2	142.14	62.64	112.49	134.14	77.40	0	
3	112.49	134.14	95.19	175.83	45.14	1	4	
4	95.19	175.83	86.00	198.00	24.00	2	3	4	

2	4	169.163	4
1	159.00	22.00	140.79	62.06	44.00	1	2	
2	140.79	62.06	108.86	132.30	77.16	0	
3	108.86	132.30	89.77	174.30	46.13	1	4	
4	89.77	174.30	89.00	176.00	1.87	2	3	4	

2	5	247.988	7
1	159.00	22.00	146.05	64.05	44.00	1	2	
2	146.05	64.05	122.23	141.37	80.90	0	
3	122.23	141.37	107.85	188.07	48.87	1	4	
4	107.85	188.07	98.47	218.50	31.85	2	3	4	
5	98.47	218.50	96.99	223.33	5.05	1	4	
6	96.99	223.33	88.94	249.44	27.32	0	
7	88.94	249.44	86.00	259.00	10.00	1	5	

2	6	81.123	3
1	159.00	22.00	181.24	59.97	44.00	1	2	
2	181.24	59.97	197.98	88.55	33.12	0	
3	197.98	88.55	200.00	92.00	4.00	1	6	

2	7	60.407	5
1	159.00	22.00	122.83	26.22	36.41	1	2	
2	122.83	26.22	115.30	27.10	7.59	2	2	9	
3	115.30	27.10	113.16	27.35	2.15	1	9	
4	113.16	27.35	111.91	27.49	1.25	2	9	10	
5	111.91	27.49	99.00	29.00	13.00	3	7	9	10	

2	8	102.357	9
1	159.00	22.00	116.44	33.18	44.00	1	2	
2	116.44	33.18	111.84	34.39	4.76	0	
3	111.84	34.39	110.69	34.69	1.18	1	9	
4	110.69	34.69	108.88	35.16	1.88	2	7	9	
5	108.88	35.16	106.80	35.71	2.15	3	7	9	10	
6	106.80	35.71	91.92	39.62	15.38	2	7	10	
7	91.92	39.62	91.61	39.70	0.31	3	7	8	10	
8	91.61	39.70	73.13	44.55	19.11	2	8	10	
9	73.13	44.55	60.00	48.00	13.58	1	8	

2	9	57.070	4
1	159.00	22.00	127.53	15.82	32.07	1	2	
2	127.53	15.82	115.83	13.52	11.93	2	2	9	
3	115.83	13.52	114.77	13.31	1.07	1	9	
4	114.77	13.31	103.00	11.00	12.00	2	9	10	

2	10	74.169	6
1	159.00	22.00	126.40	19.80	32.67	1	2	
2	126.40	19.80	115.10	19.03	11.33	2	2	9	
3	115.10	19.03	114.93	19.02	0.17	1	9	
4	114.93	19.02	106.61	18.46	8.34	2	9	10	
5	106.61	18.46	92.88	17.53	13.76	3	7	9	10	
6	92.88	17.53	85.00	17.00	7.90	2	9	10	

3	0	193.331	4
1	86.00	198.00	102.01	180.12	24.00	2	3	4	
2	102.01	180.12	129.20	149.77	40.75	1	4	
3	129.20	149.77	209.45	60.19	120.27	0	
4	209.45	60.19	215.00	54.00	8.31	1	1	

3	1	209.423	6
1	86.00	198.00	103.53	181.61	24.00	2	3	4	
2	103.53	181.61	132.11	154.90	39.12	1	4	
3	132.11	154.90	196.82	94.42	88.57	0	
4	196.82	94.42	202.63	88.99	7.96	1	6	
5	202.63	88.99	217.08	75.48	19.78	0	
6	217.08	75.48	239.00	55.00	30.00	1	1	

3	2	190.539	4
1	86.00	198.00	95.19	175.83	24.00	2	3	4	
2	95.19	175.83	112.49	134.14	45.14	1	4	
3	112.49	134.14	142.14	62.64	77.40	0	
4	142.14	62.64	159.00	22.00	44.00	1	2	

3	3	0	0

3	4	22.204	1
1	86.00	198.00	89.00	176.00	22.20	2	3	4	

3	5	61.000	4
1	86.00	198.00	86.00	222.00	24.00	2	3	4	
2	86.00	222.00	86.00	223.91	1.91	1	4	
3	86.00	223.91	86.00	249.00	25.09	0	
4	86.00	249.00	86.00	259.00	10.00	1	5	

3	6	155.666	4
1	86.00	198.00	103.58	181.66	24.00	2	3	4	
2	103.58	181.66	132.19	155.05	39.07	1	4	
3	132.19	155.05	197.07	94.72	88.60	0	
4	197.07	94.72	200.00	92.00	4.00	1	6	

3	7	169.499	6
1	86.00	198.00	87.84	174.07	24.00	2	3	4	
2	87.84	174.07	91.38	128.06	46.15	0	
3	91.38	128.06	97.84	44.12	84.19	0	
4	97.84	44.12	98.00	41.96	2.16	0	
5	98.00	41.96	98.49	35.59	6.39	1	10	
6	98.49	35.59	99.00	29.00	6.61	2	7	10	

3	8	152.237	4
1	86.00	198.00	81.90	174.35	24.00	2	3	4	
2	81.90	174.35	74.27	130.32	44.69	1	4	
3	74.27	130.32	65.64	80.52	50.54	0	
4	65.64	80.52	60.00	48.00	33.00	0	

3	9	187.771	7
1	86.00	198.00	88.17	174.10	24.00	1	4	
2	88.17	174.10	92.35	128.12	46.17	0	
3	92.35	128.12	100.10	42.92	85.54	0	
4	100.10	42.92	100.19	41.95	0.98	1	10	
5	100.19	41.95	100.74	35.90	6.07	2	7	10	
6	100.74	35.90	102.50	16.48	19.50	3	7	9	10	
7	102.50	16.48	103.00	11.00	5.50	2	9	10	

3	10	181.003	7
1	86.00	198.00	85.87	174.00	24.00	1	4	
2	85.87	174.00	85.61	128.12	45.88	0	
3	85.61	128.12	85.29	69.20	58.92	0	
4	85.29	69.20	85.17	46.99	22.21	1	8	
5	85.17	46.99	85.06	28.42	18.57	2	8	10	
6	85.06	28.42	85.05	26.52	1.90	2	8	10	
7	85.05	26.52	85.00	17.00	9.52	2	9	10	

4	0	175.385	4
1	89.00	176.00	90.61	174.45	2.23	2	3	4	
2	90.61	174.45	123.48	142.61	45.77	1	4	
3	123.48	142.61	209.34	59.48	119.50	0	
4	209.34	59.48	215.00	54.00	7.88	1	1	

4	1	192.720	4
1	89.00	176.00	90.86	174.50	2.39	2	3	4	
2	90.86	174.50	126.36	145.86	45.61	1	4	
3	126.36	145.86	215.65	73.84	114.72	0	
4	215.65	73.84	239.00	55.00	30.00	1	1	

4	2	169.163	4
1	89.00	176.00	89.77	174.30	1.87	2	3	4	
2	89.77	174.30	108.86	132.30	46.13	1	4	
3	108.86	132.30	140.79	62.06	77.16	0	
4	140.79	62.06	159.00	22.00	44.00	1	2	

4	3	22.204	1
1	89.00	176.00	86.00	198.00	22.20	2	3	4	

4	4	0	0

4	5	83.054	4
1	89.00	176.00	87.34	221.96	45.99	2	3	4	
2	87.34	221.96	87.27	223.97	2.01	1	4	
3	87.27	223.97	86.36	249.01	25.05	0	
4	86.36	249.01	86.00	259.00	10.00	1	5	

4	6	139.201	4
1	89.00	176.00	90.96	174.52	2.46	2	3	4	
2	90.96	174.52	127.28	147.03	45.54	1	4	
3	127.28	147.03	196.81	94.41	87.20	0	
4	196.81	94.41	200.00	92.00	4.00	1	6	

4	7	147.340	6
1	89.00	176.00	89.12	174.20	1.80	1	4	
2	89.12	174.20	92.26	128.11	46.20	0	
3	92.26	128.11	97.98	44.05	84.26	0	
4	97.98	44.05	98.12	41.97	2.08	1	10	
5	98.12	41.97	98.55	35.60	6.38	2	7	10	
6	98.55	35.60	99.00	29.00	6.62	3	7	9	10	

4	8	131.244	4
1	89.00	176.00	88.58	174.14	1.91	2	3	4	
2	88.58	174.14	78.39	129.19	46.09	1	4	
3	78.39	129.19	67.29	80.18	50.24	0	
4	67.29	80.18	60.00	48.00	33.00	0	

4	9	165.593	7
1	89.00	176.00	89.15	174.21	1.80	1	4	
2	89.15	174.21	93.06	128.17	46.20	1	4	
3	93.06	128.17	100.30	42.80	85.67	0	
4	100.30	42.80	100.38	41.93	0.88	0	
5	100.38	41.93	100.89	35.91	6.04	2	7	10	
6	100.89	35.91	102.53	16.49	19.49	3	7	9	10	
7	102.53	16.49	103.00	11.00	5.51	2	9	10	

4	10	159.050	7
1	89.00	176.00	88.95	174.18	1.82	2	3	4	
2	88.95	174.18	87.79	128.01	46.18	0	
3	87.79	128.01	86.28	67.96	60.08	0	
4	86.28	67.96	85.75	46.99	20.97	1	8	
5	85.75	46.99	85.29	28.65	18.35	1	8	
6	85.29	28.65	85.25	26.75	1.90	2	9	10	
7	85.25	26.75	85.00	17.00	9.75	2	9	10	

5	0	242.211	5
1	86.00	259.00	91.33	250.54	10.00	1	5	
2	91.33	250.54	111.57	218.36	38.02	0	
3	111.57	218.36	136.96	178.02	47.66	1	4	
4	136.96	178.02	209.87	62.16	136.89	0	
5	209.87	62.16	215.00	54.00	9.64	1	1	

5	1	255.000	5
1	86.00	259.00	92.00	251.00	10.00	1	5	
2	92.00	251.00	122.38	210.49	50.63	0	
3	122.38	210.49	131.46	198.39	15.13	1	4	
4	131.46	198.39	221.00	79.00	149.23	0	
5	221.00	79.00	239.00	55.00	30.00	1	1	

5	2	247.988	7
1	86.00	259.00	88.94	249.44	10.00	1	5	
2	88.94	249.44	96.99	223.33	27.32	0	
3	96.99	223.33	98.47	218.50	5.05	1	4	
4	98.47	218.50	107.85	188.07	31.85	2	3	4	
5	107.85	188.07	122.23	141.37	48.87	1	4	
6	122.23	141.37	146.05	64.05	80.90	0	
7	146.05	64.05	159.00	22.00	44.00	1	2	

5	3	61.000	4
1	86.00	259.00	86.00	249.00	10.00	1	5	
2	86.00	249.00	86.00	223.91	25.09	0	
3	86.00	223.91	86.00	222.00	1.91	1	4	
4	86.00	222.00	86.00	198.00	24.00	2	3	4	

5	4	83.054	4
1	86.00	259.00	86.36	249.01	10.00	1	5	
2	86.36	249.01	87.27	223.97	25.05	0	
3	87.27	223.97	87.34	221.96	2.01	1	4	
4	87.34	221.96	89.00	176.00	45.99	2	3	4	

5	5	0	0

5	6	202.200	5
1	86.00	259.00	91.64	250.74	10.00	1	5	
2	91.64	250.74	115.21	216.21	41.80	0	
3	115.21	216.21	136.00	185.76	36.88	1	4	
4	136.00	185.76	197.74	95.30	109.52	0	
5	197.74	95.30	200.00	92.00	4.00	1	6	

5	7	230.367	9
1	86.00	259.00	86.56	249.02	10.00	1	5	
2	86.56	249.02	87.98	223.99	25.07	0	
3	87.98	223.99	88.10	221.91	2.08	1	4	
4	88.10	221.91	90.78	174.48	47.50	2	3	4	
5	90.78	174.48	93.39	128.20	46.35	0	
6	93.39	128.20	98.15	43.96	84.37	0	
7	98.15	43.96	98.27	41.98	1.99	1	10	
8	98.27	41.98	98.63	35.62	6.37	2	7	10	
9	98.63	35.62	99.00	29.00	6.63	2	7	10	

5	8	212.596	7
1	86.00	259.00	84.78	249.07	10.00	1	5	
2	84.78	249.07	81.62	223.43	25.84	0	
3	81.62	223.43	81.39	221.55	1.89	1	4	
4	81.39	221.55	75.81	176.27	45.62	2	3	4	
5	75.81	176.27	70.32	131.78	44.83	1	4	
6	70.32	131.78	64.04	80.75	51.42	0	
7	64.04	80.75	60.00	48.00	33.00	1	8	

5	9	248.582	10
1	86.00	259.00	86.68	249.02	10.00	1	5	
2	86.68	249.02	88.40	224.00	25.09	0	
3	88.40	224.00	88.55	221.86	2.14	1	4	
4	88.55	221.86	91.78	174.71	47.27	2	3	4	
5	91.78	174.71	94.95	128.37	46.44	1	4	
6	94.95	128.37	100.84	42.48	86.10	0	
7	100.84	42.48	100.88	41.86	0.61	1	10	
8	100.88	41.86	101.29	35.94	5.94	2	7	10	
9	101.29	35.94	102.62	16.51	19.47	3	7	9	10	
10	102.62	16.51	103.00	11.00	5.53	2	9	10	

5	10	242.002	10
1	86.00	259.00	85.96	249.01	9.99	1	5	
2	85.96	249.01	85.85	223.89	25.12	0	
3	85.85	223.89	85.85	222.00	1.89	1	4	
4	85.85	222.00	85.65	174.01	47.99	2	3	4	
5	85.65	174.01	85.46	128.13	45.88	0	
6	85.46	128.13	85.22	69.30	58.83	0	
7	85.22	69.30	85.12	47.01	22.29	0	
8	85.12	47.01	85.05	28.40	18.61	1	8	
9	85.05	28.40	85.04	26.51	1.89	3	8	9	10	
10	85.04	26.51	85.00	17.00	9.51	2	9	10	

6	0	40.853	3
1	200.00	92.00	201.47	88.28	4.00	1	6	
2	201.47	88.28	210.69	64.92	25.11	0	
3	210.69	64.92	215.00	54.00	11.74	1	1	

6	1	53.759	3
1	200.00	92.00	202.90	89.25	4.00	1	6	
2	202.90	89.25	217.24	75.65	19.76	0	
3	217.24	75.65	239.00	55.00	30.00	1	1	

6	2	81.123	3
1	200.00	92.00	197.98	88.55	4.00	1	6	
2	197.98	88.55	181.24	59.97	33.12	0	
3	181.24	59.97	159.00	22.00	44.00	1	2	

6	3	155.666	4
1	200.00	92.00	197.07	94.72	4.00	1	6	
2	197.07	94.72	132.19	155.05	88.60	0	
3	132.19	155.05	103.58	181.66	39.07	1	4	
4	103.58	181.66	86.00	198.00	24.00	2	3	4	

6	4	139.201	4
1	200.00	92.00	196.81	94.41	4.00	1	6	
2	196.81	94.41	127.28	147.03	87.20	0	
3	127.28	147.03	90.96	174.52	45.54	1	4	
4	90.96	174.52	89.00	176.00	2.46	2	3	4	

6	5	202.200	5
1	200.00	92.00	197.74	95.30	4.00	1	6	
2	197.74	95.30	136.00	185.76	109.52	0	
3	136.00	185.76	115.21	216.21	36.88	1	4	
4	115.21	216.21	91.64	250.74	41.80	0	
5	91.64	250.74	86.00	259.00	10.00	1	5	

6	6	0	0

6	7	119.038	7
1	200.00	92.00	196.61	89.88	4.00	1	6	
2	196.61	89.88	158.31	65.99	45.14	0	
3	158.31	65.99	119.79	41.97	45.39	1	2	
4	119.79	41.97	110.03	35.88	11.51	0	
5	110.03	35.88	109.04	35.26	1.17	1	7	
6	109.04	35.26	108.88	35.16	0.19	2	7	9	
7	108.88	35.16	99.00	29.00	11.64	3	7	9	10	

6	8	146.751	3
1	200.00	92.00	196.18	90.80	4.00	1	6	
2	196.18	90.80	91.48	57.89	109.75	0	
3	91.48	57.89	60.00	48.00	33.00	1	8	

6	9	126.372	6
1	200.00	92.00	196.93	89.44	4.00	1	6	
2	196.93	89.44	167.80	65.11	37.95	0	
3	167.80	65.11	122.19	27.02	59.42	1	2	
4	122.19	27.02	115.01	21.03	9.35	2	2	9	
5	115.01	21.03	114.76	20.82	0.33	1	9	
6	114.76	20.82	103.00	11.00	15.32	2	9	10	

6	10	137.295	8
1	200.00	92.00	196.65	89.81	4.00	1	6	
2	196.65	89.81	160.11	65.99	43.62	0	
3	160.11	65.99	118.30	38.72	49.92	1	2	
4	118.30	38.72	111.72	34.43	7.85	0	
5	111.72	34.43	111.01	33.97	0.85	1	9	
6	111.01	33.97	110.13	33.39	1.06	2	7	9	
7	110.13	33.39	89.61	20.01	24.49	3	7	9	10	
8	89.61	20.01	85.00	17.00	5.51	2	9	10	

7	0	118.663	7
1	99.00	29.00	111.19	31.63	12.47	3	7	9	10	
2	111.19	31.63	111.71	31.74	0.53	2	7	9	
3	111.71	31.74	115.62	32.58	4.00	1	9	
4	115.62	32.58	116.33	32.73	0.73	0	
5	116.33	32.73	193.46	49.36	78.90	1	2	
6	193.46	49.36	209.09	52.73	15.98	0	
7	209.09	52.73	215.00	54.00	6.05	1	1	

7	1	142.394	7
1	99.00	29.00	111.37	31.30	12.59	3	7	9	10	
2	111.37	31.30	111.78	31.37	0.41	2	7	9	
3	111.78	31.37	116.20	32.19	4.49	1	9	
4	116.20	32.19	116.25	32.20	0.05	2	2	9	
5	116.25	32.20	195.29	46.88	80.39	1	2	
6	195.29	46.88	209.50	49.52	14.46	0	
7	209.50	49.52	239.00	55.00	30.00	1	1	

7	2	60.407	5
1	99.00	29.00	111.91	27.49	13.00	3	7	9	10	
2	111.91	27.49	113.16	27.35	1.25	2	9	10	
3	113.16	27.35	115.30	27.10	2.15	1	9	
4	115.30	27.10	122.83	26.22	7.59	2	2	9	
5	122.83	26.22	159.00	22.00	36.41	1	2	

7	3	169.499	6
1	99.00	29.00	98.49	35.59	6.61	2	7	10	
2	98.49	35.59	98.00	41.96	6.39	1	10	
3	98.00	41.96	97.84	44.12	2.16	0	
4	97.84	44.12	91.38	128.06	84.19	0	
5	91.38	128.06	87.84	174.07	46.15	0	
6	87.84	174.07	86.00	198.00	24.00	2	3	4	

7	4	147.340	6
1	99.00	29.00	98.55	35.60	6.62	3	7	9	10	
2	98.55	35.60	98.12	41.97	6.38	2	7	10	
3	98.12	41.97	97.98	44.05	2.08	1	10	
4	97.98	44.05	92.26	128.11	84.26	0	
5	92.26	128.11	89.12	174.20	46.20	0	
6	89.12	174.20	89.00	176.00	1.80	1	4	

7	5	230.367	9
1	99.00	29.00	98.63	35.62	6.63	2	7	10	
2	98.63	35.62	98.27	41.98	6.37	2	7	10	
3	98.27	41.98	98.15	43.96	1.99	1	10	
4	98.15	43.96	93.39	128.20	84.37	0	
5	93.39	128.20	90.78	174.48	46.35	0	
6	90.78	174.48	88.10	221.91	47.50	2	3	4	
7	88.10	221.91	87.98	223.99	2.08	1	4	
8	87.98	223.99	86.56	249.02	25.07	0	
9	86.56	249.02	86.00	259.00	10.00	1	5	

7	6	119.038	7
1	99.00	29.00	108.88	35.16	11.64	3	7	9	10	
2	108.88	35.16	109.04	35.26	0.19	2	7	9	
3	109.04	35.26	110.03	35.88	1.17	1	7	
4	110.03	35.88	119.79	41.97	11.51	0	
5	119.79	41.97	158.31	65.99	45.39	1	2	
6	158.31	65.99	196.61	89.88	45.14	0	
7	196.61	89.88	200.00	92.00	4.00	1	6	

7	7	0	0

7	8	43.382	5
1	99.00	29.00	90.97	32.91	8.94	3	7	9	10	
2	90.97	32.91	89.67	33.55	1.45	2	7	10	
3	89.67	33.55	87.31	34.69	2.62	3	7	8	10	
4	87.31	34.69	70.14	43.06	19.10	2	8	10	
5	70.14	43.06	60.00	48.00	11.28	1	8	

7	9	18.439	2
1	99.00	29.00	101.82	16.31	13.00	3	7	9	10	
2	101.82	16.31	103.00	11.00	5.44	2	9	10	

7	10	18.439	2
1	99.00	29.00	89.13	20.54	13.00	3	7	9	10	
2	89.13	20.54	85.00	17.00	5.44	2	9	10	

8	0	155.116	5
1	60.00	48.00	92.98	49.28	33.00	1	8	
2	92.98	49.28	125.51	50.54	32.56	0	
3	125.51	50.54	190.19	53.04	64.73	1	2	
4	190.19	53.04	209.03	53.77	18.85	0	
5	209.03	53.77	215.00	54.00	5.98	1	1	

8	1	179.137	5
1	60.00	48.00	92.97	49.29	33.00	1	8	
2	92.97	49.29	125.53	50.56	32.58	0	
3	125.53	50.56	190.14	53.09	64.65	1	2	
4	190.14	53.09	209.02	53.83	18.90	0	
5	209.02	53.83	239.00	55.00	30.00	1	1	

8	2	102.357	9
1	60.00	48.00	73.13	44.55	13.58	1	8	
2	73.13	44.55	91.61	39.70	19.11	2	8	10	
3	91.61	39.70	91.92	39.62	0.31	3	7	8	10	
4	91.92	39.62	106.80	35.71	15.38	2	7	10	
5	106.80	35.71	108.88	35.16	2.15	3	7	9	10	
6	108.88	35.16	110.69	34.69	1.88	2	7	9	
7	110.69	34.69	111.84	34.39	1.18	1	9	
8	111.84	34.39	116.44	33.18	4.76	0	
9	116.44	33.18	159.00	22.00	44.00	1	2	

8	3	152.237	4
1	60.00	48.00	65.64	80.52	33.00	0	
2	65.64	80.52	74.27	130.32	50.54	0	
3	74.27	130.32	81.90	174.35	44.69	1	4	
4	81.90	174.35	86.00	198.00	24.00	2	3	4	

8	4	131.244	4
1	60.00	48.00	67.29	80.18	33.00	0	
2	67.29	80.18	78.39	129.19	50.24	0	
3	78.39	129.19	88.58	174.14	46.09	1	4	
4	88.58	174.14	89.00	176.00	1.91	2	3	4	

8	5	212.596	7
1	60.00	48.00	64.04	80.75	33.00	1	8	
2	64.04	80.75	70.32	131.78	51.42	0	
3	70.32	131.78	75.81	176.27	44.83	1	4	
4	75.81	176.27	81.39	221.55	45.62	2	3	4	
5	81.39	221.55	81.62	223.43	1.89	1	4	
6	81.62	223.43	84.78	249.07	25.84	0	
7	84.78	249.07	86.00	259.00	10.00	1	5	

8	6	146.751	3
1	60.00	48.00	91.48	57.89	33.00	1	8	
2	91.48	57.89	196.18	90.80	109.75	0	
3	196.18	90.80	200.00	92.00	4.00	1	6	

8	7	43.382	5
1	60.00	48.00	70.14	43.06	11.28	1	8	
2	70.14	43.06	87.31	34.69	19.10	2	8	10	
3	87.31	34.69	89.67	33.55	2.62	3	7	8	10	
4	89.67	33.55	90.97	32.91	1.45	2	7	10	
5	90.97	32.91	99.00	29.00	8.94	3	7	9	10	

8	8	0	0

8	9	56.727	6
1	60.00	48.00	67.61	41.45	10.04	1	8	
2	67.61	41.45	84.05	27.31	21.68	2	8	10	
3	84.05	27.31	85.01	26.48	1.27	3	8	9	10	
4	85.01	26.48	86.59	25.12	2.08	2	9	10	
5	86.59	25.12	97.01	16.15	13.74	3	7	9	10	
6	97.01	16.15	103.00	11.00	7.90	2	9	10	

8	10	39.825	4
1	60.00	48.00	66.17	40.35	9.82	1	8	
2	66.17	40.35	80.71	22.32	23.17	2	8	10	
3	80.71	22.32	80.72	22.31	0.01	3	8	9	10	
4	80.72	22.31	85.00	17.00	6.82	2	9	10	

9	0	119.971	6
1	103.00	11.00	114.97	15.59	12.82	2	9	10	
2	114.97	15.59	115.44	15.78	0.51	1	9	
3	115.44	15.78	126.34	19.96	11.67	2	2	9	
4	126.34	19.96	195.53	46.53	74.12	1	2	
5	195.53	46.53	209.18	51.76	14.62	0	
6	209.18	51.76	215.00	54.00	6.24	1	1	

9	1	142.941	6
1	103.00	11.00	114.92	14.86	12.53	2	9	10	
2	114.92	14.86	115.55	15.06	0.66	1	9	
3	115.55	15.06	126.79	18.70	11.81	2	2	9	
4	126.79	18.70	198.28	41.83	75.14	1	2	
5	198.28	41.83	210.46	45.77	12.80	0	
6	210.46	45.77	239.00	55.00	30.00	1	1	

9	2	57.070	4
1	103.00	11.00	114.77	13.31	12.00	2	9	10	
2	114.77	13.31	115.83	13.52	1.07	1	9	
3	115.83	13.52	127.53	15.82	11.93	2	2	9	
4	127.53	15.82	159.00	22.00	32.07	1	2	

9	3	187.771	7
1	103.00	11.00	102.50	16.48	5.50	2	9	10	
2	102.50	16.48	100.74	35.90	19.50	3	7	9	10	
3	100.74	35.90	100.19	41.95	6.07	2	7	10	
4	100.19	41.95	100.10	42.92	0.98	1	10	
5	100.10	42.92	92.35	128.12	85.54	0	
6	92.35	128.12	88.17	174.10	46.17	0	
7	88.17	174.10	86.00	198.00	24.00	1	4	

9	4	165.593	7
1	103.00	11.00	102.53	16.49	5.51	2	9	10	
2	102.53	16.49	100.89	35.91	19.49	3	7	9	10	
3	100.89	35.91	100.38	41.93	6.04	2	7	10	
4	100.38	41.93	100.30	42.80	0.88	0	
5	100.30	42.80	93.06	128.17	85.67	0	
6	93.06	128.17	89.15	174.21	46.20	1	4	
7	89.15	174.21	89.00	176.00	1.80	1	4	

9	5	248.582	10
1	103.00	11.00	102.62	16.51	5.53	2	9	10	
2	102.62	16.51	101.29	35.94	19.47	3	7	9	10	
3	101.29	35.94	100.88	41.86	5.94	2	7	10	
4	100.88	41.86	100.84	42.48	0.61	1	10	
5	100.84	42.48	94.95	128.37	86.10	0	
6	94.95	128.37	91.78	174.71	46.44	1	4	
7	91.78	174.71	88.55	221.86	47.27	2	3	4	
8	88.55	221.86	88.40	224.00	2.14	1	4	
9	88.40	224.00	86.68	249.02	25.09	0	
10	86.68	249.02	86.00	259.00	10.00	1	5	

9	6	126.372	6
1	103.00	11.00	114.76	20.82	15.32	2	9	10	
2	114.76	20.82	115.01	21.03	0.33	1	9	
3	115.01	21.03	122.19	27.02	9.35	2	2	9	
4	122.19	27.02	167.80	65.11	59.42	1	2	
5	167.80	65.11	196.93	89.44	37.95	0	
6	196.93	89.44	200.00	92.00	4.00	1	6	

9	7	18.439	2
1	103.00	11.00	101.82	16.31	5.44	2	9	10	
2	101.82	16.31	99.00	29.00	13.00	3	7	9	10	

9	8	56.727	6
1	103.00	11.00	97.01	16.15	7.90	2	9	10	
2	97.01	16.15	86.59	25.12	13.74	3	7	9	10	
3	86.59	25.12	85.01	26.48	2.08	2	9	10	
4	85.01	26.48	84.05	27.31	1.27	3	8	9	10	
5	84.05	27.31	67.61	41.45	21.68	2	8	10	
6	67.61	41.45	60.00	48.00	10.04	1	8	

9	9	0	0

9	10	18.974	1
1	103.00	11.00	85.00	17.00	18.97	2	9	10	

10	0	135.163	8
1	85.00	17.00	91.04	18.72	6.28	2	9	10	
2	91.04	18.72	111.18	24.45	20.93	3	7	9	10	
3	111.18	24.45	113.85	25.21	2.78	2	9	10	
4	113.85	25.21	115.15	25.58	1.34	1	9	
5	115.15	25.58	121.80	27.47	6.92	2	2	9	
6	121.80	27.47	194.40	48.14	75.48	1	2	
7	194.40	48.14	209.12	52.33	15.31	0	
8	209.12	52.33	215.00	54.00	6.11	1	1	

10	1	158.619	8
1	85.00	17.00	91.27	18.55	6.46	2	9	10	
2	91.27	18.55	110.70	23.34	20.02	3	7	9	10	
3	110.70	23.34	114.13	24.19	3.52	2	9	10	
4	114.13	24.19	115.07	24.42	0.97	1	9	
5	115.07	24.42	122.76	26.32	7.92	2	2	9	
6	122.76	26.32	196.77	44.58	76.23	1	2	
7	196.77	44.58	209.87	47.81	13.50	0	
8	209.87	47.81	239.00	55.00	30.00	1	1	

10	2	74.169	6
1	85.00	17.00	92.88	17.53	7.90	2	9	10	
2	92.88	17.53	106.61	18.46	13.76	3	7	9	10	
3	106.61	18.46	114.93	19.02	8.34	2	9	10	
4	114.93	19.02	115.10	19.03	0.17	1	9	
5	115.10	19.03	126.40	19.80	11.33	2	2	9	
6	126.40	19.80	159.00	22.00	32.67	1	2	

10	3	181.003	7
1	85.00	17.00	85.05	26.52	9.52	2	9	10	
2	85.05	26.52	85.06	28.42	1.90	2	8	10	
3	85.06	28.42	85.17	46.99	18.57	2	8	10	
4	85.17	46.99	85.29	69.20	22.21	1	8	
5	85.29	69.20	85.61	128.12	58.92	0	
6	85.61	128.12	85.87	174.00	45.88	0	
7	85.87	174.00	86.00	198.00	24.00	1	4	

10	4	159.050	7
1	85.00	17.00	85.25	26.75	9.75	2	9	10	
2	85.25	26.75	85.29	28.65	1.90	2	9	10	
3	85.29	28.65	85.75	46.99	18.35	1	8	
4	85.75	46.99	86.28	67.96	20.97	1	8	
5	86.28	67.96	87.79	128.01	60.08	0	
6	87.79	128.01	88.95	174.18	46.18	0	
7	88.95	174.18	89.00	176.00	1.82	2	3	4	

10	5	242.002	10
1	85.00	17.00	85.04	26.51	9.51	2	9	10	
2	85.04	26.51	85.05	28.40	1.89	3	8	9	10	
3	85.05	28.40	85.12	47.01	18.61	1	8	
4	85.12	47.01	85.22	69.30	22.29	0	
5	85.22	69.30	85.46	128.13	58.83	0	
6	85.46	128.13	85.65	174.01	45.88	0	
7	85.65	174.01	85.85	222.00	47.99	2	3	4	
8	85.85	222.00	85.85	223.89	1.89	1	4	
9	85.85	223.89	85.96	249.01	25.12	0	
10	85.96	249.01	86.00	259.00	9.99	1	5	

10	6	137.295	8
1	85.00	17.00	89.61	20.01	5.51	2	9	10	
2	89.61	20.01	110.13	33.39	24.49	3	7	9	10	
3	110.13	33.39	111.01	33.97	1.06	2	7	9	
4	111.01	33.97	111.72	34.43	0.85	1	9	
5	111.72	34.43	118.30	38.72	7.85	0	
6	118.30	38.72	160.11	65.99	49.92	1	2	
7	160.11	65.99	196.65	89.81	43.62	0	
8	196.65	89.81	200.00	92.00	4.00	1	6	

10	7	18.439	2
1	85.00	17.00	89.13	20.54	5.44	2	9	10	
2	89.13	20.54	99.00	29.00	13.00	3	7	9	10	

10	8	39.825	4
1	85.00	17.00	80.72	22.31	6.82	2	9	10	
2	80.72	22.31	80.71	22.32	0.01	3	8	9	10	
3	80.71	22.32	66.17	40.35	23.17	2	8	10	
4	66.17	40.35	60.00	48.00	9.82	1	8	

10	9	18.974	1
1	85.00	17.00	103.00	11.00	18.97	2	9	10	

10	10	0	0
