11	187	2	0.001	50.0
34.000	13.000	0.000	6.000	0.000
77.000	168.000	13.000	7.000	2.000
272.000	184.000	34.000	5.000	19.000
56.000	186.000	47.000	6.000	17.000
269.000	163.000	32.000	5.000	13.000
41.000	120.000	8.000	7.000	5.000
253.000	206.000	14.000	2.000	11.000
203.000	244.000	9.000	8.000	19.000
111.000	62.000	27.000	9.000	10.000
283.000	90.000	13.000	2.000	8.000
274.000	148.000	16.000	2.000	12.000

0	0	0	0

0	1	160.854	3
1	34.00	13.00	69.50	140.98	132.82	0	
2	69.50	140.98	73.52	155.47	15.04	1	3	
3	73.52	155.47	77.00	168.00	13.00	2	1	3	

0	2	293.061	5
1	34.00	13.00	86.48	50.70	64.62	0	
2	86.48	50.70	129.53	81.64	53.01	1	8	
3	129.53	81.64	237.25	159.03	132.64	0	
4	237.25	159.03	244.39	164.16	8.79	1	4	
5	244.39	164.16	272.00	184.00	34.00	2	2	4	

0	3	174.393	4
1	34.00	13.00	46.92	114.62	102.44	0	
2	46.92	114.62	48.08	123.72	9.17	1	5	
3	48.08	123.72	50.07	139.38	15.78	0	
4	50.07	139.38	56.00	186.00	47.00	1	3	

0	4	278.792	6
1	34.00	13.00	88.17	47.58	64.27	0	
2	88.17	47.58	133.69	76.63	54.00	1	8	
3	133.69	76.63	242.03	145.78	128.52	0	
4	242.03	145.78	255.41	154.32	15.87	1	4	
5	255.41	154.32	261.90	158.47	7.70	2	2	4	
6	261.90	158.47	269.00	163.00	8.42	3	2	4	10	

0	5	107.229	2
1	34.00	13.00	40.48	112.02	99.23	0	
2	40.48	112.02	41.00	120.00	8.00	1	5	

0	6	291.908	5
1	34.00	13.00	84.39	57.41	67.17	0	
2	84.39	57.41	118.90	87.82	45.99	1	8	
3	118.90	87.82	239.55	194.15	160.82	0	
4	239.55	194.15	242.50	196.74	3.93	1	2	
5	242.50	196.74	253.00	206.00	14.00	2	2	6	

0	7	286.220	2
1	34.00	13.00	197.69	236.74	277.22	0	
2	197.69	236.74	203.00	244.00	9.00	1	7	

0	8	91.269	2
1	34.00	13.00	88.22	47.50	64.27	0	
2	88.22	47.50	111.00	62.00	27.00	1	8	

0	9	260.634	4
1	34.00	13.00	106.41	35.39	75.80	0	
2	106.41	35.39	129.81	42.63	24.49	1	8	
3	129.81	42.63	270.58	86.16	147.35	0	
4	270.58	86.16	283.00	90.00	13.00	1	9	

0	10	275.363	5
1	34.00	13.00	90.30	44.67	64.59	0	
2	90.30	44.67	136.56	70.69	53.08	1	8	
3	136.56	70.69	252.22	135.75	132.70	0	
4	252.22	135.75	260.05	140.16	8.99	1	4	
5	260.05	140.16	274.00	148.00	16.00	2	4	10	

1	0	160.854	3
1	77.00	168.00	73.52	155.47	13.00	2	1	3	
2	73.52	155.47	69.50	140.98	15.04	1	3	
3	69.50	140.98	34.00	13.00	132.82	0	

1	1	0	0

1	2	195.655	5
1	77.00	168.00	89.96	169.06	13.00	2	1	3	
2	89.96	169.06	100.16	169.90	10.23	1	3	
3	100.16	169.90	238.11	181.22	138.42	0	
4	238.11	181.22	242.97	181.62	4.88	1	2	
5	242.97	181.62	272.00	184.00	29.12	2	2	4	

1	3	27.659	2
1	77.00	168.00	67.13	176.46	13.00	2	1	3	
2	67.13	176.46	56.00	186.00	14.66	1	3	

1	4	192.065	6
1	77.00	168.00	90.00	167.66	13.00	2	1	3	
2	90.00	167.66	99.17	167.42	9.18	1	3	
3	99.17	167.42	237.01	163.83	137.88	0	
4	237.01	163.83	244.78	163.63	7.77	1	4	
5	244.78	163.63	268.47	163.01	23.70	2	2	4	
6	268.47	163.01	269.00	163.00	0.53	3	2	4	10	

1	5	60.000	4
1	77.00	168.00	69.20	157.60	13.00	2	1	3	
2	69.20	157.60	55.25	139.01	23.24	1	3	
3	55.25	139.01	45.80	126.40	15.76	0	
4	45.80	126.40	41.00	120.00	8.00	1	5	

1	6	180.056	5
1	77.00	168.00	89.71	170.74	13.00	2	1	3	
2	89.71	170.74	101.23	173.23	11.79	1	3	
3	101.23	173.23	239.32	203.05	141.26	0	
4	239.32	203.05	244.65	204.20	5.46	1	6	
5	244.65	204.20	253.00	206.00	8.54	2	2	6	

1	7	147.146	4
1	77.00	168.00	88.13	174.71	13.00	2	1	3	
2	88.13	174.71	102.94	183.65	17.29	1	3	
3	102.94	183.65	195.29	239.35	107.85	0	
4	195.29	239.35	203.00	244.00	9.00	1	7	

1	8	111.319	4
1	77.00	168.00	80.97	155.62	13.00	2	1	3	
2	80.97	155.62	83.46	147.86	8.15	1	3	
3	83.46	147.86	102.75	87.71	63.17	0	
4	102.75	87.71	111.00	62.00	27.00	1	8	

1	9	220.273	4
1	77.00	168.00	89.16	163.40	13.00	2	1	3	
2	89.16	163.40	95.74	160.90	7.04	1	3	
3	95.74	160.90	270.84	94.60	187.23	0	
4	270.84	94.60	283.00	90.00	13.00	1	9	

1	10	198.013	5
1	77.00	168.00	89.93	166.69	13.00	2	1	3	
2	89.93	166.69	98.45	165.82	8.56	1	3	
3	98.45	165.82	239.12	151.54	141.40	0	
4	239.12	151.54	258.08	149.62	19.06	1	4	
5	258.08	149.62	274.00	148.00	16.00	2	4	10	

2	0	293.061	5
1	272.00	184.00	244.39	164.16	34.00	2	2	4	
2	244.39	164.16	237.25	159.03	8.79	1	4	
3	237.25	159.03	129.53	81.64	132.64	0	
4	129.53	81.64	86.48	50.70	53.01	1	8	
5	86.48	50.70	34.00	13.00	64.62	0	

2	1	195.655	5
1	272.00	184.00	242.97	181.62	29.12	2	2	4	
2	242.97	181.62	238.11	181.22	4.88	1	2	
3	238.11	181.22	100.16	169.90	138.42	0	
4	100.16	169.90	89.96	169.06	10.23	1	3	
5	89.96	169.06	77.00	168.00	13.00	2	1	3	

2	2	0	0

2	3	216.009	4
1	272.00	184.00	245.07	184.25	26.93	2	2	4	
2	245.07	184.25	238.00	184.31	7.07	1	2	
3	238.00	184.31	103.00	185.56	135.01	0	
4	103.00	185.56	56.00	186.00	47.00	1	3	

2	4	21.213	2
1	272.00	184.00	269.03	163.21	21.00	2	2	4	
2	269.03	163.21	269.00	163.00	0.21	3	2	4	10	

2	5	239.702	4
1	272.00	184.00	239.31	174.94	33.92	2	2	4	
2	239.31	174.94	239.23	174.92	0.08	1	2	
3	239.23	174.92	48.71	122.14	197.70	0	
4	48.71	122.14	41.00	120.00	8.00	1	5	

2	6	29.069	3
1	272.00	184.00	262.99	194.43	13.78	2	2	4	
2	262.99	194.43	262.15	195.40	1.29	1	2	
3	262.15	195.40	253.00	206.00	14.00	2	2	6	

2	7	91.439	6
1	272.00	184.00	260.63	193.89	15.07	2	2	4	
2	260.63	193.89	260.38	194.10	0.33	1	2	
3	260.38	194.10	246.34	206.31	18.60	2	2	6	
4	246.34	206.31	240.19	211.66	8.15	1	6	
5	240.19	211.66	209.79	238.09	40.29	0	
6	209.79	238.09	203.00	244.00	9.00	1	7	

2	8	202.002	4
1	272.00	184.00	244.90	163.47	34.00	2	2	4	
2	244.90	163.47	237.43	157.80	9.38	1	4	
3	237.43	157.80	132.52	78.31	131.62	0	
4	132.52	78.31	111.00	62.00	27.00	1	8	

2	9	94.641	6
1	272.00	184.00	274.34	164.00	20.14	2	2	4	
2	274.34	164.00	275.95	150.23	13.86	2	4	10	
3	275.95	150.23	278.02	132.51	17.84	2	4	10	
4	278.02	132.51	278.05	132.31	0.21	0	
5	278.05	132.31	281.49	102.91	29.59	0	
6	281.49	102.91	283.00	90.00	13.00	1	9	

2	10	36.056	3
1	272.00	184.00	273.11	163.97	20.06	2	2	4	
2	273.11	163.97	273.89	150.05	13.94	2	4	10	
3	273.89	150.05	274.00	148.00	2.06	2	4	10	

3	0	174.393	4
1	56.00	186.00	50.07	139.38	47.00	1	3	
2	50.07	139.38	48.08	123.72	15.78	0	
3	48.08	123.72	46.92	114.62	9.17	1	5	
4	46.92	114.62	34.00	13.00	102.44	0	

3	1	27.659	2
1	56.00	186.00	67.13	176.46	14.66	1	3	
2	67.13	176.46	77.00	168.00	13.00	2	1	3	

3	2	216.009	4
1	56.00	186.00	103.00	185.56	47.00	1	3	
2	103.00	185.56	238.00	184.31	135.01	0	
3	238.00	184.31	245.07	184.25	7.07	1	2	
4	245.07	184.25	272.00	184.00	26.93	2	2	4	

3	3	0	0

3	4	214.238	5
1	56.00	186.00	102.73	180.95	47.00	1	3	
2	102.73	180.95	237.18	166.44	135.24	0	
3	237.18	166.44	243.30	165.78	6.15	1	4	
4	243.30	165.78	268.56	163.05	25.41	2	2	4	
5	268.56	163.05	269.00	163.00	0.44	3	2	4	10	

3	5	67.683	3
1	56.00	186.00	45.58	140.17	47.00	1	3	
2	45.58	140.17	42.77	127.80	12.68	0	
3	42.77	127.80	41.00	120.00	8.00	1	5	

3	6	198.013	4
1	56.00	186.00	102.76	190.75	47.00	1	3	
2	102.76	190.75	239.07	204.59	137.01	0	
3	239.07	204.59	245.45	205.23	6.41	1	6	
4	245.45	205.23	253.00	206.00	7.59	2	2	6	

3	7	158.028	3
1	56.00	186.00	99.72	203.25	47.00	1	3	
2	99.72	203.25	194.63	240.70	102.03	0	
3	194.63	240.70	203.00	244.00	9.00	1	7	

3	8	135.650	5
1	56.00	186.00	64.00	167.96	19.73	1	3	
2	64.00	167.96	68.25	158.39	10.47	2	1	3	
3	68.25	158.39	75.06	143.04	16.79	1	3	
4	75.06	143.04	100.05	86.68	61.65	0	
5	100.05	86.68	111.00	62.00	27.00	1	8	

3	9	246.465	5
1	56.00	186.00	71.13	179.60	16.43	1	3	
2	71.13	179.60	89.41	171.87	19.85	2	1	3	
3	89.41	171.87	99.29	167.69	10.72	1	3	
4	99.29	167.69	271.03	95.06	186.46	0	
5	271.03	95.06	283.00	90.00	13.00	1	9	

3	10	221.287	4
1	56.00	186.00	102.30	177.93	47.00	1	3	
2	102.30	177.93	238.22	154.24	137.97	0	
3	238.22	154.24	258.24	150.75	20.32	1	4	
4	258.24	150.75	274.00	148.00	16.00	2	4	10	

4	0	278.792	6
1	269.00	163.00	261.90	158.47	8.42	3	2	4	10	
2	261.90	158.47	255.41	154.32	7.70	2	2	4	
3	255.41	154.32	242.03	145.78	15.87	1	4	
4	242.03	145.78	133.69	76.63	128.52	0	
5	133.69	76.63	88.17	47.58	54.00	1	8	
6	88.17	47.58	34.00	13.00	64.27	0	

4	1	192.065	6
1	269.00	163.00	268.47	163.01	0.53	3	2	4	10	
2	268.47	163.01	244.78	163.63	23.70	2	2	4	
3	244.78	163.63	237.01	163.83	7.77	1	4	
4	237.01	163.83	99.17	167.42	137.88	0	
5	99.17	167.42	90.00	167.66	9.18	1	3	
6	90.00	167.66	77.00	168.00	13.00	2	1	3	

4	2	21.213	2
1	269.00	163.00	269.03	163.21	0.21	3	2	4	10	
2	269.03	163.21	272.00	184.00	21.00	2	2	4	

4	3	214.238	5
1	269.00	163.00	268.56	163.05	0.44	3	2	4	10	
2	268.56	163.05	243.30	165.78	25.41	2	2	4	
3	243.30	165.78	237.18	166.44	6.15	1	4	
4	237.18	166.44	102.73	180.95	135.24	0	
5	102.73	180.95	56.00	186.00	47.00	1	3	

4	4	0	0

4	5	232.019	5
1	269.00	163.00	267.90	162.79	1.11	3	2	4	10	
2	267.90	162.79	248.76	159.18	19.48	2	2	4	
3	248.76	159.18	237.55	157.07	11.40	1	4	
4	237.55	157.07	48.86	121.48	192.02	0	
5	48.86	121.48	41.00	120.00	8.00	1	5	

4	6	45.880	4
1	269.00	163.00	268.93	163.18	0.19	3	2	4	10	
2	268.93	163.18	257.88	192.88	31.69	2	2	4	
3	257.88	192.88	257.84	192.99	0.12	3	2	4	6	
4	257.84	192.99	253.00	206.00	13.88	2	2	6	

4	7	104.484	5
1	269.00	163.00	268.87	163.16	0.20	3	2	4	10	
2	268.87	163.16	248.79	187.81	31.80	2	2	4	
3	248.79	187.81	240.83	197.58	12.60	1	2	
4	240.83	197.58	208.69	237.02	50.88	0	
5	208.69	237.02	203.00	244.00	9.00	1	7	

4	8	187.523	5
1	269.00	163.00	261.89	158.45	8.44	3	2	4	10	
2	261.89	158.45	255.42	154.32	7.68	2	2	4	
3	255.42	154.32	242.04	145.76	15.88	1	4	
4	242.04	145.76	133.75	76.54	128.52	0	
5	133.75	76.54	111.00	62.00	27.00	1	8	

4	9	74.330	5
1	269.00	163.00	271.49	150.00	13.23	3	2	4	10	
2	271.49	150.00	274.94	132.03	18.30	2	4	10	
3	274.94	132.03	275.03	131.57	0.46	1	4	
4	275.03	131.57	280.55	102.77	29.33	0	
5	280.55	102.77	283.00	90.00	13.00	1	9	

4	10	15.811	2
1	269.00	163.00	273.32	150.03	13.68	3	2	4	10	
2	273.32	150.03	274.00	148.00	2.14	2	4	10	

5	0	107.229	2
1	41.00	120.00	40.48	112.02	8.00	1	5	
2	40.48	112.02	34.00	13.00	99.23	0	

5	1	60.000	4
1	41.00	120.00	45.80	126.40	8.00	1	5	
2	45.80	126.40	55.25	139.01	15.76	0	
3	55.25	139.01	69.20	157.60	23.24	1	3	
4	69.20	157.60	77.00	168.00	13.00	2	1	3	

5	2	239.702	4
1	41.00	120.00	48.71	122.14	8.00	1	5	
2	48.71	122.14	239.23	174.92	197.70	0	
3	239.23	174.92	239.31	174.94	0.08	1	2	
4	239.31	174.94	272.00	184.00	33.92	2	2	4	

5	3	67.683	3
1	41.00	120.00	42.77	127.80	8.00	1	5	
2	42.77	127.80	45.58	140.17	12.68	0	
3	45.58	140.17	56.00	186.00	47.00	1	3	

5	4	232.019	5
1	41.00	120.00	48.86	121.48	8.00	1	5	
2	48.86	121.48	237.55	157.07	192.02	0	
3	237.55	157.07	248.76	159.18	11.40	1	4	
4	248.76	159.18	267.90	162.79	19.48	2	2	4	
5	267.90	162.79	269.00	163.00	1.11	3	2	4	10	

5	5	0	0

5	6	228.779	4
1	41.00	120.00	48.41	123.01	8.00	1	5	
2	48.41	123.01	240.03	200.74	206.78	0	
3	240.03	200.74	243.16	202.01	3.38	1	6	
4	243.16	202.01	253.00	206.00	10.62	2	2	6	

5	7	204.010	5
1	41.00	120.00	47.35	124.86	8.00	1	5	
2	47.35	124.86	67.78	140.50	25.73	0	
3	67.78	140.50	96.84	162.74	36.60	1	3	
4	96.84	162.74	195.85	238.53	124.69	0	
5	195.85	238.53	203.00	244.00	9.00	1	7	

5	8	90.907	3
1	41.00	120.00	47.16	114.90	8.00	1	5	
2	47.16	114.90	90.21	79.23	55.91	0	
3	90.21	79.23	111.00	62.00	27.00	1	8	

5	9	243.852	3
1	41.00	120.00	48.94	119.02	8.00	1	5	
2	48.94	119.02	270.10	91.60	222.85	0	
3	270.10	91.60	283.00	90.00	13.00	1	9	

5	10	234.676	4
1	41.00	120.00	48.94	120.95	8.00	1	5	
2	48.94	120.95	243.05	144.28	195.50	0	
3	243.05	144.28	258.11	146.09	15.18	1	4	
4	258.11	146.09	274.00	148.00	16.00	2	4	10	

6	0	291.908	5
1	253.00	206.00	242.50	196.74	14.00	2	2	6	
2	242.50	196.74	239.55	194.15	3.93	1	2	
3	239.55	194.15	118.90	87.82	160.82	0	
4	118.90	87.82	84.39	57.41	45.99	1	8	
5	84.39	57.41	34.00	13.00	67.17	0	

6	1	180.056	5
1	253.00	206.00	244.65	204.20	8.54	2	2	6	
2	244.65	204.20	239.32	203.05	5.46	1	6	
3	239.32	203.05	101.23	173.23	141.26	0	
4	101.23	173.23	89.71	170.74	11.79	1	3	
5	89.71	170.74	77.00	168.00	13.00	2	1	3	

6	2	29.069	3
1	253.00	206.00	262.15	195.40	14.00	2	2	6	
2	262.15	195.40	262.99	194.43	1.29	1	2	
3	262.99	194.43	272.00	184.00	13.78	2	2	4	

6	3	198.013	4
1	253.00	206.00	245.45	205.23	7.59	2	2	6	
2	245.45	205.23	239.07	204.59	6.41	1	6	
3	239.07	204.59	102.76	190.75	137.01	0	
4	102.76	190.75	56.00	186.00	47.00	1	3	

6	4	45.880	4
1	253.00	206.00	257.84	192.99	13.88	2	2	6	
2	257.84	192.99	257.88	192.88	0.12	3	2	4	6	
3	257.88	192.88	268.93	163.18	31.69	2	2	4	
4	268.93	163.18	269.00	163.00	0.19	3	2	4	10	

6	5	228.779	4
1	253.00	206.00	243.16	202.01	10.62	2	2	6	
2	243.16	202.01	240.03	200.74	3.38	1	6	
3	240.03	200.74	48.41	123.01	206.78	0	
4	48.41	123.01	41.00	120.00	8.00	1	5	

6	6	0	0

6	7	62.801	4
1	253.00	206.00	249.00	209.04	5.02	2	2	6	
2	249.00	209.04	241.85	214.47	8.98	1	6	
3	241.85	214.47	210.17	238.55	39.80	0	
4	210.17	238.55	203.00	244.00	9.00	1	7	

6	8	202.237	4
1	253.00	206.00	243.17	196.03	14.00	2	2	6	
2	243.17	196.03	238.88	191.68	6.11	1	2	
3	238.88	191.68	129.96	81.22	155.13	0	
4	129.96	81.22	111.00	62.00	27.00	1	8	

6	9	119.817	8
1	253.00	206.00	256.50	192.46	13.99	2	2	6	
2	256.50	192.46	256.51	192.45	0.01	3	2	4	6	
3	256.51	192.45	264.64	160.98	32.50	2	2	4	
4	264.64	160.98	267.40	150.31	11.02	3	2	4	10	
5	267.40	150.31	272.11	132.11	18.80	2	4	10	
6	272.11	132.11	272.35	131.18	0.97	1	4	
7	272.35	131.18	279.75	102.59	29.53	0	
8	279.75	102.59	283.00	90.00	13.00	1	9	

6	10	61.685	5
1	253.00	206.00	257.73	192.95	13.88	2	2	6	
2	257.73	192.95	257.77	192.84	0.12	3	2	4	6	
3	257.77	192.84	268.55	163.04	31.68	2	2	4	
4	268.55	163.04	273.27	150.02	13.85	3	2	4	10	
5	273.27	150.02	274.00	148.00	2.15	2	4	10	

7	0	286.220	2
1	203.00	244.00	197.69	236.74	9.00	1	7	
2	197.69	236.74	34.00	13.00	277.22	0	

7	1	147.146	4
1	203.00	244.00	195.29	239.35	9.00	1	7	
2	195.29	239.35	102.94	183.65	107.85	0	
3	102.94	183.65	88.13	174.71	17.29	1	3	
4	88.13	174.71	77.00	168.00	13.00	2	1	3	

7	2	91.439	6
1	203.00	244.00	209.79	238.09	9.00	1	7	
2	209.79	238.09	240.19	211.66	40.29	0	
3	240.19	211.66	246.34	206.31	8.15	1	6	
4	246.34	206.31	260.38	194.10	18.60	2	2	6	
5	260.38	194.10	260.63	193.89	0.33	1	2	
6	260.63	193.89	272.00	184.00	15.07	2	2	4	

7	3	158.028	3
1	203.00	244.00	194.63	240.70	9.00	1	7	
2	194.63	240.70	99.72	203.25	102.03	0	
3	99.72	203.25	56.00	186.00	47.00	1	3	

7	4	104.484	5
1	203.00	244.00	208.69	237.02	9.00	1	7	
2	208.69	237.02	240.83	197.58	50.88	0	
3	240.83	197.58	248.79	187.81	12.60	1	2	
4	248.79	187.81	268.87	163.16	31.80	2	2	4	
5	268.87	163.16	269.00	163.00	0.20	3	2	4	10	

7	5	204.010	5
1	203.00	244.00	195.85	238.53	9.00	1	7	
2	195.85	238.53	96.84	162.74	124.69	0	
3	96.84	162.74	67.78	140.50	36.60	1	3	
4	67.78	140.50	47.35	124.86	25.73	0	
5	47.35	124.86	41.00	120.00	8.00	1	5	

7	6	62.801	4
1	203.00	244.00	210.17	238.55	9.00	1	7	
2	210.17	238.55	241.85	214.47	39.80	0	
3	241.85	214.47	249.00	209.04	8.98	1	6	
4	249.00	209.04	253.00	206.00	5.02	2	2	6	

7	7	0	0

7	8	203.931	3
1	203.00	244.00	198.94	235.97	9.00	1	7	
2	198.94	235.97	123.18	86.10	167.93	0	
3	123.18	86.10	111.00	62.00	27.00	1	8	

7	9	173.540	7
1	203.00	244.00	207.15	236.01	9.00	1	7	
2	207.15	236.01	239.12	174.46	69.36	0	
3	239.12	174.46	239.73	173.30	1.31	1	4	
4	239.73	173.30	244.69	163.75	10.76	2	2	4	
5	244.69	163.75	261.20	131.97	35.82	1	4	
6	261.20	131.97	277.01	101.54	34.29	0	
7	277.01	101.54	283.00	90.00	13.00	1	9	

7	10	119.403	6
1	203.00	244.00	208.35	236.76	9.00	1	7	
2	208.35	236.76	239.65	194.45	52.63	0	
3	239.65	194.45	246.26	185.51	11.12	1	2	
4	246.26	185.51	264.49	160.86	30.66	2	2	4	
5	264.49	160.86	272.52	150.00	13.51	3	2	4	10	
6	272.52	150.00	274.00	148.00	2.49	2	4	10	

8	0	91.269	2
1	111.00	62.00	88.22	47.50	27.00	1	8	
2	88.22	47.50	34.00	13.00	64.27	0	

8	1	111.319	4
1	111.00	62.00	102.75	87.71	27.00	1	8	
2	102.75	87.71	83.46	147.86	63.17	0	
3	83.46	147.86	80.97	155.62	8.15	1	3	
4	80.97	155.62	77.00	168.00	13.00	2	1	3	

8	2	202.002	4
1	111.00	62.00	132.52	78.31	27.00	1	8	
2	132.52	78.31	237.43	157.80	131.62	0	
3	237.43	157.80	244.90	163.47	9.38	1	4	
4	244.90	163.47	272.00	184.00	34.00	2	2	4	

8	3	135.650	5
1	111.00	62.00	100.05	86.68	27.00	1	8	
2	100.05	86.68	75.06	143.04	61.65	0	
3	75.06	143.04	68.25	158.39	16.79	1	3	
4	68.25	158.39	64.00	167.96	10.47	2	1	3	
5	64.00	167.96	56.00	186.00	19.73	1	3	

8	4	187.523	5
1	111.00	62.00	133.75	76.54	27.00	1	8	
2	133.75	76.54	242.04	145.76	128.52	0	
3	242.04	145.76	255.42	154.32	15.88	1	4	
4	255.42	154.32	261.89	158.45	7.68	2	2	4	
5	261.89	158.45	269.00	163.00	8.44	3	2	4	10	

8	5	90.907	3
1	111.00	62.00	90.21	79.23	27.00	1	8	
2	90.21	79.23	47.16	114.90	55.91	0	
3	47.16	114.90	41.00	120.00	8.00	1	5	

8	6	202.237	4
1	111.00	62.00	129.96	81.22	27.00	1	8	
2	129.96	81.22	238.88	191.68	155.13	0	
3	238.88	191.68	243.17	196.03	6.11	1	2	
4	243.17	196.03	253.00	206.00	14.00	2	2	6	

8	7	203.931	3
1	111.00	62.00	123.18	86.10	27.00	1	8	
2	123.18	86.10	198.94	235.97	167.93	0	
3	198.94	235.97	203.00	244.00	9.00	1	7	

8	8	0	0

8	9	174.264	3
1	111.00	62.00	137.65	66.34	27.00	1	8	
2	137.65	66.34	270.17	87.91	134.26	0	
3	270.17	87.91	283.00	90.00	13.00	1	9	

8	10	184.296	4
1	111.00	62.00	134.88	74.60	27.00	1	8	
2	134.88	74.60	251.57	136.16	131.93	0	
3	251.57	136.16	259.85	140.53	9.36	1	4	
4	259.85	140.53	274.00	148.00	16.00	2	4	10	

9	0	260.634	4
1	283.00	90.00	270.58	86.16	13.00	1	9	
2	270.58	86.16	129.81	42.63	147.35	0	
3	129.81	42.63	106.41	35.39	24.49	1	8	
4	106.41	35.39	34.00	13.00	75.80	0	

9	1	220.273	4
1	283.00	90.00	270.84	94.60	13.00	1	9	
2	270.84	94.60	95.74	160.90	187.23	0	
3	95.74	160.90	89.16	163.40	7.04	1	3	
4	89.16	163.40	77.00	168.00	13.00	2	1	3	

9	2	94.641	6
1	283.00	90.00	281.49	102.91	13.00	1	9	
2	281.49	102.91	278.05	132.31	29.59	0	
3	278.05	132.31	278.02	132.51	0.21	0	
4	278.02	132.51	275.95	150.23	17.84	2	4	10	
5	275.95	150.23	274.34	164.00	13.86	2	4	10	
6	274.34	164.00	272.00	184.00	20.14	2	2	4	

9	3	246.465	5
1	283.00	90.00	271.03	95.06	13.00	1	9	
2	271.03	95.06	99.29	167.69	186.46	0	
3	99.29	167.69	89.41	171.87	10.72	1	3	
4	89.41	171.87	71.13	179.60	19.85	2	1	3	
5	71.13	179.60	56.00	186.00	16.43	1	3	

9	4	74.330	5
1	283.00	90.00	280.55	102.77	13.00	1	9	
2	280.55	102.77	275.03	131.57	29.33	0	
3	275.03	131.57	274.94	132.03	0.46	1	4	
4	274.94	132.03	271.49	150.00	18.30	2	4	10	
5	271.49	150.00	269.00	163.00	13.23	3	2	4	10	

9	5	243.852	3
1	283.00	90.00	270.10	91.60	13.00	1	9	
2	270.10	91.60	48.94	119.02	222.85	0	
3	48.94	119.02	41.00	120.00	8.00	1	5	

9	6	119.817	8
1	283.00	90.00	279.75	102.59	13.00	1	9	
2	279.75	102.59	272.35	131.18	29.53	0	
3	272.35	131.18	272.11	132.11	0.97	1	4	
4	272.11	132.11	267.40	150.31	18.80	2	4	10	
5	267.40	150.31	264.64	160.98	11.02	3	2	4	10	
6	264.64	160.98	256.51	192.45	32.50	2	2	4	
7	256.51	192.45	256.50	192.46	0.01	3	2	4	6	
8	256.50	192.46	253.00	206.00	13.99	2	2	6	

9	7	173.540	7
1	283.00	90.00	277.01	101.54	13.00	1	9	
2	277.01	101.54	261.20	131.97	34.29	0	
3	261.20	131.97	244.69	163.75	35.82	1	4	
4	244.69	163.75	239.73	173.30	10.76	2	2	4	
5	239.73	173.30	239.12	174.46	1.31	1	4	
6	239.12	174.46	207.15	236.01	69.36	0	
7	207.15	236.01	203.00	244.00	9.00	1	7	

9	8	174.264	3
1	283.00	90.00	270.17	87.91	13.00	1	9	
2	270.17	87.91	137.65	66.34	134.26	0	
3	137.65	66.34	111.00	62.00	27.00	1	8	

9	9	0	0

9	10	58.694	4
1	283.00	90.00	281.01	102.85	13.00	1	9	
2	281.01	102.85	276.50	131.89	29.39	0	
3	276.50	131.89	276.45	132.19	0.30	1	4	
4	276.45	132.19	274.00	148.00	16.00	2	4	10	

10	0	275.363	5
1	274.00	148.00	260.05	140.16	16.00	2	4	10	
2	260.05	140.16	252.22	135.75	8.99	1	4	
3	252.22	135.75	136.56	70.69	132.70	0	
4	136.56	70.69	90.30	44.67	53.08	1	8	
5	90.30	44.67	34.00	13.00	64.59	0	

10	1	198.013	5
1	274.00	148.00	258.08	149.62	16.00	2	4	10	
2	258.08	149.62	239.12	151.54	19.06	1	4	
3	239.12	151.54	98.45	165.82	141.40	0	
4	98.45	165.82	89.93	166.69	8.56	1	3	
5	89.93	166.69	77.00	168.00	13.00	2	1	3	

10	2	36.056	3
1	274.00	148.00	273.89	150.05	2.06	2	4	10	
2	273.89	150.05	273.11	163.97	13.94	2	4	10	
3	273.11	163.97	272.00	184.00	20.06	2	2	4	

10	3	221.287	4
1	274.00	148.00	258.24	150.75	16.00	2	4	10	
2	258.24	150.75	238.22	154.24	20.32	1	4	
3	238.22	154.24	102.30	177.93	137.97	0	
4	102.30	177.93	56.00	186.00	47.00	1	3	

10	4	15.811	2
1	274.00	148.00	273.32	150.03	2.14	2	4	10	
2	273.32	150.03	269.00	163.00	13.68	3	2	4	10	

10	5	234.676	4
1	274.00	148.00	258.11	146.09	16.00	2	4	10	
2	258.11	146.09	243.05	144.28	15.18	1	4	
3	243.05	144.28	48.94	120.95	195.50	0	
4	48.94	120.95	41.00	120.00	8.00	1	5	

10	6	61.685	5
1	274.00	148.00	273.27	150.02	2.15	2	4	10	
2	273.27	150.02	268.55	163.04	13.85	3	2	4	10	
3	268.55	163.04	257.77	192.84	31.68	2	2	4	
4	257.77	192.84	257.73	192.95	0.12	3	2	4	6	
5	257.73	192.95	253.00	206.00	13.88	2	2	6	

10	7	119.403	6
1	274.00	148.00	272.52	150.00	2.49	2	4	10	
2	272.52	150.00	264.49	160.86	13.51	3	2	4	10	
3	264.49	160.86	246.26	185.51	30.66	2	2	4	
4	246.26	185.51	239.65	194.45	11.12	1	2	
5	239.65	194.45	208.35	236.76	52.63	0	
6	208.35	236.76	203.00	244.00	9.00	1	7	

10	8	184.296	4
1	274.00	148.00	259.85	140.53	16.00	2	4	10	
2	259.85	140.53	251.57	136.16	9.36	1	4	
3	251.57	136.16	134.88	74.60	131.93	0	
4	134.88	74.60	111.00	62.00	27.00	1	8	

10	9	58.694	4
1	274.00	148.00	276.45	132.19	16.00	2	4	10	
2	276.45	132.19	276.50	131.89	0.30	1	4	
3	276.50	131.89	281.01	102.85	29.39	0	
4	281.01	102.85	283.00	90.00	13.00	1	9	

10	10	0	0