11	161	2	0.001	90.0
248.000	22.000	0.000	4.000	0.000
33.000	143.000	34.000	3.000	11.000
53.000	211.000	29.000	3.000	12.000
272.000	10.000	24.000	8.000	17.000
167.000	98.000	8.000	4.000	3.000
205.000	190.000	33.000	9.000	7.000
98.000	30.000	12.000	1.000	20.000
280.000	173.000	43.000	10.000	16.000
170.000	289.000	21.000	6.000	4.000
184.000	153.000	7.000	10.000	18.000
65.000	186.000	50.000	4.000	10.000

0	0	0	0

0	1	246.710	2
1	248.00	22.00	62.63	126.32	212.71	0	
2	62.63	126.32	33.00	143.00	34.00	1	1	

0	2	271.562	5
1	248.00	22.00	173.85	93.87	103.26	0	
2	173.85	93.87	162.66	104.72	15.59	1	4	
3	162.66	104.72	106.92	158.74	77.62	0	
4	106.92	158.74	73.82	190.82	46.09	1	10	
5	73.82	190.82	53.00	211.00	29.00	2	2	10	

0	3	26.833	2
1	248.00	22.00	250.53	20.73	2.83	0	
2	250.53	20.73	272.00	10.00	24.00	1	3	

0	4	111.072	2
1	248.00	22.00	172.83	92.53	103.07	0	
2	172.83	92.53	167.00	98.00	8.00	1	4	

0	5	173.416	2
1	248.00	22.00	213.18	158.03	140.42	0	
2	213.18	158.03	205.00	190.00	33.00	0	

0	6	150.213	2
1	248.00	22.00	109.98	29.36	138.21	0	
2	109.98	29.36	98.00	30.00	12.00	1	6	

0	7	154.353	2
1	248.00	22.00	271.09	130.93	111.35	0	
2	271.09	130.93	280.00	173.00	43.00	1	7	

0	8	278.160	4
1	248.00	22.00	208.51	157.19	140.84	0	
2	208.51	157.19	190.29	219.54	64.96	1	5	
3	190.29	219.54	175.89	268.84	51.36	0	
4	175.89	268.84	170.00	289.00	21.00	1	8	

0	9	145.798	2
1	248.00	22.00	187.07	146.71	138.80	0	
2	187.07	146.71	184.00	153.00	7.00	1	9	

0	10	245.734	5
1	248.00	22.00	170.95	91.05	103.46	0	
2	170.95	91.05	159.66	101.17	15.17	1	4	
3	159.66	101.17	102.24	152.63	77.10	0	
4	102.24	152.63	66.02	185.09	48.63	1	10	
5	66.02	185.09	65.00	186.00	1.37	2	2	10	

1	0	246.710	2
1	33.00	143.00	62.63	126.32	34.00	1	1	
2	62.63	126.32	248.00	22.00	212.71	0	

1	1	0	0

1	2	70.880	4
1	33.00	143.00	34.09	146.70	3.86	1	1	
2	34.09	146.70	42.59	175.62	30.14	1	10	
3	42.59	175.62	44.82	183.18	7.88	1	10	
4	44.82	183.18	53.00	211.00	29.00	2	2	10	

1	3	273.514	3
1	33.00	143.00	62.71	126.47	34.00	1	1	
2	62.71	126.47	251.03	21.67	215.51	0	
3	251.03	21.67	272.00	10.00	24.00	1	3	

1	4	141.354	3
1	33.00	143.00	65.23	132.18	34.00	1	1	
2	65.23	132.18	159.42	100.55	99.35	0	
3	159.42	100.55	167.00	98.00	8.00	1	4	

1	5	178.306	5
1	33.00	143.00	37.51	144.23	4.68	1	1	
2	37.51	144.23	65.80	151.96	29.32	2	1	10	
3	65.80	151.96	109.91	164.02	45.73	1	10	
4	109.91	164.02	173.17	181.30	65.58	0	
5	173.17	181.30	205.00	190.00	33.00	1	5	

1	6	130.361	3
1	33.00	143.00	49.95	113.53	34.00	1	1	
2	49.95	113.53	92.02	40.40	84.36	0	
3	92.02	40.40	98.00	30.00	12.00	1	6	

1	7	248.815	7
1	33.00	143.00	38.41	143.66	5.45	1	1	
2	38.41	143.66	66.75	147.10	28.55	2	1	10	
3	66.75	147.10	100.95	151.25	34.45	1	10	
4	100.95	151.25	187.85	161.81	87.53	0	
5	187.85	161.81	228.40	166.73	40.85	1	5	
6	228.40	166.73	237.31	167.82	8.98	0	
7	237.31	167.82	280.00	173.00	43.00	1	7	

1	8	200.212	5
1	33.00	143.00	35.48	145.64	3.63	1	1	
2	35.48	145.64	56.27	167.79	30.37	2	1	10	
3	56.27	167.79	103.40	218.02	68.88	1	10	
4	103.40	218.02	155.63	273.69	76.33	0	
5	155.63	273.69	170.00	289.00	21.00	1	8	

1	9	151.331	5
1	33.00	143.00	38.84	143.39	5.86	1	1	
2	38.84	143.39	66.93	145.25	28.14	2	1	10	
3	66.93	145.25	96.55	147.21	29.69	1	10	
4	96.55	147.21	177.02	152.54	80.64	0	
5	177.02	152.54	184.00	153.00	7.00	1	9	

1	10	53.600	4
1	33.00	143.00	35.15	145.89	3.60	1	1	
2	35.15	145.89	53.30	170.28	30.40	2	1	10	
3	53.30	170.28	63.48	183.96	17.06	1	10	
4	63.48	183.96	65.00	186.00	2.54	2	2	10	

2	0	271.562	5
1	53.00	211.00	73.82	190.82	29.00	2	2	10	
2	73.82	190.82	106.92	158.74	46.09	1	10	
3	106.92	158.74	162.66	104.72	77.62	0	
4	162.66	104.72	173.85	93.87	15.59	1	4	
5	173.85	93.87	248.00	22.00	103.26	0	

2	1	70.880	4
1	53.00	211.00	44.82	183.18	29.00	2	2	10	
2	44.82	183.18	42.59	175.62	7.88	1	10	
3	42.59	175.62	34.09	146.70	30.14	1	10	
4	34.09	146.70	33.00	143.00	3.86	1	1	

2	2	0	0

2	3	297.257	6
1	53.00	211.00	74.37	191.39	29.00	2	2	10	
2	74.37	191.39	108.01	160.51	45.67	1	10	
3	108.01	160.51	167.41	105.99	80.63	0	
4	167.41	105.99	174.92	99.10	10.19	1	4	
5	174.92	99.10	254.32	26.23	107.76	0	
6	254.32	26.23	272.00	10.00	24.00	1	3	

2	4	160.515	4
1	53.00	211.00	73.60	190.58	29.00	2	2	10	
2	73.60	190.58	106.44	158.03	46.25	1	10	
3	106.44	158.03	161.32	103.63	77.27	0	
4	161.32	103.63	167.00	98.00	8.00	1	4	

2	5	153.444	4
1	53.00	211.00	81.73	207.03	29.00	2	2	10	
2	81.73	207.03	112.08	202.84	30.64	1	10	
3	112.08	202.84	172.31	194.52	60.80	0	
4	172.31	194.52	205.00	190.00	33.00	1	5	

2	6	186.510	4
1	53.00	211.00	60.00	182.86	29.00	2	2	10	
2	60.00	182.86	71.54	136.43	47.84	1	10	
3	71.54	136.43	95.10	41.65	97.67	0	
4	95.10	41.65	98.00	30.00	12.00	1	6	

2	7	230.159	6
1	53.00	211.00	81.60	206.21	29.00	2	2	10	
2	81.60	206.21	112.69	201.01	31.53	1	10	
3	112.69	201.01	172.02	191.08	60.15	0	
4	172.02	191.08	236.53	180.28	65.41	1	5	
5	236.53	180.28	237.59	180.10	1.07	0	
6	237.59	180.10	280.00	173.00	43.00	1	7	

2	8	140.616	4
1	53.00	211.00	77.13	227.09	29.00	2	2	10	
2	77.13	227.09	84.54	232.02	8.90	1	10	
3	84.54	232.02	152.53	277.35	81.71	0	
4	152.53	277.35	170.00	289.00	21.00	1	8	

2	9	143.265	4
1	53.00	211.00	79.52	199.26	29.00	2	2	10	
2	79.52	199.26	114.94	183.58	38.74	1	10	
3	114.94	183.58	177.60	155.83	68.52	0	
4	177.60	155.83	184.00	153.00	7.00	1	9	

2	10	27.731	1
1	53.00	211.00	65.00	186.00	27.73	2	2	10	

3	0	26.833	2
1	272.00	10.00	250.53	20.73	24.00	1	3	
2	250.53	20.73	248.00	22.00	2.83	0	

3	1	273.514	3
1	272.00	10.00	251.03	21.67	24.00	1	3	
2	251.03	21.67	62.71	126.47	215.51	0	
3	62.71	126.47	33.00	143.00	34.00	1	1	

3	2	297.257	6
1	272.00	10.00	254.32	26.23	24.00	1	3	
2	254.32	26.23	174.92	99.10	107.76	0	
3	174.92	99.10	167.41	105.99	10.19	1	4	
4	167.41	105.99	108.01	160.51	80.63	0	
5	108.01	160.51	74.37	191.39	45.67	1	10	
6	74.37	191.39	53.00	211.00	29.00	2	2	10	

3	3	0	0

3	4	137.000	3
1	272.00	10.00	253.61	25.42	24.00	1	3	
2	253.61	25.42	173.13	92.86	105.00	0	
3	173.13	92.86	167.00	98.00	8.00	1	4	

3	5	192.065	3
1	272.00	10.00	263.63	32.49	24.00	1	3	
2	263.63	32.49	216.51	159.07	135.06	0	
3	216.51	159.07	205.00	190.00	33.00	1	5	

3	6	175.146	3
1	272.00	10.00	248.16	12.74	24.00	1	3	
2	248.16	12.74	109.92	28.63	139.15	0	
3	109.92	28.63	98.00	30.00	12.00	1	6	

3	7	163.196	3
1	272.00	10.00	273.18	33.97	24.00	1	3	
2	273.18	33.97	277.89	130.05	96.20	0	
3	277.89	130.05	280.00	173.00	43.00	0	

3	8	297.061	5
1	272.00	10.00	263.76	32.54	24.00	1	3	
2	263.76	32.54	217.38	159.41	135.08	0	
3	217.38	159.41	194.73	221.36	65.96	1	5	
4	194.73	221.36	177.21	269.28	51.02	0	
5	177.21	269.28	170.00	289.00	21.00	1	8	

3	9	167.908	3
1	272.00	10.00	259.42	30.44	24.00	1	3	
2	259.42	30.44	187.67	147.04	136.91	0	
3	187.67	147.04	184.00	153.00	7.00	1	9	

3	10	271.708	6
1	272.00	10.00	253.72	25.55	24.00	1	3	
2	253.72	25.55	173.68	93.60	105.06	0	
3	173.68	93.60	161.58	103.88	15.88	1	4	
4	161.58	103.88	103.09	153.61	76.77	0	
5	103.09	153.61	66.05	185.10	48.62	1	10	
6	66.05	185.10	65.00	186.00	1.38	2	2	10	

4	0	111.072	2
1	167.00	98.00	172.83	92.53	8.00	1	4	
2	172.83	92.53	248.00	22.00	103.07	0	

4	1	141.354	3
1	167.00	98.00	159.42	100.55	8.00	1	4	
2	159.42	100.55	65.23	132.18	99.35	0	
3	65.23	132.18	33.00	143.00	34.00	1	1	

4	2	160.515	4
1	167.00	98.00	161.32	103.63	8.00	1	4	
2	161.32	103.63	106.44	158.03	77.27	0	
3	106.44	158.03	73.60	190.58	46.25	1	10	
4	73.60	190.58	53.00	211.00	29.00	2	2	10	

4	3	137.000	3
1	167.00	98.00	173.13	92.86	8.00	1	4	
2	173.13	92.86	253.61	25.42	105.00	0	
3	253.61	25.42	272.00	10.00	24.00	1	3	

4	4	0	0

4	5	99.539	5
1	167.00	98.00	170.05	105.39	8.00	1	4	
2	170.05	105.39	187.13	146.74	44.73	0	
3	187.13	146.74	190.64	155.23	9.18	1	9	
4	190.64	155.23	192.40	159.50	4.62	0	
5	192.40	159.50	205.00	190.00	33.00	1	5	

4	6	96.876	3
1	167.00	98.00	161.30	92.38	8.00	1	4	
2	161.30	92.38	106.55	38.42	76.88	0	
3	106.55	38.42	98.00	30.00	12.00	1	6	

4	7	135.624	3
1	167.00	98.00	173.67	102.42	8.00	1	4	
2	173.67	102.42	244.17	149.22	84.62	0	
3	244.17	149.22	280.00	173.00	43.00	1	7	

4	8	191.024	3
1	167.00	98.00	167.13	106.00	8.00	1	4	
2	167.13	106.00	169.67	268.00	162.03	0	
3	169.67	268.00	170.00	289.00	21.00	1	8	

4	9	57.567	3
1	167.00	98.00	169.36	105.64	8.00	1	4	
2	169.36	105.64	181.93	146.31	42.57	0	
3	181.93	146.31	184.00	153.00	7.00	1	9	

4	10	134.715	4
1	167.00	98.00	160.94	103.23	8.00	1	4	
2	160.94	103.23	102.86	153.34	76.71	0	
3	102.86	153.34	66.04	185.10	48.62	1	10	
4	66.04	185.10	65.00	186.00	1.38	2	2	10	

5	0	173.416	2
1	205.00	190.00	213.18	158.03	33.00	0	
2	213.18	158.03	248.00	22.00	140.42	0	

5	1	178.306	5
1	205.00	190.00	173.17	181.30	33.00	1	5	
2	173.17	181.30	109.91	164.02	65.58	0	
3	109.91	164.02	65.80	151.96	45.73	1	10	
4	65.80	151.96	37.51	144.23	29.32	2	1	10	
5	37.51	144.23	33.00	143.00	4.68	1	1	

5	2	153.444	4
1	205.00	190.00	172.31	194.52	33.00	1	5	
2	172.31	194.52	112.08	202.84	60.80	0	
3	112.08	202.84	81.73	207.03	30.64	1	10	
4	81.73	207.03	53.00	211.00	29.00	2	2	10	

5	3	192.065	3
1	205.00	190.00	216.51	159.07	33.00	1	5	
2	216.51	159.07	263.63	32.49	135.06	0	
3	263.63	32.49	272.00	10.00	24.00	1	3	

5	4	99.539	5
1	205.00	190.00	192.40	159.50	33.00	1	5	
2	192.40	159.50	190.64	155.23	4.62	0	
3	190.64	155.23	187.13	146.74	9.18	1	9	
4	187.13	146.74	170.05	105.39	44.73	0	
5	170.05	105.39	167.00	98.00	8.00	1	4	

5	5	0	0

5	6	192.481	5
1	205.00	190.00	186.66	162.57	33.00	1	5	
2	186.66	162.57	184.90	159.94	3.16	0	
3	184.90	159.94	177.93	149.52	12.54	1	9	
4	177.93	149.52	104.67	39.98	131.78	0	
5	104.67	39.98	98.00	30.00	12.00	1	6	

5	7	76.903	3
1	205.00	190.00	237.18	182.71	33.00	1	5	
2	237.18	182.71	238.06	182.51	0.90	0	
3	238.06	182.51	280.00	173.00	43.00	1	7	

5	8	105.005	3
1	205.00	190.00	194.00	221.11	33.00	1	5	
2	194.00	221.11	177.00	269.20	51.00	0	
3	177.00	269.20	170.00	289.00	21.00	1	8	

5	9	42.544	3
1	205.00	190.00	188.71	161.30	33.00	1	5	
2	188.71	161.30	187.46	159.09	2.54	0	
3	187.46	159.09	184.00	153.00	7.00	1	9	

5	10	140.057	4
1	205.00	190.00	172.01	189.06	33.00	1	5	
2	172.01	189.06	114.98	187.43	57.06	0	
3	114.98	187.43	67.83	186.08	47.17	1	10	
4	67.83	186.08	65.00	186.00	2.83	2	2	10	

6	0	150.213	2
1	98.00	30.00	109.98	29.36	12.00	1	6	
2	109.98	29.36	248.00	22.00	138.21	0	

6	1	130.361	3
1	98.00	30.00	92.02	40.40	12.00	1	6	
2	92.02	40.40	49.95	113.53	84.36	0	
3	49.95	113.53	33.00	143.00	34.00	1	1	

6	2	186.510	4
1	98.00	30.00	95.10	41.65	12.00	1	6	
2	95.10	41.65	71.54	136.43	97.67	0	
3	71.54	136.43	60.00	182.86	47.84	1	10	
4	60.00	182.86	53.00	211.00	29.00	2	2	10	

6	3	175.146	3
1	98.00	30.00	109.92	28.63	12.00	1	6	
2	109.92	28.63	248.16	12.74	139.15	0	
3	248.16	12.74	272.00	10.00	24.00	1	3	

6	4	96.876	3
1	98.00	30.00	106.55	38.42	12.00	1	6	
2	106.55	38.42	161.30	92.38	76.88	0	
3	161.30	92.38	167.00	98.00	8.00	1	4	

6	5	192.481	5
1	98.00	30.00	104.67	39.98	12.00	1	6	
2	104.67	39.98	177.93	149.52	131.78	0	
3	177.93	149.52	184.90	159.94	12.54	1	9	
4	184.90	159.94	186.66	162.57	3.16	0	
5	186.66	162.57	205.00	190.00	33.00	1	5	

6	6	0	0

6	7	231.458	3
1	98.00	30.00	107.44	37.41	12.00	1	6	
2	107.44	37.41	246.19	146.43	176.46	0	
3	246.19	146.43	280.00	173.00	43.00	1	7	

6	8	268.822	3
1	98.00	30.00	101.21	41.56	12.00	1	6	
2	101.21	41.56	164.38	268.77	235.82	0	
3	164.38	268.77	170.00	289.00	21.00	1	8	

6	9	150.083	3
1	98.00	30.00	104.88	39.83	12.00	1	6	
2	104.88	39.83	179.99	147.26	131.08	0	
3	179.99	147.26	184.00	153.00	7.00	1	9	

6	10	159.452	4
1	98.00	30.00	95.52	41.74	12.00	1	6	
2	95.52	41.74	75.35	137.08	97.45	0	
3	75.35	137.08	65.27	184.72	48.70	1	10	
4	65.27	184.72	65.00	186.00	1.30	2	2	10	

7	0	154.353	2
1	280.00	173.00	271.09	130.93	43.00	1	7	
2	271.09	130.93	248.00	22.00	111.35	0	

7	1	248.815	7
1	280.00	173.00	237.31	167.82	43.00	1	7	
2	237.31	167.82	228.40	166.73	8.98	0	
3	228.40	166.73	187.85	161.81	40.85	1	5	
4	187.85	161.81	100.95	151.25	87.53	0	
5	100.95	151.25	66.75	147.10	34.45	1	10	
6	66.75	147.10	38.41	143.66	28.55	2	1	10	
7	38.41	143.66	33.00	143.00	5.45	1	1	

7	2	230.159	6
1	280.00	173.00	237.59	180.10	43.00	1	7	
2	237.59	180.10	236.53	180.28	1.07	0	
3	236.53	180.28	172.02	191.08	65.41	1	5	
4	172.02	191.08	112.69	201.01	60.15	0	
5	112.69	201.01	81.60	206.21	31.53	1	10	
6	81.60	206.21	53.00	211.00	29.00	2	2	10	

7	3	163.196	3
1	280.00	173.00	277.89	130.05	43.00	0	
2	277.89	130.05	273.18	33.97	96.20	0	
3	273.18	33.97	272.00	10.00	24.00	1	3	

7	4	135.624	3
1	280.00	173.00	244.17	149.22	43.00	1	7	
2	244.17	149.22	173.67	102.42	84.62	0	
3	173.67	102.42	167.00	98.00	8.00	1	4	

7	5	76.903	3
1	280.00	173.00	238.06	182.51	43.00	1	7	
2	238.06	182.51	237.18	182.71	0.90	0	
3	237.18	182.71	205.00	190.00	33.00	1	5	

7	6	231.458	3
1	280.00	173.00	246.19	146.43	43.00	1	7	
2	246.19	146.43	107.44	37.41	176.46	0	
3	107.44	37.41	98.00	30.00	12.00	1	6	

7	7	0	0

7	8	159.862	3
1	280.00	173.00	250.41	204.20	43.00	1	7	
2	250.41	204.20	184.45	273.76	95.86	0	
3	184.45	273.76	170.00	289.00	21.00	1	8	

7	9	98.061	5
1	280.00	173.00	237.90	164.23	43.00	1	7	
2	237.90	164.23	219.64	160.42	18.66	0	
3	219.64	160.42	203.39	157.04	16.60	1	5	
4	203.39	157.04	190.85	154.43	12.81	0	
5	190.85	154.43	184.00	153.00	7.00	1	9	

7	10	215.393	6
1	280.00	173.00	237.08	175.60	43.00	1	7	
2	237.08	175.60	234.76	175.74	2.32	0	
3	234.76	175.74	173.74	179.43	61.13	1	5	
4	173.74	179.43	114.91	182.98	58.94	0	
5	114.91	182.98	67.44	185.85	47.55	1	10	
6	67.44	185.85	65.00	186.00	2.45	2	2	10	

8	0	278.160	4
1	170.00	289.00	175.89	268.84	21.00	1	8	
2	175.89	268.84	190.29	219.54	51.36	0	
3	190.29	219.54	208.51	157.19	64.96	1	5	
4	208.51	157.19	248.00	22.00	140.84	0	

8	1	200.212	5
1	170.00	289.00	155.63	273.69	21.00	1	8	
2	155.63	273.69	103.40	218.02	76.33	0	
3	103.40	218.02	56.27	167.79	68.88	1	10	
4	56.27	167.79	35.48	145.64	30.37	2	1	10	
5	35.48	145.64	33.00	143.00	3.63	1	1	

8	2	140.616	4
1	170.00	289.00	152.53	277.35	21.00	1	8	
2	152.53	277.35	84.54	232.02	81.71	0	
3	84.54	232.02	77.13	227.09	8.90	1	10	
4	77.13	227.09	53.00	211.00	29.00	2	2	10	

8	3	297.061	5
1	170.00	289.00	177.21	269.28	21.00	1	8	
2	177.21	269.28	194.73	221.36	51.02	0	
3	194.73	221.36	217.38	159.41	65.96	1	5	
4	217.38	159.41	263.76	32.54	135.08	0	
5	263.76	32.54	272.00	10.00	24.00	1	3	

8	4	191.024	3
1	170.00	289.00	169.67	268.00	21.00	1	8	
2	169.67	268.00	167.13	106.00	162.03	0	
3	167.13	106.00	167.00	98.00	8.00	1	4	

8	5	105.005	3
1	170.00	289.00	177.00	269.20	21.00	1	8	
2	177.00	269.20	194.00	221.11	51.00	0	
3	194.00	221.11	205.00	190.00	33.00	1	5	

8	6	268.822	3
1	170.00	289.00	164.38	268.77	21.00	1	8	
2	164.38	268.77	101.21	41.56	235.82	0	
3	101.21	41.56	98.00	30.00	12.00	1	6	

8	7	159.862	3
1	170.00	289.00	184.45	273.76	21.00	1	8	
2	184.45	273.76	250.41	204.20	95.86	0	
3	250.41	204.20	280.00	173.00	43.00	1	7	

8	8	0	0

8	9	136.719	5
1	170.00	289.00	172.15	268.11	21.00	1	8	
2	172.15	268.11	178.21	209.27	59.16	0	
3	178.21	209.27	182.69	165.68	43.82	1	5	
4	182.69	165.68	183.28	159.96	5.75	0	
5	183.28	159.96	184.00	153.00	7.00	1	9	

8	10	147.085	4
1	170.00	289.00	155.01	274.29	21.00	1	8	
2	155.01	274.29	100.69	221.01	76.09	0	
3	100.69	221.01	80.18	200.89	28.73	1	10	
4	80.18	200.89	65.00	186.00	21.27	2	2	10	

9	0	145.798	2
1	184.00	153.00	187.07	146.71	7.00	1	9	
2	187.07	146.71	248.00	22.00	138.80	0	

9	1	151.331	5
1	184.00	153.00	177.02	152.54	7.00	1	9	
2	177.02	152.54	96.55	147.21	80.64	0	
3	96.55	147.21	66.93	145.25	29.69	1	10	
4	66.93	145.25	38.84	143.39	28.14	2	1	10	
5	38.84	143.39	33.00	143.00	5.86	1	1	

9	2	143.265	4
1	184.00	153.00	177.60	155.83	7.00	1	9	
2	177.60	155.83	114.94	183.58	68.52	0	
3	114.94	183.58	79.52	199.26	38.74	1	10	
4	79.52	199.26	53.00	211.00	29.00	2	2	10	

9	3	167.908	3
1	184.00	153.00	187.67	147.04	7.00	1	9	
2	187.67	147.04	259.42	30.44	136.91	0	
3	259.42	30.44	272.00	10.00	24.00	1	3	

9	4	57.567	3
1	184.00	153.00	181.93	146.31	7.00	1	9	
2	181.93	146.31	169.36	105.64	42.57	0	
3	169.36	105.64	167.00	98.00	8.00	1	4	

9	5	42.544	3
1	184.00	153.00	187.46	159.09	7.00	1	9	
2	187.46	159.09	188.71	161.30	2.54	0	
3	188.71	161.30	205.00	190.00	33.00	1	5	

9	6	150.083	3
1	184.00	153.00	179.99	147.26	7.00	1	9	
2	179.99	147.26	104.88	39.83	131.08	0	
3	104.88	39.83	98.00	30.00	12.00	1	6	

9	7	98.061	5
1	184.00	153.00	190.85	154.43	7.00	1	9	
2	190.85	154.43	203.39	157.04	12.81	0	
3	203.39	157.04	219.64	160.42	16.60	1	5	
4	219.64	160.42	237.90	164.23	18.66	0	
5	237.90	164.23	280.00	173.00	43.00	1	7	

9	8	136.719	5
1	184.00	153.00	183.28	159.96	7.00	1	9	
2	183.28	159.96	182.69	165.68	5.75	0	
3	182.69	165.68	178.21	209.27	43.82	1	5	
4	178.21	209.27	172.15	268.11	59.16	0	
5	172.15	268.11	170.00	289.00	21.00	1	8	

9	9	0	0

9	10	123.491	4
1	184.00	153.00	177.25	154.87	7.00	1	9	
2	177.25	154.87	113.18	172.64	66.49	0	
3	113.18	172.64	66.81	185.50	48.12	1	10	
4	66.81	185.50	65.00	186.00	1.88	2	2	10	

10	0	245.734	5
1	65.00	186.00	66.02	185.09	1.37	2	2	10	
2	66.02	185.09	102.24	152.63	48.63	1	10	
3	102.24	152.63	159.66	101.17	77.10	0	
4	159.66	101.17	170.95	91.05	15.17	1	4	
5	170.95	91.05	248.00	22.00	103.46	0	

10	1	53.600	4
1	65.00	186.00	63.48	183.96	2.54	2	2	10	
2	63.48	183.96	53.30	170.28	17.06	1	10	
3	53.30	170.28	35.15	145.89	30.40	2	1	10	
4	35.15	145.89	33.00	143.00	3.60	1	1	

10	2	27.731	1
1	65.00	186.00	53.00	211.00	27.73	2	2	10	

10	3	271.708	6
1	65.00	186.00	66.05	185.10	1.38	2	2	10	
2	66.05	185.10	103.09	153.61	48.62	1	10	
3	103.09	153.61	161.58	103.88	76.77	0	
4	161.58	103.88	173.68	93.60	15.88	1	4	
5	173.68	93.60	253.72	25.55	105.06	0	
6	253.72	25.55	272.00	10.00	24.00	1	3	

10	4	134.715	4
1	65.00	186.00	66.04	185.10	1.38	2	2	10	
2	66.04	185.10	102.86	153.34	48.62	1	10	
3	102.86	153.34	160.94	103.23	76.71	0	
4	160.94	103.23	167.00	98.00	8.00	1	4	

10	5	140.057	4
1	65.00	186.00	67.83	186.08	2.83	2	2	10	
2	67.83	186.08	114.98	187.43	47.17	1	10	
3	114.98	187.43	172.01	189.06	57.06	0	
4	172.01	189.06	205.00	190.00	33.00	1	5	

10	6	159.452	4
1	65.00	186.00	65.27	184.72	1.30	2	2	10	
2	65.27	184.72	75.35	137.08	48.70	1	10	
3	75.35	137.08	95.52	41.74	97.45	0	
4	95.52	41.74	98.00	30.00	12.00	1	6	

10	7	215.393	6
1	65.00	186.00	67.44	185.85	2.45	2	2	10	
2	67.44	185.85	114.91	182.98	47.55	1	10	
3	114.91	182.98	173.74	179.43	58.94	0	
4	173.74	179.43	234.76	175.74	61.13	1	5	
5	234.76	175.74	237.08	175.60	2.32	0	
6	237.08	175.60	280.00	173.00	43.00	1	7	

10	8	147.085	4
1	65.00	186.00	80.18	200.89	21.27	2	2	10	
2	80.18	200.89	100.69	221.01	28.73	1	10	
3	100.69	221.01	155.01	274.29	76.09	0	
4	155.01	274.29	170.00	289.00	21.00	1	8	

10	9	123.491	4
1	65.00	186.00	66.81	185.50	1.88	2	2	10	
2	66.81	185.50	113.18	172.64	48.12	1	10	
3	113.18	172.64	177.25	154.87	66.49	0	
4	177.25	154.87	184.00	153.00	7.00	1	9	

10	10	0	0