11	157	2	0.001	60.0
36.000	3.000	0.000	10.000	0.000
150.000	276.000	13.000	7.000	2.000
5.000	135.000	15.000	1.000	1.000
179.000	78.000	33.000	8.000	9.000
10.000	75.000	15.000	4.000	8.000
214.000	176.000	5.000	1.000	3.000
110.000	97.000	29.000	3.000	14.000
257.000	60.000	5.000	10.000	14.000
58.000	284.000	39.000	8.000	9.000
260.000	2.000	43.000	6.000	18.000
138.000	258.000	20.000	3.000	10.000

0	0	0	0

0	1	295.846	4
1	36.00	3.00	134.28	238.35	255.04	0	
2	134.28	238.35	144.99	264.00	27.80	1	10	
3	144.99	264.00	149.36	274.46	11.33	2	1	10	
4	149.36	274.46	150.00	276.00	1.67	1	1	

0	2	135.591	4
1	36.00	3.00	21.38	65.23	63.93	0	
2	21.38	65.23	15.85	88.81	24.22	1	4	
3	15.85	88.81	8.43	120.40	32.44	0	
4	8.43	120.40	5.00	135.00	15.00	1	2	

0	3	161.474	2
1	36.00	3.00	149.78	62.67	128.47	0	
2	149.78	62.67	179.00	78.00	33.00	1	3	

0	4	76.551	2
1	36.00	3.00	15.09	60.89	61.55	0	
2	15.09	60.89	10.00	75.00	15.00	1	4	

0	5	248.220	4
1	36.00	3.00	103.61	68.71	94.28	0	
2	103.61	68.71	138.46	102.58	48.59	1	6	
3	138.46	102.58	210.41	172.52	100.34	0	
4	210.41	172.52	214.00	176.00	5.00	1	5	

0	6	119.633	2
1	36.00	3.00	92.06	74.21	90.63	0	
2	92.06	74.21	110.00	97.00	29.00	1	6	

0	7	228.232	2
1	36.00	3.00	252.16	58.75	223.23	0	
2	252.16	58.75	257.00	60.00	5.00	1	7	

0	8	281.860	2
1	36.00	3.00	54.96	245.12	242.86	0	
2	54.96	245.12	58.00	284.00	39.00	0	

0	9	224.002	2
1	36.00	3.00	217.00	2.19	181.00	0	
2	217.00	2.19	260.00	2.00	43.00	1	9	

0	10	274.643	2
1	36.00	3.00	130.57	239.43	254.64	0	
2	130.57	239.43	138.00	258.00	20.00	1	10	

1	0	295.846	4
1	150.00	276.00	149.36	274.46	1.67	1	1	
2	149.36	274.46	144.99	264.00	11.33	2	1	10	
3	144.99	264.00	134.28	238.35	27.80	1	10	
4	134.28	238.35	36.00	3.00	255.04	0	

1	1	0	0

1	2	202.252	5
1	150.00	276.00	148.80	274.83	1.67	1	1	
2	148.80	274.83	140.68	266.94	11.33	2	1	10	
3	140.68	266.94	120.87	247.67	27.63	1	10	
4	120.87	247.67	15.75	145.46	146.62	0	
5	15.75	145.46	5.00	135.00	15.00	1	2	

1	3	200.112	5
1	150.00	276.00	150.33	273.75	2.28	1	1	
2	150.33	273.75	151.88	263.14	10.72	2	1	10	
3	151.88	263.14	154.33	246.45	16.87	1	10	
4	154.33	246.45	174.22	110.65	137.25	0	
5	174.22	110.65	179.00	78.00	33.00	1	3	

1	4	244.951	5
1	150.00	276.00	149.07	274.66	1.63	1	1	
2	149.07	274.66	142.57	265.33	11.37	2	1	10	
3	142.57	265.33	126.21	241.84	28.62	1	10	
4	126.21	241.84	18.57	87.31	188.33	0	
5	18.57	87.31	10.00	75.00	15.00	1	4	

1	5	118.727	5
1	150.00	276.00	153.20	270.99	5.94	1	1	
2	153.20	270.99	156.17	266.36	5.50	2	1	10	
3	156.17	266.36	157.01	265.05	1.56	1	1	
4	157.01	265.05	211.30	180.21	100.73	0	
5	211.30	180.21	214.00	176.00	5.00	1	5	

1	6	183.415	5
1	150.00	276.00	149.62	274.28	1.76	1	1	
2	149.62	274.28	147.16	263.31	11.24	2	1	10	
3	147.16	263.31	141.58	238.32	25.61	1	10	
4	141.58	238.32	116.32	125.30	115.81	0	
5	116.32	125.30	110.00	97.00	29.00	1	6	

1	7	241.050	5
1	150.00	276.00	151.70	272.57	3.82	1	1	
2	151.70	272.57	155.77	264.35	9.18	2	1	10	
3	155.77	264.35	157.89	260.07	4.78	1	10	
4	157.89	260.07	254.78	64.48	218.27	0	
5	254.78	64.48	257.00	60.00	5.00	1	7	

1	8	92.347	5
1	150.00	276.00	145.95	276.35	4.07	1	1	
2	145.95	276.35	137.05	277.13	8.93	2	1	10	
3	137.05	277.13	133.34	277.45	3.73	1	10	
4	133.34	277.45	96.85	280.62	36.62	0	
5	96.85	280.62	58.00	284.00	39.00	1	8	

1	9	295.256	5
1	150.00	276.00	151.19	273.03	3.20	1	1	
2	151.19	273.03	154.84	263.94	9.80	2	1	10	
3	154.84	263.94	157.92	256.26	8.27	1	10	
4	157.92	256.26	243.98	41.90	230.99	0	
5	243.98	41.90	260.00	2.00	43.00	1	9	

1	10	21.633	3
1	150.00	276.00	149.09	274.64	1.63	1	1	
2	149.09	274.64	142.79	265.18	11.37	2	1	10	
3	142.79	265.18	138.00	258.00	8.63	1	10	

2	0	135.591	4
1	5.00	135.00	8.43	120.40	15.00	1	2	
2	8.43	120.40	15.85	88.81	32.44	0	
3	15.85	88.81	21.38	65.23	24.22	1	4	
4	21.38	65.23	36.00	3.00	63.93	0	

2	1	202.252	5
1	5.00	135.00	15.75	145.46	15.00	1	2	
2	15.75	145.46	120.87	247.67	146.62	0	
3	120.87	247.67	140.68	266.94	27.63	1	10	
4	140.68	266.94	148.80	274.83	11.33	2	1	10	
5	148.80	274.83	150.00	276.00	1.67	1	1	

2	2	0	0

2	3	183.098	5
1	5.00	135.00	19.25	130.33	15.00	1	2	
2	19.25	130.33	83.70	109.22	67.82	0	
3	83.70	109.22	138.43	91.29	57.59	1	6	
4	138.43	91.29	147.64	88.27	9.69	0	
5	147.64	88.27	179.00	78.00	33.00	1	3	

2	4	60.208	3
1	5.00	135.00	6.25	120.05	15.00	1	2	
2	6.25	120.05	8.75	89.95	30.21	0	
3	8.75	89.95	10.00	75.00	15.00	1	4	

2	5	212.984	3
1	5.00	135.00	19.72	137.89	15.00	1	2	
2	19.72	137.89	209.09	175.04	192.98	0	
3	209.09	175.04	214.00	176.00	5.00	1	5	

2	6	111.665	3
1	5.00	135.00	19.10	129.90	15.00	1	2	
2	19.10	129.90	82.73	106.87	67.66	0	
3	82.73	106.87	110.00	97.00	29.00	1	6	

2	7	262.924	7
1	5.00	135.00	19.38	130.72	15.00	1	2	
2	19.38	130.72	84.75	111.26	68.21	0	
3	84.75	111.26	138.94	95.14	56.54	1	6	
4	138.94	95.14	149.16	92.09	10.66	0	
5	149.16	92.09	211.69	73.49	65.24	1	3	
6	211.69	73.49	252.21	61.43	42.27	0	
7	252.21	61.43	257.00	60.00	5.00	1	7	

2	8	158.146	3
1	5.00	135.00	10.03	149.13	15.00	1	2	
2	10.03	149.13	44.93	247.26	104.15	0	
3	44.93	247.26	58.00	284.00	39.00	1	8	

2	9	287.600	7
1	5.00	135.00	18.30	128.06	15.00	1	2	
2	18.30	128.06	81.05	95.34	70.77	0	
3	81.05	95.34	125.20	72.31	49.80	1	6	
4	125.20	72.31	152.83	57.90	31.16	0	
5	152.83	57.90	177.49	45.03	27.81	1	3	
6	177.49	45.03	221.87	21.89	50.06	0	
7	221.87	21.89	260.00	2.00	43.00	1	9	

2	10	181.157	3
1	5.00	135.00	16.01	145.18	15.00	1	2	
2	16.01	145.18	123.32	244.42	146.16	0	
3	123.32	244.42	138.00	258.00	20.00	1	10	

3	0	161.474	2
1	179.00	78.00	149.78	62.67	33.00	1	3	
2	149.78	62.67	36.00	3.00	128.47	0	

3	1	200.112	5
1	179.00	78.00	174.22	110.65	33.00	1	3	
2	174.22	110.65	154.33	246.45	137.25	0	
3	154.33	246.45	151.88	263.14	16.87	1	10	
4	151.88	263.14	150.33	273.75	10.72	2	1	10	
5	150.33	273.75	150.00	276.00	2.28	1	1	

3	2	183.098	5
1	179.00	78.00	147.64	88.27	33.00	1	3	
2	147.64	88.27	138.43	91.29	9.69	0	
3	138.43	91.29	83.70	109.22	57.59	1	6	
4	83.70	109.22	19.25	130.33	67.82	0	
5	19.25	130.33	5.00	135.00	15.00	1	2	

3	3	0	0

3	4	169.027	5
1	179.00	78.00	146.01	77.41	33.00	1	3	
2	146.01	77.41	131.14	77.15	14.87	0	
3	131.14	77.15	89.58	76.41	41.57	1	6	
4	89.58	76.41	25.00	75.27	64.59	0	
5	25.00	75.27	10.00	75.00	15.00	1	4	

3	5	104.062	3
1	179.00	78.00	190.10	109.08	33.00	1	3	
2	190.10	109.08	212.32	171.29	66.06	0	
3	212.32	171.29	214.00	176.00	5.00	1	5	

3	6	71.568	3
1	179.00	78.00	147.18	86.76	33.00	1	3	
2	147.18	86.76	137.96	89.30	9.57	0	
3	137.96	89.30	110.00	97.00	29.00	1	6	

3	7	80.050	3
1	179.00	78.00	211.15	70.58	33.00	1	3	
2	211.15	70.58	252.13	61.12	42.05	0	
3	252.13	61.12	257.00	60.00	5.00	1	7	

3	8	238.908	3
1	179.00	78.00	162.29	106.45	33.00	1	3	
2	162.29	106.45	77.75	250.37	166.91	0	
3	77.75	250.37	58.00	284.00	39.00	1	8	

3	9	111.072	3
1	179.00	78.00	203.07	55.42	33.00	1	3	
2	203.07	55.42	228.64	31.42	35.07	0	
3	228.64	31.42	260.00	2.00	43.00	1	9	

3	10	184.610	3
1	179.00	78.00	171.67	110.18	33.00	1	3	
2	171.67	110.18	142.44	238.50	131.61	0	
3	142.44	238.50	138.00	258.00	20.00	1	10	

4	0	76.551	2
1	10.00	75.00	15.09	60.89	15.00	1	4	
2	15.09	60.89	36.00	3.00	61.55	0	

4	1	244.951	5
1	10.00	75.00	18.57	87.31	15.00	1	4	
2	18.57	87.31	126.21	241.84	188.33	0	
3	126.21	241.84	142.57	265.33	28.62	1	10	
4	142.57	265.33	149.07	274.66	11.37	2	1	10	
5	149.07	274.66	150.00	276.00	1.63	1	1	

4	2	60.208	3
1	10.00	75.00	8.75	89.95	15.00	1	4	
2	8.75	89.95	6.25	120.05	30.21	0	
3	6.25	120.05	5.00	135.00	15.00	1	2	

4	3	169.027	5
1	10.00	75.00	25.00	75.27	15.00	1	4	
2	25.00	75.27	89.58	76.41	64.59	0	
3	89.58	76.41	131.14	77.15	41.57	1	6	
4	131.14	77.15	146.01	77.41	14.87	0	
5	146.01	77.41	179.00	78.00	33.00	1	3	

4	4	0	0

4	5	227.633	5
1	10.00	75.00	23.44	81.66	15.00	1	4	
2	23.44	81.66	85.38	112.32	69.11	0	
3	85.38	112.32	112.75	125.87	30.54	1	6	
4	112.75	125.87	209.52	173.78	107.98	0	
5	209.52	173.78	214.00	176.00	5.00	1	5	

4	6	102.391	3
1	10.00	75.00	24.65	78.22	15.00	1	4	
2	24.65	78.22	81.68	90.77	58.39	0	
3	81.68	90.77	110.00	97.00	29.00	1	6	

4	7	247.455	7
1	10.00	75.00	24.97	74.09	15.00	1	4	
2	24.97	74.09	100.84	69.48	76.01	0	
3	100.84	69.48	115.76	68.58	14.94	1	6	
4	115.76	68.58	148.03	66.62	32.33	0	
5	148.03	66.62	208.37	62.95	60.46	1	3	
6	208.37	62.95	252.01	60.30	43.72	0	
7	252.01	60.30	257.00	60.00	5.00	1	7	

4	8	214.441	3
1	10.00	75.00	13.36	89.62	15.00	1	4	
2	13.36	89.62	49.27	245.99	160.44	0	
3	49.27	245.99	58.00	284.00	39.00	0	

4	9	260.440	3
1	10.00	75.00	24.40	70.80	15.00	1	4	
2	24.40	70.80	218.72	14.05	202.44	0	
3	218.72	14.05	260.00	2.00	43.00	1	9	

4	10	223.323	3
1	10.00	75.00	18.60	87.29	15.00	1	4	
2	18.60	87.29	126.54	241.61	188.32	0	
3	126.54	241.61	138.00	258.00	20.00	1	10	

5	0	248.220	4
1	214.00	176.00	210.41	172.52	5.00	1	5	
2	210.41	172.52	138.46	102.58	100.34	0	
3	138.46	102.58	103.61	68.71	48.59	1	6	
4	103.61	68.71	36.00	3.00	94.28	0	

5	1	118.727	5
1	214.00	176.00	211.30	180.21	5.00	1	5	
2	211.30	180.21	157.01	265.05	100.73	0	
3	157.01	265.05	156.17	266.36	1.56	1	1	
4	156.17	266.36	153.20	270.99	5.50	2	1	10	
5	153.20	270.99	150.00	276.00	5.94	1	1	

5	2	212.984	3
1	214.00	176.00	209.09	175.04	5.00	1	5	
2	209.09	175.04	19.72	137.89	192.98	0	
3	19.72	137.89	5.00	135.00	15.00	1	2	

5	3	104.062	3
1	214.00	176.00	212.32	171.29	5.00	1	5	
2	212.32	171.29	190.10	109.08	66.06	0	
3	190.10	109.08	179.00	78.00	33.00	1	3	

5	4	227.633	5
1	214.00	176.00	209.52	173.78	5.00	1	5	
2	209.52	173.78	112.75	125.87	107.98	0	
3	112.75	125.87	85.38	112.32	30.54	1	6	
4	85.38	112.32	23.44	81.66	69.11	0	
5	23.44	81.66	10.00	75.00	15.00	1	4	

5	5	0	0

5	6	130.602	3
1	214.00	176.00	210.02	172.98	5.00	1	5	
2	210.02	172.98	133.09	114.54	96.60	0	
3	133.09	114.54	110.00	97.00	29.00	1	6	

5	7	123.713	3
1	214.00	176.00	215.74	171.31	5.00	1	5	
2	215.74	171.31	255.26	64.69	113.71	0	
3	255.26	64.69	257.00	60.00	5.00	1	7	

5	8	189.737	3
1	214.00	176.00	209.89	178.85	5.00	1	5	
2	209.89	178.85	90.07	261.80	145.74	0	
3	90.07	261.80	58.00	284.00	39.00	1	8	

5	9	179.978	3
1	214.00	176.00	215.28	171.17	5.00	1	5	
2	215.28	171.17	249.01	43.57	131.98	0	
3	249.01	43.57	260.00	2.00	43.00	1	9	

5	10	111.803	3
1	214.00	176.00	210.60	179.67	5.00	1	5	
2	210.60	179.67	151.60	243.33	86.80	0	
3	151.60	243.33	138.00	258.00	20.00	1	10	

6	0	119.633	2
1	110.00	97.00	92.06	74.21	29.00	1	6	
2	92.06	74.21	36.00	3.00	90.63	0	

6	1	183.415	5
1	110.00	97.00	116.32	125.30	29.00	1	6	
2	116.32	125.30	141.58	238.32	115.81	0	
3	141.58	238.32	147.16	263.31	25.61	1	10	
4	147.16	263.31	149.62	274.28	11.24	2	1	10	
5	149.62	274.28	150.00	276.00	1.76	1	1	

6	2	111.665	3
1	110.00	97.00	82.73	106.87	29.00	1	6	
2	82.73	106.87	19.10	129.90	67.66	0	
3	19.10	129.90	5.00	135.00	15.00	1	2	

6	3	71.568	3
1	110.00	97.00	137.96	89.30	29.00	1	6	
2	137.96	89.30	147.18	86.76	9.57	0	
3	147.18	86.76	179.00	78.00	33.00	1	3	

6	4	102.391	3
1	110.00	97.00	81.68	90.77	29.00	1	6	
2	81.68	90.77	24.65	78.22	58.39	0	
3	24.65	78.22	10.00	75.00	15.00	1	4	

6	5	130.602	3
1	110.00	97.00	133.09	114.54	29.00	1	6	
2	133.09	114.54	210.02	172.98	96.60	0	
3	210.02	172.98	214.00	176.00	5.00	1	5	

6	6	0	0

6	7	151.585	5
1	110.00	97.00	138.12	89.92	29.00	1	6	
2	138.12	89.92	147.42	87.58	9.59	0	
3	147.42	87.58	211.35	71.49	65.92	1	3	
4	211.35	71.49	252.15	61.22	42.07	0	
5	252.15	61.22	257.00	60.00	5.00	1	7	

6	8	194.095	3
1	110.00	97.00	102.23	124.94	29.00	1	6	
2	102.23	124.94	68.45	246.43	126.10	0	
3	68.45	246.43	58.00	284.00	39.00	1	8	

6	9	177.553	5
1	110.00	97.00	134.50	81.48	29.00	1	6	
2	134.50	81.48	146.24	74.05	13.89	0	
3	146.24	74.05	189.43	46.69	51.13	1	3	
4	189.43	46.69	223.67	25.01	40.53	0	
5	223.67	25.01	260.00	2.00	43.00	1	9	

6	10	163.417	3
1	110.00	97.00	114.97	125.57	29.00	1	6	
2	114.97	125.57	134.57	238.30	114.42	0	
3	134.57	238.30	138.00	258.00	20.00	1	10	

7	0	228.232	2
1	257.00	60.00	252.16	58.75	5.00	1	7	
2	252.16	58.75	36.00	3.00	223.23	0	

7	1	241.050	5
1	257.00	60.00	254.78	64.48	5.00	1	7	
2	254.78	64.48	157.89	260.07	218.27	0	
3	157.89	260.07	155.77	264.35	4.78	1	10	
4	155.77	264.35	151.70	272.57	9.18	2	1	10	
5	151.70	272.57	150.00	276.00	3.82	1	1	

7	2	262.924	7
1	257.00	60.00	252.21	61.43	5.00	1	7	
2	252.21	61.43	211.69	73.49	42.27	0	
3	211.69	73.49	149.16	92.09	65.24	1	3	
4	149.16	92.09	138.94	95.14	10.66	0	
5	138.94	95.14	84.75	111.26	56.54	1	6	
6	84.75	111.26	19.38	130.72	68.21	0	
7	19.38	130.72	5.00	135.00	15.00	1	2	

7	3	80.050	3
1	257.00	60.00	252.13	61.12	5.00	1	7	
2	252.13	61.12	211.15	70.58	42.05	0	
3	211.15	70.58	179.00	78.00	33.00	1	3	

7	4	247.455	7
1	257.00	60.00	252.01	60.30	5.00	1	7	
2	252.01	60.30	208.37	62.95	43.72	0	
3	208.37	62.95	148.03	66.62	60.46	1	3	
4	148.03	66.62	115.76	68.58	32.33	0	
5	115.76	68.58	100.84	69.48	14.94	1	6	
6	100.84	69.48	24.97	74.09	76.01	0	
7	24.97	74.09	10.00	75.00	15.00	1	4	

7	5	123.713	3
1	257.00	60.00	255.26	64.69	5.00	1	7	
2	255.26	64.69	215.74	171.31	113.71	0	
3	215.74	171.31	214.00	176.00	5.00	1	5	

7	6	151.585	5
1	257.00	60.00	252.15	61.22	5.00	1	7	
2	252.15	61.22	211.35	71.49	42.07	0	
3	211.35	71.49	147.42	87.58	65.92	1	3	
4	147.42	87.58	138.12	89.92	9.59	0	
5	138.12	89.92	110.00	97.00	29.00	1	6	

7	7	0	0

7	8	299.628	3
1	257.00	60.00	253.68	63.74	5.00	1	7	
2	253.68	63.74	83.90	254.84	255.63	0	
3	83.90	254.84	58.00	284.00	39.00	1	8	

7	9	58.078	3
1	257.00	60.00	257.26	55.01	5.00	1	7	
2	257.26	55.01	257.78	44.94	10.08	0	
3	257.78	44.94	260.00	2.00	43.00	0	

7	10	231.009	3
1	257.00	60.00	254.42	64.29	5.00	1	7	
2	254.42	64.29	148.30	240.86	206.01	0	
3	148.30	240.86	138.00	258.00	20.00	1	10	

8	0	281.860	2
1	58.00	284.00	54.96	245.12	39.00	0	
2	54.96	245.12	36.00	3.00	242.86	0	

8	1	92.347	5
1	58.00	284.00	96.85	280.62	39.00	1	8	
2	96.85	280.62	133.34	277.45	36.62	0	
3	133.34	277.45	137.05	277.13	3.73	1	10	
4	137.05	277.13	145.95	276.35	8.93	2	1	10	
5	145.95	276.35	150.00	276.00	4.07	1	1	

8	2	158.146	3
1	58.00	284.00	44.93	247.26	39.00	1	8	
2	44.93	247.26	10.03	149.13	104.15	0	
3	10.03	149.13	5.00	135.00	15.00	1	2	

8	3	238.908	3
1	58.00	284.00	77.75	250.37	39.00	1	8	
2	77.75	250.37	162.29	106.45	166.91	0	
3	162.29	106.45	179.00	78.00	33.00	1	3	

8	4	214.441	3
1	58.00	284.00	49.27	245.99	39.00	0	
2	49.27	245.99	13.36	89.62	160.44	0	
3	13.36	89.62	10.00	75.00	15.00	1	4	

8	5	189.737	3
1	58.00	284.00	90.07	261.80	39.00	1	8	
2	90.07	261.80	209.89	178.85	145.74	0	
3	209.89	178.85	214.00	176.00	5.00	1	5	

8	6	194.095	3
1	58.00	284.00	68.45	246.43	39.00	1	8	
2	68.45	246.43	102.23	124.94	126.10	0	
3	102.23	124.94	110.00	97.00	29.00	1	6	

8	7	299.628	3
1	58.00	284.00	83.90	254.84	39.00	1	8	
2	83.90	254.84	253.68	63.74	255.63	0	
3	253.68	63.74	257.00	60.00	5.00	1	7	

8	8	0	0

8	9	346.883	5
1	58.00	284.00	80.71	252.29	39.00	1	8	
2	80.71	252.29	182.02	110.86	173.97	0	
3	182.02	110.86	211.09	70.29	49.91	1	3	
4	211.09	70.29	234.96	36.96	41.00	0	
5	234.96	36.96	260.00	2.00	43.00	1	9	

8	10	84.119	3
1	58.00	284.00	95.09	271.95	39.00	1	8	
2	95.09	271.95	118.98	264.18	25.12	0	
3	118.98	264.18	138.00	258.00	20.00	1	10	

9	0	224.002	2
1	260.00	2.00	217.00	2.19	43.00	1	9	
2	217.00	2.19	36.00	3.00	181.00	0	

9	1	295.256	5
1	260.00	2.00	243.98	41.90	43.00	1	9	
2	243.98	41.90	157.92	256.26	230.99	0	
3	157.92	256.26	154.84	263.94	8.27	1	10	
4	154.84	263.94	151.19	273.03	9.80	2	1	10	
5	151.19	273.03	150.00	276.00	3.20	1	1	

9	2	287.600	7
1	260.00	2.00	221.87	21.89	43.00	1	9	
2	221.87	21.89	177.49	45.03	50.06	0	
3	177.49	45.03	152.83	57.90	27.81	1	3	
4	152.83	57.90	125.20	72.31	31.16	0	
5	125.20	72.31	81.05	95.34	49.80	1	6	
6	81.05	95.34	18.30	128.06	70.77	0	
7	18.30	128.06	5.00	135.00	15.00	1	2	

9	3	111.072	3
1	260.00	2.00	228.64	31.42	43.00	1	9	
2	228.64	31.42	203.07	55.42	35.07	0	
3	203.07	55.42	179.00	78.00	33.00	1	3	

9	4	260.440	3
1	260.00	2.00	218.72	14.05	43.00	1	9	
2	218.72	14.05	24.40	70.80	202.44	0	
3	24.40	70.80	10.00	75.00	15.00	1	4	

9	5	179.978	3
1	260.00	2.00	249.01	43.57	43.00	1	9	
2	249.01	43.57	215.28	171.17	131.98	0	
3	215.28	171.17	214.00	176.00	5.00	1	5	

9	6	177.553	5
1	260.00	2.00	223.67	25.01	43.00	1	9	
2	223.67	25.01	189.43	46.69	40.53	0	
3	189.43	46.69	146.24	74.05	51.13	1	3	
4	146.24	74.05	134.50	81.48	13.89	0	
5	134.50	81.48	110.00	97.00	29.00	1	6	

9	7	58.078	3
1	260.00	2.00	257.78	44.94	43.00	0	
2	257.78	44.94	257.26	55.01	10.08	0	
3	257.26	55.01	257.00	60.00	5.00	1	7	

9	8	346.883	5
1	260.00	2.00	234.96	36.96	43.00	1	9	
2	234.96	36.96	211.09	70.29	41.00	0	
3	211.09	70.29	182.02	110.86	49.91	1	3	
4	182.02	110.86	80.71	252.29	173.97	0	
5	80.71	252.29	58.00	284.00	39.00	1	8	

9	9	0	0

9	10	283.584	3
1	260.00	2.00	241.50	40.82	43.00	1	9	
2	241.50	40.82	146.60	239.95	220.58	0	
3	146.60	239.95	138.00	258.00	20.00	1	10	

10	0	274.643	2
1	138.00	258.00	130.57	239.43	20.00	1	10	
2	130.57	239.43	36.00	3.00	254.64	0	

10	1	21.633	3
1	138.00	258.00	142.79	265.18	8.63	1	10	
2	142.79	265.18	149.09	274.64	11.37	2	1	10	
3	149.09	274.64	150.00	276.00	1.63	1	1	

10	2	181.157	3
1	138.00	258.00	123.32	244.42	20.00	1	10	
2	123.32	244.42	16.01	145.18	146.16	0	
3	16.01	145.18	5.00	135.00	15.00	1	2	

10	3	184.610	3
1	138.00	258.00	142.44	238.50	20.00	1	10	
2	142.44	238.50	171.67	110.18	131.61	0	
3	171.67	110.18	179.00	78.00	33.00	1	3	

10	4	223.323	3
1	138.00	258.00	126.54	241.61	20.00	1	10	
2	126.54	241.61	18.60	87.29	188.32	0	
3	18.60	87.29	10.00	75.00	15.00	1	4	

10	5	111.803	3
1	138.00	258.00	151.60	243.33	20.00	1	10	
2	151.60	243.33	210.60	179.67	86.80	0	
3	210.60	179.67	214.00	176.00	5.00	1	5	

10	6	163.417	3
1	138.00	258.00	134.57	238.30	20.00	1	10	
2	134.57	238.30	114.97	125.57	114.42	0	
3	114.97	125.57	110.00	97.00	29.00	1	6	

10	7	231.009	3
1	138.00	258.00	148.30	240.86	20.00	1	10	
2	148.30	240.86	254.42	64.29	206.01	0	
3	254.42	64.29	257.00	60.00	5.00	1	7	

10	8	84.119	3
1	138.00	258.00	118.98	264.18	20.00	1	10	
2	118.98	264.18	95.09	271.95	25.12	0	
3	95.09	271.95	58.00	284.00	39.00	1	8	

10	9	283.584	3
1	138.00	258.00	146.60	239.95	20.00	1	10	
2	146.60	239.95	241.50	40.82	220.58	0	
3	241.50	40.82	260.00	2.00	43.00	1	9	

10	10	0	0