11	221	2	0.001	120.0
89.000	214.000	0.000	1.000	0.000
39.000	288.000	32.000	4.000	20.000
269.000	138.000	24.000	6.000	2.000
260.000	270.000	26.000	1.000	2.000
231.000	248.000	41.000	6.000	16.000
69.000	252.000	41.000	5.000	11.000
263.000	163.000	33.000	9.000	12.000
203.000	259.000	49.000	9.000	2.000
155.000	184.000	30.000	10.000	15.000
224.000	60.000	44.000	3.000	14.000
250.000	119.000	37.000	10.000	4.000
 


0	0	0	0

0	1	89.308	4
1	89.00	214.00	87.91	215.62	1.95	0	
2	87.91	215.62	56.92	261.49	55.35	1	5	
3	56.92	261.49	42.30	283.12	26.10	2	1	5	
4	42.30	283.12	39.00	288.00	5.90	1	1	

0	2	195.387	6
1	89.00	214.00	128.19	197.45	42.54	0	
2	128.19	197.45	183.34	174.17	59.87	1	8	
3	183.34	174.17	231.27	153.93	52.03	0	
4	231.27	153.93	234.47	152.58	3.47	1	6	
5	234.47	152.58	246.89	147.34	13.49	2	6	10	
6	246.89	147.34	269.00	138.00	24.00	3	2	6	10	

0	3	179.936	5
1	89.00	214.00	159.22	237.00	73.89	0	
2	159.22	237.00	190.01	247.08	32.40	1	7	
3	190.01	247.08	235.29	261.91	47.65	2	4	7	
4	235.29	261.91	251.32	267.16	16.86	3	3	4	7	
5	251.32	267.16	260.00	270.00	9.14	2	3	4	

0	4	146.014	3
1	89.00	214.00	162.39	231.57	75.47	0	
2	162.39	231.57	191.13	238.45	29.54	1	7	
3	191.13	238.45	231.00	248.00	41.00	2	4	7	

0	5	42.942	2
1	89.00	214.00	88.10	215.72	1.94	0	
2	88.10	215.72	69.00	252.00	41.00	1	5	

0	6	181.320	4
1	89.00	214.00	130.81	201.75	43.57	0	
2	130.81	201.75	184.94	185.88	56.41	1	8	
3	184.94	185.88	231.33	172.28	48.34	0	
4	231.33	172.28	263.00	163.00	33.00	1	6	

0	7	122.560	3
1	89.00	214.00	157.42	241.01	73.56	0	
2	157.42	241.01	190.45	254.05	35.51	1	7	
3	190.45	254.05	203.00	259.00	13.49	2	4	7	

0	8	72.498	2
1	89.00	214.00	127.69	196.41	42.50	0	
2	127.69	196.41	155.00	184.00	30.00	1	8	

0	9	204.795	4
1	89.00	214.00	130.60	166.54	63.11	0	
2	130.60	166.54	134.50	162.10	5.91	1	8	
3	134.50	162.10	195.00	93.09	91.78	0	
4	195.00	93.09	224.00	60.00	44.00	1	9	

0	10	186.938	4
1	89.00	214.00	126.11	192.10	43.09	0	
2	126.11	192.10	176.06	162.63	57.99	1	8	
3	176.06	162.63	218.13	137.80	48.86	0	
4	218.13	137.80	250.00	119.00	37.00	1	10	

1	0	89.308	4
1	39.00	288.00	42.30	283.12	5.90	1	1	
2	42.30	283.12	56.92	261.49	26.10	2	1	5	
3	56.92	261.49	87.91	215.62	55.35	1	5	
4	87.91	215.62	89.00	214.00	1.95	0	

1	1	0	0

1	2	274.591	9
1	39.00	288.00	44.17	284.63	6.17	1	1	
2	44.17	284.63	65.80	270.52	25.83	2	1	5	
3	65.80	270.52	108.87	242.43	51.41	1	5	
4	108.87	242.43	152.61	213.90	52.23	0	
5	152.61	213.90	183.33	193.87	36.67	1	8	
6	183.33	193.87	230.00	163.43	55.72	0	
7	230.00	163.43	242.56	155.24	14.99	1	6	
8	242.56	155.24	248.90	151.11	7.57	2	6	10	
9	248.90	151.11	269.00	138.00	24.00	3	2	6	10	

1	3	221.732	8
1	39.00	288.00	48.08	287.26	9.11	1	1	
2	48.08	287.26	70.89	285.40	22.89	2	1	5	
3	70.89	285.40	95.35	283.41	24.54	1	5	
4	95.35	283.41	157.97	278.31	62.82	0	
5	157.97	278.31	200.04	274.88	42.22	1	7	
6	200.04	274.88	234.09	272.11	34.15	2	4	7	
7	234.09	272.11	250.57	270.77	16.53	3	3	4	7	
8	250.57	270.77	260.00	270.00	9.47	2	3	4	

1	4	196.122	6
1	39.00	288.00	46.69	286.40	7.85	1	1	
2	46.69	286.40	70.33	281.47	24.15	2	1	5	
3	70.33	281.47	103.19	274.63	33.57	1	5	
4	103.19	274.63	154.25	263.99	52.16	0	
5	154.25	263.99	190.86	256.36	37.39	1	7	
6	190.86	256.36	231.00	248.00	41.00	2	4	7	

1	5	46.861	3
1	39.00	288.00	42.75	283.50	5.86	1	1	
2	42.75	283.50	59.49	263.42	26.14	2	1	5	
3	59.49	263.42	69.00	252.00	14.86	1	5	

1	6	256.517	5
1	39.00	288.00	44.54	284.91	6.35	1	1	
2	44.54	284.91	66.94	272.41	25.65	2	1	5	
3	66.94	272.41	109.85	248.46	49.13	1	5	
4	109.85	248.46	234.18	179.08	142.39	0	
5	234.18	179.08	263.00	163.00	33.00	1	6	

1	7	166.544	6
1	39.00	288.00	46.98	286.59	8.11	1	1	
2	46.98	286.59	70.51	282.43	23.89	2	1	5	
3	70.51	282.43	101.54	276.94	31.51	1	5	
4	101.54	276.94	154.75	267.53	54.03	0	
5	154.75	267.53	192.09	260.93	37.92	1	7	
6	192.09	260.93	203.00	259.00	11.08	2	4	7	

1	8	155.795	5
1	39.00	288.00	43.42	284.04	5.93	1	1	
2	43.42	284.04	62.83	266.64	26.07	2	1	5	
3	62.83	266.64	103.63	230.05	54.80	1	5	
4	103.63	230.05	132.66	204.03	38.99	0	
5	132.66	204.03	155.00	184.00	30.00	1	8	

1	9	293.614	7
1	39.00	288.00	42.69	283.45	5.86	1	1	
2	42.69	283.45	59.16	263.15	26.14	2	1	5	
3	59.16	263.15	94.35	219.78	55.85	1	5	
4	94.35	219.78	125.07	181.92	48.75	0	
5	125.07	181.92	146.80	155.14	34.49	1	8	
6	146.80	155.14	196.28	94.17	78.52	0	
7	196.28	94.17	224.00	60.00	44.00	1	9	

1	10	270.337	7
1	39.00	288.00	43.68	284.25	6.00	1	1	
2	43.68	284.25	63.98	268.00	26.00	2	1	5	
3	63.98	268.00	106.00	234.34	53.84	1	5	
4	106.00	234.34	137.99	208.71	40.99	0	
5	137.99	208.71	182.83	172.80	57.45	1	8	
6	182.83	172.80	221.12	142.13	49.06	0	
7	221.12	142.13	250.00	119.00	37.00	1	10	

2	0	195.387	6
1	269.00	138.00	246.89	147.34	24.00	3	2	6	10	
2	246.89	147.34	234.47	152.58	13.49	2	6	10	
3	234.47	152.58	231.27	153.93	3.47	1	6	
4	231.27	153.93	183.34	174.17	52.03	0	
5	183.34	174.17	128.19	197.45	59.87	1	8	
6	128.19	197.45	89.00	214.00	42.54	0	

2	1	274.591	9
1	269.00	138.00	248.90	151.11	24.00	3	2	6	10	
2	248.90	151.11	242.56	155.24	7.57	2	6	10	
3	242.56	155.24	230.00	163.43	14.99	1	6	
4	230.00	163.43	183.33	193.87	55.72	0	
5	183.33	193.87	152.61	213.90	36.67	1	8	
6	152.61	213.90	108.87	242.43	52.23	0	
7	108.87	242.43	65.80	270.52	51.41	1	5	
8	65.80	270.52	44.17	284.63	25.83	2	1	5	
9	44.17	284.63	39.00	288.00	6.17	1	1	

2	2	0	0

2	3	132.306	6
1	269.00	138.00	268.10	151.27	13.30	3	2	6	10	
2	268.10	151.27	267.37	161.94	10.70	1	6	
3	267.37	161.94	265.05	195.94	34.07	1	6	
4	265.05	195.94	263.23	222.66	26.78	0	
5	263.23	222.66	261.77	244.06	21.45	1	4	
6	261.77	244.06	260.00	270.00	26.00	2	3	4	

2	4	116.379	6
1	269.00	138.00	263.69	153.37	16.27	3	2	6	10	
2	263.69	153.37	261.16	160.68	7.73	2	2	6	
3	261.16	160.68	249.90	193.29	34.49	1	6	
4	249.90	193.29	244.39	209.25	16.88	0	
5	244.39	209.25	238.77	225.51	17.21	1	4	
6	238.77	225.51	231.00	248.00	23.79	2	4	7	

2	5	230.209	7
1	269.00	138.00	248.15	149.88	24.00	3	2	6	10	
2	248.15	149.88	239.89	154.59	9.51	2	6	10	
3	239.89	154.59	230.12	160.16	11.24	1	6	
4	230.12	160.16	184.94	185.91	52.01	0	
5	184.94	185.91	141.39	210.74	50.12	1	8	
6	141.39	210.74	104.62	231.70	42.33	0	
7	104.62	231.70	69.00	252.00	41.00	1	5	

2	6	25.710	3
1	269.00	138.00	265.50	152.60	15.01	3	2	6	10	
2	265.50	152.60	263.40	161.34	8.99	1	6	
3	263.40	161.34	263.00	163.00	1.71	1	6	

2	7	137.830	6
1	269.00	138.00	259.92	154.65	18.96	3	2	6	10	
2	259.92	154.65	257.51	159.07	5.04	2	2	6	
3	257.51	159.07	241.64	188.16	33.13	1	6	
4	241.64	188.16	231.36	207.00	21.47	0	
5	231.36	207.00	226.46	215.98	10.23	1	4	
6	226.46	215.98	203.00	259.00	49.00	1	4	

2	8	122.931	5
1	269.00	138.00	246.74	146.98	24.00	3	2	6	10	
2	246.74	146.98	233.73	152.23	14.03	2	6	10	
3	233.73	152.23	231.51	153.13	2.39	1	6	
4	231.51	153.13	182.82	172.77	52.51	0	
5	182.82	172.77	155.00	184.00	30.00	1	8	

2	9	90.050	5
1	269.00	138.00	264.40	130.03	9.20	3	2	6	10	
2	264.40	130.03	257.01	117.21	14.80	2	2	10	
3	257.01	117.21	245.99	98.11	22.05	1	10	
4	245.99	98.11	237.87	84.04	16.24	2	9	10	
5	237.87	84.04	224.00	60.00	27.76	1	9	

2	10	26.870	3
1	269.00	138.00	261.06	130.06	11.23	3	2	6	10	
2	261.06	130.06	252.03	121.03	12.77	2	2	10	
3	252.03	121.03	250.00	119.00	2.87	1	10	

3	0	179.936	5
1	260.00	270.00	251.32	267.16	9.14	2	3	4	
2	251.32	267.16	235.29	261.91	16.86	3	3	4	7	
3	235.29	261.91	190.01	247.08	47.65	2	4	7	
4	190.01	247.08	159.22	237.00	32.40	1	7	
5	159.22	237.00	89.00	214.00	73.89	0	

3	1	221.732	8
1	260.00	270.00	250.57	270.77	9.47	2	3	4	
2	250.57	270.77	234.09	272.11	16.53	3	3	4	7	
3	234.09	272.11	200.04	274.88	34.15	2	4	7	
4	200.04	274.88	157.97	278.31	42.22	1	7	
5	157.97	278.31	95.35	283.41	62.82	0	
6	95.35	283.41	70.89	285.40	24.54	1	5	
7	70.89	285.40	48.08	287.26	22.89	2	1	5	
8	48.08	287.26	39.00	288.00	9.11	1	1	

3	2	132.306	6
1	260.00	270.00	261.77	244.06	26.00	2	3	4	
2	261.77	244.06	263.23	222.66	21.45	1	4	
3	263.23	222.66	265.05	195.94	26.78	0	
4	265.05	195.94	267.37	161.94	34.07	1	6	
5	267.37	161.94	268.10	151.27	10.70	1	6	
6	268.10	151.27	269.00	138.00	13.30	3	2	6	10	

3	3	0	0

3	4	36.401	3
1	260.00	270.00	251.77	263.76	10.33	2	3	4	
2	251.77	263.76	239.29	254.29	15.67	3	3	4	7	
3	239.29	254.29	231.00	248.00	10.40	2	4	7	

3	5	191.846	6
1	260.00	270.00	250.94	269.15	9.10	2	3	4	
2	250.94	269.15	234.11	267.56	16.90	3	3	4	7	
3	234.11	267.56	193.12	263.70	41.17	2	4	7	
4	193.12	263.70	154.01	260.01	39.29	1	7	
5	154.01	260.01	109.82	255.85	44.39	0	
6	109.82	255.85	69.00	252.00	41.00	1	5	

3	6	107.042	4
1	260.00	270.00	260.73	244.01	26.00	1	4	
2	260.73	244.01	261.39	220.48	23.54	1	4	
3	261.39	220.48	262.08	195.99	24.50	0	
4	262.08	195.99	263.00	163.00	33.00	0	

3	7	58.052	3
1	260.00	270.00	251.11	268.28	9.05	2	3	4	
2	251.11	268.28	234.47	265.07	16.95	3	3	4	7	
3	234.47	265.07	203.00	259.00	32.05	2	4	7	

3	8	135.724	6
1	260.00	270.00	251.81	263.29	10.58	2	3	4	
2	251.81	263.29	239.89	253.53	15.42	3	3	4	7	
3	239.89	253.53	200.16	220.99	51.35	2	4	7	
4	200.16	220.99	189.17	211.99	14.20	1	7	
5	189.17	211.99	178.21	203.01	14.17	0	
6	178.21	203.01	155.00	184.00	30.00	1	8	

3	9	213.063	8
1	260.00	270.00	255.61	244.37	26.00	1	4	
2	255.61	244.37	250.00	211.67	33.18	1	4	
3	250.00	211.67	246.56	191.61	20.35	0	
4	246.56	191.61	240.23	154.69	37.47	1	6	
5	240.23	154.69	237.97	141.49	13.39	2	6	10	
6	237.97	141.49	231.43	103.37	38.68	1	10	
7	231.43	103.37	228.90	88.60	14.98	2	9	10	
8	228.90	88.60	224.00	60.00	29.02	1	9	

3	10	151.331	8
1	260.00	270.00	258.28	244.06	26.00	2	3	4	
2	258.28	244.06	256.41	215.83	28.29	1	4	
3	256.41	215.83	255.03	195.02	20.85	0	
4	255.03	195.02	252.44	155.92	39.19	1	6	
5	252.44	155.92	252.41	155.34	0.58	1	6	
6	252.41	155.34	250.88	132.31	23.08	3	2	6	10	
7	250.88	132.31	250.26	123.00	9.33	2	2	10	
8	250.26	123.00	250.00	119.00	4.01	1	10	

4	0	146.014	3
1	231.00	248.00	191.13	238.45	41.00	2	4	7	
2	191.13	238.45	162.39	231.57	29.54	1	7	
3	162.39	231.57	89.00	214.00	75.47	0	

4	1	196.122	6
1	231.00	248.00	190.86	256.36	41.00	2	4	7	
2	190.86	256.36	154.25	263.99	37.39	1	7	
3	154.25	263.99	103.19	274.63	52.16	0	
4	103.19	274.63	70.33	281.47	33.57	1	5	
5	70.33	281.47	46.69	286.40	24.15	2	1	5	
6	46.69	286.40	39.00	288.00	7.85	1	1	

4	2	116.379	6
1	231.00	248.00	238.77	225.51	23.79	2	4	7	
2	238.77	225.51	244.39	209.25	17.21	1	4	
3	244.39	209.25	249.90	193.29	16.88	0	
4	249.90	193.29	261.16	160.68	34.49	1	6	
5	261.16	160.68	263.69	153.37	7.73	2	2	6	
6	263.69	153.37	269.00	138.00	16.27	3	2	6	10	

4	3	36.401	3
1	231.00	248.00	239.29	254.29	10.40	2	4	7	
2	239.29	254.29	251.77	263.76	15.67	3	3	4	7	
3	251.77	263.76	260.00	270.00	10.33	2	3	4	

4	4	0	0

4	5	162.049	4
1	231.00	248.00	190.01	249.01	41.00	2	4	7	
2	190.01	249.01	154.86	249.88	35.17	1	7	
3	154.86	249.88	109.99	250.99	44.88	0	
4	109.99	250.99	69.00	252.00	41.00	1	5	

4	6	90.824	4
1	231.00	248.00	239.26	226.05	23.46	2	4	7	
2	239.26	226.05	245.45	209.63	17.54	1	4	
3	245.45	209.63	251.37	193.88	16.82	0	
4	251.37	193.88	263.00	163.00	33.00	1	6	

4	7	30.083	1
1	231.00	248.00	203.00	259.00	30.08	2	4	7	

4	8	99.358	4
1	231.00	248.00	199.64	221.59	41.00	2	4	7	
2	199.64	221.59	188.49	212.20	14.58	1	7	
3	188.49	212.20	177.95	203.32	13.78	0	
4	177.95	203.32	155.00	184.00	30.00	1	8	

4	9	188.130	6
1	231.00	248.00	229.88	218.03	29.99	1	4	
2	229.88	218.03	229.47	207.03	11.01	1	4	
3	229.47	207.03	227.28	148.21	58.86	0	
4	227.28	148.21	225.64	103.97	44.27	0	
5	225.64	103.97	225.18	91.57	12.41	1	10	
6	225.18	91.57	224.00	60.00	31.59	1	9	

4	10	130.392	8
1	231.00	248.00	234.86	221.77	26.51	2	4	7	
2	234.86	221.77	236.97	207.44	14.49	1	4	
3	236.97	207.44	240.03	186.69	20.97	0	
4	240.03	186.69	244.61	155.60	31.42	1	6	
5	244.61	155.60	246.13	145.28	10.44	2	6	10	
6	246.13	145.28	247.84	133.69	11.71	3	2	6	10	
7	247.84	133.69	249.20	124.44	9.35	2	2	10	
8	249.20	124.44	250.00	119.00	5.50	1	10	

5	0	42.942	2
1	69.00	252.00	88.10	215.72	41.00	1	5	
2	88.10	215.72	89.00	214.00	1.94	0	

5	1	46.861	3
1	69.00	252.00	59.49	263.42	14.86	1	5	
2	59.49	263.42	42.75	283.50	26.14	2	1	5	
3	42.75	283.50	39.00	288.00	5.86	1	1	

5	2	230.209	7
1	69.00	252.00	104.62	231.70	41.00	1	5	
2	104.62	231.70	141.39	210.74	42.33	0	
3	141.39	210.74	184.94	185.91	50.12	1	8	
4	184.94	185.91	230.12	160.16	52.01	0	
5	230.12	160.16	239.89	154.59	11.24	1	6	
6	239.89	154.59	248.15	149.88	9.51	2	6	10	
7	248.15	149.88	269.00	138.00	24.00	3	2	6	10	

5	3	191.846	6
1	69.00	252.00	109.82	255.85	41.00	1	5	
2	109.82	255.85	154.01	260.01	44.39	0	
3	154.01	260.01	193.12	263.70	39.29	1	7	
4	193.12	263.70	234.11	267.56	41.17	2	4	7	
5	234.11	267.56	250.94	269.15	16.90	3	3	4	7	
6	250.94	269.15	260.00	270.00	9.10	2	3	4	

5	4	162.049	4
1	69.00	252.00	109.99	250.99	41.00	1	5	
2	109.99	250.99	154.86	249.88	44.88	0	
3	154.86	249.88	190.01	249.01	35.17	1	7	
4	190.01	249.01	231.00	248.00	41.00	2	4	7	

5	5	0	0

5	6	213.441	5
1	69.00	252.00	106.27	234.90	41.00	1	5	
2	106.27	234.90	152.13	213.86	50.46	0	
3	152.13	213.86	179.51	201.30	30.12	1	8	
4	179.51	201.30	233.01	176.76	58.86	0	
5	233.01	176.76	263.00	163.00	33.00	1	6	

5	7	134.183	4
1	69.00	252.00	109.94	254.14	41.00	1	5	
2	109.94	254.14	154.07	256.44	44.18	0	
3	154.07	256.44	191.34	258.39	37.32	1	7	
4	191.34	258.39	203.00	259.00	11.68	2	4	7	

5	8	109.636	3
1	69.00	252.00	101.16	226.57	41.00	1	5	
2	101.16	226.57	131.47	202.61	38.64	0	
3	131.47	202.61	155.00	184.00	30.00	1	8	

5	9	246.757	5
1	69.00	252.00	94.75	220.10	41.00	1	5	
2	94.75	220.10	125.03	182.59	48.20	0	
3	125.03	182.59	147.30	155.00	35.45	1	8	
4	147.30	155.00	196.36	94.24	78.10	0	
5	196.36	94.24	224.00	60.00	44.00	1	9	

5	10	224.611	5
1	69.00	252.00	102.04	227.72	41.00	1	5	
2	102.04	227.72	133.32	204.74	38.82	0	
3	133.32	204.74	181.27	169.51	59.50	1	8	
4	181.27	169.51	220.18	140.91	48.29	0	
5	220.18	140.91	250.00	119.00	37.00	1	10	

6	0	181.320	4
1	263.00	163.00	231.33	172.28	33.00	1	6	
2	231.33	172.28	184.94	185.88	48.34	0	
3	184.94	185.88	130.81	201.75	56.41	1	8	
4	130.81	201.75	89.00	214.00	43.57	0	

6	1	256.517	5
1	263.00	163.00	234.18	179.08	33.00	1	6	
2	234.18	179.08	109.85	248.46	142.39	0	
3	109.85	248.46	66.94	272.41	49.13	1	5	
4	66.94	272.41	44.54	284.91	25.65	2	1	5	
5	44.54	284.91	39.00	288.00	6.35	1	1	

6	2	25.710	3
1	263.00	163.00	263.40	161.34	1.71	1	6	
2	263.40	161.34	265.50	152.60	8.99	1	6	
3	265.50	152.60	269.00	138.00	15.01	3	2	6	10	

6	3	107.042	4
1	263.00	163.00	262.08	195.99	33.00	0	
2	262.08	195.99	261.39	220.48	24.50	0	
3	261.39	220.48	260.73	244.01	23.54	1	4	
4	260.73	244.01	260.00	270.00	26.00	1	4	

6	4	90.824	4
1	263.00	163.00	251.37	193.88	33.00	1	6	
2	251.37	193.88	245.45	209.63	16.82	0	
3	245.45	209.63	239.26	226.05	17.54	1	4	
4	239.26	226.05	231.00	248.00	23.46	2	4	7	

6	5	213.441	5
1	263.00	163.00	233.01	176.76	33.00	1	6	
2	233.01	176.76	179.51	201.30	58.86	0	
3	179.51	201.30	152.13	213.86	30.12	1	8	
4	152.13	213.86	106.27	234.90	50.46	0	
5	106.27	234.90	69.00	252.00	41.00	1	5	

6	6	0	0

6	7	113.208	4
1	263.00	163.00	245.51	190.98	33.00	1	6	
2	245.51	190.98	235.35	207.23	19.16	0	
3	235.35	207.23	228.97	217.45	12.05	1	4	
4	228.97	217.45	203.00	259.00	49.00	2	4	7	

6	8	110.023	3
1	263.00	163.00	230.61	169.30	33.00	1	6	
2	230.61	169.30	184.45	178.27	47.02	0	
3	184.45	178.27	155.00	184.00	30.00	1	8	

6	9	110.136	7
1	263.00	163.00	262.26	161.03	2.10	1	6	
2	262.26	161.03	259.84	154.67	6.81	2	2	6	
3	259.84	154.67	251.31	132.14	24.09	3	2	6	10	
4	251.31	132.14	248.69	125.21	7.41	2	2	10	
5	248.69	125.21	239.58	101.15	25.73	1	10	
6	239.58	101.15	233.75	85.76	16.46	2	9	10	
7	233.75	85.76	224.00	60.00	27.54	1	9	

6	10	45.880	5
1	263.00	163.00	262.43	161.08	2.00	1	6	
2	262.43	161.08	260.48	154.48	6.88	2	2	6	
3	260.48	154.48	253.65	131.35	24.12	3	2	6	10	
4	253.65	131.35	250.94	122.19	9.55	2	2	10	
5	250.94	122.19	250.00	119.00	3.33	1	10	

7	0	122.560	3
1	203.00	259.00	190.45	254.05	13.49	2	4	7	
2	190.45	254.05	157.42	241.01	35.51	1	7	
3	157.42	241.01	89.00	214.00	73.56	0	

7	1	166.544	6
1	203.00	259.00	192.09	260.93	11.08	2	4	7	
2	192.09	260.93	154.75	267.53	37.92	1	7	
3	154.75	267.53	101.54	276.94	54.03	0	
4	101.54	276.94	70.51	282.43	31.51	1	5	
5	70.51	282.43	46.98	286.59	23.89	2	1	5	
6	46.98	286.59	39.00	288.00	8.11	1	1	

7	2	137.830	6
1	203.00	259.00	226.46	215.98	49.00	1	4	
2	226.46	215.98	231.36	207.00	10.23	1	4	
3	231.36	207.00	241.64	188.16	21.47	0	
4	241.64	188.16	257.51	159.07	33.13	1	6	
5	257.51	159.07	259.92	154.65	5.04	2	2	6	
6	259.92	154.65	269.00	138.00	18.96	3	2	6	10	

7	3	58.052	3
1	203.00	259.00	234.47	265.07	32.05	2	4	7	
2	234.47	265.07	251.11	268.28	16.95	3	3	4	7	
3	251.11	268.28	260.00	270.00	9.05	2	3	4	

7	4	30.083	1
1	203.00	259.00	231.00	248.00	30.08	2	4	7	

7	5	134.183	4
1	203.00	259.00	191.34	258.39	11.68	2	4	7	
2	191.34	258.39	154.07	256.44	37.32	1	7	
3	154.07	256.44	109.94	254.14	44.18	0	
4	109.94	254.14	69.00	252.00	41.00	1	5	

7	6	113.208	4
1	203.00	259.00	228.97	217.45	49.00	2	4	7	
2	228.97	217.45	235.35	207.23	12.05	1	4	
3	235.35	207.23	245.51	190.98	19.16	0	
4	245.51	190.98	263.00	163.00	33.00	1	6	

7	7	0	0

7	8	89.045	4
1	203.00	259.00	190.80	239.94	22.63	2	4	7	
2	190.80	239.94	176.59	217.73	26.37	1	7	
3	176.59	217.73	171.17	209.27	10.04	0	
4	171.17	209.27	155.00	184.00	30.00	1	8	

7	9	200.105	6
1	203.00	259.00	207.72	214.25	45.00	2	4	7	
2	207.72	214.25	208.14	210.27	4.00	1	7	
3	208.14	210.27	216.19	134.03	76.67	0	
4	216.19	134.03	219.38	103.76	30.44	1	10	
5	219.38	103.76	220.07	97.25	6.55	1	10	
6	220.07	97.25	224.00	60.00	37.45	1	9	

7	10	147.679	6
1	203.00	259.00	218.59	212.55	49.00	1	4	
2	218.59	212.55	219.95	208.52	4.25	1	4	
3	219.95	208.52	231.71	173.48	36.96	0	
4	231.71	173.48	238.22	154.08	20.47	1	6	
5	238.22	154.08	244.37	135.76	19.32	1	6	
6	244.37	135.76	250.00	119.00	17.68	1	10	

8	0	72.498	2
1	155.00	184.00	127.69	196.41	30.00	1	8	
2	127.69	196.41	89.00	214.00	42.50	0	

8	1	155.795	5
1	155.00	184.00	132.66	204.03	30.00	1	8	
2	132.66	204.03	103.63	230.05	38.99	0	
3	103.63	230.05	62.83	266.64	54.80	1	5	
4	62.83	266.64	43.42	284.04	26.07	2	1	5	
5	43.42	284.04	39.00	288.00	5.93	1	1	

8	2	122.931	5
1	155.00	184.00	182.82	172.77	30.00	1	8	
2	182.82	172.77	231.51	153.13	52.51	0	
3	231.51	153.13	233.73	152.23	2.39	1	6	
4	233.73	152.23	246.74	146.98	14.03	2	6	10	
5	246.74	146.98	269.00	138.00	24.00	3	2	6	10	

8	3	135.724	6
1	155.00	184.00	178.21	203.01	30.00	1	8	
2	178.21	203.01	189.17	211.99	14.17	0	
3	189.17	211.99	200.16	220.99	14.20	1	7	
4	200.16	220.99	239.89	253.53	51.35	2	4	7	
5	239.89	253.53	251.81	263.29	15.42	3	3	4	7	
6	251.81	263.29	260.00	270.00	10.58	2	3	4	

8	4	99.358	4
1	155.00	184.00	177.95	203.32	30.00	1	8	
2	177.95	203.32	188.49	212.20	13.78	0	
3	188.49	212.20	199.64	221.59	14.58	1	7	
4	199.64	221.59	231.00	248.00	41.00	2	4	7	

8	5	109.636	3
1	155.00	184.00	131.47	202.61	30.00	1	8	
2	131.47	202.61	101.16	226.57	38.64	0	
3	101.16	226.57	69.00	252.00	41.00	1	5	

8	6	110.023	3
1	155.00	184.00	184.45	178.27	30.00	1	8	
2	184.45	178.27	230.61	169.30	47.02	0	
3	230.61	169.30	263.00	163.00	33.00	1	6	

8	7	89.045	4
1	155.00	184.00	171.17	209.27	30.00	1	8	
2	171.17	209.27	176.59	217.73	10.04	0	
3	176.59	217.73	190.80	239.94	26.37	1	7	
4	190.80	239.94	203.00	259.00	22.63	2	4	7	

8	8	0	0

8	9	141.905	3
1	155.00	184.00	169.59	157.79	30.00	1	8	
2	169.59	157.79	202.61	98.45	67.90	0	
3	202.61	98.45	224.00	60.00	44.00	1	9	

8	10	115.109	3
1	155.00	184.00	179.76	167.06	30.00	1	8	
2	179.76	167.06	219.46	139.89	48.11	0	
3	219.46	139.89	250.00	119.00	37.00	1	10	

9	0	204.795	4
1	224.00	60.00	195.00	93.09	44.00	1	9	
2	195.00	93.09	134.50	162.10	91.78	0	
3	134.50	162.10	130.60	166.54	5.91	1	8	
4	130.60	166.54	89.00	214.00	63.11	0	

9	1	293.614	7
1	224.00	60.00	196.28	94.17	44.00	1	9	
2	196.28	94.17	146.80	155.14	78.52	0	
3	146.80	155.14	125.07	181.92	34.49	1	8	
4	125.07	181.92	94.35	219.78	48.75	0	
5	94.35	219.78	59.16	263.15	55.85	1	5	
6	59.16	263.15	42.69	283.45	26.14	2	1	5	
7	42.69	283.45	39.00	288.00	5.86	1	1	

9	2	90.050	5
1	224.00	60.00	237.87	84.04	27.76	1	9	
2	237.87	84.04	245.99	98.11	16.24	2	9	10	
3	245.99	98.11	257.01	117.21	22.05	1	10	
4	257.01	117.21	264.40	130.03	14.80	2	2	10	
5	264.40	130.03	269.00	138.00	9.20	3	2	6	10	

9	3	213.063	8
1	224.00	60.00	228.90	88.60	29.02	1	9	
2	228.90	88.60	231.43	103.37	14.98	2	9	10	
3	231.43	103.37	237.97	141.49	38.68	1	10	
4	237.97	141.49	240.23	154.69	13.39	2	6	10	
5	240.23	154.69	246.56	191.61	37.47	1	6	
6	246.56	191.61	250.00	211.67	20.35	0	
7	250.00	211.67	255.61	244.37	33.18	1	4	
8	255.61	244.37	260.00	270.00	26.00	1	4	

9	4	188.130	6
1	224.00	60.00	225.18	91.57	31.59	1	9	
2	225.18	91.57	225.64	103.97	12.41	1	10	
3	225.64	103.97	227.28	148.21	44.27	0	
4	227.28	148.21	229.47	207.03	58.86	0	
5	229.47	207.03	229.88	218.03	11.01	1	4	
6	229.88	218.03	231.00	248.00	29.99	1	4	

9	5	246.757	5
1	224.00	60.00	196.36	94.24	44.00	1	9	
2	196.36	94.24	147.30	155.00	78.10	0	
3	147.30	155.00	125.03	182.59	35.45	1	8	
4	125.03	182.59	94.75	220.10	48.20	0	
5	94.75	220.10	69.00	252.00	41.00	1	5	

9	6	110.136	7
1	224.00	60.00	233.75	85.76	27.54	1	9	
2	233.75	85.76	239.58	101.15	16.46	2	9	10	
3	239.58	101.15	248.69	125.21	25.73	1	10	
4	248.69	125.21	251.31	132.14	7.41	2	2	10	
5	251.31	132.14	259.84	154.67	24.09	3	2	6	10	
6	259.84	154.67	262.26	161.03	6.81	2	2	6	
7	262.26	161.03	263.00	163.00	2.10	1	6	

9	7	200.105	6
1	224.00	60.00	220.07	97.25	37.45	1	9	
2	220.07	97.25	219.38	103.76	6.55	1	10	
3	219.38	103.76	216.19	134.03	30.44	1	10	
4	216.19	134.03	208.14	210.27	76.67	0	
5	208.14	210.27	207.72	214.25	4.00	1	7	
6	207.72	214.25	203.00	259.00	45.00	2	4	7	

9	8	141.905	3
1	224.00	60.00	202.61	98.45	44.00	1	9	
2	202.61	98.45	169.59	157.79	67.90	0	
3	169.59	157.79	155.00	184.00	30.00	1	8	

9	9	0	0

9	10	64.475	3
1	224.00	60.00	235.08	85.14	27.47	1	9	
2	235.08	85.14	241.74	100.26	16.53	2	9	10	
3	241.74	100.26	250.00	119.00	20.47	1	10	

10	0	186.938	4
1	250.00	119.00	218.13	137.80	37.00	1	10	
2	218.13	137.80	176.06	162.63	48.86	0	
3	176.06	162.63	126.11	192.10	57.99	1	8	
4	126.11	192.10	89.00	214.00	43.09	0	

10	1	270.337	7
1	250.00	119.00	221.12	142.13	37.00	1	10	
2	221.12	142.13	182.83	172.80	49.06	0	
3	182.83	172.80	137.99	208.71	57.45	1	8	
4	137.99	208.71	106.00	234.34	40.99	0	
5	106.00	234.34	63.98	268.00	53.84	1	5	
6	63.98	268.00	43.68	284.25	26.00	2	1	5	
7	43.68	284.25	39.00	288.00	6.00	1	1	

10	2	26.870	3
1	250.00	119.00	252.03	121.03	2.87	1	10	
2	252.03	121.03	261.06	130.06	12.77	2	2	10	
3	261.06	130.06	269.00	138.00	11.23	3	2	6	10	

10	3	151.331	8
1	250.00	119.00	250.26	123.00	4.01	1	10	
2	250.26	123.00	250.88	132.31	9.33	2	2	10	
3	250.88	132.31	252.41	155.34	23.08	3	2	6	10	
4	252.41	155.34	252.44	155.92	0.58	1	6	
5	252.44	155.92	255.03	195.02	39.19	1	6	
6	255.03	195.02	256.41	215.83	20.85	0	
7	256.41	215.83	258.28	244.06	28.29	1	4	
8	258.28	244.06	260.00	270.00	26.00	2	3	4	

10	4	130.392	8
1	250.00	119.00	249.20	124.44	5.50	1	10	
2	249.20	124.44	247.84	133.69	9.35	2	2	10	
3	247.84	133.69	246.13	145.28	11.71	3	2	6	10	
4	246.13	145.28	244.61	155.60	10.44	2	6	10	
5	244.61	155.60	240.03	186.69	31.42	1	6	
6	240.03	186.69	236.97	207.44	20.97	0	
7	236.97	207.44	234.86	221.77	14.49	1	4	
8	234.86	221.77	231.00	248.00	26.51	2	4	7	

10	5	224.611	5
1	250.00	119.00	220.18	140.91	37.00	1	10	
2	220.18	140.91	181.27	169.51	48.29	0	
3	181.27	169.51	133.32	204.74	59.50	1	8	
4	133.32	204.74	102.04	227.72	38.82	0	
5	102.04	227.72	69.00	252.00	41.00	1	5	

10	6	45.880	5
1	250.00	119.00	250.94	122.19	3.33	1	10	
2	250.94	122.19	253.65	131.35	9.55	2	2	10	
3	253.65	131.35	260.48	154.48	24.12	3	2	6	10	
4	260.48	154.48	262.43	161.08	6.88	2	2	6	
5	262.43	161.08	263.00	163.00	2.00	1	6	

10	7	147.679	6
1	250.00	119.00	244.37	135.76	17.68	1	10	
2	244.37	135.76	238.22	154.08	19.32	1	6	
3	238.22	154.08	231.71	173.48	20.47	1	6	
4	231.71	173.48	219.95	208.52	36.96	0	
5	219.95	208.52	218.59	212.55	4.25	1	4	
6	218.59	212.55	203.00	259.00	49.00	1	4	

10	8	115.109	3
1	250.00	119.00	219.46	139.89	37.00	1	10	
2	219.46	139.89	179.76	167.06	48.11	0	
3	179.76	167.06	155.00	184.00	30.00	1	8	

10	9	64.475	3
1	250.00	119.00	241.74	100.26	20.47	1	10	
2	241.74	100.26	235.08	85.14	16.53	2	9	10	
3	235.08	85.14	224.00	60.00	27.47	1	9	

10	10	0	0
