8	95	2	0.001	120.0
239.000	77.000	0.000	1.000	0.000
83.000	185.000	7.000	5.000	6.000
256.000	128.000	31.000	9.000	17.000
244.000	123.000	38.000	7.000	1.000
122.000	55.000	10.000	5.000	20.000
292.000	114.000	2.000	2.000	16.000
209.000	191.000	38.000	9.000	16.000
231.000	130.000	5.000	9.000	6.000
 


0	0	0	0

0	1	189.737	2
1	239.00	77.00	88.76	181.02	182.74	0	
2	88.76	181.02	83.00	185.00	7.00	1	1	

0	2	53.759	3
1	239.00	77.00	241.69	85.07	8.51	0	
2	241.69	85.07	246.20	98.59	14.25	1	3	
3	246.20	98.59	256.00	128.00	31.00	2	2	3	

0	3	46.271	3
1	239.00	77.00	239.89	85.22	8.27	0	
2	239.89	85.22	241.56	100.57	15.43	1	3	
3	241.56	100.57	244.00	123.00	22.56	2	2	3	

0	4	119.050	2
1	239.00	77.00	131.83	56.85	109.05	0	
2	131.83	56.85	122.00	55.00	10.00	1	4	

0	5	64.637	4
1	239.00	77.00	251.54	85.76	15.30	0	
2	251.54	85.76	276.36	103.08	30.27	1	3	
3	276.36	103.08	290.36	112.86	17.07	0	
4	290.36	112.86	292.00	114.00	2.00	1	5	

0	6	117.881	6
1	239.00	77.00	236.71	85.71	9.00	0	
2	236.71	85.71	230.04	111.06	26.22	1	3	
3	230.04	111.06	225.06	129.96	19.54	2	2	3	
4	225.06	129.96	219.30	151.87	22.66	1	3	
5	219.30	151.87	218.67	154.25	2.46	0	
6	218.67	154.25	209.00	191.00	38.00	1	6	

0	7	53.600	4
1	239.00	77.00	237.71	85.52	8.62	0	
2	237.71	85.52	234.70	105.47	20.18	1	3	
3	234.70	105.47	231.75	125.06	19.80	2	2	3	
4	231.75	125.06	231.00	130.00	5.00	3	2	3	7	

1	0	189.737	2
1	83.00	185.00	88.76	181.02	7.00	1	1	
2	88.76	181.02	239.00	77.00	182.74	0	

1	1	0	0

1	2	182.148	4
1	83.00	185.00	89.65	182.81	7.00	1	1	
2	89.65	182.81	211.49	142.67	128.28	0	
3	211.49	142.67	226.56	137.70	15.87	1	3	
4	226.56	137.70	256.00	128.00	31.00	2	2	3	

1	3	172.525	6
1	83.00	185.00	89.53	182.48	7.00	1	1	
2	89.53	182.48	208.54	136.66	127.53	0	
3	208.54	136.66	225.08	130.28	17.73	1	3	
4	225.08	130.28	226.00	129.93	0.98	2	2	3	
5	226.00	129.93	234.66	126.60	9.28	3	2	3	7	
6	234.66	126.60	244.00	123.00	10.01	2	2	3	

1	4	135.724	3
1	83.00	185.00	85.01	178.30	7.00	1	1	
2	85.01	178.30	119.13	64.58	118.72	0	
3	119.13	64.58	122.00	55.00	10.00	1	4	

1	5	220.731	9
1	83.00	185.00	89.63	182.75	7.00	1	1	
2	89.63	182.75	210.85	141.57	128.02	0	
3	210.85	141.57	226.15	136.37	16.16	1	3	
4	226.15	136.37	230.32	134.95	4.40	2	2	3	
5	230.32	134.95	234.56	133.51	4.47	3	2	3	7	
6	234.56	133.51	281.60	117.53	49.69	2	2	3	
7	281.60	117.53	284.77	116.46	3.34	1	2	
8	284.77	116.46	290.11	114.64	5.64	0	
9	290.11	114.64	292.00	114.00	2.00	1	5	

1	6	126.143	3
1	83.00	185.00	89.99	185.33	7.00	1	1	
2	89.99	185.33	171.04	189.19	81.14	0	
3	171.04	189.19	209.00	191.00	38.00	1	6	

1	7	157.889	5
1	83.00	185.00	89.56	182.56	7.00	1	1	
2	89.56	182.56	209.14	138.12	127.57	0	
3	209.14	138.12	225.28	132.13	17.21	1	3	
4	225.28	132.13	226.31	131.74	1.11	2	2	3	
5	226.31	131.74	231.00	130.00	5.00	3	2	3	7	

2	0	53.759	3
1	256.00	128.00	246.20	98.59	31.00	2	2	3	
2	246.20	98.59	241.69	85.07	14.25	1	3	
3	241.69	85.07	239.00	77.00	8.51	0	

2	1	182.148	4
1	256.00	128.00	226.56	137.70	31.00	2	2	3	
2	226.56	137.70	211.49	142.67	15.87	1	3	
3	211.49	142.67	89.65	182.81	128.28	0	
4	89.65	182.81	83.00	185.00	7.00	1	1	

2	2	0	0

2	3	13.000	1
1	256.00	128.00	244.00	123.00	13.00	2	2	3	

2	4	152.594	4
1	256.00	128.00	228.78	113.17	31.00	2	2	3	
2	228.78	113.17	211.30	103.65	19.91	1	3	
3	211.30	103.65	130.78	59.78	91.69	0	
4	130.78	59.78	122.00	55.00	10.00	1	4	

2	5	38.626	4
1	256.00	128.00	281.67	118.02	27.54	2	2	3	
2	281.67	118.02	284.89	116.76	3.46	1	2	
3	284.89	116.76	290.14	114.72	5.63	0	
4	290.14	114.72	292.00	114.00	2.00	1	5	

2	6	78.600	4
1	256.00	128.00	237.46	152.85	31.00	2	2	3	
2	237.46	152.85	232.67	159.27	8.02	1	3	
3	232.67	159.27	231.72	160.54	1.58	0	
4	231.72	160.54	209.00	191.00	38.00	1	6	

2	7	25.080	2
1	256.00	128.00	235.98	129.60	20.08	2	2	3	
2	235.98	129.60	231.00	130.00	5.00	3	2	3	7	

3	0	46.271	3
1	244.00	123.00	241.56	100.57	22.56	2	2	3	
2	241.56	100.57	239.89	85.22	15.43	1	3	
3	239.89	85.22	239.00	77.00	8.27	0	

3	1	172.525	6
1	244.00	123.00	234.66	126.60	10.01	2	2	3	
2	234.66	126.60	226.00	129.93	9.28	3	2	3	7	
3	226.00	129.93	225.08	130.28	0.98	2	2	3	
4	225.08	130.28	208.54	136.66	17.73	1	3	
5	208.54	136.66	89.53	182.48	127.53	0	
6	89.53	182.48	83.00	185.00	7.00	1	1	

3	2	13.000	1
1	244.00	123.00	256.00	128.00	13.00	2	2	3	

3	3	0	0

3	4	139.671	4
1	244.00	123.00	228.23	114.21	18.05	2	2	3	
2	228.23	114.21	210.81	104.50	19.95	1	3	
3	210.81	104.50	130.73	59.87	91.67	0	
4	130.73	59.87	122.00	55.00	10.00	1	4	

3	5	48.836	4
1	244.00	123.00	281.35	116.00	38.00	2	2	3	
2	281.35	116.00	284.34	115.44	3.04	1	2	
3	284.34	115.44	290.03	114.37	5.79	0	
4	290.03	114.37	292.00	114.00	2.00	1	5	

3	6	76.479	4
1	244.00	123.00	231.59	147.11	27.12	2	2	3	
2	231.59	147.11	226.61	156.79	10.88	0	
3	226.61	156.79	226.39	157.21	0.48	0	
4	226.39	157.21	209.00	191.00	38.00	0	

3	7	14.765	2
1	244.00	123.00	235.40	127.63	9.76	2	2	3	
2	235.40	127.63	231.00	130.00	5.00	3	2	3	7	

4	0	119.050	2
1	122.00	55.00	131.83	56.85	10.00	1	4	
2	131.83	56.85	239.00	77.00	109.05	0	

4	1	135.724	3
1	122.00	55.00	119.13	64.58	10.00	1	4	
2	119.13	64.58	85.01	178.30	118.72	0	
3	85.01	178.30	83.00	185.00	7.00	1	1	

4	2	152.594	4
1	122.00	55.00	130.78	59.78	10.00	1	4	
2	130.78	59.78	211.30	103.65	91.69	0	
3	211.30	103.65	228.78	113.17	19.91	1	3	
4	228.78	113.17	256.00	128.00	31.00	2	2	3	

4	3	139.671	4
1	122.00	55.00	130.73	59.87	10.00	1	4	
2	130.73	59.87	210.81	104.50	91.67	0	
3	210.81	104.50	228.23	114.21	19.95	1	3	
4	228.23	114.21	244.00	123.00	18.05	2	2	3	

4	4	0	0

4	5	179.947	7
1	122.00	55.00	131.45	58.28	10.00	1	4	
2	131.45	58.28	224.30	90.50	98.29	0	
3	224.30	90.50	246.93	98.36	23.95	1	3	
4	246.93	98.36	279.59	109.69	34.58	2	2	3	
5	279.59	109.69	281.49	110.35	2.00	1	2	
6	281.49	110.35	290.11	113.34	9.13	0	
7	290.11	113.34	292.00	114.00	2.00	1	5	

4	6	161.447	3
1	122.00	55.00	127.39	63.42	10.00	1	4	
2	127.39	63.42	188.52	158.99	113.45	0	
3	188.52	158.99	209.00	191.00	38.00	1	6	

4	7	132.310	5
1	122.00	55.00	130.24	60.67	10.00	1	4	
2	130.24	60.67	207.18	113.61	93.39	0	
3	207.18	113.61	225.07	125.92	21.72	1	3	
4	225.07	125.92	226.88	127.17	2.20	2	2	3	
5	226.88	127.17	231.00	130.00	5.00	3	2	3	7	

5	0	64.637	4
1	292.00	114.00	290.36	112.86	2.00	1	5	
2	290.36	112.86	276.36	103.08	17.07	0	
3	276.36	103.08	251.54	85.76	30.27	1	3	
4	251.54	85.76	239.00	77.00	15.30	0	

5	1	220.731	9
1	292.00	114.00	290.11	114.64	2.00	1	5	
2	290.11	114.64	284.77	116.46	5.64	0	
3	284.77	116.46	281.60	117.53	3.34	1	2	
4	281.60	117.53	234.56	133.51	49.69	2	2	3	
5	234.56	133.51	230.32	134.95	4.47	3	2	3	7	
6	230.32	134.95	226.15	136.37	4.40	2	2	3	
7	226.15	136.37	210.85	141.57	16.16	1	3	
8	210.85	141.57	89.63	182.75	128.02	0	
9	89.63	182.75	83.00	185.00	7.00	1	1	

5	2	38.626	4
1	292.00	114.00	290.14	114.72	2.00	1	5	
2	290.14	114.72	284.89	116.76	5.63	0	
3	284.89	116.76	281.67	118.02	3.46	1	2	
4	281.67	118.02	256.00	128.00	27.54	2	2	3	

5	3	48.836	4
1	292.00	114.00	290.03	114.37	2.00	1	5	
2	290.03	114.37	284.34	115.44	5.79	0	
3	284.34	115.44	281.35	116.00	3.04	1	2	
4	281.35	116.00	244.00	123.00	38.00	2	2	3	

5	4	179.947	7
1	292.00	114.00	290.11	113.34	2.00	1	5	
2	290.11	113.34	281.49	110.35	9.13	0	
3	281.49	110.35	279.59	109.69	2.00	1	2	
4	279.59	109.69	246.93	98.36	34.58	2	2	3	
5	246.93	98.36	224.30	90.50	23.95	1	3	
6	224.30	90.50	131.45	58.28	98.29	0	
7	131.45	58.28	122.00	55.00	10.00	1	4	

5	5	0	0

5	6	113.217	7
1	292.00	114.00	290.53	115.36	2.00	1	5	
2	290.53	115.36	285.87	119.69	6.37	0	
3	285.87	119.69	282.00	123.28	5.27	1	2	
4	282.00	123.28	245.48	157.16	49.82	2	2	3	
5	245.48	157.16	241.43	160.91	5.52	1	3	
6	241.43	160.91	236.86	165.16	6.24	0	
7	236.86	165.16	209.00	191.00	38.00	1	6	

5	7	63.063	5
1	292.00	114.00	290.07	114.51	2.00	1	5	
2	290.07	114.51	284.56	115.95	5.69	0	
3	284.56	115.95	281.48	116.76	3.18	1	2	
4	281.48	116.76	235.84	128.73	47.19	2	2	3	
5	235.84	128.73	231.00	130.00	5.00	3	2	3	7	

6	0	117.881	6
1	209.00	191.00	218.67	154.25	38.00	1	6	
2	218.67	154.25	219.30	151.87	2.46	0	
3	219.30	151.87	225.06	129.96	22.66	1	3	
4	225.06	129.96	230.04	111.06	19.54	2	2	3	
5	230.04	111.06	236.71	85.71	26.22	1	3	
6	236.71	85.71	239.00	77.00	9.00	0	

6	1	126.143	3
1	209.00	191.00	171.04	189.19	38.00	1	6	
2	171.04	189.19	89.99	185.33	81.14	0	
3	89.99	185.33	83.00	185.00	7.00	1	1	

6	2	78.600	4
1	209.00	191.00	231.72	160.54	38.00	1	6	
2	231.72	160.54	232.67	159.27	1.58	0	
3	232.67	159.27	237.46	152.85	8.02	1	3	
4	237.46	152.85	256.00	128.00	31.00	2	2	3	

6	3	76.479	4
1	209.00	191.00	226.39	157.21	38.00	0	
2	226.39	157.21	226.61	156.79	0.48	0	
3	226.61	156.79	231.59	147.11	10.88	0	
4	231.59	147.11	244.00	123.00	27.12	2	2	3	

6	4	161.447	3
1	209.00	191.00	188.52	158.99	38.00	1	6	
2	188.52	158.99	127.39	63.42	113.45	0	
3	127.39	63.42	122.00	55.00	10.00	1	4	

6	5	113.217	7
1	209.00	191.00	236.86	165.16	38.00	1	6	
2	236.86	165.16	241.43	160.91	6.24	0	
3	241.43	160.91	245.48	157.16	5.52	1	3	
4	245.48	157.16	282.00	123.28	49.82	2	2	3	
5	282.00	123.28	285.87	119.69	5.27	1	2	
6	285.87	119.69	290.53	115.36	6.37	0	
7	290.53	115.36	292.00	114.00	2.00	1	5	

6	6	0	0

6	7	64.846	5
1	209.00	191.00	221.89	155.25	38.00	1	6	
2	221.89	155.25	222.28	154.18	1.14	0	
3	222.28	154.18	227.40	139.97	15.11	0	
4	227.40	139.97	229.30	134.70	5.60	2	2	3	
5	229.30	134.70	231.00	130.00	5.00	3	2	3	7	

7	0	53.600	4
1	231.00	130.00	231.75	125.06	5.00	3	2	3	7	
2	231.75	125.06	234.70	105.47	19.80	2	2	3	
3	234.70	105.47	237.71	85.52	20.18	1	3	
4	237.71	85.52	239.00	77.00	8.62	0	

7	1	157.889	5
1	231.00	130.00	226.31	131.74	5.00	3	2	3	7	
2	226.31	131.74	225.28	132.13	1.11	2	2	3	
3	225.28	132.13	209.14	138.12	17.21	1	3	
4	209.14	138.12	89.56	182.56	127.57	0	
5	89.56	182.56	83.00	185.00	7.00	1	1	

7	2	25.080	2
1	231.00	130.00	235.98	129.60	5.00	3	2	3	7	
2	235.98	129.60	256.00	128.00	20.08	2	2	3	

7	3	14.765	2
1	231.00	130.00	235.40	127.63	5.00	3	2	3	7	
2	235.40	127.63	244.00	123.00	9.76	2	2	3	

7	4	132.310	5
1	231.00	130.00	226.88	127.17	5.00	3	2	3	7	
2	226.88	127.17	225.07	125.92	2.20	2	2	3	
3	225.07	125.92	207.18	113.61	21.72	1	3	
4	207.18	113.61	130.24	60.67	93.39	0	
5	130.24	60.67	122.00	55.00	10.00	1	4	

7	5	63.063	5
1	231.00	130.00	235.84	128.73	5.00	3	2	3	7	
2	235.84	128.73	281.48	116.76	47.19	2	2	3	
3	281.48	116.76	284.56	115.95	3.18	1	2	
4	284.56	115.95	290.07	114.51	5.69	0	
5	290.07	114.51	292.00	114.00	2.00	1	5	

7	6	64.846	5
1	231.00	130.00	229.30	134.70	5.00	3	2	3	7	
2	229.30	134.70	227.40	139.97	5.60	2	2	3	
3	227.40	139.97	222.28	154.18	15.11	0	
4	222.28	154.18	221.89	155.25	1.14	0	
5	221.89	155.25	209.00	191.00	38.00	1	6	

7	7	0	0
