6	48	2	0.001	80.0
150.000	150.000	0.000	4.000	0.000
133.000	11.000	40.000	1.000	13.000
73.000	20.000	45.000	7.000	15.000
101.000	46.000	20.000	6.000	2.000
203.000	257.000	42.000	10.000	14.000
123.000	130.000	24.000	6.000	18.000
 


0	0	0	0

0	1	140.036	2
1	150.00	150.00	137.86	50.70	100.04	0	
2	137.86	50.70	133.00	11.00	40.00	1	1	

0	2	151.093	6
1	150.00	150.00	144.49	140.69	10.82	0	
2	144.49	140.69	123.95	106.02	40.30	1	5	
3	123.95	106.02	100.24	65.99	46.53	0	
4	100.24	65.99	95.93	58.72	8.45	1	3	
5	95.93	58.72	83.11	37.06	25.17	2	2	3	
6	83.11	37.06	73.00	20.00	19.83	1	2	

0	3	114.965	5
1	150.00	150.00	145.05	139.49	11.62	0	
2	145.05	139.49	129.72	106.96	35.95	1	5	
3	129.72	106.96	109.52	64.09	47.39	0	
4	109.52	64.09	104.08	52.54	12.77	1	3	
5	104.08	52.54	101.00	46.00	7.23	2	2	3	

0	4	119.407	2
1	150.00	150.00	184.36	219.36	77.41	0	
2	184.36	219.36	203.00	257.00	42.00	1	4	

0	5	33.601	2
1	150.00	150.00	142.29	144.29	9.60	0	
2	142.29	144.29	123.00	130.00	24.00	1	5	

1	0	140.036	2
1	133.00	11.00	137.86	50.70	40.00	1	1	
2	137.86	50.70	150.00	150.00	100.04	0	

1	1	0	0

1	2	60.671	3
1	133.00	11.00	117.50	13.32	15.67	1	1	
2	117.50	13.32	93.44	16.93	24.33	2	1	2	
3	93.44	16.93	73.00	20.00	20.67	1	2	

1	3	47.424	4
1	133.00	11.00	117.24	28.24	23.36	1	1	
2	117.24	28.24	114.50	31.24	4.07	2	1	2	
3	114.50	31.24	106.01	40.52	12.58	3	1	2	3	
4	106.01	40.52	101.00	46.00	7.42	2	2	3	

1	4	255.766	3
1	133.00	11.00	143.95	49.47	40.00	1	1	
2	143.95	49.47	191.51	216.60	173.77	0	
3	191.51	216.60	203.00	257.00	42.00	1	4	

1	5	119.419	3
1	133.00	11.00	129.65	50.86	40.00	1	1	
2	129.65	50.86	125.01	106.08	55.42	0	
3	125.01	106.08	123.00	130.00	24.00	1	5	

2	0	151.093	6
1	73.00	20.00	83.11	37.06	19.83	1	2	
2	83.11	37.06	95.93	58.72	25.17	2	2	3	
3	95.93	58.72	100.24	65.99	8.45	1	3	
4	100.24	65.99	123.95	106.02	46.53	0	
5	123.95	106.02	144.49	140.69	40.30	1	5	
6	144.49	140.69	150.00	150.00	10.82	0	

2	1	60.671	3
1	73.00	20.00	93.44	16.93	20.67	1	2	
2	93.44	16.93	117.50	13.32	24.33	2	1	2	
3	117.50	13.32	133.00	11.00	15.67	1	1	

2	2	0	0

2	3	38.210	2
1	73.00	20.00	86.34	32.39	18.21	1	2	
2	86.34	32.39	101.00	46.00	20.00	2	2	3	

2	4	270.313	7
1	73.00	20.00	82.76	37.79	20.30	1	2	
2	82.76	37.79	94.64	59.45	24.70	2	2	3	
3	94.64	59.45	98.12	65.79	7.23	1	3	
4	98.12	65.79	120.26	106.16	46.04	0	
5	120.26	106.16	141.63	145.13	44.45	1	5	
6	141.63	145.13	182.80	220.18	85.60	0	
7	182.80	220.18	203.00	257.00	42.00	1	4	

2	5	120.830	5
1	73.00	20.00	81.99	39.78	21.73	1	2	
2	81.99	39.78	91.62	60.97	23.27	2	2	3	
3	91.62	60.97	93.19	64.41	3.78	1	3	
4	93.19	64.41	113.07	108.15	48.05	0	
5	113.07	108.15	123.00	130.00	24.00	1	5	

3	0	114.965	5
1	101.00	46.00	104.08	52.54	7.23	2	2	3	
2	104.08	52.54	109.52	64.09	12.77	1	3	
3	109.52	64.09	129.72	106.96	47.39	0	
4	129.72	106.96	145.05	139.49	35.95	1	5	
5	145.05	139.49	150.00	150.00	11.62	0	

3	1	47.424	4
1	101.00	46.00	106.01	40.52	7.42	2	2	3	
2	106.01	40.52	114.50	31.24	12.58	3	1	2	3	
3	114.50	31.24	117.24	28.24	4.07	2	1	2	
4	117.24	28.24	133.00	11.00	23.36	1	1	

3	2	38.210	2
1	101.00	46.00	86.34	32.39	20.00	2	2	3	
2	86.34	32.39	73.00	20.00	18.21	1	2	

3	3	0	0

3	4	234.361	6
1	101.00	46.00	104.14	52.49	7.21	2	2	3	
2	104.14	52.49	109.70	64.01	12.79	1	3	
3	109.70	64.01	130.60	107.24	48.02	0	
4	130.60	107.24	145.56	138.18	34.37	1	5	
5	145.56	138.18	184.72	219.19	89.97	0	
6	184.72	219.19	203.00	257.00	42.00	1	4	

3	5	86.833	4
1	101.00	46.00	102.98	53.56	7.81	2	2	3	
2	102.98	53.56	106.07	65.35	12.19	1	3	
3	106.07	65.35	116.92	106.78	42.83	0	
4	116.92	106.78	123.00	130.00	24.00	1	5	

4	0	119.407	2
1	203.00	257.00	184.36	219.36	42.00	1	4	
2	184.36	219.36	150.00	150.00	77.41	0	

4	1	255.766	3
1	203.00	257.00	191.51	216.60	42.00	1	4	
2	191.51	216.60	143.95	49.47	173.77	0	
3	143.95	49.47	133.00	11.00	40.00	1	1	

4	2	270.313	7
1	203.00	257.00	182.80	220.18	42.00	1	4	
2	182.80	220.18	141.63	145.13	85.60	0	
3	141.63	145.13	120.26	106.16	44.45	1	5	
4	120.26	106.16	98.12	65.79	46.04	0	
5	98.12	65.79	94.64	59.45	7.23	1	3	
6	94.64	59.45	82.76	37.79	24.70	2	2	3	
7	82.76	37.79	73.00	20.00	20.30	1	2	

4	3	234.361	6
1	203.00	257.00	184.72	219.19	42.00	1	4	
2	184.72	219.19	145.56	138.18	89.97	0	
3	145.56	138.18	130.60	107.24	34.37	1	5	
4	130.60	107.24	109.70	64.01	48.02	0	
5	109.70	64.01	104.14	52.49	12.79	1	3	
6	104.14	52.49	101.00	46.00	7.21	2	2	3	

4	4	0	0

4	5	150.097	3
1	203.00	257.00	180.61	221.46	42.00	1	4	
2	180.61	221.46	135.79	150.31	84.10	0	
3	135.79	150.31	123.00	130.00	24.00	1	5	

5	0	33.601	2
1	123.00	130.00	142.29	144.29	24.00	1	5	
2	142.29	144.29	150.00	150.00	9.60	0	

5	1	119.419	3
1	123.00	130.00	125.01	106.08	24.00	1	5	
2	125.01	106.08	129.65	50.86	55.42	0	
3	129.65	50.86	133.00	11.00	40.00	1	1	

5	2	120.830	5
1	123.00	130.00	113.07	108.15	24.00	1	5	
2	113.07	108.15	93.19	64.41	48.05	0	
3	93.19	64.41	91.62	60.97	3.78	1	3	
4	91.62	60.97	81.99	39.78	23.27	2	2	3	
5	81.99	39.78	73.00	20.00	21.73	1	2	

5	3	86.833	4
1	123.00	130.00	116.92	106.78	24.00	1	5	
2	116.92	106.78	106.07	65.35	42.83	0	
3	106.07	65.35	102.98	53.56	12.19	1	3	
4	102.98	53.56	101.00	46.00	7.81	2	2	3	

5	4	150.097	3
1	123.00	130.00	135.79	150.31	24.00	1	5	
2	135.79	150.31	180.61	221.46	84.10	0	
3	180.61	221.46	203.00	257.00	42.00	1	4	

5	5	0	0
