6	31	2	0.001	15.0
150.000	150.000	0.000	7.000	0.000
136.000	282.000	49.000	5.000	19.000
163.000	3.000	15.000	4.000	7.000
17.000	197.000	29.000	2.000	7.000
82.000	3.000	29.000	4.000	17.000
237.000	179.000	25.000	8.000	20.000
 


0	0	0	0

0	1	132.740	2
1	150.00	150.00	141.17	233.27	83.74	0	
2	141.17	233.27	136.00	282.00	49.00	0	

0	2	147.574	2
1	150.00	150.00	161.68	17.94	132.57	0	
2	161.68	17.94	163.00	3.00	15.00	1	2	

0	3	141.060	2
1	150.00	150.00	44.34	187.34	112.06	0	
2	44.34	187.34	17.00	197.00	29.00	1	3	

0	4	161.966	2
1	150.00	150.00	94.18	29.32	132.97	0	
2	94.18	29.32	82.00	3.00	29.00	1	4	

0	5	91.706	2
1	150.00	150.00	213.28	171.09	66.71	0	
2	213.28	171.09	237.00	179.00	25.00	1	5	

1	0	132.740	2
1	136.00	282.00	141.17	233.27	49.00	0	
2	141.17	233.27	150.00	150.00	83.74	0	

1	1	0	0

1	2	280.303	3
1	136.00	282.00	140.72	233.23	49.00	0	
2	140.72	233.23	161.56	17.93	216.30	0	
3	161.56	17.93	163.00	3.00	15.00	0	

1	3	146.240	3
1	136.00	282.00	96.13	253.52	49.00	1	1	
2	96.13	253.52	40.60	213.86	68.24	0	
3	40.60	213.86	17.00	197.00	29.00	1	3	

1	4	284.178	3
1	136.00	282.00	126.69	233.89	49.00	1	1	
2	126.69	233.89	87.51	31.47	206.18	0	
3	87.51	31.47	82.00	3.00	29.00	1	4	

1	5	144.257	3
1	136.00	282.00	170.31	247.01	49.00	1	1	
2	170.31	247.01	219.50	196.85	70.26	0	
3	219.50	196.85	237.00	179.00	25.00	1	5	

2	0	147.574	2
1	163.00	3.00	161.68	17.94	15.00	1	2	
2	161.68	17.94	150.00	150.00	132.57	0	

2	1	280.303	3
1	163.00	3.00	161.56	17.93	15.00	0	
2	161.56	17.93	140.72	233.23	216.30	0	
3	140.72	233.23	136.00	282.00	49.00	0	

2	2	0	0

2	3	242.800	3
1	163.00	3.00	153.98	14.99	15.00	1	2	
2	153.98	14.99	34.44	173.83	198.80	0	
3	34.44	173.83	17.00	197.00	29.00	1	3	

2	4	81.000	3
1	163.00	3.00	148.00	3.00	15.00	1	2	
2	148.00	3.00	111.00	3.00	37.00	0	
3	111.00	3.00	82.00	3.00	29.00	1	4	

2	5	190.924	3
1	163.00	3.00	168.81	16.83	15.00	1	2	
2	168.81	16.83	227.31	155.95	150.92	0	
3	227.31	155.95	237.00	179.00	25.00	1	5	

3	0	141.060	2
1	17.00	197.00	44.34	187.34	29.00	1	3	
2	44.34	187.34	150.00	150.00	112.06	0	

3	1	146.240	3
1	17.00	197.00	40.60	213.86	29.00	1	3	
2	40.60	213.86	96.13	253.52	68.24	0	
3	96.13	253.52	136.00	282.00	49.00	1	1	

3	2	242.800	3
1	17.00	197.00	34.44	173.83	29.00	1	3	
2	34.44	173.83	153.98	14.99	198.80	0	
3	153.98	14.99	163.00	3.00	15.00	1	2	

3	3	0	0

3	4	204.600	3
1	17.00	197.00	26.21	169.50	29.00	1	3	
2	26.21	169.50	72.79	30.50	146.60	0	
3	72.79	30.50	82.00	3.00	29.00	1	4	

3	5	220.735	3
1	17.00	197.00	45.90	194.64	29.00	1	3	
2	45.90	194.64	212.08	181.04	166.74	0	
3	212.08	181.04	237.00	179.00	25.00	1	5	

4	0	161.966	2
1	82.00	3.00	94.18	29.32	29.00	1	4	
2	94.18	29.32	150.00	150.00	132.97	0	

4	1	284.178	3
1	82.00	3.00	87.51	31.47	29.00	1	4	
2	87.51	31.47	126.69	233.89	206.18	0	
3	126.69	233.89	136.00	282.00	49.00	1	1	

4	2	81.000	3
1	82.00	3.00	111.00	3.00	29.00	1	4	
2	111.00	3.00	148.00	3.00	37.00	0	
3	148.00	3.00	163.00	3.00	15.00	1	2	

4	3	204.600	3
1	82.00	3.00	72.79	30.50	29.00	1	4	
2	72.79	30.50	26.21	169.50	146.60	0	
3	26.21	169.50	17.00	197.00	29.00	1	3	

4	4	0	0

4	5	234.523	3
1	82.00	3.00	101.17	24.76	29.00	1	4	
2	101.17	24.76	220.48	160.24	180.52	0	
3	220.48	160.24	237.00	179.00	25.00	1	5	

5	0	91.706	2
1	237.00	179.00	213.28	171.09	25.00	1	5	
2	213.28	171.09	150.00	150.00	66.71	0	

5	1	144.257	3
1	237.00	179.00	219.50	196.85	25.00	1	5	
2	219.50	196.85	170.31	247.01	70.26	0	
3	170.31	247.01	136.00	282.00	49.00	1	1	

5	2	190.924	3
1	237.00	179.00	227.31	155.95	25.00	1	5	
2	227.31	155.95	168.81	16.83	150.92	0	
3	168.81	16.83	163.00	3.00	15.00	1	2	

5	3	220.735	3
1	237.00	179.00	212.08	181.04	25.00	1	5	
2	212.08	181.04	45.90	194.64	166.74	0	
3	45.90	194.64	17.00	197.00	29.00	1	3	

5	4	234.523	3
1	237.00	179.00	220.48	160.24	25.00	1	5	
2	220.48	160.24	101.17	24.76	180.52	0	
3	101.17	24.76	82.00	3.00	29.00	1	4	

5	5	0	0
