6	35	2	0.001	70.0
150.000	150.000	0.000	3.000	0.000
254.000	102.000	44.000	7.000	5.000
33.000	18.000	6.000	7.000	7.000
47.000	75.000	3.000	8.000	3.000
119.000	88.000	21.000	2.000	13.000
45.000	269.000	22.000	3.000	6.000
 


0	0	0	0

0	1	114.543	2
1	150.00	150.00	214.05	120.44	70.54	0	
2	214.05	120.44	254.00	102.00	44.00	1	1	

0	2	176.389	4
1	150.00	150.00	112.84	108.08	56.02	0	
2	112.84	108.08	98.33	91.70	21.88	1	4	
3	98.33	91.70	36.98	22.49	92.49	0	
4	36.98	22.49	33.00	18.00	6.00	1	2	

0	3	127.413	2
1	150.00	150.00	49.43	76.77	124.41	0	
2	49.43	76.77	47.00	75.00	3.00	1	3	

0	4	69.318	2
1	150.00	150.00	128.39	106.78	48.32	0	
2	128.39	106.78	119.00	88.00	21.00	1	4	

0	5	158.701	2
1	150.00	150.00	59.56	252.50	136.70	0	
2	59.56	252.50	45.00	269.00	22.00	1	5	

1	0	114.543	2
1	254.00	102.00	214.05	120.44	44.00	1	1	
2	214.05	120.44	150.00	150.00	70.54	0	

1	1	0	0

1	2	236.425	3
1	254.00	102.00	212.87	86.37	44.00	1	1	
2	212.87	86.37	38.61	20.13	186.43	0	
3	38.61	20.13	33.00	18.00	6.00	1	2	

1	3	208.753	5
1	254.00	102.00	210.37	96.31	44.00	1	1	
2	210.37	96.31	139.98	87.13	70.98	0	
3	139.98	87.13	98.94	81.78	41.39	1	4	
4	98.94	81.78	49.97	75.39	49.38	0	
5	49.97	75.39	47.00	75.00	3.00	1	3	

1	4	135.724	3
1	254.00	102.00	210.23	97.46	44.00	1	1	
2	210.23	97.46	139.89	90.17	70.72	0	
3	139.89	90.17	119.00	88.00	21.00	1	4	

1	5	267.526	3
1	254.00	102.00	219.63	129.47	44.00	1	1	
2	219.63	129.47	62.19	255.27	201.53	0	
3	62.19	255.27	45.00	269.00	22.00	1	5	

2	0	176.389	4
1	33.00	18.00	36.98	22.49	6.00	1	2	
2	36.98	22.49	98.33	91.70	92.49	0	
3	98.33	91.70	112.84	108.08	21.88	1	4	
4	112.84	108.08	150.00	150.00	56.02	0	

2	1	236.425	3
1	33.00	18.00	38.61	20.13	6.00	1	2	
2	38.61	20.13	212.87	86.37	186.43	0	
3	212.87	86.37	254.00	102.00	44.00	1	1	

2	2	0	0

2	3	58.694	3
1	33.00	18.00	34.43	23.83	6.00	1	2	
2	34.43	23.83	46.28	72.09	49.69	0	
3	46.28	72.09	47.00	75.00	3.00	1	3	

2	4	110.887	3
1	33.00	18.00	37.65	21.79	6.00	1	2	
2	37.65	21.79	102.71	74.74	83.89	0	
3	102.71	74.74	119.00	88.00	21.00	1	4	

2	5	251.287	3
1	33.00	18.00	33.29	23.99	6.00	1	2	
2	33.29	23.99	43.95	247.02	223.29	0	
3	43.95	247.02	45.00	269.00	22.00	1	5	

3	0	127.413	2
1	47.00	75.00	49.43	76.77	3.00	1	3	
2	49.43	76.77	150.00	150.00	124.41	0	

3	1	208.753	5
1	47.00	75.00	49.97	75.39	3.00	1	3	
2	49.97	75.39	98.94	81.78	49.38	0	
3	98.94	81.78	139.98	87.13	41.39	1	4	
4	139.98	87.13	210.37	96.31	70.98	0	
5	210.37	96.31	254.00	102.00	44.00	1	1	

3	2	58.694	3
1	47.00	75.00	46.28	72.09	3.00	1	3	
2	46.28	72.09	34.43	23.83	49.69	0	
3	34.43	23.83	33.00	18.00	6.00	1	2	

3	3	0	0

3	4	73.164	3
1	47.00	75.00	49.95	75.53	3.00	1	3	
2	49.95	75.53	98.33	84.27	49.16	0	
3	98.33	84.27	119.00	88.00	21.00	1	4	

3	5	194.010	3
1	47.00	75.00	46.97	78.00	3.00	1	3	
2	46.97	78.00	45.23	247.00	169.01	0	
3	45.23	247.00	45.00	269.00	22.00	0	

4	0	69.318	2
1	119.00	88.00	128.39	106.78	21.00	1	4	
2	128.39	106.78	150.00	150.00	48.32	0	

4	1	135.724	3
1	119.00	88.00	139.89	90.17	21.00	1	4	
2	139.89	90.17	210.23	97.46	70.72	0	
3	210.23	97.46	254.00	102.00	44.00	1	1	

4	2	110.887	3
1	119.00	88.00	102.71	74.74	21.00	1	4	
2	102.71	74.74	37.65	21.79	83.89	0	
3	37.65	21.79	33.00	18.00	6.00	1	2	

4	3	73.164	3
1	119.00	88.00	98.33	84.27	21.00	1	4	
2	98.33	84.27	49.95	75.53	49.16	0	
3	49.95	75.53	47.00	75.00	3.00	1	3	

4	4	0	0

4	5	195.543	3
1	119.00	88.00	111.05	107.44	21.00	1	4	
2	111.05	107.44	53.33	248.64	152.54	0	
3	53.33	248.64	45.00	269.00	22.00	1	5	

5	0	158.701	2
1	45.00	269.00	59.56	252.50	22.00	1	5	
2	59.56	252.50	150.00	150.00	136.70	0	

5	1	267.526	3
1	45.00	269.00	62.19	255.27	22.00	1	5	
2	62.19	255.27	219.63	129.47	201.53	0	
3	219.63	129.47	254.00	102.00	44.00	1	1	

5	2	251.287	3
1	45.00	269.00	43.95	247.02	22.00	1	5	
2	43.95	247.02	33.29	23.99	223.29	0	
3	33.29	23.99	33.00	18.00	6.00	1	2	

5	3	194.010	3
1	45.00	269.00	45.23	247.00	22.00	0	
2	45.23	247.00	46.97	78.00	169.01	0	
3	46.97	78.00	47.00	75.00	3.00	1	3	

5	4	195.543	3
1	45.00	269.00	53.33	248.64	22.00	1	5	
2	53.33	248.64	111.05	107.44	152.54	0	
3	111.05	107.44	119.00	88.00	21.00	1	4	

5	5	0	0
