11	141	2	0.001	60.0
150.000	150.000	0.000	4.000	0.000
223.000	84.000	6.000	2.000	11.000
34.000	133.000	11.000	4.000	10.000
119.000	63.000	7.000	9.000	2.000
43.000	254.000	26.000	3.000	13.000
126.000	242.000	46.000	6.000	13.000
270.000	189.000	24.000	4.000	19.000
299.000	23.000	40.000	10.000	10.000
17.000	31.000	8.000	7.000	1.000
116.000	215.000	3.000	2.000	3.000
48.000	215.000	22.000	9.000	8.000

0	0	0	0

0	1	98.412	2
1	150.00	150.00	218.55	88.02	92.41	0	
2	218.55	88.02	223.00	84.00	6.00	1	1	

0	2	117.239	2
1	150.00	150.00	44.88	134.59	106.24	0	
2	44.88	134.59	34.00	133.00	11.00	1	2	

0	3	92.358	2
1	150.00	150.00	121.35	69.59	85.36	0	
2	121.35	69.59	119.00	63.00	7.00	1	3	

0	4	149.215	2
1	150.00	150.00	61.64	235.88	123.21	0	
2	61.64	235.88	43.00	254.00	26.00	1	4	

0	5	95.079	2
1	150.00	150.00	137.61	197.49	49.08	0	
2	137.61	197.49	126.00	242.00	46.00	1	5	

0	6	126.178	2
1	150.00	150.00	247.18	181.58	102.18	0	
2	247.18	181.58	270.00	189.00	24.00	1	6	

0	7	195.780	4
1	150.00	150.00	220.86	89.60	93.10	0	
2	220.86	89.60	228.87	82.77	10.53	1	1	
3	228.87	82.77	268.56	48.95	52.14	0	
4	268.56	48.95	299.00	23.00	40.00	1	7	

0	8	178.466	2
1	150.00	150.00	22.96	36.33	170.47	0	
2	22.96	36.33	17.00	31.00	8.00	1	8	

0	9	73.355	3
1	150.00	150.00	125.94	196.00	51.91	0	
2	125.94	196.00	117.39	212.34	18.44	1	5	
3	117.39	212.34	116.00	215.00	3.00	2	5	9	

0	10	120.950	2
1	150.00	150.00	66.55	203.18	98.95	0	
2	66.55	203.18	48.00	215.00	22.00	1	10	

1	0	98.412	2
1	223.00	84.00	218.55	88.02	6.00	1	1	
2	218.55	88.02	150.00	150.00	92.41	0	

1	1	0	0

1	2	195.249	3
1	223.00	84.00	217.19	85.51	6.00	1	1	
2	217.19	85.51	44.65	130.24	178.25	0	
3	44.65	130.24	34.00	133.00	11.00	1	2	

1	3	106.099	3
1	223.00	84.00	217.12	82.81	6.00	1	1	
2	217.12	82.81	125.86	64.39	93.10	0	
3	125.86	64.39	119.00	63.00	7.00	1	3	

1	4	247.588	3
1	223.00	84.00	218.64	88.12	6.00	1	1	
2	218.64	88.12	61.90	236.15	215.59	0	
3	61.90	236.15	43.00	254.00	26.00	1	4	

1	5	185.400	3
1	223.00	84.00	219.86	89.11	6.00	1	1	
2	219.86	89.11	150.07	202.80	133.40	0	
3	150.07	202.80	126.00	242.00	46.00	1	5	

1	6	115.039	3
1	223.00	84.00	225.45	89.48	6.00	1	1	
2	225.45	89.48	260.19	167.09	85.04	0	
3	260.19	167.09	270.00	189.00	24.00	1	6	

1	7	97.453	3
1	223.00	84.00	227.68	80.24	6.00	1	1	
2	227.68	80.24	267.81	48.04	51.45	0	
3	267.81	48.04	299.00	23.00	40.00	1	7	

1	8	212.709	5
1	223.00	84.00	217.19	82.50	6.00	1	1	
2	217.19	82.50	124.49	58.65	95.72	0	
3	124.49	58.65	116.29	56.55	8.46	1	3	
4	116.29	56.55	24.75	32.99	94.52	0	
5	24.75	32.99	17.00	31.00	8.00	1	8	

1	9	169.145	4
1	223.00	84.00	219.20	88.65	6.00	1	1	
2	219.20	88.65	131.27	196.30	139.00	0	
3	131.27	196.30	117.90	212.68	21.14	1	5	
4	117.90	212.68	116.00	215.00	3.00	2	5	9	

1	10	218.600	3
1	223.00	84.00	218.20	87.60	6.00	1	1	
2	218.20	87.60	65.61	201.82	190.60	0	
3	65.61	201.82	48.00	215.00	22.00	1	10	

2	0	117.239	2
1	34.00	133.00	44.88	134.59	11.00	1	2	
2	44.88	134.59	150.00	150.00	106.24	0	

2	1	195.249	3
1	34.00	133.00	44.65	130.24	11.00	1	2	
2	44.65	130.24	217.19	85.51	178.25	0	
3	217.19	85.51	223.00	84.00	6.00	1	1	

2	2	0	0

2	3	110.114	3
1	34.00	133.00	42.49	126.01	11.00	1	2	
2	42.49	126.01	113.60	67.45	92.11	0	
3	113.60	67.45	119.00	63.00	7.00	1	3	

2	4	121.334	5
1	34.00	133.00	34.82	143.97	11.00	1	2	
2	34.82	143.97	38.62	195.10	51.27	0	
3	38.62	195.10	41.07	228.07	33.06	0	
4	41.07	228.07	41.67	236.07	8.02	0	
5	41.67	236.07	43.00	254.00	17.98	1	4	

2	5	142.636	3
1	34.00	133.00	41.09	141.41	11.00	1	2	
2	41.09	141.41	96.33	206.85	85.64	0	
3	96.33	206.85	126.00	242.00	46.00	1	5	

2	6	242.553	3
1	34.00	133.00	44.70	135.54	11.00	1	2	
2	44.70	135.54	246.65	183.46	207.55	0	
3	246.65	183.46	270.00	189.00	24.00	1	6	

2	7	286.923	3
1	34.00	133.00	44.16	128.78	11.00	1	2	
2	44.16	128.78	262.06	38.34	235.92	0	
3	262.06	38.34	299.00	23.00	40.00	1	7	

2	8	103.407	3
1	34.00	133.00	32.19	122.15	11.00	1	2	
2	32.19	122.15	18.32	38.89	84.41	0	
3	18.32	38.89	17.00	31.00	8.00	1	8	

2	9	115.966	4
1	34.00	133.00	41.78	140.78	11.00	1	2	
2	41.78	140.78	103.10	202.10	86.73	0	
3	103.10	202.10	113.88	212.88	15.24	1	5	
4	113.88	212.88	116.00	215.00	3.00	2	5	9	

2	10	83.187	3
1	34.00	133.00	35.85	143.84	11.00	1	2	
2	35.85	143.84	44.30	193.31	50.19	0	
3	44.30	193.31	48.00	215.00	22.00	1	10	

3	0	92.358	2
1	119.00	63.00	121.35	69.59	7.00	1	3	
2	121.35	69.59	150.00	150.00	85.36	0	

3	1	106.099	3
1	119.00	63.00	125.86	64.39	7.00	1	3	
2	125.86	64.39	217.12	82.81	93.10	0	
3	217.12	82.81	223.00	84.00	6.00	1	1	

3	2	110.114	3
1	119.00	63.00	113.60	67.45	7.00	1	3	
2	113.60	67.45	42.49	126.01	92.11	0	
3	42.49	126.01	34.00	133.00	11.00	1	2	

3	3	0	0

3	4	205.565	5
1	119.00	63.00	116.41	69.50	7.00	1	3	
2	116.41	69.50	64.37	200.30	140.77	0	
3	64.37	200.30	52.61	229.84	31.80	1	10	
4	52.61	229.84	49.79	236.93	7.62	2	4	10	
5	49.79	236.93	43.00	254.00	18.38	1	4	

3	5	179.137	3
1	119.00	63.00	119.27	69.99	7.00	1	3	
2	119.27	69.99	124.20	196.04	126.14	0	
3	124.20	196.04	126.00	242.00	46.00	1	5	

3	6	196.665	3
1	119.00	63.00	124.37	67.48	7.00	1	3	
2	124.37	67.48	251.57	173.62	165.66	0	
3	251.57	173.62	270.00	189.00	24.00	1	6	

3	7	184.391	3
1	119.00	63.00	125.83	61.48	7.00	1	3	
2	125.83	61.48	259.95	31.68	137.39	0	
3	259.95	31.68	299.00	23.00	40.00	1	7	

3	8	106.902	3
1	119.00	63.00	112.32	60.90	7.00	1	3	
2	112.32	60.90	24.63	33.39	91.90	0	
3	24.63	33.39	17.00	31.00	8.00	1	8	

3	9	152.030	4
1	119.00	63.00	118.86	70.00	7.00	1	3	
2	118.86	70.00	116.35	197.02	127.05	0	
3	116.35	197.02	116.06	212.00	14.98	1	5	
4	116.06	212.00	116.00	215.00	3.00	2	5	9	

3	10	167.765	3
1	119.00	63.00	116.04	69.34	7.00	1	3	
2	116.04	69.34	57.31	195.07	138.76	0	
3	57.31	195.07	48.00	215.00	22.00	1	10	

4	0	149.215	2
1	43.00	254.00	61.64	235.88	26.00	1	4	
2	61.64	235.88	150.00	150.00	123.21	0	

4	1	247.588	3
1	43.00	254.00	61.90	236.15	26.00	1	4	
2	61.90	236.15	218.64	88.12	215.59	0	
3	218.64	88.12	223.00	84.00	6.00	1	1	

4	2	121.334	5
1	43.00	254.00	41.67	236.07	17.98	1	4	
2	41.67	236.07	41.07	228.07	8.02	0	
3	41.07	228.07	38.62	195.10	33.06	0	
4	38.62	195.10	34.82	143.97	51.27	0	
5	34.82	143.97	34.00	133.00	11.00	1	2	

4	3	205.565	5
1	43.00	254.00	49.79	236.93	18.38	1	4	
2	49.79	236.93	52.61	229.84	7.62	2	4	10	
3	52.61	229.84	64.37	200.30	31.80	1	10	
4	64.37	200.30	116.41	69.50	140.77	0	
5	116.41	69.50	119.00	63.00	7.00	1	3	

4	4	0	0

4	5	83.863	3
1	43.00	254.00	68.73	250.28	26.00	1	4	
2	68.73	250.28	80.47	248.58	11.86	0	
3	80.47	248.58	126.00	242.00	46.00	1	5	

4	6	236.123	5
1	43.00	254.00	68.00	246.84	26.00	1	4	
2	68.00	246.84	80.02	243.40	12.51	0	
3	80.02	243.40	165.75	218.85	89.17	1	5	
4	165.75	218.85	246.93	195.61	84.44	0	
5	246.93	195.61	270.00	189.00	24.00	1	6	

4	7	344.814	5
1	43.00	254.00	62.30	236.58	26.00	1	4	
2	62.30	236.58	225.22	89.57	219.44	0	
3	225.22	89.57	228.32	86.78	4.17	1	1	
4	228.32	86.78	269.30	49.80	55.21	0	
5	269.30	49.80	299.00	23.00	40.00	1	7	

4	8	224.511	7
1	43.00	254.00	40.88	235.82	18.31	1	4	
2	40.88	235.82	39.99	228.17	7.69	2	4	10	
3	39.99	228.17	36.28	196.38	32.01	1	10	
4	36.28	196.38	30.09	143.28	53.46	0	
5	30.09	143.28	27.83	123.89	19.52	1	2	
6	27.83	123.89	17.93	38.95	85.52	0	
7	17.93	38.95	17.00	31.00	8.00	1	8	

4	9	82.765	4
1	43.00	254.00	65.93	241.75	26.00	1	4	
2	65.93	241.75	80.73	233.84	16.78	0	
3	80.73	233.84	113.35	216.41	36.99	1	5	
4	113.35	216.41	116.00	215.00	3.00	2	5	9	

4	10	39.319	3
1	43.00	254.00	45.20	236.82	17.32	1	4	
2	45.20	236.82	46.31	228.21	8.68	2	4	10	
3	46.31	228.21	48.00	215.00	13.32	1	10	

5	0	95.079	2
1	126.00	242.00	137.61	197.49	46.00	1	5	
2	137.61	197.49	150.00	150.00	49.08	0	

5	1	185.400	3
1	126.00	242.00	150.07	202.80	46.00	1	5	
2	150.07	202.80	219.86	89.11	133.40	0	
3	219.86	89.11	223.00	84.00	6.00	1	1	

5	2	142.636	3
1	126.00	242.00	96.33	206.85	46.00	1	5	
2	96.33	206.85	41.09	141.41	85.64	0	
3	41.09	141.41	34.00	133.00	11.00	1	2	

5	3	179.137	3
1	126.00	242.00	124.20	196.04	46.00	1	5	
2	124.20	196.04	119.27	69.99	126.14	0	
3	119.27	69.99	119.00	63.00	7.00	1	3	

5	4	83.863	3
1	126.00	242.00	80.47	248.58	46.00	1	5	
2	80.47	248.58	68.73	250.28	11.86	0	
3	68.73	250.28	43.00	254.00	26.00	1	4	

5	5	0	0

5	6	153.444	3
1	126.00	242.00	169.17	226.11	46.00	1	5	
2	169.17	226.11	247.48	197.29	83.44	0	
3	247.48	197.29	270.00	189.00	24.00	1	6	

5	7	279.088	3
1	126.00	242.00	154.51	205.90	46.00	1	5	
2	154.51	205.90	274.20	54.39	193.09	0	
3	274.20	54.39	299.00	23.00	40.00	1	7	

5	8	237.491	3
1	126.00	242.00	104.89	201.13	46.00	1	5	
2	104.89	201.13	20.67	38.11	183.49	0	
3	20.67	38.11	17.00	31.00	8.00	1	8	

5	9	28.792	2
1	126.00	242.00	117.04	217.81	25.79	1	5	
2	117.04	217.81	116.00	215.00	3.00	2	5	9	

5	10	82.541	3
1	126.00	242.00	82.53	226.95	46.00	1	5	
2	82.53	226.95	68.79	222.20	14.54	0	
3	68.79	222.20	48.00	215.00	22.00	1	10	

6	0	126.178	2
1	270.00	189.00	247.18	181.58	24.00	1	6	
2	247.18	181.58	150.00	150.00	102.18	0	

6	1	115.039	3
1	270.00	189.00	260.19	167.09	24.00	1	6	
2	260.19	167.09	225.45	89.48	85.04	0	
3	225.45	89.48	223.00	84.00	6.00	1	1	

6	2	242.553	3
1	270.00	189.00	246.65	183.46	24.00	1	6	
2	246.65	183.46	44.70	135.54	207.55	0	
3	44.70	135.54	34.00	133.00	11.00	1	2	

6	3	196.665	3
1	270.00	189.00	251.57	173.62	24.00	1	6	
2	251.57	173.62	124.37	67.48	165.66	0	
3	124.37	67.48	119.00	63.00	7.00	1	3	

6	4	236.123	5
1	270.00	189.00	246.93	195.61	24.00	1	6	
2	246.93	195.61	165.75	218.85	84.44	0	
3	165.75	218.85	80.02	243.40	89.17	1	5	
4	80.02	243.40	68.00	246.84	12.51	0	
5	68.00	246.84	43.00	254.00	26.00	1	4	

6	5	153.444	3
1	270.00	189.00	247.48	197.29	24.00	1	6	
2	247.48	197.29	169.17	226.11	83.44	0	
3	169.17	226.11	126.00	242.00	46.00	1	5	

6	6	0	0

6	7	168.514	3
1	270.00	189.00	274.13	165.36	24.00	1	6	
2	274.13	165.36	292.12	62.40	104.51	0	
3	292.12	62.40	299.00	23.00	40.00	1	7	

6	8	298.283	3
1	270.00	189.00	249.64	176.29	24.00	1	6	
2	249.64	176.29	23.79	35.24	266.28	0	
3	23.79	35.24	17.00	31.00	8.00	1	8	

6	9	156.179	4
1	270.00	189.00	246.33	193.00	24.00	1	6	
2	246.33	193.00	157.06	208.07	90.54	0	
3	157.06	208.07	118.96	214.50	38.64	1	5	
4	118.96	214.50	116.00	215.00	3.00	2	5	9	

6	10	223.517	5
1	270.00	189.00	246.16	191.79	24.00	1	6	
2	246.16	191.79	150.40	203.01	96.41	0	
3	150.40	203.01	93.25	209.70	57.55	1	5	
4	93.25	209.70	69.85	212.44	23.56	0	
5	69.85	212.44	48.00	215.00	22.00	1	10	

7	0	195.780	4
1	299.00	23.00	268.56	48.95	40.00	1	7	
2	268.56	48.95	228.87	82.77	52.14	0	
3	228.87	82.77	220.86	89.60	10.53	1	1	
4	220.86	89.60	150.00	150.00	93.10	0	

7	1	97.453	3
1	299.00	23.00	267.81	48.04	40.00	1	7	
2	267.81	48.04	227.68	80.24	51.45	0	
3	227.68	80.24	223.00	84.00	6.00	1	1	

7	2	286.923	3
1	299.00	23.00	262.06	38.34	40.00	1	7	
2	262.06	38.34	44.16	128.78	235.92	0	
3	44.16	128.78	34.00	133.00	11.00	1	2	

7	3	184.391	3
1	299.00	23.00	259.95	31.68	40.00	1	7	
2	259.95	31.68	125.83	61.48	137.39	0	
3	125.83	61.48	119.00	63.00	7.00	1	3	

7	4	344.814	5
1	299.00	23.00	269.30	49.80	40.00	1	7	
2	269.30	49.80	228.32	86.78	55.21	0	
3	228.32	86.78	225.22	89.57	4.17	1	1	
4	225.22	89.57	62.30	236.58	219.44	0	
5	62.30	236.58	43.00	254.00	26.00	1	4	

7	5	279.088	3
1	299.00	23.00	274.20	54.39	40.00	1	7	
2	274.20	54.39	154.51	205.90	193.09	0	
3	154.51	205.90	126.00	242.00	46.00	1	5	

7	6	168.514	3
1	299.00	23.00	292.12	62.40	40.00	1	7	
2	292.12	62.40	274.13	165.36	104.51	0	
3	274.13	165.36	270.00	189.00	24.00	1	6	

7	7	0	0

7	8	282.113	3
1	299.00	23.00	259.02	24.13	40.00	1	7	
2	259.02	24.13	25.00	30.77	234.11	0	
3	25.00	30.77	17.00	31.00	8.00	1	8	

7	9	265.241	4
1	299.00	23.00	271.40	51.95	40.00	1	7	
2	271.40	51.95	133.52	196.62	199.85	0	
3	133.52	196.62	118.07	212.83	22.39	1	5	
4	118.07	212.83	116.00	215.00	3.00	2	5	9	

7	10	316.014	5
1	299.00	23.00	267.23	47.30	40.00	1	7	
2	267.23	47.30	226.03	78.82	51.87	0	
3	226.03	78.82	217.21	85.57	11.10	1	1	
4	217.21	85.57	65.47	201.63	191.04	0	
5	65.47	201.63	48.00	215.00	22.00	1	10	

8	0	178.466	2
1	17.00	31.00	22.96	36.33	8.00	1	8	
2	22.96	36.33	150.00	150.00	170.47	0	

8	1	212.709	5
1	17.00	31.00	24.75	32.99	8.00	1	8	
2	24.75	32.99	116.29	56.55	94.52	0	
3	116.29	56.55	124.49	58.65	8.46	1	3	
4	124.49	58.65	217.19	82.50	95.72	0	
5	217.19	82.50	223.00	84.00	6.00	1	1	

8	2	103.407	3
1	17.00	31.00	18.32	38.89	8.00	1	8	
2	18.32	38.89	32.19	122.15	84.41	0	
3	32.19	122.15	34.00	133.00	11.00	1	2	

8	3	106.902	3
1	17.00	31.00	24.63	33.39	8.00	1	8	
2	24.63	33.39	112.32	60.90	91.90	0	
3	112.32	60.90	119.00	63.00	7.00	1	3	

8	4	224.511	7
1	17.00	31.00	17.93	38.95	8.00	1	8	
2	17.93	38.95	27.83	123.89	85.52	0	
3	27.83	123.89	30.09	143.28	19.52	1	2	
4	30.09	143.28	36.28	196.38	53.46	0	
5	36.28	196.38	39.99	228.17	32.01	1	10	
6	39.99	228.17	40.88	235.82	7.69	2	4	10	
7	40.88	235.82	43.00	254.00	18.31	1	4	

8	5	237.491	3
1	17.00	31.00	20.67	38.11	8.00	1	8	
2	20.67	38.11	104.89	201.13	183.49	0	
3	104.89	201.13	126.00	242.00	46.00	1	5	

8	6	298.283	3
1	17.00	31.00	23.79	35.24	8.00	1	8	
2	23.79	35.24	249.64	176.29	266.28	0	
3	249.64	176.29	270.00	189.00	24.00	1	6	

8	7	282.113	3
1	17.00	31.00	25.00	30.77	8.00	1	8	
2	25.00	30.77	259.02	24.13	234.11	0	
3	259.02	24.13	299.00	23.00	40.00	1	7	

8	8	0	0

8	9	208.943	4
1	17.00	31.00	20.79	38.05	8.00	1	8	
2	20.79	38.05	107.80	199.75	183.63	0	
3	107.80	199.75	114.58	212.36	14.31	1	5	
4	114.58	212.36	116.00	215.00	3.00	2	5	9	

8	10	186.593	5
1	17.00	31.00	18.33	38.89	8.00	1	8	
2	18.33	38.89	32.35	122.12	84.41	0	
3	32.35	122.12	36.01	143.82	22.00	1	2	
4	36.01	143.82	44.34	193.31	50.19	0	
5	44.34	193.31	48.00	215.00	22.00	1	10	

9	0	73.355	3
1	116.00	215.00	117.39	212.34	3.00	2	5	9	
2	117.39	212.34	125.94	196.00	18.44	1	5	
3	125.94	196.00	150.00	150.00	51.91	0	

9	1	169.145	4
1	116.00	215.00	117.90	212.68	3.00	2	5	9	
2	117.90	212.68	131.27	196.30	21.14	1	5	
3	131.27	196.30	219.20	88.65	139.00	0	
4	219.20	88.65	223.00	84.00	6.00	1	1	

9	2	115.966	4
1	116.00	215.00	113.88	212.88	3.00	2	5	9	
2	113.88	212.88	103.10	202.10	15.24	1	5	
3	103.10	202.10	41.78	140.78	86.73	0	
4	41.78	140.78	34.00	133.00	11.00	1	2	

9	3	152.030	4
1	116.00	215.00	116.06	212.00	3.00	2	5	9	
2	116.06	212.00	116.35	197.02	14.98	1	5	
3	116.35	197.02	118.86	70.00	127.05	0	
4	118.86	70.00	119.00	63.00	7.00	1	3	

9	4	82.765	4
1	116.00	215.00	113.35	216.41	3.00	2	5	9	
2	113.35	216.41	80.73	233.84	36.99	1	5	
3	80.73	233.84	65.93	241.75	16.78	0	
4	65.93	241.75	43.00	254.00	26.00	1	4	

9	5	28.792	2
1	116.00	215.00	117.04	217.81	3.00	2	5	9	
2	117.04	217.81	126.00	242.00	25.79	1	5	

9	6	156.179	4
1	116.00	215.00	118.96	214.50	3.00	2	5	9	
2	118.96	214.50	157.06	208.07	38.64	1	5	
3	157.06	208.07	246.33	193.00	90.54	0	
4	246.33	193.00	270.00	189.00	24.00	1	6	

9	7	265.241	4
1	116.00	215.00	118.07	212.83	3.00	2	5	9	
2	118.07	212.83	133.52	196.62	22.39	1	5	
3	133.52	196.62	271.40	51.95	199.85	0	
4	271.40	51.95	299.00	23.00	40.00	1	7	

9	8	208.943	4
1	116.00	215.00	114.58	212.36	3.00	2	5	9	
2	114.58	212.36	107.80	199.75	14.31	1	5	
3	107.80	199.75	20.79	38.05	183.63	0	
4	20.79	38.05	17.00	31.00	8.00	1	8	

9	9	0	0

9	10	68.000	4
1	116.00	215.00	113.00	215.00	3.00	2	5	9	
2	113.00	215.00	88.76	215.00	24.24	1	5	
3	88.76	215.00	70.00	215.00	18.76	0	
4	70.00	215.00	48.00	215.00	22.00	1	10	

10	0	120.950	2
1	48.00	215.00	66.55	203.18	22.00	1	10	
2	66.55	203.18	150.00	150.00	98.95	0	

10	1	218.600	3
1	48.00	215.00	65.61	201.82	22.00	1	10	
2	65.61	201.82	218.20	87.60	190.60	0	
3	218.20	87.60	223.00	84.00	6.00	1	1	

10	2	83.187	3
1	48.00	215.00	44.30	193.31	22.00	1	10	
2	44.30	193.31	35.85	143.84	50.19	0	
3	35.85	143.84	34.00	133.00	11.00	1	2	

10	3	167.765	3
1	48.00	215.00	57.31	195.07	22.00	1	10	
2	57.31	195.07	116.04	69.34	138.76	0	
3	116.04	69.34	119.00	63.00	7.00	1	3	

10	4	39.319	3
1	48.00	215.00	46.31	228.21	13.32	1	10	
2	46.31	228.21	45.20	236.82	8.68	2	4	10	
3	45.20	236.82	43.00	254.00	17.32	1	4	

10	5	82.541	3
1	48.00	215.00	68.79	222.20	22.00	1	10	
2	68.79	222.20	82.53	226.95	14.54	0	
3	82.53	226.95	126.00	242.00	46.00	1	5	

10	6	223.517	5
1	48.00	215.00	69.85	212.44	22.00	1	10	
2	69.85	212.44	93.25	209.70	23.56	0	
3	93.25	209.70	150.40	203.01	57.55	1	5	
4	150.40	203.01	246.16	191.79	96.41	0	
5	246.16	191.79	270.00	189.00	24.00	1	6	

10	7	316.014	5
1	48.00	215.00	65.47	201.63	22.00	1	10	
2	65.47	201.63	217.21	85.57	191.04	0	
3	217.21	85.57	226.03	78.82	11.10	1	1	
4	226.03	78.82	267.23	47.30	51.87	0	
5	267.23	47.30	299.00	23.00	40.00	1	7	

10	8	186.593	5
1	48.00	215.00	44.34	193.31	22.00	1	10	
2	44.34	193.31	36.01	143.82	50.19	0	
3	36.01	143.82	32.35	122.12	22.00	1	2	
4	32.35	122.12	18.33	38.89	84.41	0	
5	18.33	38.89	17.00	31.00	8.00	1	8	

10	9	68.000	4
1	48.00	215.00	70.00	215.00	22.00	1	10	
2	70.00	215.00	88.76	215.00	18.76	0	
3	88.76	215.00	113.00	215.00	24.24	1	5	
4	113.00	215.00	116.00	215.00	3.00	2	5	9	

10	10	0	0