11	183	2	0.001	60.0
150.000	150.000	0.000	10.000	0.000
86.000	206.000	20.000	4.000	17.000
243.000	123.000	33.000	8.000	13.000
121.000	47.000	46.000	9.000	14.000
237.000	85.000	10.000	7.000	11.000
9.000	1.000	7.000	6.000	12.000
201.000	180.000	1.000	1.000	17.000
131.000	254.000	34.000	6.000	4.000
121.000	205.000	8.000	3.000	9.000
164.000	176.000	37.000	3.000	20.000
52.000	20.000	14.000	1.000	6.000

0	0	0	0

0	1	85.041	3
1	150.00	150.00	127.55	169.64	29.83	1	9	
2	127.55	169.64	101.05	192.83	35.21	0	
3	101.05	192.83	86.00	206.00	20.00	1	1	

0	2	96.840	3
1	150.00	150.00	178.17	141.82	29.33	1	9	
2	178.17	141.82	211.31	132.20	34.51	0	
3	211.31	132.20	243.00	123.00	33.00	1	2	

0	3	107.005	3
1	150.00	150.00	147.94	142.67	7.62	1	9	
2	147.94	142.67	133.47	91.28	53.39	0	
3	133.47	91.28	121.00	47.00	46.00	1	3	

0	4	108.600	3
1	150.00	150.00	164.71	139.01	18.37	1	9	
2	164.71	139.01	228.99	90.99	80.23	0	
3	228.99	90.99	237.00	85.00	10.00	1	4	

0	5	205.139	3
1	150.00	150.00	144.72	144.42	7.68	1	9	
2	144.72	144.42	13.81	6.08	190.46	0	
3	13.81	6.08	9.00	1.00	7.00	1	5	

0	6	59.169	3
1	150.00	150.00	200.14	179.49	58.17	1	9	
2	200.14	179.49	200.80	179.88	0.76	2	6	9	
3	200.80	179.88	201.00	180.00	0.24	1	6	

0	7	105.721	3
1	150.00	150.00	140.09	204.24	55.14	1	9	
2	140.09	204.24	137.11	220.55	16.59	0	
3	137.11	220.55	131.00	254.00	34.00	1	7	

0	8	62.177	3
1	150.00	150.00	129.39	189.09	44.19	1	9	
2	129.39	189.09	124.73	197.92	9.99	0	
3	124.73	197.92	121.00	205.00	8.00	1	8	

0	9	29.530	1
1	150.00	150.00	164.00	176.00	29.53	1	9	

0	10	162.800	5
1	150.00	150.00	145.46	143.98	7.54	1	9	
2	145.46	143.98	104.81	90.06	67.53	0	
3	104.81	90.06	75.15	50.71	49.28	1	3	
4	75.15	50.71	60.43	31.18	24.46	0	
5	60.43	31.18	52.00	20.00	14.00	1	10	

1	0	85.041	3
1	86.00	206.00	101.05	192.83	20.00	1	1	
2	101.05	192.83	127.55	169.64	35.21	0	
3	127.55	169.64	150.00	150.00	29.83	1	9	

1	1	0	0

1	2	177.589	5
1	86.00	206.00	103.68	196.65	20.00	1	1	
2	103.68	196.65	127.85	183.88	27.34	0	
3	127.85	183.88	190.87	150.56	71.28	1	9	
4	190.87	150.56	213.83	138.42	25.97	0	
5	213.83	138.42	243.00	123.00	33.00	1	2	

1	3	162.807	3
1	86.00	206.00	90.30	186.47	20.00	1	1	
2	90.30	186.47	111.11	91.92	96.81	0	
3	111.11	91.92	121.00	47.00	46.00	1	3	

1	4	193.499	5
1	86.00	206.00	101.61	193.49	20.00	1	1	
2	101.61	193.49	127.12	173.05	32.69	0	
3	127.12	173.05	169.16	139.36	53.88	1	9	
4	169.16	139.36	229.20	91.25	76.93	0	
5	229.20	91.25	237.00	85.00	10.00	1	4	

1	5	218.984	3
1	86.00	206.00	78.97	187.28	20.00	1	1	
2	78.97	187.28	11.46	7.55	191.98	0	
3	11.46	7.55	9.00	1.00	7.00	1	5	

1	6	117.903	7
1	86.00	206.00	105.51	201.59	20.00	1	1	
2	105.51	201.59	115.31	199.37	10.05	0	
3	115.31	199.37	123.71	197.47	8.61	1	8	
4	123.71	197.47	132.54	195.48	9.05	0	
5	132.54	195.48	200.02	180.22	69.19	1	9	
6	200.02	180.22	200.78	180.05	0.77	2	6	9	
7	200.78	180.05	201.00	180.00	0.23	1	6	

1	7	65.795	3
1	86.00	206.00	99.68	220.59	20.00	1	1	
2	99.68	220.59	107.75	229.20	11.80	0	
3	107.75	229.20	131.00	254.00	34.00	1	7	

1	8	35.014	3
1	86.00	206.00	105.99	205.43	20.00	1	1	
2	105.99	205.43	113.00	205.23	7.01	0	
3	113.00	205.23	121.00	205.00	8.00	1	8	

1	9	83.570	3
1	86.00	206.00	104.67	198.82	20.00	1	1	
2	104.67	198.82	129.47	189.28	26.57	0	
3	129.47	189.28	164.00	176.00	37.00	1	9	

1	10	189.082	3
1	86.00	206.00	82.40	186.33	20.00	1	1	
2	82.40	186.33	54.52	33.77	155.08	0	
3	54.52	33.77	52.00	20.00	14.00	1	10	

2	0	96.840	3
1	243.00	123.00	211.31	132.20	33.00	1	2	
2	211.31	132.20	178.17	141.82	34.51	0	
3	178.17	141.82	150.00	150.00	29.33	1	9	

2	1	177.589	5
1	243.00	123.00	213.83	138.42	33.00	1	2	
2	213.83	138.42	190.87	150.56	25.97	0	
3	190.87	150.56	127.85	183.88	71.28	1	9	
4	127.85	183.88	103.68	196.65	27.34	0	
5	103.68	196.65	86.00	206.00	20.00	1	1	

2	2	0	0

2	3	143.736	3
1	243.00	123.00	214.99	105.55	33.00	1	2	
2	214.99	105.55	160.04	71.32	64.74	0	
3	160.04	71.32	121.00	47.00	46.00	1	3	

2	4	38.471	3
1	243.00	123.00	238.56	94.88	28.47	1	2	
2	238.56	94.88	237.85	90.40	4.53	1	4	
3	237.85	90.40	237.00	85.00	5.47	1	4	

2	5	263.894	7
1	243.00	123.00	213.74	107.74	33.00	1	2	
2	213.74	107.74	155.53	77.39	65.65	0	
3	155.53	77.39	76.31	36.09	89.34	1	3	
4	76.31	36.09	62.72	29.01	15.33	0	
5	62.72	29.01	38.48	16.37	27.34	1	10	
6	38.48	16.37	15.21	4.24	26.25	0	
7	15.21	4.24	9.00	1.00	7.00	1	5	

2	6	70.803	3
1	243.00	123.00	223.42	149.57	33.00	1	2	
2	223.42	149.57	201.59	179.19	36.80	0	
3	201.59	179.19	201.00	180.00	1.00	1	6	

2	7	172.351	5
1	243.00	123.00	221.56	148.08	33.00	1	2	
2	221.56	148.08	200.82	172.34	31.91	0	
3	200.82	172.34	166.10	212.94	53.42	1	9	
4	166.10	212.94	153.09	228.16	20.02	0	
5	153.09	228.16	131.00	254.00	34.00	1	7	

2	8	146.997	5
1	243.00	123.00	215.61	141.41	33.00	1	2	
2	215.61	141.41	194.75	155.43	25.13	0	
3	194.75	155.43	133.34	196.71	74.00	1	9	
4	133.34	196.71	127.64	200.54	6.87	0	
5	127.64	200.54	121.00	205.00	8.00	1	8	

2	9	95.131	3
1	243.00	123.00	215.60	141.39	33.00	1	2	
2	215.60	141.39	194.73	155.39	25.13	0	
3	194.73	155.39	164.00	176.00	37.00	1	9	

2	10	217.002	5
1	243.00	123.00	213.95	107.34	33.00	1	2	
2	213.95	107.34	156.44	76.32	65.34	0	
3	156.44	76.32	77.03	33.50	90.23	1	3	
4	77.03	33.50	64.32	26.65	14.43	0	
5	64.32	26.65	52.00	20.00	14.00	1	10	

3	0	107.005	3
1	121.00	47.00	133.47	91.28	46.00	1	3	
2	133.47	91.28	147.94	142.67	53.39	0	
3	147.94	142.67	150.00	150.00	7.62	1	9	

3	1	162.807	3
1	121.00	47.00	111.11	91.92	46.00	1	3	
2	111.11	91.92	90.30	186.47	96.81	0	
3	90.30	186.47	86.00	206.00	20.00	1	1	

3	2	143.736	3
1	121.00	47.00	160.04	71.32	46.00	1	3	
2	160.04	71.32	214.99	105.55	64.74	0	
3	214.99	105.55	243.00	123.00	33.00	1	2	

3	3	0	0

3	4	122.066	3
1	121.00	47.00	164.71	61.32	46.00	1	3	
2	164.71	61.32	227.50	81.89	66.07	0	
3	227.50	81.89	237.00	85.00	10.00	1	4	

3	5	121.078	5
1	121.00	47.00	78.45	29.52	46.00	1	3	
2	78.45	29.52	65.37	24.15	14.14	0	
3	65.37	24.15	39.57	13.56	27.89	1	10	
4	39.57	13.56	15.48	3.66	26.05	0	
5	15.48	3.66	9.00	1.00	7.00	1	5	

3	6	155.206	5
1	121.00	47.00	144.71	86.42	46.00	1	3	
2	144.71	86.42	177.99	141.75	64.57	0	
3	177.99	141.75	200.48	179.14	43.64	1	9	
4	200.48	179.14	200.82	179.69	0.64	2	6	9	
5	200.82	179.69	201.00	180.00	0.36	1	6	

3	7	207.241	7
1	121.00	47.00	123.22	92.95	46.00	1	3	
2	123.22	92.95	127.10	173.28	80.42	0	
3	127.10	173.28	127.53	182.27	9.00	1	9	
4	127.53	182.27	128.50	202.21	19.97	0	
5	128.50	202.21	128.73	207.05	4.85	1	8	
6	128.73	207.05	129.36	220.04	13.00	0	
7	129.36	220.04	131.00	254.00	34.00	1	7	

3	8	158.000	3
1	121.00	47.00	121.00	93.00	46.00	1	3	
2	121.00	93.00	121.00	197.00	104.00	0	
3	121.00	197.00	121.00	205.00	8.00	1	8	

3	9	135.978	3
1	121.00	47.00	135.55	90.64	46.00	1	3	
2	135.55	90.64	152.30	140.90	52.98	0	
3	152.30	140.90	164.00	176.00	37.00	1	9	

3	10	74.095	3
1	121.00	47.00	78.16	30.24	46.00	1	3	
2	78.16	30.24	65.04	25.10	14.09	0	
3	65.04	25.10	52.00	20.00	14.00	1	10	

4	0	108.600	3
1	237.00	85.00	228.99	90.99	10.00	1	4	
2	228.99	90.99	164.71	139.01	80.23	0	
3	164.71	139.01	150.00	150.00	18.37	1	9	

4	1	193.499	5
1	237.00	85.00	229.20	91.25	10.00	1	4	
2	229.20	91.25	169.16	139.36	76.93	0	
3	169.16	139.36	127.12	173.05	53.88	1	9	
4	127.12	173.05	101.61	193.49	32.69	0	
5	101.61	193.49	86.00	206.00	20.00	1	1	

4	2	38.471	3
1	237.00	85.00	237.85	90.40	5.47	1	4	
2	237.85	90.40	238.56	94.88	4.53	1	4	
3	238.56	94.88	243.00	123.00	28.47	1	2	

4	3	122.066	3
1	237.00	85.00	227.50	81.89	10.00	1	4	
2	227.50	81.89	164.71	61.32	66.07	0	
3	164.71	61.32	121.00	47.00	46.00	1	3	

4	4	0	0

4	5	242.981	7
1	237.00	85.00	227.62	81.54	10.00	1	4	
2	227.62	81.54	165.50	58.66	66.20	0	
3	165.50	58.66	79.57	27.00	91.57	1	3	
4	79.57	27.00	65.86	21.95	14.61	0	
5	65.86	21.95	40.19	12.49	27.37	1	10	
6	40.19	12.49	15.57	3.42	26.23	0	
7	15.57	3.42	9.00	1.00	7.00	1	5	

4	6	101.592	5
1	237.00	85.00	234.70	91.06	6.48	1	4	
2	234.70	91.06	233.46	94.35	3.52	2	2	4	
3	233.46	94.35	215.62	141.42	50.34	1	2	
4	215.62	141.42	201.35	179.06	40.26	0	
5	201.35	179.06	201.00	180.00	1.00	1	6	

4	7	199.492	7
1	237.00	85.00	232.86	91.60	7.79	1	4	
2	232.86	91.60	231.69	93.47	2.21	2	2	4	
3	231.69	93.47	210.31	127.55	40.22	1	2	
4	210.31	127.55	193.73	153.98	31.20	0	
5	193.73	153.98	157.12	212.35	68.91	1	9	
6	157.12	212.35	149.07	225.20	15.16	0	
7	149.07	225.20	131.00	254.00	34.00	1	7	

4	8	166.901	7
1	237.00	85.00	230.05	92.19	10.00	1	4	
2	230.05	92.19	229.28	92.99	1.11	0	
3	229.28	92.99	212.54	110.30	24.08	1	2	
4	212.54	110.30	180.87	143.07	45.57	0	
5	180.87	143.07	131.66	193.97	70.80	1	9	
6	131.66	193.97	126.56	199.25	7.34	0	
7	126.56	199.25	121.00	205.00	8.00	1	8	

4	9	116.662	5
1	237.00	85.00	231.26	92.16	9.18	1	4	
2	231.26	92.16	230.74	92.80	0.82	2	2	4	
3	230.74	92.80	210.35	118.22	32.59	1	2	
4	210.35	118.22	187.15	147.14	37.07	0	
5	187.15	147.14	164.00	176.00	37.00	1	9	

4	10	196.087	5
1	237.00	85.00	227.57	81.69	10.00	1	4	
2	227.57	81.69	165.19	59.77	66.11	0	
3	165.19	59.77	78.53	29.32	91.85	1	3	
4	78.53	29.32	65.21	24.64	14.12	0	
5	65.21	24.64	52.00	20.00	14.00	1	10	

5	0	205.139	3
1	9.00	1.00	13.81	6.08	7.00	1	5	
2	13.81	6.08	144.72	144.42	190.46	0	
3	144.72	144.42	150.00	150.00	7.68	1	9	

5	1	218.984	3
1	9.00	1.00	11.46	7.55	7.00	1	5	
2	11.46	7.55	78.97	187.28	191.98	0	
3	78.97	187.28	86.00	206.00	20.00	1	1	

5	2	263.894	7
1	9.00	1.00	15.21	4.24	7.00	1	5	
2	15.21	4.24	38.48	16.37	26.25	0	
3	38.48	16.37	62.72	29.01	27.34	1	10	
4	62.72	29.01	76.31	36.09	15.33	0	
5	76.31	36.09	155.53	77.39	89.34	1	3	
6	155.53	77.39	213.74	107.74	65.65	0	
7	213.74	107.74	243.00	123.00	33.00	1	2	

5	3	121.078	5
1	9.00	1.00	15.48	3.66	7.00	1	5	
2	15.48	3.66	39.57	13.56	26.05	0	
3	39.57	13.56	65.37	24.15	27.89	1	10	
4	65.37	24.15	78.45	29.52	14.14	0	
5	78.45	29.52	121.00	47.00	46.00	1	3	

5	4	242.981	7
1	9.00	1.00	15.57	3.42	7.00	1	5	
2	15.57	3.42	40.19	12.49	26.23	0	
3	40.19	12.49	65.86	21.95	27.37	1	10	
4	65.86	21.95	79.57	27.00	14.61	0	
5	79.57	27.00	165.50	58.66	91.57	1	3	
6	165.50	58.66	227.62	81.54	66.20	0	
7	227.62	81.54	237.00	85.00	10.00	1	4	

5	5	0	0

5	6	262.498	7
1	9.00	1.00	14.12	5.77	7.00	1	5	
2	14.12	5.77	79.40	66.63	89.25	0	
3	79.40	66.63	104.33	89.87	34.08	1	3	
4	104.33	89.87	157.62	139.55	72.86	0	
5	157.62	139.55	200.27	179.32	58.31	1	9	
6	200.27	179.32	200.80	179.82	0.73	2	6	9	
7	200.80	179.82	201.00	180.00	0.27	1	6	

5	7	280.879	5
1	9.00	1.00	12.04	7.31	7.00	1	5	
2	12.04	7.31	102.19	194.26	207.56	0	
3	102.19	194.26	105.27	200.64	7.08	1	1	
4	105.27	200.64	116.23	223.37	25.24	0	
5	116.23	223.37	131.00	254.00	34.00	1	7	

5	8	232.723	3
1	9.00	1.00	12.37	7.14	7.00	1	5	
2	12.37	7.14	117.15	197.99	217.72	0	
3	117.15	197.99	121.00	205.00	8.00	1	8	

5	9	233.773	3
1	9.00	1.00	13.64	6.24	7.00	1	5	
2	13.64	6.24	139.47	148.30	189.77	0	
3	139.47	148.30	164.00	176.00	37.00	1	9	

5	10	47.011	3
1	9.00	1.00	15.40	3.83	7.00	1	5	
2	15.40	3.83	39.19	14.34	26.01	0	
3	39.19	14.34	52.00	20.00	14.00	1	10	

6	0	59.169	3
1	201.00	180.00	200.80	179.88	0.24	1	6	
2	200.80	179.88	200.14	179.49	0.76	2	6	9	
3	200.14	179.49	150.00	150.00	58.17	1	9	

6	1	117.903	7
1	201.00	180.00	200.78	180.05	0.23	1	6	
2	200.78	180.05	200.02	180.22	0.77	2	6	9	
3	200.02	180.22	132.54	195.48	69.19	1	9	
4	132.54	195.48	123.71	197.47	9.05	0	
5	123.71	197.47	115.31	199.37	8.61	1	8	
6	115.31	199.37	105.51	201.59	10.05	0	
7	105.51	201.59	86.00	206.00	20.00	1	1	

6	2	70.803	3
1	201.00	180.00	201.59	179.19	1.00	1	6	
2	201.59	179.19	223.42	149.57	36.80	0	
3	223.42	149.57	243.00	123.00	33.00	1	2	

6	3	155.206	5
1	201.00	180.00	200.82	179.69	0.36	1	6	
2	200.82	179.69	200.48	179.14	0.64	2	6	9	
3	200.48	179.14	177.99	141.75	43.64	1	9	
4	177.99	141.75	144.71	86.42	64.57	0	
5	144.71	86.42	121.00	47.00	46.00	1	3	

6	4	101.592	5
1	201.00	180.00	201.35	179.06	1.00	1	6	
2	201.35	179.06	215.62	141.42	40.26	0	
3	215.62	141.42	233.46	94.35	50.34	1	2	
4	233.46	94.35	234.70	91.06	3.52	2	2	4	
5	234.70	91.06	237.00	85.00	6.48	1	4	

6	5	262.498	7
1	201.00	180.00	200.80	179.82	0.27	1	6	
2	200.80	179.82	200.27	179.32	0.73	2	6	9	
3	200.27	179.32	157.62	139.55	58.31	1	9	
4	157.62	139.55	104.33	89.87	72.86	0	
5	104.33	89.87	79.40	66.63	34.08	1	3	
6	79.40	66.63	14.12	5.77	89.25	0	
7	14.12	5.77	9.00	1.00	7.00	1	5	

6	6	0	0

6	7	101.863	5
1	201.00	180.00	200.75	180.26	0.36	1	6	
2	200.75	180.26	200.31	180.73	0.64	2	6	9	
3	200.31	180.73	170.29	212.46	43.68	1	9	
4	170.29	212.46	154.36	229.30	23.18	0	
5	154.36	229.30	131.00	254.00	34.00	1	7	

6	8	83.815	5
1	201.00	180.00	200.78	180.07	0.24	1	6	
2	200.78	180.07	200.05	180.30	0.76	2	6	9	
3	200.05	180.30	136.09	200.29	67.01	1	9	
4	136.09	200.29	128.64	202.61	7.81	0	
5	128.64	202.61	121.00	205.00	8.00	1	8	

6	9	37.216	3
1	201.00	180.00	200.79	179.98	0.22	1	6	
2	200.79	179.98	200.01	179.89	0.78	2	6	9	
3	200.01	179.89	164.00	176.00	36.22	1	9	

6	10	218.634	7
1	201.00	180.00	200.81	179.79	0.29	1	6	
2	200.81	179.79	200.32	179.27	0.71	2	6	9	
3	200.32	179.27	162.84	139.02	55.00	1	9	
4	162.84	139.02	119.97	92.99	62.90	0	
5	119.97	92.99	75.05	44.76	65.91	1	3	
6	75.05	44.76	61.54	30.25	19.83	0	
7	61.54	30.25	52.00	20.00	14.00	1	10	

7	0	105.721	3
1	131.00	254.00	137.11	220.55	34.00	1	7	
2	137.11	220.55	140.09	204.24	16.59	0	
3	140.09	204.24	150.00	150.00	55.14	1	9	

7	1	65.795	3
1	131.00	254.00	107.75	229.20	34.00	1	7	
2	107.75	229.20	99.68	220.59	11.80	0	
3	99.68	220.59	86.00	206.00	20.00	1	1	

7	2	172.351	5
1	131.00	254.00	153.09	228.16	34.00	1	7	
2	153.09	228.16	166.10	212.94	20.02	0	
3	166.10	212.94	200.82	172.34	53.42	1	9	
4	200.82	172.34	221.56	148.08	31.91	0	
5	221.56	148.08	243.00	123.00	33.00	1	2	

7	3	207.241	7
1	131.00	254.00	129.36	220.04	34.00	1	7	
2	129.36	220.04	128.73	207.05	13.00	0	
3	128.73	207.05	128.50	202.21	4.85	1	8	
4	128.50	202.21	127.53	182.27	19.97	0	
5	127.53	182.27	127.10	173.28	9.00	1	9	
6	127.10	173.28	123.22	92.95	80.42	0	
7	123.22	92.95	121.00	47.00	46.00	1	3	

7	4	199.492	7
1	131.00	254.00	149.07	225.20	34.00	1	7	
2	149.07	225.20	157.12	212.35	15.16	0	
3	157.12	212.35	193.73	153.98	68.91	1	9	
4	193.73	153.98	210.31	127.55	31.20	0	
5	210.31	127.55	231.69	93.47	40.22	1	2	
6	231.69	93.47	232.86	91.60	2.21	2	2	4	
7	232.86	91.60	237.00	85.00	7.79	1	4	

7	5	280.879	5
1	131.00	254.00	116.23	223.37	34.00	1	7	
2	116.23	223.37	105.27	200.64	25.24	0	
3	105.27	200.64	102.19	194.26	7.08	1	1	
4	102.19	194.26	12.04	7.31	207.56	0	
5	12.04	7.31	9.00	1.00	7.00	1	5	

7	6	101.863	5
1	131.00	254.00	154.36	229.30	34.00	1	7	
2	154.36	229.30	170.29	212.46	23.18	0	
3	170.29	212.46	200.31	180.73	43.68	1	9	
4	200.31	180.73	200.75	180.26	0.64	2	6	9	
5	200.75	180.26	201.00	180.00	0.36	1	6	

7	7	0	0

7	8	50.010	3
1	131.00	254.00	124.20	220.69	34.00	1	7	
2	124.20	220.69	122.60	212.84	8.01	0	
3	122.60	212.84	121.00	205.00	8.00	1	8	

7	9	84.694	3
1	131.00	254.00	144.25	222.69	34.00	1	7	
2	144.25	222.69	149.58	210.08	13.69	0	
3	149.58	210.08	164.00	176.00	37.00	1	9	

7	10	246.976	5
1	131.00	254.00	120.12	221.79	34.00	1	7	
2	120.12	221.79	116.74	211.77	10.57	0	
3	116.74	211.77	113.51	202.19	10.11	1	8	
4	113.51	202.19	56.48	33.26	178.29	0	
5	56.48	33.26	52.00	20.00	14.00	1	10	

8	0	62.177	3
1	121.00	205.00	124.73	197.92	8.00	1	8	
2	124.73	197.92	129.39	189.09	9.99	0	
3	129.39	189.09	150.00	150.00	44.19	1	9	

8	1	35.014	3
1	121.00	205.00	113.00	205.23	8.00	1	8	
2	113.00	205.23	105.99	205.43	7.01	0	
3	105.99	205.43	86.00	206.00	20.00	1	1	

8	2	146.997	5
1	121.00	205.00	127.64	200.54	8.00	1	8	
2	127.64	200.54	133.34	196.71	6.87	0	
3	133.34	196.71	194.75	155.43	74.00	1	9	
4	194.75	155.43	215.61	141.41	25.13	0	
5	215.61	141.41	243.00	123.00	33.00	1	2	

8	3	158.000	3
1	121.00	205.00	121.00	197.00	8.00	1	8	
2	121.00	197.00	121.00	93.00	104.00	0	
3	121.00	93.00	121.00	47.00	46.00	1	3	

8	4	166.901	7
1	121.00	205.00	126.56	199.25	8.00	1	8	
2	126.56	199.25	131.66	193.97	7.34	0	
3	131.66	193.97	180.87	143.07	70.80	1	9	
4	180.87	143.07	212.54	110.30	45.57	0	
5	212.54	110.30	229.28	92.99	24.08	1	2	
6	229.28	92.99	230.05	92.19	1.11	0	
7	230.05	92.19	237.00	85.00	10.00	1	4	

8	5	232.723	3
1	121.00	205.00	117.15	197.99	8.00	1	8	
2	117.15	197.99	12.37	7.14	217.72	0	
3	12.37	7.14	9.00	1.00	7.00	1	5	

8	6	83.815	5
1	121.00	205.00	128.64	202.61	8.00	1	8	
2	128.64	202.61	136.09	200.29	7.81	0	
3	136.09	200.29	200.05	180.30	67.01	1	9	
4	200.05	180.30	200.78	180.07	0.76	2	6	9	
5	200.78	180.07	201.00	180.00	0.24	1	6	

8	7	50.010	3
1	121.00	205.00	122.60	212.84	8.00	1	8	
2	122.60	212.84	124.20	220.69	8.01	0	
3	124.20	220.69	131.00	254.00	34.00	1	7	

8	8	0	0

8	9	51.865	3
1	121.00	205.00	127.63	200.53	8.00	1	8	
2	127.63	200.53	133.32	196.69	6.87	0	
3	133.32	196.69	164.00	176.00	37.00	1	9	

8	10	197.449	3
1	121.00	205.00	118.20	197.50	8.00	1	8	
2	118.20	197.50	56.89	33.12	175.45	0	
3	56.89	33.12	52.00	20.00	14.00	1	10	

9	0	29.530	1
1	164.00	176.00	150.00	150.00	29.53	1	9	

9	1	83.570	3
1	164.00	176.00	129.47	189.28	37.00	1	9	
2	129.47	189.28	104.67	198.82	26.57	0	
3	104.67	198.82	86.00	206.00	20.00	1	1	

9	2	95.131	3
1	164.00	176.00	194.73	155.39	37.00	1	9	
2	194.73	155.39	215.60	141.39	25.13	0	
3	215.60	141.39	243.00	123.00	33.00	1	2	

9	3	135.978	3
1	164.00	176.00	152.30	140.90	37.00	1	9	
2	152.30	140.90	135.55	90.64	52.98	0	
3	135.55	90.64	121.00	47.00	46.00	1	3	

9	4	116.662	5
1	164.00	176.00	187.15	147.14	37.00	1	9	
2	187.15	147.14	210.35	118.22	37.07	0	
3	210.35	118.22	230.74	92.80	32.59	1	2	
4	230.74	92.80	231.26	92.16	0.82	2	2	4	
5	231.26	92.16	237.00	85.00	9.18	1	4	

9	5	233.773	3
1	164.00	176.00	139.47	148.30	37.00	1	9	
2	139.47	148.30	13.64	6.24	189.77	0	
3	13.64	6.24	9.00	1.00	7.00	1	5	

9	6	37.216	3
1	164.00	176.00	200.01	179.89	36.22	1	9	
2	200.01	179.89	200.79	179.98	0.78	2	6	9	
3	200.79	179.98	201.00	180.00	0.22	1	6	

9	7	84.694	3
1	164.00	176.00	149.58	210.08	37.00	1	9	
2	149.58	210.08	144.25	222.69	13.69	0	
3	144.25	222.69	131.00	254.00	34.00	1	7	

9	8	51.865	3
1	164.00	176.00	133.32	196.69	37.00	1	9	
2	133.32	196.69	127.63	200.53	6.87	0	
3	127.63	200.53	121.00	205.00	8.00	1	8	

9	9	0	0

9	10	192.042	5
1	164.00	176.00	142.42	145.94	37.00	1	9	
2	142.42	145.94	101.19	88.52	70.70	0	
3	101.19	88.52	75.33	52.49	44.34	1	3	
4	75.33	52.49	60.16	31.37	26.00	0	
5	60.16	31.37	52.00	20.00	14.00	1	10	

10	0	162.800	5
1	52.00	20.00	60.43	31.18	14.00	1	10	
2	60.43	31.18	75.15	50.71	24.46	0	
3	75.15	50.71	104.81	90.06	49.28	1	3	
4	104.81	90.06	145.46	143.98	67.53	0	
5	145.46	143.98	150.00	150.00	7.54	1	9	

10	1	189.082	3
1	52.00	20.00	54.52	33.77	14.00	1	10	
2	54.52	33.77	82.40	186.33	155.08	0	
3	82.40	186.33	86.00	206.00	20.00	1	1	

10	2	217.002	5
1	52.00	20.00	64.32	26.65	14.00	1	10	
2	64.32	26.65	77.03	33.50	14.43	0	
3	77.03	33.50	156.44	76.32	90.23	1	3	
4	156.44	76.32	213.95	107.34	65.34	0	
5	213.95	107.34	243.00	123.00	33.00	1	2	

10	3	74.095	3
1	52.00	20.00	65.04	25.10	14.00	1	10	
2	65.04	25.10	78.16	30.24	14.09	0	
3	78.16	30.24	121.00	47.00	46.00	1	3	

10	4	196.087	5
1	52.00	20.00	65.21	24.64	14.00	1	10	
2	65.21	24.64	78.53	29.32	14.12	0	
3	78.53	29.32	165.19	59.77	91.85	1	3	
4	165.19	59.77	227.57	81.69	66.11	0	
5	227.57	81.69	237.00	85.00	10.00	1	4	

10	5	47.011	3
1	52.00	20.00	39.19	14.34	14.00	1	10	
2	39.19	14.34	15.40	3.83	26.01	0	
3	15.40	3.83	9.00	1.00	7.00	1	5	

10	6	218.634	7
1	52.00	20.00	61.54	30.25	14.00	1	10	
2	61.54	30.25	75.05	44.76	19.83	0	
3	75.05	44.76	119.97	92.99	65.91	1	3	
4	119.97	92.99	162.84	139.02	62.90	0	
5	162.84	139.02	200.32	179.27	55.00	1	9	
6	200.32	179.27	200.81	179.79	0.71	2	6	9	
7	200.81	179.79	201.00	180.00	0.29	1	6	

10	7	246.976	5
1	52.00	20.00	56.48	33.26	14.00	1	10	
2	56.48	33.26	113.51	202.19	178.29	0	
3	113.51	202.19	116.74	211.77	10.11	1	8	
4	116.74	211.77	120.12	221.79	10.57	0	
5	120.12	221.79	131.00	254.00	34.00	1	7	

10	8	197.449	3
1	52.00	20.00	56.89	33.12	14.00	1	10	
2	56.89	33.12	118.20	197.50	175.45	0	
3	118.20	197.50	121.00	205.00	8.00	1	8	

10	9	192.042	5
1	52.00	20.00	60.16	31.37	14.00	1	10	
2	60.16	31.37	75.33	52.49	26.00	0	
3	75.33	52.49	101.19	88.52	44.34	1	3	
4	101.19	88.52	142.42	145.94	70.70	0	
5	142.42	145.94	164.00	176.00	37.00	1	9	

10	10	0	0