11	161	2	0.001	120.0
150.000	150.000	0.000	2.000	0.000
92.000	76.000	37.000	10.000	12.000
116.000	289.000	26.000	7.000	3.000
56.000	214.000	50.000	6.000	1.000
134.000	15.000	11.000	7.000	1.000
283.000	209.000	18.000	4.000	8.000
193.000	136.000	21.000	6.000	12.000
278.000	186.000	9.000	3.000	17.000
279.000	166.000	29.000	4.000	12.000
294.000	66.000	5.000	1.000	11.000
55.000	181.000	44.000	3.000	12.000

0	0	0	0

0	1	94.021	2
1	150.00	150.00	114.82	105.12	57.02	0	
2	114.82	105.12	92.00	76.00	37.00	1	1	

0	2	143.098	2
1	150.00	150.00	122.18	263.74	117.10	0	
2	122.18	263.74	116.00	289.00	26.00	1	2	

0	3	113.719	3
1	150.00	150.00	98.83	184.84	61.90	0	
2	98.83	184.84	97.33	185.86	1.82	1	10	
3	97.33	185.86	56.00	214.00	50.00	2	3	10	

0	4	135.945	2
1	150.00	150.00	135.29	25.92	124.95	0	
2	135.29	25.92	134.00	15.00	11.00	1	4	

0	5	145.499	2
1	150.00	150.00	266.55	201.70	127.50	0	
2	266.55	201.70	283.00	209.00	18.00	1	5	

0	6	45.222	2
1	150.00	150.00	173.03	142.50	24.22	0	
2	173.03	142.50	193.00	136.00	21.00	1	6	

0	7	132.966	3
1	150.00	150.00	253.07	178.99	107.07	0	
2	253.07	178.99	269.34	183.56	16.90	1	8	
3	269.34	183.56	278.00	186.00	9.00	2	7	8	

0	8	129.988	4
1	150.00	150.00	182.17	153.99	32.41	0	
2	182.17	153.99	199.11	156.09	17.07	1	6	
3	199.11	156.09	250.22	162.43	51.50	0	
4	250.22	162.43	279.00	166.00	29.00	1	8	

0	9	166.709	4
1	150.00	150.00	172.03	137.15	25.51	0	
2	172.03	137.15	204.32	118.31	37.38	1	6	
3	204.32	118.31	289.68	68.52	98.82	0	
4	289.68	68.52	294.00	66.00	5.00	1	9	

0	10	99.930	3
1	150.00	150.00	96.83	167.35	55.93	0	
2	96.83	167.35	82.94	171.88	14.61	1	10	
3	82.94	171.88	55.00	181.00	29.39	2	3	10	

1	0	94.021	2
1	92.00	76.00	114.82	105.12	37.00	1	1	
2	114.82	105.12	150.00	150.00	57.02	0	

1	1	0	0

1	2	214.348	3
1	92.00	76.00	96.14	112.77	37.00	1	1	
2	96.14	112.77	113.09	263.16	151.35	0	
3	113.09	263.16	116.00	289.00	26.00	0	

1	3	142.618	4
1	92.00	76.00	82.66	111.80	37.00	1	1	
2	82.66	111.80	74.85	141.73	30.93	0	
3	74.85	141.73	68.62	165.62	24.69	1	10	
4	68.62	165.62	56.00	214.00	50.00	2	3	10	

1	4	74.061	3
1	92.00	76.00	112.98	45.52	37.00	1	1	
2	112.98	45.52	127.76	24.06	26.06	0	
3	127.76	24.06	134.00	15.00	11.00	1	4	

1	5	232.744	5
1	92.00	76.00	122.36	97.14	37.00	1	1	
2	122.36	97.14	172.39	131.98	60.96	0	
3	172.39	131.98	203.92	153.94	38.43	1	6	
4	203.92	153.94	268.23	198.71	78.36	0	
5	268.23	198.71	283.00	209.00	18.00	1	5	

1	6	117.478	3
1	92.00	76.00	123.81	94.90	37.00	1	1	
2	123.81	94.90	174.95	125.27	59.48	0	
3	174.95	125.27	193.00	136.00	21.00	1	6	

1	7	216.093	6
1	92.00	76.00	123.85	94.83	37.00	1	1	
2	123.85	94.83	175.04	125.11	59.48	0	
3	175.04	125.11	211.19	146.49	42.00	1	6	
4	211.19	146.49	250.22	169.57	45.34	0	
5	250.22	169.57	270.25	181.42	23.27	1	8	
6	270.25	181.42	278.00	186.00	9.00	2	7	8	

1	8	207.531	5
1	92.00	76.00	125.34	92.05	37.00	1	1	
2	125.34	92.05	180.94	118.81	61.71	0	
3	180.94	118.81	213.96	134.70	36.64	1	6	
4	213.96	134.70	252.87	153.42	43.18	0	
5	252.87	153.42	279.00	166.00	29.00	1	8	

1	9	202.247	3
1	92.00	76.00	128.95	74.17	37.00	1	1	
2	128.95	74.17	289.01	66.25	160.25	0	
3	289.01	66.25	294.00	66.00	5.00	1	9	

1	10	111.328	4
1	92.00	76.00	79.70	110.90	37.00	1	1	
2	79.70	110.90	69.62	139.50	30.33	0	
3	69.62	139.50	60.91	164.24	26.23	1	10	
4	60.91	164.24	55.00	181.00	17.77	1	10	

2	0	143.098	2
1	116.00	289.00	122.18	263.74	26.00	1	2	
2	122.18	263.74	150.00	150.00	117.10	0	

2	1	214.348	3
1	116.00	289.00	113.09	263.16	26.00	0	
2	113.09	263.16	96.14	112.77	151.35	0	
3	96.14	112.77	92.00	76.00	37.00	1	1	

2	2	0	0

2	3	96.047	4
1	116.00	289.00	99.76	268.70	26.00	1	2	
2	99.76	268.70	87.23	253.04	20.05	0	
3	87.23	253.04	64.05	224.06	37.12	1	3	
4	64.05	224.06	56.00	214.00	12.88	2	3	10	

2	4	274.591	3
1	116.00	289.00	117.70	263.06	26.00	0	
2	117.70	263.06	133.28	25.98	237.59	0	
3	133.28	25.98	134.00	15.00	11.00	1	4	

2	5	185.173	3
1	116.00	289.00	139.45	277.77	26.00	1	2	
2	139.45	277.77	266.77	216.78	141.17	0	
3	266.77	216.78	283.00	209.00	18.00	1	5	

2	6	171.283	3
1	116.00	289.00	127.69	265.78	26.00	1	2	
2	127.69	265.78	183.56	154.76	124.28	0	
3	183.56	154.76	193.00	136.00	21.00	1	6	

2	7	191.971	4
1	116.00	289.00	137.94	275.05	26.00	1	2	
2	137.94	275.05	267.55	192.64	153.59	0	
3	267.55	192.64	270.41	190.83	3.38	1	8	
4	270.41	190.83	278.00	186.00	9.00	2	7	8	

2	8	204.201	3
1	116.00	289.00	136.75	273.34	26.00	1	2	
2	136.75	273.34	255.85	183.47	149.20	0	
3	255.85	183.47	279.00	166.00	29.00	1	8	

2	9	285.330	3
1	116.00	289.00	132.22	268.68	26.00	1	2	
2	132.22	268.68	290.88	69.91	254.33	0	
3	290.88	69.91	294.00	66.00	5.00	1	9	

2	10	124.036	4
1	116.00	289.00	103.21	266.36	26.00	1	2	
2	103.21	266.36	92.77	247.88	21.23	0	
3	92.77	247.88	76.64	219.31	32.81	1	3	
4	76.64	219.31	55.00	181.00	44.00	2	3	10	

3	0	113.719	3
1	56.00	214.00	97.33	185.86	50.00	2	3	10	
2	97.33	185.86	98.83	184.84	1.82	1	10	
3	98.83	184.84	150.00	150.00	61.90	0	

3	1	142.618	4
1	56.00	214.00	68.62	165.62	50.00	2	3	10	
2	68.62	165.62	74.85	141.73	24.69	1	10	
3	74.85	141.73	82.66	111.80	30.93	0	
4	82.66	111.80	92.00	76.00	37.00	1	1	

3	2	96.047	4
1	56.00	214.00	64.05	224.06	12.88	2	3	10	
2	64.05	224.06	87.23	253.04	37.12	1	3	
3	87.23	253.04	99.76	268.70	20.05	0	
4	99.76	268.70	116.00	289.00	26.00	1	2	

3	3	0	0

3	4	213.740	6
1	56.00	214.00	74.25	167.45	50.00	2	3	10	
2	74.25	167.45	82.42	146.59	22.40	1	10	
3	82.42	146.59	95.66	112.82	36.27	0	
4	95.66	112.82	119.70	51.47	65.89	1	1	
5	119.70	51.47	129.99	25.24	28.18	0	
6	129.99	25.24	134.00	15.00	11.00	1	4	

3	5	227.055	4
1	56.00	214.00	84.81	213.37	28.81	2	3	10	
2	84.81	213.37	105.99	212.90	21.19	1	3	
3	105.99	212.90	265.00	209.40	159.06	0	
4	265.00	209.40	283.00	209.00	18.00	1	5	

3	6	157.648	4
1	56.00	214.00	98.06	190.05	48.40	2	3	10	
2	98.06	190.05	99.45	189.26	1.60	1	3	
3	99.45	189.26	174.75	146.39	86.65	0	
4	174.75	146.39	193.00	136.00	21.00	1	6	

3	7	223.759	5
1	56.00	214.00	88.14	209.95	32.39	2	3	10	
2	88.14	209.95	105.61	207.74	17.61	1	3	
3	105.61	207.74	260.37	188.22	155.99	0	
4	260.37	188.22	269.07	187.13	8.77	1	8	
5	269.07	187.13	278.00	186.00	9.00	2	7	8	

3	8	228.107	4
1	56.00	214.00	90.86	206.50	35.66	2	3	10	
2	90.86	206.50	104.88	203.48	14.34	1	3	
3	104.88	203.48	250.65	172.10	149.11	0	
4	250.65	172.10	279.00	166.00	29.00	1	8	

3	9	280.264	6
1	56.00	214.00	98.46	187.60	50.00	2	3	10	
2	98.46	187.60	98.51	187.57	0.06	1	10	
3	98.51	187.57	172.71	141.42	87.38	0	
4	172.71	141.42	206.84	120.20	40.18	1	6	
5	206.84	120.20	289.75	68.64	97.64	0	
6	289.75	68.64	294.00	66.00	5.00	1	9	

3	10	33.015	1
1	56.00	214.00	55.00	181.00	33.02	2	3	10	

4	0	135.945	2
1	134.00	15.00	135.29	25.92	11.00	1	4	
2	135.29	25.92	150.00	150.00	124.95	0	

4	1	74.061	3
1	134.00	15.00	127.76	24.06	11.00	1	4	
2	127.76	24.06	112.98	45.52	26.06	0	
3	112.98	45.52	92.00	76.00	37.00	1	1	

4	2	274.591	3
1	134.00	15.00	133.28	25.98	11.00	1	4	
2	133.28	25.98	117.70	263.06	237.59	0	
3	117.70	263.06	116.00	289.00	26.00	0	

4	3	213.740	6
1	134.00	15.00	129.99	25.24	11.00	1	4	
2	129.99	25.24	119.70	51.47	28.18	0	
3	119.70	51.47	95.66	112.82	65.89	1	1	
4	95.66	112.82	82.42	146.59	36.27	0	
5	82.42	146.59	74.25	167.45	22.40	1	10	
6	74.25	167.45	56.00	214.00	50.00	2	3	10	

4	4	0	0

4	5	244.616	5
1	134.00	15.00	140.70	23.72	11.00	1	4	
2	140.70	23.72	250.00	166.03	179.44	0	
3	250.00	166.03	271.49	194.01	35.28	1	8	
4	271.49	194.01	272.04	194.72	0.90	0	
5	272.04	194.72	283.00	209.00	18.00	1	5	

4	6	134.618	3
1	134.00	15.00	138.82	24.89	11.00	1	4	
2	138.82	24.89	183.80	117.12	102.62	0	
3	183.80	117.12	193.00	136.00	21.00	1	6	

4	7	223.555	4
1	134.00	15.00	141.09	23.41	11.00	1	4	
2	141.09	23.41	252.08	155.22	172.31	0	
3	252.08	155.22	272.20	179.12	31.24	1	8	
4	272.20	179.12	278.00	186.00	9.00	2	7	8	

4	8	209.347	3
1	134.00	15.00	141.62	22.93	11.00	1	4	
2	141.62	22.93	258.91	145.08	169.35	0	
3	258.91	145.08	279.00	166.00	29.00	1	8	

4	9	167.932	3
1	134.00	15.00	144.48	18.34	11.00	1	4	
2	144.48	18.34	289.24	64.48	151.93	0	
3	289.24	64.48	294.00	66.00	5.00	1	9	

4	10	183.840	6
1	134.00	15.00	129.27	24.93	11.00	1	4	
2	129.27	24.93	117.66	49.34	27.03	0	
3	117.66	49.34	87.49	112.72	70.20	1	1	
4	87.49	112.72	73.91	141.27	31.61	0	
5	73.91	141.27	62.87	164.47	25.70	1	10	
6	62.87	164.47	55.00	181.00	18.30	2	3	10	

5	0	145.499	2
1	283.00	209.00	266.55	201.70	18.00	1	5	
2	266.55	201.70	150.00	150.00	127.50	0	

5	1	232.744	5
1	283.00	209.00	268.23	198.71	18.00	1	5	
2	268.23	198.71	203.92	153.94	78.36	0	
3	203.92	153.94	172.39	131.98	38.43	1	6	
4	172.39	131.98	122.36	97.14	60.96	0	
5	122.36	97.14	92.00	76.00	37.00	1	1	

5	2	185.173	3
1	283.00	209.00	266.77	216.78	18.00	1	5	
2	266.77	216.78	139.45	277.77	141.17	0	
3	139.45	277.77	116.00	289.00	26.00	1	2	

5	3	227.055	4
1	283.00	209.00	265.00	209.40	18.00	1	5	
2	265.00	209.40	105.99	212.90	159.06	0	
3	105.99	212.90	84.81	213.37	21.19	1	3	
4	84.81	213.37	56.00	214.00	28.81	2	3	10	

5	4	244.616	5
1	283.00	209.00	272.04	194.72	18.00	1	5	
2	272.04	194.72	271.49	194.01	0.90	0	
3	271.49	194.01	250.00	166.03	35.28	1	8	
4	250.00	166.03	140.70	23.72	179.44	0	
5	140.70	23.72	134.00	15.00	11.00	1	4	

5	5	0	0

5	6	115.884	3
1	283.00	209.00	269.02	197.66	18.00	1	5	
2	269.02	197.66	209.31	149.23	76.88	0	
3	209.31	149.23	193.00	136.00	21.00	1	6	

5	7	23.537	4
1	283.00	209.00	279.95	194.98	14.34	1	5	
2	279.95	194.98	279.91	194.79	0.19	2	5	8	
3	279.91	194.79	279.18	191.41	3.46	3	5	7	8	
4	279.18	191.41	278.00	186.00	5.54	2	7	8	

5	8	43.186	5
1	283.00	209.00	281.69	194.88	14.19	1	5	
2	281.69	194.88	281.63	194.24	0.64	1	5	
3	281.63	194.24	281.33	191.08	3.17	3	5	7	8	
4	281.33	191.08	280.05	177.24	13.90	2	7	8	
5	280.05	177.24	279.00	166.00	11.28	1	8	

5	9	143.422	7
1	283.00	209.00	284.11	194.55	14.50	1	5	
2	284.11	194.55	284.27	192.45	2.10	2	5	8	
3	284.27	192.45	284.38	191.05	1.40	3	5	7	8	
4	284.38	191.05	285.19	180.58	10.50	2	7	8	
5	285.19	180.58	288.42	138.57	42.13	0	
6	288.42	138.57	293.62	70.99	67.79	0	
7	293.62	70.99	294.00	66.00	5.00	1	9	

5	10	229.713	4
1	283.00	209.00	265.13	206.81	18.00	1	5	
2	265.13	206.81	98.67	186.36	167.71	0	
3	98.67	186.36	97.58	186.23	1.10	1	10	
4	97.58	186.23	55.00	181.00	42.90	2	3	10	

6	0	45.222	2
1	193.00	136.00	173.03	142.50	21.00	1	6	
2	173.03	142.50	150.00	150.00	24.22	0	

6	1	117.478	3
1	193.00	136.00	174.95	125.27	21.00	1	6	
2	174.95	125.27	123.81	94.90	59.48	0	
3	123.81	94.90	92.00	76.00	37.00	1	1	

6	2	171.283	3
1	193.00	136.00	183.56	154.76	21.00	1	6	
2	183.56	154.76	127.69	265.78	124.28	0	
3	127.69	265.78	116.00	289.00	26.00	1	2	

6	3	157.648	4
1	193.00	136.00	174.75	146.39	21.00	1	6	
2	174.75	146.39	99.45	189.26	86.65	0	
3	99.45	189.26	98.06	190.05	1.60	1	3	
4	98.06	190.05	56.00	214.00	48.40	2	3	10	

6	4	134.618	3
1	193.00	136.00	183.80	117.12	21.00	1	6	
2	183.80	117.12	138.82	24.89	102.62	0	
3	138.82	24.89	134.00	15.00	11.00	1	4	

6	5	115.884	3
1	193.00	136.00	209.31	149.23	21.00	1	6	
2	209.31	149.23	269.02	197.66	76.88	0	
3	269.02	197.66	283.00	209.00	18.00	1	5	

6	6	0	0

6	7	98.615	4
1	193.00	136.00	211.10	146.65	21.00	1	6	
2	211.10	146.65	250.23	169.67	45.40	0	
3	250.23	169.67	270.24	181.44	23.22	1	8	
4	270.24	181.44	278.00	186.00	9.00	2	7	8	

6	8	91.082	3
1	193.00	136.00	212.83	142.92	21.00	1	6	
2	212.83	142.92	251.62	156.45	41.08	0	
3	251.62	156.45	279.00	166.00	29.00	1	8	

6	9	122.886	3
1	193.00	136.00	210.26	124.04	21.00	1	6	
2	210.26	124.04	289.89	68.85	96.89	0	
3	289.89	68.85	294.00	66.00	5.00	1	9	

6	10	145.152	4
1	193.00	136.00	173.03	142.51	21.00	1	6	
2	173.03	142.51	96.83	167.36	80.15	0	
3	96.83	167.36	82.95	171.89	14.60	1	10	
4	82.95	171.89	55.00	181.00	29.40	2	3	10	

7	0	132.966	3
1	278.00	186.00	269.34	183.56	9.00	2	7	8	
2	269.34	183.56	253.07	178.99	16.90	1	8	
3	253.07	178.99	150.00	150.00	107.07	0	

7	1	216.093	6
1	278.00	186.00	270.25	181.42	9.00	2	7	8	
2	270.25	181.42	250.22	169.57	23.27	1	8	
3	250.22	169.57	211.19	146.49	45.34	0	
4	211.19	146.49	175.04	125.11	42.00	1	6	
5	175.04	125.11	123.85	94.83	59.48	0	
6	123.85	94.83	92.00	76.00	37.00	1	1	

7	2	191.971	4
1	278.00	186.00	270.41	190.83	9.00	2	7	8	
2	270.41	190.83	267.55	192.64	3.38	1	8	
3	267.55	192.64	137.94	275.05	153.59	0	
4	137.94	275.05	116.00	289.00	26.00	1	2	

7	3	223.759	5
1	278.00	186.00	269.07	187.13	9.00	2	7	8	
2	269.07	187.13	260.37	188.22	8.77	1	8	
3	260.37	188.22	105.61	207.74	155.99	0	
4	105.61	207.74	88.14	209.95	17.61	1	3	
5	88.14	209.95	56.00	214.00	32.39	2	3	10	

7	4	223.555	4
1	278.00	186.00	272.20	179.12	9.00	2	7	8	
2	272.20	179.12	252.08	155.22	31.24	1	8	
3	252.08	155.22	141.09	23.41	172.31	0	
4	141.09	23.41	134.00	15.00	11.00	1	4	

7	5	23.537	4
1	278.00	186.00	279.18	191.41	5.54	2	7	8	
2	279.18	191.41	279.91	194.79	3.46	3	5	7	8	
3	279.91	194.79	279.95	194.98	0.19	2	5	8	
4	279.95	194.98	283.00	209.00	14.34	1	5	

7	6	98.615	4
1	278.00	186.00	270.24	181.44	9.00	2	7	8	
2	270.24	181.44	250.23	169.67	23.22	1	8	
3	250.23	169.67	211.10	146.65	45.40	0	
4	211.10	146.65	193.00	136.00	21.00	1	6	

7	7	0	0

7	8	20.025	2
1	278.00	186.00	278.45	177.01	9.00	2	7	8	
2	278.45	177.01	279.00	166.00	11.03	1	8	

7	9	121.062	4
1	278.00	186.00	279.19	177.08	9.00	2	7	8	
2	279.19	177.08	284.46	137.52	39.91	0	
3	284.46	137.52	293.34	70.96	67.15	0	
4	293.34	70.96	294.00	66.00	5.00	1	9	

7	10	223.056	5
1	278.00	186.00	269.00	185.80	9.00	2	7	8	
2	269.00	185.80	257.57	185.54	11.43	1	8	
3	257.57	185.54	98.99	181.99	158.62	0	
4	98.99	181.99	94.32	181.88	4.67	1	10	
5	94.32	181.88	55.00	181.00	39.33	2	3	10	

8	0	129.988	4
1	279.00	166.00	250.22	162.43	29.00	1	8	
2	250.22	162.43	199.11	156.09	51.50	0	
3	199.11	156.09	182.17	153.99	17.07	1	6	
4	182.17	153.99	150.00	150.00	32.41	0	

8	1	207.531	5
1	279.00	166.00	252.87	153.42	29.00	1	8	
2	252.87	153.42	213.96	134.70	43.18	0	
3	213.96	134.70	180.94	118.81	36.64	1	6	
4	180.94	118.81	125.34	92.05	61.71	0	
5	125.34	92.05	92.00	76.00	37.00	1	1	

8	2	204.201	3
1	279.00	166.00	255.85	183.47	29.00	1	8	
2	255.85	183.47	136.75	273.34	149.20	0	
3	136.75	273.34	116.00	289.00	26.00	1	2	

8	3	228.107	4
1	279.00	166.00	250.65	172.10	29.00	1	8	
2	250.65	172.10	104.88	203.48	149.11	0	
3	104.88	203.48	90.86	206.50	14.34	1	3	
4	90.86	206.50	56.00	214.00	35.66	2	3	10	

8	4	209.347	3
1	279.00	166.00	258.91	145.08	29.00	1	8	
2	258.91	145.08	141.62	22.93	169.35	0	
3	141.62	22.93	134.00	15.00	11.00	1	4	

8	5	43.186	5
1	279.00	166.00	280.05	177.24	11.28	1	8	
2	280.05	177.24	281.33	191.08	13.90	2	7	8	
3	281.33	191.08	281.63	194.24	3.17	3	5	7	8	
4	281.63	194.24	281.69	194.88	0.64	1	5	
5	281.69	194.88	283.00	209.00	14.19	1	5	

8	6	91.082	3
1	279.00	166.00	251.62	156.45	29.00	1	8	
2	251.62	156.45	212.83	142.92	41.08	0	
3	212.83	142.92	193.00	136.00	21.00	1	6	

8	7	20.025	2
1	279.00	166.00	278.45	177.01	11.03	1	8	
2	278.45	177.01	278.00	186.00	9.00	2	7	8	

8	8	0	0

8	9	101.119	3
1	279.00	166.00	283.30	137.32	29.00	1	8	
2	283.30	137.32	293.26	70.94	67.12	0	
3	293.26	70.94	294.00	66.00	5.00	1	9	

8	10	224.502	4
1	279.00	166.00	250.06	167.94	29.00	1	8	
2	250.06	167.94	98.90	178.06	151.50	0	
3	98.90	178.06	91.28	178.57	7.64	1	10	
4	91.28	178.57	55.00	181.00	36.36	2	3	10	

9	0	166.709	4
1	294.00	66.00	289.68	68.52	5.00	1	9	
2	289.68	68.52	204.32	118.31	98.82	0	
3	204.32	118.31	172.03	137.15	37.38	1	6	
4	172.03	137.15	150.00	150.00	25.51	0	

9	1	202.247	3
1	294.00	66.00	289.01	66.25	5.00	1	9	
2	289.01	66.25	128.95	74.17	160.25	0	
3	128.95	74.17	92.00	76.00	37.00	1	1	

9	2	285.330	3
1	294.00	66.00	290.88	69.91	5.00	1	9	
2	290.88	69.91	132.22	268.68	254.33	0	
3	132.22	268.68	116.00	289.00	26.00	1	2	

9	3	280.264	6
1	294.00	66.00	289.75	68.64	5.00	1	9	
2	289.75	68.64	206.84	120.20	97.64	0	
3	206.84	120.20	172.71	141.42	40.18	1	6	
4	172.71	141.42	98.51	187.57	87.38	0	
5	98.51	187.57	98.46	187.60	0.06	1	10	
6	98.46	187.60	56.00	214.00	50.00	2	3	10	

9	4	167.932	3
1	294.00	66.00	289.24	64.48	5.00	1	9	
2	289.24	64.48	144.48	18.34	151.93	0	
3	144.48	18.34	134.00	15.00	11.00	1	4	

9	5	143.422	7
1	294.00	66.00	293.62	70.99	5.00	1	9	
2	293.62	70.99	288.42	138.57	67.79	0	
3	288.42	138.57	285.19	180.58	42.13	0	
4	285.19	180.58	284.38	191.05	10.50	2	7	8	
5	284.38	191.05	284.27	192.45	1.40	3	5	7	8	
6	284.27	192.45	284.11	194.55	2.10	2	5	8	
7	284.11	194.55	283.00	209.00	14.50	1	5	

9	6	122.886	3
1	294.00	66.00	289.89	68.85	5.00	1	9	
2	289.89	68.85	210.26	124.04	96.89	0	
3	210.26	124.04	193.00	136.00	21.00	1	6	

9	7	121.062	4
1	294.00	66.00	293.34	70.96	5.00	1	9	
2	293.34	70.96	284.46	137.52	67.15	0	
3	284.46	137.52	279.19	177.08	39.91	0	
4	279.19	177.08	278.00	186.00	9.00	2	7	8	

9	8	101.119	3
1	294.00	66.00	293.26	70.94	5.00	1	9	
2	293.26	70.94	283.30	137.32	67.12	0	
3	283.30	137.32	279.00	166.00	29.00	1	8	

9	9	0	0

9	10	265.228	6
1	294.00	66.00	289.49	68.17	5.00	1	9	
2	289.49	68.17	192.13	115.02	108.05	0	
3	192.13	115.02	177.15	122.23	16.62	1	6	
4	177.15	122.23	94.65	161.92	91.55	0	
5	94.65	161.92	78.85	169.53	17.54	1	10	
6	78.85	169.53	55.00	181.00	26.46	2	3	10	

10	0	99.930	3
1	55.00	181.00	82.94	171.88	29.39	2	3	10	
2	82.94	171.88	96.83	167.35	14.61	1	10	
3	96.83	167.35	150.00	150.00	55.93	0	

10	1	111.328	4
1	55.00	181.00	60.91	164.24	17.77	1	10	
2	60.91	164.24	69.62	139.50	26.23	1	10	
3	69.62	139.50	79.70	110.90	30.33	0	
4	79.70	110.90	92.00	76.00	37.00	1	1	

10	2	124.036	4
1	55.00	181.00	76.64	219.31	44.00	2	3	10	
2	76.64	219.31	92.77	247.88	32.81	1	3	
3	92.77	247.88	103.21	266.36	21.23	0	
4	103.21	266.36	116.00	289.00	26.00	1	2	

10	3	33.015	1
1	55.00	181.00	56.00	214.00	33.02	2	3	10	

10	4	183.840	6
1	55.00	181.00	62.87	164.47	18.30	2	3	10	
2	62.87	164.47	73.91	141.27	25.70	1	10	
3	73.91	141.27	87.49	112.72	31.61	0	
4	87.49	112.72	117.66	49.34	70.20	1	1	
5	117.66	49.34	129.27	24.93	27.03	0	
6	129.27	24.93	134.00	15.00	11.00	1	4	

10	5	229.713	4
1	55.00	181.00	97.58	186.23	42.90	2	3	10	
2	97.58	186.23	98.67	186.36	1.10	1	10	
3	98.67	186.36	265.13	206.81	167.71	0	
4	265.13	206.81	283.00	209.00	18.00	1	5	

10	6	145.152	4
1	55.00	181.00	82.95	171.89	29.40	2	3	10	
2	82.95	171.89	96.83	167.36	14.60	1	10	
3	96.83	167.36	173.03	142.51	80.15	0	
4	173.03	142.51	193.00	136.00	21.00	1	6	

10	7	223.056	5
1	55.00	181.00	94.32	181.88	39.33	2	3	10	
2	94.32	181.88	98.99	181.99	4.67	1	10	
3	98.99	181.99	257.57	185.54	158.62	0	
4	257.57	185.54	269.00	185.80	11.43	1	8	
5	269.00	185.80	278.00	186.00	9.00	2	7	8	

10	8	224.502	4
1	55.00	181.00	91.28	178.57	36.36	2	3	10	
2	91.28	178.57	98.90	178.06	7.64	1	10	
3	98.90	178.06	250.06	167.94	151.50	0	
4	250.06	167.94	279.00	166.00	29.00	1	8	

10	9	265.228	6
1	55.00	181.00	78.85	169.53	26.46	2	3	10	
2	78.85	169.53	94.65	161.92	17.54	1	10	
3	94.65	161.92	177.15	122.23	91.55	0	
4	177.15	122.23	192.13	115.02	16.62	1	6	
5	192.13	115.02	289.49	68.17	108.05	0	
6	289.49	68.17	294.00	66.00	5.00	1	9	

10	10	0	0