7	53	2	0.001	15.0
150.000	150.000	0.000	7.000	0.000
146.000	58.000	19.000	1.000	19.000
10.000	142.000	22.000	10.000	15.000
145.000	205.000	42.000	1.000	9.000
95.000	89.000	1.000	10.000	15.000
233.000	176.000	11.000	9.000	18.000
275.000	199.000	1.000	4.000	13.000
 


0	0	0	0

0	1	92.087	2
1	150.00	150.00	146.83	76.98	73.09	0	
2	146.83	76.98	146.00	58.00	19.00	1	1	

0	2	140.228	2
1	150.00	150.00	31.96	143.26	118.23	0	
2	31.96	143.26	10.00	142.00	22.00	1	2	

0	3	55.227	2
1	150.00	150.00	148.80	163.17	13.23	0	
2	148.80	163.17	145.00	205.00	42.00	1	3	

0	4	82.134	2
1	150.00	150.00	95.67	89.74	81.13	0	
2	95.67	89.74	95.00	89.00	1.00	1	4	

0	5	86.977	2
1	150.00	150.00	222.50	172.71	75.98	0	
2	222.50	172.71	233.00	176.00	11.00	1	5	

0	6	134.261	4
1	150.00	150.00	222.25	178.32	77.60	0	
2	222.25	178.32	239.31	185.01	18.33	1	5	
3	239.31	185.01	274.07	198.63	37.33	0	
4	274.07	198.63	275.00	199.00	1.00	1	6	

1	0	92.087	2
1	146.00	58.00	146.83	76.98	19.00	1	1	
2	146.83	76.98	150.00	150.00	73.09	0	

1	1	0	0

1	2	159.850	5
1	146.00	58.00	129.83	67.98	19.00	1	1	
2	129.83	67.98	95.99	88.89	39.78	0	
3	95.99	88.89	94.45	89.84	1.81	1	4	
4	94.45	89.84	28.72	130.44	77.26	0	
5	28.72	130.44	10.00	142.00	22.00	1	2	

1	3	147.003	3
1	146.00	58.00	145.87	76.99	18.99	1	1	
2	145.87	76.99	145.29	163.00	86.01	0	
3	145.29	163.00	145.00	205.00	42.00	1	3	

1	4	59.682	3
1	146.00	58.00	129.76	67.87	19.00	1	1	
2	129.76	67.87	95.85	88.48	39.68	0	
3	95.85	88.48	95.00	89.00	1.00	1	4	

1	5	146.605	3
1	146.00	58.00	157.28	73.29	19.00	1	1	
2	157.28	73.29	226.47	167.15	116.60	0	
3	226.47	167.15	233.00	176.00	11.00	1	5	

1	6	191.107	3
1	146.00	58.00	158.83	72.02	19.00	1	1	
2	158.83	72.02	274.32	198.26	171.11	0	
3	274.32	198.26	275.00	199.00	1.00	1	6	

2	0	140.228	2
1	10.00	142.00	31.96	143.26	22.00	1	2	
2	31.96	143.26	150.00	150.00	118.23	0	

2	1	159.850	5
1	10.00	142.00	28.72	130.44	22.00	1	2	
2	28.72	130.44	94.45	89.84	77.26	0	
3	94.45	89.84	95.99	88.89	1.81	1	4	
4	95.99	88.89	129.83	67.98	39.78	0	
5	129.83	67.98	146.00	58.00	19.00	1	1	

2	2	0	0

2	3	148.977	3
1	10.00	142.00	29.94	151.30	22.00	1	2	
2	29.94	151.30	106.94	187.24	84.98	0	
3	106.94	187.24	145.00	205.00	42.00	1	3	

2	4	100.170	3
1	10.00	142.00	28.67	130.36	22.00	1	2	
2	28.67	130.36	94.15	89.53	77.17	0	
3	94.15	89.53	95.00	89.00	1.00	1	4	

2	5	225.577	5
1	10.00	142.00	31.75	145.32	22.00	1	2	
2	31.75	145.32	148.97	163.19	118.57	0	
3	148.97	163.19	153.67	163.91	4.76	1	3	
4	153.67	163.91	222.13	174.34	69.24	0	
5	222.13	174.34	233.00	176.00	11.00	1	5	

2	6	271.061	5
1	10.00	142.00	31.51	146.63	22.00	1	2	
2	31.51	146.63	126.84	167.13	97.51	0	
3	126.84	167.13	177.13	177.95	51.44	1	3	
4	177.13	177.95	274.02	198.79	99.11	0	
5	274.02	198.79	275.00	199.00	1.00	1	6	

3	0	55.227	2
1	145.00	205.00	148.80	163.17	42.00	1	3	
2	148.80	163.17	150.00	150.00	13.23	0	

3	1	147.003	3
1	145.00	205.00	145.29	163.00	42.00	1	3	
2	145.29	163.00	145.87	76.99	86.01	0	
3	145.87	76.99	146.00	58.00	18.99	1	1	

3	2	148.977	3
1	145.00	205.00	106.94	187.24	42.00	1	3	
2	106.94	187.24	29.94	151.30	84.98	0	
3	29.94	151.30	10.00	142.00	22.00	1	2	

3	3	0	0

3	4	126.317	3
1	145.00	205.00	128.38	166.43	42.00	1	3	
2	128.38	166.43	95.40	89.92	83.32	0	
3	95.40	89.92	95.00	89.00	1.00	1	4	

3	5	92.655	3
1	145.00	205.00	184.89	191.85	42.00	1	3	
2	184.89	191.85	222.55	179.44	39.66	0	
3	222.55	179.44	233.00	176.00	11.00	1	5	

3	6	130.138	3
1	145.00	205.00	186.96	203.06	42.00	1	3	
2	186.96	203.06	274.00	199.05	87.14	0	
3	274.00	199.05	275.00	199.00	1.00	1	6	

4	0	82.134	2
1	95.00	89.00	95.67	89.74	1.00	1	4	
2	95.67	89.74	150.00	150.00	81.13	0	

4	1	59.682	3
1	95.00	89.00	95.85	88.48	1.00	1	4	
2	95.85	88.48	129.76	67.87	39.68	0	
3	129.76	67.87	146.00	58.00	19.00	1	1	

4	2	100.170	3
1	95.00	89.00	94.15	89.53	1.00	1	4	
2	94.15	89.53	28.67	130.36	77.17	0	
3	28.67	130.36	10.00	142.00	22.00	1	2	

4	3	126.317	3
1	95.00	89.00	95.40	89.92	1.00	1	4	
2	95.40	89.92	128.38	166.43	83.32	0	
3	128.38	166.43	145.00	205.00	42.00	1	3	

4	4	0	0

4	5	163.135	3
1	95.00	89.00	95.85	89.53	1.00	1	4	
2	95.85	89.53	223.69	170.13	151.13	0	
3	223.69	170.13	233.00	176.00	11.00	1	5	

4	6	210.950	5
1	95.00	89.00	95.85	89.52	1.00	1	4	
2	95.85	89.52	225.00	168.45	151.36	0	
3	225.00	168.45	243.37	179.67	21.52	1	5	
4	243.37	179.67	274.15	198.48	36.07	0	
5	274.15	198.48	275.00	199.00	1.00	1	6	

5	0	86.977	2
1	233.00	176.00	222.50	172.71	11.00	1	5	
2	222.50	172.71	150.00	150.00	75.98	0	

5	1	146.605	3
1	233.00	176.00	226.47	167.15	11.00	1	5	
2	226.47	167.15	157.28	73.29	116.60	0	
3	157.28	73.29	146.00	58.00	19.00	1	1	

5	2	225.577	5
1	233.00	176.00	222.13	174.34	11.00	1	5	
2	222.13	174.34	153.67	163.91	69.24	0	
3	153.67	163.91	148.97	163.19	4.76	1	3	
4	148.97	163.19	31.75	145.32	118.57	0	
5	31.75	145.32	10.00	142.00	22.00	1	2	

5	3	92.655	3
1	233.00	176.00	222.55	179.44	11.00	1	5	
2	222.55	179.44	184.89	191.85	39.66	0	
3	184.89	191.85	145.00	205.00	42.00	1	3	

5	4	163.135	3
1	233.00	176.00	223.69	170.13	11.00	1	5	
2	223.69	170.13	95.85	89.53	151.13	0	
3	95.85	89.53	95.00	89.00	1.00	1	4	

5	5	0	0

5	6	47.885	3
1	233.00	176.00	242.65	181.28	11.00	1	5	
2	242.65	181.28	274.12	198.52	35.89	0	
3	274.12	198.52	275.00	199.00	1.00	1	6	

6	0	134.261	4
1	275.00	199.00	274.07	198.63	1.00	1	6	
2	274.07	198.63	239.31	185.01	37.33	0	
3	239.31	185.01	222.25	178.32	18.33	1	5	
4	222.25	178.32	150.00	150.00	77.60	0	

6	1	191.107	3
1	275.00	199.00	274.32	198.26	1.00	1	6	
2	274.32	198.26	158.83	72.02	171.11	0	
3	158.83	72.02	146.00	58.00	19.00	1	1	

6	2	271.061	5
1	275.00	199.00	274.02	198.79	1.00	1	6	
2	274.02	198.79	177.13	177.95	99.11	0	
3	177.13	177.95	126.84	167.13	51.44	1	3	
4	126.84	167.13	31.51	146.63	97.51	0	
5	31.51	146.63	10.00	142.00	22.00	1	2	

6	3	130.138	3
1	275.00	199.00	274.00	199.05	1.00	1	6	
2	274.00	199.05	186.96	203.06	87.14	0	
3	186.96	203.06	145.00	205.00	42.00	1	3	

6	4	210.950	5
1	275.00	199.00	274.15	198.48	1.00	1	6	
2	274.15	198.48	243.37	179.67	36.07	0	
3	243.37	179.67	225.00	168.45	21.52	1	5	
4	225.00	168.45	95.85	89.52	151.36	0	
5	95.85	89.52	95.00	89.00	1.00	1	4	

6	5	47.885	3
1	275.00	199.00	274.12	198.52	1.00	1	6	
2	274.12	198.52	242.65	181.28	35.89	0	
3	242.65	181.28	233.00	176.00	11.00	1	5	

6	6	0	0
