7	51	2	0.001	60.0
150.000	150.000	0.000	6.000	0.000
77.000	35.000	1.000	3.000	7.000
168.000	161.000	6.000	3.000	18.000
240.000	253.000	42.000	9.000	2.000
270.000	277.000	8.000	1.000	20.000
71.000	290.000	41.000	10.000	3.000
233.000	1.000	27.000	4.000	2.000
 


0	0	0	0

0	1	136.213	2
1	150.00	150.00	77.54	35.84	135.21	0	
2	77.54	35.84	77.00	35.00	1.00	1	1	

0	2	21.095	2
1	150.00	150.00	162.88	157.87	15.10	0	
2	162.88	157.87	168.00	161.00	6.00	1	2	

0	3	136.781	2
1	150.00	150.00	212.36	221.37	94.78	0	
2	212.36	221.37	240.00	253.00	42.00	1	3	

0	4	174.725	5
1	150.00	150.00	162.38	163.10	18.03	0	
2	162.38	163.10	165.58	166.49	4.66	1	2	
3	165.58	166.49	215.26	219.06	72.33	0	
4	215.26	219.06	264.51	271.19	71.71	1	3	
5	264.51	271.19	270.00	277.00	8.00	2	3	4	

0	5	160.751	2
1	150.00	150.00	91.15	254.29	119.75	0	
2	91.15	254.29	71.00	290.00	41.00	1	5	

0	6	170.558	2
1	150.00	150.00	219.86	24.59	143.56	0	
2	219.86	24.59	233.00	1.00	27.00	1	6	

1	0	136.213	2
1	77.00	35.00	77.54	35.84	1.00	1	1	
2	77.54	35.84	150.00	150.00	135.21	0	

1	1	0	0

1	2	155.425	3
1	77.00	35.00	77.59	35.81	1.00	1	1	
2	77.59	35.81	164.49	156.14	148.43	0	
3	164.49	156.14	168.00	161.00	6.00	1	2	

1	3	272.200	5
1	77.00	35.00	77.60	35.80	1.00	1	1	
2	77.60	35.80	166.81	155.12	148.98	0	
3	166.81	155.12	173.31	163.80	10.84	1	2	
4	173.31	163.80	214.85	219.36	69.38	0	
5	214.85	219.36	240.00	253.00	42.00	1	3	

1	4	309.537	4
1	77.00	35.00	77.62	35.78	1.00	1	1	
2	77.62	35.78	220.99	215.55	229.93	0	
3	220.99	215.55	265.01	270.75	70.60	1	3	
4	265.01	270.75	270.00	277.00	8.00	2	3	4	

1	5	255.071	3
1	77.00	35.00	76.98	36.00	1.00	1	1	
2	76.98	36.00	71.96	249.01	213.07	0	
3	71.96	249.01	71.00	290.00	41.00	1	5	

1	6	159.662	3
1	77.00	35.00	77.98	34.79	1.00	1	1	
2	77.98	34.79	206.62	6.75	131.66	0	
3	206.62	6.75	233.00	1.00	27.00	1	6	

2	0	21.095	2
1	168.00	161.00	162.88	157.87	6.00	1	2	
2	162.88	157.87	150.00	150.00	15.10	0	

2	1	155.425	3
1	168.00	161.00	164.49	156.14	6.00	1	2	
2	164.49	156.14	77.59	35.81	148.43	0	
3	77.59	35.81	77.00	35.00	1.00	1	1	

2	2	0	0

2	3	116.825	3
1	168.00	161.00	171.70	165.72	6.00	1	2	
2	171.70	165.72	214.12	219.92	68.82	0	
3	214.12	219.92	240.00	253.00	42.00	1	3	

2	4	154.467	4
1	168.00	161.00	171.96	165.51	6.00	1	2	
2	171.96	165.51	217.64	217.45	69.17	0	
3	217.64	217.45	264.72	270.99	71.30	1	3	
4	264.72	270.99	270.00	277.00	8.00	2	3	4	

2	5	161.400	3
1	168.00	161.00	164.39	165.80	6.00	1	2	
2	164.39	165.80	95.64	257.23	114.40	0	
3	95.64	257.23	71.00	290.00	41.00	1	5	

2	6	172.699	3
1	168.00	161.00	170.26	155.44	6.00	1	2	
2	170.26	155.44	222.84	26.01	139.70	0	
3	222.84	26.01	233.00	1.00	27.00	1	6	

3	0	136.781	2
1	240.00	253.00	212.36	221.37	42.00	1	3	
2	212.36	221.37	150.00	150.00	94.78	0	

3	1	272.200	5
1	240.00	253.00	214.85	219.36	42.00	1	3	
2	214.85	219.36	173.31	163.80	69.38	0	
3	173.31	163.80	166.81	155.12	10.84	1	2	
4	166.81	155.12	77.60	35.80	148.98	0	
5	77.60	35.80	77.00	35.00	1.00	1	1	

3	2	116.825	3
1	240.00	253.00	214.12	219.92	42.00	1	3	
2	214.12	219.92	171.70	165.72	68.82	0	
3	171.70	165.72	168.00	161.00	6.00	1	2	

3	3	0	0

3	4	38.419	2
1	240.00	253.00	263.75	272.00	30.42	1	3	
2	263.75	272.00	270.00	277.00	8.00	2	3	4	

3	5	173.003	3
1	240.00	253.00	198.97	261.98	42.00	1	3	
2	198.97	261.98	111.05	281.23	90.00	0	
3	111.05	281.23	71.00	290.00	41.00	1	5	

3	6	252.097	3
1	240.00	253.00	238.83	211.02	42.00	1	3	
2	238.83	211.02	233.75	27.99	183.10	0	
3	233.75	27.99	233.00	1.00	27.00	1	6	

4	0	174.725	5
1	270.00	277.00	264.51	271.19	8.00	2	3	4	
2	264.51	271.19	215.26	219.06	71.71	1	3	
3	215.26	219.06	165.58	166.49	72.33	0	
4	165.58	166.49	162.38	163.10	4.66	1	2	
5	162.38	163.10	150.00	150.00	18.03	0	

4	1	309.537	4
1	270.00	277.00	265.01	270.75	8.00	2	3	4	
2	265.01	270.75	220.99	215.55	70.60	1	3	
3	220.99	215.55	77.62	35.78	229.93	0	
4	77.62	35.78	77.00	35.00	1.00	1	1	

4	2	154.467	4
1	270.00	277.00	264.72	270.99	8.00	2	3	4	
2	264.72	270.99	217.64	217.45	71.30	1	3	
3	217.64	217.45	171.96	165.51	69.17	0	
4	171.96	165.51	168.00	161.00	6.00	1	2	

4	3	38.419	2
1	270.00	277.00	263.75	272.00	8.00	2	3	4	
2	263.75	272.00	240.00	253.00	30.42	1	3	

4	4	0	0

4	5	199.424	4
1	270.00	277.00	262.02	277.52	8.00	2	3	4	
2	262.02	277.52	208.70	281.00	53.43	1	3	
3	208.70	281.00	111.91	287.33	96.99	0	
4	111.91	287.33	71.00	290.00	41.00	1	5	

4	6	278.469	4
1	270.00	277.00	268.94	269.07	8.00	2	3	4	
2	268.94	269.07	261.99	217.21	52.32	1	3	
3	261.99	217.21	236.59	27.76	191.15	0	
4	236.59	27.76	233.00	1.00	27.00	0	

5	0	160.751	2
1	71.00	290.00	91.15	254.29	41.00	1	5	
2	91.15	254.29	150.00	150.00	119.75	0	

5	1	255.071	3
1	71.00	290.00	71.96	249.01	41.00	1	5	
2	71.96	249.01	76.98	36.00	213.07	0	
3	76.98	36.00	77.00	35.00	1.00	1	1	

5	2	161.400	3
1	71.00	290.00	95.64	257.23	41.00	1	5	
2	95.64	257.23	164.39	165.80	114.40	0	
3	164.39	165.80	168.00	161.00	6.00	1	2	

5	3	173.003	3
1	71.00	290.00	111.05	281.23	41.00	1	5	
2	111.05	281.23	198.97	261.98	90.00	0	
3	198.97	261.98	240.00	253.00	42.00	1	3	

5	4	199.424	4
1	71.00	290.00	111.91	287.33	41.00	1	5	
2	111.91	287.33	208.70	281.00	96.99	0	
3	208.70	281.00	262.02	277.52	53.43	1	3	
4	262.02	277.52	270.00	277.00	8.00	2	3	4	

5	5	0	0

5	6	331.308	3
1	71.00	290.00	91.05	254.24	41.00	1	5	
2	91.05	254.24	219.80	24.55	263.31	0	
3	219.80	24.55	233.00	1.00	27.00	1	6	

6	0	170.558	2
1	233.00	1.00	219.86	24.59	27.00	1	6	
2	219.86	24.59	150.00	150.00	143.56	0	

6	1	159.662	3
1	233.00	1.00	206.62	6.75	27.00	1	6	
2	206.62	6.75	77.98	34.79	131.66	0	
3	77.98	34.79	77.00	35.00	1.00	1	1	

6	2	172.699	3
1	233.00	1.00	222.84	26.01	27.00	1	6	
2	222.84	26.01	170.26	155.44	139.70	0	
3	170.26	155.44	168.00	161.00	6.00	1	2	

6	3	252.097	3
1	233.00	1.00	233.75	27.99	27.00	1	6	
2	233.75	27.99	238.83	211.02	183.10	0	
3	238.83	211.02	240.00	253.00	42.00	1	3	

6	4	278.469	4
1	233.00	1.00	236.59	27.76	27.00	0	
2	236.59	27.76	261.99	217.21	191.15	0	
3	261.99	217.21	268.94	269.07	52.32	1	3	
4	268.94	269.07	270.00	277.00	8.00	2	3	4	

6	5	331.308	3
1	233.00	1.00	219.80	24.55	27.00	1	6	
2	219.80	24.55	91.05	254.24	263.31	0	
3	91.05	254.24	71.00	290.00	41.00	1	5	

6	6	0	0
