11	171	2	0.001	80.0
0.000	0.000	0.000	5.000	0.000
196.000	267.000	45.000	3.000	17.000
161.000	32.000	25.000	10.000	9.000
55.000	166.000	17.000	5.000	6.000
111.000	99.000	5.000	3.000	12.000
75.000	271.000	8.000	9.000	15.000
138.000	177.000	26.000	6.000	6.000
54.000	89.000	25.000	10.000	9.000
181.000	63.000	36.000	7.000	11.000
30.000	229.000	19.000	2.000	12.000
13.000	144.000	42.000	8.000	9.000

0	0	0	0

0	1	331.217	6
1	0.00	0.00	47.59	64.83	80.43	0	
2	47.59	64.83	75.14	102.35	46.54	1	7	
3	75.14	102.35	117.86	160.56	72.20	0	
4	117.86	160.56	147.65	201.14	50.35	1	6	
5	147.65	201.14	169.37	230.72	36.70	0	
6	169.37	230.72	196.00	267.00	45.00	1	1	

0	2	164.149	2
1	0.00	0.00	136.48	27.13	139.15	0	
2	136.48	27.13	161.00	32.00	25.00	1	2	

0	3	174.874	6
1	0.00	0.00	29.04	87.64	92.32	0	
2	29.04	87.64	34.79	105.00	18.29	1	7	
3	34.79	105.00	36.09	108.91	4.13	0	
4	36.09	108.91	49.65	149.86	43.14	1	10	
5	49.65	149.86	52.47	158.36	8.95	2	3	10	
6	52.47	158.36	55.00	166.00	8.05	1	3	

0	4	148.735	2
1	0.00	0.00	107.27	95.67	143.73	0	
2	107.27	95.67	111.00	99.00	5.00	1	4	

0	5	281.187	6
1	0.00	0.00	29.12	105.22	109.17	0	
2	29.12	105.22	42.69	154.27	50.90	1	10	
3	42.69	154.27	46.77	168.98	15.26	2	3	10	
4	46.77	168.98	50.48	182.39	13.91	1	3	
5	50.48	182.39	72.87	263.29	83.94	0	
6	72.87	263.29	75.00	271.00	8.00	1	5	

0	6	224.439	4
1	0.00	0.00	50.13	64.30	81.53	0	
2	50.13	64.30	77.01	98.77	43.71	1	7	
3	77.01	98.77	122.01	156.50	73.19	0	
4	122.01	156.50	138.00	177.00	26.00	1	6	

0	7	104.101	2
1	0.00	0.00	41.03	67.63	79.10	0	
2	41.03	67.63	54.00	89.00	25.00	1	7	

0	8	191.651	4
1	0.00	0.00	143.65	50.00	152.10	0	
2	143.65	50.00	147.00	51.17	3.55	1	2	
3	147.00	51.17	163.42	56.88	17.39	2	2	8	
4	163.42	56.88	181.00	63.00	18.61	1	8	

0	9	230.957	4
1	0.00	0.00	13.36	102.00	102.87	0	
2	13.36	102.00	24.17	184.49	83.19	1	10	
3	24.17	184.49	27.53	210.16	25.89	0	
4	27.53	210.16	30.00	229.00	19.00	1	9	

0	10	144.586	2
1	0.00	0.00	9.22	102.17	102.59	0	
2	9.22	102.17	13.00	144.00	42.00	1	10	

1	0	331.217	6
1	196.00	267.00	169.37	230.72	45.00	1	1	
2	169.37	230.72	147.65	201.14	36.70	0	
3	147.65	201.14	117.86	160.56	50.35	1	6	
4	117.86	160.56	75.14	102.35	72.20	0	
5	75.14	102.35	47.59	64.83	46.54	1	7	
6	47.59	64.83	0.00	0.00	80.43	0	

1	1	0	0

1	2	237.592	5
1	196.00	267.00	189.37	222.49	45.00	1	1	
2	189.37	222.49	170.76	97.51	126.36	0	
3	170.76	97.51	164.68	56.73	41.23	1	8	
4	164.68	56.73	161.14	32.97	24.02	2	2	8	
5	161.14	32.97	161.00	32.00	0.98	1	2	

1	3	173.442	3
1	196.00	267.00	159.42	240.80	45.00	1	1	
2	159.42	240.80	68.82	175.90	111.44	0	
3	68.82	175.90	55.00	166.00	17.00	1	3	

1	4	188.279	5
1	196.00	267.00	175.68	226.85	45.00	1	1	
2	175.68	226.85	158.53	192.95	37.99	0	
3	158.53	192.95	137.31	151.01	47.00	1	6	
4	137.31	151.01	113.26	103.46	53.29	0	
5	113.26	103.46	111.00	99.00	5.00	1	4	

1	5	121.066	3
1	196.00	267.00	151.02	268.49	45.00	1	1	
2	151.02	268.49	83.00	270.74	68.07	0	
3	83.00	270.74	75.00	271.00	8.00	1	5	

1	6	107.070	3
1	196.00	267.00	171.62	229.17	45.00	1	1	
2	171.62	229.17	152.08	198.85	36.07	0	
3	152.08	198.85	138.00	177.00	26.00	1	6	

1	7	227.702	5
1	196.00	267.00	167.94	231.82	45.00	1	1	
2	167.94	231.82	144.32	202.22	37.87	0	
3	144.32	202.22	114.82	165.23	47.31	1	6	
4	114.82	165.23	69.59	108.54	72.52	0	
5	69.59	108.54	54.00	89.00	25.00	1	7	

1	8	204.551	3
1	196.00	267.00	192.70	222.12	45.00	1	1	
2	192.70	222.12	183.64	98.90	123.55	0	
3	183.64	98.90	181.00	63.00	36.00	1	8	

1	9	170.294	3
1	196.00	267.00	152.13	256.96	45.00	1	1	
2	152.13	256.96	48.52	233.24	106.29	0	
3	48.52	233.24	30.00	229.00	19.00	1	9	

1	10	220.495	5
1	196.00	267.00	158.65	241.90	45.00	1	1	
2	158.65	241.90	65.56	179.32	112.17	0	
3	65.56	179.32	47.86	167.43	21.33	1	3	
4	47.86	167.43	38.68	161.26	11.06	2	3	10	
5	38.68	161.26	13.00	144.00	30.94	1	10	

2	0	164.149	2
1	161.00	32.00	136.48	27.13	25.00	1	2	
2	136.48	27.13	0.00	0.00	139.15	0	

2	1	237.592	5
1	161.00	32.00	161.14	32.97	0.98	1	2	
2	161.14	32.97	164.68	56.73	24.02	2	2	8	
3	164.68	56.73	170.76	97.51	41.23	1	8	
4	170.76	97.51	189.37	222.49	126.36	0	
5	189.37	222.49	196.00	267.00	45.00	1	1	

2	2	0	0

2	3	170.857	7
1	161.00	32.00	159.05	34.47	3.15	1	2	
2	159.05	34.47	148.18	48.21	17.52	2	2	8	
3	148.18	48.21	145.49	51.61	4.34	1	2	
4	145.49	51.61	111.89	94.08	54.16	0	
5	111.89	94.08	106.42	101.00	8.82	1	4	
6	106.42	101.00	65.55	152.67	65.88	0	
7	65.55	152.67	55.00	166.00	17.00	1	3	

2	4	83.600	5
1	161.00	32.00	159.30	34.27	2.83	1	2	
2	159.30	34.27	147.29	50.38	20.10	2	2	8	
3	147.29	50.38	146.05	52.04	2.07	1	2	
4	146.05	52.04	113.99	94.99	53.60	0	
5	113.99	94.99	111.00	99.00	5.00	1	4	

2	5	254.002	5
1	161.00	32.00	160.49	33.41	1.50	1	2	
2	160.49	33.41	152.54	55.52	23.50	2	2	8	
3	152.54	55.52	146.34	72.74	18.29	1	8	
4	146.34	72.74	77.71	263.47	202.71	0	
5	77.71	263.47	75.00	271.00	8.00	1	5	

2	6	146.813	5
1	161.00	32.00	160.81	33.19	1.21	1	2	
2	160.81	33.19	157.08	56.69	23.79	1	8	
3	157.08	56.69	152.58	85.10	28.76	1	8	
4	152.58	85.10	142.07	151.32	67.05	0	
5	142.07	151.32	138.00	177.00	26.00	1	6	

2	7	121.235	3
1	161.00	32.00	138.94	43.75	25.00	1	2	
2	138.94	43.75	76.06	77.25	71.24	0	
3	76.06	77.25	54.00	89.00	25.00	1	7	

2	8	36.892	3
1	161.00	32.00	161.48	32.75	0.89	1	2	
2	161.48	32.75	174.55	53.01	24.11	2	2	8	
3	174.55	53.01	181.00	63.00	11.89	1	8	

2	9	236.580	9
1	161.00	32.00	159.67	34.00	2.40	1	2	
2	159.67	34.00	147.16	52.82	22.60	2	2	8	
3	147.16	52.82	146.01	54.55	2.08	1	8	
4	146.01	54.55	115.94	99.76	54.29	0	
5	115.94	99.76	113.61	103.26	4.21	1	4	
6	113.61	103.26	72.00	165.84	75.15	0	
7	72.00	165.84	61.43	181.74	19.09	1	3	
8	61.43	181.74	40.52	213.18	37.76	0	
9	40.52	213.18	30.00	229.00	19.00	1	9	

2	10	185.602	5
1	161.00	32.00	141.06	47.09	25.00	1	2	
2	141.06	47.09	78.38	94.52	78.61	0	
3	78.38	94.52	52.69	113.97	32.22	1	7	
4	52.69	113.97	46.49	118.66	7.77	0	
5	46.49	118.66	13.00	144.00	42.00	1	10	

3	0	174.874	6
1	55.00	166.00	52.47	158.36	8.05	1	3	
2	52.47	158.36	49.65	149.86	8.95	2	3	10	
3	49.65	149.86	36.09	108.91	43.14	1	10	
4	36.09	108.91	34.79	105.00	4.13	0	
5	34.79	105.00	29.04	87.64	18.29	1	7	
6	29.04	87.64	0.00	0.00	92.32	0	

3	1	173.442	3
1	55.00	166.00	68.82	175.90	17.00	1	3	
2	68.82	175.90	159.42	240.80	111.44	0	
3	159.42	240.80	196.00	267.00	45.00	1	1	

3	2	170.857	7
1	55.00	166.00	65.55	152.67	17.00	1	3	
2	65.55	152.67	106.42	101.00	65.88	0	
3	106.42	101.00	111.89	94.08	8.82	1	4	
4	111.89	94.08	145.49	51.61	54.16	0	
5	145.49	51.61	148.18	48.21	4.34	1	2	
6	148.18	48.21	159.05	34.47	17.52	2	2	8	
7	159.05	34.47	161.00	32.00	3.15	1	2	

3	3	0	0

3	4	87.321	3
1	55.00	166.00	65.90	152.96	17.00	1	3	
2	65.90	152.96	107.79	102.84	65.32	0	
3	107.79	102.84	111.00	99.00	5.00	1	4	

3	5	106.888	3
1	55.00	166.00	58.18	182.70	17.00	1	3	
2	58.18	182.70	73.50	263.14	81.89	0	
3	73.50	263.14	75.00	271.00	8.00	1	5	

3	6	83.726	3
1	55.00	166.00	71.85	168.23	17.00	1	3	
2	71.85	168.23	112.23	173.58	40.73	0	
3	112.23	173.58	138.00	177.00	26.00	1	6	

3	7	77.006	5
1	55.00	166.00	54.78	149.00	17.00	0	
2	54.78	149.00	54.77	148.37	0.62	0	
3	54.77	148.37	54.64	138.54	9.83	1	10	
4	54.64	138.54	54.32	113.99	24.55	0	
5	54.32	113.99	54.00	89.00	25.00	1	7	

3	8	162.742	3
1	55.00	166.00	68.16	155.24	17.00	1	3	
2	68.16	155.24	153.13	85.78	109.74	0	
3	153.13	85.78	181.00	63.00	36.00	1	8	

3	9	67.779	3
1	55.00	166.00	48.73	181.80	17.00	1	3	
2	48.73	181.80	37.01	211.34	31.78	0	
3	37.01	211.34	30.00	229.00	19.00	1	9	

3	10	47.413	3
1	55.00	166.00	50.20	163.49	5.41	1	3	
2	50.20	163.49	39.94	158.11	11.59	2	3	10	
3	39.94	158.11	13.00	144.00	30.41	1	10	

4	0	148.735	2
1	111.00	99.00	107.27	95.67	5.00	1	4	
2	107.27	95.67	0.00	0.00	143.73	0	

4	1	188.279	5
1	111.00	99.00	113.26	103.46	5.00	1	4	
2	113.26	103.46	137.31	151.01	53.29	0	
3	137.31	151.01	158.53	192.95	47.00	1	6	
4	158.53	192.95	175.68	226.85	37.99	0	
5	175.68	226.85	196.00	267.00	45.00	1	1	

4	2	83.600	5
1	111.00	99.00	113.99	94.99	5.00	1	4	
2	113.99	94.99	146.05	52.04	53.60	0	
3	146.05	52.04	147.29	50.38	2.07	1	2	
4	147.29	50.38	159.30	34.27	20.10	2	2	8	
5	159.30	34.27	161.00	32.00	2.83	1	2	

4	3	87.321	3
1	111.00	99.00	107.79	102.84	5.00	1	4	
2	107.79	102.84	65.90	152.96	65.32	0	
3	65.90	152.96	55.00	166.00	17.00	1	3	

4	4	0	0

4	5	175.727	3
1	111.00	99.00	109.98	103.89	5.00	1	4	
2	109.98	103.89	76.64	263.17	162.73	0	
3	76.64	263.17	75.00	271.00	8.00	1	5	

4	6	82.541	3
1	111.00	99.00	112.64	103.73	5.00	1	4	
2	112.64	103.73	129.50	152.43	51.54	0	
3	129.50	152.43	138.00	177.00	26.00	1	6	

4	7	57.871	3
1	111.00	99.00	106.08	98.14	5.00	1	4	
2	106.08	98.14	78.62	93.32	27.87	0	
3	78.62	93.32	54.00	89.00	25.00	1	7	

4	8	78.715	3
1	111.00	99.00	115.45	96.71	5.00	1	4	
2	115.45	96.71	148.99	79.46	37.71	0	
3	148.99	79.46	181.00	63.00	36.00	1	8	

4	9	153.170	5
1	111.00	99.00	108.36	103.24	5.00	1	4	
2	108.36	103.24	71.58	162.26	69.54	0	
3	71.58	162.26	58.95	182.53	23.89	1	3	
4	58.95	182.53	40.05	212.87	35.75	0	
5	40.05	212.87	30.00	229.00	19.00	1	9	

4	10	107.838	3
1	111.00	99.00	106.46	101.09	5.00	1	4	
2	106.46	101.09	51.17	126.47	60.84	0	
3	51.17	126.47	13.00	144.00	42.00	1	10	

5	0	281.187	6
1	75.00	271.00	72.87	263.29	8.00	1	5	
2	72.87	263.29	50.48	182.39	83.94	0	
3	50.48	182.39	46.77	168.98	13.91	1	3	
4	46.77	168.98	42.69	154.27	15.26	2	3	10	
5	42.69	154.27	29.12	105.22	50.90	1	10	
6	29.12	105.22	0.00	0.00	109.17	0	

5	1	121.066	3
1	75.00	271.00	83.00	270.74	8.00	1	5	
2	83.00	270.74	151.02	268.49	68.07	0	
3	151.02	268.49	196.00	267.00	45.00	1	1	

5	2	254.002	5
1	75.00	271.00	77.71	263.47	8.00	1	5	
2	77.71	263.47	146.34	72.74	202.71	0	
3	146.34	72.74	152.54	55.52	18.29	1	8	
4	152.54	55.52	160.49	33.41	23.50	2	2	8	
5	160.49	33.41	161.00	32.00	1.50	1	2	

5	3	106.888	3
1	75.00	271.00	73.50	263.14	8.00	1	5	
2	73.50	263.14	58.18	182.70	81.89	0	
3	58.18	182.70	55.00	166.00	17.00	1	3	

5	4	175.727	3
1	75.00	271.00	76.64	263.17	8.00	1	5	
2	76.64	263.17	109.98	103.89	162.73	0	
3	109.98	103.89	111.00	99.00	5.00	1	4	

5	5	0	0

5	6	113.159	3
1	75.00	271.00	79.45	264.35	8.00	1	5	
2	79.45	264.35	123.52	198.60	79.16	0	
3	123.52	198.60	138.00	177.00	26.00	1	6	

5	7	183.208	5
1	75.00	271.00	74.08	263.05	8.00	1	5	
2	74.08	263.05	64.51	180.09	83.51	0	
3	64.51	180.09	61.05	150.11	30.18	1	3	
4	61.05	150.11	56.87	113.84	36.52	0	
5	56.87	113.84	54.00	89.00	25.00	1	7	

5	8	233.452	5
1	75.00	271.00	78.63	263.87	8.00	1	5	
2	78.63	263.87	115.91	190.72	82.11	0	
3	115.91	190.72	136.12	151.07	44.50	1	6	
4	136.12	151.07	164.65	95.08	62.84	0	
5	164.65	95.08	181.00	63.00	36.00	1	8	

5	9	61.555	3
1	75.00	271.00	69.15	265.54	8.00	1	5	
2	69.15	265.54	43.89	241.96	34.55	0	
3	43.89	241.96	30.00	229.00	19.00	1	9	

5	10	141.326	3
1	75.00	271.00	71.49	263.81	8.00	1	5	
2	71.49	263.81	31.43	181.74	91.33	0	
3	31.43	181.74	13.00	144.00	42.00	1	10	

6	0	224.439	4
1	138.00	177.00	122.01	156.50	26.00	1	6	
2	122.01	156.50	77.01	98.77	73.19	0	
3	77.01	98.77	50.13	64.30	43.71	1	7	
4	50.13	64.30	0.00	0.00	81.53	0	

6	1	107.070	3
1	138.00	177.00	152.08	198.85	26.00	1	6	
2	152.08	198.85	171.62	229.17	36.07	0	
3	171.62	229.17	196.00	267.00	45.00	1	1	

6	2	146.813	5
1	138.00	177.00	142.07	151.32	26.00	1	6	
2	142.07	151.32	152.58	85.10	67.05	0	
3	152.58	85.10	157.08	56.69	28.76	1	8	
4	157.08	56.69	160.81	33.19	23.79	1	8	
5	160.81	33.19	161.00	32.00	1.21	1	2	

6	3	83.726	3
1	138.00	177.00	112.23	173.58	26.00	1	6	
2	112.23	173.58	71.85	168.23	40.73	0	
3	71.85	168.23	55.00	166.00	17.00	1	3	

6	4	82.541	3
1	138.00	177.00	129.50	152.43	26.00	1	6	
2	129.50	152.43	112.64	103.73	51.54	0	
3	112.64	103.73	111.00	99.00	5.00	1	4	

6	5	113.159	3
1	138.00	177.00	123.52	198.60	26.00	1	6	
2	123.52	198.60	79.45	264.35	79.16	0	
3	79.45	264.35	75.00	271.00	8.00	1	5	

6	6	0	0

6	7	121.655	3
1	138.00	177.00	120.05	158.19	26.00	1	6	
2	120.05	158.19	71.26	107.08	70.66	0	
3	71.26	107.08	54.00	89.00	25.00	1	7	

6	8	121.840	3
1	138.00	177.00	147.18	152.67	26.00	1	6	
2	147.18	152.67	168.29	96.68	59.84	0	
3	168.29	96.68	181.00	63.00	36.00	1	8	

6	9	119.867	3
1	138.00	177.00	114.57	188.28	26.00	1	6	
2	114.57	188.28	47.12	220.76	74.87	0	
3	47.12	220.76	30.00	229.00	19.00	1	9	

6	10	129.283	5
1	138.00	177.00	112.86	170.36	26.00	1	6	
2	112.86	170.36	70.58	159.20	43.73	0	
3	70.58	159.20	53.61	154.72	17.55	1	3	
4	53.61	154.72	44.80	152.40	9.11	2	3	10	
5	44.80	152.40	13.00	144.00	32.89	1	10	

7	0	104.101	2
1	54.00	89.00	41.03	67.63	25.00	1	7	
2	41.03	67.63	0.00	0.00	79.10	0	

7	1	227.702	5
1	54.00	89.00	69.59	108.54	25.00	1	7	
2	69.59	108.54	114.82	165.23	72.52	0	
3	114.82	165.23	144.32	202.22	47.31	1	6	
4	144.32	202.22	167.94	231.82	37.87	0	
5	167.94	231.82	196.00	267.00	45.00	1	1	

7	2	121.235	3
1	54.00	89.00	76.06	77.25	25.00	1	7	
2	76.06	77.25	138.94	43.75	71.24	0	
3	138.94	43.75	161.00	32.00	25.00	1	2	

7	3	77.006	5
1	54.00	89.00	54.32	113.99	25.00	1	7	
2	54.32	113.99	54.64	138.54	24.55	0	
3	54.64	138.54	54.77	148.37	9.83	1	10	
4	54.77	148.37	54.78	149.00	0.62	0	
5	54.78	149.00	55.00	166.00	17.00	0	

7	4	57.871	3
1	54.00	89.00	78.62	93.32	25.00	1	7	
2	78.62	93.32	106.08	98.14	27.87	0	
3	106.08	98.14	111.00	99.00	5.00	1	4	

7	5	183.208	5
1	54.00	89.00	56.87	113.84	25.00	1	7	
2	56.87	113.84	61.05	150.11	36.52	0	
3	61.05	150.11	64.51	180.09	30.18	1	3	
4	64.51	180.09	74.08	263.05	83.51	0	
5	74.08	263.05	75.00	271.00	8.00	1	5	

7	6	121.655	3
1	54.00	89.00	71.26	107.08	25.00	1	7	
2	71.26	107.08	120.05	158.19	70.66	0	
3	120.05	158.19	138.00	177.00	26.00	1	6	

7	7	0	0

7	8	129.634	3
1	54.00	89.00	78.49	83.99	25.00	1	7	
2	78.49	83.99	145.73	70.22	68.63	0	
3	145.73	70.22	181.00	63.00	36.00	1	8	

7	9	142.042	7
1	54.00	89.00	49.78	113.64	25.00	1	7	
2	49.78	113.64	48.44	121.45	7.93	0	
3	48.44	121.45	42.84	154.12	33.15	0	
4	42.84	154.12	39.57	173.15	19.30	2	3	10	
5	39.57	173.15	38.90	177.06	3.97	0	
6	38.90	177.06	33.21	210.27	33.70	0	
7	33.21	210.27	30.00	229.00	19.00	1	9	

7	10	68.600	3
1	54.00	89.00	39.06	109.04	25.00	1	7	
2	39.06	109.04	38.10	110.33	1.60	0	
3	38.10	110.33	13.00	144.00	42.00	1	10	

8	0	191.651	4
1	181.00	63.00	163.42	56.88	18.61	1	8	
2	163.42	56.88	147.00	51.17	17.39	2	2	8	
3	147.00	51.17	143.65	50.00	3.55	1	2	
4	143.65	50.00	0.00	0.00	152.10	0	

8	1	204.551	3
1	181.00	63.00	183.64	98.90	36.00	1	8	
2	183.64	98.90	192.70	222.12	123.55	0	
3	192.70	222.12	196.00	267.00	45.00	1	1	

8	2	36.892	3
1	181.00	63.00	174.55	53.01	11.89	1	8	
2	174.55	53.01	161.48	32.75	24.11	2	2	8	
3	161.48	32.75	161.00	32.00	0.89	1	2	

8	3	162.742	3
1	181.00	63.00	153.13	85.78	36.00	1	8	
2	153.13	85.78	68.16	155.24	109.74	0	
3	68.16	155.24	55.00	166.00	17.00	1	3	

8	4	78.715	3
1	181.00	63.00	148.99	79.46	36.00	1	8	
2	148.99	79.46	115.45	96.71	37.71	0	
3	115.45	96.71	111.00	99.00	5.00	1	4	

8	5	233.452	5
1	181.00	63.00	164.65	95.08	36.00	1	8	
2	164.65	95.08	136.12	151.07	62.84	0	
3	136.12	151.07	115.91	190.72	44.50	1	6	
4	115.91	190.72	78.63	263.87	82.11	0	
5	78.63	263.87	75.00	271.00	8.00	1	5	

8	6	121.840	3
1	181.00	63.00	168.29	96.68	36.00	1	8	
2	168.29	96.68	147.18	152.67	59.84	0	
3	147.18	152.67	138.00	177.00	26.00	1	6	

8	7	129.634	3
1	181.00	63.00	145.73	70.22	36.00	1	8	
2	145.73	70.22	78.49	83.99	68.63	0	
3	78.49	83.99	54.00	89.00	25.00	1	7	

8	8	0	0

8	9	224.404	3
1	181.00	63.00	156.78	89.63	36.00	1	8	
2	156.78	89.63	42.78	214.94	169.40	0	
3	42.78	214.94	30.00	229.00	19.00	1	9	

8	10	186.507	5
1	181.00	63.00	148.57	78.63	36.00	1	8	
2	148.57	78.63	114.24	95.19	38.12	0	
3	114.24	95.19	106.00	99.16	9.14	1	4	
4	106.00	99.16	50.83	125.76	61.25	0	
5	50.83	125.76	13.00	144.00	42.00	1	10	

9	0	230.957	4
1	30.00	229.00	27.53	210.16	19.00	1	9	
2	27.53	210.16	24.17	184.49	25.89	0	
3	24.17	184.49	13.36	102.00	83.19	1	10	
4	13.36	102.00	0.00	0.00	102.87	0	

9	1	170.294	3
1	30.00	229.00	48.52	233.24	19.00	1	9	
2	48.52	233.24	152.13	256.96	106.29	0	
3	152.13	256.96	196.00	267.00	45.00	1	1	

9	2	236.580	9
1	30.00	229.00	40.52	213.18	19.00	1	9	
2	40.52	213.18	61.43	181.74	37.76	0	
3	61.43	181.74	72.00	165.84	19.09	1	3	
4	72.00	165.84	113.61	103.26	75.15	0	
5	113.61	103.26	115.94	99.76	4.21	1	4	
6	115.94	99.76	146.01	54.55	54.29	0	
7	146.01	54.55	147.16	52.82	2.08	1	8	
8	147.16	52.82	159.67	34.00	22.60	2	2	8	
9	159.67	34.00	161.00	32.00	2.40	1	2	

9	3	67.779	3
1	30.00	229.00	37.01	211.34	19.00	1	9	
2	37.01	211.34	48.73	181.80	31.78	0	
3	48.73	181.80	55.00	166.00	17.00	1	3	

9	4	153.170	5
1	30.00	229.00	40.05	212.87	19.00	1	9	
2	40.05	212.87	58.95	182.53	35.75	0	
3	58.95	182.53	71.58	162.26	23.89	1	3	
4	71.58	162.26	108.36	103.24	69.54	0	
5	108.36	103.24	111.00	99.00	5.00	1	4	

9	5	61.555	3
1	30.00	229.00	43.89	241.96	19.00	1	9	
2	43.89	241.96	69.15	265.54	34.55	0	
3	69.15	265.54	75.00	271.00	8.00	1	5	

9	6	119.867	3
1	30.00	229.00	47.12	220.76	19.00	1	9	
2	47.12	220.76	114.57	188.28	74.87	0	
3	114.57	188.28	138.00	177.00	26.00	1	6	

9	7	142.042	7
1	30.00	229.00	33.21	210.27	19.00	1	9	
2	33.21	210.27	38.90	177.06	33.70	0	
3	38.90	177.06	39.57	173.15	3.97	0	
4	39.57	173.15	42.84	154.12	19.30	2	3	10	
5	42.84	154.12	48.44	121.45	33.15	0	
6	48.44	121.45	49.78	113.64	7.93	0	
7	49.78	113.64	54.00	89.00	25.00	1	7	

9	8	224.404	3
1	30.00	229.00	42.78	214.94	19.00	1	9	
2	42.78	214.94	156.78	89.63	169.40	0	
3	156.78	89.63	181.00	63.00	36.00	1	8	

9	9	0	0

9	10	86.683	3
1	30.00	229.00	26.27	210.37	19.00	1	9	
2	26.27	210.37	21.24	185.18	25.68	0	
3	21.24	185.18	13.00	144.00	42.00	1	10	

10	0	144.586	2
1	13.00	144.00	9.22	102.17	42.00	1	10	
2	9.22	102.17	0.00	0.00	102.59	0	

10	1	220.495	5
1	13.00	144.00	38.68	161.26	30.94	1	10	
2	38.68	161.26	47.86	167.43	11.06	2	3	10	
3	47.86	167.43	65.56	179.32	21.33	1	3	
4	65.56	179.32	158.65	241.90	112.17	0	
5	158.65	241.90	196.00	267.00	45.00	1	1	

10	2	185.602	5
1	13.00	144.00	46.49	118.66	42.00	1	10	
2	46.49	118.66	52.69	113.97	7.77	0	
3	52.69	113.97	78.38	94.52	32.22	1	7	
4	78.38	94.52	141.06	47.09	78.61	0	
5	141.06	47.09	161.00	32.00	25.00	1	2	

10	3	47.413	3
1	13.00	144.00	39.94	158.11	30.41	1	10	
2	39.94	158.11	50.20	163.49	11.59	2	3	10	
3	50.20	163.49	55.00	166.00	5.41	1	3	

10	4	107.838	3
1	13.00	144.00	51.17	126.47	42.00	1	10	
2	51.17	126.47	106.46	101.09	60.84	0	
3	106.46	101.09	111.00	99.00	5.00	1	4	

10	5	141.326	3
1	13.00	144.00	31.43	181.74	42.00	1	10	
2	31.43	181.74	71.49	263.81	91.33	0	
3	71.49	263.81	75.00	271.00	8.00	1	5	

10	6	129.283	5
1	13.00	144.00	44.80	152.40	32.89	1	10	
2	44.80	152.40	53.61	154.72	9.11	2	3	10	
3	53.61	154.72	70.58	159.20	17.55	1	3	
4	70.58	159.20	112.86	170.36	43.73	0	
5	112.86	170.36	138.00	177.00	26.00	1	6	

10	7	68.600	3
1	13.00	144.00	38.10	110.33	42.00	1	10	
2	38.10	110.33	39.06	109.04	1.60	0	
3	39.06	109.04	54.00	89.00	25.00	1	7	

10	8	186.507	5
1	13.00	144.00	50.83	125.76	42.00	1	10	
2	50.83	125.76	106.00	99.16	61.25	0	
3	106.00	99.16	114.24	95.19	9.14	1	4	
4	114.24	95.19	148.57	78.63	38.12	0	
5	148.57	78.63	181.00	63.00	36.00	1	8	

10	9	86.683	3
1	13.00	144.00	21.24	185.18	42.00	1	10	
2	21.24	185.18	26.27	210.37	25.68	0	
3	26.27	210.37	30.00	229.00	19.00	1	9	

10	10	0	0