11	199	2	0.001	30.0
0.000	0.000	0.000	2.000	0.000
279.000	268.000	34.000	7.000	16.000
291.000	140.000	5.000	8.000	7.000
122.000	148.000	23.000	2.000	14.000
168.000	71.000	27.000	4.000	7.000
250.000	71.000	36.000	3.000	10.000
175.000	188.000	9.000	2.000	15.000
138.000	90.000	50.000	2.000	15.000
190.000	207.000	31.000	1.000	10.000
175.000	115.000	27.000	7.000	19.000
8.000	181.000	35.000	9.000	11.000

0	0	0	0

0	1	386.866	8
1	0.00	0.00	88.27	84.79	122.40	0	
2	88.27	84.79	133.11	127.86	62.17	1	7	
3	133.11	127.86	141.68	136.09	11.88	2	3	7	
4	141.68	136.09	145.20	139.48	4.89	1	7	
5	145.20	139.48	183.86	176.61	53.61	0	
6	183.86	176.61	220.61	211.91	50.95	1	8	
7	220.61	211.91	254.48	244.45	46.97	0	
8	254.48	244.45	279.00	268.00	34.00	1	1	

0	2	322.926	6
1	0.00	0.00	106.45	51.21	118.13	0	
2	106.45	51.21	141.18	67.92	38.54	1	7	
3	141.18	67.92	187.15	90.04	51.01	2	4	7	
4	187.15	90.04	188.00	90.45	0.94	1	7	
5	188.00	90.45	286.49	137.83	109.30	0	
6	286.49	137.83	291.00	140.00	5.00	1	2	

0	3	191.802	4
1	0.00	0.00	94.48	114.61	148.53	0	
2	94.48	114.61	105.54	128.03	17.39	1	7	
3	105.54	128.03	107.37	130.25	2.88	0	
4	107.37	130.25	122.00	148.00	23.00	1	3	

0	4	182.387	3
1	0.00	0.00	111.96	47.32	121.55	0	
2	111.96	47.32	143.13	60.49	33.84	1	7	
3	143.13	60.49	168.00	71.00	27.00	2	4	7	

0	5	259.887	6
1	0.00	0.00	141.21	40.10	146.79	0	
2	141.21	40.10	159.62	45.33	19.14	1	7	
3	159.62	45.33	161.50	45.87	1.95	2	4	7	
4	161.50	45.87	188.62	53.57	28.19	1	4	
5	188.62	53.57	215.37	61.16	27.81	0	
6	215.37	61.16	250.00	71.00	36.00	1	5	

0	6	256.844	7
1	0.00	0.00	88.23	94.78	129.49	0	
2	88.23	94.78	116.89	125.57	42.07	1	7	
3	116.89	125.57	129.67	139.30	18.75	2	3	7	
4	129.67	139.30	144.00	154.70	21.04	1	3	
5	144.00	154.70	168.87	181.41	36.49	0	
6	168.87	181.41	170.36	183.02	2.19	1	6	
7	170.36	183.02	175.00	188.00	6.81	2	6	8	

0	7	164.754	2
1	0.00	0.00	96.12	62.69	114.75	0	
2	96.12	62.69	138.00	90.00	50.00	1	7	

0	8	280.979	8
1	0.00	0.00	88.40	96.31	130.73	0	
2	88.40	96.31	115.57	125.92	40.19	1	7	
3	115.57	125.92	127.47	138.88	17.60	2	3	7	
4	127.47	138.88	143.45	156.29	23.63	1	3	
5	143.45	156.29	167.71	182.72	35.87	0	
6	167.71	182.72	169.04	184.16	1.96	1	6	
7	169.04	184.16	179.64	195.71	15.68	2	6	8	
8	179.64	195.71	190.00	207.00	15.32	1	8	

0	9	209.404	3
1	0.00	0.00	95.90	63.02	114.76	0	
2	95.90	63.02	152.44	100.17	67.65	1	7	
3	152.44	100.17	175.00	115.00	27.00	2	7	9	

0	10	181.177	2
1	0.00	0.00	6.45	146.03	146.18	0	
2	6.45	146.03	8.00	181.00	35.00	0	

1	0	386.866	8
1	279.00	268.00	254.48	244.45	34.00	1	1	
2	254.48	244.45	220.61	211.91	46.97	0	
3	220.61	211.91	183.86	176.61	50.95	1	8	
4	183.86	176.61	145.20	139.48	53.61	0	
5	145.20	139.48	141.68	136.09	4.89	1	7	
6	141.68	136.09	133.11	127.86	11.88	2	3	7	
7	133.11	127.86	88.27	84.79	62.17	1	7	
8	88.27	84.79	0.00	0.00	122.40	0	

1	1	0	0

1	2	128.561	3
1	279.00	268.00	282.17	234.15	34.00	1	1	
2	282.17	234.15	290.53	144.98	89.56	0	
3	290.53	144.98	291.00	140.00	5.00	1	2	

1	3	197.608	7
1	279.00	268.00	251.99	247.35	34.00	1	1	
2	251.99	247.35	217.62	221.08	43.26	0	
3	217.62	221.08	181.90	193.78	44.96	1	8	
4	181.90	193.78	169.16	184.05	16.03	2	6	8	
5	169.16	184.05	167.61	182.86	1.95	1	6	
6	167.61	182.86	140.27	161.97	34.41	0	
7	140.27	161.97	122.00	148.00	23.00	1	3	

1	4	226.119	6
1	279.00	268.00	262.31	238.38	34.00	1	1	
2	262.31	238.38	199.36	126.65	128.24	0	
3	199.36	126.65	186.20	103.30	26.80	1	9	
4	186.20	103.30	181.25	94.52	10.07	2	7	9	
5	181.25	94.52	177.65	88.13	7.34	3	4	7	9	
6	177.65	88.13	168.00	71.00	19.66	2	4	7	

1	5	199.123	3
1	279.00	268.00	274.05	234.36	34.00	1	1	
2	274.05	234.36	255.24	106.62	129.12	0	
3	255.24	106.62	250.00	71.00	36.00	1	5	

1	6	131.210	4
1	279.00	268.00	252.05	247.27	34.00	1	1	
2	252.05	247.27	217.73	220.87	43.31	0	
3	217.73	220.87	182.13	193.49	44.90	1	8	
4	182.13	193.49	175.00	188.00	9.00	2	6	8	

1	7	227.079	5
1	279.00	268.00	257.89	241.35	34.00	1	1	
2	257.89	241.35	178.96	141.71	127.11	0	
3	178.96	141.71	169.05	129.19	15.97	1	9	
4	169.05	129.19	149.91	105.03	30.82	2	7	9	
5	149.91	105.03	138.00	90.00	19.18	1	7	

1	8	107.898	3
1	279.00	268.00	250.96	248.78	34.00	1	1	
2	250.96	248.78	215.57	224.53	42.90	0	
3	215.57	224.53	190.00	207.00	31.00	1	8	

1	9	185.000	4
1	279.00	268.00	259.89	239.88	34.00	1	1	
2	259.89	239.88	190.18	137.33	124.00	0	
3	190.18	137.33	178.21	119.72	21.29	1	9	
4	178.21	119.72	175.00	115.00	5.71	2	7	9	

1	10	284.623	5
1	279.00	268.00	246.63	257.61	34.00	1	1	
2	246.63	257.61	183.20	237.25	66.62	0	
3	183.20	237.25	177.92	235.55	5.54	1	8	
4	177.92	235.55	41.32	191.70	143.47	0	
5	41.32	191.70	8.00	181.00	35.00	1	10	

2	0	322.926	6
1	291.00	140.00	286.49	137.83	5.00	1	2	
2	286.49	137.83	188.00	90.45	109.30	0	
3	188.00	90.45	187.15	90.04	0.94	1	7	
4	187.15	90.04	141.18	67.92	51.01	2	4	7	
5	141.18	67.92	106.45	51.21	38.54	1	7	
6	106.45	51.21	0.00	0.00	118.13	0	

2	1	128.561	3
1	291.00	140.00	290.53	144.98	5.00	1	2	
2	290.53	144.98	282.17	234.15	89.56	0	
3	282.17	234.15	279.00	268.00	34.00	1	1	

2	2	0	0

2	3	169.189	3
1	291.00	140.00	286.01	140.24	5.00	1	2	
2	286.01	140.24	144.97	146.91	141.19	0	
3	144.97	146.91	122.00	148.00	23.00	1	3	

2	4	141.032	4
1	291.00	140.00	286.64	137.55	5.00	1	2	
2	286.64	137.55	191.55	84.21	109.03	0	
3	191.55	84.21	187.33	81.84	4.84	1	4	
4	187.33	81.84	168.00	71.00	22.16	2	4	7	

2	5	80.262	3
1	291.00	140.00	288.45	135.70	5.00	1	2	
2	288.45	135.70	268.39	101.95	39.26	0	
3	268.39	101.95	250.00	71.00	36.00	1	5	

2	6	125.539	4
1	291.00	140.00	286.38	141.91	5.00	1	2	
2	286.38	141.91	200.00	177.66	93.49	0	
3	200.00	177.66	183.32	184.56	18.05	1	8	
4	183.32	184.56	175.00	188.00	9.00	2	6	8	

2	7	160.963	5
1	291.00	140.00	286.25	138.45	5.00	1	2	
2	286.25	138.45	201.67	110.81	88.98	0	
3	201.67	110.81	185.53	105.53	16.99	1	9	
4	185.53	105.53	155.95	95.87	31.12	2	7	9	
5	155.95	95.87	138.00	90.00	18.88	1	7	

2	8	121.202	3
1	291.00	140.00	286.83	142.76	5.00	1	2	
2	286.83	142.76	215.83	189.86	85.20	0	
3	215.83	189.86	190.00	207.00	31.00	1	8	

2	9	118.663	4
1	291.00	140.00	286.11	138.95	5.00	1	2	
2	286.11	138.95	201.39	120.69	86.66	0	
3	201.39	120.69	180.58	116.20	21.29	1	9	
4	180.58	116.20	175.00	115.00	5.71	2	7	9	

2	10	285.955	5
1	291.00	140.00	286.05	140.72	5.00	1	2	
2	286.05	140.72	140.38	161.82	147.19	0	
3	140.38	161.82	108.29	166.47	32.43	1	3	
4	108.29	166.47	42.64	175.98	66.34	0	
5	42.64	175.98	8.00	181.00	35.00	1	10	

3	0	191.802	4
1	122.00	148.00	107.37	130.25	23.00	1	3	
2	107.37	130.25	105.54	128.03	2.88	0	
3	105.54	128.03	94.48	114.61	17.39	1	7	
4	94.48	114.61	0.00	0.00	148.53	0	

3	1	197.608	7
1	122.00	148.00	140.27	161.97	23.00	1	3	
2	140.27	161.97	167.61	182.86	34.41	0	
3	167.61	182.86	169.16	184.05	1.95	1	6	
4	169.16	184.05	181.90	193.78	16.03	2	6	8	
5	181.90	193.78	217.62	221.08	44.96	1	8	
6	217.62	221.08	251.99	247.35	43.26	0	
7	251.99	247.35	279.00	268.00	34.00	1	1	

3	2	169.189	3
1	122.00	148.00	144.97	146.91	23.00	1	3	
2	144.97	146.91	286.01	140.24	141.19	0	
3	286.01	140.24	291.00	140.00	5.00	1	2	

3	3	0	0

3	4	89.694	4
1	122.00	148.00	127.45	138.87	10.63	1	3	
2	127.45	138.87	133.80	128.25	12.37	2	3	7	
3	133.80	128.25	154.15	94.18	39.69	1	7	
4	154.15	94.18	168.00	71.00	27.00	2	4	7	

3	5	149.375	7
1	122.00	148.00	135.41	139.93	15.65	1	3	
2	135.41	139.93	141.71	136.14	7.35	2	3	7	
3	141.71	136.14	152.37	129.73	12.44	1	7	
4	152.37	129.73	183.33	111.11	36.12	2	7	9	
5	183.33	111.11	198.62	101.91	17.84	1	9	
6	198.62	101.91	219.15	89.56	23.97	0	
7	219.15	89.56	250.00	71.00	36.00	1	5	

3	6	66.400	4
1	122.00	148.00	140.36	161.86	23.00	1	3	
2	140.36	161.86	167.82	182.58	34.40	0	
3	167.82	182.58	169.44	183.80	2.03	1	6	
4	169.44	183.80	175.00	188.00	6.97	2	6	8	

3	7	60.166	3
1	122.00	148.00	124.70	138.20	10.17	1	3	
2	124.70	138.20	128.12	125.83	12.83	2	3	7	
3	128.12	125.83	138.00	90.00	37.17	1	7	

3	8	90.028	5
1	122.00	148.00	139.37	163.07	23.00	1	3	
2	139.37	163.07	166.16	186.31	35.46	0	
3	166.16	186.31	166.59	186.68	0.56	1	6	
4	166.59	186.68	177.92	196.51	15.00	2	6	8	
5	177.92	196.51	190.00	207.00	16.00	1	8	

3	9	62.434	4
1	122.00	148.00	134.99	139.91	15.31	1	3	
2	134.99	139.91	141.52	135.84	7.69	2	3	7	
3	141.52	135.84	152.08	129.27	12.43	1	7	
4	152.08	129.27	175.00	115.00	27.00	2	7	9	

3	10	118.680	3
1	122.00	148.00	99.91	154.40	23.00	1	3	
2	99.91	154.40	41.62	171.27	60.68	0	
3	41.62	171.27	8.00	181.00	35.00	1	10	

4	0	182.387	3
1	168.00	71.00	143.13	60.49	27.00	2	4	7	
2	143.13	60.49	111.96	47.32	33.84	1	7	
3	111.96	47.32	0.00	0.00	121.55	0	

4	1	226.119	6
1	168.00	71.00	177.65	88.13	19.66	2	4	7	
2	177.65	88.13	181.25	94.52	7.34	3	4	7	9	
3	181.25	94.52	186.20	103.30	10.07	2	7	9	
4	186.20	103.30	199.36	126.65	26.80	1	9	
5	199.36	126.65	262.31	238.38	128.24	0	
6	262.31	238.38	279.00	268.00	34.00	1	1	

4	2	141.032	4
1	168.00	71.00	187.33	81.84	22.16	2	4	7	
2	187.33	81.84	191.55	84.21	4.84	1	4	
3	191.55	84.21	286.64	137.55	109.03	0	
4	286.64	137.55	291.00	140.00	5.00	1	2	

4	3	89.694	4
1	168.00	71.00	154.15	94.18	27.00	2	4	7	
2	154.15	94.18	133.80	128.25	39.69	1	7	
3	133.80	128.25	127.45	138.87	12.37	2	3	7	
4	127.45	138.87	122.00	148.00	10.63	1	3	

4	4	0	0

4	5	82.000	4
1	168.00	71.00	184.25	71.00	16.25	2	4	7	
2	184.25	71.00	195.00	71.00	10.75	1	4	
3	195.00	71.00	214.00	71.00	19.00	0	
4	214.00	71.00	250.00	71.00	36.00	1	5	

4	6	117.209	7
1	168.00	71.00	169.06	88.66	17.69	2	4	7	
2	169.06	88.66	169.61	97.95	9.31	2	4	7	
3	169.61	97.95	171.36	127.24	29.34	1	9	
4	171.36	127.24	172.24	141.86	14.64	1	9	
5	172.24	141.86	174.46	179.02	37.22	0	
6	174.46	179.02	174.53	180.14	1.12	1	6	
7	174.53	180.14	175.00	188.00	7.88	1	6	

4	7	35.511	2
1	168.00	71.00	145.19	85.45	27.00	2	4	7	
2	145.19	85.45	138.00	90.00	8.51	1	7	

4	8	137.768	6
1	168.00	71.00	170.80	88.33	17.55	2	4	7	
2	170.80	88.33	172.31	97.65	9.45	3	4	7	9	
3	172.31	97.65	176.28	122.17	24.83	2	7	9	
4	176.28	122.17	179.43	141.63	19.72	1	9	
5	179.43	141.63	185.05	176.40	35.21	0	
6	185.05	176.40	190.00	207.00	31.00	0	

4	9	44.553	3
1	168.00	71.00	170.76	88.34	17.55	2	4	7	
2	170.76	88.34	172.24	97.66	9.45	3	4	7	9	
3	172.24	97.66	175.00	115.00	17.55	2	7	9	

4	10	194.165	4
1	168.00	71.00	145.75	86.30	27.00	2	4	7	
2	145.75	86.30	97.57	119.42	58.47	1	7	
3	97.57	119.42	36.84	161.17	73.70	0	
4	36.84	161.17	8.00	181.00	35.00	1	10	

5	0	259.887	6
1	250.00	71.00	215.37	61.16	36.00	1	5	
2	215.37	61.16	188.62	53.57	27.81	0	
3	188.62	53.57	161.50	45.87	28.19	1	4	
4	161.50	45.87	159.62	45.33	1.95	2	4	7	
5	159.62	45.33	141.21	40.10	19.14	1	7	
6	141.21	40.10	0.00	0.00	146.79	0	

5	1	199.123	3
1	250.00	71.00	255.24	106.62	36.00	1	5	
2	255.24	106.62	274.05	234.36	129.12	0	
3	274.05	234.36	279.00	268.00	34.00	1	1	

5	2	80.262	3
1	250.00	71.00	268.39	101.95	36.00	1	5	
2	268.39	101.95	288.45	135.70	39.26	0	
3	288.45	135.70	291.00	140.00	5.00	1	2	

5	3	149.375	7
1	250.00	71.00	219.15	89.56	36.00	1	5	
2	219.15	89.56	198.62	101.91	23.97	0	
3	198.62	101.91	183.33	111.11	17.84	1	9	
4	183.33	111.11	152.37	129.73	36.12	2	7	9	
5	152.37	129.73	141.71	136.14	12.44	1	7	
6	141.71	136.14	135.41	139.93	7.35	2	3	7	
7	135.41	139.93	122.00	148.00	15.65	1	3	

5	4	82.000	4
1	250.00	71.00	214.00	71.00	36.00	1	5	
2	214.00	71.00	195.00	71.00	19.00	0	
3	195.00	71.00	184.25	71.00	10.75	1	4	
4	184.25	71.00	168.00	71.00	16.25	2	4	7	

5	5	0	0

5	6	138.975	4
1	250.00	71.00	230.57	101.31	36.00	1	5	
2	230.57	101.31	182.02	177.04	89.96	0	
3	182.02	177.04	179.86	180.42	4.01	1	8	
4	179.86	180.42	175.00	188.00	9.00	2	6	8	

5	7	113.600	5
1	250.00	71.00	214.51	77.02	36.00	1	5	
2	214.51	77.02	193.22	80.63	21.59	0	
3	193.22	80.63	187.30	81.64	6.01	1	4	
4	187.30	81.64	147.36	88.41	40.50	2	4	7	
5	147.36	88.41	138.00	90.00	9.50	1	7	

5	8	148.647	3
1	250.00	71.00	235.47	103.94	36.00	1	5	
2	235.47	103.94	202.51	178.64	81.65	0	
3	202.51	178.64	190.00	207.00	31.00	1	8	

5	9	86.954	4
1	250.00	71.00	218.95	89.22	36.00	1	5	
2	218.95	89.22	198.29	101.34	23.95	0	
3	198.29	101.34	183.93	109.76	16.65	1	9	
4	183.93	109.76	175.00	115.00	10.35	2	7	9	

5	10	265.827	9
1	250.00	71.00	217.23	85.90	36.00	1	5	
2	217.23	85.90	194.43	96.26	25.04	0	
3	194.43	96.26	187.07	99.61	8.09	1	9	
4	187.07	99.61	148.10	117.32	42.81	2	7	9	
5	148.10	117.32	128.88	126.05	21.11	1	7	
6	128.88	126.05	112.97	133.29	17.48	2	3	7	
7	112.97	133.29	100.94	138.75	13.22	1	3	
8	100.94	138.75	39.86	166.52	67.09	0	
9	39.86	166.52	8.00	181.00	35.00	1	10	

6	0	256.844	7
1	175.00	188.00	170.36	183.02	6.81	2	6	8	
2	170.36	183.02	168.87	181.41	2.19	1	6	
3	168.87	181.41	144.00	154.70	36.49	0	
4	144.00	154.70	129.67	139.30	21.04	1	3	
5	129.67	139.30	116.89	125.57	18.75	2	3	7	
6	116.89	125.57	88.23	94.78	42.07	1	7	
7	88.23	94.78	0.00	0.00	129.49	0	

6	1	131.210	4
1	175.00	188.00	182.13	193.49	9.00	2	6	8	
2	182.13	193.49	217.73	220.87	44.90	1	8	
3	217.73	220.87	252.05	247.27	43.31	0	
4	252.05	247.27	279.00	268.00	34.00	1	1	

6	2	125.539	4
1	175.00	188.00	183.32	184.56	9.00	2	6	8	
2	183.32	184.56	200.00	177.66	18.05	1	8	
3	200.00	177.66	286.38	141.91	93.49	0	
4	286.38	141.91	291.00	140.00	5.00	1	2	

6	3	66.400	4
1	175.00	188.00	169.44	183.80	6.97	2	6	8	
2	169.44	183.80	167.82	182.58	2.03	1	6	
3	167.82	182.58	140.36	161.86	34.40	0	
4	140.36	161.86	122.00	148.00	23.00	1	3	

6	4	117.209	7
1	175.00	188.00	174.53	180.14	7.88	1	6	
2	174.53	180.14	174.46	179.02	1.12	1	6	
3	174.46	179.02	172.24	141.86	37.22	0	
4	172.24	141.86	171.36	127.24	14.64	1	9	
5	171.36	127.24	169.61	97.95	29.34	1	9	
6	169.61	97.95	169.06	88.66	9.31	2	4	7	
7	169.06	88.66	168.00	71.00	17.69	2	4	7	

6	5	138.975	4
1	175.00	188.00	179.86	180.42	9.00	2	6	8	
2	179.86	180.42	182.02	177.04	4.01	1	8	
3	182.02	177.04	230.57	101.31	89.96	0	
4	230.57	101.31	250.00	71.00	36.00	1	5	

6	6	0	0

6	7	104.752	6
1	175.00	188.00	172.51	181.41	7.05	2	6	8	
2	172.51	181.41	171.82	179.58	1.95	1	6	
3	171.82	179.58	155.66	136.78	45.75	0	
4	155.66	136.78	153.71	131.60	5.53	1	7	
5	153.71	131.60	148.05	116.61	16.02	2	7	9	
6	148.05	116.61	138.00	90.00	28.45	1	7	

6	8	24.207	2
1	175.00	188.00	180.58	195.06	9.00	2	6	8	
2	180.58	195.06	190.00	207.00	15.21	1	8	

6	9	73.000	5
1	175.00	188.00	175.00	179.87	8.13	2	6	8	
2	175.00	179.87	175.00	179.00	0.87	1	6	
3	175.00	179.00	175.00	142.00	37.00	0	
4	175.00	142.00	175.00	123.63	18.37	1	9	
5	175.00	123.63	175.00	115.00	8.63	2	7	9	

6	10	167.147	4
1	175.00	188.00	166.01	187.62	9.00	2	6	8	
2	166.01	187.62	165.81	187.61	0.20	1	8	
3	165.81	187.61	42.97	182.47	122.95	0	
4	42.97	182.47	8.00	181.00	35.00	1	10	

7	0	164.754	2
1	138.00	90.00	96.12	62.69	50.00	1	7	
2	96.12	62.69	0.00	0.00	114.75	0	

7	1	227.079	5
1	138.00	90.00	149.91	105.03	19.18	1	7	
2	149.91	105.03	169.05	129.19	30.82	2	7	9	
3	169.05	129.19	178.96	141.71	15.97	1	9	
4	178.96	141.71	257.89	241.35	127.11	0	
5	257.89	241.35	279.00	268.00	34.00	1	1	

7	2	160.963	5
1	138.00	90.00	155.95	95.87	18.88	1	7	
2	155.95	95.87	185.53	105.53	31.12	2	7	9	
3	185.53	105.53	201.67	110.81	16.99	1	9	
4	201.67	110.81	286.25	138.45	88.98	0	
5	286.25	138.45	291.00	140.00	5.00	1	2	

7	3	60.166	3
1	138.00	90.00	128.12	125.83	37.17	1	7	
2	128.12	125.83	124.70	138.20	12.83	2	3	7	
3	124.70	138.20	122.00	148.00	10.17	1	3	

7	4	35.511	2
1	138.00	90.00	145.19	85.45	8.51	1	7	
2	145.19	85.45	168.00	71.00	27.00	2	4	7	

7	5	113.600	5
1	138.00	90.00	147.36	88.41	9.50	1	7	
2	147.36	88.41	187.30	81.64	40.50	2	4	7	
3	187.30	81.64	193.22	80.63	6.01	1	4	
4	193.22	80.63	214.51	77.02	21.59	0	
5	214.51	77.02	250.00	71.00	36.00	1	5	

7	6	104.752	6
1	138.00	90.00	148.05	116.61	28.45	1	7	
2	148.05	116.61	153.71	131.60	16.02	2	7	9	
3	153.71	131.60	155.66	136.78	5.53	1	7	
4	155.66	136.78	171.82	179.58	45.75	0	
5	171.82	179.58	172.51	181.41	1.95	1	6	
6	172.51	181.41	175.00	188.00	7.05	2	6	8	

7	7	0	0

7	8	128.035	7
1	138.00	90.00	148.10	112.72	24.86	1	7	
2	148.10	112.72	158.31	135.69	25.14	2	7	9	
3	158.31	135.69	158.67	136.50	0.88	1	9	
4	158.67	136.50	177.41	178.67	46.15	0	
5	177.41	178.67	177.75	179.43	0.83	1	8	
6	177.75	179.43	183.20	191.70	13.43	2	6	8	
7	183.20	191.70	190.00	207.00	16.74	1	8	

7	9	44.654	2
1	138.00	90.00	152.63	99.88	17.65	1	7	
2	152.63	99.88	175.00	115.00	27.00	2	7	9	

7	10	158.685	3
1	138.00	90.00	97.04	118.67	50.00	1	7	
2	97.04	118.67	36.67	160.93	73.69	0	
3	36.67	160.93	8.00	181.00	35.00	1	10	

8	0	280.979	8
1	190.00	207.00	179.64	195.71	15.32	1	8	
2	179.64	195.71	169.04	184.16	15.68	2	6	8	
3	169.04	184.16	167.71	182.72	1.96	1	6	
4	167.71	182.72	143.45	156.29	35.87	0	
5	143.45	156.29	127.47	138.88	23.63	1	3	
6	127.47	138.88	115.57	125.92	17.60	2	3	7	
7	115.57	125.92	88.40	96.31	40.19	1	7	
8	88.40	96.31	0.00	0.00	130.73	0	

8	1	107.898	3
1	190.00	207.00	215.57	224.53	31.00	1	8	
2	215.57	224.53	250.96	248.78	42.90	0	
3	250.96	248.78	279.00	268.00	34.00	1	1	

8	2	121.202	3
1	190.00	207.00	215.83	189.86	31.00	1	8	
2	215.83	189.86	286.83	142.76	85.20	0	
3	286.83	142.76	291.00	140.00	5.00	1	2	

8	3	90.028	5
1	190.00	207.00	177.92	196.51	16.00	1	8	
2	177.92	196.51	166.59	186.68	15.00	2	6	8	
3	166.59	186.68	166.16	186.31	0.56	1	6	
4	166.16	186.31	139.37	163.07	35.46	0	
5	139.37	163.07	122.00	148.00	23.00	1	3	

8	4	137.768	6
1	190.00	207.00	185.05	176.40	31.00	0	
2	185.05	176.40	179.43	141.63	35.21	0	
3	179.43	141.63	176.28	122.17	19.72	1	9	
4	176.28	122.17	172.31	97.65	24.83	2	7	9	
5	172.31	97.65	170.80	88.33	9.45	3	4	7	9	
6	170.80	88.33	168.00	71.00	17.55	2	4	7	

8	5	148.647	3
1	190.00	207.00	202.51	178.64	31.00	1	8	
2	202.51	178.64	235.47	103.94	81.65	0	
3	235.47	103.94	250.00	71.00	36.00	1	5	

8	6	24.207	2
1	190.00	207.00	180.58	195.06	15.21	1	8	
2	180.58	195.06	175.00	188.00	9.00	2	6	8	

8	7	128.035	7
1	190.00	207.00	183.20	191.70	16.74	1	8	
2	183.20	191.70	177.75	179.43	13.43	2	6	8	
3	177.75	179.43	177.41	178.67	0.83	1	8	
4	177.41	178.67	158.67	136.50	46.15	0	
5	158.67	136.50	158.31	135.69	0.88	1	9	
6	158.31	135.69	148.10	112.72	25.14	2	7	9	
7	148.10	112.72	138.00	90.00	24.86	1	7	

8	8	0	0

8	9	93.215	4
1	190.00	207.00	185.01	176.40	31.00	1	8	
2	185.01	176.40	179.34	141.65	35.21	0	
3	179.34	141.65	176.19	122.28	19.63	1	9	
4	176.19	122.28	175.00	115.00	7.37	2	7	9	

8	10	183.848	3
1	190.00	207.00	159.31	202.62	31.00	1	8	
2	159.31	202.62	42.65	185.95	117.85	0	
3	42.65	185.95	8.00	181.00	35.00	1	10	

9	0	209.404	3
1	175.00	115.00	152.44	100.17	27.00	2	7	9	
2	152.44	100.17	95.90	63.02	67.65	1	7	
3	95.90	63.02	0.00	0.00	114.76	0	

9	1	185.000	4
1	175.00	115.00	178.21	119.72	5.71	2	7	9	
2	178.21	119.72	190.18	137.33	21.29	1	9	
3	190.18	137.33	259.89	239.88	124.00	0	
4	259.89	239.88	279.00	268.00	34.00	1	1	

9	2	118.663	4
1	175.00	115.00	180.58	116.20	5.71	2	7	9	
2	180.58	116.20	201.39	120.69	21.29	1	9	
3	201.39	120.69	286.11	138.95	86.66	0	
4	286.11	138.95	291.00	140.00	5.00	1	2	

9	3	62.434	4
1	175.00	115.00	152.08	129.27	27.00	2	7	9	
2	152.08	129.27	141.52	135.84	12.43	1	7	
3	141.52	135.84	134.99	139.91	7.69	2	3	7	
4	134.99	139.91	122.00	148.00	15.31	1	3	

9	4	44.553	3
1	175.00	115.00	172.24	97.66	17.55	2	7	9	
2	172.24	97.66	170.76	88.34	9.45	3	4	7	9	
3	170.76	88.34	168.00	71.00	17.55	2	4	7	

9	5	86.954	4
1	175.00	115.00	183.93	109.76	10.35	2	7	9	
2	183.93	109.76	198.29	101.34	16.65	1	9	
3	198.29	101.34	218.95	89.22	23.95	0	
4	218.95	89.22	250.00	71.00	36.00	1	5	

9	6	73.000	5
1	175.00	115.00	175.00	123.63	8.63	2	7	9	
2	175.00	123.63	175.00	142.00	18.37	1	9	
3	175.00	142.00	175.00	179.00	37.00	0	
4	175.00	179.00	175.00	179.87	0.87	1	6	
5	175.00	179.87	175.00	188.00	8.13	2	6	8	

9	7	44.654	2
1	175.00	115.00	152.63	99.88	27.00	2	7	9	
2	152.63	99.88	138.00	90.00	17.65	1	7	

9	8	93.215	4
1	175.00	115.00	176.19	122.28	7.37	2	7	9	
2	176.19	122.28	179.34	141.65	19.63	1	9	
3	179.34	141.65	185.01	176.40	35.21	0	
4	185.01	176.40	190.00	207.00	31.00	1	8	

9	9	0	0

9	10	179.569	6
1	175.00	115.00	149.89	124.92	27.00	2	7	9	
2	149.89	124.92	136.56	130.19	14.34	1	7	
3	136.56	130.19	120.11	136.69	17.68	2	3	7	
4	120.11	136.69	99.20	144.96	22.49	1	3	
5	99.20	144.96	40.55	168.14	63.07	0	
6	40.55	168.14	8.00	181.00	35.00	1	10	

10	0	181.177	2
1	8.00	181.00	6.45	146.03	35.00	0	
2	6.45	146.03	0.00	0.00	146.18	0	

10	1	284.623	5
1	8.00	181.00	41.32	191.70	35.00	1	10	
2	41.32	191.70	177.92	235.55	143.47	0	
3	177.92	235.55	183.20	237.25	5.54	1	8	
4	183.20	237.25	246.63	257.61	66.62	0	
5	246.63	257.61	279.00	268.00	34.00	1	1	

10	2	285.955	5
1	8.00	181.00	42.64	175.98	35.00	1	10	
2	42.64	175.98	108.29	166.47	66.34	0	
3	108.29	166.47	140.38	161.82	32.43	1	3	
4	140.38	161.82	286.05	140.72	147.19	0	
5	286.05	140.72	291.00	140.00	5.00	1	2	

10	3	118.680	3
1	8.00	181.00	41.62	171.27	35.00	1	10	
2	41.62	171.27	99.91	154.40	60.68	0	
3	99.91	154.40	122.00	148.00	23.00	1	3	

10	4	194.165	4
1	8.00	181.00	36.84	161.17	35.00	1	10	
2	36.84	161.17	97.57	119.42	73.70	0	
3	97.57	119.42	145.75	86.30	58.47	1	7	
4	145.75	86.30	168.00	71.00	27.00	2	4	7	

10	5	265.827	9
1	8.00	181.00	39.86	166.52	35.00	1	10	
2	39.86	166.52	100.94	138.75	67.09	0	
3	100.94	138.75	112.97	133.29	13.22	1	3	
4	112.97	133.29	128.88	126.05	17.48	2	3	7	
5	128.88	126.05	148.10	117.32	21.11	1	7	
6	148.10	117.32	187.07	99.61	42.81	2	7	9	
7	187.07	99.61	194.43	96.26	8.09	1	9	
8	194.43	96.26	217.23	85.90	25.04	0	
9	217.23	85.90	250.00	71.00	36.00	1	5	

10	6	167.147	4
1	8.00	181.00	42.97	182.47	35.00	1	10	
2	42.97	182.47	165.81	187.61	122.95	0	
3	165.81	187.61	166.01	187.62	0.20	1	8	
4	166.01	187.62	175.00	188.00	9.00	2	6	8	

10	7	158.685	3
1	8.00	181.00	36.67	160.93	35.00	1	10	
2	36.67	160.93	97.04	118.67	73.69	0	
3	97.04	118.67	138.00	90.00	50.00	1	7	

10	8	183.848	3
1	8.00	181.00	42.65	185.95	35.00	1	10	
2	42.65	185.95	159.31	202.62	117.85	0	
3	159.31	202.62	190.00	207.00	31.00	1	8	

10	9	179.569	6
1	8.00	181.00	40.55	168.14	35.00	1	10	
2	40.55	168.14	99.20	144.96	63.07	0	
3	99.20	144.96	120.11	136.69	22.49	1	3	
4	120.11	136.69	136.56	130.19	17.68	2	3	7	
5	136.56	130.19	149.89	124.92	14.34	1	7	
6	149.89	124.92	175.00	115.00	27.00	2	7	9	

10	10	0	0