11	199	2	0.001	120.0
0.000	0.000	0.000	8.000	0.000
86.000	174.000	32.000	5.000	8.000
284.000	19.000	41.000	4.000	2.000
288.000	82.000	46.000	8.000	2.000
103.000	108.000	17.000	3.000	18.000
8.000	90.000	42.000	8.000	7.000
13.000	26.000	4.000	3.000	9.000
130.000	272.000	3.000	9.000	7.000
220.000	119.000	37.000	3.000	19.000
293.000	120.000	28.000	9.000	10.000
139.000	219.000	31.000	5.000	8.000

0	0	0	0

0	1	194.093	6
1	0.00	0.00	11.11	22.48	25.07	0	
2	11.11	22.48	14.65	29.64	8.00	1	6	
3	14.65	29.64	25.64	51.89	24.81	0	
4	25.64	51.89	49.00	99.13	52.70	1	5	
5	49.00	99.13	71.82	145.31	51.52	0	
6	71.82	145.31	86.00	174.00	32.00	1	1	

0	2	284.635	2
1	0.00	0.00	243.09	16.26	243.63	0	
2	243.09	16.26	284.00	19.00	41.00	1	2	

0	3	299.446	2
1	0.00	0.00	243.76	69.40	253.45	0	
2	243.76	69.40	288.00	82.00	46.00	1	3	

0	4	149.241	2
1	0.00	0.00	91.27	95.70	132.24	0	
2	91.27	95.70	103.00	108.00	17.00	1	4	

0	5	90.355	2
1	0.00	0.00	4.28	48.16	48.35	0	
2	4.28	48.16	8.00	90.00	42.00	0	

0	6	29.069	2
1	0.00	0.00	11.21	22.42	25.07	0	
2	11.21	22.42	13.00	26.00	4.00	1	6	

0	7	301.470	10
1	0.00	0.00	10.82	22.64	25.10	0	
2	10.82	22.64	14.24	29.80	7.93	1	6	
3	14.24	29.80	24.57	51.41	23.95	0	
4	24.57	51.41	48.44	101.35	55.35	1	5	
5	48.44	101.35	69.93	146.32	49.85	0	
6	69.93	146.32	97.44	203.88	63.79	1	1	
7	97.44	203.88	110.52	231.23	30.31	0	
8	110.52	231.23	111.59	233.48	2.49	1	10	
9	111.59	233.48	128.71	269.29	39.69	0	
10	128.71	269.29	130.00	272.00	3.00	1	7	

0	8	250.122	2
1	0.00	0.00	187.46	101.40	213.12	0	
2	187.46	101.40	220.00	119.00	37.00	1	8	

0	9	316.621	5
1	0.00	0.00	206.47	84.56	223.12	0	
2	206.47	84.56	245.99	100.75	42.71	1	8	
3	245.99	100.75	253.80	103.94	8.43	2	3	8	
4	253.80	103.94	267.09	109.39	14.36	1	3	
5	267.09	109.39	293.00	120.00	28.00	2	3	9	

0	10	259.388	8
1	0.00	0.00	14.05	22.14	26.22	0	
2	14.05	22.14	16.94	26.69	5.39	1	6	
3	16.94	26.69	39.47	62.18	42.04	0	
4	39.47	62.18	46.57	73.37	13.25	1	5	
5	46.57	73.37	90.31	142.29	81.64	0	
6	90.31	142.29	116.53	183.59	48.92	1	1	
7	116.53	183.59	122.39	192.83	10.94	0	
8	122.39	192.83	139.00	219.00	31.00	1	10	

1	0	194.093	6
1	86.00	174.00	71.82	145.31	32.00	1	1	
2	71.82	145.31	49.00	99.13	51.52	0	
3	49.00	99.13	25.64	51.89	52.70	1	5	
4	25.64	51.89	14.65	29.64	24.81	0	
5	14.65	29.64	11.11	22.48	8.00	1	6	
6	11.11	22.48	0.00	0.00	25.07	0	

1	1	0	0

1	2	251.454	3
1	86.00	174.00	111.20	154.27	32.00	1	1	
2	111.20	154.27	251.72	44.27	178.45	0	
3	251.72	44.27	284.00	19.00	41.00	1	2	

1	3	221.964	5
1	86.00	174.00	115.12	160.74	32.00	1	1	
2	115.12	160.74	184.43	129.17	76.15	0	
3	184.43	129.17	246.14	101.07	67.81	1	8	
4	246.14	101.07	251.03	98.84	5.37	2	3	8	
5	251.03	98.84	288.00	82.00	40.63	1	3	

1	4	68.154	3
1	86.00	174.00	93.98	143.01	32.00	1	1	
2	93.98	143.01	98.76	124.46	19.15	0	
3	98.76	124.46	103.00	108.00	17.00	1	4	

1	5	114.630	3
1	86.00	174.00	64.23	150.55	32.00	1	1	
2	64.23	150.55	36.58	120.78	40.63	0	
3	36.58	120.78	8.00	90.00	42.00	1	5	

1	6	165.024	5
1	86.00	174.00	71.84	145.30	32.00	1	1	
2	71.84	145.30	49.02	99.02	51.60	0	
3	49.02	99.02	25.80	51.96	52.48	1	5	
4	25.80	51.96	14.77	29.59	24.95	0	
5	14.77	29.59	13.00	26.00	4.00	1	6	

1	7	107.424	5
1	86.00	174.00	99.11	203.19	32.00	1	1	
2	99.11	203.19	108.38	223.85	22.64	0	
3	108.38	223.85	115.03	238.66	16.23	1	10	
4	115.03	238.66	128.77	269.26	33.55	0	
5	128.77	269.26	130.00	272.00	3.00	1	7	

1	8	144.848	3
1	86.00	174.00	115.60	161.85	32.00	1	1	
2	115.60	161.85	185.77	133.05	75.85	0	
3	185.77	133.05	220.00	119.00	37.00	1	8	

1	9	213.928	6
1	86.00	174.00	116.96	165.92	32.00	1	1	
2	116.96	165.92	194.41	145.72	80.03	0	
3	194.41	145.72	255.38	129.81	63.02	1	8	
4	255.38	129.81	265.91	127.07	10.87	0	
5	265.91	127.07	272.56	125.33	6.88	1	9	
6	272.56	125.33	293.00	120.00	21.12	2	3	9	

1	10	69.527	3
1	86.00	174.00	110.39	194.71	32.00	1	1	
2	110.39	194.71	115.37	198.94	6.53	0	
3	115.37	198.94	139.00	219.00	31.00	1	10	

2	0	284.635	2
1	284.00	19.00	243.09	16.26	41.00	1	2	
2	243.09	16.26	0.00	0.00	243.63	0	

2	1	251.454	3
1	284.00	19.00	251.72	44.27	41.00	1	2	
2	251.72	44.27	111.20	154.27	178.45	0	
3	111.20	154.27	86.00	174.00	32.00	1	1	

2	2	0	0

2	3	63.127	3
1	284.00	19.00	285.09	36.09	17.13	1	2	
2	285.09	36.09	286.60	59.92	23.87	1	2	
3	286.60	59.92	288.00	82.00	22.13	1	3	

2	4	201.698	3
1	284.00	19.00	247.21	37.09	41.00	1	2	
2	247.21	37.09	118.26	100.50	143.70	0	
3	118.26	100.50	103.00	108.00	17.00	1	4	

2	5	284.986	3
1	284.00	19.00	244.29	29.21	41.00	1	2	
2	244.29	29.21	48.68	79.54	201.99	0	
3	48.68	79.54	8.00	90.00	42.00	1	5	

2	6	271.090	3
1	284.00	19.00	243.01	20.06	41.00	1	2	
2	243.01	20.06	17.00	25.90	226.09	0	
3	17.00	25.90	13.00	26.00	4.00	1	6	

2	7	296.184	9
1	284.00	19.00	271.88	38.92	23.32	1	2	
2	271.88	38.92	262.68	54.02	17.68	2	2	3	
3	262.68	54.02	242.33	87.46	39.15	1	3	
4	242.33	87.46	241.47	88.87	1.64	0	
5	241.47	88.87	203.10	151.91	73.81	1	8	
6	203.10	151.91	168.34	209.01	66.84	0	
7	168.34	209.01	143.60	249.66	47.59	1	10	
8	143.60	249.66	131.56	269.44	23.16	0	
9	131.56	269.44	130.00	272.00	3.00	1	7	

2	8	118.727	5
1	284.00	19.00	271.05	39.24	24.03	1	2	
2	271.05	39.24	261.90	53.53	16.97	2	2	3	
3	261.90	53.53	242.07	84.52	36.79	1	3	
4	242.07	84.52	239.94	87.84	3.94	0	
5	239.94	87.84	220.00	119.00	37.00	1	8	

2	9	101.400	4
1	284.00	19.00	285.52	36.07	17.13	1	2	
2	285.52	36.07	287.64	59.84	23.87	2	2	3	
3	287.64	59.84	290.51	92.11	32.40	1	3	
4	290.51	92.11	293.00	120.00	28.00	2	3	9	

2	10	247.032	7
1	284.00	19.00	268.55	40.32	26.33	1	2	
2	268.55	40.32	259.93	52.19	14.67	2	2	3	
3	259.93	52.19	242.33	76.47	29.99	1	3	
4	242.33	76.47	235.77	85.53	11.19	0	
5	235.77	85.53	193.09	144.39	72.71	1	8	
6	193.09	144.39	157.20	193.90	61.15	0	
7	157.20	193.90	139.00	219.00	31.00	1	10	

3	0	299.446	2
1	288.00	82.00	243.76	69.40	46.00	1	3	
2	243.76	69.40	0.00	0.00	253.45	0	

3	1	221.964	5
1	288.00	82.00	251.03	98.84	40.63	1	3	
2	251.03	98.84	246.14	101.07	5.37	2	3	8	
3	246.14	101.07	184.43	129.17	67.81	1	8	
4	184.43	129.17	115.12	160.74	76.15	0	
5	115.12	160.74	86.00	174.00	32.00	1	1	

3	2	63.127	3
1	288.00	82.00	286.60	59.92	22.13	1	3	
2	286.60	59.92	285.09	36.09	23.87	1	2	
3	285.09	36.09	284.00	19.00	17.13	1	2	

3	3	0	0

3	4	186.818	5
1	288.00	82.00	242.45	88.40	46.00	1	3	
2	242.45	88.40	241.08	88.59	1.38	0	
3	241.08	88.59	191.35	95.58	50.22	1	8	
4	191.35	95.58	119.83	105.63	72.22	0	
5	119.83	105.63	103.00	108.00	17.00	1	4	

3	5	280.114	5
1	288.00	82.00	242.02	83.31	46.00	1	3	
2	242.02	83.31	230.87	83.63	11.15	0	
3	230.87	83.63	207.13	84.31	23.75	1	8	
4	207.13	84.31	49.98	88.80	157.21	0	
5	49.98	88.80	8.00	90.00	42.00	1	5	

3	6	280.644	3
1	288.00	82.00	242.93	72.82	46.00	1	3	
2	242.93	72.82	16.92	26.80	230.64	0	
3	16.92	26.80	13.00	26.00	4.00	1	6	

3	7	247.111	7
1	288.00	82.00	258.59	117.37	46.00	1	3	
2	258.59	117.37	257.00	119.28	2.49	0	
3	257.00	119.28	227.02	155.33	46.88	1	8	
4	227.02	155.33	169.51	224.49	89.95	0	
5	169.51	224.49	149.96	248.00	30.58	1	10	
6	149.96	248.00	131.92	269.69	28.22	0	
7	131.92	269.69	130.00	272.00	3.00	1	7	

3	8	77.414	3
1	288.00	82.00	252.50	101.32	40.41	1	3	
2	252.50	101.32	247.59	103.99	5.59	2	3	8	
3	247.59	103.99	220.00	119.00	31.41	1	8	

3	9	38.328	2
1	288.00	82.00	289.35	92.24	10.33	1	3	
2	289.35	92.24	293.00	120.00	28.00	2	3	9	

3	10	202.410	5
1	288.00	82.00	256.18	111.26	43.23	1	3	
2	256.18	111.26	254.14	113.13	2.77	2	3	8	
3	254.14	113.13	209.25	154.40	60.97	1	8	
4	209.25	154.40	161.82	198.02	64.44	0	
5	161.82	198.02	139.00	219.00	31.00	1	10	

4	0	149.241	2
1	103.00	108.00	91.27	95.70	17.00	1	4	
2	91.27	95.70	0.00	0.00	132.24	0	

4	1	68.154	3
1	103.00	108.00	98.76	124.46	17.00	1	4	
2	98.76	124.46	93.98	143.01	19.15	0	
3	93.98	143.01	86.00	174.00	32.00	1	1	

4	2	201.698	3
1	103.00	108.00	118.26	100.50	17.00	1	4	
2	118.26	100.50	247.21	37.09	143.70	0	
3	247.21	37.09	284.00	19.00	41.00	1	2	

4	3	186.818	5
1	103.00	108.00	119.83	105.63	17.00	1	4	
2	119.83	105.63	191.35	95.58	72.22	0	
3	191.35	95.58	241.08	88.59	50.22	1	8	
4	241.08	88.59	242.45	88.40	1.38	0	
5	242.45	88.40	288.00	82.00	46.00	1	3	

4	4	0	0

4	5	96.690	3
1	103.00	108.00	86.30	104.84	17.00	1	4	
2	86.30	104.84	49.27	97.82	37.69	0	
3	49.27	97.82	8.00	90.00	42.00	1	5	

4	6	121.754	3
1	103.00	108.00	90.43	96.55	17.00	1	4	
2	90.43	96.55	15.96	28.69	100.75	0	
3	15.96	28.69	13.00	26.00	4.00	1	6	

4	7	166.208	7
1	103.00	108.00	105.76	124.77	17.00	1	4	
2	105.76	124.77	110.47	153.38	28.99	0	
3	110.47	153.38	115.79	185.69	32.74	1	1	
4	115.79	185.69	117.58	196.59	11.05	0	
5	117.58	196.59	125.90	247.10	51.19	0	
6	125.90	247.10	129.51	269.04	22.24	0	
7	129.51	269.04	130.00	272.00	3.00	1	7	

4	8	117.516	3
1	103.00	108.00	119.93	109.59	17.00	1	4	
2	119.93	109.59	183.16	115.54	63.52	0	
3	183.16	115.54	220.00	119.00	37.00	1	8	

4	9	190.379	6
1	103.00	108.00	119.97	109.07	17.00	1	4	
2	119.97	109.07	183.48	113.08	63.64	0	
3	183.48	113.08	256.98	117.72	73.65	1	8	
4	256.98	117.72	259.20	117.86	2.22	0	
5	259.20	117.86	265.06	118.24	5.87	1	3	
6	265.06	118.24	293.00	120.00	28.00	2	3	9	

4	10	116.692	3
1	103.00	108.00	108.24	124.17	17.00	1	4	
2	108.24	124.17	129.44	189.51	68.69	0	
3	129.44	189.51	139.00	219.00	31.00	1	10	

5	0	90.355	2
1	8.00	90.00	4.28	48.16	42.00	0	
2	4.28	48.16	0.00	0.00	48.35	0	

5	1	114.630	3
1	8.00	90.00	36.58	120.78	42.00	1	5	
2	36.58	120.78	64.23	150.55	40.63	0	
3	64.23	150.55	86.00	174.00	32.00	1	1	

5	2	284.986	3
1	8.00	90.00	48.68	79.54	42.00	1	5	
2	48.68	79.54	244.29	29.21	201.99	0	
3	244.29	29.21	284.00	19.00	41.00	1	2	

5	3	280.114	5
1	8.00	90.00	49.98	88.80	42.00	1	5	
2	49.98	88.80	207.13	84.31	157.21	0	
3	207.13	84.31	230.87	83.63	23.75	1	8	
4	230.87	83.63	242.02	83.31	11.15	0	
5	242.02	83.31	288.00	82.00	46.00	1	3	

5	4	96.690	3
1	8.00	90.00	49.27	97.82	42.00	1	5	
2	49.27	97.82	86.30	104.84	37.69	0	
3	86.30	104.84	103.00	108.00	17.00	1	4	

5	5	0	0

5	6	64.195	3
1	8.00	90.00	11.27	48.13	42.00	0	
2	11.27	48.13	12.69	29.99	18.19	0	
3	12.69	29.99	13.00	26.00	4.00	1	6	

5	7	219.107	5
1	8.00	90.00	31.39	124.89	42.00	1	5	
2	31.39	124.89	56.31	162.07	44.76	0	
3	56.31	162.07	85.76	206.00	52.89	1	1	
4	85.76	206.00	128.33	269.51	76.46	0	
5	128.33	269.51	130.00	272.00	3.00	1	7	

5	8	213.974	5
1	8.00	90.00	49.61	95.69	42.00	1	5	
2	49.61	95.69	87.56	100.88	38.30	0	
3	87.56	100.88	119.78	105.29	32.52	1	4	
4	119.78	105.29	183.34	113.99	64.15	0	
5	183.34	113.99	220.00	119.00	37.00	1	8	

5	9	286.575	8
1	8.00	90.00	49.77	94.40	42.00	1	5	
2	49.77	94.40	88.89	98.52	39.34	0	
3	88.89	98.52	118.77	101.66	30.05	1	4	
4	118.77	101.66	184.50	108.58	66.09	0	
5	184.50	108.58	256.89	116.20	72.80	1	8	
6	256.89	116.20	257.28	116.24	0.39	0	
7	257.28	116.24	265.15	117.07	7.92	1	3	
8	265.15	117.07	293.00	120.00	28.00	2	3	9	

5	10	183.853	5
1	8.00	90.00	37.93	119.47	42.00	1	5	
2	37.93	119.47	67.09	148.19	40.93	0	
3	67.09	148.19	112.10	192.51	63.17	1	1	
4	112.10	192.51	116.91	197.25	6.75	0	
5	116.91	197.25	139.00	219.00	31.00	1	10	

6	0	29.069	2
1	13.00	26.00	11.21	22.42	4.00	1	6	
2	11.21	22.42	0.00	0.00	25.07	0	

6	1	165.024	5
1	13.00	26.00	14.77	29.59	4.00	1	6	
2	14.77	29.59	25.80	51.96	24.95	0	
3	25.80	51.96	49.02	99.02	52.48	1	5	
4	49.02	99.02	71.84	145.30	51.60	0	
5	71.84	145.30	86.00	174.00	32.00	1	1	

6	2	271.090	3
1	13.00	26.00	17.00	25.90	4.00	1	6	
2	17.00	25.90	243.01	20.06	226.09	0	
3	243.01	20.06	284.00	19.00	41.00	1	2	

6	3	280.644	3
1	13.00	26.00	16.92	26.80	4.00	1	6	
2	16.92	26.80	242.93	72.82	230.64	0	
3	242.93	72.82	288.00	82.00	46.00	1	3	

6	4	121.754	3
1	13.00	26.00	15.96	28.69	4.00	1	6	
2	15.96	28.69	90.43	96.55	100.75	0	
3	90.43	96.55	103.00	108.00	17.00	1	4	

6	5	64.195	3
1	13.00	26.00	12.69	29.99	4.00	1	6	
2	12.69	29.99	11.27	48.13	18.19	0	
3	11.27	48.13	8.00	90.00	42.00	0	

6	6	0	0

6	7	272.406	9
1	13.00	26.00	14.72	29.61	4.00	1	6	
2	14.72	29.61	25.22	51.69	24.45	0	
3	25.22	51.69	48.58	100.82	54.40	1	5	
4	48.58	100.82	70.16	146.19	50.25	0	
5	70.16	146.19	97.58	203.83	63.83	1	1	
6	97.58	203.83	109.99	229.93	28.90	0	
7	109.99	229.93	112.22	234.61	5.19	1	10	
8	112.22	234.61	128.71	269.29	38.40	0	
9	128.71	269.29	130.00	272.00	3.00	1	7	

6	8	226.932	3
1	13.00	26.00	16.65	27.64	4.00	1	6	
2	16.65	27.64	186.25	103.84	185.93	0	
3	186.25	103.84	220.00	119.00	37.00	1	8	

6	9	295.357	6
1	13.00	26.00	16.79	27.27	4.00	1	6	
2	16.79	27.27	199.09	88.47	192.30	0	
3	199.09	88.47	248.13	104.93	51.72	1	8	
4	248.13	104.93	255.09	107.27	7.35	2	3	8	
5	255.09	107.27	266.46	111.09	11.99	1	3	
6	266.46	111.09	293.00	120.00	28.00	2	3	9	

6	10	230.489	7
1	13.00	26.00	15.19	29.35	4.00	1	6	
2	15.19	29.35	32.52	55.90	31.71	0	
3	32.52	55.90	49.08	81.27	30.30	1	5	
4	49.08	81.27	88.81	142.12	72.67	0	
5	88.81	142.12	116.31	184.25	50.31	1	1	
6	116.31	184.25	122.05	193.04	10.50	0	
7	122.05	193.04	139.00	219.00	31.00	1	10	

7	0	301.470	10
1	130.00	272.00	128.71	269.29	3.00	1	7	
2	128.71	269.29	111.59	233.48	39.69	0	
3	111.59	233.48	110.52	231.23	2.49	1	10	
4	110.52	231.23	97.44	203.88	30.31	0	
5	97.44	203.88	69.93	146.32	63.79	1	1	
6	69.93	146.32	48.44	101.35	49.85	0	
7	48.44	101.35	24.57	51.41	55.35	1	5	
8	24.57	51.41	14.24	29.80	23.95	0	
9	14.24	29.80	10.82	22.64	7.93	1	6	
10	10.82	22.64	0.00	0.00	25.10	0	

7	1	107.424	5
1	130.00	272.00	128.77	269.26	3.00	1	7	
2	128.77	269.26	115.03	238.66	33.55	0	
3	115.03	238.66	108.38	223.85	16.23	1	10	
4	108.38	223.85	99.11	203.19	22.64	0	
5	99.11	203.19	86.00	174.00	32.00	1	1	

7	2	296.184	9
1	130.00	272.00	131.56	269.44	3.00	1	7	
2	131.56	269.44	143.60	249.66	23.16	0	
3	143.60	249.66	168.34	209.01	47.59	1	10	
4	168.34	209.01	203.10	151.91	66.84	0	
5	203.10	151.91	241.47	88.87	73.81	1	8	
6	241.47	88.87	242.33	87.46	1.64	0	
7	242.33	87.46	262.68	54.02	39.15	1	3	
8	262.68	54.02	271.88	38.92	17.68	2	2	3	
9	271.88	38.92	284.00	19.00	23.32	1	2	

7	3	247.111	7
1	130.00	272.00	131.92	269.69	3.00	1	7	
2	131.92	269.69	149.96	248.00	28.22	0	
3	149.96	248.00	169.51	224.49	30.58	1	10	
4	169.51	224.49	227.02	155.33	89.95	0	
5	227.02	155.33	257.00	119.28	46.88	1	8	
6	257.00	119.28	258.59	117.37	2.49	0	
7	258.59	117.37	288.00	82.00	46.00	1	3	

7	4	166.208	7
1	130.00	272.00	129.51	269.04	3.00	1	7	
2	129.51	269.04	125.90	247.10	22.24	0	
3	125.90	247.10	117.58	196.59	51.19	0	
4	117.58	196.59	115.79	185.69	11.05	0	
5	115.79	185.69	110.47	153.38	32.74	1	1	
6	110.47	153.38	105.76	124.77	28.99	0	
7	105.76	124.77	103.00	108.00	17.00	1	4	

7	5	219.107	5
1	130.00	272.00	128.33	269.51	3.00	1	7	
2	128.33	269.51	85.76	206.00	76.46	0	
3	85.76	206.00	56.31	162.07	52.89	1	1	
4	56.31	162.07	31.39	124.89	44.76	0	
5	31.39	124.89	8.00	90.00	42.00	1	5	

7	6	272.406	9
1	130.00	272.00	128.71	269.29	3.00	1	7	
2	128.71	269.29	112.22	234.61	38.40	0	
3	112.22	234.61	109.99	229.93	5.19	1	10	
4	109.99	229.93	97.58	203.83	28.90	0	
5	97.58	203.83	70.16	146.19	63.83	1	1	
6	70.16	146.19	48.58	100.82	50.25	0	
7	48.58	100.82	25.22	51.69	54.40	1	5	
8	25.22	51.69	14.72	29.61	24.45	0	
9	14.72	29.61	13.00	26.00	4.00	1	6	

7	7	0	0

7	8	177.508	5
1	130.00	272.00	131.52	269.41	3.00	1	7	
2	131.52	269.41	143.10	249.73	22.84	0	
3	143.10	249.73	167.85	207.66	48.81	1	10	
4	167.85	207.66	201.24	150.89	65.86	0	
5	201.24	150.89	220.00	119.00	37.00	1	8	

7	9	222.874	4
1	130.00	272.00	132.19	269.95	3.00	1	7	
2	132.19	269.95	272.52	139.10	191.87	0	
3	272.52	139.10	284.56	127.87	16.46	1	9	
4	284.56	127.87	293.00	120.00	11.54	2	3	9	

7	10	53.759	3
1	130.00	272.00	130.50	269.04	3.00	1	7	
2	130.50	269.04	133.81	249.56	19.76	0	
3	133.81	249.56	139.00	219.00	31.00	0	

8	0	250.122	2
1	220.00	119.00	187.46	101.40	37.00	1	8	
2	187.46	101.40	0.00	0.00	213.12	0	

8	1	144.848	3
1	220.00	119.00	185.77	133.05	37.00	1	8	
2	185.77	133.05	115.60	161.85	75.85	0	
3	115.60	161.85	86.00	174.00	32.00	1	1	

8	2	118.727	5
1	220.00	119.00	239.94	87.84	37.00	1	8	
2	239.94	87.84	242.07	84.52	3.94	0	
3	242.07	84.52	261.90	53.53	36.79	1	3	
4	261.90	53.53	271.05	39.24	16.97	2	2	3	
5	271.05	39.24	284.00	19.00	24.03	1	2	

8	3	77.414	3
1	220.00	119.00	247.59	103.99	31.41	1	8	
2	247.59	103.99	252.50	101.32	5.59	2	3	8	
3	252.50	101.32	288.00	82.00	40.41	1	3	

8	4	117.516	3
1	220.00	119.00	183.16	115.54	37.00	1	8	
2	183.16	115.54	119.93	109.59	63.52	0	
3	119.93	109.59	103.00	108.00	17.00	1	4	

8	5	213.974	5
1	220.00	119.00	183.34	113.99	37.00	1	8	
2	183.34	113.99	119.78	105.29	64.15	0	
3	119.78	105.29	87.56	100.88	32.52	1	4	
4	87.56	100.88	49.61	95.69	38.30	0	
5	49.61	95.69	8.00	90.00	42.00	1	5	

8	6	226.932	3
1	220.00	119.00	186.25	103.84	37.00	1	8	
2	186.25	103.84	16.65	27.64	185.93	0	
3	16.65	27.64	13.00	26.00	4.00	1	6	

8	7	177.508	5
1	220.00	119.00	201.24	150.89	37.00	1	8	
2	201.24	150.89	167.85	207.66	65.86	0	
3	167.85	207.66	143.10	249.73	48.81	1	10	
4	143.10	249.73	131.52	269.41	22.84	0	
5	131.52	269.41	130.00	272.00	3.00	1	7	

8	8	0	0

8	9	73.007	4
1	220.00	119.00	257.00	119.51	37.00	1	8	
2	257.00	119.51	261.45	119.57	4.46	0	
3	261.45	119.57	265.00	119.62	3.55	1	3	
4	265.00	119.62	293.00	120.00	28.00	2	3	9	

8	10	128.690	3
1	220.00	119.00	196.71	147.75	37.00	1	8	
2	196.71	147.75	158.51	194.91	60.69	0	
3	158.51	194.91	139.00	219.00	31.00	1	10	

9	0	316.621	5
1	293.00	120.00	267.09	109.39	28.00	2	3	9	
2	267.09	109.39	253.80	103.94	14.36	1	3	
3	253.80	103.94	245.99	100.75	8.43	2	3	8	
4	245.99	100.75	206.47	84.56	42.71	1	8	
5	206.47	84.56	0.00	0.00	223.12	0	

9	1	213.928	6
1	293.00	120.00	272.56	125.33	21.12	2	3	9	
2	272.56	125.33	265.91	127.07	6.88	1	9	
3	265.91	127.07	255.38	129.81	10.87	0	
4	255.38	129.81	194.41	145.72	63.02	1	8	
5	194.41	145.72	116.96	165.92	80.03	0	
6	116.96	165.92	86.00	174.00	32.00	1	1	

9	2	101.400	4
1	293.00	120.00	290.51	92.11	28.00	2	3	9	
2	290.51	92.11	287.64	59.84	32.40	1	3	
3	287.64	59.84	285.52	36.07	23.87	2	2	3	
4	285.52	36.07	284.00	19.00	17.13	1	2	

9	3	38.328	2
1	293.00	120.00	289.35	92.24	28.00	2	3	9	
2	289.35	92.24	288.00	82.00	10.33	1	3	

9	4	190.379	6
1	293.00	120.00	265.06	118.24	28.00	2	3	9	
2	265.06	118.24	259.20	117.86	5.87	1	3	
3	259.20	117.86	256.98	117.72	2.22	0	
4	256.98	117.72	183.48	113.08	73.65	1	8	
5	183.48	113.08	119.97	109.07	63.64	0	
6	119.97	109.07	103.00	108.00	17.00	1	4	

9	5	286.575	8
1	293.00	120.00	265.15	117.07	28.00	2	3	9	
2	265.15	117.07	257.28	116.24	7.92	1	3	
3	257.28	116.24	256.89	116.20	0.39	0	
4	256.89	116.20	184.50	108.58	72.80	1	8	
5	184.50	108.58	118.77	101.66	66.09	0	
6	118.77	101.66	88.89	98.52	30.05	1	4	
7	88.89	98.52	49.77	94.40	39.34	0	
8	49.77	94.40	8.00	90.00	42.00	1	5	

9	6	295.357	6
1	293.00	120.00	266.46	111.09	28.00	2	3	9	
2	266.46	111.09	255.09	107.27	11.99	1	3	
3	255.09	107.27	248.13	104.93	7.35	2	3	8	
4	248.13	104.93	199.09	88.47	51.72	1	8	
5	199.09	88.47	16.79	27.27	192.30	0	
6	16.79	27.27	13.00	26.00	4.00	1	6	

9	7	222.874	4
1	293.00	120.00	284.56	127.87	11.54	2	3	9	
2	284.56	127.87	272.52	139.10	16.46	1	9	
3	272.52	139.10	132.19	269.95	191.87	0	
4	132.19	269.95	130.00	272.00	3.00	1	7	

9	8	73.007	4
1	293.00	120.00	265.00	119.62	28.00	2	3	9	
2	265.00	119.62	261.45	119.57	3.55	1	3	
3	261.45	119.57	257.00	119.51	4.46	0	
4	257.00	119.51	220.00	119.00	37.00	1	8	

9	9	0	0

9	10	183.076	4
1	293.00	120.00	281.32	127.51	13.89	2	3	9	
2	281.32	127.51	269.45	135.14	14.11	1	9	
3	269.45	135.14	165.08	202.24	124.08	0	
4	165.08	202.24	139.00	219.00	31.00	1	10	

10	0	259.388	8
1	139.00	219.00	122.39	192.83	31.00	1	10	
2	122.39	192.83	116.53	183.59	10.94	0	
3	116.53	183.59	90.31	142.29	48.92	1	1	
4	90.31	142.29	46.57	73.37	81.64	0	
5	46.57	73.37	39.47	62.18	13.25	1	5	
6	39.47	62.18	16.94	26.69	42.04	0	
7	16.94	26.69	14.05	22.14	5.39	1	6	
8	14.05	22.14	0.00	0.00	26.22	0	

10	1	69.527	3
1	139.00	219.00	115.37	198.94	31.00	1	10	
2	115.37	198.94	110.39	194.71	6.53	0	
3	110.39	194.71	86.00	174.00	32.00	1	1	

10	2	247.032	7
1	139.00	219.00	157.20	193.90	31.00	1	10	
2	157.20	193.90	193.09	144.39	61.15	0	
3	193.09	144.39	235.77	85.53	72.71	1	8	
4	235.77	85.53	242.33	76.47	11.19	0	
5	242.33	76.47	259.93	52.19	29.99	1	3	
6	259.93	52.19	268.55	40.32	14.67	2	2	3	
7	268.55	40.32	284.00	19.00	26.33	1	2	

10	3	202.410	5
1	139.00	219.00	161.82	198.02	31.00	1	10	
2	161.82	198.02	209.25	154.40	64.44	0	
3	209.25	154.40	254.14	113.13	60.97	1	8	
4	254.14	113.13	256.18	111.26	2.77	2	3	8	
5	256.18	111.26	288.00	82.00	43.23	1	3	

10	4	116.692	3
1	139.00	219.00	129.44	189.51	31.00	1	10	
2	129.44	189.51	108.24	124.17	68.69	0	
3	108.24	124.17	103.00	108.00	17.00	1	4	

10	5	183.853	5
1	139.00	219.00	116.91	197.25	31.00	1	10	
2	116.91	197.25	112.10	192.51	6.75	0	
3	112.10	192.51	67.09	148.19	63.17	1	1	
4	67.09	148.19	37.93	119.47	40.93	0	
5	37.93	119.47	8.00	90.00	42.00	1	5	

10	6	230.489	7
1	139.00	219.00	122.05	193.04	31.00	1	10	
2	122.05	193.04	116.31	184.25	10.50	0	
3	116.31	184.25	88.81	142.12	50.31	1	1	
4	88.81	142.12	49.08	81.27	72.67	0	
5	49.08	81.27	32.52	55.90	30.30	1	5	
6	32.52	55.90	15.19	29.35	31.71	0	
7	15.19	29.35	13.00	26.00	4.00	1	6	

10	7	53.759	3
1	139.00	219.00	133.81	249.56	31.00	0	
2	133.81	249.56	130.50	269.04	19.76	0	
3	130.50	269.04	130.00	272.00	3.00	1	7	

10	8	128.690	3
1	139.00	219.00	158.51	194.91	31.00	1	10	
2	158.51	194.91	196.71	147.75	60.69	0	
3	196.71	147.75	220.00	119.00	37.00	1	8	

10	9	183.076	4
1	139.00	219.00	165.08	202.24	31.00	1	10	
2	165.08	202.24	269.45	135.14	124.08	0	
3	269.45	135.14	281.32	127.51	14.11	1	9	
4	281.32	127.51	293.00	120.00	13.89	2	3	9	

10	10	0	0