11	217	2	0.001	45.0
0.000	0.000	0.000	1.000	0.000
157.000	97.000	26.000	6.000	5.000
275.000	97.000	10.000	9.000	14.000
10.000	27.000	40.000	2.000	20.000
84.000	86.000	41.000	7.000	17.000
54.000	255.000	10.000	9.000	6.000
163.000	290.000	43.000	1.000	19.000
238.000	94.000	43.000	7.000	13.000
42.000	74.000	32.000	2.000	20.000
224.000	7.000	34.000	5.000	20.000
104.000	95.000	43.000	9.000	16.000

0	0	0	0

0	1	184.548	7
1	0.00	0.00	49.82	30.78	58.56	1	3	
2	49.82	30.78	74.60	46.09	29.13	0	
3	74.60	46.09	88.71	54.81	16.59	1	4	
4	88.71	54.81	123.90	76.55	41.36	2	4	10	
5	123.90	76.55	134.88	83.33	12.91	1	10	
6	134.88	83.33	146.78	90.69	13.99	2	1	10	
7	146.78	90.69	157.00	97.00	12.01	1	1	

0	2	291.606	4
1	0.00	0.00	48.78	17.21	51.73	1	3	
2	48.78	17.21	201.60	71.11	162.04	0	
3	201.60	71.11	265.57	93.67	67.83	1	7	
4	265.57	93.67	275.00	97.00	10.00	2	2	7	

0	3	28.792	1
1	0.00	0.00	10.00	27.00	28.79	1	3	

0	4	120.216	6
1	0.00	0.00	41.04	42.01	58.73	1	3	
2	41.04	42.01	45.10	46.18	5.82	2	3	8	
3	45.10	46.18	55.35	56.67	14.67	1	8	
4	55.35	56.67	68.74	70.38	19.17	2	4	8	
5	68.74	70.38	73.95	75.71	7.46	3	4	8	10	
6	73.95	75.71	84.00	86.00	14.38	2	4	10	

0	5	260.655	5
1	0.00	0.00	12.87	60.76	62.11	1	3	
2	12.87	60.76	14.14	66.78	6.16	2	3	8	
3	14.14	66.78	20.73	97.91	31.82	1	8	
4	20.73	97.91	51.93	245.22	150.57	0	
5	51.93	245.22	54.00	255.00	10.00	1	5	

0	6	332.670	7
1	0.00	0.00	26.01	46.28	53.09	1	3	
2	26.01	46.28	33.41	59.44	15.09	2	3	8	
3	33.41	59.44	43.80	77.93	21.21	1	8	
4	43.80	77.93	57.37	102.07	27.69	2	4	8	
5	57.37	102.07	70.00	124.53	25.77	1	4	
6	70.00	124.53	141.93	252.52	146.81	0	
7	141.93	252.52	163.00	290.00	43.00	1	6	

0	7	255.891	3
1	0.00	0.00	49.28	19.47	52.99	1	3	
2	49.28	19.47	198.01	78.20	159.90	0	
3	198.01	78.20	238.00	94.00	43.00	1	7	

0	8	85.088	3
1	0.00	0.00	26.20	46.17	53.09	1	3	
2	26.20	46.17	33.64	59.27	15.06	2	3	8	
3	33.64	59.27	42.00	74.00	16.94	1	8	

0	9	224.109	3
1	0.00	0.00	40.63	1.27	40.65	1	3	
2	40.63	1.27	190.02	5.94	149.46	0	
3	190.02	5.94	224.00	7.00	34.00	1	9	

0	10	140.858	6
1	0.00	0.00	46.30	42.29	62.70	1	3	
2	46.30	42.29	46.78	42.73	0.65	2	3	8	
3	46.78	42.73	58.77	53.68	16.24	1	8	
4	58.77	53.68	72.25	66.00	18.26	2	4	8	
5	72.25	66.00	73.19	66.86	1.28	3	4	8	10	
6	73.19	66.86	104.00	95.00	41.72	2	4	10	

1	0	184.548	7
1	157.00	97.00	146.78	90.69	12.01	1	1	
2	146.78	90.69	134.88	83.33	13.99	2	1	10	
3	134.88	83.33	123.90	76.55	12.91	1	10	
4	123.90	76.55	88.71	54.81	41.36	2	4	10	
5	88.71	54.81	74.60	46.09	16.59	1	4	
6	74.60	46.09	49.82	30.78	29.13	0	
7	49.82	30.78	0.00	0.00	58.56	1	3	

1	1	0	0

1	2	118.000	4
1	157.00	97.00	183.00	97.00	26.00	1	1	
2	183.00	97.00	195.10	97.00	12.10	0	
3	195.10	97.00	265.00	97.00	69.90	1	7	
4	265.00	97.00	275.00	97.00	10.00	2	2	7	

1	3	162.816	9
1	157.00	97.00	146.91	92.19	11.18	1	1	
2	146.91	92.19	133.53	85.82	14.82	2	1	10	
3	133.53	85.82	124.77	81.65	9.70	1	10	
4	124.77	81.65	79.13	59.92	50.55	2	4	10	
5	79.13	59.92	67.15	54.21	13.27	1	4	
6	67.15	54.21	61.68	51.61	6.06	2	4	8	
7	61.68	51.61	46.11	44.20	17.24	1	8	
8	46.11	44.20	41.51	42.00	5.10	2	3	8	
9	41.51	42.00	10.00	27.00	34.90	1	3	

1	4	73.824	4
1	157.00	97.00	147.00	95.49	10.12	1	1	
2	147.00	95.49	131.29	93.13	15.88	2	1	10	
3	131.29	93.13	124.54	92.11	6.82	1	10	
4	124.54	92.11	84.00	86.00	41.00	2	4	10	

1	5	188.608	3
1	157.00	97.00	142.80	118.78	26.00	1	1	
2	142.80	118.78	59.46	246.62	152.61	0	
3	59.46	246.62	54.00	255.00	10.00	1	5	

1	6	193.093	3
1	157.00	97.00	157.81	122.99	26.00	1	1	
2	157.81	122.99	161.66	247.02	124.09	0	
3	161.66	247.02	163.00	290.00	43.00	1	6	

1	7	81.056	3
1	157.00	97.00	182.98	96.04	26.00	1	1	
2	182.98	96.04	195.03	95.59	12.06	0	
3	195.03	95.59	238.00	94.00	43.00	1	7	

1	8	117.277	7
1	157.00	97.00	147.00	95.00	10.20	1	1	
2	147.00	95.00	131.50	91.90	15.80	2	1	10	
3	131.50	91.90	124.75	90.55	6.89	1	10	
4	124.75	90.55	73.38	80.28	52.39	2	4	10	
5	73.38	80.28	64.31	78.46	9.25	3	4	8	10	
6	64.31	78.46	44.64	74.53	20.06	2	4	8	
7	44.64	74.53	42.00	74.00	2.69	1	8	

1	9	112.201	3
1	157.00	97.00	172.53	76.14	26.00	1	1	
2	172.53	76.14	203.70	34.27	52.20	0	
3	203.70	34.27	224.00	7.00	34.00	1	9	

1	10	53.038	4
1	157.00	97.00	146.97	96.62	10.04	1	1	
2	146.97	96.62	131.02	96.02	15.96	2	1	10	
3	131.02	96.02	123.82	95.75	7.20	1	10	
4	123.82	95.75	104.00	95.00	19.84	2	4	10	

2	0	291.606	4
1	275.00	97.00	265.57	93.67	10.00	2	2	7	
2	265.57	93.67	201.60	71.11	67.83	1	7	
3	201.60	71.11	48.78	17.21	162.04	0	
4	48.78	17.21	0.00	0.00	51.73	1	3	

2	1	118.000	4
1	275.00	97.00	265.00	97.00	10.00	2	2	7	
2	265.00	97.00	195.10	97.00	69.90	1	7	
3	195.10	97.00	183.00	97.00	12.10	0	
4	183.00	97.00	157.00	97.00	26.00	1	1	

2	2	0	0

2	3	274.089	8
1	275.00	97.00	265.33	94.45	10.00	2	2	7	
2	265.33	94.45	198.58	76.81	69.04	1	7	
3	198.58	76.81	124.66	57.29	76.46	0	
4	124.66	57.29	108.28	52.96	16.94	1	10	
5	108.28	52.96	104.66	52.01	3.74	2	4	10	
6	104.66	52.01	79.21	45.28	26.33	1	4	
7	79.21	45.28	48.67	37.22	31.58	0	
8	48.67	37.22	10.00	27.00	40.00	1	3	

2	4	191.316	7
1	275.00	97.00	265.02	96.42	10.00	2	2	7	
2	265.02	96.42	195.03	92.39	70.10	1	7	
3	195.03	92.39	182.45	91.67	12.60	0	
4	182.45	91.67	146.66	89.61	35.85	1	1	
5	146.66	89.61	132.33	88.78	14.35	2	1	10	
6	132.33	88.78	124.93	88.36	7.41	1	10	
7	124.93	88.36	84.00	86.00	41.00	2	4	10	

2	5	271.671	4
1	275.00	97.00	266.87	102.82	10.00	2	2	7	
2	266.87	102.82	222.89	134.26	54.06	1	7	
3	222.89	134.26	62.13	249.18	197.61	0	
4	62.13	249.18	54.00	255.00	10.00	1	5	

2	6	223.143	4
1	275.00	97.00	269.98	105.65	10.00	2	2	7	
2	269.98	105.65	253.46	134.13	32.93	1	7	
3	253.46	134.13	184.58	252.81	137.22	0	
4	184.58	252.81	163.00	290.00	43.00	1	6	

2	7	37.121	2
1	275.00	97.00	265.03	96.19	10.00	2	2	7	
2	265.03	96.19	238.00	94.00	27.12	1	7	

2	8	234.132	10
1	275.00	97.00	265.05	96.02	10.00	2	2	7	
2	265.05	96.02	195.28	89.13	70.11	1	7	
3	195.28	89.13	181.30	87.75	14.05	0	
4	181.30	87.75	145.63	84.23	35.84	1	1	
5	145.63	84.23	134.98	83.18	10.70	2	1	10	
6	134.98	83.18	124.82	82.18	10.21	1	10	
7	124.82	82.18	73.85	77.14	51.22	2	4	10	
8	73.85	77.14	65.28	76.30	8.61	3	4	8	10	
9	65.28	76.30	44.71	74.27	20.67	2	4	8	
10	44.71	74.27	42.00	74.00	2.73	1	8	

2	9	103.446	4
1	275.00	97.00	270.07	88.30	10.00	2	2	7	
2	270.07	88.30	249.88	52.67	40.95	1	7	
3	249.88	52.67	240.76	36.58	18.50	0	
4	240.76	36.58	224.00	7.00	34.00	1	9	

2	10	171.012	7
1	275.00	97.00	265.00	96.88	10.00	2	2	7	
2	265.00	96.88	195.05	96.06	69.96	1	7	
3	195.05	96.06	182.98	95.92	12.07	0	
4	182.98	95.92	147.00	95.50	35.98	1	1	
5	147.00	95.50	131.05	95.32	15.94	2	1	10	
6	131.05	95.32	123.95	95.23	7.11	1	10	
7	123.95	95.23	104.00	95.00	19.95	2	4	10	

3	0	28.792	1
1	10.00	27.00	0.00	0.00	28.79	1	3	

3	1	162.816	9
1	10.00	27.00	41.51	42.00	34.90	1	3	
2	41.51	42.00	46.11	44.20	5.10	2	3	8	
3	46.11	44.20	61.68	51.61	17.24	1	8	
4	61.68	51.61	67.15	54.21	6.06	2	4	8	
5	67.15	54.21	79.13	59.92	13.27	1	4	
6	79.13	59.92	124.77	81.65	50.55	2	4	10	
7	124.77	81.65	133.53	85.82	9.70	1	10	
8	133.53	85.82	146.91	92.19	14.82	2	1	10	
9	146.91	92.19	157.00	97.00	11.18	1	1	

3	2	274.089	8
1	10.00	27.00	48.67	37.22	40.00	1	3	
2	48.67	37.22	79.21	45.28	31.58	0	
3	79.21	45.28	104.66	52.01	26.33	1	4	
4	104.66	52.01	108.28	52.96	3.74	2	4	10	
5	108.28	52.96	124.66	57.29	16.94	1	10	
6	124.66	57.29	198.58	76.81	76.46	0	
7	198.58	76.81	265.33	94.45	69.04	1	7	
8	265.33	94.45	275.00	97.00	10.00	2	2	7	

3	3	0	0

3	4	94.641	6
1	10.00	27.00	31.18	43.89	27.09	1	3	
2	31.18	43.89	41.28	51.94	12.91	2	3	8	
3	41.28	51.94	51.94	60.44	13.64	1	8	
4	51.94	60.44	67.26	72.65	19.59	2	4	8	
5	67.26	72.65	73.77	77.84	8.32	3	4	8	10	
6	73.77	77.84	84.00	86.00	13.09	2	4	10	

3	5	232.207	5
1	10.00	27.00	15.58	55.94	29.47	1	3	
2	15.58	55.94	17.58	66.28	10.53	1	8	
3	17.58	66.28	24.20	100.59	34.95	0	
4	24.20	100.59	52.11	245.18	147.25	0	
5	52.11	245.18	54.00	255.00	10.00	1	5	

3	6	304.266	7
1	10.00	27.00	22.56	48.58	24.97	1	3	
2	22.56	48.58	30.11	61.58	15.03	2	3	8	
3	30.11	61.58	43.06	83.82	25.74	1	8	
4	43.06	83.82	54.48	103.46	22.72	2	4	8	
5	54.48	103.46	65.65	122.67	22.21	1	4	
6	65.65	122.67	141.38	252.83	150.59	0	
7	141.38	252.83	163.00	290.00	43.00	1	6	

3	7	237.640	9
1	10.00	27.00	48.38	38.28	40.00	1	3	
2	48.38	38.28	74.81	46.04	27.55	0	
3	74.81	46.04	97.02	52.57	23.15	1	4	
4	97.02	52.57	113.35	57.37	17.02	2	4	10	
5	113.35	57.37	132.83	63.09	20.30	1	10	
6	132.83	63.09	160.57	71.25	28.91	0	
7	160.57	71.25	167.93	73.41	7.67	1	1	
8	167.93	73.41	196.74	81.88	30.03	0	
9	196.74	81.88	238.00	94.00	43.00	1	7	

3	8	56.859	3
1	10.00	27.00	23.99	47.55	24.86	1	3	
2	23.99	47.55	32.51	60.06	15.14	2	3	8	
3	32.51	60.06	42.00	74.00	16.86	1	8	

3	9	214.933	3
1	10.00	27.00	49.83	23.28	40.00	1	3	
2	49.83	23.28	190.15	10.16	140.93	0	
3	190.15	10.16	224.00	7.00	34.00	1	9	

3	10	116.017	6
1	10.00	27.00	32.66	43.39	27.97	1	3	
2	32.66	43.39	42.41	50.44	12.03	2	3	8	
3	42.41	50.44	53.57	58.52	13.78	1	8	
4	53.57	58.52	69.16	69.80	19.24	2	4	8	
5	69.16	69.80	73.99	73.29	5.96	3	4	8	10	
6	73.99	73.29	104.00	95.00	37.04	2	4	10	

4	0	120.216	6
1	84.00	86.00	73.95	75.71	14.38	2	4	10	
2	73.95	75.71	68.74	70.38	7.46	3	4	8	10	
3	68.74	70.38	55.35	56.67	19.17	2	4	8	
4	55.35	56.67	45.10	46.18	14.67	1	8	
5	45.10	46.18	41.04	42.01	5.82	2	3	8	
6	41.04	42.01	0.00	0.00	58.73	1	3	

4	1	73.824	4
1	84.00	86.00	124.54	92.11	41.00	2	4	10	
2	124.54	92.11	131.29	93.13	6.82	1	10	
3	131.29	93.13	147.00	95.49	15.88	2	1	10	
4	147.00	95.49	157.00	97.00	10.12	1	1	

4	2	191.316	7
1	84.00	86.00	124.93	88.36	41.00	2	4	10	
2	124.93	88.36	132.33	88.78	7.41	1	10	
3	132.33	88.78	146.66	89.61	14.35	2	1	10	
4	146.66	89.61	182.45	91.67	35.85	1	1	
5	182.45	91.67	195.03	92.39	12.60	0	
6	195.03	92.39	265.02	96.42	70.10	1	7	
7	265.02	96.42	275.00	97.00	10.00	2	2	7	

4	3	94.641	6
1	84.00	86.00	73.77	77.84	13.09	2	4	10	
2	73.77	77.84	67.26	72.65	8.32	3	4	8	10	
3	67.26	72.65	51.94	60.44	19.59	2	4	8	
4	51.94	60.44	41.28	51.94	13.64	1	8	
5	41.28	51.94	31.18	43.89	12.91	2	3	8	
6	31.18	43.89	10.00	27.00	27.09	1	3	

4	4	0	0

4	5	171.642	4
1	84.00	86.00	76.83	126.37	41.00	2	4	10	
2	76.83	126.37	76.53	128.08	1.74	1	10	
3	76.53	128.08	55.75	245.15	118.90	0	
4	55.75	245.15	54.00	255.00	10.00	1	5	

4	6	218.762	4
1	84.00	86.00	98.81	124.23	41.00	2	4	10	
2	98.81	124.23	104.14	138.00	14.76	0	
3	104.14	138.00	147.47	249.90	120.00	0	
4	147.47	249.90	163.00	290.00	43.00	1	6	

4	7	154.208	6
1	84.00	86.00	124.94	88.13	41.00	2	4	10	
2	124.94	88.13	132.42	88.52	7.49	1	10	
3	132.42	88.52	146.61	89.25	14.21	2	1	10	
4	146.61	89.25	182.32	91.11	35.76	1	1	
5	182.32	91.11	195.06	91.77	12.75	0	
6	195.06	91.77	238.00	94.00	43.00	1	7	

4	8	43.681	4
1	84.00	86.00	72.77	82.79	11.68	2	4	10	
2	72.77	82.79	63.63	80.18	9.50	3	4	8	10	
3	63.63	80.18	44.58	74.74	19.82	2	4	8	
4	44.58	74.74	42.00	74.00	2.68	1	8	

4	9	160.751	4
1	84.00	86.00	119.71	65.85	41.00	2	4	10	
2	119.71	65.85	129.46	60.35	11.20	1	10	
3	129.46	60.35	194.39	23.71	74.55	0	
4	194.39	23.71	224.00	7.00	34.00	1	9	

4	10	21.932	1
1	84.00	86.00	104.00	95.00	21.93	2	4	10	

5	0	260.655	5
1	54.00	255.00	51.93	245.22	10.00	1	5	
2	51.93	245.22	20.73	97.91	150.57	0	
3	20.73	97.91	14.14	66.78	31.82	1	8	
4	14.14	66.78	12.87	60.76	6.16	2	3	8	
5	12.87	60.76	0.00	0.00	62.11	1	3	

5	1	188.608	3
1	54.00	255.00	59.46	246.62	10.00	1	5	
2	59.46	246.62	142.80	118.78	152.61	0	
3	142.80	118.78	157.00	97.00	26.00	1	1	

5	2	271.671	4
1	54.00	255.00	62.13	249.18	10.00	1	5	
2	62.13	249.18	222.89	134.26	197.61	0	
3	222.89	134.26	266.87	102.82	54.06	1	7	
4	266.87	102.82	275.00	97.00	10.00	2	2	7	

5	3	232.207	5
1	54.00	255.00	52.11	245.18	10.00	1	5	
2	52.11	245.18	24.20	100.59	147.25	0	
3	24.20	100.59	17.58	66.28	34.95	0	
4	17.58	66.28	15.58	55.94	10.53	1	8	
5	15.58	55.94	10.00	27.00	29.47	1	3	

5	4	171.642	4
1	54.00	255.00	55.75	245.15	10.00	1	5	
2	55.75	245.15	76.53	128.08	118.90	0	
3	76.53	128.08	76.83	126.37	1.74	1	10	
4	76.83	126.37	84.00	86.00	41.00	2	4	10	

5	5	0	0

5	6	114.481	3
1	54.00	255.00	63.52	258.06	10.00	1	5	
2	63.52	258.06	122.06	276.85	61.48	0	
3	122.06	276.85	163.00	290.00	43.00	1	6	

5	7	244.493	3
1	54.00	255.00	61.53	248.41	10.00	1	5	
2	61.53	248.41	205.64	122.32	191.49	0	
3	205.64	122.32	238.00	94.00	43.00	1	7	

5	8	181.397	3
1	54.00	255.00	53.34	245.02	10.00	1	5	
2	53.34	245.02	44.12	105.93	139.40	0	
3	44.12	105.93	42.00	74.00	32.00	1	8	

5	9	300.673	5
1	54.00	255.00	59.65	246.75	10.00	1	5	
2	59.65	246.75	146.12	120.61	152.93	0	
3	146.12	120.61	175.10	78.34	51.26	1	1	
4	175.10	78.34	204.78	35.04	52.49	0	
5	204.78	35.04	224.00	7.00	34.00	1	9	

5	10	167.631	4
1	54.00	255.00	56.98	245.46	10.00	1	5	
2	56.98	245.46	91.17	136.04	114.63	0	
3	91.17	136.04	94.42	125.65	10.88	1	10	
4	94.42	125.65	104.00	95.00	32.12	2	4	10	

6	0	332.670	7
1	163.00	290.00	141.93	252.52	43.00	1	6	
2	141.93	252.52	70.00	124.53	146.81	0	
3	70.00	124.53	57.37	102.07	25.77	1	4	
4	57.37	102.07	43.80	77.93	27.69	2	4	8	
5	43.80	77.93	33.41	59.44	21.21	1	8	
6	33.41	59.44	26.01	46.28	15.09	2	3	8	
7	26.01	46.28	0.00	0.00	53.09	1	3	

6	1	193.093	3
1	163.00	290.00	161.66	247.02	43.00	1	6	
2	161.66	247.02	157.81	122.99	124.09	0	
3	157.81	122.99	157.00	97.00	26.00	1	1	

6	2	223.143	4
1	163.00	290.00	184.58	252.81	43.00	1	6	
2	184.58	252.81	253.46	134.13	137.22	0	
3	253.46	134.13	269.98	105.65	32.93	1	7	
4	269.98	105.65	275.00	97.00	10.00	2	2	7	

6	3	304.266	7
1	163.00	290.00	141.38	252.83	43.00	1	6	
2	141.38	252.83	65.65	122.67	150.59	0	
3	65.65	122.67	54.48	103.46	22.21	1	4	
4	54.48	103.46	43.06	83.82	22.72	2	4	8	
5	43.06	83.82	30.11	61.58	25.74	1	8	
6	30.11	61.58	22.56	48.58	15.03	2	3	8	
7	22.56	48.58	10.00	27.00	24.97	1	3	

6	4	218.762	4
1	163.00	290.00	147.47	249.90	43.00	1	6	
2	147.47	249.90	104.14	138.00	120.00	0	
3	104.14	138.00	98.81	124.23	14.76	0	
4	98.81	124.23	84.00	86.00	41.00	2	4	10	

6	5	114.481	3
1	163.00	290.00	122.06	276.85	43.00	1	6	
2	122.06	276.85	63.52	258.06	61.48	0	
3	63.52	258.06	54.00	255.00	10.00	1	5	

6	6	0	0

6	7	209.859	3
1	163.00	290.00	178.37	249.84	43.00	1	6	
2	178.37	249.84	222.63	134.16	123.86	0	
3	222.63	134.16	238.00	94.00	43.00	1	7	

6	8	247.582	5
1	163.00	290.00	141.98	252.49	43.00	1	6	
2	141.98	252.49	70.39	124.67	146.50	0	
3	70.39	124.67	57.64	101.92	26.08	1	4	
4	57.64	101.92	43.91	77.41	28.09	2	4	8	
5	43.91	77.41	42.00	74.00	3.91	1	8	

6	9	289.500	5
1	163.00	290.00	172.06	247.97	43.00	0	
2	172.06	247.97	200.65	115.31	135.70	0	
3	200.65	115.31	212.75	59.19	57.41	1	7	
4	212.75	59.19	216.84	40.24	19.39	0	
5	216.84	40.24	224.00	7.00	34.00	1	9	

6	10	203.730	4
1	163.00	290.00	150.55	248.84	43.00	1	6	
2	150.55	248.84	116.45	136.16	117.73	0	
3	116.45	136.16	110.69	117.12	19.89	1	10	
4	110.69	117.12	104.00	95.00	23.11	2	4	10	

7	0	255.891	3
1	238.00	94.00	198.01	78.20	43.00	1	7	
2	198.01	78.20	49.28	19.47	159.90	0	
3	49.28	19.47	0.00	0.00	52.99	1	3	

7	1	81.056	3
1	238.00	94.00	195.03	95.59	43.00	1	7	
2	195.03	95.59	182.98	96.04	12.06	0	
3	182.98	96.04	157.00	97.00	26.00	1	1	

7	2	37.121	2
1	238.00	94.00	265.03	96.19	27.12	1	7	
2	265.03	96.19	275.00	97.00	10.00	2	2	7	

7	3	237.640	9
1	238.00	94.00	196.74	81.88	43.00	1	7	
2	196.74	81.88	167.93	73.41	30.03	0	
3	167.93	73.41	160.57	71.25	7.67	1	1	
4	160.57	71.25	132.83	63.09	28.91	0	
5	132.83	63.09	113.35	57.37	20.30	1	10	
6	113.35	57.37	97.02	52.57	17.02	2	4	10	
7	97.02	52.57	74.81	46.04	23.15	1	4	
8	74.81	46.04	48.38	38.28	27.55	0	
9	48.38	38.28	10.00	27.00	40.00	1	3	

7	4	154.208	6
1	238.00	94.00	195.06	91.77	43.00	1	7	
2	195.06	91.77	182.32	91.11	12.75	0	
3	182.32	91.11	146.61	89.25	35.76	1	1	
4	146.61	89.25	132.42	88.52	14.21	2	1	10	
5	132.42	88.52	124.94	88.13	7.49	1	10	
6	124.94	88.13	84.00	86.00	41.00	2	4	10	

7	5	244.493	3
1	238.00	94.00	205.64	122.32	43.00	1	7	
2	205.64	122.32	61.53	248.41	191.49	0	
3	61.53	248.41	54.00	255.00	10.00	1	5	

7	6	209.859	3
1	238.00	94.00	222.63	134.16	43.00	1	7	
2	222.63	134.16	178.37	249.84	123.86	0	
3	178.37	249.84	163.00	290.00	43.00	1	6	

7	7	0	0

7	8	197.018	9
1	238.00	94.00	195.22	89.63	43.00	1	7	
2	195.22	89.63	181.48	88.23	13.82	0	
3	181.48	88.23	145.72	84.58	35.94	1	1	
4	145.72	84.58	134.80	83.47	10.98	2	1	10	
5	134.80	83.47	124.85	82.45	10.00	1	10	
6	124.85	82.45	73.83	77.25	51.28	2	4	10	
7	73.83	77.25	65.24	76.37	8.63	3	4	8	10	
8	65.24	76.37	44.71	74.28	20.64	2	4	8	
9	44.71	74.28	42.00	74.00	2.73	1	8	

7	9	88.119	3
1	238.00	94.00	231.17	51.55	43.00	0	
2	231.17	51.55	229.40	40.57	11.12	0	
3	229.40	40.57	224.00	7.00	34.00	0	

7	10	134.004	6
1	238.00	94.00	195.00	94.32	43.00	1	7	
2	195.00	94.32	182.87	94.41	12.13	0	
3	182.87	94.41	147.00	94.68	35.87	1	1	
4	147.00	94.68	131.09	94.80	15.91	2	1	10	
5	131.09	94.80	124.03	94.85	7.06	1	10	
6	124.03	94.85	104.00	95.00	20.03	2	4	10	

8	0	85.088	3
1	42.00	74.00	33.64	59.27	16.94	1	8	
2	33.64	59.27	26.20	46.17	15.06	2	3	8	
3	26.20	46.17	0.00	0.00	53.09	1	3	

8	1	117.277	7
1	42.00	74.00	44.64	74.53	2.69	1	8	
2	44.64	74.53	64.31	78.46	20.06	2	4	8	
3	64.31	78.46	73.38	80.28	9.25	3	4	8	10	
4	73.38	80.28	124.75	90.55	52.39	2	4	10	
5	124.75	90.55	131.50	91.90	6.89	1	10	
6	131.50	91.90	147.00	95.00	15.80	2	1	10	
7	147.00	95.00	157.00	97.00	10.20	1	1	

8	2	234.132	10
1	42.00	74.00	44.71	74.27	2.73	1	8	
2	44.71	74.27	65.28	76.30	20.67	2	4	8	
3	65.28	76.30	73.85	77.14	8.61	3	4	8	10	
4	73.85	77.14	124.82	82.18	51.22	2	4	10	
5	124.82	82.18	134.98	83.18	10.21	1	10	
6	134.98	83.18	145.63	84.23	10.70	2	1	10	
7	145.63	84.23	181.30	87.75	35.84	1	1	
8	181.30	87.75	195.28	89.13	14.05	0	
9	195.28	89.13	265.05	96.02	70.11	1	7	
10	265.05	96.02	275.00	97.00	10.00	2	2	7	

8	3	56.859	3
1	42.00	74.00	32.51	60.06	16.86	1	8	
2	32.51	60.06	23.99	47.55	15.14	2	3	8	
3	23.99	47.55	10.00	27.00	24.86	1	3	

8	4	43.681	4
1	42.00	74.00	44.58	74.74	2.68	1	8	
2	44.58	74.74	63.63	80.18	19.82	2	4	8	
3	63.63	80.18	72.77	82.79	9.50	3	4	8	10	
4	72.77	82.79	84.00	86.00	11.68	2	4	10	

8	5	181.397	3
1	42.00	74.00	44.12	105.93	32.00	1	8	
2	44.12	105.93	53.34	245.02	139.40	0	
3	53.34	245.02	54.00	255.00	10.00	1	5	

8	6	247.582	5
1	42.00	74.00	43.91	77.41	3.91	1	8	
2	43.91	77.41	57.64	101.92	28.09	2	4	8	
3	57.64	101.92	70.39	124.67	26.08	1	4	
4	70.39	124.67	141.98	252.49	146.50	0	
5	141.98	252.49	163.00	290.00	43.00	1	6	

8	7	197.018	9
1	42.00	74.00	44.71	74.28	2.73	1	8	
2	44.71	74.28	65.24	76.37	20.64	2	4	8	
3	65.24	76.37	73.83	77.25	8.63	3	4	8	10	
4	73.83	77.25	124.85	82.45	51.28	2	4	10	
5	124.85	82.45	134.80	83.47	10.00	1	10	
6	134.80	83.47	145.72	84.58	10.98	2	1	10	
7	145.72	84.58	181.48	88.23	35.94	1	1	
8	181.48	88.23	195.22	89.63	13.82	0	
9	195.22	89.63	238.00	94.00	43.00	1	7	

8	8	0	0

8	9	193.941	7
1	42.00	74.00	45.17	72.83	3.38	1	8	
2	45.17	72.83	72.03	62.95	28.62	2	4	8	
3	72.03	62.95	78.01	60.74	6.37	1	4	
4	78.01	60.74	101.58	52.07	25.11	2	4	10	
5	101.58	52.07	105.02	50.80	3.67	1	4	
6	105.02	50.80	192.09	18.75	92.78	0	
7	192.09	18.75	224.00	7.00	34.00	1	9	

8	10	65.460	4
1	42.00	74.00	44.54	74.86	2.68	1	8	
2	44.54	74.86	63.27	81.21	19.78	2	4	8	
3	63.27	81.21	72.31	84.27	9.54	3	4	8	10	
4	72.31	84.27	104.00	95.00	33.46	2	4	10	

9	0	224.109	3
1	224.00	7.00	190.02	5.94	34.00	1	9	
2	190.02	5.94	40.63	1.27	149.46	0	
3	40.63	1.27	0.00	0.00	40.65	1	3	

9	1	112.201	3
1	224.00	7.00	203.70	34.27	34.00	1	9	
2	203.70	34.27	172.53	76.14	52.20	0	
3	172.53	76.14	157.00	97.00	26.00	1	1	

9	2	103.446	4
1	224.00	7.00	240.76	36.58	34.00	1	9	
2	240.76	36.58	249.88	52.67	18.50	0	
3	249.88	52.67	270.07	88.30	40.95	1	7	
4	270.07	88.30	275.00	97.00	10.00	2	2	7	

9	3	214.933	3
1	224.00	7.00	190.15	10.16	34.00	1	9	
2	190.15	10.16	49.83	23.28	140.93	0	
3	49.83	23.28	10.00	27.00	40.00	1	3	

9	4	160.751	4
1	224.00	7.00	194.39	23.71	34.00	1	9	
2	194.39	23.71	129.46	60.35	74.55	0	
3	129.46	60.35	119.71	65.85	11.20	1	10	
4	119.71	65.85	84.00	86.00	41.00	2	4	10	

9	5	300.673	5
1	224.00	7.00	204.78	35.04	34.00	1	9	
2	204.78	35.04	175.10	78.34	52.49	0	
3	175.10	78.34	146.12	120.61	51.26	1	1	
4	146.12	120.61	59.65	246.75	152.93	0	
5	59.65	246.75	54.00	255.00	10.00	1	5	

9	6	289.500	5
1	224.00	7.00	216.84	40.24	34.00	1	9	
2	216.84	40.24	212.75	59.19	19.39	0	
3	212.75	59.19	200.65	115.31	57.41	1	7	
4	200.65	115.31	172.06	247.97	135.70	0	
5	172.06	247.97	163.00	290.00	43.00	0	

9	7	88.119	3
1	224.00	7.00	229.40	40.57	34.00	0	
2	229.40	40.57	231.17	51.55	11.12	0	
3	231.17	51.55	238.00	94.00	43.00	0	

9	8	193.941	7
1	224.00	7.00	192.09	18.75	34.00	1	9	
2	192.09	18.75	105.02	50.80	92.78	0	
3	105.02	50.80	101.58	52.07	3.67	1	4	
4	101.58	52.07	78.01	60.74	25.11	2	4	10	
5	78.01	60.74	72.03	62.95	6.37	1	4	
6	72.03	62.95	45.17	72.83	28.62	2	4	8	
7	45.17	72.83	42.00	74.00	3.38	1	8	

9	9	0	0

9	10	148.809	4
1	224.00	7.00	196.58	27.11	34.00	1	9	
2	196.58	27.11	138.68	69.57	71.81	0	
3	138.68	69.57	124.55	79.93	17.52	1	10	
4	124.55	79.93	104.00	95.00	25.48	2	4	10	

10	0	140.858	6
1	104.00	95.00	73.19	66.86	41.72	2	4	10	
2	73.19	66.86	72.25	66.00	1.28	3	4	8	10	
3	72.25	66.00	58.77	53.68	18.26	2	4	8	
4	58.77	53.68	46.78	42.73	16.24	1	8	
5	46.78	42.73	46.30	42.29	0.65	2	3	8	
6	46.30	42.29	0.00	0.00	62.70	1	3	

10	1	53.038	4
1	104.00	95.00	123.82	95.75	19.84	2	4	10	
2	123.82	95.75	131.02	96.02	7.20	1	10	
3	131.02	96.02	146.97	96.62	15.96	2	1	10	
4	146.97	96.62	157.00	97.00	10.04	1	1	

10	2	171.012	7
1	104.00	95.00	123.95	95.23	19.95	2	4	10	
2	123.95	95.23	131.05	95.32	7.11	1	10	
3	131.05	95.32	147.00	95.50	15.94	2	1	10	
4	147.00	95.50	182.98	95.92	35.98	1	1	
5	182.98	95.92	195.05	96.06	12.07	0	
6	195.05	96.06	265.00	96.88	69.96	1	7	
7	265.00	96.88	275.00	97.00	10.00	2	2	7	

10	3	116.017	6
1	104.00	95.00	73.99	73.29	37.04	2	4	10	
2	73.99	73.29	69.16	69.80	5.96	3	4	8	10	
3	69.16	69.80	53.57	58.52	19.24	2	4	8	
4	53.57	58.52	42.41	50.44	13.78	1	8	
5	42.41	50.44	32.66	43.39	12.03	2	3	8	
6	32.66	43.39	10.00	27.00	27.97	1	3	

10	4	21.932	1
1	104.00	95.00	84.00	86.00	21.93	2	4	10	

10	5	167.631	4
1	104.00	95.00	94.42	125.65	32.12	2	4	10	
2	94.42	125.65	91.17	136.04	10.88	1	10	
3	91.17	136.04	56.98	245.46	114.63	0	
4	56.98	245.46	54.00	255.00	10.00	1	5	

10	6	203.730	4
1	104.00	95.00	110.69	117.12	23.11	2	4	10	
2	110.69	117.12	116.45	136.16	19.89	1	10	
3	116.45	136.16	150.55	248.84	117.73	0	
4	150.55	248.84	163.00	290.00	43.00	1	6	

10	7	134.004	6
1	104.00	95.00	124.03	94.85	20.03	2	4	10	
2	124.03	94.85	131.09	94.80	7.06	1	10	
3	131.09	94.80	147.00	94.68	15.91	2	1	10	
4	147.00	94.68	182.87	94.41	35.87	1	1	
5	182.87	94.41	195.00	94.32	12.13	0	
6	195.00	94.32	238.00	94.00	43.00	1	7	

10	8	65.460	4
1	104.00	95.00	72.31	84.27	33.46	2	4	10	
2	72.31	84.27	63.27	81.21	9.54	3	4	8	10	
3	63.27	81.21	44.54	74.86	19.78	2	4	8	
4	44.54	74.86	42.00	74.00	2.68	1	8	

10	9	148.809	4
1	104.00	95.00	124.55	79.93	25.48	2	4	10	
2	124.55	79.93	138.68	69.57	17.52	1	10	
3	138.68	69.57	196.58	27.11	71.81	0	
4	196.58	27.11	224.00	7.00	34.00	1	9	

10	10	0	0