11	167	2	0.001	120.0
0.000	0.000	0.000	6.000	0.000
53.000	24.000	9.000	7.000	3.000
61.000	62.000	5.000	3.000	18.000
205.000	177.000	20.000	10.000	8.000
176.000	51.000	22.000	9.000	16.000
117.000	54.000	18.000	2.000	20.000
40.000	248.000	38.000	4.000	14.000
95.000	112.000	11.000	7.000	3.000
150.000	150.000	46.000	9.000	4.000
174.000	203.000	48.000	2.000	16.000
18.000	104.000	5.000	2.000	16.000

0	0	0	0

0	1	58.181	2
1	0.00	0.00	44.80	20.29	49.18	0	
2	44.80	20.29	53.00	24.00	9.00	1	1	

0	2	86.977	2
1	0.00	0.00	57.49	58.44	81.98	0	
2	57.49	58.44	61.00	62.00	5.00	1	2	

0	3	270.839	5
1	0.00	0.00	127.35	109.96	168.26	0	
2	127.35	109.96	179.95	155.37	69.48	1	8	
3	179.95	155.37	189.86	163.93	13.10	2	8	9	
4	189.86	163.93	192.91	166.56	4.03	3	3	8	9	
5	192.91	166.56	205.00	177.00	15.97	2	3	9	

0	4	183.240	4
1	0.00	0.00	51.97	15.06	54.11	0	
2	51.97	15.06	58.65	17.00	6.96	1	1	
3	58.65	17.00	154.87	44.88	100.18	0	
4	154.87	44.88	176.00	51.00	22.00	1	4	

0	5	128.860	4
1	0.00	0.00	44.66	20.61	49.19	0	
2	44.66	20.61	60.99	28.15	17.98	1	1	
3	60.99	28.15	100.66	46.46	43.69	0	
4	100.66	46.46	117.00	54.00	18.00	1	5	

0	6	251.205	4
1	0.00	0.00	16.03	99.40	100.69	0	
2	16.03	99.40	17.58	108.98	9.70	1	10	
3	17.58	108.98	33.95	210.49	102.81	0	
4	33.95	210.49	40.00	248.00	38.00	1	6	

0	7	146.864	2
1	0.00	0.00	87.88	103.61	135.86	0	
2	87.88	103.61	95.00	112.00	11.00	1	7	

0	8	212.132	4
1	0.00	0.00	58.00	58.00	82.02	0	
2	58.00	58.00	65.00	65.00	9.90	1	2	
3	65.00	65.00	117.47	117.47	74.21	0	
4	117.47	117.47	150.00	150.00	46.00	1	8	

0	9	267.367	6
1	0.00	0.00	88.43	103.17	135.89	0	
2	88.43	103.17	102.72	119.84	21.95	1	7	
3	102.72	119.84	109.65	127.92	10.64	0	
4	109.65	127.92	142.76	166.56	50.89	1	8	
5	142.76	166.56	165.65	193.26	35.17	2	8	9	
6	165.65	193.26	174.00	203.00	12.83	1	9	

0	10	105.546	2
1	0.00	0.00	17.15	99.07	100.55	0	
2	17.15	99.07	18.00	104.00	5.00	1	10	

1	0	58.181	2
1	53.00	24.00	44.80	20.29	9.00	1	1	
2	44.80	20.29	0.00	0.00	49.18	0	

1	1	0	0

1	2	38.833	3
1	53.00	24.00	54.85	32.81	9.00	1	1	
2	54.85	32.81	59.97	57.11	24.83	0	
3	59.97	57.11	61.00	62.00	5.00	1	2	

1	3	215.669	6
1	53.00	24.00	59.34	30.38	9.00	1	1	
2	59.34	30.38	134.98	106.52	107.32	0	
3	134.98	106.52	184.24	156.11	69.89	1	8	
4	184.24	156.11	190.90	162.81	9.45	2	8	9	
5	190.90	162.81	193.38	165.30	3.51	3	3	8	9	
6	193.38	165.30	205.00	177.00	16.49	2	3	9	

1	4	125.929	5
1	53.00	24.00	61.79	25.93	9.00	1	1	
2	61.79	25.93	111.54	36.85	50.93	0	
3	111.54	36.85	129.15	40.71	18.03	1	5	
4	129.15	40.71	154.51	46.28	25.97	0	
5	154.51	46.28	176.00	51.00	22.00	1	4	

1	5	70.682	3
1	53.00	24.00	61.15	27.82	9.00	1	1	
2	61.15	27.82	100.70	46.36	43.68	0	
3	100.70	46.36	117.00	54.00	18.00	1	5	

1	6	224.377	3
1	53.00	24.00	52.48	32.98	9.00	1	1	
2	52.48	32.98	42.20	210.06	177.38	0	
3	42.20	210.06	40.00	248.00	38.00	0	

1	7	97.509	3
1	53.00	24.00	56.88	32.12	9.00	1	1	
2	56.88	32.12	90.26	102.07	77.51	0	
3	90.26	102.07	95.00	112.00	11.00	1	7	

1	8	159.013	3
1	53.00	24.00	58.49	31.13	9.00	1	1	
2	58.49	31.13	121.94	113.55	104.01	0	
3	121.94	113.55	150.00	150.00	46.00	1	8	

1	9	216.060	5
1	53.00	24.00	58.04	31.46	9.00	1	1	
2	58.04	31.46	116.71	118.25	104.77	0	
3	116.71	118.25	147.12	163.23	54.29	1	8	
4	147.12	163.23	167.05	192.72	35.59	2	8	9	
5	167.05	192.72	174.00	203.00	12.41	1	9	

1	10	87.321	3
1	53.00	24.00	49.39	32.25	9.00	1	1	
2	49.39	32.25	20.00	99.42	73.32	0	
3	20.00	99.42	18.00	104.00	5.00	1	10	

2	0	86.977	2
1	61.00	62.00	57.49	58.44	5.00	1	2	
2	57.49	58.44	0.00	0.00	81.98	0	

2	1	38.833	3
1	61.00	62.00	59.97	57.11	5.00	1	2	
2	59.97	57.11	54.85	32.81	24.83	0	
3	54.85	32.81	53.00	24.00	9.00	1	1	

2	2	0	0

2	3	184.285	6
1	61.00	62.00	64.91	65.12	5.00	1	2	
2	64.91	65.12	123.83	112.17	75.40	0	
3	123.83	112.17	177.62	155.14	68.85	1	8	
4	177.62	155.14	189.37	164.52	15.03	2	8	9	
5	189.37	164.52	192.68	167.16	4.23	3	3	8	9	
6	192.68	167.16	205.00	177.00	15.77	2	3	9	

2	4	115.525	5
1	61.00	62.00	65.98	61.52	5.00	1	2	
2	65.98	61.52	99.52	58.31	33.70	0	
3	99.52	58.31	134.98	54.92	35.61	1	5	
4	134.98	54.92	154.10	53.09	19.21	0	
5	154.10	53.09	176.00	51.00	22.00	1	4	

2	5	56.569	3
1	61.00	62.00	65.95	61.29	5.00	1	2	
2	65.95	61.29	99.18	56.55	33.57	0	
3	99.18	56.55	117.00	54.00	18.00	1	5	

2	6	187.182	3
1	61.00	62.00	60.44	66.97	5.00	1	2	
2	60.44	66.97	44.26	210.24	144.18	0	
3	44.26	210.24	40.00	248.00	38.00	1	6	

2	7	60.465	3
1	61.00	62.00	63.81	66.13	5.00	1	2	
2	63.81	66.13	88.81	102.90	44.46	0	
3	88.81	102.90	95.00	112.00	11.00	1	7	

2	8	125.160	3
1	61.00	62.00	64.56	65.52	5.00	1	2	
2	64.56	65.52	117.29	117.66	74.16	0	
3	117.29	117.66	150.00	150.00	46.00	1	8	

2	9	180.693	7
1	61.00	62.00	64.13	65.90	5.00	1	2	
2	64.13	65.90	92.49	101.29	45.35	0	
3	92.49	101.29	104.91	116.78	19.86	1	7	
4	104.91	116.78	111.43	124.93	10.44	0	
5	111.43	124.93	143.98	165.54	52.05	1	8	
6	143.98	165.54	166.07	193.10	35.32	2	8	9	
7	166.07	193.10	174.00	203.00	12.68	1	9	

2	10	60.108	3
1	61.00	62.00	57.42	65.49	5.00	1	2	
2	57.42	65.49	21.58	100.51	50.11	0	
3	21.58	100.51	18.00	104.00	5.00	1	10	

3	0	270.839	5
1	205.00	177.00	192.91	166.56	15.97	2	3	9	
2	192.91	166.56	189.86	163.93	4.03	3	3	8	9	
3	189.86	163.93	179.95	155.37	13.10	2	8	9	
4	179.95	155.37	127.35	109.96	69.48	1	8	
5	127.35	109.96	0.00	0.00	168.26	0	

3	1	215.669	6
1	205.00	177.00	193.38	165.30	16.49	2	3	9	
2	193.38	165.30	190.90	162.81	3.51	3	3	8	9	
3	190.90	162.81	184.24	156.11	9.45	2	8	9	
4	184.24	156.11	134.98	106.52	69.89	1	8	
5	134.98	106.52	59.34	30.38	107.32	0	
6	59.34	30.38	53.00	24.00	9.00	1	1	

3	2	184.285	6
1	205.00	177.00	192.68	167.16	15.77	2	3	9	
2	192.68	167.16	189.37	164.52	4.23	3	3	8	9	
3	189.37	164.52	177.62	155.14	15.03	2	8	9	
4	177.62	155.14	123.83	112.17	68.85	1	8	
5	123.83	112.17	64.91	65.12	75.40	0	
6	64.91	65.12	61.00	62.00	5.00	1	2	

3	3	0	0

3	4	129.294	4
1	205.00	177.00	202.01	164.02	13.32	1	3	
2	202.01	164.02	200.51	157.51	6.68	1	3	
3	200.51	157.51	180.93	72.44	87.29	0	
4	180.93	72.44	176.00	51.00	22.00	1	4	

3	5	151.238	6
1	205.00	177.00	194.37	162.14	18.27	2	3	9	
2	194.37	162.14	193.36	160.73	1.73	3	3	8	9	
3	193.36	160.73	191.67	158.37	2.90	2	8	9	
4	191.67	158.37	152.83	104.09	66.75	1	8	
5	152.83	104.09	127.47	68.64	43.59	0	
6	127.47	68.64	117.00	54.00	18.00	1	5	

3	6	179.627	4
1	205.00	177.00	186.63	184.91	20.00	2	3	9	
2	186.63	184.91	126.63	210.72	65.32	1	9	
3	126.63	210.72	74.91	232.98	56.31	0	
4	74.91	232.98	40.00	248.00	38.00	1	6	

3	7	127.769	6
1	205.00	177.00	191.80	169.20	15.33	2	3	9	
2	191.80	169.20	187.78	166.83	4.67	3	3	8	9	
3	187.78	166.83	168.34	155.34	22.59	2	8	9	
4	168.34	155.34	113.02	122.65	64.26	1	8	
5	113.02	122.65	104.47	117.60	9.93	0	
6	104.47	117.60	95.00	112.00	11.00	1	7	

3	8	61.270	4
1	205.00	177.00	191.29	170.27	15.27	2	3	9	
2	191.29	170.27	187.05	168.19	4.73	3	3	8	9	
3	187.05	168.19	162.86	156.31	26.95	2	8	9	
4	162.86	156.31	150.00	150.00	14.32	1	8	

3	9	40.460	2
1	205.00	177.00	189.68	189.85	20.00	2	3	9	
2	189.68	189.85	174.00	203.00	20.46	1	9	

3	10	200.744	6
1	205.00	177.00	190.71	171.42	15.34	2	3	9	
2	190.71	171.42	186.37	169.73	4.66	3	3	8	9	
3	186.37	169.73	156.80	158.19	31.74	2	8	9	
4	156.80	158.19	105.55	138.18	55.03	1	8	
5	105.55	138.18	22.66	105.82	88.98	0	
6	22.66	105.82	18.00	104.00	5.00	1	10	

4	0	183.240	4
1	176.00	51.00	154.87	44.88	22.00	1	4	
2	154.87	44.88	58.65	17.00	100.18	0	
3	58.65	17.00	51.97	15.06	6.96	1	1	
4	51.97	15.06	0.00	0.00	54.11	0	

4	1	125.929	5
1	176.00	51.00	154.51	46.28	22.00	1	4	
2	154.51	46.28	129.15	40.71	25.97	0	
3	129.15	40.71	111.54	36.85	18.03	1	5	
4	111.54	36.85	61.79	25.93	50.93	0	
5	61.79	25.93	53.00	24.00	9.00	1	1	

4	2	115.525	5
1	176.00	51.00	154.10	53.09	22.00	1	4	
2	154.10	53.09	134.98	54.92	19.21	0	
3	134.98	54.92	99.52	58.31	35.61	1	5	
4	99.52	58.31	65.98	61.52	33.70	0	
5	65.98	61.52	61.00	62.00	5.00	1	2	

4	3	129.294	4
1	176.00	51.00	180.93	72.44	22.00	1	4	
2	180.93	72.44	200.51	157.51	87.29	0	
3	200.51	157.51	202.01	164.02	6.68	1	3	
4	202.01	164.02	205.00	177.00	13.32	1	3	

4	4	0	0

4	5	59.076	3
1	176.00	51.00	154.03	52.12	22.00	1	4	
2	154.03	52.12	134.98	53.09	19.08	0	
3	134.98	53.09	117.00	54.00	18.00	1	5	

4	6	239.385	5
1	176.00	51.00	163.50	69.10	22.00	1	4	
2	163.50	69.10	138.38	105.49	44.22	0	
3	138.38	105.49	104.26	154.91	60.05	1	8	
4	104.26	154.91	61.59	216.73	75.11	0	
5	61.59	216.73	40.00	248.00	38.00	1	6	

4	7	101.400	3
1	176.00	51.00	158.43	64.23	22.00	1	4	
2	158.43	64.23	103.79	105.38	68.40	0	
3	103.79	105.38	95.00	112.00	11.00	1	7	

4	8	102.357	3
1	176.00	51.00	170.41	72.28	22.00	1	4	
2	170.41	72.28	161.68	105.51	34.36	0	
3	161.68	105.51	150.00	150.00	46.00	0	

4	9	152.013	5
1	176.00	51.00	175.71	72.99	22.00	1	4	
2	175.71	72.99	175.20	111.52	38.53	0	
3	175.20	111.52	174.63	155.01	43.49	0	
4	174.63	155.01	174.18	189.13	34.13	2	8	9	
5	174.18	189.13	174.00	203.00	13.87	1	9	

4	10	166.652	5
1	176.00	51.00	155.14	58.00	22.00	1	4	
2	155.14	58.00	130.03	66.42	26.49	0	
3	130.03	66.42	114.10	71.76	16.80	1	5	
4	114.10	71.76	22.74	102.41	96.36	0	
5	22.74	102.41	18.00	104.00	5.00	1	10	

5	0	128.860	4
1	117.00	54.00	100.66	46.46	18.00	1	5	
2	100.66	46.46	60.99	28.15	43.69	0	
3	60.99	28.15	44.66	20.61	17.98	1	1	
4	44.66	20.61	0.00	0.00	49.19	0	

5	1	70.682	3
1	117.00	54.00	100.70	46.36	18.00	1	5	
2	100.70	46.36	61.15	27.82	43.68	0	
3	61.15	27.82	53.00	24.00	9.00	1	1	

5	2	56.569	3
1	117.00	54.00	99.18	56.55	18.00	1	5	
2	99.18	56.55	65.95	61.29	33.57	0	
3	65.95	61.29	61.00	62.00	5.00	1	2	

5	3	151.238	6
1	117.00	54.00	127.47	68.64	18.00	1	5	
2	127.47	68.64	152.83	104.09	43.59	0	
3	152.83	104.09	191.67	158.37	66.75	1	8	
4	191.67	158.37	193.36	160.73	2.90	2	8	9	
5	193.36	160.73	194.37	162.14	1.73	3	3	8	9	
6	194.37	162.14	205.00	177.00	18.27	2	3	9	

5	4	59.076	3
1	117.00	54.00	134.98	53.09	18.00	1	5	
2	134.98	53.09	154.03	52.12	19.08	0	
3	154.03	52.12	176.00	51.00	22.00	1	4	

5	5	0	0

5	6	208.722	5
1	117.00	54.00	110.36	70.73	18.00	1	5	
2	110.36	70.73	98.16	101.46	33.07	0	
3	98.16	101.46	90.08	121.84	21.92	1	7	
4	90.08	121.84	54.02	212.68	97.74	0	
5	54.02	212.68	40.00	248.00	38.00	1	6	

5	7	62.032	3
1	117.00	54.00	110.62	70.83	18.00	1	5	
2	110.62	70.83	98.90	101.72	33.03	0	
3	98.90	101.72	95.00	112.00	11.00	1	7	

5	8	101.514	3
1	117.00	54.00	122.85	71.02	18.00	1	5	
2	122.85	71.02	135.05	106.50	37.51	0	
3	135.05	106.50	150.00	150.00	46.00	0	

5	9	159.531	5
1	117.00	54.00	123.43	70.81	18.00	1	5	
2	123.43	70.81	136.86	105.92	37.59	0	
3	136.86	105.92	156.85	158.17	55.94	1	8	
4	156.85	158.17	169.64	191.60	35.79	1	9	
5	169.64	191.60	174.00	203.00	12.21	1	9	

5	10	110.910	3
1	117.00	54.00	100.93	62.11	18.00	1	5	
2	100.93	62.11	22.46	101.75	87.91	0	
3	22.46	101.75	18.00	104.00	5.00	1	10	

6	0	251.205	4
1	40.00	248.00	33.95	210.49	38.00	1	6	
2	33.95	210.49	17.58	108.98	102.81	0	
3	17.58	108.98	16.03	99.40	9.70	1	10	
4	16.03	99.40	0.00	0.00	100.69	0	

6	1	224.377	3
1	40.00	248.00	42.20	210.06	38.00	0	
2	42.20	210.06	52.48	32.98	177.38	0	
3	52.48	32.98	53.00	24.00	9.00	1	1	

6	2	187.182	3
1	40.00	248.00	44.26	210.24	38.00	1	6	
2	44.26	210.24	60.44	66.97	144.18	0	
3	60.44	66.97	61.00	62.00	5.00	1	2	

6	3	179.627	4
1	40.00	248.00	74.91	232.98	38.00	1	6	
2	74.91	232.98	126.63	210.72	56.31	0	
3	126.63	210.72	186.63	184.91	65.32	1	9	
4	186.63	184.91	205.00	177.00	20.00	2	3	9	

6	4	239.385	5
1	40.00	248.00	61.59	216.73	38.00	1	6	
2	61.59	216.73	104.26	154.91	75.11	0	
3	104.26	154.91	138.38	105.49	60.05	1	8	
4	138.38	105.49	163.50	69.10	44.22	0	
5	163.50	69.10	176.00	51.00	22.00	1	4	

6	5	208.722	5
1	40.00	248.00	54.02	212.68	38.00	1	6	
2	54.02	212.68	90.08	121.84	97.74	0	
3	90.08	121.84	98.16	101.46	21.92	1	7	
4	98.16	101.46	110.36	70.73	33.07	0	
5	110.36	70.73	117.00	54.00	18.00	1	5	

6	6	0	0

6	7	146.700	3
1	40.00	248.00	54.25	212.77	38.00	1	6	
2	54.25	212.77	90.88	122.20	97.70	0	
3	90.88	122.20	95.00	112.00	11.00	1	7	

6	8	147.323	3
1	40.00	248.00	68.37	222.72	38.00	1	6	
2	68.37	222.72	115.65	180.60	63.32	0	
3	115.65	180.60	150.00	150.00	46.00	1	8	

6	9	141.354	3
1	40.00	248.00	76.02	235.90	38.00	1	6	
2	76.02	235.90	128.50	218.28	55.35	0	
3	128.50	218.28	174.00	203.00	48.00	1	9	

6	10	145.671	3
1	40.00	248.00	34.26	210.44	38.00	0	
2	34.26	210.44	18.76	108.94	102.67	0	
3	18.76	108.94	18.00	104.00	5.00	1	10	

7	0	146.864	2
1	95.00	112.00	87.88	103.61	11.00	1	7	
2	87.88	103.61	0.00	0.00	135.86	0	

7	1	97.509	3
1	95.00	112.00	90.26	102.07	11.00	1	7	
2	90.26	102.07	56.88	32.12	77.51	0	
3	56.88	32.12	53.00	24.00	9.00	1	1	

7	2	60.465	3
1	95.00	112.00	88.81	102.90	11.00	1	7	
2	88.81	102.90	63.81	66.13	44.46	0	
3	63.81	66.13	61.00	62.00	5.00	1	2	

7	3	127.769	6
1	95.00	112.00	104.47	117.60	11.00	1	7	
2	104.47	117.60	113.02	122.65	9.93	0	
3	113.02	122.65	168.34	155.34	64.26	1	8	
4	168.34	155.34	187.78	166.83	22.59	2	8	9	
5	187.78	166.83	191.80	169.20	4.67	3	3	8	9	
6	191.80	169.20	205.00	177.00	15.33	2	3	9	

7	4	101.400	3
1	95.00	112.00	103.79	105.38	11.00	1	7	
2	103.79	105.38	158.43	64.23	68.40	0	
3	158.43	64.23	176.00	51.00	22.00	1	4	

7	5	62.032	3
1	95.00	112.00	98.90	101.72	11.00	1	7	
2	98.90	101.72	110.62	70.83	33.03	0	
3	110.62	70.83	117.00	54.00	18.00	1	5	

7	6	146.700	3
1	95.00	112.00	90.88	122.20	11.00	1	7	
2	90.88	122.20	54.25	212.77	97.70	0	
3	54.25	212.77	40.00	248.00	38.00	1	6	

7	7	0	0

7	8	66.851	3
1	95.00	112.00	104.05	118.25	11.00	1	7	
2	104.05	118.25	112.15	123.85	9.85	0	
3	112.15	123.85	150.00	150.00	46.00	1	8	

7	9	120.507	5
1	95.00	112.00	102.21	120.31	11.00	1	7	
2	102.21	120.31	109.33	128.51	10.86	0	
3	109.33	128.51	142.53	166.75	50.65	1	8	
4	142.53	166.75	165.57	193.29	35.14	2	8	9	
5	165.57	193.29	174.00	203.00	12.86	1	9	

7	10	77.414	3
1	95.00	112.00	84.06	110.86	11.00	1	7	
2	84.06	110.86	22.97	104.52	61.41	0	
3	22.97	104.52	18.00	104.00	5.00	1	10	

8	0	212.132	4
1	150.00	150.00	117.47	117.47	46.00	1	8	
2	117.47	117.47	65.00	65.00	74.21	0	
3	65.00	65.00	58.00	58.00	9.90	1	2	
4	58.00	58.00	0.00	0.00	82.02	0	

8	1	159.013	3
1	150.00	150.00	121.94	113.55	46.00	1	8	
2	121.94	113.55	58.49	31.13	104.01	0	
3	58.49	31.13	53.00	24.00	9.00	1	1	

8	2	125.160	3
1	150.00	150.00	117.29	117.66	46.00	1	8	
2	117.29	117.66	64.56	65.52	74.16	0	
3	64.56	65.52	61.00	62.00	5.00	1	2	

8	3	61.270	4
1	150.00	150.00	162.86	156.31	14.32	1	8	
2	162.86	156.31	187.05	168.19	26.95	2	8	9	
3	187.05	168.19	191.29	170.27	4.73	3	3	8	9	
4	191.29	170.27	205.00	177.00	15.27	2	3	9	

8	4	102.357	3
1	150.00	150.00	161.68	105.51	46.00	0	
2	161.68	105.51	170.41	72.28	34.36	0	
3	170.41	72.28	176.00	51.00	22.00	1	4	

8	5	101.514	3
1	150.00	150.00	135.05	106.50	46.00	0	
2	135.05	106.50	122.85	71.02	37.51	0	
3	122.85	71.02	117.00	54.00	18.00	1	5	

8	6	147.323	3
1	150.00	150.00	115.65	180.60	46.00	1	8	
2	115.65	180.60	68.37	222.72	63.32	0	
3	68.37	222.72	40.00	248.00	38.00	1	6	

8	7	66.851	3
1	150.00	150.00	112.15	123.85	46.00	1	8	
2	112.15	123.85	104.05	118.25	9.85	0	
3	104.05	118.25	95.00	112.00	11.00	1	7	

8	8	0	0

8	9	58.181	3
1	150.00	150.00	154.20	159.27	10.18	1	8	
2	154.20	159.27	168.98	191.90	35.82	1	8	
3	168.98	191.90	174.00	203.00	12.18	1	9	

8	10	139.786	3
1	150.00	150.00	106.56	134.86	46.00	1	8	
2	106.56	134.86	22.72	105.65	88.79	0	
3	22.72	105.65	18.00	104.00	5.00	1	10	

9	0	267.367	6
1	174.00	203.00	165.65	193.26	12.83	1	9	
2	165.65	193.26	142.76	166.56	35.17	2	8	9	
3	142.76	166.56	109.65	127.92	50.89	1	8	
4	109.65	127.92	102.72	119.84	10.64	0	
5	102.72	119.84	88.43	103.17	21.95	1	7	
6	88.43	103.17	0.00	0.00	135.89	0	

9	1	216.060	5
1	174.00	203.00	167.05	192.72	12.41	1	9	
2	167.05	192.72	147.12	163.23	35.59	2	8	9	
3	147.12	163.23	116.71	118.25	54.29	1	8	
4	116.71	118.25	58.04	31.46	104.77	0	
5	58.04	31.46	53.00	24.00	9.00	1	1	

9	2	180.693	7
1	174.00	203.00	166.07	193.10	12.68	1	9	
2	166.07	193.10	143.98	165.54	35.32	2	8	9	
3	143.98	165.54	111.43	124.93	52.05	1	8	
4	111.43	124.93	104.91	116.78	10.44	0	
5	104.91	116.78	92.49	101.29	19.86	1	7	
6	92.49	101.29	64.13	65.90	45.35	0	
7	64.13	65.90	61.00	62.00	5.00	1	2	

9	3	40.460	2
1	174.00	203.00	189.68	189.85	20.46	1	9	
2	189.68	189.85	205.00	177.00	20.00	2	3	9	

9	4	152.013	5
1	174.00	203.00	174.18	189.13	13.87	1	9	
2	174.18	189.13	174.63	155.01	34.13	2	8	9	
3	174.63	155.01	175.20	111.52	43.49	0	
4	175.20	111.52	175.71	72.99	38.53	0	
5	175.71	72.99	176.00	51.00	22.00	1	4	

9	5	159.531	5
1	174.00	203.00	169.64	191.60	12.21	1	9	
2	169.64	191.60	156.85	158.17	35.79	1	9	
3	156.85	158.17	136.86	105.92	55.94	1	8	
4	136.86	105.92	123.43	70.81	37.59	0	
5	123.43	70.81	117.00	54.00	18.00	1	5	

9	6	141.354	3
1	174.00	203.00	128.50	218.28	48.00	1	9	
2	128.50	218.28	76.02	235.90	55.35	0	
3	76.02	235.90	40.00	248.00	38.00	1	6	

9	7	120.507	5
1	174.00	203.00	165.57	193.29	12.86	1	9	
2	165.57	193.29	142.53	166.75	35.14	2	8	9	
3	142.53	166.75	109.33	128.51	50.65	1	8	
4	109.33	128.51	102.21	120.31	10.86	0	
5	102.21	120.31	95.00	112.00	11.00	1	7	

9	8	58.181	3
1	174.00	203.00	168.98	191.90	12.18	1	9	
2	168.98	191.90	154.20	159.27	35.82	1	8	
3	154.20	159.27	150.00	150.00	10.18	1	8	

9	9	0	0

9	10	184.762	5
1	174.00	203.00	160.90	194.69	15.51	1	9	
2	160.90	194.69	133.47	177.28	32.49	2	8	9	
3	133.47	177.28	104.92	159.16	33.81	1	8	
4	104.92	159.16	22.22	106.68	97.95	0	
5	22.22	106.68	18.00	104.00	5.00	1	10	

10	0	105.546	2
1	18.00	104.00	17.15	99.07	5.00	1	10	
2	17.15	99.07	0.00	0.00	100.55	0	

10	1	87.321	3
1	18.00	104.00	20.00	99.42	5.00	1	10	
2	20.00	99.42	49.39	32.25	73.32	0	
3	49.39	32.25	53.00	24.00	9.00	1	1	

10	2	60.108	3
1	18.00	104.00	21.58	100.51	5.00	1	10	
2	21.58	100.51	57.42	65.49	50.11	0	
3	57.42	65.49	61.00	62.00	5.00	1	2	

10	3	200.744	6
1	18.00	104.00	22.66	105.82	5.00	1	10	
2	22.66	105.82	105.55	138.18	88.98	0	
3	105.55	138.18	156.80	158.19	55.03	1	8	
4	156.80	158.19	186.37	169.73	31.74	2	8	9	
5	186.37	169.73	190.71	171.42	4.66	3	3	8	9	
6	190.71	171.42	205.00	177.00	15.34	2	3	9	

10	4	166.652	5
1	18.00	104.00	22.74	102.41	5.00	1	10	
2	22.74	102.41	114.10	71.76	96.36	0	
3	114.10	71.76	130.03	66.42	16.80	1	5	
4	130.03	66.42	155.14	58.00	26.49	0	
5	155.14	58.00	176.00	51.00	22.00	1	4	

10	5	110.910	3
1	18.00	104.00	22.46	101.75	5.00	1	10	
2	22.46	101.75	100.93	62.11	87.91	0	
3	100.93	62.11	117.00	54.00	18.00	1	5	

10	6	145.671	3
1	18.00	104.00	18.76	108.94	5.00	1	10	
2	18.76	108.94	34.26	210.44	102.67	0	
3	34.26	210.44	40.00	248.00	38.00	0	

10	7	77.414	3
1	18.00	104.00	22.97	104.52	5.00	1	10	
2	22.97	104.52	84.06	110.86	61.41	0	
3	84.06	110.86	95.00	112.00	11.00	1	7	

10	8	139.786	3
1	18.00	104.00	22.72	105.65	5.00	1	10	
2	22.72	105.65	106.56	134.86	88.79	0	
3	106.56	134.86	150.00	150.00	46.00	1	8	

10	9	184.762	5
1	18.00	104.00	22.22	106.68	5.00	1	10	
2	22.22	106.68	104.92	159.16	97.95	0	
3	104.92	159.16	133.47	177.28	33.81	1	8	
4	133.47	177.28	160.90	194.69	32.49	2	8	9	
5	160.90	194.69	174.00	203.00	15.51	1	9	

10	10	0	0