11	231	2	0.001	120.0
0.000	0.000	0.000	6.000	0.000
21.000	155.000	38.000	6.000	5.000
18.000	254.000	11.000	4.000	16.000
113.000	125.000	38.000	10.000	14.000
146.000	27.000	32.000	5.000	9.000
23.000	182.000	46.000	1.000	5.000
14.000	130.000	39.000	4.000	1.000
141.000	244.000	8.000	8.000	19.000
212.000	235.000	37.000	6.000	15.000
90.000	126.000	41.000	10.000	1.000
132.000	201.000	47.000	1.000	6.000

0	0	0	0

0	1	156.416	4
1	0.00	0.00	12.33	91.04	91.87	0	
2	12.33	91.04	15.90	117.34	26.55	1	6	
3	15.90	117.34	18.46	136.23	19.05	1	6	
4	18.46	136.23	21.00	155.00	18.95	3	1	5	6	

0	2	254.637	8
1	0.00	0.00	6.50	91.73	91.96	0	
2	6.50	91.73	8.44	119.13	27.48	1	6	
3	8.44	119.13	9.78	137.94	18.85	1	6	
4	9.78	137.94	11.97	168.95	31.08	2	1	6	
5	11.97	168.95	13.63	192.28	23.39	1	5	
6	13.63	192.28	16.12	227.48	35.29	1	5	
7	16.12	227.48	17.22	243.03	15.58	0	
8	17.22	243.03	18.00	254.00	11.00	1	2	

0	3	168.505	3
1	0.00	0.00	78.36	86.69	116.86	0	
2	78.36	86.69	87.52	96.81	13.65	1	9	
3	87.52	96.81	113.00	125.00	38.00	2	3	9	

0	4	148.476	2
1	0.00	0.00	114.53	21.18	116.48	0	
2	114.53	21.18	146.00	27.00	32.00	1	4	

0	5	183.448	5
1	0.00	0.00	11.51	91.08	91.80	0	
2	11.51	91.08	14.85	117.50	26.63	1	6	
3	14.85	117.50	17.23	136.36	19.01	1	6	
4	17.23	136.36	21.27	168.32	32.21	3	1	5	6	
5	21.27	168.32	23.00	182.00	13.79	2	1	5	

0	6	130.752	3
1	0.00	0.00	9.82	91.22	91.75	0	
2	9.82	91.22	12.70	117.92	26.85	0	
3	12.70	117.92	14.00	130.00	12.15	1	6	

0	7	281.810	7
1	0.00	0.00	58.00	100.37	115.92	0	
2	58.00	100.37	75.40	130.47	34.77	1	9	
3	75.40	130.47	89.48	154.85	28.15	2	3	9	
4	89.48	154.85	96.23	166.52	13.49	1	9	
5	96.23	166.52	97.63	168.94	2.80	0	
6	97.63	168.94	137.00	237.07	78.69	1	10	
7	137.00	237.07	141.00	244.00	8.00	2	7	10	

0	8	316.495	8
1	0.00	0.00	78.24	86.72	116.80	0	
2	78.24	86.72	87.42	96.90	13.71	1	9	
3	87.42	96.90	127.86	141.73	60.38	2	3	9	
4	127.86	141.73	138.32	153.33	15.62	1	3	
5	138.32	153.33	139.47	154.60	1.70	0	
6	139.47	154.60	178.92	198.34	58.91	1	10	
7	178.92	198.34	187.22	207.53	12.38	0	
8	187.22	207.53	212.00	235.00	37.00	1	8	

0	9	154.842	3
1	0.00	0.00	66.17	92.64	113.84	0	
2	66.17	92.64	78.27	109.58	20.82	1	9	
3	78.27	109.58	90.00	126.00	20.18	2	3	9	

0	10	240.468	6
1	0.00	0.00	62.67	95.43	114.17	0	
2	62.67	95.43	76.11	115.89	24.47	1	9	
3	76.11	115.89	106.20	161.71	54.82	2	3	9	
4	106.20	161.71	106.70	162.47	0.91	3	3	9	10	
5	106.70	162.47	107.19	163.22	0.89	2	9	10	
6	107.19	163.22	132.00	201.00	45.20	1	10	

1	0	156.416	4
1	21.00	155.00	18.46	136.23	18.95	3	1	5	6	
2	18.46	136.23	15.90	117.34	19.05	1	6	
3	15.90	117.34	12.33	91.04	26.55	1	6	
4	12.33	91.04	0.00	0.00	91.87	0	

1	1	0	0

1	2	99.045	5
1	21.00	155.00	20.59	168.44	13.44	3	1	5	6	
2	20.59	168.44	19.85	192.98	24.56	1	5	
3	19.85	192.98	18.79	227.81	34.84	0	
4	18.79	227.81	18.33	243.00	15.20	0	
5	18.33	243.00	18.00	254.00	11.00	0	

1	3	96.768	6
1	21.00	155.00	49.73	145.63	30.22	3	1	5	6	
2	49.73	145.63	50.74	145.30	1.06	2	1	5	
3	50.74	145.30	53.38	144.44	2.78	1	1	
4	53.38	144.44	57.13	143.22	3.94	2	1	9	
5	57.13	143.22	76.87	136.78	20.77	1	9	
6	76.87	136.78	113.00	125.00	38.00	2	3	9	

1	4	178.911	7
1	21.00	155.00	37.32	138.29	23.36	3	1	5	6	
2	37.32	138.29	47.55	127.81	14.64	2	1	6	
3	47.55	127.81	49.00	126.33	2.08	1	6	
4	49.00	126.33	52.35	122.90	4.79	2	6	9	
5	52.35	122.90	89.35	85.01	52.97	1	9	
6	89.35	85.01	123.64	49.89	49.08	0	
7	123.64	49.89	146.00	27.00	32.00	1	4	

1	5	27.074	2
1	21.00	155.00	21.98	168.18	13.21	2	1	5	
2	21.98	168.18	23.00	182.00	13.86	2	1	5	

1	6	25.962	2
1	21.00	155.00	15.84	136.56	19.15	3	1	5	6	
2	15.84	136.56	14.00	130.00	6.81	2	1	6	

1	7	149.402	6
1	21.00	155.00	33.12	163.99	15.09	3	1	5	6	
2	33.12	163.99	51.52	177.64	22.91	2	1	5	
3	51.52	177.64	68.29	190.07	20.87	1	5	
4	68.29	190.07	85.02	202.48	20.84	0	
5	85.02	202.48	134.57	239.23	61.69	1	10	
6	134.57	239.23	141.00	244.00	8.00	2	7	10	

1	8	207.077	7
1	21.00	155.00	36.82	161.63	17.15	3	1	5	6	
2	36.82	161.63	56.05	169.68	20.85	2	1	5	
3	56.05	169.68	68.44	174.87	13.44	1	5	
4	68.44	174.87	88.48	183.26	21.72	0	
5	88.48	183.26	175.17	219.58	94.00	1	10	
6	175.17	219.58	177.87	220.71	2.93	0	
7	177.87	220.71	212.00	235.00	37.00	1	8	

1	9	74.847	6
1	21.00	155.00	48.25	143.55	29.56	3	1	5	6	
2	48.25	143.55	50.98	142.40	2.96	2	1	6	
3	50.98	142.40	52.20	141.89	1.33	1	1	
4	52.20	141.89	56.03	140.28	4.15	2	1	9	
5	56.03	140.28	75.66	132.03	21.29	1	9	
6	75.66	132.03	90.00	126.00	15.56	2	3	9	

1	10	120.154	5
1	21.00	155.00	36.88	161.58	17.19	3	1	5	6	
2	36.88	161.58	56.10	169.55	20.81	2	1	5	
3	56.10	169.55	68.41	174.65	13.32	1	5	
4	68.41	174.65	88.58	183.01	21.84	0	
5	88.58	183.01	132.00	201.00	47.00	1	10	

2	0	254.637	8
1	18.00	254.00	17.22	243.03	11.00	1	2	
2	17.22	243.03	16.12	227.48	15.58	0	
3	16.12	227.48	13.63	192.28	35.29	1	5	
4	13.63	192.28	11.97	168.95	23.39	1	5	
5	11.97	168.95	9.78	137.94	31.08	2	1	6	
6	9.78	137.94	8.44	119.13	18.85	1	6	
7	8.44	119.13	6.50	91.73	27.48	1	6	
8	6.50	91.73	0.00	0.00	91.96	0	

2	1	99.045	5
1	18.00	254.00	18.33	243.00	11.00	0	
2	18.33	243.00	18.79	227.81	15.20	0	
3	18.79	227.81	19.85	192.98	34.84	0	
4	19.85	192.98	20.59	168.44	24.56	1	5	
5	20.59	168.44	21.00	155.00	13.44	3	1	5	6	

2	2	0	0

2	3	160.206	6
1	18.00	254.00	24.52	245.14	11.00	1	2	
2	24.52	245.14	39.36	224.99	25.03	0	
3	39.36	224.99	68.91	184.87	49.83	1	5	
4	68.91	184.87	82.57	166.32	23.03	0	
5	82.57	166.32	90.47	155.60	13.32	1	9	
6	90.47	155.60	113.00	125.00	38.00	2	3	9	

2	4	260.601	9
1	18.00	254.00	23.40	244.42	11.00	1	2	
2	23.40	244.42	33.32	226.83	20.20	0	
3	33.32	226.83	66.70	167.63	67.95	1	5	
4	66.70	167.63	70.00	161.79	6.71	0	
5	70.00	161.79	80.06	143.94	20.49	1	9	
6	80.06	143.94	110.27	90.36	61.51	2	3	9	
7	110.27	90.36	112.16	87.01	3.85	1	3	
8	112.16	87.01	130.28	54.87	36.89	0	
9	130.28	54.87	146.00	27.00	32.00	1	4	

2	5	72.173	4
1	18.00	254.00	18.76	243.03	11.00	0	
2	18.76	243.03	19.81	227.89	15.17	0	
3	19.81	227.89	22.24	192.98	34.99	0	
4	22.24	192.98	23.00	182.00	11.01	1	5	

2	6	124.064	6
1	18.00	254.00	17.65	243.00	11.00	0	
2	17.65	243.00	17.15	227.63	15.39	0	
3	17.15	227.63	16.02	192.67	34.97	1	5	
4	16.02	192.67	15.26	168.98	23.71	1	5	
5	15.26	168.98	14.22	136.84	32.15	2	1	6	
6	14.22	136.84	14.00	130.00	6.85	2	1	6	

2	7	123.406	4
1	18.00	254.00	28.96	253.11	11.00	1	2	
2	28.96	253.11	118.01	245.87	89.34	0	
3	118.01	245.87	133.03	244.65	15.07	1	10	
4	133.03	244.65	141.00	244.00	8.00	2	7	10	

2	8	194.928	7
1	18.00	254.00	28.95	252.93	11.00	1	2	
2	28.95	252.93	114.36	244.56	85.82	0	
3	114.36	244.56	133.10	242.73	18.83	1	10	
4	133.10	242.73	148.50	241.22	15.47	2	7	10	
5	148.50	241.22	157.76	240.31	9.30	1	10	
6	157.76	240.31	175.18	238.61	17.50	0	
7	175.18	238.61	212.00	235.00	37.00	1	8	

2	9	146.860	6
1	18.00	254.00	23.39	244.41	11.00	1	2	
2	23.39	244.41	33.28	226.84	20.17	0	
3	33.28	226.84	66.66	167.50	68.08	1	5	
4	66.66	167.50	69.90	161.73	6.62	0	
5	69.90	161.73	79.98	143.81	20.57	1	9	
6	79.98	143.81	90.00	126.00	20.43	2	3	9	

2	10	125.718	3
1	18.00	254.00	27.97	249.36	11.00	1	2	
2	27.97	249.36	89.38	220.81	67.72	0	
3	89.38	220.81	132.00	201.00	47.00	1	10	

3	0	168.505	3
1	113.00	125.00	87.52	96.81	38.00	2	3	9	
2	87.52	96.81	78.36	86.69	13.65	1	9	
3	78.36	86.69	0.00	0.00	116.86	0	

3	1	96.768	6
1	113.00	125.00	76.87	136.78	38.00	2	3	9	
2	76.87	136.78	57.13	143.22	20.77	1	9	
3	57.13	143.22	53.38	144.44	3.94	2	1	9	
4	53.38	144.44	50.74	145.30	2.78	1	1	
5	50.74	145.30	49.73	145.63	1.06	2	1	5	
6	49.73	145.63	21.00	155.00	30.22	3	1	5	6	

3	2	160.206	6
1	113.00	125.00	90.47	155.60	38.00	2	3	9	
2	90.47	155.60	82.57	166.32	13.32	1	9	
3	82.57	166.32	68.91	184.87	23.03	0	
4	68.91	184.87	39.36	224.99	49.83	1	5	
5	39.36	224.99	24.52	245.14	25.03	0	
6	24.52	245.14	18.00	254.00	11.00	1	2	

3	3	0	0

3	4	103.407	4
1	113.00	125.00	121.50	99.76	26.64	2	3	9	
2	121.50	99.76	125.13	88.99	11.36	1	3	
3	125.13	88.99	135.79	57.33	33.41	0	
4	135.79	57.33	146.00	27.00	32.00	1	4	

3	5	106.532	5
1	113.00	125.00	80.90	145.33	38.00	2	3	9	
2	80.90	145.33	62.88	156.75	21.33	1	9	
3	62.88	156.75	61.86	157.39	1.20	0	
4	61.86	157.39	58.75	159.36	3.68	1	5	
5	58.75	159.36	23.00	182.00	42.32	2	1	5	

3	6	99.126	5
1	113.00	125.00	75.05	126.92	38.00	2	3	9	
2	75.05	126.92	52.95	128.03	22.13	1	9	
3	52.95	128.03	49.06	128.23	3.89	2	6	9	
4	49.06	128.23	48.02	128.28	1.04	1	6	
5	48.02	128.28	14.00	130.00	34.06	2	1	6	

3	7	122.250	5
1	113.00	125.00	119.85	154.11	29.90	2	3	9	
2	119.85	154.11	120.18	155.51	1.44	1	3	
3	120.18	155.51	121.70	161.99	6.66	2	3	10	
4	121.70	161.99	139.17	236.21	76.25	1	10	
5	139.17	236.21	141.00	244.00	8.00	2	7	10	

3	8	147.990	6
1	113.00	125.00	127.92	141.58	22.31	2	3	9	
2	127.92	141.58	138.42	153.25	15.69	1	3	
3	138.42	153.25	139.67	154.63	1.86	0	
4	139.67	154.63	178.92	198.24	58.68	1	10	
5	178.92	198.24	187.25	207.50	12.45	0	
6	187.25	207.50	212.00	235.00	37.00	1	8	

3	9	23.022	1
1	113.00	125.00	90.00	126.00	23.02	2	3	9	

3	10	78.339	4
1	113.00	125.00	120.19	153.75	29.63	2	3	9	
2	120.19	153.75	120.60	155.40	1.71	1	3	
3	120.60	155.40	122.22	161.87	6.66	1	10	
4	122.22	161.87	132.00	201.00	40.34	1	10	

4	0	148.476	2
1	146.00	27.00	114.53	21.18	32.00	1	4	
2	114.53	21.18	0.00	0.00	116.48	0	

4	1	178.911	7
1	146.00	27.00	123.64	49.89	32.00	1	4	
2	123.64	49.89	89.35	85.01	49.08	0	
3	89.35	85.01	52.35	122.90	52.97	1	9	
4	52.35	122.90	49.00	126.33	4.79	2	6	9	
5	49.00	126.33	47.55	127.81	2.08	1	6	
6	47.55	127.81	37.32	138.29	14.64	2	1	6	
7	37.32	138.29	21.00	155.00	23.36	3	1	5	6	

4	2	260.601	9
1	146.00	27.00	130.28	54.87	32.00	1	4	
2	130.28	54.87	112.16	87.01	36.89	0	
3	112.16	87.01	110.27	90.36	3.85	1	3	
4	110.27	90.36	80.06	143.94	61.51	2	3	9	
5	80.06	143.94	70.00	161.79	20.49	1	9	
6	70.00	161.79	66.70	167.63	6.71	0	
7	66.70	167.63	33.32	226.83	67.95	1	5	
8	33.32	226.83	23.40	244.42	20.20	0	
9	23.40	244.42	18.00	254.00	11.00	1	2	

4	3	103.407	4
1	146.00	27.00	135.79	57.33	32.00	1	4	
2	135.79	57.33	125.13	88.99	33.41	0	
3	125.13	88.99	121.50	99.76	11.36	1	3	
4	121.50	99.76	113.00	125.00	26.64	2	3	9	

4	4	0	0

4	5	197.874	8
1	146.00	27.00	126.11	52.07	32.00	1	4	
2	126.11	52.07	99.15	86.03	43.36	0	
3	99.15	86.03	94.63	91.74	7.28	1	9	
4	94.63	91.74	76.43	114.67	29.27	2	3	9	
5	76.43	114.67	56.06	140.34	32.78	1	9	
6	56.06	140.34	53.16	143.99	4.66	2	1	9	
7	53.16	143.99	51.59	145.97	2.52	1	1	
8	51.59	145.97	23.00	182.00	46.00	2	1	5	

4	6	167.431	4
1	146.00	27.00	120.77	46.69	32.00	1	4	
2	120.77	46.69	44.75	106.01	96.43	0	
3	44.75	106.01	29.44	117.95	19.41	1	6	
4	29.44	117.95	14.00	130.00	19.59	2	1	6	

4	7	217.058	6
1	146.00	27.00	145.26	58.99	32.00	1	4	
2	145.26	58.99	144.24	103.37	44.39	0	
3	144.24	103.37	143.21	148.05	44.70	0	
4	143.21	148.05	143.04	155.32	7.27	0	
5	143.04	155.32	141.18	236.00	80.71	1	10	
6	141.18	236.00	141.00	244.00	8.00	1	10	

4	8	218.220	3
1	146.00	27.00	155.68	57.50	32.00	1	4	
2	155.68	57.50	200.81	199.73	149.22	0	
3	200.81	199.73	212.00	235.00	37.00	1	8	

4	9	113.741	4
1	146.00	27.00	130.24	54.85	32.00	1	4	
2	130.24	54.85	112.05	87.01	36.95	0	
3	112.05	87.01	110.19	90.31	3.79	1	3	
4	110.19	90.31	90.00	126.00	41.00	2	3	9	

4	10	174.562	5
1	146.00	27.00	143.43	58.90	32.00	1	4	
2	143.43	58.90	140.25	98.51	39.74	0	
3	140.25	98.51	135.77	154.15	55.82	1	3	
4	135.77	154.15	135.66	155.50	1.36	2	3	10	
5	135.66	155.50	132.00	201.00	45.64	1	10	

5	0	183.448	5
1	23.00	182.00	21.27	168.32	13.79	2	1	5	
2	21.27	168.32	17.23	136.36	32.21	3	1	5	6	
3	17.23	136.36	14.85	117.50	19.01	1	6	
4	14.85	117.50	11.51	91.08	26.63	1	6	
5	11.51	91.08	0.00	0.00	91.80	0	

5	1	27.074	2
1	23.00	182.00	21.98	168.18	13.86	2	1	5	
2	21.98	168.18	21.00	155.00	13.21	2	1	5	

5	2	72.173	4
1	23.00	182.00	22.24	192.98	11.01	1	5	
2	22.24	192.98	19.81	227.89	34.99	0	
3	19.81	227.89	18.76	243.03	15.17	0	
4	18.76	243.03	18.00	254.00	11.00	0	

5	3	106.532	5
1	23.00	182.00	58.75	159.36	42.32	2	1	5	
2	58.75	159.36	61.86	157.39	3.68	1	5	
3	61.86	157.39	62.88	156.75	1.20	0	
4	62.88	156.75	80.90	145.33	21.33	1	9	
5	80.90	145.33	113.00	125.00	38.00	2	3	9	

5	4	197.874	8
1	23.00	182.00	51.59	145.97	46.00	2	1	5	
2	51.59	145.97	53.16	143.99	2.52	1	1	
3	53.16	143.99	56.06	140.34	4.66	2	1	9	
4	56.06	140.34	76.43	114.67	32.78	1	9	
5	76.43	114.67	94.63	91.74	29.27	2	3	9	
6	94.63	91.74	99.15	86.03	7.28	1	9	
7	99.15	86.03	126.11	52.07	43.36	0	
8	126.11	52.07	146.00	27.00	32.00	1	4	

5	5	0	0

5	6	52.773	3
1	23.00	182.00	20.65	168.43	13.77	2	1	5	
2	20.65	168.43	15.16	136.67	32.23	3	1	5	6	
3	15.16	136.67	14.00	130.00	6.77	2	1	6	

5	7	133.297	5
1	23.00	182.00	37.11	189.41	15.94	2	1	5	
2	37.11	189.41	63.72	203.40	30.06	1	5	
3	63.72	203.40	87.40	215.84	26.75	0	
4	87.40	215.84	133.92	240.28	52.54	1	10	
5	133.92	240.28	141.00	244.00	8.00	2	7	10	

5	8	196.291	6
1	23.00	182.00	41.29	187.13	19.00	2	1	5	
2	41.29	187.13	67.29	194.42	27.00	1	5	
3	67.29	194.42	85.03	199.39	18.42	0	
4	85.03	199.39	172.96	224.05	91.32	1	10	
5	172.96	224.05	176.37	225.01	3.55	0	
6	176.37	225.01	212.00	235.00	37.00	1	8	

5	9	87.321	5
1	23.00	182.00	58.30	152.50	46.00	2	1	5	
2	58.30	152.50	58.54	152.29	0.32	1	1	
3	58.54	152.29	58.88	152.01	0.44	2	1	9	
4	58.88	152.01	76.92	136.93	23.51	1	9	
5	76.92	136.93	90.00	126.00	17.05	2	3	9	

5	10	110.644	4
1	23.00	182.00	43.55	185.58	20.86	2	1	5	
2	43.55	185.58	68.32	189.90	25.14	1	5	
3	68.32	189.90	85.70	192.93	17.64	0	
4	85.70	192.93	132.00	201.00	47.00	1	10	

6	0	130.752	3
1	14.00	130.00	12.70	117.92	12.15	1	6	
2	12.70	117.92	9.82	91.22	26.85	0	
3	9.82	91.22	0.00	0.00	91.75	0	

6	1	25.962	2
1	14.00	130.00	15.84	136.56	6.81	2	1	6	
2	15.84	136.56	21.00	155.00	19.15	3	1	5	6	

6	2	124.064	6
1	14.00	130.00	14.22	136.84	6.85	2	1	6	
2	14.22	136.84	15.26	168.98	32.15	2	1	6	
3	15.26	168.98	16.02	192.67	23.71	1	5	
4	16.02	192.67	17.15	227.63	34.97	1	5	
5	17.15	227.63	17.65	243.00	15.39	0	
6	17.65	243.00	18.00	254.00	11.00	0	

6	3	99.126	5
1	14.00	130.00	48.02	128.28	34.06	2	1	6	
2	48.02	128.28	49.06	128.23	1.04	1	6	
3	49.06	128.23	52.95	128.03	3.89	2	6	9	
4	52.95	128.03	75.05	126.92	22.13	1	9	
5	75.05	126.92	113.00	125.00	38.00	2	3	9	

6	4	167.431	4
1	14.00	130.00	29.44	117.95	19.59	2	1	6	
2	29.44	117.95	44.75	106.01	19.41	1	6	
3	44.75	106.01	120.77	46.69	96.43	0	
4	120.77	46.69	146.00	27.00	32.00	1	4	

6	5	52.773	3
1	14.00	130.00	15.16	136.67	6.77	2	1	6	
2	15.16	136.67	20.65	168.43	32.23	3	1	5	6	
3	20.65	168.43	23.00	182.00	13.77	2	1	5	

6	6	0	0

6	7	170.660	7
1	14.00	130.00	20.75	136.06	9.06	2	1	6	
2	20.75	136.06	43.02	156.05	29.94	3	1	5	6	
3	43.02	156.05	56.61	168.25	18.26	2	1	5	
4	56.61	168.25	68.92	179.30	16.54	1	5	
5	68.92	179.30	85.50	194.18	22.28	0	
6	85.50	194.18	135.05	238.66	66.58	1	10	
7	135.05	238.66	141.00	244.00	8.00	2	7	10	

6	8	224.118	10
1	14.00	130.00	25.44	136.06	12.94	2	1	6	
2	25.44	136.06	48.45	148.27	26.06	3	1	5	6	
3	48.45	148.27	58.98	153.85	11.92	2	1	5	
4	58.98	153.85	59.66	154.21	0.77	1	5	
5	59.66	154.21	60.88	154.86	1.38	0	
6	60.88	154.86	82.45	166.30	24.42	1	9	
7	82.45	166.30	94.49	172.68	13.63	0	
8	94.49	172.68	176.49	216.17	92.81	1	10	
9	176.49	216.17	179.31	217.67	3.20	0	
10	179.31	217.67	212.00	235.00	37.00	1	8	

6	9	76.105	5
1	14.00	130.00	47.95	128.21	34.00	2	1	6	
2	47.95	128.21	49.06	128.15	1.11	1	6	
3	49.06	128.15	52.95	127.95	3.89	2	6	9	
4	52.95	127.95	75.04	126.79	22.13	1	9	
5	75.04	126.79	90.00	126.00	14.98	2	3	9	

6	10	137.713	6
1	14.00	130.00	23.99	136.01	11.66	2	1	6	
2	23.99	136.01	47.42	150.11	27.34	3	1	5	6	
3	47.42	150.11	58.95	157.04	13.45	2	1	5	
4	58.95	157.04	63.17	159.58	4.93	1	5	
5	63.17	159.58	91.73	176.77	33.33	0	
6	91.73	176.77	132.00	201.00	47.00	1	10	

7	0	281.810	7
1	141.00	244.00	137.00	237.07	8.00	2	7	10	
2	137.00	237.07	97.63	168.94	78.69	1	10	
3	97.63	168.94	96.23	166.52	2.80	0	
4	96.23	166.52	89.48	154.85	13.49	1	9	
5	89.48	154.85	75.40	130.47	28.15	2	3	9	
6	75.40	130.47	58.00	100.37	34.77	1	9	
7	58.00	100.37	0.00	0.00	115.92	0	

7	1	149.402	6
1	141.00	244.00	134.57	239.23	8.00	2	7	10	
2	134.57	239.23	85.02	202.48	61.69	1	10	
3	85.02	202.48	68.29	190.07	20.84	0	
4	68.29	190.07	51.52	177.64	20.87	1	5	
5	51.52	177.64	33.12	163.99	22.91	2	1	5	
6	33.12	163.99	21.00	155.00	15.09	3	1	5	6	

7	2	123.406	4
1	141.00	244.00	133.03	244.65	8.00	2	7	10	
2	133.03	244.65	118.01	245.87	15.07	1	10	
3	118.01	245.87	28.96	253.11	89.34	0	
4	28.96	253.11	18.00	254.00	11.00	1	2	

7	3	122.250	5
1	141.00	244.00	139.17	236.21	8.00	2	7	10	
2	139.17	236.21	121.70	161.99	76.25	1	10	
3	121.70	161.99	120.18	155.51	6.66	2	3	10	
4	120.18	155.51	119.85	154.11	1.44	1	3	
5	119.85	154.11	113.00	125.00	29.90	2	3	9	

7	4	217.058	6
1	141.00	244.00	141.18	236.00	8.00	1	10	
2	141.18	236.00	143.04	155.32	80.71	1	10	
3	143.04	155.32	143.21	148.05	7.27	0	
4	143.21	148.05	144.24	103.37	44.70	0	
5	144.24	103.37	145.26	58.99	44.39	0	
6	145.26	58.99	146.00	27.00	32.00	1	4	

7	5	133.297	5
1	141.00	244.00	133.92	240.28	8.00	2	7	10	
2	133.92	240.28	87.40	215.84	52.54	1	10	
3	87.40	215.84	63.72	203.40	26.75	0	
4	63.72	203.40	37.11	189.41	30.06	1	5	
5	37.11	189.41	23.00	182.00	15.94	2	1	5	

7	6	170.660	7
1	141.00	244.00	135.05	238.66	8.00	2	7	10	
2	135.05	238.66	85.50	194.18	66.58	1	10	
3	85.50	194.18	68.92	179.30	22.28	0	
4	68.92	179.30	56.61	168.25	16.54	1	5	
5	56.61	168.25	43.02	156.05	18.26	2	1	5	
6	43.02	156.05	20.75	136.06	29.94	3	1	5	6	
7	20.75	136.06	14.00	130.00	9.06	2	1	6	

7	7	0	0

7	8	71.568	4
1	141.00	244.00	148.94	242.99	8.00	2	7	10	
2	148.94	242.99	154.44	242.30	5.55	1	10	
3	154.44	242.30	175.29	239.65	21.02	0	
4	175.29	239.65	212.00	235.00	37.00	1	8	

7	9	128.550	5
1	141.00	244.00	137.83	236.66	8.00	2	7	10	
2	137.83	236.66	106.27	163.64	79.55	1	10	
3	106.27	163.64	105.68	162.29	1.47	2	9	10	
4	105.68	162.29	105.61	162.11	0.19	3	3	9	10	
5	105.61	162.11	90.00	126.00	39.34	2	3	9	

7	10	43.932	2
1	141.00	244.00	139.36	236.17	8.00	2	7	10	
2	139.36	236.17	132.00	201.00	35.93	1	10	

8	0	316.495	8
1	212.00	235.00	187.22	207.53	37.00	1	8	
2	187.22	207.53	178.92	198.34	12.38	0	
3	178.92	198.34	139.47	154.60	58.91	1	10	
4	139.47	154.60	138.32	153.33	1.70	0	
5	138.32	153.33	127.86	141.73	15.62	1	3	
6	127.86	141.73	87.42	96.90	60.38	2	3	9	
7	87.42	96.90	78.24	86.72	13.71	1	9	
8	78.24	86.72	0.00	0.00	116.80	0	

8	1	207.077	7
1	212.00	235.00	177.87	220.71	37.00	1	8	
2	177.87	220.71	175.17	219.58	2.93	0	
3	175.17	219.58	88.48	183.26	94.00	1	10	
4	88.48	183.26	68.44	174.87	21.72	0	
5	68.44	174.87	56.05	169.68	13.44	1	5	
6	56.05	169.68	36.82	161.63	20.85	2	1	5	
7	36.82	161.63	21.00	155.00	17.15	3	1	5	6	

8	2	194.928	7
1	212.00	235.00	175.18	238.61	37.00	1	8	
2	175.18	238.61	157.76	240.31	17.50	0	
3	157.76	240.31	148.50	241.22	9.30	1	10	
4	148.50	241.22	133.10	242.73	15.47	2	7	10	
5	133.10	242.73	114.36	244.56	18.83	1	10	
6	114.36	244.56	28.95	252.93	85.82	0	
7	28.95	252.93	18.00	254.00	11.00	1	2	

8	3	147.990	6
1	212.00	235.00	187.25	207.50	37.00	1	8	
2	187.25	207.50	178.92	198.24	12.45	0	
3	178.92	198.24	139.67	154.63	58.68	1	10	
4	139.67	154.63	138.42	153.25	1.86	0	
5	138.42	153.25	127.92	141.58	15.69	1	3	
6	127.92	141.58	113.00	125.00	22.31	2	3	9	

8	4	218.220	3
1	212.00	235.00	200.81	199.73	37.00	1	8	
2	200.81	199.73	155.68	57.50	149.22	0	
3	155.68	57.50	146.00	27.00	32.00	1	4	

8	5	196.291	6
1	212.00	235.00	176.37	225.01	37.00	1	8	
2	176.37	225.01	172.96	224.05	3.55	0	
3	172.96	224.05	85.03	199.39	91.32	1	10	
4	85.03	199.39	67.29	194.42	18.42	0	
5	67.29	194.42	41.29	187.13	27.00	1	5	
6	41.29	187.13	23.00	182.00	19.00	2	1	5	

8	6	224.118	10
1	212.00	235.00	179.31	217.67	37.00	1	8	
2	179.31	217.67	176.49	216.17	3.20	0	
3	176.49	216.17	94.49	172.68	92.81	1	10	
4	94.49	172.68	82.45	166.30	13.63	0	
5	82.45	166.30	60.88	154.86	24.42	1	9	
6	60.88	154.86	59.66	154.21	1.38	0	
7	59.66	154.21	58.98	153.85	0.77	1	5	
8	58.98	153.85	48.45	148.27	11.92	2	1	5	
9	48.45	148.27	25.44	136.06	26.06	3	1	5	6	
10	25.44	136.06	14.00	130.00	12.94	2	1	6	

8	7	71.568	4
1	212.00	235.00	175.29	239.65	37.00	1	8	
2	175.29	239.65	154.44	242.30	21.02	0	
3	154.44	242.30	148.94	242.99	5.55	1	10	
4	148.94	242.99	141.00	244.00	8.00	2	7	10	

8	8	0	0

8	9	163.600	6
1	212.00	235.00	184.41	210.35	37.00	1	8	
2	184.41	210.35	178.80	205.34	7.52	0	
3	178.80	205.34	127.97	159.93	68.16	1	10	
4	127.97	159.93	122.44	154.98	7.42	2	3	10	
5	122.44	154.98	120.57	153.32	2.50	1	3	
6	120.57	153.32	90.00	126.00	41.00	2	3	9	

8	10	86.925	3
1	212.00	235.00	177.95	220.53	37.00	1	8	
2	177.95	220.53	175.26	219.38	2.93	0	
3	175.26	219.38	132.00	201.00	47.00	1	10	

9	0	154.842	3
1	90.00	126.00	78.27	109.58	20.18	2	3	9	
2	78.27	109.58	66.17	92.64	20.82	1	9	
3	66.17	92.64	0.00	0.00	113.84	0	

9	1	74.847	6
1	90.00	126.00	75.66	132.03	15.56	2	3	9	
2	75.66	132.03	56.03	140.28	21.29	1	9	
3	56.03	140.28	52.20	141.89	4.15	2	1	9	
4	52.20	141.89	50.98	142.40	1.33	1	1	
5	50.98	142.40	48.25	143.55	2.96	2	1	6	
6	48.25	143.55	21.00	155.00	29.56	3	1	5	6	

9	2	146.860	6
1	90.00	126.00	79.98	143.81	20.43	2	3	9	
2	79.98	143.81	69.90	161.73	20.57	1	9	
3	69.90	161.73	66.66	167.50	6.62	0	
4	66.66	167.50	33.28	226.84	68.08	1	5	
5	33.28	226.84	23.39	244.41	20.17	0	
6	23.39	244.41	18.00	254.00	11.00	1	2	

9	3	23.022	1
1	90.00	126.00	113.00	125.00	23.02	2	3	9	

9	4	113.741	4
1	90.00	126.00	110.19	90.31	41.00	2	3	9	
2	110.19	90.31	112.05	87.01	3.79	1	3	
3	112.05	87.01	130.24	54.85	36.95	0	
4	130.24	54.85	146.00	27.00	32.00	1	4	

9	5	87.321	5
1	90.00	126.00	76.92	136.93	17.05	2	3	9	
2	76.92	136.93	58.88	152.01	23.51	1	9	
3	58.88	152.01	58.54	152.29	0.44	2	1	9	
4	58.54	152.29	58.30	152.50	0.32	1	1	
5	58.30	152.50	23.00	182.00	46.00	2	1	5	

9	6	76.105	5
1	90.00	126.00	75.04	126.79	14.98	2	3	9	
2	75.04	126.79	52.95	127.95	22.13	1	9	
3	52.95	127.95	49.06	128.15	3.89	2	6	9	
4	49.06	128.15	47.95	128.21	1.11	1	6	
5	47.95	128.21	14.00	130.00	34.00	2	1	6	

9	7	128.550	5
1	90.00	126.00	105.61	162.11	39.34	2	3	9	
2	105.61	162.11	105.68	162.29	0.19	3	3	9	10	
3	105.68	162.29	106.27	163.64	1.47	2	9	10	
4	106.27	163.64	137.83	236.66	79.55	1	10	
5	137.83	236.66	141.00	244.00	8.00	2	7	10	

9	8	163.600	6
1	90.00	126.00	120.57	153.32	41.00	2	3	9	
2	120.57	153.32	122.44	154.98	2.50	1	3	
3	122.44	154.98	127.97	159.93	7.42	2	3	10	
4	127.97	159.93	178.80	205.34	68.16	1	10	
5	178.80	205.34	184.41	210.35	7.52	0	
6	184.41	210.35	212.00	235.00	37.00	1	8	

9	9	0	0

9	10	85.959	4
1	90.00	126.00	109.04	159.99	38.96	2	3	9	
2	109.04	159.99	110.03	161.77	2.04	2	3	9	
3	110.03	161.77	110.68	162.93	1.33	2	3	10	
4	110.68	162.93	132.00	201.00	43.63	1	10	

10	0	240.468	6
1	132.00	201.00	107.19	163.22	45.20	1	10	
2	107.19	163.22	106.70	162.47	0.89	2	9	10	
3	106.70	162.47	106.20	161.71	0.91	3	3	9	10	
4	106.20	161.71	76.11	115.89	54.82	2	3	9	
5	76.11	115.89	62.67	95.43	24.47	1	9	
6	62.67	95.43	0.00	0.00	114.17	0	

10	1	120.154	5
1	132.00	201.00	88.58	183.01	47.00	1	10	
2	88.58	183.01	68.41	174.65	21.84	0	
3	68.41	174.65	56.10	169.55	13.32	1	5	
4	56.10	169.55	36.88	161.58	20.81	2	1	5	
5	36.88	161.58	21.00	155.00	17.19	3	1	5	6	

10	2	125.718	3
1	132.00	201.00	89.38	220.81	47.00	1	10	
2	89.38	220.81	27.97	249.36	67.72	0	
3	27.97	249.36	18.00	254.00	11.00	1	2	

10	3	78.339	4
1	132.00	201.00	122.22	161.87	40.34	1	10	
2	122.22	161.87	120.60	155.40	6.66	1	10	
3	120.60	155.40	120.19	153.75	1.71	1	3	
4	120.19	153.75	113.00	125.00	29.63	2	3	9	

10	4	174.562	5
1	132.00	201.00	135.66	155.50	45.64	1	10	
2	135.66	155.50	135.77	154.15	1.36	2	3	10	
3	135.77	154.15	140.25	98.51	55.82	1	3	
4	140.25	98.51	143.43	58.90	39.74	0	
5	143.43	58.90	146.00	27.00	32.00	1	4	

10	5	110.644	4
1	132.00	201.00	85.70	192.93	47.00	1	10	
2	85.70	192.93	68.32	189.90	17.64	0	
3	68.32	189.90	43.55	185.58	25.14	1	5	
4	43.55	185.58	23.00	182.00	20.86	2	1	5	

10	6	137.713	6
1	132.00	201.00	91.73	176.77	47.00	1	10	
2	91.73	176.77	63.17	159.58	33.33	0	
3	63.17	159.58	58.95	157.04	4.93	1	5	
4	58.95	157.04	47.42	150.11	13.45	2	1	5	
5	47.42	150.11	23.99	136.01	27.34	3	1	5	6	
6	23.99	136.01	14.00	130.00	11.66	2	1	6	

10	7	43.932	2
1	132.00	201.00	139.36	236.17	35.93	1	10	
2	139.36	236.17	141.00	244.00	8.00	2	7	10	

10	8	86.925	3
1	132.00	201.00	175.26	219.38	47.00	1	10	
2	175.26	219.38	177.95	220.53	2.93	0	
3	177.95	220.53	212.00	235.00	37.00	1	8	

10	9	85.959	4
1	132.00	201.00	110.68	162.93	43.63	1	10	
2	110.68	162.93	110.03	161.77	1.33	2	3	10	
3	110.03	161.77	109.04	159.99	2.04	2	3	9	
4	109.04	159.99	90.00	126.00	38.96	2	3	9	

10	10	0	0