11	155	2	0.001	40.0
0.000	0.000	0.000	10.000	0.000
280.000	168.000	25.000	7.000	14.000
124.000	111.000	10.000	9.000	14.000
61.000	201.000	4.000	10.000	14.000
177.000	239.000	34.000	6.000	11.000
16.000	254.000	16.000	9.000	8.000
14.000	1.000	38.000	1.000	10.000
38.000	178.000	33.000	3.000	5.000
99.000	214.000	19.000	1.000	1.000
135.000	292.000	16.000	1.000	12.000
155.000	25.000	46.000	2.000	17.000

0	0	0	0

0	1	326.533	3
1	0.00	0.00	42.86	25.72	49.99	1	6	
2	42.86	25.72	258.56	155.14	251.55	0	
3	258.56	155.14	280.00	168.00	25.00	1	1	

0	2	166.424	3
1	0.00	0.00	35.85	32.09	48.11	1	6	
2	35.85	32.09	116.55	104.33	108.31	0	
3	116.55	104.33	124.00	111.00	10.00	1	2	

0	3	210.052	4
1	0.00	0.00	11.82	38.94	40.69	1	6	
2	11.82	38.94	44.18	145.58	111.45	0	
3	44.18	145.58	59.84	197.17	53.91	1	7	
4	59.84	197.17	61.00	201.00	4.00	2	3	7	

0	4	297.405	3
1	0.00	0.00	27.15	36.65	45.61	1	6	
2	27.15	36.65	156.76	211.68	217.79	0	
3	156.76	211.68	177.00	239.00	34.00	1	4	

0	5	254.503	5
1	0.00	0.00	2.34	37.17	37.24	1	6	
2	2.34	37.17	10.10	160.37	123.45	0	
3	10.10	160.37	12.53	198.99	38.69	0	
4	12.53	198.99	14.99	238.03	39.12	0	
5	14.99	238.03	16.00	254.00	16.00	0	

0	6	14.036	1
1	0.00	0.00	14.00	1.00	14.04	1	6	

0	7	182.011	3
1	0.00	0.00	8.23	38.56	39.43	1	6	
2	8.23	38.56	31.11	145.73	109.58	0	
3	31.11	145.73	38.00	178.00	33.00	1	7	

0	8	235.790	3
1	0.00	0.00	17.95	38.79	42.74	1	6	
2	17.95	38.79	91.02	196.76	174.05	0	
3	91.02	196.76	99.00	214.00	19.00	1	8	

0	9	321.697	5
1	0.00	0.00	17.94	38.80	42.74	1	6	
2	17.94	38.80	90.98	196.78	174.05	0	
3	90.98	196.78	106.92	231.27	38.00	1	8	
4	106.92	231.27	128.29	277.48	50.91	0	
5	128.29	277.48	135.00	292.00	16.00	1	9	

0	10	157.003	3
1	0.00	0.00	51.30	8.27	51.96	1	6	
2	51.30	8.27	109.59	17.68	59.04	0	
3	109.59	17.68	155.00	25.00	46.00	1	10	

1	0	326.533	3
1	280.00	168.00	258.56	155.14	25.00	1	1	
2	258.56	155.14	42.86	25.72	251.55	0	
3	42.86	25.72	0.00	0.00	49.99	1	6	

1	1	0	0

1	2	166.087	3
1	280.00	168.00	256.52	159.42	25.00	1	1	
2	256.52	159.42	133.39	114.43	131.09	0	
3	133.39	114.43	124.00	111.00	10.00	1	2	

1	3	221.472	6
1	280.00	168.00	255.28	171.73	25.00	1	1	
2	255.28	171.73	100.45	195.06	156.58	0	
3	100.45	195.06	92.03	196.32	8.51	1	8	
4	92.03	196.32	64.96	200.40	27.38	0	
5	64.96	200.40	61.78	200.88	3.21	1	3	
6	61.78	200.88	61.00	201.00	0.79	2	3	7	

1	4	125.100	3
1	280.00	168.00	259.42	182.19	25.00	1	1	
2	259.42	182.19	204.99	219.70	66.10	0	
3	204.99	219.70	177.00	239.00	34.00	1	4	

1	5	277.654	5
1	280.00	168.00	256.23	175.74	25.00	1	1	
2	256.23	175.74	116.57	221.24	146.89	0	
3	116.57	221.24	89.07	230.20	28.92	1	8	
4	89.07	230.20	31.21	249.04	60.85	0	
5	31.21	249.04	16.00	254.00	16.00	1	5	

1	6	314.078	3
1	280.00	168.00	258.83	154.71	25.00	1	1	
2	258.83	154.71	46.18	21.21	251.08	0	
3	46.18	21.21	14.00	1.00	38.00	1	6	

1	7	242.207	3
1	280.00	168.00	255.02	169.03	25.00	1	1	
2	255.02	169.03	70.97	176.64	184.21	0	
3	70.97	176.64	38.00	178.00	33.00	1	7	

1	8	186.754	3
1	280.00	168.00	255.77	174.16	25.00	1	1	
2	255.77	174.16	117.41	209.32	142.75	0	
3	117.41	209.32	99.00	214.00	19.00	1	8	

1	9	190.790	5
1	280.00	168.00	261.00	184.25	25.00	1	1	
2	261.00	184.25	209.32	228.44	68.00	0	
3	209.32	228.44	161.56	269.29	62.85	1	4	
4	161.56	269.29	147.16	281.60	18.94	0	
5	147.16	281.60	135.00	292.00	16.00	1	9	

1	10	189.932	3
1	280.00	168.00	263.55	149.18	25.00	1	1	
2	263.55	149.18	185.27	59.63	118.93	0	
3	185.27	59.63	155.00	25.00	46.00	1	10	

2	0	166.424	3
1	124.00	111.00	116.55	104.33	10.00	1	2	
2	116.55	104.33	35.85	32.09	108.31	0	
3	35.85	32.09	0.00	0.00	48.11	1	6	

2	1	166.087	3
1	124.00	111.00	133.39	114.43	10.00	1	2	
2	133.39	114.43	256.52	159.42	131.09	0	
3	256.52	159.42	280.00	168.00	25.00	1	1	

2	2	0	0

2	3	109.859	4
1	124.00	111.00	118.27	119.19	10.00	1	2	
2	118.27	119.19	68.79	189.87	86.27	0	
3	68.79	189.87	63.29	197.72	9.59	1	7	
4	63.29	197.72	61.00	201.00	4.00	2	3	7	

2	4	138.539	3
1	124.00	111.00	127.83	120.24	10.00	1	2	
2	127.83	120.24	163.99	207.59	94.54	0	
3	163.99	207.59	177.00	239.00	34.00	1	4	

2	5	179.201	7
1	124.00	111.00	117.97	118.98	10.00	1	2	
2	117.97	118.98	70.82	181.41	78.23	0	
3	70.82	181.41	58.14	198.20	21.04	1	7	
4	58.14	198.20	57.53	199.01	1.02	2	3	7	
5	57.53	199.01	50.26	208.64	12.06	1	7	
6	50.26	208.64	25.64	241.23	40.85	0	
7	25.64	241.23	16.00	254.00	16.00	1	5	

2	6	155.563	3
1	124.00	111.00	116.93	103.93	10.00	1	2	
2	116.93	103.93	40.87	27.87	107.56	0	
3	40.87	27.87	14.00	1.00	38.00	1	6	

2	7	109.018	3
1	124.00	111.00	116.11	117.15	10.00	1	2	
2	116.11	117.15	64.03	157.72	66.02	0	
3	64.03	157.72	38.00	178.00	33.00	1	7	

2	8	105.991	3
1	124.00	111.00	121.64	120.72	10.00	1	2	
2	121.64	120.72	103.48	195.54	76.99	0	
3	103.48	195.54	99.00	214.00	19.00	1	8	

2	9	181.334	3
1	124.00	111.00	124.61	120.98	10.00	1	2	
2	124.61	120.98	134.03	276.03	155.33	0	
3	134.03	276.03	135.00	292.00	16.00	1	9	

2	10	91.417	3
1	124.00	111.00	127.39	101.59	10.00	1	2	
2	127.39	101.59	139.40	68.27	35.42	0	
3	139.40	68.27	155.00	25.00	46.00	1	10	

3	0	210.052	4
1	61.00	201.00	59.84	197.17	4.00	2	3	7	
2	59.84	197.17	44.18	145.58	53.91	1	7	
3	44.18	145.58	11.82	38.94	111.45	0	
4	11.82	38.94	0.00	0.00	40.69	1	6	

3	1	221.472	6
1	61.00	201.00	61.78	200.88	0.79	2	3	7	
2	61.78	200.88	64.96	200.40	3.21	1	3	
3	64.96	200.40	92.03	196.32	27.38	0	
4	92.03	196.32	100.45	195.06	8.51	1	8	
5	100.45	195.06	255.28	171.73	156.58	0	
6	255.28	171.73	280.00	168.00	25.00	1	1	

3	2	109.859	4
1	61.00	201.00	63.29	197.72	4.00	2	3	7	
2	63.29	197.72	68.79	189.87	9.59	1	7	
3	68.79	189.87	118.27	119.19	86.27	0	
4	118.27	119.19	124.00	111.00	10.00	1	2	

3	3	0	0

3	4	122.066	6
1	61.00	201.00	61.50	201.16	0.53	2	3	7	
2	61.50	201.16	64.80	202.25	3.47	1	3	
3	64.80	202.25	81.11	207.59	17.17	0	
4	81.11	207.59	117.21	219.41	37.99	1	8	
5	117.21	219.41	144.69	228.42	28.91	0	
6	144.69	228.42	177.00	239.00	34.00	1	4	

3	5	69.527	4
1	61.00	201.00	58.72	203.68	3.52	2	3	7	
2	58.72	203.68	58.41	204.05	0.48	1	3	
3	58.41	204.05	26.36	241.80	49.53	0	
4	26.36	241.80	16.00	254.00	16.00	1	5	

3	6	205.448	4
1	61.00	201.00	60.08	197.11	4.00	2	3	7	
2	60.08	197.11	48.22	146.62	51.86	1	7	
3	48.22	146.62	22.69	37.99	111.59	0	
4	22.69	37.99	14.00	1.00	38.00	1	6	

3	7	32.527	2
1	61.00	201.00	58.17	198.17	4.00	2	3	7	
2	58.17	198.17	38.00	178.00	28.53	1	7	

3	8	40.162	4
1	61.00	201.00	61.50	201.17	0.53	2	3	7	
2	61.50	201.17	64.78	202.29	3.47	1	3	
3	64.78	202.29	81.02	207.85	17.16	0	
4	81.02	207.85	99.00	214.00	19.00	1	8	

3	9	117.290	4
1	61.00	201.00	61.30	201.37	0.48	2	3	7	
2	61.30	201.37	63.52	204.10	3.52	1	3	
3	63.52	204.10	124.91	279.59	97.29	0	
4	124.91	279.59	135.00	292.00	16.00	1	9	

3	10	199.529	4
1	61.00	201.00	62.88	197.47	4.00	2	3	7	
2	62.88	197.47	70.62	182.99	16.42	1	7	
3	70.62	182.99	133.33	65.58	133.11	0	
4	133.33	65.58	155.00	25.00	46.00	1	10	

4	0	297.405	3
1	177.00	239.00	156.76	211.68	34.00	1	4	
2	156.76	211.68	27.15	36.65	217.79	0	
3	27.15	36.65	0.00	0.00	45.61	1	6	

4	1	125.100	3
1	177.00	239.00	204.99	219.70	34.00	1	4	
2	204.99	219.70	259.42	182.19	66.10	0	
3	259.42	182.19	280.00	168.00	25.00	1	1	

4	2	138.539	3
1	177.00	239.00	163.99	207.59	34.00	1	4	
2	163.99	207.59	127.83	120.24	94.54	0	
3	127.83	120.24	124.00	111.00	10.00	1	2	

4	3	122.066	6
1	177.00	239.00	144.69	228.42	34.00	1	4	
2	144.69	228.42	117.21	219.41	28.91	0	
3	117.21	219.41	81.11	207.59	37.99	1	8	
4	81.11	207.59	64.80	202.25	17.17	0	
5	64.80	202.25	61.50	201.16	3.47	1	3	
6	61.50	201.16	61.00	201.00	0.53	2	3	7	

4	4	0	0

4	5	161.697	3
1	177.00	239.00	143.15	242.15	34.00	1	4	
2	143.15	242.15	31.93	252.52	111.70	0	
3	31.93	252.52	16.00	254.00	16.00	1	5	

4	6	288.467	3
1	177.00	239.00	157.79	210.95	34.00	1	4	
2	157.79	210.95	35.47	32.35	216.47	0	
3	35.47	32.35	14.00	1.00	38.00	1	6	

4	7	151.796	5
1	177.00	239.00	145.87	225.34	34.00	1	4	
2	145.87	225.34	117.98	213.10	30.45	0	
3	117.98	213.10	86.81	199.42	34.03	1	8	
4	86.81	199.42	68.22	191.26	20.31	0	
5	68.22	191.26	38.00	178.00	33.00	1	7	

4	8	81.908	3
1	177.00	239.00	144.62	228.62	34.00	1	4	
2	144.62	228.62	117.09	219.80	28.91	0	
3	117.09	219.80	99.00	214.00	19.00	1	8	

4	9	67.624	3
1	177.00	239.00	155.88	265.65	34.00	1	4	
2	155.88	265.65	144.94	279.46	17.62	0	
3	144.94	279.46	135.00	292.00	16.00	1	9	

4	10	215.128	3
1	177.00	239.00	173.52	205.18	34.00	1	4	
2	173.52	205.18	159.70	70.76	135.13	0	
3	159.70	70.76	155.00	25.00	46.00	0	

5	0	254.503	5
1	16.00	254.00	14.99	238.03	16.00	0	
2	14.99	238.03	12.53	198.99	39.12	0	
3	12.53	198.99	10.10	160.37	38.69	0	
4	10.10	160.37	2.34	37.17	123.45	0	
5	2.34	37.17	0.00	0.00	37.24	1	6	

5	1	277.654	5
1	16.00	254.00	31.21	249.04	16.00	1	5	
2	31.21	249.04	89.07	230.20	60.85	0	
3	89.07	230.20	116.57	221.24	28.92	1	8	
4	116.57	221.24	256.23	175.74	146.89	0	
5	256.23	175.74	280.00	168.00	25.00	1	1	

5	2	179.201	7
1	16.00	254.00	25.64	241.23	16.00	1	5	
2	25.64	241.23	50.26	208.64	40.85	0	
3	50.26	208.64	57.53	199.01	12.06	1	7	
4	57.53	199.01	58.14	198.20	1.02	2	3	7	
5	58.14	198.20	70.82	181.41	21.04	1	7	
6	70.82	181.41	117.97	118.98	78.23	0	
7	117.97	118.98	124.00	111.00	10.00	1	2	

5	3	69.527	4
1	16.00	254.00	26.36	241.80	16.00	1	5	
2	26.36	241.80	58.41	204.05	49.53	0	
3	58.41	204.05	58.72	203.68	0.48	1	3	
4	58.72	203.68	61.00	201.00	3.52	2	3	7	

5	4	161.697	3
1	16.00	254.00	31.93	252.52	16.00	1	5	
2	31.93	252.52	143.15	242.15	111.70	0	
3	143.15	242.15	177.00	239.00	34.00	1	4	

5	5	0	0

5	6	253.008	5
1	16.00	254.00	15.87	238.00	16.00	0	
2	15.87	238.00	15.59	202.22	35.78	0	
3	15.59	202.22	15.21	154.13	48.10	0	
4	15.21	154.13	14.30	39.00	115.13	0	
5	14.30	39.00	14.00	1.00	38.00	0	

5	7	79.120	3
1	16.00	254.00	20.45	238.63	16.00	1	5	
2	20.45	238.63	28.82	209.70	30.12	0	
3	28.82	209.70	38.00	178.00	33.00	1	7	

5	8	92.136	3
1	16.00	254.00	30.41	247.05	16.00	1	5	
2	30.41	247.05	81.88	222.25	57.14	0	
3	81.88	222.25	99.00	214.00	19.00	1	8	

5	9	124.920	3
1	16.00	254.00	31.24	258.87	16.00	1	5	
2	31.24	258.87	119.76	287.13	92.92	0	
3	119.76	287.13	135.00	292.00	16.00	1	9	

5	10	267.884	5
1	16.00	254.00	24.30	240.32	16.00	1	5	
2	24.30	240.32	42.27	210.72	34.63	0	
3	42.27	210.72	69.00	166.68	51.52	1	7	
4	69.00	166.68	131.13	64.32	119.74	0	
5	131.13	64.32	155.00	25.00	46.00	1	10	

6	0	14.036	1
1	14.00	1.00	0.00	0.00	14.04	1	6	

6	1	314.078	3
1	14.00	1.00	46.18	21.21	38.00	1	6	
2	46.18	21.21	258.83	154.71	251.08	0	
3	258.83	154.71	280.00	168.00	25.00	1	1	

6	2	155.563	3
1	14.00	1.00	40.87	27.87	38.00	1	6	
2	40.87	27.87	116.93	103.93	107.56	0	
3	116.93	103.93	124.00	111.00	10.00	1	2	

6	3	205.448	4
1	14.00	1.00	22.69	37.99	38.00	1	6	
2	22.69	37.99	48.22	146.62	111.59	0	
3	48.22	146.62	60.08	197.11	51.86	1	7	
4	60.08	197.11	61.00	201.00	4.00	2	3	7	

6	4	288.467	3
1	14.00	1.00	35.47	32.35	38.00	1	6	
2	35.47	32.35	157.79	210.95	216.47	0	
3	157.79	210.95	177.00	239.00	34.00	1	4	

6	5	253.008	5
1	14.00	1.00	14.30	39.00	38.00	0	
2	14.30	39.00	15.21	154.13	115.13	0	
3	15.21	154.13	15.59	202.22	48.10	0	
4	15.59	202.22	15.87	238.00	35.78	0	
5	15.87	238.00	16.00	254.00	16.00	0	

6	6	0	0

6	7	178.620	3
1	14.00	1.00	19.11	38.66	38.00	1	6	
2	19.11	38.66	33.57	145.30	107.62	0	
3	33.57	145.30	38.00	178.00	33.00	1	7	

6	8	229.334	3
1	14.00	1.00	28.08	36.29	38.00	1	6	
2	28.08	36.29	91.96	196.35	172.33	0	
3	91.96	196.35	99.00	214.00	19.00	1	8	

6	9	315.154	5
1	14.00	1.00	28.59	36.09	38.00	1	6	
2	28.59	36.09	94.86	195.46	172.60	0	
3	94.86	195.46	109.23	230.01	37.42	1	8	
4	109.23	230.01	128.86	277.23	51.13	0	
5	128.86	277.23	135.00	292.00	16.00	1	9	

6	10	143.028	3
1	14.00	1.00	51.46	7.38	38.00	1	6	
2	51.46	7.38	109.65	17.28	59.03	0	
3	109.65	17.28	155.00	25.00	46.00	1	10	

7	0	182.011	3
1	38.00	178.00	31.11	145.73	33.00	1	7	
2	31.11	145.73	8.23	38.56	109.58	0	
3	8.23	38.56	0.00	0.00	39.43	1	6	

7	1	242.207	3
1	38.00	178.00	70.97	176.64	33.00	1	7	
2	70.97	176.64	255.02	169.03	184.21	0	
3	255.02	169.03	280.00	168.00	25.00	1	1	

7	2	109.018	3
1	38.00	178.00	64.03	157.72	33.00	1	7	
2	64.03	157.72	116.11	117.15	66.02	0	
3	116.11	117.15	124.00	111.00	10.00	1	2	

7	3	32.527	2
1	38.00	178.00	58.17	198.17	28.53	1	7	
2	58.17	198.17	61.00	201.00	4.00	2	3	7	

7	4	151.796	5
1	38.00	178.00	68.22	191.26	33.00	1	7	
2	68.22	191.26	86.81	199.42	20.31	0	
3	86.81	199.42	117.98	213.10	34.03	1	8	
4	117.98	213.10	145.87	225.34	30.45	0	
5	145.87	225.34	177.00	239.00	34.00	1	4	

7	5	79.120	3
1	38.00	178.00	28.82	209.70	33.00	1	7	
2	28.82	209.70	20.45	238.63	30.12	0	
3	20.45	238.63	16.00	254.00	16.00	1	5	

7	6	178.620	3
1	38.00	178.00	33.57	145.30	33.00	1	7	
2	33.57	145.30	19.11	38.66	107.62	0	
3	19.11	38.66	14.00	1.00	38.00	1	6	

7	7	0	0

7	8	70.831	3
1	38.00	178.00	66.42	194.77	33.00	1	7	
2	66.42	194.77	82.64	204.34	18.83	0	
3	82.64	204.34	99.00	214.00	19.00	1	8	

7	9	149.683	5
1	38.00	178.00	57.05	200.39	29.39	1	7	
2	57.05	200.39	59.39	203.13	3.61	2	3	7	
3	59.39	203.13	60.97	205.00	2.45	1	3	
4	60.97	205.00	124.63	279.81	98.23	0	
5	124.63	279.81	135.00	292.00	16.00	1	9	

7	10	192.608	3
1	38.00	178.00	58.05	151.79	33.00	1	7	
2	58.05	151.79	127.06	61.54	113.61	0	
3	127.06	61.54	155.00	25.00	46.00	1	10	

8	0	235.790	3
1	99.00	214.00	91.02	196.76	19.00	1	8	
2	91.02	196.76	17.95	38.79	174.05	0	
3	17.95	38.79	0.00	0.00	42.74	1	6	

8	1	186.754	3
1	99.00	214.00	117.41	209.32	19.00	1	8	
2	117.41	209.32	255.77	174.16	142.75	0	
3	255.77	174.16	280.00	168.00	25.00	1	1	

8	2	105.991	3
1	99.00	214.00	103.48	195.54	19.00	1	8	
2	103.48	195.54	121.64	120.72	76.99	0	
3	121.64	120.72	124.00	111.00	10.00	1	2	

8	3	40.162	4
1	99.00	214.00	81.02	207.85	19.00	1	8	
2	81.02	207.85	64.78	202.29	17.16	0	
3	64.78	202.29	61.50	201.17	3.47	1	3	
4	61.50	201.17	61.00	201.00	0.53	2	3	7	

8	4	81.908	3
1	99.00	214.00	117.09	219.80	19.00	1	8	
2	117.09	219.80	144.62	228.62	28.91	0	
3	144.62	228.62	177.00	239.00	34.00	1	4	

8	5	92.136	3
1	99.00	214.00	81.88	222.25	19.00	1	8	
2	81.88	222.25	30.41	247.05	57.14	0	
3	30.41	247.05	16.00	254.00	16.00	1	5	

8	6	229.334	3
1	99.00	214.00	91.96	196.35	19.00	1	8	
2	91.96	196.35	28.08	36.29	172.33	0	
3	28.08	36.29	14.00	1.00	38.00	1	6	

8	7	70.831	3
1	99.00	214.00	82.64	204.34	19.00	1	8	
2	82.64	204.34	66.42	194.77	18.83	0	
3	66.42	194.77	38.00	178.00	33.00	1	7	

8	8	0	0

8	9	85.907	3
1	99.00	214.00	106.96	231.25	19.00	1	8	
2	106.96	231.25	128.30	277.47	50.91	0	
3	128.30	277.47	135.00	292.00	16.00	1	9	

8	10	197.122	5
1	99.00	214.00	104.40	195.78	19.00	1	8	
2	104.40	195.78	126.66	120.64	78.37	0	
3	126.66	120.64	131.48	104.37	16.97	1	2	
4	131.48	104.37	141.93	69.10	36.78	0	
5	141.93	69.10	155.00	25.00	46.00	1	10	

9	0	321.697	5
1	135.00	292.00	128.29	277.48	16.00	1	9	
2	128.29	277.48	106.92	231.27	50.91	0	
3	106.92	231.27	90.98	196.78	38.00	1	8	
4	90.98	196.78	17.94	38.80	174.05	0	
5	17.94	38.80	0.00	0.00	42.74	1	6	

9	1	190.790	5
1	135.00	292.00	147.16	281.60	16.00	1	9	
2	147.16	281.60	161.56	269.29	18.94	0	
3	161.56	269.29	209.32	228.44	62.85	1	4	
4	209.32	228.44	261.00	184.25	68.00	0	
5	261.00	184.25	280.00	168.00	25.00	1	1	

9	2	181.334	3
1	135.00	292.00	134.03	276.03	16.00	1	9	
2	134.03	276.03	124.61	120.98	155.33	0	
3	124.61	120.98	124.00	111.00	10.00	1	2	

9	3	117.290	4
1	135.00	292.00	124.91	279.59	16.00	1	9	
2	124.91	279.59	63.52	204.10	97.29	0	
3	63.52	204.10	61.30	201.37	3.52	1	3	
4	61.30	201.37	61.00	201.00	0.48	2	3	7	

9	4	67.624	3
1	135.00	292.00	144.94	279.46	16.00	1	9	
2	144.94	279.46	155.88	265.65	17.62	0	
3	155.88	265.65	177.00	239.00	34.00	1	4	

9	5	124.920	3
1	135.00	292.00	119.76	287.13	16.00	1	9	
2	119.76	287.13	31.24	258.87	92.92	0	
3	31.24	258.87	16.00	254.00	16.00	1	5	

9	6	315.154	5
1	135.00	292.00	128.86	277.23	16.00	1	9	
2	128.86	277.23	109.23	230.01	51.13	0	
3	109.23	230.01	94.86	195.46	37.42	1	8	
4	94.86	195.46	28.59	36.09	172.60	0	
5	28.59	36.09	14.00	1.00	38.00	1	6	

9	7	149.683	5
1	135.00	292.00	124.63	279.81	16.00	1	9	
2	124.63	279.81	60.97	205.00	98.23	0	
3	60.97	205.00	59.39	203.13	2.45	1	3	
4	59.39	203.13	57.05	200.39	3.61	2	3	7	
5	57.05	200.39	38.00	178.00	29.39	1	7	

9	8	85.907	3
1	135.00	292.00	128.30	277.47	16.00	1	9	
2	128.30	277.47	106.96	231.25	50.91	0	
3	106.96	231.25	99.00	214.00	19.00	1	8	

9	9	0	0

9	10	267.748	3
1	135.00	292.00	136.20	276.04	16.00	0	
2	136.20	276.04	151.56	70.87	205.75	0	
3	151.56	70.87	155.00	25.00	46.00	0	

10	0	157.003	3
1	155.00	25.00	109.59	17.68	46.00	1	10	
2	109.59	17.68	51.30	8.27	59.04	0	
3	51.30	8.27	0.00	0.00	51.96	1	6	

10	1	189.932	3
1	155.00	25.00	185.27	59.63	46.00	1	10	
2	185.27	59.63	263.55	149.18	118.93	0	
3	263.55	149.18	280.00	168.00	25.00	1	1	

10	2	91.417	3
1	155.00	25.00	139.40	68.27	46.00	1	10	
2	139.40	68.27	127.39	101.59	35.42	0	
3	127.39	101.59	124.00	111.00	10.00	1	2	

10	3	199.529	4
1	155.00	25.00	133.33	65.58	46.00	1	10	
2	133.33	65.58	70.62	182.99	133.11	0	
3	70.62	182.99	62.88	197.47	16.42	1	7	
4	62.88	197.47	61.00	201.00	4.00	2	3	7	

10	4	215.128	3
1	155.00	25.00	159.70	70.76	46.00	0	
2	159.70	70.76	173.52	205.18	135.13	0	
3	173.52	205.18	177.00	239.00	34.00	1	4	

10	5	267.884	5
1	155.00	25.00	131.13	64.32	46.00	1	10	
2	131.13	64.32	69.00	166.68	119.74	0	
3	69.00	166.68	42.27	210.72	51.52	1	7	
4	42.27	210.72	24.30	240.32	34.63	0	
5	24.30	240.32	16.00	254.00	16.00	1	5	

10	6	143.028	3
1	155.00	25.00	109.65	17.28	46.00	1	10	
2	109.65	17.28	51.46	7.38	59.03	0	
3	51.46	7.38	14.00	1.00	38.00	1	6	

10	7	192.608	3
1	155.00	25.00	127.06	61.54	46.00	1	10	
2	127.06	61.54	58.05	151.79	113.61	0	
3	58.05	151.79	38.00	178.00	33.00	1	7	

10	8	197.122	5
1	155.00	25.00	141.93	69.10	46.00	1	10	
2	141.93	69.10	131.48	104.37	36.78	0	
3	131.48	104.37	126.66	120.64	16.97	1	2	
4	126.66	120.64	104.40	195.78	78.37	0	
5	104.40	195.78	99.00	214.00	19.00	1	8	

10	9	267.748	3
1	155.00	25.00	151.56	70.87	46.00	0	
2	151.56	70.87	136.20	276.04	205.75	0	
3	136.20	276.04	135.00	292.00	16.00	0	

10	10	0	0