11	199	2	0.001	120.0
0.000	0.000	0.000	9.000	0.000
237.000	122.000	8.000	4.000	17.000
3.000	82.000	30.000	2.000	14.000
109.000	65.000	31.000	1.000	1.000
4.000	87.000	48.000	10.000	16.000
35.000	183.000	34.000	3.000	3.000
64.000	182.000	36.000	1.000	3.000
123.000	6.000	8.000	4.000	15.000
11.000	80.000	9.000	7.000	1.000
255.000	168.000	27.000	4.000	19.000
250.000	58.000	23.000	4.000	1.000
 


0	0	0	0

0	1	266.558	4
1	0.00	0.00	85.97	44.25	96.69	0	
2	85.97	44.25	139.27	71.69	59.95	1	3	
3	139.27	71.69	229.89	118.34	101.92	0	
4	229.89	118.34	237.00	122.00	8.00	1	1	

0	2	82.055	4
1	0.00	0.00	1.43	39.07	39.09	0	
2	1.43	39.07	1.90	52.02	12.96	0	
3	1.90	52.02	2.79	76.31	24.30	2	2	4	
4	2.79	76.31	3.00	82.00	5.69	3	2	4	8	

0	3	126.909	2
1	0.00	0.00	82.37	49.12	95.91	0	
2	82.37	49.12	109.00	65.00	31.00	1	3	

0	4	87.092	5
1	0.00	0.00	1.80	39.05	39.09	0	
2	1.80	39.05	2.39	52.01	12.97	0	
3	2.39	52.01	3.45	75.10	23.11	2	2	4	
4	3.45	75.10	3.93	85.58	10.49	3	2	4	8	
5	3.93	85.58	4.00	87.00	1.43	2	2	4	

0	5	186.317	9
1	0.00	0.00	7.48	39.13	39.84	0	
2	7.48	39.13	10.11	52.85	13.98	0	
3	10.11	52.85	13.66	71.40	18.88	2	2	4	
4	13.66	71.40	16.64	87.01	15.89	3	2	4	8	
5	16.64	87.01	20.36	106.47	19.81	2	2	4	
6	20.36	106.47	24.90	130.21	24.17	1	4	
7	24.90	130.21	28.61	149.61	19.75	0	
8	28.61	149.61	31.75	166.00	16.70	0	
9	31.75	166.00	35.00	183.00	17.30	2	5	6	

0	6	192.925	7
1	0.00	0.00	14.09	40.07	42.48	0	
2	14.09	40.07	20.19	57.41	18.38	1	4	
3	20.19	57.41	31.80	90.42	34.99	2	2	4	
4	31.80	90.42	41.24	117.28	28.48	0	
5	41.24	117.28	52.06	148.04	32.60	0	
6	52.06	148.04	54.58	155.20	7.59	1	6	
7	54.58	155.20	64.00	182.00	28.41	2	5	6	

0	7	123.146	2
1	0.00	0.00	115.01	5.61	115.15	0	
2	115.01	5.61	123.00	6.00	8.00	1	7	

0	8	80.753	4
1	0.00	0.00	5.37	39.02	39.39	0	
2	5.37	39.02	7.19	52.29	13.40	1	4	
3	7.19	52.29	9.77	71.08	18.97	1	4	
4	9.77	71.08	11.00	80.00	9.00	3	2	4	8	

0	9	305.367	4
1	0.00	0.00	80.42	52.98	96.31	0	
2	80.42	52.98	131.32	86.52	60.95	1	3	
3	131.32	86.52	232.45	153.15	121.11	0	
4	232.45	153.15	255.00	168.00	27.00	1	9	

0	10	256.640	2
1	0.00	0.00	227.60	52.80	233.64	0	
2	227.60	52.80	250.00	58.00	23.00	1	10	

1	0	266.558	4
1	237.00	122.00	229.89	118.34	8.00	1	1	
2	229.89	118.34	139.27	71.69	101.92	0	
3	139.27	71.69	85.97	44.25	59.95	1	3	
4	85.97	44.25	0.00	0.00	96.69	0	

1	1	0	0

1	2	237.394	5
1	237.00	122.00	229.11	120.65	8.00	1	1	
2	229.11	120.65	51.88	90.36	179.80	0	
3	51.88	90.36	32.57	87.05	19.59	1	4	
4	32.57	87.05	18.69	84.68	14.09	2	2	4	
5	18.69	84.68	3.00	82.00	15.91	3	2	4	8	

1	3	140.118	3
1	237.00	122.00	229.69	118.75	8.00	1	1	
2	229.69	118.75	137.32	77.61	101.12	0	
3	137.32	77.61	109.00	65.00	31.00	1	3	

1	4	235.614	6
1	237.00	122.00	229.09	120.81	8.00	1	1	
2	229.09	120.81	51.47	94.13	179.61	0	
3	51.47	94.13	31.57	91.14	20.12	1	4	
4	31.57	91.14	13.97	88.50	17.80	2	2	4	
5	13.97	88.50	5.67	87.25	8.39	3	2	4	8	
6	5.67	87.25	4.00	87.00	1.69	2	2	4	

1	5	211.009	4
1	237.00	122.00	229.34	124.31	8.00	1	1	
2	229.34	124.31	95.57	164.71	139.73	0	
3	95.57	164.71	67.55	173.17	29.28	1	6	
4	67.55	173.17	35.00	183.00	34.00	2	5	6	

1	6	183.109	4
1	237.00	122.00	229.44	124.62	8.00	1	1	
2	229.44	124.62	98.01	170.20	139.11	0	
3	98.01	170.20	68.89	180.30	30.82	1	6	
4	68.89	180.30	64.00	182.00	5.18	2	5	6	

1	7	162.641	3
1	237.00	122.00	231.39	116.29	8.00	1	1	
2	231.39	116.29	128.61	11.71	146.64	0	
3	128.61	11.71	123.00	6.00	8.00	1	7	

1	8	229.870	5
1	237.00	122.00	229.13	120.54	8.00	1	1	
2	229.13	120.54	52.00	87.62	180.17	0	
3	52.00	87.62	32.93	84.08	19.39	1	4	
4	32.93	84.08	19.85	81.64	13.30	2	2	4	
5	19.85	81.64	11.00	80.00	9.00	3	2	4	8	

1	9	49.396	3
1	237.00	122.00	239.92	129.45	8.00	1	1	
2	239.92	129.45	245.16	142.86	14.40	0	
3	245.16	142.86	255.00	168.00	27.00	1	9	

1	10	65.307	3
1	237.00	122.00	238.59	114.16	8.00	1	1	
2	238.59	114.16	245.42	80.54	34.31	0	
3	245.42	80.54	250.00	58.00	23.00	1	10	

2	0	82.055	4
1	3.00	82.00	2.79	76.31	5.69	3	2	4	8	
2	2.79	76.31	1.90	52.02	24.30	2	2	4	
3	1.90	52.02	1.43	39.07	12.96	0	
4	1.43	39.07	0.00	0.00	39.09	0	

2	1	237.394	5
1	3.00	82.00	18.69	84.68	15.91	3	2	4	8	
2	18.69	84.68	32.57	87.05	14.09	2	2	4	
3	32.57	87.05	51.88	90.36	19.59	1	4	
4	51.88	90.36	229.11	120.65	179.80	0	
5	229.11	120.65	237.00	122.00	8.00	1	1	

2	2	0	0

2	3	107.355	5
1	3.00	82.00	19.97	79.28	17.19	3	2	4	8	
2	19.97	79.28	32.62	77.25	12.81	2	2	4	
3	32.62	77.25	50.32	74.41	17.92	1	4	
4	50.32	74.41	78.39	69.91	28.43	0	
5	78.39	69.91	109.00	65.00	31.00	1	3	

2	4	5.099	2
1	3.00	82.00	3.63	85.17	3.23	3	2	4	8	
2	3.63	85.17	4.00	87.00	1.86	2	2	4	

2	5	105.948	6
1	3.00	82.00	4.25	85.96	4.15	3	2	4	8	
2	4.25	85.96	12.06	110.60	25.85	2	2	4	
3	12.06	110.60	19.03	132.59	23.07	0	
4	19.03	132.59	24.73	150.59	18.88	0	
5	24.73	150.59	30.50	168.81	19.11	1	5	
6	30.50	168.81	35.00	183.00	14.89	2	5	6	

2	6	117.137	6
1	3.00	82.00	6.55	87.82	6.82	3	2	4	8	
2	6.55	87.82	18.62	107.61	23.18	2	2	4	
3	18.62	107.61	30.47	127.04	22.76	1	4	
4	30.47	127.04	44.74	150.42	27.39	0	
5	44.74	150.42	45.25	151.27	0.99	1	5	
6	45.25	151.27	64.00	182.00	36.00	2	5	6	

2	7	142.042	5
1	3.00	82.00	16.90	73.20	16.45	3	2	4	8	
2	16.90	73.20	28.34	65.95	13.55	2	2	4	
3	28.34	65.95	41.81	57.42	15.93	1	4	
4	41.81	57.42	116.24	10.28	88.11	0	
5	116.24	10.28	123.00	6.00	8.00	1	7	

2	8	8.246	1
1	3.00	82.00	11.00	80.00	8.25	3	2	4	8	

2	9	266.271	5
1	3.00	82.00	16.94	86.76	14.73	3	2	4	8	
2	16.94	86.76	31.39	91.69	15.27	2	2	4	
3	31.39	91.69	50.66	98.26	20.36	1	4	
4	50.66	98.26	229.45	159.28	188.91	0	
5	229.45	159.28	255.00	168.00	27.00	1	9	

2	10	248.163	7
1	3.00	82.00	19.99	80.35	17.07	3	2	4	8	
2	19.99	80.35	32.86	79.10	12.93	2	2	4	
3	32.86	79.10	51.02	77.33	18.24	1	4	
4	51.02	77.33	79.51	74.57	28.63	0	
5	79.51	74.57	139.78	68.71	60.55	1	3	
6	139.78	68.71	227.11	60.22	87.74	0	
7	227.11	60.22	250.00	58.00	23.00	1	10	

3	0	126.909	2
1	109.00	65.00	82.37	49.12	31.00	1	3	
2	82.37	49.12	0.00	0.00	95.91	0	

3	1	140.118	3
1	109.00	65.00	137.32	77.61	31.00	1	3	
2	137.32	77.61	229.69	118.75	101.12	0	
3	229.69	118.75	237.00	122.00	8.00	1	1	

3	2	107.355	5
1	109.00	65.00	78.39	69.91	31.00	1	3	
2	78.39	69.91	50.32	74.41	28.43	0	
3	50.32	74.41	32.62	77.25	17.92	1	4	
4	32.62	77.25	19.97	79.28	12.81	2	2	4	
5	19.97	79.28	3.00	82.00	17.19	3	2	4	8	

3	3	0	0

3	4	107.280	6
1	109.00	65.00	78.66	71.36	31.00	1	3	
2	78.66	71.36	50.98	77.16	28.28	0	
3	50.98	77.16	32.98	80.93	18.39	1	4	
4	32.98	80.93	19.15	83.83	14.14	2	2	4	
5	19.15	83.83	5.08	86.77	14.38	3	2	4	8	
6	5.08	86.77	4.00	87.00	1.10	2	2	4	

3	5	139.284	4
1	109.00	65.00	92.53	91.26	31.00	1	3	
2	92.53	91.26	57.87	146.53	65.23	0	
3	57.87	146.53	53.06	154.20	9.05	1	6	
4	53.06	154.20	35.00	183.00	34.00	2	5	6	

3	6	125.355	4
1	109.00	65.00	97.87	93.93	31.00	1	3	
2	97.87	93.93	76.92	148.40	58.36	0	
3	76.92	148.40	67.48	172.95	26.30	1	6	
4	67.48	172.95	64.00	182.00	9.70	2	5	6	

3	7	60.638	3
1	109.00	65.00	116.16	34.84	31.00	1	3	
2	116.16	34.84	121.15	13.78	21.64	0	
3	121.15	13.78	123.00	6.00	8.00	1	7	

3	8	99.141	5
1	109.00	65.00	78.36	69.69	31.00	1	3	
2	78.36	69.69	50.21	74.00	28.48	0	
3	50.21	74.00	32.53	76.70	17.88	1	4	
4	32.53	76.70	19.90	78.64	12.78	2	2	4	
5	19.90	78.64	11.00	80.00	9.00	3	2	4	8	

3	9	178.676	3
1	109.00	65.00	134.33	82.87	31.00	1	3	
2	134.33	82.87	232.94	152.44	120.68	0	
3	232.94	152.44	255.00	168.00	27.00	1	9	

3	10	141.174	3
1	109.00	65.00	139.96	63.46	31.00	1	3	
2	139.96	63.46	227.03	59.14	87.17	0	
3	227.03	59.14	250.00	58.00	23.00	1	10	

4	0	87.092	5
1	4.00	87.00	3.93	85.58	1.43	2	2	4	
2	3.93	85.58	3.45	75.10	10.49	3	2	4	8	
3	3.45	75.10	2.39	52.01	23.11	2	2	4	
4	2.39	52.01	1.80	39.05	12.97	0	
5	1.80	39.05	0.00	0.00	39.09	0	

4	1	235.614	6
1	4.00	87.00	5.67	87.25	1.69	2	2	4	
2	5.67	87.25	13.97	88.50	8.39	3	2	4	8	
3	13.97	88.50	31.57	91.14	17.80	2	2	4	
4	31.57	91.14	51.47	94.13	20.12	1	4	
5	51.47	94.13	229.09	120.81	179.61	0	
6	229.09	120.81	237.00	122.00	8.00	1	1	

4	2	5.099	2
1	4.00	87.00	3.63	85.17	1.86	2	2	4	
2	3.63	85.17	3.00	82.00	3.23	3	2	4	8	

4	3	107.280	6
1	4.00	87.00	5.08	86.77	1.10	2	2	4	
2	5.08	86.77	19.15	83.83	14.38	3	2	4	8	
3	19.15	83.83	32.98	80.93	14.14	2	2	4	
4	32.98	80.93	50.98	77.16	18.39	1	4	
5	50.98	77.16	78.66	71.36	28.28	0	
6	78.66	71.36	109.00	65.00	31.00	1	3	

4	4	0	0

4	5	100.881	5
1	4.00	87.00	11.66	110.72	24.93	2	2	4	
2	11.66	110.72	18.75	132.68	23.07	1	4	
3	18.75	132.68	24.55	150.65	18.88	0	
4	24.55	150.65	30.46	168.93	19.21	1	5	
5	30.46	168.93	35.00	183.00	14.79	2	5	6	

4	6	112.361	5
1	4.00	87.00	17.45	108.29	25.18	2	2	4	
2	17.45	108.29	29.63	127.58	22.82	1	4	
3	29.63	127.58	43.91	150.19	26.74	0	
4	43.91	150.19	44.78	151.56	1.63	1	5	
5	44.78	151.56	64.00	182.00	36.00	2	5	6	

4	7	143.951	6
1	4.00	87.00	4.76	86.48	0.92	2	2	4	
2	4.76	86.48	19.32	76.57	17.62	3	2	4	8	
3	19.32	76.57	30.14	69.21	13.08	2	2	4	
4	30.14	69.21	43.68	59.99	16.38	1	4	
5	43.68	59.99	116.39	10.50	87.95	0	
6	116.39	10.50	123.00	6.00	8.00	1	7	

4	8	9.899	2
1	4.00	87.00	4.64	86.36	0.90	2	2	4	
2	4.64	86.36	11.00	80.00	9.00	3	2	4	8	

4	9	263.746	6
1	4.00	87.00	6.55	87.82	2.68	2	2	4	
2	6.55	87.82	10.04	88.95	3.66	3	2	4	8	
3	10.04	88.95	29.87	95.35	20.84	2	2	4	
4	29.87	95.35	49.68	101.74	20.82	1	4	
5	49.68	101.74	229.30	159.71	188.75	0	
6	229.30	159.71	255.00	168.00	27.00	1	9	

4	10	247.703	8
1	4.00	87.00	5.18	86.86	1.18	2	2	4	
2	5.18	86.86	18.26	85.32	13.17	3	2	4	8	
3	18.26	85.32	32.96	83.59	14.80	2	2	4	
4	32.96	83.59	51.67	81.38	18.84	1	4	
5	51.67	81.38	80.83	77.94	29.36	0	
6	80.83	77.94	139.41	71.04	58.98	1	3	
7	139.41	71.04	227.16	60.69	88.36	0	
8	227.16	60.69	250.00	58.00	23.00	1	10	

5	0	186.317	9
1	35.00	183.00	31.75	166.00	17.30	2	5	6	
2	31.75	166.00	28.61	149.61	16.70	0	
3	28.61	149.61	24.90	130.21	19.75	0	
4	24.90	130.21	20.36	106.47	24.17	1	4	
5	20.36	106.47	16.64	87.01	19.81	2	2	4	
6	16.64	87.01	13.66	71.40	15.89	3	2	4	8	
7	13.66	71.40	10.11	52.85	18.88	2	2	4	
8	10.11	52.85	7.48	39.13	13.98	0	
9	7.48	39.13	0.00	0.00	39.84	0	

5	1	211.009	4
1	35.00	183.00	67.55	173.17	34.00	2	5	6	
2	67.55	173.17	95.57	164.71	29.28	1	6	
3	95.57	164.71	229.34	124.31	139.73	0	
4	229.34	124.31	237.00	122.00	8.00	1	1	

5	2	105.948	6
1	35.00	183.00	30.50	168.81	14.89	2	5	6	
2	30.50	168.81	24.73	150.59	19.11	1	5	
3	24.73	150.59	19.03	132.59	18.88	0	
4	19.03	132.59	12.06	110.60	23.07	0	
5	12.06	110.60	4.25	85.96	25.85	2	2	4	
6	4.25	85.96	3.00	82.00	4.15	3	2	4	8	

5	3	139.284	4
1	35.00	183.00	53.06	154.20	34.00	2	5	6	
2	53.06	154.20	57.87	146.53	9.05	1	6	
3	57.87	146.53	92.53	91.26	65.23	0	
4	92.53	91.26	109.00	65.00	31.00	1	3	

5	4	100.881	5
1	35.00	183.00	30.46	168.93	14.79	2	5	6	
2	30.46	168.93	24.55	150.65	19.21	1	5	
3	24.55	150.65	18.75	132.68	18.88	0	
4	18.75	132.68	11.66	110.72	23.07	1	4	
5	11.66	110.72	4.00	87.00	24.93	2	2	4	

5	5	0	0

5	6	29.017	1
1	35.00	183.00	64.00	182.00	29.02	2	5	6	

5	7	197.669	6
1	35.00	183.00	50.14	152.56	34.00	2	5	6	
2	50.14	152.56	52.45	147.90	5.20	1	6	
3	52.45	147.90	84.33	83.78	71.62	0	
4	84.33	83.78	109.08	34.00	55.59	1	3	
5	109.08	34.00	119.44	13.16	23.27	0	
6	119.44	13.16	123.00	6.00	8.00	1	7	

5	8	105.759	6
1	35.00	183.00	31.27	167.00	16.43	2	5	6	
2	31.27	167.00	27.28	149.89	17.57	1	5	
3	27.28	149.89	22.91	131.12	19.27	0	
4	22.91	131.12	17.58	108.22	23.51	1	4	
5	17.58	108.22	13.04	88.77	19.98	2	2	4	
6	13.04	88.77	11.00	80.00	9.00	3	2	4	8	

5	9	220.511	4
1	35.00	183.00	68.92	180.69	34.00	2	5	6	
2	68.92	180.69	99.84	178.58	30.99	1	6	
3	99.84	178.58	228.06	169.84	128.52	0	
4	228.06	169.84	255.00	168.00	27.00	1	9	

5	10	248.697	4
1	35.00	183.00	64.39	165.91	34.00	2	5	6	
2	64.39	165.91	85.88	153.42	24.86	1	6	
3	85.88	153.42	230.12	69.56	166.84	0	
4	230.12	69.56	250.00	58.00	23.00	1	10	

6	0	192.925	7
1	64.00	182.00	54.58	155.20	28.41	2	5	6	
2	54.58	155.20	52.06	148.04	7.59	1	6	
3	52.06	148.04	41.24	117.28	32.60	0	
4	41.24	117.28	31.80	90.42	28.48	0	
5	31.80	90.42	20.19	57.41	34.99	2	2	4	
6	20.19	57.41	14.09	40.07	18.38	1	4	
7	14.09	40.07	0.00	0.00	42.48	0	

6	1	183.109	4
1	64.00	182.00	68.89	180.30	5.18	2	5	6	
2	68.89	180.30	98.01	170.20	30.82	1	6	
3	98.01	170.20	229.44	124.62	139.11	0	
4	229.44	124.62	237.00	122.00	8.00	1	1	

6	2	117.137	6
1	64.00	182.00	45.25	151.27	36.00	2	5	6	
2	45.25	151.27	44.74	150.42	0.99	1	5	
3	44.74	150.42	30.47	127.04	27.39	0	
4	30.47	127.04	18.62	107.61	22.76	1	4	
5	18.62	107.61	6.55	87.82	23.18	2	2	4	
6	6.55	87.82	3.00	82.00	6.82	3	2	4	8	

6	3	125.355	4
1	64.00	182.00	67.48	172.95	9.70	2	5	6	
2	67.48	172.95	76.92	148.40	26.30	1	6	
3	76.92	148.40	97.87	93.93	58.36	0	
4	97.87	93.93	109.00	65.00	31.00	1	3	

6	4	112.361	5
1	64.00	182.00	44.78	151.56	36.00	2	5	6	
2	44.78	151.56	43.91	150.19	1.63	1	5	
3	43.91	150.19	29.63	127.58	26.74	0	
4	29.63	127.58	17.45	108.29	22.82	1	4	
5	17.45	108.29	4.00	87.00	25.18	2	2	4	

6	5	29.017	1
1	64.00	182.00	35.00	183.00	29.02	2	5	6	

6	6	0	0

6	7	185.626	6
1	64.00	182.00	67.26	172.27	10.26	2	5	6	
2	67.26	172.27	75.44	147.87	25.74	0	
3	75.44	147.87	94.11	92.19	58.72	0	
4	94.11	92.19	113.50	34.33	61.02	1	3	
5	113.50	34.33	120.46	13.59	21.88	0	
6	120.46	13.59	123.00	6.00	8.00	1	7	

6	8	114.948	6
1	64.00	182.00	48.25	151.69	34.16	2	5	6	
2	48.25	151.69	47.40	150.06	1.84	1	6	
3	47.40	150.06	34.08	124.41	28.90	0	
4	34.08	124.41	23.45	103.95	23.05	1	4	
5	23.45	103.95	15.15	87.99	17.99	2	2	4	
6	15.15	87.99	11.00	80.00	9.00	3	2	4	8	

6	9	191.512	4
1	64.00	182.00	68.97	181.64	4.99	2	5	6	
2	68.97	181.64	99.90	179.37	31.01	1	6	
3	99.90	179.37	228.07	169.97	128.51	0	
4	228.07	169.97	255.00	168.00	27.00	1	9	

6	10	223.544	4
1	64.00	182.00	68.74	178.84	5.70	2	5	6	
2	68.74	178.84	93.95	162.03	30.30	1	6	
3	93.95	162.03	230.86	70.76	164.54	0	
4	230.86	70.76	250.00	58.00	23.00	1	10	

7	0	123.146	2
1	123.00	6.00	115.01	5.61	8.00	1	7	
2	115.01	5.61	0.00	0.00	115.15	0	

7	1	162.641	3
1	123.00	6.00	128.61	11.71	8.00	1	7	
2	128.61	11.71	231.39	116.29	146.64	0	
3	231.39	116.29	237.00	122.00	8.00	1	1	

7	2	142.042	5
1	123.00	6.00	116.24	10.28	8.00	1	7	
2	116.24	10.28	41.81	57.42	88.11	0	
3	41.81	57.42	28.34	65.95	15.93	1	4	
4	28.34	65.95	16.90	73.20	13.55	2	2	4	
5	16.90	73.20	3.00	82.00	16.45	3	2	4	8	

7	3	60.638	3
1	123.00	6.00	121.15	13.78	8.00	1	7	
2	121.15	13.78	116.16	34.84	21.64	0	
3	116.16	34.84	109.00	65.00	31.00	1	3	

7	4	143.951	6
1	123.00	6.00	116.39	10.50	8.00	1	7	
2	116.39	10.50	43.68	59.99	87.95	0	
3	43.68	59.99	30.14	69.21	16.38	1	4	
4	30.14	69.21	19.32	76.57	13.08	2	2	4	
5	19.32	76.57	4.76	86.48	17.62	3	2	4	8	
6	4.76	86.48	4.00	87.00	0.92	2	2	4	

7	5	197.669	6
1	123.00	6.00	119.44	13.16	8.00	1	7	
2	119.44	13.16	109.08	34.00	23.27	0	
3	109.08	34.00	84.33	83.78	55.59	1	3	
4	84.33	83.78	52.45	147.90	71.62	0	
5	52.45	147.90	50.14	152.56	5.20	1	6	
6	50.14	152.56	35.00	183.00	34.00	2	5	6	

7	6	185.626	6
1	123.00	6.00	120.46	13.59	8.00	1	7	
2	120.46	13.59	113.50	34.33	21.88	0	
3	113.50	34.33	94.11	92.19	61.02	1	3	
4	94.11	92.19	75.44	147.87	58.72	0	
5	75.44	147.87	67.26	172.27	25.74	0	
6	67.26	172.27	64.00	182.00	10.26	2	5	6	

7	7	0	0

7	8	134.239	5
1	123.00	6.00	116.33	10.41	8.00	1	7	
2	116.33	10.41	42.92	58.91	87.98	0	
3	42.92	58.91	29.44	67.82	16.16	1	4	
4	29.44	67.82	18.51	75.04	13.10	2	2	4	
5	18.51	75.04	11.00	80.00	9.00	3	2	4	8	

7	9	208.969	3
1	123.00	6.00	128.05	12.20	8.00	1	7	
2	128.05	12.20	237.94	147.07	173.97	0	
3	237.94	147.07	255.00	168.00	27.00	1	9	

7	10	137.233	3
1	123.00	6.00	130.40	9.03	8.00	1	7	
2	130.40	9.03	228.72	49.28	106.23	0	
3	228.72	49.28	250.00	58.00	23.00	1	10	

8	0	80.753	4
1	11.00	80.00	9.77	71.08	9.00	3	2	4	8	
2	9.77	71.08	7.19	52.29	18.97	1	4	
3	7.19	52.29	5.37	39.02	13.40	1	4	
4	5.37	39.02	0.00	0.00	39.39	0	

8	1	229.870	5
1	11.00	80.00	19.85	81.64	9.00	3	2	4	8	
2	19.85	81.64	32.93	84.08	13.30	2	2	4	
3	32.93	84.08	52.00	87.62	19.39	1	4	
4	52.00	87.62	229.13	120.54	180.17	0	
5	229.13	120.54	237.00	122.00	8.00	1	1	

8	2	8.246	1
1	11.00	80.00	3.00	82.00	8.25	3	2	4	8	

8	3	99.141	5
1	11.00	80.00	19.90	78.64	9.00	3	2	4	8	
2	19.90	78.64	32.53	76.70	12.78	2	2	4	
3	32.53	76.70	50.21	74.00	17.88	1	4	
4	50.21	74.00	78.36	69.69	28.48	0	
5	78.36	69.69	109.00	65.00	31.00	1	3	

8	4	9.899	2
1	11.00	80.00	4.64	86.36	9.00	3	2	4	8	
2	4.64	86.36	4.00	87.00	0.90	2	2	4	

8	5	105.759	6
1	11.00	80.00	13.04	88.77	9.00	3	2	4	8	
2	13.04	88.77	17.58	108.22	19.98	2	2	4	
3	17.58	108.22	22.91	131.12	23.51	1	4	
4	22.91	131.12	27.28	149.89	19.27	0	
5	27.28	149.89	31.27	167.00	17.57	1	5	
6	31.27	167.00	35.00	183.00	16.43	2	5	6	

8	6	114.948	6
1	11.00	80.00	15.15	87.99	9.00	3	2	4	8	
2	15.15	87.99	23.45	103.95	17.99	2	2	4	
3	23.45	103.95	34.08	124.41	23.05	1	4	
4	34.08	124.41	47.40	150.06	28.90	0	
5	47.40	150.06	48.25	151.69	1.84	1	6	
6	48.25	151.69	64.00	182.00	34.16	2	5	6	

8	7	134.239	5
1	11.00	80.00	18.51	75.04	9.00	3	2	4	8	
2	18.51	75.04	29.44	67.82	13.10	2	2	4	
3	29.44	67.82	42.92	58.91	16.16	1	4	
4	42.92	58.91	116.33	10.41	87.98	0	
5	116.33	10.41	123.00	6.00	8.00	1	7	

8	8	0	0

8	9	259.384	5
1	11.00	80.00	19.47	83.05	9.00	3	2	4	8	
2	19.47	83.05	32.45	87.73	13.80	2	2	4	
3	32.45	87.73	51.40	94.57	20.15	1	4	
4	51.40	94.57	229.60	158.84	189.44	0	
5	229.60	158.84	255.00	168.00	27.00	1	9	

8	10	240.010	7
1	11.00	80.00	19.96	79.17	9.00	3	2	4	8	
2	19.96	79.17	32.73	78.00	12.82	2	2	4	
3	32.73	78.00	50.80	76.34	18.14	1	4	
4	50.80	76.34	79.25	73.72	28.57	0	
5	79.25	73.72	139.84	68.14	60.85	1	3	
6	139.84	68.14	227.10	60.11	87.63	0	
7	227.10	60.11	250.00	58.00	23.00	1	10	

9	0	305.367	4
1	255.00	168.00	232.45	153.15	27.00	1	9	
2	232.45	153.15	131.32	86.52	121.11	0	
3	131.32	86.52	80.42	52.98	60.95	1	3	
4	80.42	52.98	0.00	0.00	96.31	0	

9	1	49.396	3
1	255.00	168.00	245.16	142.86	27.00	1	9	
2	245.16	142.86	239.92	129.45	14.40	0	
3	239.92	129.45	237.00	122.00	8.00	1	1	

9	2	266.271	5
1	255.00	168.00	229.45	159.28	27.00	1	9	
2	229.45	159.28	50.66	98.26	188.91	0	
3	50.66	98.26	31.39	91.69	20.36	1	4	
4	31.39	91.69	16.94	86.76	15.27	2	2	4	
5	16.94	86.76	3.00	82.00	14.73	3	2	4	8	

9	3	178.676	3
1	255.00	168.00	232.94	152.44	27.00	1	9	
2	232.94	152.44	134.33	82.87	120.68	0	
3	134.33	82.87	109.00	65.00	31.00	1	3	

9	4	263.746	6
1	255.00	168.00	229.30	159.71	27.00	1	9	
2	229.30	159.71	49.68	101.74	188.75	0	
3	49.68	101.74	29.87	95.35	20.82	1	4	
4	29.87	95.35	10.04	88.95	20.84	2	2	4	
5	10.04	88.95	6.55	87.82	3.66	3	2	4	8	
6	6.55	87.82	4.00	87.00	2.68	2	2	4	

9	5	220.511	4
1	255.00	168.00	228.06	169.84	27.00	1	9	
2	228.06	169.84	99.84	178.58	128.52	0	
3	99.84	178.58	68.92	180.69	30.99	1	6	
4	68.92	180.69	35.00	183.00	34.00	2	5	6	

9	6	191.512	4
1	255.00	168.00	228.07	169.97	27.00	1	9	
2	228.07	169.97	99.90	179.37	128.51	0	
3	99.90	179.37	68.97	181.64	31.01	1	6	
4	68.97	181.64	64.00	182.00	4.99	2	5	6	

9	7	208.969	3
1	255.00	168.00	237.94	147.07	27.00	1	9	
2	237.94	147.07	128.05	12.20	173.97	0	
3	128.05	12.20	123.00	6.00	8.00	1	7	

9	8	259.384	5
1	255.00	168.00	229.60	158.84	27.00	1	9	
2	229.60	158.84	51.40	94.57	189.44	0	
3	51.40	94.57	32.45	87.73	20.15	1	4	
4	32.45	87.73	19.47	83.05	13.80	2	2	4	
5	19.47	83.05	11.00	80.00	9.00	3	2	4	8	

9	9	0	0

9	10	110.114	3
1	255.00	168.00	253.77	141.03	27.00	1	9	
2	253.77	141.03	251.04	80.98	60.11	0	
3	251.04	80.98	250.00	58.00	23.00	0	

10	0	256.640	2
1	250.00	58.00	227.60	52.80	23.00	1	10	
2	227.60	52.80	0.00	0.00	233.64	0	

10	1	65.307	3
1	250.00	58.00	245.42	80.54	23.00	1	10	
2	245.42	80.54	238.59	114.16	34.31	0	
3	238.59	114.16	237.00	122.00	8.00	1	1	

10	2	248.163	7
1	250.00	58.00	227.11	60.22	23.00	1	10	
2	227.11	60.22	139.78	68.71	87.74	0	
3	139.78	68.71	79.51	74.57	60.55	1	3	
4	79.51	74.57	51.02	77.33	28.63	0	
5	51.02	77.33	32.86	79.10	18.24	1	4	
6	32.86	79.10	19.99	80.35	12.93	2	2	4	
7	19.99	80.35	3.00	82.00	17.07	3	2	4	8	

10	3	141.174	3
1	250.00	58.00	227.03	59.14	23.00	1	10	
2	227.03	59.14	139.96	63.46	87.17	0	
3	139.96	63.46	109.00	65.00	31.00	1	3	

10	4	247.703	8
1	250.00	58.00	227.16	60.69	23.00	1	10	
2	227.16	60.69	139.41	71.04	88.36	0	
3	139.41	71.04	80.83	77.94	58.98	1	3	
4	80.83	77.94	51.67	81.38	29.36	0	
5	51.67	81.38	32.96	83.59	18.84	1	4	
6	32.96	83.59	18.26	85.32	14.80	2	2	4	
7	18.26	85.32	5.18	86.86	13.17	3	2	4	8	
8	5.18	86.86	4.00	87.00	1.18	2	2	4	

10	5	248.697	4
1	250.00	58.00	230.12	69.56	23.00	1	10	
2	230.12	69.56	85.88	153.42	166.84	0	
3	85.88	153.42	64.39	165.91	24.86	1	6	
4	64.39	165.91	35.00	183.00	34.00	2	5	6	

10	6	223.544	4
1	250.00	58.00	230.86	70.76	23.00	1	10	
2	230.86	70.76	93.95	162.03	164.54	0	
3	93.95	162.03	68.74	178.84	30.30	1	6	
4	68.74	178.84	64.00	182.00	5.70	2	5	6	

10	7	137.233	3
1	250.00	58.00	228.72	49.28	23.00	1	10	
2	228.72	49.28	130.40	9.03	106.23	0	
3	130.40	9.03	123.00	6.00	8.00	1	7	

10	8	240.010	7
1	250.00	58.00	227.10	60.11	23.00	1	10	
2	227.10	60.11	139.84	68.14	87.63	0	
3	139.84	68.14	79.25	73.72	60.85	1	3	
4	79.25	73.72	50.80	76.34	28.57	0	
5	50.80	76.34	32.73	78.00	18.14	1	4	
6	32.73	78.00	19.96	79.17	12.82	2	2	4	
7	19.96	79.17	11.00	80.00	9.00	3	2	4	8	

10	9	110.114	3
1	250.00	58.00	251.04	80.98	23.00	0	
2	251.04	80.98	253.77	141.03	60.11	0	
3	253.77	141.03	255.00	168.00	27.00	1	9	

10	10	0	0
