11	155	2	0.001	40.0
0.000	0.000	0.000	10.000	0.000
140.000	21.000	35.000	6.000	18.000
154.000	111.000	12.000	5.000	12.000
15.000	182.000	41.000	4.000	12.000
192.000	139.000	15.000	2.000	4.000
1.000	83.000	16.000	8.000	11.000
76.000	231.000	26.000	10.000	19.000
133.000	273.000	44.000	3.000	6.000
192.000	172.000	36.000	7.000	13.000
245.000	219.000	3.000	7.000	20.000
82.000	213.000	1.000	4.000	11.000

0	0	0	0

0	1	141.566	2
1	0.00	0.00	105.39	15.81	106.57	0	
2	105.39	15.81	140.00	21.00	35.00	1	1	

0	2	189.834	2
1	0.00	0.00	144.27	103.98	177.83	0	
2	144.27	103.98	154.00	111.00	12.00	1	2	

0	3	182.617	4
1	0.00	0.00	5.58	67.67	67.90	0	
2	5.58	67.67	8.03	97.37	29.81	1	5	
3	8.03	97.37	11.63	141.14	43.91	0	
4	11.63	141.14	15.00	182.00	41.00	1	3	

0	4	237.034	5
1	0.00	0.00	144.05	104.29	177.84	0	
2	144.05	104.29	163.48	118.35	23.99	1	2	
3	163.48	118.35	179.85	130.20	20.21	0	
4	179.85	130.20	188.14	136.21	10.24	1	4	
5	188.14	136.21	192.00	139.00	4.76	2	4	8	

0	5	83.006	2
1	0.00	0.00	0.81	67.00	67.00	0	
2	0.81	67.00	1.00	83.00	16.00	0	

0	6	243.181	2
1	0.00	0.00	67.87	206.30	217.18	0	
2	67.87	206.30	76.00	231.00	26.00	1	6	

0	7	303.674	2
1	0.00	0.00	113.73	233.44	259.67	0	
2	113.73	233.44	133.00	273.00	44.00	1	7	

0	8	257.775	2
1	0.00	0.00	165.19	147.98	221.78	0	
2	165.19	147.98	192.00	172.00	36.00	1	8	

0	9	328.612	4
1	0.00	0.00	165.35	147.80	221.78	0	
2	165.35	147.80	219.03	195.78	72.00	1	8	
3	219.03	195.78	242.76	217.00	31.84	0	
4	242.76	217.00	245.00	219.00	3.00	1	9	

0	10	228.239	3
1	0.00	0.00	78.99	205.17	219.85	0	
2	78.99	205.17	81.64	212.07	7.39	1	6	
3	81.64	212.07	82.00	213.00	1.00	2	6	10	

1	0	141.566	2
1	140.00	21.00	105.39	15.81	35.00	1	1	
2	105.39	15.81	0.00	0.00	106.57	0	

1	1	0	0

1	2	91.082	3
1	140.00	21.00	145.38	55.58	35.00	1	1	
2	145.38	55.58	152.16	99.14	44.08	0	
3	152.16	99.14	154.00	111.00	12.00	1	2	

1	3	203.828	3
1	140.00	21.00	118.54	48.65	35.00	1	1	
2	118.54	48.65	40.14	149.61	127.83	0	
3	40.14	149.61	15.00	182.00	41.00	1	3	

1	4	128.950	4
1	140.00	21.00	154.11	53.03	35.00	1	1	
2	154.11	53.03	185.95	125.27	78.95	0	
3	185.95	125.27	190.69	136.02	11.75	1	4	
4	190.69	136.02	192.00	139.00	3.25	2	4	8	

1	5	152.201	3
1	140.00	21.00	108.04	35.26	35.00	1	1	
2	108.04	35.26	15.61	76.48	101.20	0	
3	15.61	76.48	1.00	83.00	16.00	1	5	

1	6	219.536	5
1	140.00	21.00	129.80	54.48	35.00	1	1	
2	129.80	54.48	83.58	206.13	158.54	0	
3	83.58	206.13	81.78	212.02	6.16	1	6	
4	81.78	212.02	81.28	213.69	1.74	2	6	10	
5	81.28	213.69	76.00	231.00	18.10	1	6	

1	7	252.097	3
1	140.00	21.00	139.03	55.98	35.00	1	1	
2	139.03	55.98	134.22	229.02	173.10	0	
3	134.22	229.02	133.00	273.00	44.00	0	

1	8	159.703	5
1	140.00	21.00	151.40	54.09	35.00	1	1	
2	151.40	54.09	178.43	132.60	83.03	0	
3	178.43	132.60	180.28	137.96	5.67	1	4	
4	180.28	137.96	185.25	152.39	15.26	2	4	8	
5	185.25	152.39	192.00	172.00	20.74	1	8	

1	9	224.118	7
1	140.00	21.00	156.40	51.92	35.00	1	1	
2	156.40	51.92	194.76	124.26	81.88	0	
3	194.76	124.26	201.69	137.33	14.80	1	4	
4	201.69	137.33	205.75	144.99	8.67	2	4	8	
5	205.75	144.99	226.14	183.43	43.51	1	8	
6	226.14	183.43	243.59	216.35	37.26	0	
7	243.59	216.35	245.00	219.00	3.00	1	9	

1	10	200.569	4
1	140.00	21.00	129.88	54.50	35.00	1	1	
2	129.88	54.50	84.03	206.27	158.54	0	
3	84.03	206.27	82.29	212.04	6.03	1	6	
4	82.29	212.04	82.00	213.00	1.00	2	6	10	

2	0	189.834	2
1	154.00	111.00	144.27	103.98	12.00	1	2	
2	144.27	103.98	0.00	0.00	177.83	0	

2	1	91.082	3
1	154.00	111.00	152.16	99.14	12.00	1	2	
2	152.16	99.14	145.38	55.58	44.08	0	
3	145.38	55.58	140.00	21.00	35.00	1	1	

2	2	0	0

2	3	156.083	3
1	154.00	111.00	143.31	116.46	12.00	1	2	
2	143.31	116.46	51.51	163.35	103.08	0	
3	51.51	163.35	15.00	182.00	41.00	1	3	

2	4	47.202	4
1	154.00	111.00	163.66	118.12	12.00	1	2	
2	163.66	118.12	179.92	130.10	20.20	0	
3	179.92	130.10	188.20	136.20	10.28	1	4	
4	188.20	136.20	192.00	139.00	4.72	2	4	8	

2	5	155.541	3
1	154.00	111.00	142.20	108.84	12.00	1	2	
2	142.20	108.84	16.74	85.88	127.54	0	
3	16.74	85.88	1.00	83.00	16.00	1	5	

2	6	143.122	3
1	154.00	111.00	147.46	121.06	12.00	1	2	
2	147.46	121.06	90.17	209.20	105.12	0	
3	90.17	209.20	76.00	231.00	26.00	1	6	

2	7	163.355	3
1	154.00	111.00	152.46	122.90	12.00	1	2	
2	152.46	122.90	138.66	229.36	107.36	0	
3	138.66	229.36	133.00	273.00	44.00	0	

2	8	71.868	3
1	154.00	111.00	160.34	121.19	12.00	1	2	
2	160.34	121.19	172.97	141.44	23.87	0	
3	172.97	141.44	192.00	172.00	36.00	1	8	

2	9	141.227	7
1	154.00	111.00	161.73	120.18	12.00	1	2	
2	161.73	120.18	177.02	138.32	23.72	0	
3	177.02	138.32	177.60	139.01	0.90	1	4	
4	177.60	139.01	190.13	153.88	19.45	2	4	8	
5	190.13	153.88	222.07	191.79	49.57	1	8	
6	222.07	191.79	243.07	216.71	32.58	0	
7	243.07	216.71	245.00	219.00	3.00	1	9	

2	10	124.852	4
1	154.00	111.00	147.08	120.80	12.00	1	2	
2	147.08	120.80	86.18	207.08	105.60	0	
3	86.18	207.08	82.58	212.18	6.25	1	6	
4	82.58	212.18	82.00	213.00	1.00	2	6	10	

3	0	182.617	4
1	15.00	182.00	11.63	141.14	41.00	1	3	
2	11.63	141.14	8.03	97.37	43.91	0	
3	8.03	97.37	5.58	67.67	29.81	1	5	
4	5.58	67.67	0.00	0.00	67.90	0	

3	1	203.828	3
1	15.00	182.00	40.14	149.61	41.00	1	3	
2	40.14	149.61	118.54	48.65	127.83	0	
3	118.54	48.65	140.00	21.00	35.00	1	1	

3	2	156.083	3
1	15.00	182.00	51.51	163.35	41.00	1	3	
2	51.51	163.35	143.31	116.46	103.08	0	
3	143.31	116.46	154.00	111.00	12.00	1	2	

3	3	0	0

3	4	182.148	4
1	15.00	182.00	54.84	172.32	41.00	1	3	
2	54.84	172.32	168.53	144.70	117.00	0	
3	168.53	144.70	177.42	142.54	9.15	1	8	
4	177.42	142.54	192.00	139.00	15.00	2	4	8	

3	5	99.985	3
1	15.00	182.00	9.26	141.40	41.00	0	
2	9.26	141.40	3.24	98.84	42.98	0	
3	3.24	98.84	1.00	83.00	16.00	1	5	

3	6	78.243	3
1	15.00	182.00	46.96	207.68	41.00	1	3	
2	46.96	207.68	55.73	214.72	11.24	0	
3	55.73	214.72	76.00	231.00	26.00	1	6	

3	7	149.013	5
1	15.00	182.00	47.47	207.04	41.00	1	3	
2	47.47	207.04	56.39	213.92	11.27	0	
3	56.39	213.92	97.50	245.62	51.91	1	6	
4	97.50	245.62	98.16	246.13	0.83	0	
5	98.16	246.13	133.00	273.00	44.00	1	7	

3	8	177.282	3
1	15.00	182.00	55.93	179.69	41.00	1	3	
2	55.93	179.69	156.06	174.03	100.28	0	
3	156.06	174.03	192.00	172.00	36.00	1	8	

3	9	232.957	3
1	15.00	182.00	55.48	188.51	41.00	1	3	
2	55.48	188.51	242.04	218.52	188.96	0	
3	242.04	218.52	245.00	219.00	3.00	1	9	

3	10	73.824	4
1	15.00	182.00	52.21	199.22	41.00	1	3	
2	52.21	199.22	67.67	206.37	17.04	0	
3	67.67	206.37	81.09	212.58	14.79	1	6	
4	81.09	212.58	82.00	213.00	1.00	2	6	10	

4	0	237.034	5
1	192.00	139.00	188.14	136.21	4.76	2	4	8	
2	188.14	136.21	179.85	130.20	10.24	1	4	
3	179.85	130.20	163.48	118.35	20.21	0	
4	163.48	118.35	144.05	104.29	23.99	1	2	
5	144.05	104.29	0.00	0.00	177.84	0	

4	1	128.950	4
1	192.00	139.00	190.69	136.02	3.25	2	4	8	
2	190.69	136.02	185.95	125.27	11.75	1	4	
3	185.95	125.27	154.11	53.03	78.95	0	
4	154.11	53.03	140.00	21.00	35.00	1	1	

4	2	47.202	4
1	192.00	139.00	188.20	136.20	4.72	2	4	8	
2	188.20	136.20	179.92	130.10	10.28	1	4	
3	179.92	130.10	163.66	118.12	20.20	0	
4	163.66	118.12	154.00	111.00	12.00	1	2	

4	3	182.148	4
1	192.00	139.00	177.42	142.54	15.00	2	4	8	
2	177.42	142.54	168.53	144.70	9.15	1	8	
3	168.53	144.70	54.84	172.32	117.00	0	
4	54.84	172.32	15.00	182.00	41.00	1	3	

4	4	0	0

4	5	199.040	4
1	192.00	139.00	184.48	136.79	7.84	2	4	8	
2	184.48	136.79	177.61	134.78	7.16	1	4	
3	177.61	134.78	16.35	87.50	168.04	0	
4	16.35	87.50	1.00	83.00	16.00	1	5	

4	6	148.054	4
1	192.00	139.00	180.25	148.32	15.00	2	4	8	
2	180.25	148.32	156.31	167.31	30.56	1	8	
3	156.31	167.31	96.37	214.84	76.50	0	
4	96.37	214.84	76.00	231.00	26.00	1	6	

4	7	146.414	4
1	192.00	139.00	185.96	152.73	15.00	2	4	8	
2	185.96	152.73	166.35	197.26	48.66	1	8	
3	166.35	197.26	150.73	232.73	38.76	0	
4	150.73	232.73	133.00	273.00	44.00	1	7	

4	8	33.000	2
1	192.00	139.00	192.00	154.00	15.00	2	4	8	
2	192.00	154.00	192.00	172.00	18.00	1	8	

4	9	95.964	4
1	192.00	139.00	200.28	151.50	15.00	2	4	8	
2	200.28	151.50	224.34	187.82	43.56	1	8	
3	224.34	187.82	243.34	216.50	34.41	0	
4	243.34	216.50	245.00	219.00	3.00	1	9	

4	10	132.575	5
1	192.00	139.00	179.55	147.37	15.00	2	4	8	
2	179.55	147.37	157.32	162.33	26.79	1	8	
3	157.32	162.33	88.85	208.39	82.53	0	
4	88.85	208.39	82.83	212.44	7.25	1	6	
5	82.83	212.44	82.00	213.00	1.00	2	6	10	

5	0	83.006	2
1	1.00	83.00	0.81	67.00	16.00	0	
2	0.81	67.00	0.00	0.00	67.00	0	

5	1	152.201	3
1	1.00	83.00	15.61	76.48	16.00	1	5	
2	15.61	76.48	108.04	35.26	101.20	0	
3	108.04	35.26	140.00	21.00	35.00	1	1	

5	2	155.541	3
1	1.00	83.00	16.74	85.88	16.00	1	5	
2	16.74	85.88	142.20	108.84	127.54	0	
3	142.20	108.84	154.00	111.00	12.00	1	2	

5	3	99.985	3
1	1.00	83.00	3.24	98.84	16.00	1	5	
2	3.24	98.84	9.26	141.40	42.98	0	
3	9.26	141.40	15.00	182.00	41.00	0	

5	4	199.040	4
1	1.00	83.00	16.35	87.50	16.00	1	5	
2	16.35	87.50	177.61	134.78	168.04	0	
3	177.61	134.78	184.48	136.79	7.16	1	4	
4	184.48	136.79	192.00	139.00	7.84	2	4	8	

5	5	0	0

5	6	165.919	5
1	1.00	83.00	8.23	97.27	16.00	1	5	
2	8.23	97.27	32.34	144.85	53.34	0	
3	32.34	144.85	55.22	189.98	50.60	1	3	
4	55.22	189.98	64.25	207.81	19.98	0	
5	64.25	207.81	76.00	231.00	26.00	1	6	

5	7	231.353	5
1	1.00	83.00	10.13	96.14	16.00	1	5	
2	10.13	96.14	87.68	207.77	135.93	0	
3	87.68	207.77	101.84	228.15	24.82	1	6	
4	101.84	228.15	107.90	236.86	10.61	0	
5	107.90	236.86	133.00	273.00	44.00	1	7	

5	8	210.718	3
1	1.00	83.00	15.50	89.76	16.00	1	5	
2	15.50	89.76	159.37	156.79	158.72	0	
3	159.37	156.79	192.00	172.00	36.00	1	8	

5	9	279.342	5
1	1.00	83.00	14.98	90.79	16.00	1	5	
2	14.98	90.79	156.09	169.44	161.55	0	
3	156.09	169.44	213.06	201.20	65.22	1	8	
4	213.06	201.20	242.38	217.54	33.57	0	
5	242.38	217.54	245.00	219.00	3.00	1	9	

5	10	153.170	6
1	1.00	83.00	9.46	96.58	16.00	1	5	
2	9.46	96.58	45.88	155.03	68.87	0	
3	45.88	155.03	52.82	166.17	13.12	1	3	
4	52.82	166.17	77.03	205.02	45.78	0	
5	77.03	205.02	81.47	212.15	8.40	1	6	
6	81.47	212.15	82.00	213.00	1.00	2	6	10	

6	0	243.181	2
1	76.00	231.00	67.87	206.30	26.00	1	6	
2	67.87	206.30	0.00	0.00	217.18	0	

6	1	219.536	5
1	76.00	231.00	81.28	213.69	18.10	1	6	
2	81.28	213.69	81.78	212.02	1.74	2	6	10	
3	81.78	212.02	83.58	206.13	6.16	1	6	
4	83.58	206.13	129.80	54.48	158.54	0	
5	129.80	54.48	140.00	21.00	35.00	1	1	

6	2	143.122	3
1	76.00	231.00	90.17	209.20	26.00	1	6	
2	90.17	209.20	147.46	121.06	105.12	0	
3	147.46	121.06	154.00	111.00	12.00	1	2	

6	3	78.243	3
1	76.00	231.00	55.73	214.72	26.00	1	6	
2	55.73	214.72	46.96	207.68	11.24	0	
3	46.96	207.68	15.00	182.00	41.00	1	3	

6	4	148.054	4
1	76.00	231.00	96.37	214.84	26.00	1	6	
2	96.37	214.84	156.31	167.31	76.50	0	
3	156.31	167.31	180.25	148.32	30.56	1	8	
4	180.25	148.32	192.00	139.00	15.00	2	4	8	

6	5	165.919	5
1	76.00	231.00	64.25	207.81	26.00	1	6	
2	64.25	207.81	55.22	189.98	19.98	0	
3	55.22	189.98	32.34	144.85	50.60	1	3	
4	32.34	144.85	8.23	97.27	53.34	0	
5	8.23	97.27	1.00	83.00	16.00	1	5	

6	6	0	0

6	7	70.803	3
1	76.00	231.00	96.93	246.42	26.00	1	6	
2	96.93	246.42	97.58	246.90	0.80	0	
3	97.58	246.90	133.00	273.00	44.00	1	7	

6	8	130.142	3
1	76.00	231.00	99.17	219.21	26.00	1	6	
2	99.17	219.21	159.91	188.32	68.14	0	
3	159.91	188.32	192.00	172.00	36.00	1	8	

6	9	169.425	3
1	76.00	231.00	101.93	229.16	26.00	1	6	
2	101.93	229.16	242.01	219.21	140.43	0	
3	242.01	219.21	245.00	219.00	3.00	1	9	

6	10	18.974	2
1	76.00	231.00	81.68	213.95	17.97	1	6	
2	81.68	213.95	82.00	213.00	1.00	2	6	10	

7	0	303.674	2
1	133.00	273.00	113.73	233.44	44.00	1	7	
2	113.73	233.44	0.00	0.00	259.67	0	

7	1	252.097	3
1	133.00	273.00	134.22	229.02	44.00	0	
2	134.22	229.02	139.03	55.98	173.10	0	
3	139.03	55.98	140.00	21.00	35.00	1	1	

7	2	163.355	3
1	133.00	273.00	138.66	229.36	44.00	0	
2	138.66	229.36	152.46	122.90	107.36	0	
3	152.46	122.90	154.00	111.00	12.00	1	2	

7	3	149.013	5
1	133.00	273.00	98.16	246.13	44.00	1	7	
2	98.16	246.13	97.50	245.62	0.83	0	
3	97.50	245.62	56.39	213.92	51.91	1	6	
4	56.39	213.92	47.47	207.04	11.27	0	
5	47.47	207.04	15.00	182.00	41.00	1	3	

7	4	146.414	4
1	133.00	273.00	150.73	232.73	44.00	1	7	
2	150.73	232.73	166.35	197.26	38.76	0	
3	166.35	197.26	185.96	152.73	48.66	1	8	
4	185.96	152.73	192.00	139.00	15.00	2	4	8	

7	5	231.353	5
1	133.00	273.00	107.90	236.86	44.00	1	7	
2	107.90	236.86	101.84	228.15	10.61	0	
3	101.84	228.15	87.68	207.77	24.82	1	6	
4	87.68	207.77	10.13	96.14	135.93	0	
5	10.13	96.14	1.00	83.00	16.00	1	5	

7	6	70.803	3
1	133.00	273.00	97.58	246.90	44.00	1	7	
2	97.58	246.90	96.93	246.42	0.80	0	
3	96.93	246.42	76.00	231.00	26.00	1	6	

7	7	0	0

7	8	116.970	3
1	133.00	273.00	155.19	235.01	44.00	1	7	
2	155.19	235.01	173.84	203.08	36.97	0	
3	173.84	203.08	192.00	172.00	36.00	1	8	

7	9	124.338	3
1	133.00	273.00	172.63	253.89	44.00	1	7	
2	172.63	253.89	242.30	220.30	77.34	0	
3	242.30	220.30	245.00	219.00	3.00	1	9	

7	10	78.746	4
1	133.00	273.00	104.50	239.47	44.00	1	7	
2	104.50	239.47	101.52	235.97	4.60	0	
3	101.52	235.97	82.65	213.76	29.14	1	6	
4	82.65	213.76	82.00	213.00	1.00	2	6	10	

8	0	257.775	2
1	192.00	172.00	165.19	147.98	36.00	1	8	
2	165.19	147.98	0.00	0.00	221.78	0	

8	1	159.703	5
1	192.00	172.00	185.25	152.39	20.74	1	8	
2	185.25	152.39	180.28	137.96	15.26	2	4	8	
3	180.28	137.96	178.43	132.60	5.67	1	4	
4	178.43	132.60	151.40	54.09	83.03	0	
5	151.40	54.09	140.00	21.00	35.00	1	1	

8	2	71.868	3
1	192.00	172.00	172.97	141.44	36.00	1	8	
2	172.97	141.44	160.34	121.19	23.87	0	
3	160.34	121.19	154.00	111.00	12.00	1	2	

8	3	177.282	3
1	192.00	172.00	156.06	174.03	36.00	1	8	
2	156.06	174.03	55.93	179.69	100.28	0	
3	55.93	179.69	15.00	182.00	41.00	1	3	

8	4	33.000	2
1	192.00	172.00	192.00	154.00	18.00	1	8	
2	192.00	154.00	192.00	139.00	15.00	2	4	8	

8	5	210.718	3
1	192.00	172.00	159.37	156.79	36.00	1	8	
2	159.37	156.79	15.50	89.76	158.72	0	
3	15.50	89.76	1.00	83.00	16.00	1	5	

8	6	130.142	3
1	192.00	172.00	159.91	188.32	36.00	1	8	
2	159.91	188.32	99.17	219.21	68.14	0	
3	99.17	219.21	76.00	231.00	26.00	1	6	

8	7	116.970	3
1	192.00	172.00	173.84	203.08	36.00	1	8	
2	173.84	203.08	155.19	235.01	36.97	0	
3	155.19	235.01	133.00	273.00	44.00	1	7	

8	8	0	0

8	9	70.838	3
1	192.00	172.00	218.93	195.89	36.00	1	8	
2	218.93	195.89	242.76	217.01	31.84	0	
3	242.76	217.01	245.00	219.00	3.00	1	9	

8	10	117.393	4
1	192.00	172.00	158.27	184.57	36.00	1	8	
2	158.27	184.57	90.89	209.69	71.90	0	
3	90.89	209.69	82.94	212.65	8.49	1	6	
4	82.94	212.65	82.00	213.00	1.00	2	6	10	

9	0	328.612	4
1	245.00	219.00	242.76	217.00	3.00	1	9	
2	242.76	217.00	219.03	195.78	31.84	0	
3	219.03	195.78	165.35	147.80	72.00	1	8	
4	165.35	147.80	0.00	0.00	221.78	0	

9	1	224.118	7
1	245.00	219.00	243.59	216.35	3.00	1	9	
2	243.59	216.35	226.14	183.43	37.26	0	
3	226.14	183.43	205.75	144.99	43.51	1	8	
4	205.75	144.99	201.69	137.33	8.67	2	4	8	
5	201.69	137.33	194.76	124.26	14.80	1	4	
6	194.76	124.26	156.40	51.92	81.88	0	
7	156.40	51.92	140.00	21.00	35.00	1	1	

9	2	141.227	7
1	245.00	219.00	243.07	216.71	3.00	1	9	
2	243.07	216.71	222.07	191.79	32.58	0	
3	222.07	191.79	190.13	153.88	49.57	1	8	
4	190.13	153.88	177.60	139.01	19.45	2	4	8	
5	177.60	139.01	177.02	138.32	0.90	1	4	
6	177.02	138.32	161.73	120.18	23.72	0	
7	161.73	120.18	154.00	111.00	12.00	1	2	

9	3	232.957	3
1	245.00	219.00	242.04	218.52	3.00	1	9	
2	242.04	218.52	55.48	188.51	188.96	0	
3	55.48	188.51	15.00	182.00	41.00	1	3	

9	4	95.964	4
1	245.00	219.00	243.34	216.50	3.00	1	9	
2	243.34	216.50	224.34	187.82	34.41	0	
3	224.34	187.82	200.28	151.50	43.56	1	8	
4	200.28	151.50	192.00	139.00	15.00	2	4	8	

9	5	279.342	5
1	245.00	219.00	242.38	217.54	3.00	1	9	
2	242.38	217.54	213.06	201.20	33.57	0	
3	213.06	201.20	156.09	169.44	65.22	1	8	
4	156.09	169.44	14.98	90.79	161.55	0	
5	14.98	90.79	1.00	83.00	16.00	1	5	

9	6	169.425	3
1	245.00	219.00	242.01	219.21	3.00	1	9	
2	242.01	219.21	101.93	229.16	140.43	0	
3	101.93	229.16	76.00	231.00	26.00	1	6	

9	7	124.338	3
1	245.00	219.00	242.30	220.30	3.00	1	9	
2	242.30	220.30	172.63	253.89	77.34	0	
3	172.63	253.89	133.00	273.00	44.00	1	7	

9	8	70.838	3
1	245.00	219.00	242.76	217.01	3.00	1	9	
2	242.76	217.01	218.93	195.89	31.84	0	
3	218.93	195.89	192.00	172.00	36.00	1	8	

9	9	0	0

9	10	163.110	4
1	245.00	219.00	242.00	218.89	3.00	1	9	
2	242.00	218.89	95.22	213.49	146.88	0	
3	95.22	213.49	83.00	213.04	12.23	1	6	
4	83.00	213.04	82.00	213.00	1.00	2	6	10	

10	0	228.239	3
1	82.00	213.00	81.64	212.07	1.00	2	6	10	
2	81.64	212.07	78.99	205.17	7.39	1	6	
3	78.99	205.17	0.00	0.00	219.85	0	

10	1	200.569	4
1	82.00	213.00	82.29	212.04	1.00	2	6	10	
2	82.29	212.04	84.03	206.27	6.03	1	6	
3	84.03	206.27	129.88	54.50	158.54	0	
4	129.88	54.50	140.00	21.00	35.00	1	1	

10	2	124.852	4
1	82.00	213.00	82.58	212.18	1.00	2	6	10	
2	82.58	212.18	86.18	207.08	6.25	1	6	
3	86.18	207.08	147.08	120.80	105.60	0	
4	147.08	120.80	154.00	111.00	12.00	1	2	

10	3	73.824	4
1	82.00	213.00	81.09	212.58	1.00	2	6	10	
2	81.09	212.58	67.67	206.37	14.79	1	6	
3	67.67	206.37	52.21	199.22	17.04	0	
4	52.21	199.22	15.00	182.00	41.00	1	3	

10	4	132.575	5
1	82.00	213.00	82.83	212.44	1.00	2	6	10	
2	82.83	212.44	88.85	208.39	7.25	1	6	
3	88.85	208.39	157.32	162.33	82.53	0	
4	157.32	162.33	179.55	147.37	26.79	1	8	
5	179.55	147.37	192.00	139.00	15.00	2	4	8	

10	5	153.170	6
1	82.00	213.00	81.47	212.15	1.00	2	6	10	
2	81.47	212.15	77.03	205.02	8.40	1	6	
3	77.03	205.02	52.82	166.17	45.78	0	
4	52.82	166.17	45.88	155.03	13.12	1	3	
5	45.88	155.03	9.46	96.58	68.87	0	
6	9.46	96.58	1.00	83.00	16.00	1	5	

10	6	18.974	2
1	82.00	213.00	81.68	213.95	1.00	2	6	10	
2	81.68	213.95	76.00	231.00	17.97	1	6	

10	7	78.746	4
1	82.00	213.00	82.65	213.76	1.00	2	6	10	
2	82.65	213.76	101.52	235.97	29.14	1	6	
3	101.52	235.97	104.50	239.47	4.60	0	
4	104.50	239.47	133.00	273.00	44.00	1	7	

10	8	117.393	4
1	82.00	213.00	82.94	212.65	1.00	2	6	10	
2	82.94	212.65	90.89	209.69	8.49	1	6	
3	90.89	209.69	158.27	184.57	71.90	0	
4	158.27	184.57	192.00	172.00	36.00	1	8	

10	9	163.110	4
1	82.00	213.00	83.00	213.04	1.00	2	6	10	
2	83.00	213.04	95.22	213.49	12.23	1	6	
3	95.22	213.49	242.00	218.89	146.88	0	
4	242.00	218.89	245.00	219.00	3.00	1	9	

10	10	0	0