16	722	2	0.001	60.0
150.000	150.000	0.000	3.000	0.000
197.000	299.000	40.000	1.000	10.000
243.000	290.000	50.000	3.000	8.000
122.000	171.000	12.000	4.000	8.000
18.000	281.000	44.000	3.000	16.000
215.000	299.000	50.000	6.000	4.000
56.000	106.000	36.000	2.000	12.000
106.000	167.000	39.000	8.000	19.000
154.000	224.000	31.000	10.000	12.000
223.000	19.000	2.000	8.000	19.000
9.000	102.000	18.000	2.000	12.000
273.000	28.000	1.000	3.000	4.000
61.000	145.000	39.000	10.000	9.000
144.000	237.000	22.000	9.000	14.000
95.000	159.000	25.000	6.000	3.000
26.000	114.000	13.000	2.000	13.000

0	0	0	0

0	1	156.237	6
1	150.00	150.00	164.10	194.69	46.86	0	
2	164.10	194.69	179.09	242.21	49.83	1	8	
3	179.09	242.21	184.50	259.38	18.00	0	
4	184.50	259.38	184.97	260.85	1.55	1	5	
5	184.97	260.85	193.11	286.67	27.07	2	1	5	
6	193.11	286.67	197.00	299.00	12.93	3	1	2	5	

0	2	168.074	3
1	150.00	150.00	215.33	248.35	118.07	0	
2	215.33	248.35	215.77	249.01	0.79	1	2	
3	215.77	249.01	243.00	290.00	49.21	2	2	5	

0	3	35.000	2
1	150.00	150.00	143.15	155.14	8.56	0	
2	143.15	155.14	122.00	171.00	26.44	1	7	

0	4	185.970	6
1	150.00	150.00	143.54	156.41	9.11	0	
2	143.54	156.41	133.19	166.68	14.57	1	7	
3	133.19	166.68	117.59	182.16	21.98	2	3	7	
4	117.59	182.16	95.13	204.45	31.65	1	7	
5	95.13	204.45	49.23	250.01	64.67	0	
6	49.23	250.01	18.00	281.00	44.00	1	4	

0	5	162.561	6
1	150.00	150.00	170.96	198.05	52.43	0	
2	170.96	198.05	184.56	229.22	34.00	1	8	
3	184.56	229.22	195.01	253.17	26.13	0	
4	195.01	253.17	197.55	259.00	6.36	1	5	
5	197.55	259.00	199.97	264.54	6.04	2	1	5	
6	199.97	264.54	215.00	299.00	37.60	3	1	2	5	

0	6	103.788	6
1	150.00	150.00	137.66	144.22	13.63	0	
2	137.66	144.22	103.21	128.10	38.03	1	7	
3	103.21	128.10	93.61	123.60	10.61	0	
4	93.61	123.60	88.60	121.26	5.52	1	12	
5	88.60	121.26	56.55	106.26	35.40	2	6	12	
6	56.55	106.26	56.00	106.00	0.60	1	6	

0	7	47.170	5
1	150.00	150.00	142.38	152.94	8.17	0	
2	142.38	152.94	125.42	159.50	18.18	1	7	
3	125.42	159.50	119.86	161.65	5.96	2	3	7	
4	119.86	161.65	111.74	164.78	8.71	3	3	7	14	
5	111.74	164.78	106.00	167.00	6.15	2	7	14	

0	8	74.108	3
1	150.00	150.00	152.33	193.05	43.11	0	
2	152.33	193.05	153.63	217.22	24.21	1	8	
3	153.63	217.22	154.00	224.00	6.79	2	8	13	

0	9	149.967	2
1	150.00	150.00	222.03	20.75	147.97	0	
2	222.03	20.75	223.00	19.00	2.00	1	9	

0	10	148.946	10
1	150.00	150.00	139.03	146.27	11.59	0	
2	139.03	146.27	97.86	132.25	43.50	1	7	
3	97.86	132.25	92.48	130.42	5.68	2	7	12	
4	92.48	130.42	84.68	127.76	8.24	1	12	
5	84.68	127.76	39.58	112.41	47.64	2	6	12	
6	39.58	112.41	38.87	112.17	0.75	1	6	
7	38.87	112.17	26.04	107.80	13.55	2	6	15	
8	26.04	107.80	20.00	105.75	6.38	3	6	10	15	
9	20.00	105.75	16.92	104.70	3.25	2	10	15	
10	16.92	104.70	9.00	102.00	8.37	1	10	

0	11	173.243	2
1	150.00	150.00	272.29	28.70	172.24	0	
2	272.29	28.70	273.00	28.00	1.00	1	11	

0	12	89.140	6
1	150.00	150.00	140.85	149.49	9.17	0	
2	140.85	149.49	117.54	148.18	23.35	1	7	
3	117.54	148.18	99.94	147.19	17.62	2	7	14	
4	99.94	147.19	73.82	145.72	26.16	3	7	12	14	
5	73.82	145.72	73.33	145.69	0.48	2	7	12	
6	73.33	145.69	61.00	145.00	12.35	1	12	

0	13	87.207	3
1	150.00	150.00	146.98	193.81	43.91	0	
2	146.98	193.81	145.51	215.05	21.30	1	8	
3	145.51	215.05	144.00	237.00	22.00	2	8	13	

0	14	55.731	4
1	150.00	150.00	141.72	151.35	8.39	0	
2	141.72	151.35	119.67	154.96	22.35	1	7	
3	119.67	154.96	97.56	158.58	22.41	2	7	14	
4	97.56	158.58	95.00	159.00	2.59	3	7	12	14	

0	15	129.120	9
1	150.00	150.00	139.44	146.93	10.99	0	
2	139.44	146.93	108.48	137.95	32.24	1	7	
3	108.48	137.95	98.73	135.11	10.16	2	7	14	
4	98.73	135.11	94.89	134.00	3.99	3	7	12	14	
5	94.89	134.00	88.50	132.15	6.65	2	7	12	
6	88.50	132.15	82.47	130.40	6.28	1	12	
7	82.47	130.40	38.48	117.62	45.81	2	6	12	
8	38.48	117.62	34.43	116.45	4.22	3	6	12	15	
9	34.43	116.45	26.00	114.00	8.78	2	6	15	

1	0	156.237	6
1	197.00	299.00	193.11	286.67	12.93	3	1	2	5	
2	193.11	286.67	184.97	260.85	27.07	2	1	5	
3	184.97	260.85	184.50	259.38	1.55	1	5	
4	184.50	259.38	179.09	242.21	18.00	0	
5	179.09	242.21	164.10	194.69	49.83	1	8	
6	164.10	194.69	150.00	150.00	46.86	0	

1	1	0	0

1	2	46.872	2
1	197.00	299.00	236.26	291.32	40.00	3	1	2	5	
2	236.26	291.32	243.00	290.00	6.87	2	2	5	

1	3	148.354	10
1	197.00	299.00	193.05	292.26	7.81	3	1	2	5	
2	193.05	292.26	177.57	265.85	30.62	2	1	5	
3	177.57	265.85	176.78	264.49	1.57	1	1	
4	176.78	264.49	168.96	251.15	15.46	0	
5	168.96	251.15	164.83	244.09	8.18	1	8	
6	164.83	244.09	148.00	215.37	33.29	2	8	13	
7	148.00	215.37	137.63	197.67	20.50	1	8	
8	137.63	197.67	134.96	193.12	5.28	0	
9	134.96	193.12	128.07	181.35	13.64	1	7	
10	128.07	181.35	122.00	171.00	12.00	2	3	7	

1	4	179.903	5
1	197.00	299.00	193.76	298.67	3.26	3	1	2	5	
2	193.76	298.67	165.10	295.79	28.80	2	1	5	
3	165.10	295.79	157.20	295.00	7.94	1	1	
4	157.20	295.00	61.78	285.40	95.90	0	
5	61.78	285.40	18.00	281.00	44.00	1	4	

1	5	18.000	1
1	197.00	299.00	215.00	299.00	18.00	3	1	2	5	

1	6	239.019	15
1	197.00	299.00	193.14	293.71	6.55	3	1	2	5	
2	193.14	293.71	175.04	268.94	30.68	2	1	5	
3	175.04	268.94	173.40	266.70	2.78	1	1	
4	173.40	266.70	163.71	253.44	16.42	0	
5	163.71	253.44	161.47	250.37	3.80	1	8	
6	161.47	250.37	136.58	216.29	42.20	2	8	13	
7	136.58	216.29	128.91	205.80	13.00	1	8	
8	128.91	205.80	125.32	200.88	6.09	0	
9	125.32	200.88	109.56	179.32	26.70	1	7	
10	109.56	179.32	96.42	161.32	22.28	2	7	14	
11	96.42	161.32	80.07	138.95	27.71	3	7	12	14	
12	80.07	138.95	79.60	138.30	0.80	2	7	12	
13	79.60	138.30	77.24	135.07	4.00	1	12	
14	77.24	135.07	56.22	106.29	35.64	2	6	12	
15	56.22	106.29	56.00	106.00	0.36	1	6	

1	7	160.328	12
1	197.00	299.00	193.11	293.36	6.85	3	1	2	5	
2	193.11	293.36	175.69	268.10	30.69	2	1	5	
3	175.69	268.10	174.30	266.07	2.46	1	1	
4	174.30	266.07	165.22	252.90	15.99	0	
5	165.22	252.90	162.48	248.93	4.82	1	8	
6	162.48	248.93	139.42	215.48	40.63	2	8	13	
7	139.42	215.48	130.98	203.24	14.87	1	8	
8	130.98	203.24	128.14	199.11	5.01	0	
9	128.14	199.11	115.87	181.32	21.61	1	7	
10	115.87	181.32	112.67	176.68	5.63	2	3	7	
11	112.67	176.68	110.18	173.06	4.40	3	3	7	14	
12	110.18	173.06	106.00	167.00	7.36	2	7	14	

1	8	86.452	6
1	197.00	299.00	193.04	292.10	7.95	3	1	2	5	
2	193.04	292.10	177.83	265.56	30.59	2	1	5	
3	177.83	265.56	177.10	264.30	1.45	1	1	
4	177.10	264.30	169.42	250.89	15.45	0	
5	169.42	250.89	165.07	243.32	8.74	1	8	
6	165.07	243.32	154.00	224.00	22.26	2	8	13	

1	9	281.205	5
1	197.00	299.00	200.24	264.08	35.07	3	1	2	5	
2	200.24	264.08	200.70	259.17	4.93	1	5	
3	200.70	259.17	201.47	250.87	8.34	1	5	
4	201.47	250.87	222.82	20.99	230.86	0	
5	222.82	20.99	223.00	19.00	2.00	1	9	

1	10	272.310	19
1	197.00	299.00	193.26	295.08	5.42	3	1	2	5	
2	193.26	295.08	172.25	273.07	30.43	2	1	5	
3	172.25	273.07	169.38	270.06	4.15	1	1	
4	169.38	270.06	155.65	255.67	19.90	0	
5	155.65	255.67	154.99	254.98	0.94	1	13	
6	154.99	254.98	125.90	224.50	42.14	2	8	13	
7	125.90	224.50	123.10	221.56	4.06	1	8	
8	123.10	221.56	108.19	205.94	21.59	0	
9	108.19	205.94	85.44	182.10	32.95	1	7	
10	85.44	182.10	81.62	178.10	5.53	2	7	14	
11	81.62	178.10	71.48	167.47	14.70	3	7	12	14	
12	71.48	167.47	67.21	162.99	6.19	2	7	12	
13	67.21	162.99	45.75	140.51	31.08	1	12	
14	45.75	140.51	31.63	125.72	20.45	2	6	12	
15	31.63	125.72	28.90	122.85	3.96	3	6	12	15	
16	28.90	122.85	21.43	115.02	10.82	2	6	15	
17	21.43	115.02	21.05	114.63	0.55	3	6	10	15	
18	21.05	114.63	14.56	107.83	9.40	2	10	15	
19	14.56	107.83	9.00	102.00	8.05	1	10	

1	11	281.455	5
1	197.00	299.00	207.80	260.49	40.00	3	1	2	5	
2	207.80	260.49	210.08	252.37	8.43	1	5	
3	210.08	252.37	210.98	249.16	3.33	0	
4	210.98	249.16	272.73	28.96	228.69	0	
5	272.73	28.96	273.00	28.00	1.00	1	11	

1	12	205.456	13
1	197.00	299.00	193.22	294.72	5.71	3	1	2	5	
2	193.22	294.72	173.02	271.84	30.53	2	1	5	
3	173.02	271.84	170.52	269.02	3.77	1	1	
4	170.52	269.02	157.92	254.75	19.03	0	
5	157.92	254.75	157.55	254.33	0.56	1	8	
6	157.55	254.33	128.48	221.41	43.92	2	8	13	
7	128.48	221.41	123.97	216.30	6.81	1	8	
8	123.97	216.30	114.12	205.15	14.89	0	
9	114.12	205.15	95.44	184.00	28.22	1	7	
10	95.44	184.00	86.82	174.23	13.03	2	7	14	
11	86.82	174.23	70.25	155.47	25.03	3	7	12	14	
12	70.25	155.47	69.15	154.23	1.66	2	7	12	
13	69.15	154.23	61.00	145.00	12.31	1	12	

1	13	81.566	6
1	197.00	299.00	193.21	294.56	5.83	3	1	2	5	
2	193.21	294.56	173.35	271.33	30.56	2	1	5	
3	173.35	271.33	171.01	268.60	3.60	1	1	
4	171.01	268.60	159.04	254.59	18.43	0	
5	159.04	254.59	158.30	253.72	1.14	1	8	
6	158.30	253.72	144.00	237.00	22.00	2	8	13	

1	14	173.217	11
1	197.00	299.00	193.14	293.70	6.56	3	1	2	5	
2	193.14	293.70	175.07	268.90	30.68	2	1	5	
3	175.07	268.90	173.45	266.67	2.76	1	1	
4	173.45	266.67	163.79	253.41	16.40	0	
5	163.79	253.41	161.52	250.30	3.85	1	8	
6	161.52	250.30	136.71	216.24	42.14	2	8	13	
7	136.71	216.24	129.00	205.67	13.09	1	8	
8	129.00	205.67	125.45	200.80	6.02	0	
9	125.45	200.80	109.72	179.21	26.72	1	7	
10	109.72	179.21	96.52	161.09	22.41	2	7	14	
11	96.52	161.09	95.00	159.00	2.59	3	7	12	14	

1	15	251.925	16
1	197.00	299.00	193.24	294.94	5.53	3	1	2	5	
2	193.24	294.94	172.56	272.56	30.47	2	1	5	
3	172.56	272.56	169.85	269.63	4.00	1	1	
4	169.85	269.63	156.45	255.14	19.73	0	
5	156.45	255.14	156.25	254.92	0.30	1	13	
6	156.25	254.92	126.90	223.16	43.25	2	8	13	
7	126.90	223.16	123.35	219.32	5.22	1	8	
8	123.35	219.32	110.77	205.71	18.54	0	
9	110.77	205.71	90.29	183.55	30.17	1	7	
10	90.29	183.55	83.86	176.60	9.47	2	7	14	
11	83.86	176.60	70.15	161.77	20.19	3	7	12	14	
12	70.15	161.77	67.79	159.21	3.49	2	7	12	
13	67.79	159.21	51.64	141.73	23.79	1	12	
14	51.64	141.73	34.82	123.55	24.77	2	6	12	
15	34.82	123.55	31.30	119.73	5.20	3	6	12	15	
16	31.30	119.73	26.00	114.00	7.80	2	6	15	

2	0	168.074	3
1	243.00	290.00	215.77	249.01	49.21	2	2	5	
2	215.77	249.01	215.33	248.35	0.79	1	2	
3	215.33	248.35	150.00	150.00	118.07	0	

2	1	46.872	2
1	243.00	290.00	236.26	291.32	6.87	2	2	5	
2	236.26	291.32	197.00	299.00	40.00	3	1	2	5	

2	2	0	0

2	3	169.712	9
1	243.00	290.00	231.41	278.60	16.26	2	2	5	
2	231.41	278.60	216.83	264.26	20.45	3	1	2	5	
3	216.83	264.26	207.35	254.94	13.29	2	2	5	
4	207.35	254.94	202.84	250.50	6.33	1	5	
5	202.84	250.50	183.97	231.94	26.47	0	
6	183.97	231.94	145.56	194.17	53.87	1	8	
7	145.56	194.17	139.03	187.74	9.17	0	
8	139.03	187.74	130.56	179.41	11.88	1	7	
9	130.56	179.41	122.00	171.00	12.00	2	3	7	

2	4	225.180	6
1	243.00	290.00	235.91	289.72	7.10	2	2	5	
2	235.91	289.72	193.04	288.00	42.90	3	1	2	5	
3	193.04	288.00	166.48	286.94	26.58	2	1	5	
4	166.48	286.94	158.96	286.64	7.52	1	1	
5	158.96	286.64	61.96	282.76	97.07	0	
6	61.96	282.76	18.00	281.00	44.00	1	4	

2	5	29.411	2
1	243.00	290.00	236.40	292.12	6.93	2	2	5	
2	236.40	292.12	215.00	299.00	22.48	3	1	2	5	

2	6	262.345	16
1	243.00	290.00	231.40	278.58	16.28	2	2	5	
2	231.40	278.58	216.86	264.28	20.40	3	1	2	5	
3	216.86	264.28	207.36	254.93	13.33	2	2	5	
4	207.36	254.93	202.85	250.50	6.32	1	5	
5	202.85	250.50	183.97	231.92	26.49	0	
6	183.97	231.92	145.60	194.16	53.84	1	8	
7	145.60	194.16	139.05	187.71	9.19	0	
8	139.05	187.71	130.58	179.39	11.87	1	7	
9	130.58	179.39	118.51	167.51	16.94	2	3	7	
10	118.51	167.51	113.48	162.55	7.06	3	3	7	14	
11	113.48	162.55	99.79	149.08	19.21	2	7	14	
12	99.79	149.08	86.12	135.63	19.18	3	7	12	14	
13	86.12	135.63	84.76	134.29	1.91	2	7	12	
14	84.76	134.29	81.66	131.25	4.34	1	12	
15	81.66	131.25	56.29	106.29	35.59	2	6	12	
16	56.29	106.29	56.00	106.00	0.41	1	6	

2	7	184.114	11
1	243.00	290.00	232.51	280.58	14.10	2	2	5	
2	232.51	280.58	211.50	261.72	28.22	3	1	2	5	
3	211.50	261.72	205.79	256.60	7.67	2	2	5	
4	205.79	256.60	199.92	251.33	7.89	1	5	
5	199.92	251.33	182.66	235.82	23.21	0	
6	182.66	235.82	139.17	196.78	58.44	1	8	
7	139.17	196.78	135.02	193.05	5.57	0	
8	135.02	193.05	123.69	182.88	15.23	1	7	
9	123.69	182.88	114.51	174.64	12.34	2	3	7	
10	114.51	174.64	110.01	170.60	6.05	3	3	7	14	
11	110.01	170.60	106.00	167.00	5.38	2	7	14	

2	8	110.802	7
1	243.00	290.00	233.71	283.11	11.57	2	2	5	
2	233.71	283.11	202.84	260.22	38.43	3	1	2	5	
3	202.84	260.22	201.55	259.26	1.61	2	1	5	
4	201.55	259.26	193.97	253.64	9.44	1	5	
5	193.97	253.64	178.90	242.47	18.76	0	
6	178.90	242.47	165.55	232.56	16.62	1	8	
7	165.55	232.56	154.00	224.00	14.38	2	8	13	

2	9	271.737	4
1	243.00	290.00	240.49	255.99	34.11	2	2	5	
2	240.49	255.99	239.32	240.14	15.89	1	2	
3	239.32	240.14	223.15	20.99	219.74	0	
4	223.15	20.99	223.00	19.00	2.00	1	9	

2	10	300.167	20
1	243.00	290.00	233.31	282.21	12.43	2	2	5	
2	233.31	282.21	205.57	259.93	35.58	3	1	2	5	
3	205.57	259.93	204.02	258.68	1.99	2	2	5	
4	204.02	258.68	196.42	252.58	9.75	1	5	
5	196.42	252.58	180.62	239.88	20.27	0	
6	180.62	239.88	162.79	225.56	22.87	1	8	
7	162.79	225.56	151.12	216.19	14.96	2	8	13	
8	151.12	216.19	132.75	201.43	23.57	1	8	
9	132.75	201.43	129.06	198.46	4.74	0	
10	129.06	198.46	107.15	180.85	28.11	1	7	
11	107.15	180.85	91.99	168.68	19.44	2	7	14	
12	91.99	168.68	71.04	151.85	26.87	3	7	12	14	
13	71.04	151.85	70.32	151.26	0.93	2	7	12	
14	70.32	151.26	58.66	141.90	14.95	1	12	
15	58.66	141.90	35.27	123.11	30.00	2	6	12	
16	35.27	123.11	31.20	119.84	5.22	3	6	12	15	
17	31.20	119.84	23.03	113.27	10.48	2	6	15	
18	23.03	113.27	20.37	111.13	3.42	3	6	10	15	
19	20.37	111.13	15.11	106.91	6.75	2	10	15	
20	15.11	106.91	9.00	102.00	7.83	1	10	

2	11	263.712	4
1	243.00	290.00	246.42	260.11	30.09	1	2	
2	246.42	260.11	248.69	240.32	19.91	1	2	
3	248.69	240.32	272.89	28.99	212.71	0	
4	272.89	28.99	273.00	28.00	1.00	1	11	

2	12	232.699	14
1	243.00	290.00	233.35	282.31	12.33	2	2	5	
2	233.35	282.31	205.14	259.84	36.07	3	1	2	5	
3	205.14	259.84	203.89	258.84	1.59	2	2	5	
4	203.89	258.84	196.16	252.68	9.89	1	5	
5	196.16	252.68	180.45	240.17	20.09	0	
6	180.45	240.17	163.36	226.55	21.85	1	8	
7	163.36	226.55	149.86	215.79	17.26	2	8	13	
8	149.86	215.79	132.33	201.83	22.41	1	8	
9	132.33	201.83	128.55	198.82	4.83	0	
10	128.55	198.82	106.46	181.22	28.25	1	7	
11	106.46	181.22	91.50	169.30	19.12	2	7	14	
12	91.50	169.30	70.78	152.79	26.49	3	7	12	14	
13	70.78	152.79	69.95	152.13	1.07	2	7	12	
14	69.95	152.13	61.00	145.00	11.44	1	12	

2	13	112.294	7
1	243.00	290.00	234.67	285.54	9.45	2	2	5	
2	234.67	285.54	198.92	266.40	40.55	3	1	2	5	
3	198.92	266.40	187.32	260.19	13.16	2	1	5	
4	187.32	260.19	185.04	258.97	2.58	1	5	
5	185.04	258.97	169.67	250.75	17.43	0	
6	169.67	250.75	163.40	247.38	7.12	1	8	
7	163.40	247.38	144.00	237.00	22.00	2	8	13	

2	14	197.649	10
1	243.00	290.00	232.63	280.82	13.85	2	2	5	
2	232.63	280.82	210.72	261.43	29.26	3	1	2	5	
3	210.72	261.43	205.56	256.86	6.89	2	2	5	
4	205.56	256.86	199.47	251.47	8.13	1	5	
5	199.47	251.47	134.33	193.81	87.00	0	
6	134.33	193.81	122.11	183.00	16.31	1	7	
7	122.11	183.00	113.72	175.57	11.21	2	3	7	
8	113.72	175.57	110.08	172.34	4.87	3	3	7	14	
9	110.08	172.34	96.76	160.56	17.78	2	7	14	
10	96.76	160.56	95.00	159.00	2.35	3	7	12	14	

2	15	279.401	17
1	243.00	290.00	233.25	282.09	12.55	2	2	5	
2	233.25	282.09	206.06	260.04	35.01	3	1	2	5	
3	206.06	260.04	204.17	258.50	2.44	2	2	5	
4	204.17	258.50	196.72	252.46	9.59	1	5	
5	196.72	252.46	180.81	239.56	20.48	0	
6	180.81	239.56	161.92	224.24	24.32	1	8	
7	161.92	224.24	152.78	216.83	11.77	2	8	13	
8	152.78	216.83	133.24	200.98	25.17	1	8	
9	133.24	200.98	129.61	198.04	4.67	0	
10	129.61	198.04	107.89	180.42	27.97	1	7	
11	107.89	180.42	92.53	167.96	19.78	2	7	14	
12	92.53	167.96	71.38	150.81	27.23	3	7	12	14	
13	71.38	150.81	70.76	150.30	0.80	2	7	12	
14	70.76	150.30	60.22	141.75	13.57	1	12	
15	60.22	141.75	36.10	122.19	31.06	2	6	12	
16	36.10	122.19	32.03	118.89	5.24	3	6	12	15	
17	32.03	118.89	26.00	114.00	7.76	2	6	15	

3	0	35.000	2
1	122.00	171.00	143.15	155.14	26.44	1	7	
2	143.15	155.14	150.00	150.00	8.56	0	

3	1	148.354	10
1	122.00	171.00	128.07	181.35	12.00	2	3	7	
2	128.07	181.35	134.96	193.12	13.64	1	7	
3	134.96	193.12	137.63	197.67	5.28	0	
4	137.63	197.67	148.00	215.37	20.50	1	8	
5	148.00	215.37	164.83	244.09	33.29	2	8	13	
6	164.83	244.09	168.96	251.15	8.18	1	8	
7	168.96	251.15	176.78	264.49	15.46	0	
8	176.78	264.49	177.57	265.85	1.57	1	1	
9	177.57	265.85	193.05	292.26	30.62	2	1	5	
10	193.05	292.26	197.00	299.00	7.81	3	1	2	5	

3	2	169.712	9
1	122.00	171.00	130.56	179.41	12.00	2	3	7	
2	130.56	179.41	139.03	187.74	11.88	1	7	
3	139.03	187.74	145.56	194.17	9.17	0	
4	145.56	194.17	183.97	231.94	53.87	1	8	
5	183.97	231.94	202.84	250.50	26.47	0	
6	202.84	250.50	207.35	254.94	6.33	1	5	
7	207.35	254.94	216.83	264.26	13.29	2	2	5	
8	216.83	264.26	231.41	278.60	20.45	3	1	2	5	
9	231.41	278.60	243.00	290.00	16.26	2	2	5	

3	3	0	0

3	4	151.380	4
1	122.00	171.00	113.76	179.72	12.00	2	3	7	
2	113.76	179.72	91.54	203.22	32.34	1	7	
3	91.54	203.22	48.23	249.03	63.04	0	
4	48.23	249.03	18.00	281.00	44.00	1	4	

3	5	158.218	10
1	122.00	171.00	129.05	180.71	12.00	2	3	7	
2	129.05	180.71	136.63	191.14	12.89	1	7	
3	136.63	191.14	140.30	196.19	6.24	0	
4	140.30	196.19	157.12	219.34	28.62	1	8	
5	157.12	219.34	164.85	229.97	13.14	2	8	13	
6	164.85	229.97	176.22	245.62	19.34	1	8	
7	176.22	245.62	185.61	258.55	15.98	0	
8	185.61	258.55	186.88	260.30	2.16	1	5	
9	186.88	260.30	196.02	272.88	15.55	2	1	5	
10	196.02	272.88	215.00	299.00	32.29	3	1	2	5	

3	6	92.634	8
1	122.00	171.00	118.49	167.55	4.92	2	3	7	
2	118.49	167.55	113.45	162.58	7.08	3	3	7	14	
3	113.45	162.58	99.78	149.12	19.18	2	7	14	
4	99.78	149.12	86.10	135.64	19.21	3	7	12	14	
5	86.10	135.64	84.74	134.30	1.90	2	7	12	
6	84.74	134.30	81.65	131.26	4.34	1	12	
7	81.65	131.26	56.29	106.29	35.59	2	6	12	
8	56.29	106.29	56.00	106.00	0.41	1	6	

3	7	16.492	3
1	122.00	171.00	117.51	169.88	4.63	2	3	7	
2	117.51	169.88	110.36	168.09	7.37	3	3	7	14	
3	110.36	168.09	106.00	167.00	4.49	2	7	14	

3	8	61.911	5
1	122.00	171.00	128.20	181.27	12.00	2	3	7	
2	128.20	181.27	135.20	192.86	13.53	1	7	
3	135.20	192.86	137.98	197.46	5.38	0	
4	137.98	197.46	148.90	215.55	21.13	1	8	
5	148.90	215.55	154.00	224.00	9.87	2	8	13	

3	9	182.497	4
1	122.00	171.00	128.64	161.01	12.00	2	3	7	
2	128.64	161.01	138.74	145.81	18.25	1	7	
3	138.74	145.81	221.89	20.67	150.25	0	
4	221.89	20.67	223.00	19.00	2.00	1	9	

3	10	132.401	12
1	122.00	171.00	118.08	168.61	4.59	2	3	7	
2	118.08	168.61	111.76	164.75	7.41	3	3	7	14	
3	111.76	164.75	98.26	156.51	15.81	2	7	14	
4	98.26	156.51	75.91	142.86	26.19	3	7	12	14	
5	75.91	142.86	75.55	142.64	0.43	2	7	12	
6	75.55	142.64	69.92	139.20	6.59	1	12	
7	69.92	139.20	37.75	119.56	37.69	2	6	12	
8	37.75	119.56	33.74	117.11	4.70	3	6	12	15	
9	33.74	117.11	24.36	111.38	10.99	2	6	15	
10	24.36	111.38	20.11	108.78	4.99	3	6	10	15	
11	20.11	108.78	15.69	106.08	5.18	2	10	15	
12	15.69	106.08	9.00	102.00	7.84	1	10	

3	11	207.966	4
1	122.00	171.00	130.71	162.75	12.00	2	3	7	
2	130.71	162.75	142.02	152.04	15.57	1	7	
3	142.02	152.04	272.27	28.69	179.40	0	
4	272.27	28.69	273.00	28.00	1.00	1	11	

3	12	66.310	6
1	122.00	171.00	117.82	169.22	4.55	2	3	7	
2	117.82	169.22	110.96	166.29	7.45	3	3	7	14	
3	110.96	166.29	96.88	160.29	15.31	2	7	14	
4	96.88	160.29	71.83	149.62	27.23	3	7	12	14	
5	71.83	149.62	71.22	149.36	0.66	2	7	12	
6	71.22	149.36	61.00	145.00	11.11	1	12	

3	13	69.570	5
1	122.00	171.00	125.79	182.38	12.00	2	3	7	
2	125.79	182.38	130.72	197.16	15.58	1	7	
3	130.72	197.16	132.29	201.87	4.96	0	
4	132.29	201.87	137.04	216.13	15.03	1	8	
5	137.04	216.13	144.00	237.00	22.00	2	8	13	

3	14	29.547	4
1	122.00	171.00	117.85	169.15	4.55	2	3	7	
2	117.85	169.15	111.03	166.13	7.45	3	3	7	14	
3	111.03	166.13	97.04	159.91	15.32	2	7	14	
4	97.04	159.91	95.00	159.00	2.23	3	7	12	14	

3	15	111.647	9
1	122.00	171.00	118.06	168.66	4.58	2	3	7	
2	118.06	168.66	111.68	164.87	7.42	3	3	7	14	
3	111.68	164.87	98.16	156.84	15.73	2	7	14	
4	98.16	156.84	75.48	143.38	26.37	3	7	12	14	
5	75.48	143.38	75.13	143.17	0.41	2	7	12	
6	75.13	143.17	69.04	139.56	7.08	1	12	
7	69.04	139.56	37.18	120.64	37.06	2	6	12	
8	37.18	120.64	32.81	118.05	5.08	3	6	12	15	
9	32.81	118.05	26.00	114.00	7.92	2	6	15	

4	0	185.970	6
1	18.00	281.00	49.23	250.01	44.00	1	4	
2	49.23	250.01	95.13	204.45	64.67	0	
3	95.13	204.45	117.59	182.16	31.65	1	7	
4	117.59	182.16	133.19	166.68	21.98	2	3	7	
5	133.19	166.68	143.54	156.41	14.57	1	7	
6	143.54	156.41	150.00	150.00	9.11	0	

4	1	179.903	5
1	18.00	281.00	61.78	285.40	44.00	1	4	
2	61.78	285.40	157.20	295.00	95.90	0	
3	157.20	295.00	165.10	295.79	7.94	1	1	
4	165.10	295.79	193.76	298.67	28.80	2	1	5	
5	193.76	298.67	197.00	299.00	3.26	3	1	2	5	

4	2	225.180	6
1	18.00	281.00	61.96	282.76	44.00	1	4	
2	61.96	282.76	158.96	286.64	97.07	0	
3	158.96	286.64	166.48	286.94	7.52	1	1	
4	166.48	286.94	193.04	288.00	26.58	2	1	5	
5	193.04	288.00	235.91	289.72	42.90	3	1	2	5	
6	235.91	289.72	243.00	290.00	7.10	2	2	5	

4	3	151.380	4
1	18.00	281.00	48.23	249.03	44.00	1	4	
2	48.23	249.03	91.54	203.22	63.04	0	
3	91.54	203.22	113.76	179.72	32.34	1	7	
4	113.76	179.72	122.00	171.00	12.00	2	3	7	

4	4	0	0

4	5	197.821	5
1	18.00	281.00	61.82	285.00	44.00	1	4	
2	61.82	285.00	157.35	293.73	95.93	0	
3	157.35	293.73	165.21	294.45	7.89	1	1	
4	165.21	294.45	193.50	297.04	28.41	2	1	5	
5	193.50	297.04	215.00	299.00	21.59	3	1	2	5	

4	6	179.078	5
1	18.00	281.00	27.34	238.00	44.00	1	4	
2	27.34	238.00	40.35	178.08	61.32	0	
3	40.35	178.08	48.36	141.18	37.76	1	12	
4	48.36	141.18	55.93	106.33	35.66	2	6	12	
5	55.93	106.33	56.00	106.00	0.34	1	6	

4	7	144.014	4
1	18.00	281.00	44.89	246.17	44.00	1	4	
2	44.89	246.17	82.17	197.87	61.01	0	
3	82.17	197.87	92.94	183.92	17.63	1	7	
4	92.94	183.92	106.00	167.00	21.37	2	7	14	

4	8	147.462	4
1	18.00	281.00	58.58	263.99	44.00	1	4	
2	58.58	263.99	122.00	237.41	68.77	0	
3	122.00	237.41	125.41	235.98	3.69	1	13	
4	125.41	235.98	154.00	224.00	31.00	2	8	13	

4	9	332.670	7
1	18.00	281.00	45.11	246.35	44.00	1	4	
2	45.11	246.35	82.72	198.29	61.02	0	
3	82.72	198.29	93.92	183.98	18.17	1	7	
4	93.92	183.98	118.98	151.94	40.68	2	7	14	
5	118.98	151.94	130.77	136.88	19.13	1	7	
6	130.77	136.88	221.77	20.58	147.67	0	
7	221.77	20.58	223.00	19.00	2.00	1	9	

4	10	179.226	3
1	18.00	281.00	15.79	237.06	44.00	1	4	
2	15.79	237.06	9.90	119.98	117.23	0	
3	9.90	119.98	9.00	102.00	18.00	0	

4	11	359.213	7
1	18.00	281.00	49.23	250.01	44.00	1	4	
2	49.23	250.01	95.15	204.46	64.67	0	
3	95.15	204.46	117.61	182.17	31.65	1	7	
4	117.61	182.17	133.20	166.70	21.96	2	3	7	
5	133.20	166.70	143.54	156.44	14.57	1	7	
6	143.54	156.44	272.29	28.70	181.36	0	
7	272.29	28.70	273.00	28.00	1.00	1	11	

4	12	142.636	3
1	18.00	281.00	31.26	239.05	44.00	1	4	
2	31.26	239.05	49.24	182.19	59.64	0	
3	49.24	182.19	61.00	145.00	39.00	1	12	

4	13	133.462	4
1	18.00	281.00	59.54	266.49	44.00	1	4	
2	59.54	266.49	123.23	244.25	67.46	0	
3	123.23	244.25	128.95	242.26	6.05	1	13	
4	128.95	242.26	144.00	237.00	15.95	2	8	13	

4	14	144.267	5
1	18.00	281.00	41.48	243.79	44.00	1	4	
2	41.48	243.79	75.01	190.68	62.81	0	
3	75.01	190.68	81.66	180.14	12.46	1	7	
4	81.66	180.14	83.92	176.55	4.24	2	7	14	
5	83.92	176.55	95.00	159.00	20.76	3	7	12	14	

4	15	167.192	6
1	18.00	281.00	20.11	237.05	44.00	0	
2	20.11	237.05	23.93	157.13	80.01	0	
3	23.93	157.13	25.26	129.38	27.78	0	
4	25.26	129.38	25.38	126.98	2.40	0	
5	25.38	126.98	25.47	125.08	1.91	1	15	
6	25.47	125.08	26.00	114.00	11.09	1	15	

5	0	162.561	6
1	215.00	299.00	199.97	264.54	37.60	3	1	2	5	
2	199.97	264.54	197.55	259.00	6.04	2	1	5	
3	197.55	259.00	195.01	253.17	6.36	1	5	
4	195.01	253.17	184.56	229.22	26.13	0	
5	184.56	229.22	170.96	198.05	34.00	1	8	
6	170.96	198.05	150.00	150.00	52.43	0	

5	1	18.000	1
1	215.00	299.00	197.00	299.00	18.00	3	1	2	5	

5	2	29.411	2
1	215.00	299.00	236.40	292.12	22.48	3	1	2	5	
2	236.40	292.12	243.00	290.00	6.93	2	2	5	

5	3	158.218	10
1	215.00	299.00	196.02	272.88	32.29	3	1	2	5	
2	196.02	272.88	186.88	260.30	15.55	2	1	5	
3	186.88	260.30	185.61	258.55	2.16	1	5	
4	185.61	258.55	176.22	245.62	15.98	0	
5	176.22	245.62	164.85	229.97	19.34	1	8	
6	164.85	229.97	157.12	219.34	13.14	2	8	13	
7	157.12	219.34	140.30	196.19	28.62	1	8	
8	140.30	196.19	136.63	191.14	6.24	0	
9	136.63	191.14	129.05	180.71	12.89	1	7	
10	129.05	180.71	122.00	171.00	12.00	2	3	7	

5	4	197.821	5
1	215.00	299.00	193.50	297.04	21.59	3	1	2	5	
2	193.50	297.04	165.21	294.45	28.41	2	1	5	
3	165.21	294.45	157.35	293.73	7.89	1	1	
4	157.35	293.73	61.82	285.00	95.93	0	
5	61.82	285.00	18.00	281.00	44.00	1	4	

5	5	0	0

5	6	250.060	17
1	215.00	299.00	195.28	275.07	31.01	3	1	2	5	
2	195.28	275.07	183.87	261.22	17.94	2	1	5	
3	183.87	261.22	183.21	260.41	1.04	1	5	
4	183.21	260.41	173.24	248.31	15.68	0	
5	173.24	248.31	165.87	239.37	11.58	1	8	
6	165.87	239.37	145.86	215.08	31.47	2	8	13	
7	145.86	215.08	133.82	200.46	18.93	1	8	
8	133.82	200.46	130.95	196.98	4.52	0	
9	130.95	196.98	119.15	182.66	18.55	1	7	
10	119.15	182.66	113.51	175.81	8.88	2	3	7	
11	113.51	175.81	110.01	171.56	5.50	3	3	7	14	
12	110.01	171.56	98.08	157.08	18.76	2	7	14	
13	98.08	157.08	82.05	137.62	25.22	3	7	12	14	
14	82.05	137.62	81.35	136.78	1.09	2	7	12	
15	81.35	136.78	78.89	133.79	3.87	1	12	
16	78.89	133.79	56.24	106.29	35.62	2	6	12	
17	56.24	106.29	56.00	106.00	0.38	1	6	

5	7	171.187	12
1	215.00	299.00	195.27	275.11	30.99	3	1	2	5	
2	195.27	275.11	183.82	261.24	17.99	2	1	5	
3	183.82	261.24	183.16	260.45	1.02	1	5	
4	183.16	260.45	173.18	248.35	15.68	0	
5	173.18	248.35	165.86	239.49	11.50	1	8	
6	165.86	239.49	145.69	215.06	31.68	2	8	13	
7	145.69	215.06	133.71	200.56	18.81	1	8	
8	133.71	200.56	130.83	197.07	4.52	0	
9	130.83	197.07	118.87	182.58	18.79	1	7	
10	118.87	182.58	113.38	175.94	8.61	2	3	7	
11	113.38	175.94	110.03	171.88	5.26	3	3	7	14	
12	110.03	171.88	106.00	167.00	6.33	2	7	14	

5	8	96.675	6
1	215.00	299.00	195.35	274.84	31.14	3	1	2	5	
2	195.35	274.84	184.18	261.11	17.70	2	1	5	
3	184.18	261.11	183.45	260.21	1.16	1	5	
4	183.45	260.21	173.56	248.05	15.67	0	
5	173.56	248.05	165.94	238.68	12.08	1	8	
6	165.94	238.68	154.00	224.00	18.92	2	8	13	

5	9	280.114	5
1	215.00	299.00	216.01	263.80	35.21	3	1	2	5	
2	216.01	263.80	216.43	249.02	14.79	1	2	
3	216.43	249.02	216.47	247.62	1.40	0	
4	216.47	247.62	222.94	21.00	226.71	0	
5	222.94	21.00	223.00	19.00	2.00	1	9	

5	10	285.035	19
1	215.00	299.00	194.20	279.11	28.78	3	1	2	5	
2	194.20	279.11	178.86	264.44	21.22	2	1	5	
3	178.86	264.44	178.12	263.73	1.03	1	1	
4	178.12	263.73	166.32	252.45	16.33	0	
5	166.32	252.45	162.54	248.84	5.22	1	8	
6	162.54	248.84	131.35	219.00	43.17	2	8	13	
7	131.35	219.00	125.03	212.96	8.74	1	8	
8	125.03	212.96	116.30	204.61	12.08	0	
9	116.30	204.61	94.74	184.00	29.83	1	7	
10	94.74	184.00	85.61	175.26	12.65	2	7	14	
11	85.61	175.26	70.04	160.37	21.54	3	7	12	14	
12	70.04	160.37	67.96	158.39	2.87	2	7	12	
13	67.96	158.39	50.36	141.56	24.35	1	12	
14	50.36	141.56	33.00	124.95	24.02	2	6	12	
15	33.00	124.95	29.67	121.77	4.61	3	6	12	15	
16	29.67	121.77	22.01	114.44	10.60	2	6	15	
17	22.01	114.44	20.73	113.22	1.77	3	6	10	15	
18	20.73	113.22	14.75	107.49	8.28	2	10	15	
19	14.75	107.49	9.00	102.00	7.95	1	10	

5	11	277.137	5
1	215.00	299.00	221.73	267.56	32.15	3	1	2	5	
2	221.73	267.56	225.46	250.11	17.85	2	2	5	
3	225.46	250.11	227.07	242.61	7.67	1	2	
4	227.07	242.61	272.79	28.98	218.47	0	
5	272.79	28.98	273.00	28.00	1.00	1	11	

5	12	217.789	13
1	215.00	299.00	194.37	278.37	29.17	3	1	2	5	
2	194.37	278.37	179.64	263.64	20.83	2	1	5	
3	179.64	263.64	179.19	263.19	0.65	1	1	
4	179.19	263.19	167.77	251.77	16.14	0	
5	167.77	251.77	163.39	247.39	6.20	1	8	
6	163.39	247.39	133.61	217.61	42.12	2	8	13	
7	133.61	217.61	126.23	210.23	10.44	1	8	
8	126.23	210.23	119.56	203.56	9.42	0	
9	119.56	203.56	99.58	183.58	28.27	1	7	
10	99.58	183.58	88.58	172.58	15.56	2	7	14	
11	88.58	172.58	70.42	154.42	25.67	3	7	12	14	
12	70.42	154.42	69.44	153.44	1.40	2	7	12	
13	69.44	153.44	61.00	145.00	11.93	1	12	

5	13	94.260	6
1	215.00	299.00	193.90	280.57	28.02	3	1	2	5	
2	193.90	280.57	177.34	266.11	21.98	2	1	5	
3	177.34	266.11	176.01	264.95	1.77	1	1	
4	176.01	264.95	163.06	253.65	17.19	0	
5	163.06	253.65	160.57	251.47	3.31	1	8	
6	160.57	251.47	144.00	237.00	22.00	2	8	13	

5	14	184.391	11
1	215.00	299.00	195.07	275.75	30.62	3	1	2	5	
2	195.07	275.75	182.91	261.56	18.69	2	1	5	
3	182.91	261.56	182.46	261.04	0.69	1	5	
4	182.46	261.04	172.22	249.08	15.74	0	
5	172.22	249.08	165.57	241.33	10.21	1	8	
6	165.57	241.33	143.02	215.02	34.65	2	8	13	
7	143.02	215.02	132.00	202.16	16.94	1	8	
8	132.00	202.16	128.91	198.56	4.74	0	
9	128.91	198.56	111.27	177.98	27.11	1	7	
10	111.27	177.98	96.62	160.89	22.51	2	7	14	
11	96.62	160.89	95.00	159.00	2.49	3	7	12	14	

5	15	264.473	16
1	215.00	299.00	194.29	278.73	28.98	3	1	2	5	
2	194.29	278.73	179.27	264.02	21.02	2	1	5	
3	179.27	264.02	178.68	263.44	0.83	1	1	
4	178.68	263.44	167.09	252.10	16.22	0	
5	167.09	252.10	163.00	248.10	5.73	1	8	
6	163.00	248.10	132.50	218.25	42.68	2	8	13	
7	132.50	218.25	125.62	211.52	9.62	1	8	
8	125.62	211.52	118.04	204.09	10.61	0	
9	118.04	204.09	97.40	183.88	28.89	1	7	
10	97.40	183.88	87.19	173.90	14.28	2	7	14	
11	87.19	173.90	70.07	157.14	23.96	3	7	12	14	
12	70.07	157.14	68.66	155.75	1.98	2	7	12	
13	68.66	155.75	54.58	141.97	19.70	1	12	
14	54.58	141.97	35.29	123.09	26.99	2	6	12	
15	35.29	123.09	31.55	119.43	5.23	3	6	12	15	
16	31.55	119.43	26.00	114.00	7.77	2	6	15	

6	0	103.788	6
1	56.00	106.00	56.55	106.26	0.60	1	6	
2	56.55	106.26	88.60	121.26	35.40	2	6	12	
3	88.60	121.26	93.61	123.60	5.52	1	12	
4	93.61	123.60	103.21	128.10	10.61	0	
5	103.21	128.10	137.66	144.22	38.03	1	7	
6	137.66	144.22	150.00	150.00	13.63	0	

6	1	239.019	15
1	56.00	106.00	56.22	106.29	0.36	1	6	
2	56.22	106.29	77.24	135.07	35.64	2	6	12	
3	77.24	135.07	79.60	138.30	4.00	1	12	
4	79.60	138.30	80.07	138.95	0.80	2	7	12	
5	80.07	138.95	96.42	161.32	27.71	3	7	12	14	
6	96.42	161.32	109.56	179.32	22.28	2	7	14	
7	109.56	179.32	125.32	200.88	26.70	1	7	
8	125.32	200.88	128.91	205.80	6.09	0	
9	128.91	205.80	136.58	216.29	13.00	1	8	
10	136.58	216.29	161.47	250.37	42.20	2	8	13	
11	161.47	250.37	163.71	253.44	3.80	1	8	
12	163.71	253.44	173.40	266.70	16.42	0	
13	173.40	266.70	175.04	268.94	2.78	1	1	
14	175.04	268.94	193.14	293.71	30.68	2	1	5	
15	193.14	293.71	197.00	299.00	6.55	3	1	2	5	

6	2	262.345	16
1	56.00	106.00	56.29	106.29	0.41	1	6	
2	56.29	106.29	81.66	131.25	35.59	2	6	12	
3	81.66	131.25	84.76	134.29	4.34	1	12	
4	84.76	134.29	86.12	135.63	1.91	2	7	12	
5	86.12	135.63	99.79	149.08	19.18	3	7	12	14	
6	99.79	149.08	113.48	162.55	19.21	2	7	14	
7	113.48	162.55	118.51	167.51	7.06	3	3	7	14	
8	118.51	167.51	130.58	179.39	16.94	2	3	7	
9	130.58	179.39	139.05	187.71	11.87	1	7	
10	139.05	187.71	145.60	194.16	9.19	0	
11	145.60	194.16	183.97	231.92	53.84	1	8	
12	183.97	231.92	202.85	250.50	26.49	0	
13	202.85	250.50	207.36	254.93	6.32	1	5	
14	207.36	254.93	216.86	264.28	13.33	2	2	5	
15	216.86	264.28	231.40	278.58	20.40	3	1	2	5	
16	231.40	278.58	243.00	290.00	16.28	2	2	5	

6	3	92.634	8
1	56.00	106.00	56.29	106.29	0.41	1	6	
2	56.29	106.29	81.65	131.26	35.59	2	6	12	
3	81.65	131.26	84.74	134.30	4.34	1	12	
4	84.74	134.30	86.10	135.64	1.90	2	7	12	
5	86.10	135.64	99.78	149.12	19.21	3	7	12	14	
6	99.78	149.12	113.45	162.58	19.18	2	7	14	
7	113.45	162.58	118.49	167.55	7.08	3	3	7	14	
8	118.49	167.55	122.00	171.00	4.92	2	3	7	

6	4	179.078	5
1	56.00	106.00	55.93	106.33	0.34	1	6	
2	55.93	106.33	48.36	141.18	35.66	2	6	12	
3	48.36	141.18	40.35	178.08	37.76	1	12	
4	40.35	178.08	27.34	238.00	61.32	0	
5	27.34	238.00	18.00	281.00	44.00	1	4	

6	5	250.060	17
1	56.00	106.00	56.24	106.29	0.38	1	6	
2	56.24	106.29	78.89	133.79	35.62	2	6	12	
3	78.89	133.79	81.35	136.78	3.87	1	12	
4	81.35	136.78	82.05	137.62	1.09	2	7	12	
5	82.05	137.62	98.08	157.08	25.22	3	7	12	14	
6	98.08	157.08	110.01	171.56	18.76	2	7	14	
7	110.01	171.56	113.51	175.81	5.50	3	3	7	14	
8	113.51	175.81	119.15	182.66	8.88	2	3	7	
9	119.15	182.66	130.95	196.98	18.55	1	7	
10	130.95	196.98	133.82	200.46	4.52	0	
11	133.82	200.46	145.86	215.08	18.93	1	8	
12	145.86	215.08	165.87	239.37	31.47	2	8	13	
13	165.87	239.37	173.24	248.31	11.58	1	8	
14	173.24	248.31	183.21	260.41	15.68	0	
15	183.21	260.41	183.87	261.22	1.04	1	5	
16	183.87	261.22	195.28	275.07	17.94	2	1	5	
17	195.28	275.07	215.00	299.00	31.01	3	1	2	5	

6	6	0	0

6	7	78.873	6
1	56.00	106.00	56.24	106.29	0.38	1	6	
2	56.24	106.29	78.82	133.84	35.62	2	6	12	
3	78.82	133.84	81.28	136.84	3.87	1	12	
4	81.28	136.84	81.96	137.67	1.08	2	7	12	
5	81.96	137.67	98.02	157.27	25.34	3	7	12	14	
6	98.02	157.27	106.00	167.00	12.59	2	7	14	

6	8	153.388	12
1	56.00	106.00	56.24	106.29	0.38	1	6	
2	56.24	106.29	79.00	133.69	35.62	2	6	12	
3	79.00	133.69	81.48	136.68	3.88	1	12	
4	81.48	136.68	82.19	137.53	1.11	2	7	12	
5	82.19	137.53	98.18	156.78	25.03	3	7	12	14	
6	98.18	156.78	110.00	171.02	18.51	2	7	14	
7	110.00	171.02	113.75	175.54	5.87	3	3	7	14	
8	113.75	175.54	119.78	182.79	9.43	2	3	7	
9	119.78	182.79	131.31	196.67	18.05	1	7	
10	131.31	196.67	134.19	200.15	4.52	0	
11	134.19	200.15	146.66	215.16	19.51	1	8	
12	146.66	215.16	154.00	224.00	11.49	2	8	13	

6	9	188.303	3
1	56.00	106.00	87.93	89.37	36.00	1	6	
2	87.93	89.37	221.23	19.92	150.30	0	
3	221.23	19.92	223.00	19.00	2.00	1	9	

6	10	47.170	5
1	56.00	106.00	34.51	104.17	21.57	1	6	
2	34.51	104.17	26.94	103.53	7.60	2	6	15	
3	26.94	103.53	20.13	102.95	6.83	3	6	10	15	
4	20.13	102.95	19.28	102.87	0.86	2	10	15	
5	19.28	102.87	9.00	102.00	10.31	1	10	

6	11	230.593	3
1	56.00	106.00	89.88	93.82	36.00	1	6	
2	89.88	93.82	272.06	28.34	193.59	0	
3	272.06	28.34	273.00	28.00	1.00	1	11	

6	12	39.319	3
1	56.00	106.00	56.04	106.32	0.32	1	6	
2	56.04	106.32	60.58	141.71	35.68	2	6	12	
3	60.58	141.71	61.00	145.00	3.32	1	12	

6	13	157.813	10
1	56.00	106.00	56.20	106.30	0.36	1	6	
2	56.20	106.30	76.07	135.88	35.64	2	6	12	
3	76.07	135.88	78.44	139.41	4.24	1	12	
4	78.44	139.41	78.81	139.95	0.66	2	7	12	
5	78.81	139.95	95.01	164.08	29.06	3	7	12	14	
6	95.01	164.08	106.51	181.19	20.62	2	7	14	
7	106.51	181.19	121.13	202.95	26.21	1	7	
8	121.13	202.95	126.14	210.41	8.99	0	
9	126.14	210.41	131.73	218.74	10.03	1	8	
10	131.73	218.74	144.00	237.00	22.00	2	8	13	

6	14	65.803	5
1	56.00	106.00	56.22	106.29	0.37	1	6	
2	56.22	106.29	77.34	135.00	35.63	2	6	12	
3	77.34	135.00	79.70	138.20	3.98	1	12	
4	79.70	138.20	80.18	138.86	0.82	2	7	12	
5	80.18	138.86	95.00	159.00	25.00	3	7	12	14	

6	15	31.048	4
1	56.00	106.00	52.40	106.96	3.73	1	6	
2	52.40	106.96	49.52	107.73	2.98	2	6	12	
3	49.52	107.73	38.56	110.65	11.34	1	6	
4	38.56	110.65	26.00	114.00	13.00	2	6	15	

7	0	47.170	5
1	106.00	167.00	111.74	164.78	6.15	2	7	14	
2	111.74	164.78	119.86	161.65	8.71	3	3	7	14	
3	119.86	161.65	125.42	159.50	5.96	2	3	7	
4	125.42	159.50	142.38	152.94	18.18	1	7	
5	142.38	152.94	150.00	150.00	8.17	0	

7	1	160.328	12
1	106.00	167.00	110.18	173.06	7.36	2	7	14	
2	110.18	173.06	112.67	176.68	4.40	3	3	7	14	
3	112.67	176.68	115.87	181.32	5.63	2	3	7	
4	115.87	181.32	128.14	199.11	21.61	1	7	
5	128.14	199.11	130.98	203.24	5.01	0	
6	130.98	203.24	139.42	215.48	14.87	1	8	
7	139.42	215.48	162.48	248.93	40.63	2	8	13	
8	162.48	248.93	165.22	252.90	4.82	1	8	
9	165.22	252.90	174.30	266.07	15.99	0	
10	174.30	266.07	175.69	268.10	2.46	1	1	
11	175.69	268.10	193.11	293.36	30.69	2	1	5	
12	193.11	293.36	197.00	299.00	6.85	3	1	2	5	

7	2	184.114	11
1	106.00	167.00	110.01	170.60	5.38	2	7	14	
2	110.01	170.60	114.51	174.64	6.05	3	3	7	14	
3	114.51	174.64	123.69	182.88	12.34	2	3	7	
4	123.69	182.88	135.02	193.05	15.23	1	7	
5	135.02	193.05	139.17	196.78	5.57	0	
6	139.17	196.78	182.66	235.82	58.44	1	8	
7	182.66	235.82	199.92	251.33	23.21	0	
8	199.92	251.33	205.79	256.60	7.89	1	5	
9	205.79	256.60	211.50	261.72	7.67	2	2	5	
10	211.50	261.72	232.51	280.58	28.22	3	1	2	5	
11	232.51	280.58	243.00	290.00	14.10	2	2	5	

7	3	16.492	3
1	106.00	167.00	110.36	168.09	4.49	2	7	14	
2	110.36	168.09	117.51	169.88	7.37	3	3	7	14	
3	117.51	169.88	122.00	171.00	4.63	2	3	7	

7	4	144.014	4
1	106.00	167.00	92.94	183.92	21.37	2	7	14	
2	92.94	183.92	82.17	197.87	17.63	1	7	
3	82.17	197.87	44.89	246.17	61.01	0	
4	44.89	246.17	18.00	281.00	44.00	1	4	

7	5	171.187	12
1	106.00	167.00	110.03	171.88	6.33	2	7	14	
2	110.03	171.88	113.38	175.94	5.26	3	3	7	14	
3	113.38	175.94	118.87	182.58	8.61	2	3	7	
4	118.87	182.58	130.83	197.07	18.79	1	7	
5	130.83	197.07	133.71	200.56	4.52	0	
6	133.71	200.56	145.69	215.06	18.81	1	8	
7	145.69	215.06	165.86	239.49	31.68	2	8	13	
8	165.86	239.49	173.18	248.35	11.50	1	8	
9	173.18	248.35	183.16	260.45	15.68	0	
10	183.16	260.45	183.82	261.24	1.02	1	5	
11	183.82	261.24	195.27	275.11	17.99	2	1	5	
12	195.27	275.11	215.00	299.00	30.99	3	1	2	5	

7	6	78.873	6
1	106.00	167.00	98.02	157.27	12.59	2	7	14	
2	98.02	157.27	81.96	137.67	25.34	3	7	12	14	
3	81.96	137.67	81.28	136.84	1.08	2	7	12	
4	81.28	136.84	78.82	133.84	3.87	1	12	
5	78.82	133.84	56.24	106.29	35.62	2	6	12	
6	56.24	106.29	56.00	106.00	0.38	1	6	

7	7	0	0

7	8	74.518	7
1	106.00	167.00	110.03	171.78	6.25	2	7	14	
2	110.03	171.78	113.46	175.86	5.33	3	3	7	14	
3	113.46	175.86	119.19	182.67	8.90	2	3	7	
4	119.19	182.67	131.12	196.83	18.52	1	7	
5	131.12	196.83	134.03	200.29	4.52	0	
6	134.03	200.29	146.55	215.15	19.43	1	8	
7	146.55	215.15	154.00	224.00	11.57	2	8	13	

7	9	188.661	4
1	106.00	167.00	118.67	150.97	20.44	2	7	14	
2	118.67	150.97	130.19	136.41	18.56	1	7	
3	130.19	136.41	221.76	20.57	147.66	0	
4	221.76	20.57	223.00	19.00	2.00	1	9	

7	10	116.765	10
1	106.00	167.00	96.68	160.75	11.22	2	7	14	
2	96.68	160.75	73.95	145.52	27.36	3	7	12	14	
3	73.95	145.52	73.60	145.29	0.41	2	7	12	
4	73.60	145.29	66.40	140.46	8.67	1	12	
5	66.40	140.46	37.07	120.81	35.30	2	6	12	
6	37.07	120.81	32.87	117.99	5.06	3	6	12	15	
7	32.87	117.99	23.95	112.02	10.73	2	6	15	
8	23.95	112.02	20.17	109.48	4.56	3	6	10	15	
9	20.17	109.48	15.49	106.35	5.63	2	10	15	
10	15.49	106.35	9.00	102.00	7.81	1	10	

7	11	217.279	4
1	106.00	167.00	119.76	155.55	17.90	2	7	14	
2	119.76	155.55	135.98	142.05	21.10	1	7	
3	135.98	142.05	272.23	28.64	177.28	0	
4	272.23	28.64	273.00	28.00	1.00	1	11	

7	12	50.090	4
1	106.00	167.00	96.04	162.13	11.09	2	7	14	
2	96.04	162.13	71.61	150.19	27.19	3	7	12	14	
3	71.61	150.19	70.96	149.87	0.72	2	7	12	
4	70.96	149.87	61.00	145.00	11.09	1	12	

7	13	79.649	5
1	106.00	167.00	111.74	177.57	12.03	2	7	14	
2	111.74	177.57	124.61	201.28	26.97	1	7	
3	124.61	201.28	127.88	207.30	6.86	0	
4	127.88	207.30	133.50	217.67	11.79	1	8	
5	133.50	217.67	144.00	237.00	22.00	2	8	13	

7	14	13.601	2
1	106.00	167.00	96.85	160.35	11.31	2	7	14	
2	96.85	160.35	95.00	159.00	2.29	3	7	12	14	

7	15	95.964	7
1	106.00	167.00	96.65	160.81	11.21	2	7	14	
2	96.65	160.81	73.84	145.69	27.37	3	7	12	14	
3	73.84	145.69	73.49	145.46	0.42	2	7	12	
4	73.49	145.46	66.09	140.56	8.88	1	12	
5	66.09	140.56	36.84	121.18	35.09	2	6	12	
6	36.84	121.18	32.54	118.33	5.15	3	6	12	15	
7	32.54	118.33	26.00	114.00	7.85	2	6	15	

8	0	74.108	3
1	154.00	224.00	153.63	217.22	6.79	2	8	13	
2	153.63	217.22	152.33	193.05	24.21	1	8	
3	152.33	193.05	150.00	150.00	43.11	0	

8	1	86.452	6
1	154.00	224.00	165.07	243.32	22.26	2	8	13	
2	165.07	243.32	169.42	250.89	8.74	1	8	
3	169.42	250.89	177.10	264.30	15.45	0	
4	177.10	264.30	177.83	265.56	1.45	1	1	
5	177.83	265.56	193.04	292.10	30.59	2	1	5	
6	193.04	292.10	197.00	299.00	7.95	3	1	2	5	

8	2	110.802	7
1	154.00	224.00	165.55	232.56	14.38	2	8	13	
2	165.55	232.56	178.90	242.47	16.62	1	8	
3	178.90	242.47	193.97	253.64	18.76	0	
4	193.97	253.64	201.55	259.26	9.44	1	5	
5	201.55	259.26	202.84	260.22	1.61	2	1	5	
6	202.84	260.22	233.71	283.11	38.43	3	1	2	5	
7	233.71	283.11	243.00	290.00	11.57	2	2	5	

8	3	61.911	5
1	154.00	224.00	148.90	215.55	9.87	2	8	13	
2	148.90	215.55	137.98	197.46	21.13	1	8	
3	137.98	197.46	135.20	192.86	5.38	0	
4	135.20	192.86	128.20	181.27	13.53	1	7	
5	128.20	181.27	122.00	171.00	12.00	2	3	7	

8	4	147.462	4
1	154.00	224.00	125.41	235.98	31.00	2	8	13	
2	125.41	235.98	122.00	237.41	3.69	1	13	
3	122.00	237.41	58.58	263.99	68.77	0	
4	58.58	263.99	18.00	281.00	44.00	1	4	

8	5	96.675	6
1	154.00	224.00	165.94	238.68	18.92	2	8	13	
2	165.94	238.68	173.56	248.05	12.08	1	8	
3	173.56	248.05	183.45	260.21	15.67	0	
4	183.45	260.21	184.18	261.11	1.16	1	5	
5	184.18	261.11	195.35	274.84	17.70	2	1	5	
6	195.35	274.84	215.00	299.00	31.14	3	1	2	5	

8	6	153.388	12
1	154.00	224.00	146.66	215.16	11.49	2	8	13	
2	146.66	215.16	134.19	200.15	19.51	1	8	
3	134.19	200.15	131.31	196.67	4.52	0	
4	131.31	196.67	119.78	182.79	18.05	1	7	
5	119.78	182.79	113.75	175.54	9.43	2	3	7	
6	113.75	175.54	110.00	171.02	5.87	3	3	7	14	
7	110.00	171.02	98.18	156.78	18.51	2	7	14	
8	98.18	156.78	82.19	137.53	25.03	3	7	12	14	
9	82.19	137.53	81.48	136.68	1.11	2	7	12	
10	81.48	136.68	79.00	133.69	3.88	1	12	
11	79.00	133.69	56.24	106.29	35.62	2	6	12	
12	56.24	106.29	56.00	106.00	0.38	1	6	

8	7	74.518	7
1	154.00	224.00	146.55	215.15	11.57	2	8	13	
2	146.55	215.15	134.03	200.29	19.43	1	8	
3	134.03	200.29	131.12	196.83	4.52	0	
4	131.12	196.83	119.19	182.67	18.52	1	7	
5	119.19	182.67	113.46	175.86	8.90	2	3	7	
6	113.46	175.86	110.03	171.78	5.33	3	3	7	14	
7	110.03	171.78	106.00	167.00	6.25	2	7	14	

8	8	0	0

8	9	216.301	4
1	154.00	224.00	155.86	218.47	5.83	2	8	13	
2	155.86	218.47	163.89	194.62	25.17	1	8	
3	163.89	194.62	222.36	20.90	183.30	0	
4	222.36	20.90	223.00	19.00	2.00	1	9	

8	10	189.497	14
1	154.00	224.00	143.32	215.01	13.96	2	8	13	
2	143.32	215.01	130.28	204.04	17.04	1	8	
3	130.28	204.04	126.03	200.46	5.56	0	
4	126.03	200.46	104.32	182.20	28.37	1	7	
5	104.32	182.20	90.47	170.55	18.10	2	7	14	
6	90.47	170.55	70.55	153.79	26.03	3	7	12	14	
7	70.55	153.79	69.60	152.99	1.24	2	7	12	
8	69.60	152.99	56.54	142.00	17.08	1	12	
9	56.54	142.00	34.72	123.64	28.51	2	6	12	
10	34.72	123.64	30.79	120.33	5.14	3	6	12	15	
11	30.79	120.33	22.77	113.59	10.48	2	6	15	
12	22.77	113.59	20.44	111.63	3.05	3	6	10	15	
13	20.44	111.63	15.01	107.06	7.10	2	10	15	
14	15.01	107.06	9.00	102.00	7.85	1	10	

8	11	229.297	4
1	154.00	224.00	156.92	219.19	5.62	2	8	13	
2	156.92	219.19	170.09	197.50	25.38	1	8	
3	170.09	197.50	272.48	28.85	197.30	0	
4	272.48	28.85	273.00	28.00	1.00	1	11	

8	12	122.025	8
1	154.00	224.00	143.41	215.01	13.89	2	8	13	
2	143.41	215.01	130.37	203.93	17.11	1	8	
3	130.37	203.93	126.18	200.37	5.50	0	
4	126.18	200.37	104.64	182.07	28.27	1	7	
5	104.64	182.07	90.72	170.25	18.26	2	7	14	
6	90.72	170.25	70.68	153.22	26.30	3	7	12	14	
7	70.68	153.22	69.80	152.48	1.15	2	7	12	
8	69.80	152.48	61.00	145.00	11.55	1	12	

8	13	16.401	1
1	154.00	224.00	144.00	237.00	16.40	2	8	13	

8	14	87.784	8
1	154.00	224.00	145.91	215.08	12.04	2	8	13	
2	145.91	215.08	133.16	201.05	18.96	1	8	
3	133.16	201.05	130.10	197.67	4.57	0	
4	130.10	197.67	114.06	179.99	23.86	1	7	
5	114.06	179.99	112.28	178.04	2.64	2	3	7	
6	112.28	178.04	111.80	177.51	0.71	1	7	
7	111.80	177.51	96.65	160.82	22.55	2	7	14	
8	96.65	160.82	95.00	159.00	2.45	3	7	12	14	

8	15	168.772	11
1	154.00	224.00	143.53	215.00	13.80	2	8	13	
2	143.53	215.00	130.49	203.80	17.20	1	8	
3	130.49	203.80	126.37	200.26	5.43	0	
4	126.37	200.26	105.02	181.91	28.16	1	7	
5	105.02	181.91	91.03	169.88	18.44	2	7	14	
6	91.03	169.88	70.85	152.54	26.61	3	7	12	14	
7	70.85	152.54	70.06	151.86	1.04	2	7	12	
8	70.06	151.86	58.48	141.91	15.26	1	12	
9	58.48	141.91	35.86	122.47	29.83	2	6	12	
10	35.86	122.47	31.88	119.05	5.24	3	6	12	15	
11	31.88	119.05	26.00	114.00	7.76	2	6	15	

9	0	149.967	2
1	223.00	19.00	222.03	20.75	2.00	1	9	
2	222.03	20.75	150.00	150.00	147.97	0	

9	1	281.205	5
1	223.00	19.00	222.82	20.99	2.00	1	9	
2	222.82	20.99	201.47	250.87	230.86	0	
3	201.47	250.87	200.70	259.17	8.34	1	5	
4	200.70	259.17	200.24	264.08	4.93	1	5	
5	200.24	264.08	197.00	299.00	35.07	3	1	2	5	

9	2	271.737	4
1	223.00	19.00	223.15	20.99	2.00	1	9	
2	223.15	20.99	239.32	240.14	219.74	0	
3	239.32	240.14	240.49	255.99	15.89	1	2	
4	240.49	255.99	243.00	290.00	34.11	2	2	5	

9	3	182.497	4
1	223.00	19.00	221.89	20.67	2.00	1	9	
2	221.89	20.67	138.74	145.81	150.25	0	
3	138.74	145.81	128.64	161.01	18.25	1	7	
4	128.64	161.01	122.00	171.00	12.00	2	3	7	

9	4	332.670	7
1	223.00	19.00	221.77	20.58	2.00	1	9	
2	221.77	20.58	130.77	136.88	147.67	0	
3	130.77	136.88	118.98	151.94	19.13	1	7	
4	118.98	151.94	93.92	183.98	40.68	2	7	14	
5	93.92	183.98	82.72	198.29	18.17	1	7	
6	82.72	198.29	45.11	246.35	61.02	0	
7	45.11	246.35	18.00	281.00	44.00	1	4	

9	5	280.114	5
1	223.00	19.00	222.94	21.00	2.00	1	9	
2	222.94	21.00	216.47	247.62	226.71	0	
3	216.47	247.62	216.43	249.02	1.40	0	
4	216.43	249.02	216.01	263.80	14.79	1	2	
5	216.01	263.80	215.00	299.00	35.21	3	1	2	5	

9	6	188.303	3
1	223.00	19.00	221.23	19.92	2.00	1	9	
2	221.23	19.92	87.93	89.37	150.30	0	
3	87.93	89.37	56.00	106.00	36.00	1	6	

9	7	188.661	4
1	223.00	19.00	221.76	20.57	2.00	1	9	
2	221.76	20.57	130.19	136.41	147.66	0	
3	130.19	136.41	118.67	150.97	18.56	1	7	
4	118.67	150.97	106.00	167.00	20.44	2	7	14	

9	8	216.301	4
1	223.00	19.00	222.36	20.90	2.00	1	9	
2	222.36	20.90	163.89	194.62	183.30	0	
3	163.89	194.62	155.86	218.47	25.17	1	8	
4	155.86	218.47	154.00	224.00	5.83	2	8	13	

9	9	0	0

9	10	229.532	5
1	223.00	19.00	221.14	19.72	2.00	1	9	
2	221.14	19.72	75.95	76.03	155.72	0	
3	75.95	76.03	25.78	95.49	53.81	1	6	
4	25.78	95.49	21.06	97.32	5.06	2	6	10	
5	21.06	97.32	9.00	102.00	12.94	1	10	

9	11	50.804	3
1	223.00	19.00	224.97	19.35	2.00	1	9	
2	224.97	19.35	272.02	27.82	47.80	0	
3	272.02	27.82	273.00	28.00	1.00	1	11	

9	12	205.232	5
1	223.00	19.00	221.42	20.23	2.00	1	9	
2	221.42	20.23	91.78	121.06	164.23	0	
3	91.78	121.06	86.45	125.21	6.76	1	12	
4	86.45	125.21	67.12	140.24	24.48	2	6	12	
5	67.12	140.24	61.00	145.00	7.75	1	12	

9	13	231.873	4
1	223.00	19.00	222.32	20.88	2.00	1	9	
2	222.32	20.88	159.75	193.54	183.65	0	
3	159.75	193.54	151.50	216.32	24.23	1	8	
4	151.50	216.32	144.00	237.00	22.00	2	8	13	

9	14	189.694	5
1	223.00	19.00	221.65	20.48	2.00	1	9	
2	221.65	20.48	120.71	130.88	149.59	0	
3	120.71	130.88	111.87	140.55	13.10	1	7	
4	111.87	140.55	98.71	154.94	19.50	2	7	14	
5	98.71	154.94	95.00	159.00	5.50	3	7	12	14	

9	15	218.710	4
1	223.00	19.00	221.20	19.87	2.00	1	9	
2	221.20	19.87	85.47	85.32	150.69	0	
3	85.47	85.32	37.71	108.35	53.02	1	6	
4	37.71	108.35	26.00	114.00	13.00	2	6	15	

10	0	148.946	10
1	9.00	102.00	16.92	104.70	8.37	1	10	
2	16.92	104.70	20.00	105.75	3.25	2	10	15	
3	20.00	105.75	26.04	107.80	6.38	3	6	10	15	
4	26.04	107.80	38.87	112.17	13.55	2	6	15	
5	38.87	112.17	39.58	112.41	0.75	1	6	
6	39.58	112.41	84.68	127.76	47.64	2	6	12	
7	84.68	127.76	92.48	130.42	8.24	1	12	
8	92.48	130.42	97.86	132.25	5.68	2	7	12	
9	97.86	132.25	139.03	146.27	43.50	1	7	
10	139.03	146.27	150.00	150.00	11.59	0	

10	1	272.310	19
1	9.00	102.00	14.56	107.83	8.05	1	10	
2	14.56	107.83	21.05	114.63	9.40	2	10	15	
3	21.05	114.63	21.43	115.02	0.55	3	6	10	15	
4	21.43	115.02	28.90	122.85	10.82	2	6	15	
5	28.90	122.85	31.63	125.72	3.96	3	6	12	15	
6	31.63	125.72	45.75	140.51	20.45	2	6	12	
7	45.75	140.51	67.21	162.99	31.08	1	12	
8	67.21	162.99	71.48	167.47	6.19	2	7	12	
9	71.48	167.47	81.62	178.10	14.70	3	7	12	14	
10	81.62	178.10	85.44	182.10	5.53	2	7	14	
11	85.44	182.10	108.19	205.94	32.95	1	7	
12	108.19	205.94	123.10	221.56	21.59	0	
13	123.10	221.56	125.90	224.50	4.06	1	8	
14	125.90	224.50	154.99	254.98	42.14	2	8	13	
15	154.99	254.98	155.65	255.67	0.94	1	13	
16	155.65	255.67	169.38	270.06	19.90	0	
17	169.38	270.06	172.25	273.07	4.15	1	1	
18	172.25	273.07	193.26	295.08	30.43	2	1	5	
19	193.26	295.08	197.00	299.00	5.42	3	1	2	5	

10	2	300.167	20
1	9.00	102.00	15.11	106.91	7.83	1	10	
2	15.11	106.91	20.37	111.13	6.75	2	10	15	
3	20.37	111.13	23.03	113.27	3.42	3	6	10	15	
4	23.03	113.27	31.20	119.84	10.48	2	6	15	
5	31.20	119.84	35.27	123.11	5.22	3	6	12	15	
6	35.27	123.11	58.66	141.90	30.00	2	6	12	
7	58.66	141.90	70.32	151.26	14.95	1	12	
8	70.32	151.26	71.04	151.85	0.93	2	7	12	
9	71.04	151.85	91.99	168.68	26.87	3	7	12	14	
10	91.99	168.68	107.15	180.85	19.44	2	7	14	
11	107.15	180.85	129.06	198.46	28.11	1	7	
12	129.06	198.46	132.75	201.43	4.74	0	
13	132.75	201.43	151.12	216.19	23.57	1	8	
14	151.12	216.19	162.79	225.56	14.96	2	8	13	
15	162.79	225.56	180.62	239.88	22.87	1	8	
16	180.62	239.88	196.42	252.58	20.27	0	
17	196.42	252.58	204.02	258.68	9.75	1	5	
18	204.02	258.68	205.57	259.93	1.99	2	2	5	
19	205.57	259.93	233.31	282.21	35.58	3	1	2	5	
20	233.31	282.21	243.00	290.00	12.43	2	2	5	

10	3	132.401	12
1	9.00	102.00	15.69	106.08	7.84	1	10	
2	15.69	106.08	20.11	108.78	5.18	2	10	15	
3	20.11	108.78	24.36	111.38	4.99	3	6	10	15	
4	24.36	111.38	33.74	117.11	10.99	2	6	15	
5	33.74	117.11	37.75	119.56	4.70	3	6	12	15	
6	37.75	119.56	69.92	139.20	37.69	2	6	12	
7	69.92	139.20	75.55	142.64	6.59	1	12	
8	75.55	142.64	75.91	142.86	0.43	2	7	12	
9	75.91	142.86	98.26	156.51	26.19	3	7	12	14	
10	98.26	156.51	111.76	164.75	15.81	2	7	14	
11	111.76	164.75	118.08	168.61	7.41	3	3	7	14	
12	118.08	168.61	122.00	171.00	4.59	2	3	7	

10	4	179.226	3
1	9.00	102.00	9.90	119.98	18.00	0	
2	9.90	119.98	15.79	237.06	117.23	0	
3	15.79	237.06	18.00	281.00	44.00	1	4	

10	5	285.035	19
1	9.00	102.00	14.75	107.49	7.95	1	10	
2	14.75	107.49	20.73	113.22	8.28	2	10	15	
3	20.73	113.22	22.01	114.44	1.77	3	6	10	15	
4	22.01	114.44	29.67	121.77	10.60	2	6	15	
5	29.67	121.77	33.00	124.95	4.61	3	6	12	15	
6	33.00	124.95	50.36	141.56	24.02	2	6	12	
7	50.36	141.56	67.96	158.39	24.35	1	12	
8	67.96	158.39	70.04	160.37	2.87	2	7	12	
9	70.04	160.37	85.61	175.26	21.54	3	7	12	14	
10	85.61	175.26	94.74	184.00	12.65	2	7	14	
11	94.74	184.00	116.30	204.61	29.83	1	7	
12	116.30	204.61	125.03	212.96	12.08	0	
13	125.03	212.96	131.35	219.00	8.74	1	8	
14	131.35	219.00	162.54	248.84	43.17	2	8	13	
15	162.54	248.84	166.32	252.45	5.22	1	8	
16	166.32	252.45	178.12	263.73	16.33	0	
17	178.12	263.73	178.86	264.44	1.03	1	1	
18	178.86	264.44	194.20	279.11	21.22	2	1	5	
19	194.20	279.11	215.00	299.00	28.78	3	1	2	5	

10	6	47.170	5
1	9.00	102.00	19.28	102.87	10.31	1	10	
2	19.28	102.87	20.13	102.95	0.86	2	10	15	
3	20.13	102.95	26.94	103.53	6.83	3	6	10	15	
4	26.94	103.53	34.51	104.17	7.60	2	6	15	
5	34.51	104.17	56.00	106.00	21.57	1	6	

10	7	116.765	10
1	9.00	102.00	15.49	106.35	7.81	1	10	
2	15.49	106.35	20.17	109.48	5.63	2	10	15	
3	20.17	109.48	23.95	112.02	4.56	3	6	10	15	
4	23.95	112.02	32.87	117.99	10.73	2	6	15	
5	32.87	117.99	37.07	120.81	5.06	3	6	12	15	
6	37.07	120.81	66.40	140.46	35.30	2	6	12	
7	66.40	140.46	73.60	145.29	8.67	1	12	
8	73.60	145.29	73.95	145.52	0.41	2	7	12	
9	73.95	145.52	96.68	160.75	27.36	3	7	12	14	
10	96.68	160.75	106.00	167.00	11.22	2	7	14	

10	8	189.497	14
1	9.00	102.00	15.01	107.06	7.85	1	10	
2	15.01	107.06	20.44	111.63	7.10	2	10	15	
3	20.44	111.63	22.77	113.59	3.05	3	6	10	15	
4	22.77	113.59	30.79	120.33	10.48	2	6	15	
5	30.79	120.33	34.72	123.64	5.14	3	6	12	15	
6	34.72	123.64	56.54	142.00	28.51	2	6	12	
7	56.54	142.00	69.60	152.99	17.08	1	12	
8	69.60	152.99	70.55	153.79	1.24	2	7	12	
9	70.55	153.79	90.47	170.55	26.03	3	7	12	14	
10	90.47	170.55	104.32	182.20	18.10	2	7	14	
11	104.32	182.20	126.03	200.46	28.37	1	7	
12	126.03	200.46	130.28	204.04	5.56	0	
13	130.28	204.04	143.32	215.01	17.04	1	8	
14	143.32	215.01	154.00	224.00	13.96	2	8	13	

10	9	229.532	5
1	9.00	102.00	21.06	97.32	12.94	1	10	
2	21.06	97.32	25.78	95.49	5.06	2	6	10	
3	25.78	95.49	75.95	76.03	53.81	1	6	
4	75.95	76.03	221.14	19.72	155.72	0	
5	221.14	19.72	223.00	19.00	2.00	1	9	

10	10	0	0

10	11	274.175	5
1	9.00	102.00	20.75	98.71	12.20	1	10	
2	20.75	98.71	26.33	97.14	5.80	2	6	10	
3	26.33	97.14	82.33	81.45	58.15	1	6	
4	82.33	81.45	272.04	28.27	197.02	0	
5	272.04	28.27	273.00	28.00	1.00	1	11	

10	12	67.476	7
1	9.00	102.00	15.05	107.00	7.85	1	10	
2	15.05	107.00	20.41	111.44	6.96	2	10	15	
3	20.41	111.44	22.87	113.47	3.19	3	6	10	15	
4	22.87	113.47	30.94	120.15	10.48	2	6	15	
5	30.94	120.15	34.93	123.44	5.18	3	6	12	15	
6	34.93	123.44	57.34	141.97	29.08	2	6	12	
7	57.34	141.97	61.00	145.00	4.75	1	12	

10	13	190.919	14
1	9.00	102.00	14.65	107.65	8.00	1	10	
2	14.65	107.65	20.87	113.87	8.79	2	10	15	
3	20.87	113.87	21.73	114.73	1.21	3	6	10	15	
4	21.73	114.73	29.29	122.29	10.70	2	6	15	
5	29.29	122.29	32.35	125.35	4.32	3	6	12	15	
6	32.35	125.35	48.13	141.13	22.32	2	6	12	
7	48.13	141.13	67.54	160.54	27.45	1	12	
8	67.54	160.54	70.39	163.39	4.03	2	7	12	
9	70.39	163.39	83.71	176.71	18.84	3	7	12	14	
10	83.71	176.71	90.61	183.61	9.76	2	7	14	
11	90.61	183.61	112.46	205.46	30.90	1	7	
12	112.46	205.46	123.84	216.84	16.09	0	
13	123.84	216.84	128.44	221.44	6.51	1	8	
14	128.44	221.44	144.00	237.00	22.00	2	8	13	

10	14	103.175	9
1	9.00	102.00	15.51	106.32	7.81	1	10	
2	15.51	106.32	20.16	109.40	5.58	2	10	15	
3	20.16	109.40	24.00	111.94	4.61	3	6	10	15	
4	24.00	111.94	32.97	117.89	10.75	2	6	15	
5	32.97	117.89	37.16	120.67	5.03	3	6	12	15	
6	37.16	120.67	66.83	140.33	35.60	2	6	12	
7	66.83	140.33	73.82	144.96	8.38	1	12	
8	73.82	144.96	74.16	145.19	0.41	2	7	12	
9	74.16	145.19	95.00	159.00	25.00	3	7	12	14	

10	15	20.809	4
1	9.00	102.00	15.38	106.50	7.81	1	10	
2	15.38	106.50	20.21	109.92	5.92	2	10	15	
3	20.21	109.92	23.71	112.38	4.27	3	6	10	15	
4	23.71	112.38	26.00	114.00	2.81	2	6	15	

11	0	173.243	2
1	273.00	28.00	272.29	28.70	1.00	1	11	
2	272.29	28.70	150.00	150.00	172.24	0	

11	1	281.455	5
1	273.00	28.00	272.73	28.96	1.00	1	11	
2	272.73	28.96	210.98	249.16	228.69	0	
3	210.98	249.16	210.08	252.37	3.33	0	
4	210.08	252.37	207.80	260.49	8.43	1	5	
5	207.80	260.49	197.00	299.00	40.00	3	1	2	5	

11	2	263.712	4
1	273.00	28.00	272.89	28.99	1.00	1	11	
2	272.89	28.99	248.69	240.32	212.71	0	
3	248.69	240.32	246.42	260.11	19.91	1	2	
4	246.42	260.11	243.00	290.00	30.09	1	2	

11	3	207.966	4
1	273.00	28.00	272.27	28.69	1.00	1	11	
2	272.27	28.69	142.02	152.04	179.40	0	
3	142.02	152.04	130.71	162.75	15.57	1	7	
4	130.71	162.75	122.00	171.00	12.00	2	3	7	

11	4	359.213	7
1	273.00	28.00	272.29	28.70	1.00	1	11	
2	272.29	28.70	143.54	156.44	181.36	0	
3	143.54	156.44	133.20	166.70	14.57	1	7	
4	133.20	166.70	117.61	182.17	21.96	2	3	7	
5	117.61	182.17	95.15	204.46	31.65	1	7	
6	95.15	204.46	49.23	250.01	64.67	0	
7	49.23	250.01	18.00	281.00	44.00	1	4	

11	5	277.137	5
1	273.00	28.00	272.79	28.98	1.00	1	11	
2	272.79	28.98	227.07	242.61	218.47	0	
3	227.07	242.61	225.46	250.11	7.67	1	2	
4	225.46	250.11	221.73	267.56	17.85	2	2	5	
5	221.73	267.56	215.00	299.00	32.15	3	1	2	5	

11	6	230.593	3
1	273.00	28.00	272.06	28.34	1.00	1	11	
2	272.06	28.34	89.88	93.82	193.59	0	
3	89.88	93.82	56.00	106.00	36.00	1	6	

11	7	217.279	4
1	273.00	28.00	272.23	28.64	1.00	1	11	
2	272.23	28.64	135.98	142.05	177.28	0	
3	135.98	142.05	119.76	155.55	21.10	1	7	
4	119.76	155.55	106.00	167.00	17.90	2	7	14	

11	8	229.297	4
1	273.00	28.00	272.48	28.85	1.00	1	11	
2	272.48	28.85	170.09	197.50	197.30	0	
3	170.09	197.50	156.92	219.19	25.38	1	8	
4	156.92	219.19	154.00	224.00	5.62	2	8	13	

11	9	50.804	3
1	273.00	28.00	272.02	27.82	1.00	1	11	
2	272.02	27.82	224.97	19.35	47.80	0	
3	224.97	19.35	223.00	19.00	2.00	1	9	

11	10	274.175	5
1	273.00	28.00	272.04	28.27	1.00	1	11	
2	272.04	28.27	82.33	81.45	197.02	0	
3	82.33	81.45	26.33	97.14	58.15	1	6	
4	26.33	97.14	20.75	98.71	5.80	2	6	10	
5	20.75	98.71	9.00	102.00	12.20	1	10	

11	11	0	0

11	12	242.143	3
1	273.00	28.00	272.12	28.48	1.00	1	11	
2	272.12	28.48	95.15	126.16	202.14	0	
3	95.15	126.16	61.00	145.00	39.00	1	12	

11	13	245.605	4
1	273.00	28.00	272.47	28.85	1.00	1	11	
2	272.47	28.85	168.83	196.78	197.34	0	
3	168.83	196.78	155.56	218.28	25.27	1	8	
4	155.56	218.28	144.00	237.00	22.00	2	8	13	

11	14	221.009	5
1	273.00	28.00	272.19	28.59	1.00	1	11	
2	272.19	28.59	127.94	134.76	179.11	0	
3	127.94	134.76	115.13	144.18	15.90	1	7	
4	115.13	144.18	98.23	156.62	20.99	2	7	14	
5	98.23	156.62	95.00	159.00	4.01	3	7	12	14	

11	15	261.543	4
1	273.00	28.00	272.06	28.33	1.00	1	11	
2	272.06	28.33	89.17	92.01	193.66	0	
3	89.17	92.01	38.28	109.73	53.89	1	6	
4	38.28	109.73	26.00	114.00	13.00	2	6	15	

12	0	89.140	6
1	61.00	145.00	73.33	145.69	12.35	1	12	
2	73.33	145.69	73.82	145.72	0.48	2	7	12	
3	73.82	145.72	99.94	147.19	26.16	3	7	12	14	
4	99.94	147.19	117.54	148.18	17.62	2	7	14	
5	117.54	148.18	140.85	149.49	23.35	1	7	
6	140.85	149.49	150.00	150.00	9.17	0	

12	1	205.456	13
1	61.00	145.00	69.15	154.23	12.31	1	12	
2	69.15	154.23	70.25	155.47	1.66	2	7	12	
3	70.25	155.47	86.82	174.23	25.03	3	7	12	14	
4	86.82	174.23	95.44	184.00	13.03	2	7	14	
5	95.44	184.00	114.12	205.15	28.22	1	7	
6	114.12	205.15	123.97	216.30	14.89	0	
7	123.97	216.30	128.48	221.41	6.81	1	8	
8	128.48	221.41	157.55	254.33	43.92	2	8	13	
9	157.55	254.33	157.92	254.75	0.56	1	8	
10	157.92	254.75	170.52	269.02	19.03	0	
11	170.52	269.02	173.02	271.84	3.77	1	1	
12	173.02	271.84	193.22	294.72	30.53	2	1	5	
13	193.22	294.72	197.00	299.00	5.71	3	1	2	5	

12	2	232.699	14
1	61.00	145.00	69.95	152.13	11.44	1	12	
2	69.95	152.13	70.78	152.79	1.07	2	7	12	
3	70.78	152.79	91.50	169.30	26.49	3	7	12	14	
4	91.50	169.30	106.46	181.22	19.12	2	7	14	
5	106.46	181.22	128.55	198.82	28.25	1	7	
6	128.55	198.82	132.33	201.83	4.83	0	
7	132.33	201.83	149.86	215.79	22.41	1	8	
8	149.86	215.79	163.36	226.55	17.26	2	8	13	
9	163.36	226.55	180.45	240.17	21.85	1	8	
10	180.45	240.17	196.16	252.68	20.09	0	
11	196.16	252.68	203.89	258.84	9.89	1	5	
12	203.89	258.84	205.14	259.84	1.59	2	2	5	
13	205.14	259.84	233.35	282.31	36.07	3	1	2	5	
14	233.35	282.31	243.00	290.00	12.33	2	2	5	

12	3	66.310	6
1	61.00	145.00	71.22	149.36	11.11	1	12	
2	71.22	149.36	71.83	149.62	0.66	2	7	12	
3	71.83	149.62	96.88	160.29	27.23	3	7	12	14	
4	96.88	160.29	110.96	166.29	15.31	2	7	14	
5	110.96	166.29	117.82	169.22	7.45	3	3	7	14	
6	117.82	169.22	122.00	171.00	4.55	2	3	7	

12	4	142.636	3
1	61.00	145.00	49.24	182.19	39.00	1	12	
2	49.24	182.19	31.26	239.05	59.64	0	
3	31.26	239.05	18.00	281.00	44.00	1	4	

12	5	217.789	13
1	61.00	145.00	69.44	153.44	11.93	1	12	
2	69.44	153.44	70.42	154.42	1.40	2	7	12	
3	70.42	154.42	88.58	172.58	25.67	3	7	12	14	
4	88.58	172.58	99.58	183.58	15.56	2	7	14	
5	99.58	183.58	119.56	203.56	28.27	1	7	
6	119.56	203.56	126.23	210.23	9.42	0	
7	126.23	210.23	133.61	217.61	10.44	1	8	
8	133.61	217.61	163.39	247.39	42.12	2	8	13	
9	163.39	247.39	167.77	251.77	6.20	1	8	
10	167.77	251.77	179.19	263.19	16.14	0	
11	179.19	263.19	179.64	263.64	0.65	1	1	
12	179.64	263.64	194.37	278.37	20.83	2	1	5	
13	194.37	278.37	215.00	299.00	29.17	3	1	2	5	

12	6	39.319	3
1	61.00	145.00	60.58	141.71	3.32	1	12	
2	60.58	141.71	56.04	106.32	35.68	2	6	12	
3	56.04	106.32	56.00	106.00	0.32	1	6	

12	7	50.090	4
1	61.00	145.00	70.96	149.87	11.09	1	12	
2	70.96	149.87	71.61	150.19	0.72	2	7	12	
3	71.61	150.19	96.04	162.13	27.19	3	7	12	14	
4	96.04	162.13	106.00	167.00	11.09	2	7	14	

12	8	122.025	8
1	61.00	145.00	69.80	152.48	11.55	1	12	
2	69.80	152.48	70.68	153.22	1.15	2	7	12	
3	70.68	153.22	90.72	170.25	26.30	3	7	12	14	
4	90.72	170.25	104.64	182.07	18.26	2	7	14	
5	104.64	182.07	126.18	200.37	28.27	1	7	
6	126.18	200.37	130.37	203.93	5.50	0	
7	130.37	203.93	143.41	215.01	17.11	1	8	
8	143.41	215.01	154.00	224.00	13.89	2	8	13	

12	9	205.232	5
1	61.00	145.00	67.12	140.24	7.75	1	12	
2	67.12	140.24	86.45	125.21	24.48	2	6	12	
3	86.45	125.21	91.78	121.06	6.76	1	12	
4	91.78	121.06	221.42	20.23	164.23	0	
5	221.42	20.23	223.00	19.00	2.00	1	9	

12	10	67.476	7
1	61.00	145.00	57.34	141.97	4.75	1	12	
2	57.34	141.97	34.93	123.44	29.08	2	6	12	
3	34.93	123.44	30.94	120.15	5.18	3	6	12	15	
4	30.94	120.15	22.87	113.47	10.48	2	6	15	
5	22.87	113.47	20.41	111.44	3.19	3	6	10	15	
6	20.41	111.44	15.05	107.00	6.96	2	10	15	
7	15.05	107.00	9.00	102.00	7.85	1	10	

12	11	242.143	3
1	61.00	145.00	95.15	126.16	39.00	1	12	
2	95.15	126.16	272.12	28.48	202.14	0	
3	272.12	28.48	273.00	28.00	1.00	1	11	

12	12	0	0

12	13	123.907	8
1	61.00	145.00	69.20	154.09	12.24	1	12	
2	69.20	154.09	70.28	155.28	1.61	2	7	12	
3	70.28	155.28	87.12	173.96	25.15	3	7	12	14	
4	87.12	173.96	96.16	183.97	13.49	2	7	14	
5	96.16	183.97	115.07	204.93	28.23	1	7	
6	115.07	204.93	124.29	215.15	13.77	0	
7	124.29	215.15	129.26	220.67	7.43	1	8	
8	129.26	220.67	144.00	237.00	22.00	2	8	13	

12	14	36.770	3
1	61.00	145.00	71.28	149.23	11.12	1	12	
2	71.28	149.23	71.88	149.48	0.65	2	7	12	
3	71.88	149.48	95.00	159.00	25.00	3	7	12	14	

12	15	46.755	4
1	61.00	145.00	57.57	141.97	4.58	1	12	
2	57.57	141.97	35.73	122.62	29.18	2	6	12	
3	35.73	122.62	31.81	119.14	5.25	3	6	12	15	
4	31.81	119.14	26.00	114.00	7.75	2	6	15	

13	0	87.207	3
1	144.00	237.00	145.51	215.05	22.00	2	8	13	
2	145.51	215.05	146.98	193.81	21.30	1	8	
3	146.98	193.81	150.00	150.00	43.91	0	

13	1	81.566	6
1	144.00	237.00	158.30	253.72	22.00	2	8	13	
2	158.30	253.72	159.04	254.59	1.14	1	8	
3	159.04	254.59	171.01	268.60	18.43	0	
4	171.01	268.60	173.35	271.33	3.60	1	1	
5	173.35	271.33	193.21	294.56	30.56	2	1	5	
6	193.21	294.56	197.00	299.00	5.83	3	1	2	5	

13	2	112.294	7
1	144.00	237.00	163.40	247.38	22.00	2	8	13	
2	163.40	247.38	169.67	250.75	7.12	1	8	
3	169.67	250.75	185.04	258.97	17.43	0	
4	185.04	258.97	187.32	260.19	2.58	1	5	
5	187.32	260.19	198.92	266.40	13.16	2	1	5	
6	198.92	266.40	234.67	285.54	40.55	3	1	2	5	
7	234.67	285.54	243.00	290.00	9.45	2	2	5	

13	3	69.570	5
1	144.00	237.00	137.04	216.13	22.00	2	8	13	
2	137.04	216.13	132.29	201.87	15.03	1	8	
3	132.29	201.87	130.72	197.16	4.96	0	
4	130.72	197.16	125.79	182.38	15.58	1	7	
5	125.79	182.38	122.00	171.00	12.00	2	3	7	

13	4	133.462	4
1	144.00	237.00	128.95	242.26	15.95	2	8	13	
2	128.95	242.26	123.23	244.25	6.05	1	13	
3	123.23	244.25	59.54	266.49	67.46	0	
4	59.54	266.49	18.00	281.00	44.00	1	4	

13	5	94.260	6
1	144.00	237.00	160.57	251.47	22.00	2	8	13	
2	160.57	251.47	163.06	253.65	3.31	1	8	
3	163.06	253.65	176.01	264.95	17.19	0	
4	176.01	264.95	177.34	266.11	1.77	1	1	
5	177.34	266.11	193.90	280.57	21.98	2	1	5	
6	193.90	280.57	215.00	299.00	28.02	3	1	2	5	

13	6	157.813	10
1	144.00	237.00	131.73	218.74	22.00	2	8	13	
2	131.73	218.74	126.14	210.41	10.03	1	8	
3	126.14	210.41	121.13	202.95	8.99	0	
4	121.13	202.95	106.51	181.19	26.21	1	7	
5	106.51	181.19	95.01	164.08	20.62	2	7	14	
6	95.01	164.08	78.81	139.95	29.06	3	7	12	14	
7	78.81	139.95	78.44	139.41	0.66	2	7	12	
8	78.44	139.41	76.07	135.88	4.24	1	12	
9	76.07	135.88	56.20	106.30	35.64	2	6	12	
10	56.20	106.30	56.00	106.00	0.36	1	6	

13	7	79.649	5
1	144.00	237.00	133.50	217.67	22.00	2	8	13	
2	133.50	217.67	127.88	207.30	11.79	1	8	
3	127.88	207.30	124.61	201.28	6.86	0	
4	124.61	201.28	111.74	177.57	26.97	1	7	
5	111.74	177.57	106.00	167.00	12.03	2	7	14	

13	8	16.401	1
1	144.00	237.00	154.00	224.00	16.40	2	8	13	

13	9	231.873	4
1	144.00	237.00	151.50	216.32	22.00	2	8	13	
2	151.50	216.32	159.75	193.54	24.23	1	8	
3	159.75	193.54	222.32	20.88	183.65	0	
4	222.32	20.88	223.00	19.00	2.00	1	9	

13	10	190.919	14
1	144.00	237.00	128.44	221.44	22.00	2	8	13	
2	128.44	221.44	123.84	216.84	6.51	1	8	
3	123.84	216.84	112.46	205.46	16.09	0	
4	112.46	205.46	90.61	183.61	30.90	1	7	
5	90.61	183.61	83.71	176.71	9.76	2	7	14	
6	83.71	176.71	70.39	163.39	18.84	3	7	12	14	
7	70.39	163.39	67.54	160.54	4.03	2	7	12	
8	67.54	160.54	48.13	141.13	27.45	1	12	
9	48.13	141.13	32.35	125.35	22.32	2	6	12	
10	32.35	125.35	29.29	122.29	4.32	3	6	12	15	
11	29.29	122.29	21.73	114.73	10.70	2	6	15	
12	21.73	114.73	20.87	113.87	1.21	3	6	10	15	
13	20.87	113.87	14.65	107.65	8.79	2	10	15	
14	14.65	107.65	9.00	102.00	8.00	1	10	

13	11	245.605	4
1	144.00	237.00	155.56	218.28	22.00	2	8	13	
2	155.56	218.28	168.83	196.78	25.27	1	8	
3	168.83	196.78	272.47	28.85	197.34	0	
4	272.47	28.85	273.00	28.00	1.00	1	11	

13	12	123.907	8
1	144.00	237.00	129.26	220.67	22.00	2	8	13	
2	129.26	220.67	124.29	215.15	7.43	1	8	
3	124.29	215.15	115.07	204.93	13.77	0	
4	115.07	204.93	96.16	183.97	28.23	1	7	
5	96.16	183.97	87.12	173.96	13.49	2	7	14	
6	87.12	173.96	70.28	155.28	25.15	3	7	12	14	
7	70.28	155.28	69.20	154.09	1.61	2	7	12	
8	69.20	154.09	61.00	145.00	12.24	1	12	

13	13	0	0

13	14	92.114	6
1	144.00	237.00	132.30	218.37	22.00	2	8	13	
2	132.30	218.37	126.66	209.39	10.60	1	8	
3	126.66	209.39	122.29	202.44	8.22	0	
4	122.29	202.44	108.30	180.17	26.30	1	7	
5	108.30	180.17	96.44	161.29	22.30	2	7	14	
6	96.44	161.29	95.00	159.00	2.70	3	7	12	14	

13	15	170.449	11
1	144.00	237.00	128.77	221.12	22.00	2	8	13	
2	128.77	221.12	124.01	216.16	6.88	1	8	
3	124.01	216.16	113.55	205.26	15.10	0	
4	113.55	205.26	93.08	183.93	29.57	1	7	
5	93.08	183.93	85.13	175.64	11.49	2	7	14	
6	85.13	175.64	70.02	159.88	21.84	3	7	12	14	
7	70.02	159.88	68.08	157.87	2.79	2	7	12	
8	68.08	157.87	52.72	141.85	22.20	1	12	
9	52.72	141.85	35.00	123.38	25.59	2	6	12	
10	35.00	123.38	31.39	119.62	5.21	3	6	12	15	
11	31.39	119.62	26.00	114.00	7.79	2	6	15	

14	0	55.731	4
1	95.00	159.00	97.56	158.58	2.59	3	7	12	14	
2	97.56	158.58	119.67	154.96	22.41	2	7	14	
3	119.67	154.96	141.72	151.35	22.35	1	7	
4	141.72	151.35	150.00	150.00	8.39	0	

14	1	173.217	11
1	95.00	159.00	96.52	161.09	2.59	3	7	12	14	
2	96.52	161.09	109.72	179.21	22.41	2	7	14	
3	109.72	179.21	125.45	200.80	26.72	1	7	
4	125.45	200.80	129.00	205.67	6.02	0	
5	129.00	205.67	136.71	216.24	13.09	1	8	
6	136.71	216.24	161.52	250.30	42.14	2	8	13	
7	161.52	250.30	163.79	253.41	3.85	1	8	
8	163.79	253.41	173.45	266.67	16.40	0	
9	173.45	266.67	175.07	268.90	2.76	1	1	
10	175.07	268.90	193.14	293.70	30.68	2	1	5	
11	193.14	293.70	197.00	299.00	6.56	3	1	2	5	

14	2	197.649	10
1	95.00	159.00	96.76	160.56	2.35	3	7	12	14	
2	96.76	160.56	110.08	172.34	17.78	2	7	14	
3	110.08	172.34	113.72	175.57	4.87	3	3	7	14	
4	113.72	175.57	122.11	183.00	11.21	2	3	7	
5	122.11	183.00	134.33	193.81	16.31	1	7	
6	134.33	193.81	199.47	251.47	87.00	0	
7	199.47	251.47	205.56	256.86	8.13	1	5	
8	205.56	256.86	210.72	261.43	6.89	2	2	5	
9	210.72	261.43	232.63	280.82	29.26	3	1	2	5	
10	232.63	280.82	243.00	290.00	13.85	2	2	5	

14	3	29.547	4
1	95.00	159.00	97.04	159.91	2.23	3	7	12	14	
2	97.04	159.91	111.03	166.13	15.32	2	7	14	
3	111.03	166.13	117.85	169.15	7.45	3	3	7	14	
4	117.85	169.15	122.00	171.00	4.55	2	3	7	

14	4	144.267	5
1	95.00	159.00	83.92	176.55	20.76	3	7	12	14	
2	83.92	176.55	81.66	180.14	4.24	2	7	14	
3	81.66	180.14	75.01	190.68	12.46	1	7	
4	75.01	190.68	41.48	243.79	62.81	0	
5	41.48	243.79	18.00	281.00	44.00	1	4	

14	5	184.391	11
1	95.00	159.00	96.62	160.89	2.49	3	7	12	14	
2	96.62	160.89	111.27	177.98	22.51	2	7	14	
3	111.27	177.98	128.91	198.56	27.11	1	7	
4	128.91	198.56	132.00	202.16	4.74	0	
5	132.00	202.16	143.02	215.02	16.94	1	8	
6	143.02	215.02	165.57	241.33	34.65	2	8	13	
7	165.57	241.33	172.22	249.08	10.21	1	8	
8	172.22	249.08	182.46	261.04	15.74	0	
9	182.46	261.04	182.91	261.56	0.69	1	5	
10	182.91	261.56	195.07	275.75	18.69	2	1	5	
11	195.07	275.75	215.00	299.00	30.62	3	1	2	5	

14	6	65.803	5
1	95.00	159.00	80.18	138.86	25.00	3	7	12	14	
2	80.18	138.86	79.70	138.20	0.82	2	7	12	
3	79.70	138.20	77.34	135.00	3.98	1	12	
4	77.34	135.00	56.22	106.29	35.63	2	6	12	
5	56.22	106.29	56.00	106.00	0.37	1	6	

14	7	13.601	2
1	95.00	159.00	96.85	160.35	2.29	3	7	12	14	
2	96.85	160.35	106.00	167.00	11.31	2	7	14	

14	8	87.784	8
1	95.00	159.00	96.65	160.82	2.45	3	7	12	14	
2	96.65	160.82	111.80	177.51	22.55	2	7	14	
3	111.80	177.51	112.28	178.04	0.71	1	7	
4	112.28	178.04	114.06	179.99	2.64	2	3	7	
5	114.06	179.99	130.10	197.67	23.86	1	7	
6	130.10	197.67	133.16	201.05	4.57	0	
7	133.16	201.05	145.91	215.08	18.96	1	8	
8	145.91	215.08	154.00	224.00	12.04	2	8	13	

14	9	189.694	5
1	95.00	159.00	98.71	154.94	5.50	3	7	12	14	
2	98.71	154.94	111.87	140.55	19.50	2	7	14	
3	111.87	140.55	120.71	130.88	13.10	1	7	
4	120.71	130.88	221.65	20.48	149.59	0	
5	221.65	20.48	223.00	19.00	2.00	1	9	

14	10	103.175	9
1	95.00	159.00	74.16	145.19	25.00	3	7	12	14	
2	74.16	145.19	73.82	144.96	0.41	2	7	12	
3	73.82	144.96	66.83	140.33	8.38	1	12	
4	66.83	140.33	37.16	120.67	35.60	2	6	12	
5	37.16	120.67	32.97	117.89	5.03	3	6	12	15	
6	32.97	117.89	24.00	111.94	10.75	2	6	15	
7	24.00	111.94	20.16	109.40	4.61	3	6	10	15	
8	20.16	109.40	15.51	106.32	5.58	2	10	15	
9	15.51	106.32	9.00	102.00	7.81	1	10	

14	11	221.009	5
1	95.00	159.00	98.23	156.62	4.01	3	7	12	14	
2	98.23	156.62	115.13	144.18	20.99	2	7	14	
3	115.13	144.18	127.94	134.76	15.90	1	7	
4	127.94	134.76	272.19	28.59	179.11	0	
5	272.19	28.59	273.00	28.00	1.00	1	11	

14	12	36.770	3
1	95.00	159.00	71.88	149.48	25.00	3	7	12	14	
2	71.88	149.48	71.28	149.23	0.65	2	7	12	
3	71.28	149.23	61.00	145.00	11.12	1	12	

14	13	92.114	6
1	95.00	159.00	96.44	161.29	2.70	3	7	12	14	
2	96.44	161.29	108.30	180.17	22.30	2	7	14	
3	108.30	180.17	122.29	202.44	26.30	1	7	
4	122.29	202.44	126.66	209.39	8.22	0	
5	126.66	209.39	132.30	218.37	10.60	1	8	
6	132.30	218.37	144.00	237.00	22.00	2	8	13	

14	14	0	0

14	15	82.377	6
1	95.00	159.00	74.06	145.34	25.00	3	7	12	14	
2	74.06	145.34	73.72	145.12	0.41	2	7	12	
3	73.72	145.12	66.52	140.43	8.59	1	12	
4	66.52	140.43	36.89	121.10	35.38	2	6	12	
5	36.89	121.10	32.58	118.29	5.14	3	6	12	15	
6	32.58	118.29	26.00	114.00	7.86	2	6	15	

15	0	129.120	9
1	26.00	114.00	34.43	116.45	8.78	2	6	15	
2	34.43	116.45	38.48	117.62	4.22	3	6	12	15	
3	38.48	117.62	82.47	130.40	45.81	2	6	12	
4	82.47	130.40	88.50	132.15	6.28	1	12	
5	88.50	132.15	94.89	134.00	6.65	2	7	12	
6	94.89	134.00	98.73	135.11	3.99	3	7	12	14	
7	98.73	135.11	108.48	137.95	10.16	2	7	14	
8	108.48	137.95	139.44	146.93	32.24	1	7	
9	139.44	146.93	150.00	150.00	10.99	0	

15	1	251.925	16
1	26.00	114.00	31.30	119.73	7.80	2	6	15	
2	31.30	119.73	34.82	123.55	5.20	3	6	12	15	
3	34.82	123.55	51.64	141.73	24.77	2	6	12	
4	51.64	141.73	67.79	159.21	23.79	1	12	
5	67.79	159.21	70.15	161.77	3.49	2	7	12	
6	70.15	161.77	83.86	176.60	20.19	3	7	12	14	
7	83.86	176.60	90.29	183.55	9.47	2	7	14	
8	90.29	183.55	110.77	205.71	30.17	1	7	
9	110.77	205.71	123.35	219.32	18.54	0	
10	123.35	219.32	126.90	223.16	5.22	1	8	
11	126.90	223.16	156.25	254.92	43.25	2	8	13	
12	156.25	254.92	156.45	255.14	0.30	1	13	
13	156.45	255.14	169.85	269.63	19.73	0	
14	169.85	269.63	172.56	272.56	4.00	1	1	
15	172.56	272.56	193.24	294.94	30.47	2	1	5	
16	193.24	294.94	197.00	299.00	5.53	3	1	2	5	

15	2	279.401	17
1	26.00	114.00	32.03	118.89	7.76	2	6	15	
2	32.03	118.89	36.10	122.19	5.24	3	6	12	15	
3	36.10	122.19	60.22	141.75	31.06	2	6	12	
4	60.22	141.75	70.76	150.30	13.57	1	12	
5	70.76	150.30	71.38	150.81	0.80	2	7	12	
6	71.38	150.81	92.53	167.96	27.23	3	7	12	14	
7	92.53	167.96	107.89	180.42	19.78	2	7	14	
8	107.89	180.42	129.61	198.04	27.97	1	7	
9	129.61	198.04	133.24	200.98	4.67	0	
10	133.24	200.98	152.78	216.83	25.17	1	8	
11	152.78	216.83	161.92	224.24	11.77	2	8	13	
12	161.92	224.24	180.81	239.56	24.32	1	8	
13	180.81	239.56	196.72	252.46	20.48	0	
14	196.72	252.46	204.17	258.50	9.59	1	5	
15	204.17	258.50	206.06	260.04	2.44	2	2	5	
16	206.06	260.04	233.25	282.09	35.01	3	1	2	5	
17	233.25	282.09	243.00	290.00	12.55	2	2	5	

15	3	111.647	9
1	26.00	114.00	32.81	118.05	7.92	2	6	15	
2	32.81	118.05	37.18	120.64	5.08	3	6	12	15	
3	37.18	120.64	69.04	139.56	37.06	2	6	12	
4	69.04	139.56	75.13	143.17	7.08	1	12	
5	75.13	143.17	75.48	143.38	0.41	2	7	12	
6	75.48	143.38	98.16	156.84	26.37	3	7	12	14	
7	98.16	156.84	111.68	164.87	15.73	2	7	14	
8	111.68	164.87	118.06	168.66	7.42	3	3	7	14	
9	118.06	168.66	122.00	171.00	4.58	2	3	7	

15	4	167.192	6
1	26.00	114.00	25.47	125.08	11.09	1	15	
2	25.47	125.08	25.38	126.98	1.91	1	15	
3	25.38	126.98	25.26	129.38	2.40	0	
4	25.26	129.38	23.93	157.13	27.78	0	
5	23.93	157.13	20.11	237.05	80.01	0	
6	20.11	237.05	18.00	281.00	44.00	0	

15	5	264.473	16
1	26.00	114.00	31.55	119.43	7.77	2	6	15	
2	31.55	119.43	35.29	123.09	5.23	3	6	12	15	
3	35.29	123.09	54.58	141.97	26.99	2	6	12	
4	54.58	141.97	68.66	155.75	19.70	1	12	
5	68.66	155.75	70.07	157.14	1.98	2	7	12	
6	70.07	157.14	87.19	173.90	23.96	3	7	12	14	
7	87.19	173.90	97.40	183.88	14.28	2	7	14	
8	97.40	183.88	118.04	204.09	28.89	1	7	
9	118.04	204.09	125.62	211.52	10.61	0	
10	125.62	211.52	132.50	218.25	9.62	1	8	
11	132.50	218.25	163.00	248.10	42.68	2	8	13	
12	163.00	248.10	167.09	252.10	5.73	1	8	
13	167.09	252.10	178.68	263.44	16.22	0	
14	178.68	263.44	179.27	264.02	0.83	1	1	
15	179.27	264.02	194.29	278.73	21.02	2	1	5	
16	194.29	278.73	215.00	299.00	28.98	3	1	2	5	

15	6	31.048	4
1	26.00	114.00	38.56	110.65	13.00	2	6	15	
2	38.56	110.65	49.52	107.73	11.34	1	6	
3	49.52	107.73	52.40	106.96	2.98	2	6	12	
4	52.40	106.96	56.00	106.00	3.73	1	6	

15	7	95.964	7
1	26.00	114.00	32.54	118.33	7.85	2	6	15	
2	32.54	118.33	36.84	121.18	5.15	3	6	12	15	
3	36.84	121.18	66.09	140.56	35.09	2	6	12	
4	66.09	140.56	73.49	145.46	8.88	1	12	
5	73.49	145.46	73.84	145.69	0.42	2	7	12	
6	73.84	145.69	96.65	160.81	27.37	3	7	12	14	
7	96.65	160.81	106.00	167.00	11.21	2	7	14	

15	8	168.772	11
1	26.00	114.00	31.88	119.05	7.76	2	6	15	
2	31.88	119.05	35.86	122.47	5.24	3	6	12	15	
3	35.86	122.47	58.48	141.91	29.83	2	6	12	
4	58.48	141.91	70.06	151.86	15.26	1	12	
5	70.06	151.86	70.85	152.54	1.04	2	7	12	
6	70.85	152.54	91.03	169.88	26.61	3	7	12	14	
7	91.03	169.88	105.02	181.91	18.44	2	7	14	
8	105.02	181.91	126.37	200.26	28.16	1	7	
9	126.37	200.26	130.49	203.80	5.43	0	
10	130.49	203.80	143.53	215.00	17.20	1	8	
11	143.53	215.00	154.00	224.00	13.80	2	8	13	

15	9	218.710	4
1	26.00	114.00	37.71	108.35	13.00	2	6	15	
2	37.71	108.35	85.47	85.32	53.02	1	6	
3	85.47	85.32	221.20	19.87	150.69	0	
4	221.20	19.87	223.00	19.00	2.00	1	9	

15	10	20.809	4
1	26.00	114.00	23.71	112.38	2.81	2	6	15	
2	23.71	112.38	20.21	109.92	4.27	3	6	10	15	
3	20.21	109.92	15.38	106.50	5.92	2	10	15	
4	15.38	106.50	9.00	102.00	7.81	1	10	

15	11	261.543	4
1	26.00	114.00	38.28	109.73	13.00	2	6	15	
2	38.28	109.73	89.17	92.01	53.89	1	6	
3	89.17	92.01	272.06	28.33	193.66	0	
4	272.06	28.33	273.00	28.00	1.00	1	11	

15	12	46.755	4
1	26.00	114.00	31.81	119.14	7.75	2	6	15	
2	31.81	119.14	35.73	122.62	5.25	3	6	12	15	
3	35.73	122.62	57.57	141.97	29.18	2	6	12	
4	57.57	141.97	61.00	145.00	4.58	1	12	

15	13	170.449	11
1	26.00	114.00	31.39	119.62	7.79	2	6	15	
2	31.39	119.62	35.00	123.38	5.21	3	6	12	15	
3	35.00	123.38	52.72	141.85	25.59	2	6	12	
4	52.72	141.85	68.08	157.87	22.20	1	12	
5	68.08	157.87	70.02	159.88	2.79	2	7	12	
6	70.02	159.88	85.13	175.64	21.84	3	7	12	14	
7	85.13	175.64	93.08	183.93	11.49	2	7	14	
8	93.08	183.93	113.55	205.26	29.57	1	7	
9	113.55	205.26	124.01	216.16	15.10	0	
10	124.01	216.16	128.77	221.12	6.88	1	8	
11	128.77	221.12	144.00	237.00	22.00	2	8	13	

15	14	82.377	6
1	26.00	114.00	32.58	118.29	7.86	2	6	15	
2	32.58	118.29	36.89	121.10	5.14	3	6	12	15	
3	36.89	121.10	66.52	140.43	35.38	2	6	12	
4	66.52	140.43	73.72	145.12	8.59	1	12	
5	73.72	145.12	74.06	145.34	0.41	2	7	12	
6	74.06	145.34	95.00	159.00	25.00	3	7	12	14	

15	15	0	0
