6	47	2	0.001	80.0
0.000	0.000	0.000	5.000	0.000
188.000	170.000	38.000	4.000	18.000
294.000	77.000	30.000	6.000	4.000
244.000	188.000	45.000	2.000	5.000
148.000	166.000	5.000	10.000	14.000
86.000	71.000	48.000	4.000	5.000
 


0	0	0	0

0	1	253.464	4
1	0.00	0.00	47.23	42.70	63.67	0	
2	47.23	42.70	118.04	106.74	95.47	1	5	
3	118.04	106.74	159.81	144.51	56.32	0	
4	159.81	144.51	188.00	170.00	38.00	1	1	

0	2	303.916	4
1	0.00	0.00	87.97	23.04	90.94	0	
2	87.97	23.04	107.79	28.23	20.48	1	5	
3	107.79	28.23	264.98	69.40	162.49	0	
4	264.98	69.40	294.00	77.00	30.00	1	2	

0	3	308.026	6
1	0.00	0.00	50.38	38.82	63.61	0	
2	50.38	38.82	126.20	97.23	95.71	1	5	
3	126.20	97.23	174.52	134.47	61.01	0	
4	174.52	134.47	208.35	160.53	42.71	1	1	
5	208.35	160.53	225.79	173.97	22.01	2	1	3	
6	225.79	173.97	244.00	188.00	22.99	1	3	

0	4	222.396	4
1	0.00	0.00	43.47	48.75	65.32	0	
2	43.47	48.75	103.24	115.80	89.82	1	5	
3	103.24	115.80	144.67	162.27	62.26	0	
4	144.67	162.27	148.00	166.00	5.00	1	4	

0	5	111.521	2
1	0.00	0.00	48.98	40.44	63.52	0	
2	48.98	40.44	86.00	71.00	48.00	1	5	

1	0	253.464	4
1	188.00	170.00	159.81	144.51	38.00	1	1	
2	159.81	144.51	118.04	106.74	56.32	0	
3	118.04	106.74	47.23	42.70	95.47	1	5	
4	47.23	42.70	0.00	0.00	63.67	0	

1	1	0	0

1	2	141.014	3
1	188.00	170.00	216.56	144.94	38.00	1	1	
2	216.56	144.94	271.45	96.79	73.01	0	
3	271.45	96.79	294.00	77.00	30.00	1	2	

1	3	58.822	3
1	188.00	170.00	201.16	174.23	13.82	1	1	
2	201.16	174.23	224.18	181.63	24.18	2	1	3	
3	224.18	181.63	244.00	188.00	20.82	1	3	

1	4	40.200	3
1	188.00	170.00	152.98	166.50	35.20	1	1	
2	152.98	166.50	150.19	166.22	2.80	2	1	4	
3	150.19	166.22	148.00	166.00	2.20	1	4	

1	5	142.144	3
1	188.00	170.00	160.73	143.53	38.00	1	1	
2	160.73	143.53	120.44	104.43	56.14	0	
3	120.44	104.43	86.00	71.00	48.00	1	5	

2	0	303.916	4
1	294.00	77.00	264.98	69.40	30.00	1	2	
2	264.98	69.40	107.79	28.23	162.49	0	
3	107.79	28.23	87.97	23.04	20.48	1	5	
4	87.97	23.04	0.00	0.00	90.94	0	

2	1	141.014	3
1	294.00	77.00	271.45	96.79	30.00	1	2	
2	271.45	96.79	216.56	144.94	73.01	0	
3	216.56	144.94	188.00	170.00	38.00	1	1	

2	2	0	0

2	3	121.742	3
1	294.00	77.00	281.68	104.35	30.00	1	2	
2	281.68	104.35	262.48	146.97	46.74	0	
3	262.48	146.97	244.00	188.00	45.00	1	3	

2	4	170.988	5
1	294.00	77.00	268.38	92.62	30.00	1	2	
2	268.38	92.62	200.38	134.07	79.65	0	
3	200.38	134.07	152.27	163.40	56.34	1	1	
4	152.27	163.40	150.39	164.54	2.20	2	1	4	
5	150.39	164.54	148.00	166.00	2.80	1	4	

2	5	208.087	3
1	294.00	77.00	264.01	76.14	30.00	1	2	
2	264.01	76.14	133.98	72.38	130.09	0	
3	133.98	72.38	86.00	71.00	48.00	1	5	

3	0	308.026	6
1	244.00	188.00	225.79	173.97	22.99	1	3	
2	225.79	173.97	208.35	160.53	22.01	2	1	3	
3	208.35	160.53	174.52	134.47	42.71	1	1	
4	174.52	134.47	126.20	97.23	61.01	0	
5	126.20	97.23	50.38	38.82	95.71	1	5	
6	50.38	38.82	0.00	0.00	63.61	0	

3	1	58.822	3
1	244.00	188.00	224.18	181.63	20.82	1	3	
2	224.18	181.63	201.16	174.23	24.18	2	1	3	
3	201.16	174.23	188.00	170.00	13.82	1	1	

3	2	121.742	3
1	244.00	188.00	262.48	146.97	45.00	1	3	
2	262.48	146.97	281.68	104.35	46.74	0	
3	281.68	104.35	294.00	77.00	30.00	1	2	

3	3	0	0

3	4	98.489	5
1	244.00	188.00	223.59	183.32	20.94	1	3	
2	223.59	183.32	200.14	177.95	24.06	2	1	3	
3	200.14	177.95	152.87	167.12	48.49	1	1	
4	152.87	167.12	150.16	166.50	2.78	2	1	4	
5	150.16	166.50	148.00	166.00	2.22	1	4	

3	5	196.604	5
1	244.00	188.00	225.74	174.48	22.73	1	3	
2	225.74	174.48	207.84	161.22	22.27	2	1	3	
3	207.84	161.22	172.71	135.21	43.71	1	1	
4	172.71	135.21	124.58	99.57	59.90	0	
5	124.58	99.57	86.00	71.00	48.00	1	5	

4	0	222.396	4
1	148.00	166.00	144.67	162.27	5.00	1	4	
2	144.67	162.27	103.24	115.80	62.26	0	
3	103.24	115.80	43.47	48.75	89.82	1	5	
4	43.47	48.75	0.00	0.00	65.32	0	

4	1	40.200	3
1	148.00	166.00	150.19	166.22	2.20	1	4	
2	150.19	166.22	152.98	166.50	2.80	2	1	4	
3	152.98	166.50	188.00	170.00	35.20	1	1	

4	2	170.988	5
1	148.00	166.00	150.39	164.54	2.80	1	4	
2	150.39	164.54	152.27	163.40	2.20	2	1	4	
3	152.27	163.40	200.38	134.07	56.34	1	1	
4	200.38	134.07	268.38	92.62	79.65	0	
5	268.38	92.62	294.00	77.00	30.00	1	2	

4	3	98.489	5
1	148.00	166.00	150.16	166.50	2.22	1	4	
2	150.16	166.50	152.87	167.12	2.78	2	1	4	
3	152.87	167.12	200.14	177.95	48.49	1	1	
4	200.14	177.95	223.59	183.32	24.06	2	1	3	
5	223.59	183.32	244.00	188.00	20.94	1	3	

4	4	0	0

4	5	113.442	3
1	148.00	166.00	145.27	161.81	5.00	1	4	
2	145.27	161.81	112.23	111.20	60.44	0	
3	112.23	111.20	86.00	71.00	48.00	0	

5	0	111.521	2
1	86.00	71.00	48.98	40.44	48.00	1	5	
2	48.98	40.44	0.00	0.00	63.52	0	

5	1	142.144	3
1	86.00	71.00	120.44	104.43	48.00	1	5	
2	120.44	104.43	160.73	143.53	56.14	0	
3	160.73	143.53	188.00	170.00	38.00	1	1	

5	2	208.087	3
1	86.00	71.00	133.98	72.38	48.00	1	5	
2	133.98	72.38	264.01	76.14	130.09	0	
3	264.01	76.14	294.00	77.00	30.00	1	2	

5	3	196.604	5
1	86.00	71.00	124.58	99.57	48.00	1	5	
2	124.58	99.57	172.71	135.21	59.90	0	
3	172.71	135.21	207.84	161.22	43.71	1	1	
4	207.84	161.22	225.74	174.48	22.27	2	1	3	
5	225.74	174.48	244.00	188.00	22.73	1	3	

5	4	113.442	3
1	86.00	71.00	112.23	111.20	48.00	0	
2	112.23	111.20	145.27	161.81	60.44	0	
3	145.27	161.81	148.00	166.00	5.00	1	4	

5	5	0	0
