10	123	2	0.001	80.0
150.000	150.000	0.000	2.000	0.000
30.000	184.000	48.000	7.000	8.000
172.000	271.000	19.000	6.000	16.000
16.000	29.000	13.000	5.000	5.000
8.000	59.000	10.000	5.000	12.000
214.000	255.000	2.000	8.000	12.000
19.000	277.000	39.000	6.000	4.000
80.000	268.000	7.000	10.000	18.000
140.000	145.000	5.000	5.000	4.000
29.000	3.000	21.000	1.000	14.000
 


0	0	0	0

0	1	124.724	2
1	150.00	150.00	76.18	170.92	76.72	0	
2	76.18	170.92	30.00	184.00	48.00	1	1	

0	2	122.984	2
1	150.00	150.00	168.60	252.31	103.98	0	
2	168.60	252.31	172.00	271.00	19.00	1	2	

0	3	180.546	4
1	150.00	150.00	144.98	145.47	6.77	0	
2	144.98	145.47	139.03	140.09	8.01	1	8	
3	139.03	140.09	25.65	37.71	152.77	0	
4	25.65	37.71	16.00	29.00	13.00	1	3	

0	4	168.656	4
1	150.00	150.00	144.73	146.62	6.26	0	
2	144.73	146.62	136.55	141.38	9.71	1	8	
3	136.55	141.38	16.42	64.40	142.68	0	
4	16.42	64.40	8.00	59.00	10.00	1	4	

0	5	122.967	2
1	150.00	150.00	212.96	253.29	120.97	0	
2	212.96	253.29	214.00	255.00	2.00	1	5	

0	6	182.455	2
1	150.00	150.00	47.00	249.85	143.46	0	
2	47.00	249.85	19.00	277.00	39.00	1	6	

0	7	137.201	2
1	150.00	150.00	83.57	261.98	130.20	0	
2	83.57	261.98	80.00	268.00	7.00	1	7	

0	8	11.180	2
1	150.00	150.00	144.47	147.24	6.18	0	
2	144.47	147.24	140.00	145.00	5.00	1	8	

0	9	190.394	4
1	150.00	150.00	144.83	143.72	8.13	0	
2	144.83	143.72	142.18	140.50	4.18	1	8	
3	142.18	140.50	42.35	19.21	157.09	0	
4	42.35	19.21	29.00	3.00	21.00	1	9	

1	0	124.724	2
1	30.00	184.00	76.18	170.92	48.00	1	1	
2	76.18	170.92	150.00	150.00	76.72	0	

1	1	0	0

1	2	166.532	3
1	30.00	184.00	70.93	209.08	48.00	1	1	
2	70.93	209.08	155.80	261.07	99.53	0	
3	155.80	261.07	172.00	271.00	19.00	1	2	

1	3	155.631	3
1	30.00	184.00	25.68	136.19	48.00	1	1	
2	25.68	136.19	17.17	41.95	94.63	0	
3	17.17	41.95	16.00	29.00	13.00	1	3	

1	4	126.921	3
1	30.00	184.00	21.68	136.73	48.00	1	1	
2	21.68	136.73	9.73	68.85	68.92	0	
3	9.73	68.85	8.00	59.00	10.00	1	4	

1	5	197.223	3
1	30.00	184.00	74.78	201.28	48.00	1	1	
2	74.78	201.28	212.13	254.28	147.22	0	
3	212.13	254.28	214.00	255.00	2.00	1	5	

1	6	93.648	3
1	30.00	184.00	24.36	231.67	48.00	1	1	
2	24.36	231.67	23.58	238.27	6.65	0	
3	23.58	238.27	19.00	277.00	39.00	0	

1	7	97.755	3
1	30.00	184.00	54.55	225.25	48.00	1	1	
2	54.55	225.25	76.42	261.98	42.75	0	
3	76.42	261.98	80.00	268.00	7.00	1	7	

1	8	116.709	3
1	30.00	184.00	75.24	167.96	48.00	1	1	
2	75.24	167.96	135.29	146.67	63.71	0	
3	135.29	146.67	140.00	145.00	5.00	1	8	

1	9	181.003	3
1	30.00	184.00	29.73	136.00	48.00	0	
2	29.73	136.00	29.12	24.00	112.00	0	
3	29.12	24.00	29.00	3.00	21.00	1	9	

2	0	122.984	2
1	172.00	271.00	168.60	252.31	19.00	1	2	
2	168.60	252.31	150.00	150.00	103.98	0	

2	1	166.532	3
1	172.00	271.00	155.80	261.07	19.00	1	2	
2	155.80	261.07	70.93	209.08	99.53	0	
3	70.93	209.08	30.00	184.00	48.00	1	1	

2	2	0	0

2	3	287.924	3
1	172.00	271.00	161.71	255.03	19.00	1	2	
2	161.71	255.03	23.04	39.93	255.92	0	
3	23.04	39.93	16.00	29.00	13.00	1	3	

2	4	268.030	3
1	172.00	271.00	160.37	255.97	19.00	1	2	
2	160.37	255.97	14.12	66.91	239.03	0	
3	14.12	66.91	8.00	59.00	10.00	1	4	

2	5	44.944	3
1	172.00	271.00	189.76	264.24	19.00	1	2	
2	189.76	264.24	212.13	255.71	23.94	0	
3	212.13	255.71	214.00	255.00	2.00	1	5	

2	6	153.118	5
1	172.00	271.00	153.01	271.74	19.00	1	2	
2	153.01	271.74	82.58	274.51	70.49	0	
3	82.58	274.51	77.94	274.69	4.65	1	7	
4	77.94	274.69	57.97	275.47	19.98	0	
5	57.97	275.47	19.00	277.00	39.00	1	6	

2	7	92.049	3
1	172.00	271.00	153.01	270.38	19.00	1	2	
2	153.01	270.38	87.00	268.23	66.05	0	
3	87.00	268.23	80.00	268.00	7.00	1	7	

2	8	130.000	3
1	172.00	271.00	167.32	252.58	19.00	1	2	
2	167.32	252.58	141.23	149.85	106.00	0	
3	141.23	149.85	140.00	145.00	5.00	1	8	

2	9	303.765	3
1	172.00	271.00	163.06	254.24	19.00	1	2	
2	163.06	254.24	38.89	21.53	263.76	0	
3	38.89	21.53	29.00	3.00	21.00	1	9	

3	0	180.546	4
1	16.00	29.00	25.65	37.71	13.00	1	3	
2	25.65	37.71	139.03	140.09	152.77	0	
3	139.03	140.09	144.98	145.47	8.01	1	8	
4	144.98	145.47	150.00	150.00	6.77	0	

3	1	155.631	3
1	16.00	29.00	17.17	41.95	13.00	1	3	
2	17.17	41.95	25.68	136.19	94.63	0	
3	25.68	136.19	30.00	184.00	48.00	1	1	

3	2	287.924	3
1	16.00	29.00	23.04	39.93	13.00	1	3	
2	23.04	39.93	161.71	255.03	255.92	0	
3	161.71	255.03	172.00	271.00	19.00	1	2	

3	3	0	0

3	4	31.048	3
1	16.00	29.00	12.65	41.56	13.00	1	3	
2	12.65	41.56	10.58	49.34	8.05	0	
3	10.58	49.34	8.00	59.00	10.00	1	4	

3	5	300.466	3
1	16.00	29.00	24.57	38.78	13.00	1	3	
2	24.57	38.78	212.68	253.50	285.47	0	
3	212.68	253.50	214.00	255.00	2.00	1	5	

3	6	248.018	7
1	16.00	29.00	16.16	42.00	13.00	1	3	
2	16.16	42.00	16.30	53.41	11.42	0	
3	16.30	53.41	16.43	64.38	10.97	0	
4	16.43	64.38	17.32	137.71	73.33	0	
5	17.32	137.71	18.44	230.59	92.89	0	
6	18.44	230.59	18.53	238.01	7.42	0	
7	18.53	238.01	19.00	277.00	39.00	1	6	

3	7	247.421	5
1	16.00	29.00	19.36	41.56	13.00	1	3	
2	19.36	41.56	45.33	138.51	100.37	0	
3	45.33	138.51	66.01	215.74	79.95	1	1	
4	66.01	215.74	78.19	261.24	47.10	0	
5	78.19	261.24	80.00	268.00	7.00	1	7	

3	8	169.800	3
1	16.00	29.00	25.49	37.88	13.00	1	3	
2	25.49	37.88	136.35	141.58	151.80	0	
3	136.35	141.58	140.00	145.00	5.00	1	8	

3	9	29.069	3
1	16.00	29.00	19.61	21.78	8.07	1	3	
2	19.61	21.78	21.81	17.37	4.93	2	3	9	
3	21.81	17.37	29.00	3.00	16.07	1	9	

4	0	168.656	4
1	8.00	59.00	16.42	64.40	10.00	1	4	
2	16.42	64.40	136.55	141.38	142.68	0	
3	136.55	141.38	144.73	146.62	9.71	1	8	
4	144.73	146.62	150.00	150.00	6.26	0	

4	1	126.921	3
1	8.00	59.00	9.73	68.85	10.00	1	4	
2	9.73	68.85	21.68	136.73	68.92	0	
3	21.68	136.73	30.00	184.00	48.00	1	1	

4	2	268.030	3
1	8.00	59.00	14.12	66.91	10.00	1	4	
2	14.12	66.91	160.37	255.97	239.03	0	
3	160.37	255.97	172.00	271.00	19.00	1	2	

4	3	31.048	3
1	8.00	59.00	10.58	49.34	10.00	1	4	
2	10.58	49.34	12.65	41.56	8.05	0	
3	12.65	41.56	16.00	29.00	13.00	1	3	

4	4	0	0

4	5	284.345	3
1	8.00	59.00	15.24	65.89	10.00	1	4	
2	15.24	65.89	212.55	253.62	272.34	0	
3	212.55	253.62	214.00	255.00	2.00	1	5	

4	6	218.277	5
1	8.00	59.00	8.50	68.99	10.00	1	4	
2	8.50	68.99	12.06	139.48	70.58	0	
3	12.06	139.48	16.63	230.10	90.74	0	
4	16.63	230.10	17.03	238.05	7.96	0	
5	17.03	238.05	19.00	277.00	39.00	0	

4	7	221.054	5
1	8.00	59.00	11.26	68.45	10.00	1	4	
2	11.26	68.45	34.60	136.22	71.68	0	
3	34.60	136.22	63.05	218.81	87.35	1	1	
4	63.05	218.81	77.72	261.38	45.03	0	
5	77.72	261.38	80.00	268.00	7.00	1	7	

4	8	157.544	3
1	8.00	59.00	16.38	64.46	10.00	1	4	
2	16.38	64.46	135.81	142.27	142.54	0	
3	135.81	142.27	140.00	145.00	5.00	1	8	

4	9	59.808	5
1	8.00	59.00	11.51	49.64	10.00	1	4	
2	11.51	49.64	14.41	41.90	8.26	0	
3	14.41	41.90	21.63	22.66	20.55	1	3	
4	21.63	22.66	23.29	18.23	4.73	2	3	9	
5	23.29	18.23	29.00	3.00	16.27	1	9	

5	0	122.967	2
1	214.00	255.00	212.96	253.29	2.00	1	5	
2	212.96	253.29	150.00	150.00	120.97	0	

5	1	197.223	3
1	214.00	255.00	212.13	254.28	2.00	1	5	
2	212.13	254.28	74.78	201.28	147.22	0	
3	74.78	201.28	30.00	184.00	48.00	1	1	

5	2	44.944	3
1	214.00	255.00	212.13	255.71	2.00	1	5	
2	212.13	255.71	189.76	264.24	23.94	0	
3	189.76	264.24	172.00	271.00	19.00	1	2	

5	3	300.466	3
1	214.00	255.00	212.68	253.50	2.00	1	5	
2	212.68	253.50	24.57	38.78	285.47	0	
3	24.57	38.78	16.00	29.00	13.00	1	3	

5	4	284.345	3
1	214.00	255.00	212.55	253.62	2.00	1	5	
2	212.55	253.62	15.24	65.89	272.34	0	
3	15.24	65.89	8.00	59.00	10.00	1	4	

5	5	0	0

5	6	196.237	7
1	214.00	255.00	212.01	255.22	2.00	1	5	
2	212.01	255.22	186.00	258.16	26.17	0	
3	186.00	258.16	155.49	261.60	30.71	1	2	
4	155.49	261.60	86.87	269.34	69.05	0	
5	86.87	269.34	73.60	270.84	13.35	1	7	
6	73.60	270.84	57.75	272.63	15.95	0	
7	57.75	272.63	19.00	277.00	39.00	1	6	

5	7	134.629	5
1	214.00	255.00	212.01	255.19	2.00	1	5	
2	212.01	255.19	185.62	257.75	26.51	0	
3	185.62	257.75	156.09	260.62	29.67	1	2	
4	156.09	260.62	86.97	267.32	69.44	0	
5	86.97	267.32	80.00	268.00	7.00	1	7	

5	8	132.575	3
1	214.00	255.00	212.88	253.34	2.00	1	5	
2	212.88	253.34	142.79	149.15	125.57	0	
3	142.79	149.15	140.00	145.00	5.00	1	8	

5	9	312.616	3
1	214.00	255.00	212.82	253.39	2.00	1	5	
2	212.82	253.39	41.43	19.93	289.62	0	
3	41.43	19.93	29.00	3.00	21.00	1	9	

6	0	182.455	2
1	19.00	277.00	47.00	249.85	39.00	1	6	
2	47.00	249.85	150.00	150.00	143.46	0	

6	1	93.648	3
1	19.00	277.00	23.58	238.27	39.00	0	
2	23.58	238.27	24.36	231.67	6.65	0	
3	24.36	231.67	30.00	184.00	48.00	1	1	

6	2	153.118	5
1	19.00	277.00	57.97	275.47	39.00	1	6	
2	57.97	275.47	77.94	274.69	19.98	0	
3	77.94	274.69	82.58	274.51	4.65	1	7	
4	82.58	274.51	153.01	271.74	70.49	0	
5	153.01	271.74	172.00	271.00	19.00	1	2	

6	3	248.018	7
1	19.00	277.00	18.53	238.01	39.00	1	6	
2	18.53	238.01	18.44	230.59	7.42	0	
3	18.44	230.59	17.32	137.71	92.89	0	
4	17.32	137.71	16.43	64.38	73.33	0	
5	16.43	64.38	16.30	53.41	10.97	0	
6	16.30	53.41	16.16	42.00	11.42	0	
7	16.16	42.00	16.00	29.00	13.00	1	3	

6	4	218.277	5
1	19.00	277.00	17.03	238.05	39.00	0	
2	17.03	238.05	16.63	230.10	7.96	0	
3	16.63	230.10	12.06	139.48	90.74	0	
4	12.06	139.48	8.50	68.99	70.58	0	
5	8.50	68.99	8.00	59.00	10.00	1	4	

6	5	196.237	7
1	19.00	277.00	57.75	272.63	39.00	1	6	
2	57.75	272.63	73.60	270.84	15.95	0	
3	73.60	270.84	86.87	269.34	13.35	1	7	
4	86.87	269.34	155.49	261.60	69.05	0	
5	155.49	261.60	186.00	258.16	30.71	1	2	
6	186.00	258.16	212.01	255.22	26.17	0	
7	212.01	255.22	214.00	255.00	2.00	1	5	

6	6	0	0

6	7	61.660	3
1	19.00	277.00	57.58	271.31	39.00	1	6	
2	57.58	271.31	73.08	269.02	15.66	0	
3	73.08	269.02	80.00	268.00	7.00	1	7	

6	8	179.067	3
1	19.00	277.00	45.35	248.25	39.00	1	6	
2	45.35	248.25	136.62	148.69	135.07	0	
3	136.62	148.69	140.00	145.00	5.00	1	8	

6	9	274.182	7
1	19.00	277.00	20.42	238.03	39.00	1	6	
2	20.42	238.03	20.68	231.09	6.95	0	
3	20.68	231.09	24.13	136.36	94.79	0	
4	24.13	136.36	27.86	34.33	102.10	0	
5	27.86	34.33	28.21	24.55	9.79	1	3	
6	28.21	24.55	28.23	23.99	0.56	0	
7	28.23	23.99	29.00	3.00	21.00	1	9	

7	0	137.201	2
1	80.00	268.00	83.57	261.98	7.00	1	7	
2	83.57	261.98	150.00	150.00	130.20	0	

7	1	97.755	3
1	80.00	268.00	76.42	261.98	7.00	1	7	
2	76.42	261.98	54.55	225.25	42.75	0	
3	54.55	225.25	30.00	184.00	48.00	1	1	

7	2	92.049	3
1	80.00	268.00	87.00	268.23	7.00	1	7	
2	87.00	268.23	153.01	270.38	66.05	0	
3	153.01	270.38	172.00	271.00	19.00	1	2	

7	3	247.421	5
1	80.00	268.00	78.19	261.24	7.00	1	7	
2	78.19	261.24	66.01	215.74	47.10	0	
3	66.01	215.74	45.33	138.51	79.95	1	1	
4	45.33	138.51	19.36	41.56	100.37	0	
5	19.36	41.56	16.00	29.00	13.00	1	3	

7	4	221.054	5
1	80.00	268.00	77.72	261.38	7.00	1	7	
2	77.72	261.38	63.05	218.81	45.03	0	
3	63.05	218.81	34.60	136.22	87.35	1	1	
4	34.60	136.22	11.26	68.45	71.68	0	
5	11.26	68.45	8.00	59.00	10.00	1	4	

7	5	134.629	5
1	80.00	268.00	86.97	267.32	7.00	1	7	
2	86.97	267.32	156.09	260.62	69.44	0	
3	156.09	260.62	185.62	257.75	29.67	1	2	
4	185.62	257.75	212.01	255.19	26.51	0	
5	212.01	255.19	214.00	255.00	2.00	1	5	

7	6	61.660	3
1	80.00	268.00	73.08	269.02	7.00	1	7	
2	73.08	269.02	57.58	271.31	15.66	0	
3	57.58	271.31	19.00	277.00	39.00	1	6	

7	7	0	0

7	8	136.854	3
1	80.00	268.00	83.07	261.71	7.00	1	7	
2	83.07	261.71	137.81	149.49	124.85	0	
3	137.81	149.49	140.00	145.00	5.00	1	8	

7	9	269.863	5
1	80.00	268.00	78.68	261.13	7.00	1	7	
2	78.68	261.13	69.17	211.74	50.29	0	
3	69.17	211.74	56.08	143.70	69.29	0	
4	56.08	143.70	32.97	23.62	122.28	0	
5	32.97	23.62	29.00	3.00	21.00	1	9	

8	0	11.180	2
1	140.00	145.00	144.47	147.24	5.00	1	8	
2	144.47	147.24	150.00	150.00	6.18	0	

8	1	116.709	3
1	140.00	145.00	135.29	146.67	5.00	1	8	
2	135.29	146.67	75.24	167.96	63.71	0	
3	75.24	167.96	30.00	184.00	48.00	1	1	

8	2	130.000	3
1	140.00	145.00	141.23	149.85	5.00	1	8	
2	141.23	149.85	167.32	252.58	106.00	0	
3	167.32	252.58	172.00	271.00	19.00	1	2	

8	3	169.800	3
1	140.00	145.00	136.35	141.58	5.00	1	8	
2	136.35	141.58	25.49	37.88	151.80	0	
3	25.49	37.88	16.00	29.00	13.00	1	3	

8	4	157.544	3
1	140.00	145.00	135.81	142.27	5.00	1	8	
2	135.81	142.27	16.38	64.46	142.54	0	
3	16.38	64.46	8.00	59.00	10.00	1	4	

8	5	132.575	3
1	140.00	145.00	142.79	149.15	5.00	1	8	
2	142.79	149.15	212.88	253.34	125.57	0	
3	212.88	253.34	214.00	255.00	2.00	1	5	

8	6	179.067	3
1	140.00	145.00	136.62	148.69	5.00	1	8	
2	136.62	148.69	45.35	248.25	135.07	0	
3	45.35	248.25	19.00	277.00	39.00	1	6	

8	7	136.854	3
1	140.00	145.00	137.81	149.49	5.00	1	8	
2	137.81	149.49	83.07	261.71	124.85	0	
3	83.07	261.71	80.00	268.00	7.00	1	7	

8	8	0	0

8	9	180.236	3
1	140.00	145.00	136.92	141.06	5.00	1	8	
2	136.92	141.06	41.93	19.54	154.24	0	
3	41.93	19.54	29.00	3.00	21.00	1	9	

9	0	190.394	4
1	29.00	3.00	42.35	19.21	21.00	1	9	
2	42.35	19.21	142.18	140.50	157.09	0	
3	142.18	140.50	144.83	143.72	4.18	1	8	
4	144.83	143.72	150.00	150.00	8.13	0	

9	1	181.003	3
1	29.00	3.00	29.12	24.00	21.00	1	9	
2	29.12	24.00	29.73	136.00	112.00	0	
3	29.73	136.00	30.00	184.00	48.00	0	

9	2	303.765	3
1	29.00	3.00	38.89	21.53	21.00	1	9	
2	38.89	21.53	163.06	254.24	263.76	0	
3	163.06	254.24	172.00	271.00	19.00	1	2	

9	3	29.069	3
1	29.00	3.00	21.81	17.37	16.07	1	9	
2	21.81	17.37	19.61	21.78	4.93	2	3	9	
3	19.61	21.78	16.00	29.00	8.07	1	3	

9	4	59.808	5
1	29.00	3.00	23.29	18.23	16.27	1	9	
2	23.29	18.23	21.63	22.66	4.73	2	3	9	
3	21.63	22.66	14.41	41.90	20.55	1	3	
4	14.41	41.90	11.51	49.64	8.26	0	
5	11.51	49.64	8.00	59.00	10.00	1	4	

9	5	312.616	3
1	29.00	3.00	41.43	19.93	21.00	1	9	
2	41.43	19.93	212.82	253.39	289.62	0	
3	212.82	253.39	214.00	255.00	2.00	1	5	

9	6	274.182	7
1	29.00	3.00	28.23	23.99	21.00	1	9	
2	28.23	23.99	28.21	24.55	0.56	0	
3	28.21	24.55	27.86	34.33	9.79	1	3	
4	27.86	34.33	24.13	136.36	102.10	0	
5	24.13	136.36	20.68	231.09	94.79	0	
6	20.68	231.09	20.42	238.03	6.95	0	
7	20.42	238.03	19.00	277.00	39.00	1	6	

9	7	269.863	5
1	29.00	3.00	32.97	23.62	21.00	1	9	
2	32.97	23.62	56.08	143.70	122.28	0	
3	56.08	143.70	69.17	211.74	69.29	0	
4	69.17	211.74	78.68	261.13	50.29	0	
5	78.68	261.13	80.00	268.00	7.00	1	7	

9	8	180.236	3
1	29.00	3.00	41.93	19.54	21.00	1	9	
2	41.93	19.54	136.92	141.06	154.24	0	
3	136.92	141.06	140.00	145.00	5.00	1	8	

9	9	0	0
