10	143	2	0.001	120.0
150.000	150.000	0.000	4.000	0.000
32.000	3.000	39.000	10.000	3.000
172.000	179.000	3.000	7.000	16.000
26.000	150.000	22.000	5.000	4.000
92.000	151.000	46.000	4.000	4.000
14.000	123.000	6.000	4.000	16.000
162.000	33.000	20.000	6.000	7.000
258.000	60.000	25.000	4.000	20.000
18.000	14.000	26.000	9.000	3.000
69.000	265.000	5.000	5.000	2.000

0	0	0	0

0	1	188.502	5
1	150.00	150.00	130.03	125.13	31.89	0	
2	130.03	125.13	125.49	119.46	7.27	1	4	
3	125.49	119.46	56.41	33.41	110.34	0	
4	56.41	33.41	43.75	17.63	20.24	1	1	
5	43.75	17.63	32.00	3.00	18.76	2	1	8	

0	2	36.401	2
1	150.00	150.00	170.19	176.61	33.40	0	
2	170.19	176.61	172.00	179.00	3.00	1	2	

0	3	124.000	4
1	150.00	150.00	137.99	150.00	12.01	0	
2	137.99	150.00	48.00	150.00	89.99	1	4	
3	48.00	150.00	46.01	150.00	1.99	2	3	4	
4	46.01	150.00	26.00	150.00	20.01	1	3	

0	4	58.009	2
1	150.00	150.00	137.99	150.21	12.01	0	
2	137.99	150.21	92.00	151.00	46.00	1	4	

0	5	138.654	4
1	150.00	150.00	137.87	147.59	12.36	0	
2	137.87	147.59	50.91	130.33	88.66	1	4	
3	50.91	130.33	19.89	124.17	31.63	0	
4	19.89	124.17	14.00	123.00	6.00	1	5	

0	6	117.614	2
1	150.00	150.00	159.96	52.90	97.61	0	
2	159.96	52.90	162.00	33.00	20.00	0	

0	7	140.584	2
1	150.00	150.00	238.79	76.00	115.58	0	
2	238.79	76.00	258.00	60.00	25.00	1	7	

0	8	189.526	5
1	150.00	150.00	134.93	134.47	21.64	0	
2	134.93	134.47	109.80	108.58	36.07	1	4	
3	109.80	108.58	43.49	40.27	95.20	0	
4	43.49	40.27	36.11	32.66	10.61	1	1	
5	36.11	32.66	18.00	14.00	26.00	2	1	8	

0	9	140.663	2
1	150.00	150.00	71.88	260.91	135.66	0	
2	71.88	260.91	69.00	265.00	5.00	1	9	

1	0	188.502	5
1	32.00	3.00	43.75	17.63	18.76	2	1	8	
2	43.75	17.63	56.41	33.41	20.24	1	1	
3	56.41	33.41	125.49	119.46	110.34	0	
4	125.49	119.46	130.03	125.13	7.27	1	4	
5	130.03	125.13	150.00	150.00	31.89	0	

1	1	0	0

1	2	224.891	6
1	32.00	3.00	43.73	17.74	18.84	2	1	8	
2	43.73	17.74	56.28	33.52	20.16	1	1	
3	56.28	33.52	121.96	116.10	105.52	0	
4	121.96	116.10	132.75	129.65	17.32	1	4	
5	132.75	129.65	170.13	176.65	60.05	0	
6	170.13	176.65	172.00	179.00	3.00	1	2	

1	3	147.122	4
1	32.00	3.00	30.62	36.73	33.76	2	1	8	
2	30.62	36.73	30.41	41.97	5.24	1	1	
3	30.41	41.97	26.90	128.02	86.12	0	
4	26.90	128.02	26.00	150.00	22.00	1	3	

1	4	159.700	4
1	32.00	3.00	41.21	25.72	24.51	2	1	8	
2	41.21	25.72	46.65	39.14	14.49	1	1	
3	46.65	39.14	74.72	108.37	74.70	0	
4	74.72	108.37	92.00	151.00	46.00	1	4	

1	5	121.342	4
1	32.00	3.00	26.67	38.51	35.91	2	1	8	
2	26.67	38.51	26.21	41.57	3.09	0	
3	26.21	41.57	14.89	117.07	76.34	0	
4	14.89	117.07	14.00	123.00	6.00	1	5	

1	6	133.417	4
1	32.00	3.00	42.55	5.43	10.83	2	1	8	
2	42.55	5.43	70.00	11.77	28.17	1	1	
3	70.00	11.77	142.51	28.50	74.42	0	
4	142.51	28.50	162.00	33.00	20.00	1	6	

1	7	233.077	6
1	32.00	3.00	42.63	5.68	10.97	2	1	8	
2	42.63	5.68	69.82	12.54	28.03	1	1	
3	69.82	12.54	142.12	30.77	74.57	0	
4	142.12	30.77	180.55	40.47	39.63	1	6	
5	180.55	40.47	233.76	53.89	54.87	0	
6	233.76	53.89	258.00	60.00	25.00	1	7	

1	8	17.804	1
1	32.00	3.00	18.00	14.00	17.80	2	1	8	

1	9	264.600	6
1	32.00	3.00	36.18	32.59	29.88	1	1	
2	36.18	32.59	37.45	41.62	9.12	1	1	
3	37.45	41.62	50.19	131.82	91.09	0	
4	50.19	131.82	57.14	181.01	49.68	1	4	
5	57.14	181.01	68.30	260.05	79.82	0	
6	68.30	260.05	69.00	265.00	5.00	1	9	

2	0	36.401	2
1	172.00	179.00	170.19	176.61	3.00	1	2	
2	170.19	176.61	150.00	150.00	33.40	0	

2	1	224.891	6
1	172.00	179.00	170.13	176.65	3.00	1	2	
2	170.13	176.65	132.75	129.65	60.05	0	
3	132.75	129.65	121.96	116.10	17.32	1	4	
4	121.96	116.10	56.28	33.52	105.52	0	
5	56.28	33.52	43.73	17.74	20.16	1	1	
6	43.73	17.74	32.00	3.00	18.84	2	1	8	

2	2	0	0

2	3	148.852	5
1	172.00	179.00	169.06	178.42	3.00	1	2	
2	169.06	178.42	133.27	171.31	36.48	0	
3	133.27	171.31	47.58	154.29	87.37	1	4	
4	47.58	154.29	46.10	153.99	1.51	2	3	4	
5	46.10	153.99	26.00	150.00	20.49	1	3	

2	4	84.758	3
1	172.00	179.00	169.17	178.01	3.00	1	2	
2	169.17	178.01	135.42	166.20	35.76	0	
3	135.42	166.20	92.00	151.00	46.00	1	4	

2	5	167.631	7
1	172.00	179.00	169.17	178.00	3.00	1	2	
2	169.17	178.00	135.47	166.05	35.76	0	
3	135.47	166.05	48.76	135.32	92.00	1	4	
4	48.76	135.32	37.81	131.44	11.61	0	
5	37.81	131.44	28.51	128.14	9.86	1	3	
6	28.51	128.14	19.66	125.00	9.40	0	
7	19.66	125.00	14.00	123.00	6.00	1	5	

2	6	146.342	3
1	172.00	179.00	171.79	176.01	3.00	1	2	
2	171.79	176.01	163.37	52.95	123.34	0	
3	163.37	52.95	162.00	33.00	20.00	0	

2	7	146.823	3
1	172.00	179.00	173.76	176.57	3.00	1	2	
2	173.76	176.57	243.36	80.26	118.82	0	
3	243.36	80.26	258.00	60.00	25.00	1	7	

2	8	225.701	6
1	172.00	179.00	169.95	176.81	3.00	1	2	
2	169.95	176.81	137.01	141.51	48.28	0	
3	137.01	141.51	104.57	106.75	47.55	1	4	
4	104.57	106.75	42.73	40.50	90.63	0	
5	42.73	40.50	35.74	33.01	10.24	1	1	
6	35.74	33.01	18.00	14.00	26.00	2	1	8	

2	9	134.183	3
1	172.00	179.00	169.70	180.92	3.00	1	2	
2	169.70	180.92	72.84	261.80	126.18	0	
3	72.84	261.80	69.00	265.00	5.00	1	9	

3	0	124.000	4
1	26.00	150.00	46.01	150.00	20.01	1	3	
2	46.01	150.00	48.00	150.00	1.99	2	3	4	
3	48.00	150.00	137.99	150.00	89.99	1	4	
4	137.99	150.00	150.00	150.00	12.01	0	

3	1	147.122	4
1	26.00	150.00	26.90	128.02	22.00	1	3	
2	26.90	128.02	30.41	41.97	86.12	0	
3	30.41	41.97	30.62	36.73	5.24	1	1	
4	30.62	36.73	32.00	3.00	33.76	2	1	8	

3	2	148.852	5
1	26.00	150.00	46.10	153.99	20.49	1	3	
2	46.10	153.99	47.58	154.29	1.51	2	3	4	
3	47.58	154.29	133.27	171.31	87.37	1	4	
4	133.27	171.31	169.06	178.42	36.48	0	
5	169.06	178.42	172.00	179.00	3.00	1	2	

3	3	0	0

3	4	66.008	3
1	26.00	150.00	46.01	150.30	20.01	1	3	
2	46.01	150.30	48.00	150.33	1.99	2	3	4	
3	48.00	150.33	92.00	151.00	44.01	1	4	

3	5	29.547	3
1	26.00	150.00	17.07	129.90	22.00	1	3	
2	17.07	129.90	16.44	128.48	1.55	0	
3	16.44	128.48	14.00	123.00	6.00	1	5	

3	6	179.402	5
1	26.00	150.00	42.68	135.65	22.00	1	3	
2	42.68	135.65	52.78	126.96	13.33	0	
3	52.78	126.96	74.09	108.63	28.10	1	4	
4	74.09	108.63	146.84	46.04	95.97	0	
5	146.84	46.04	162.00	33.00	20.00	1	6	

3	7	248.845	5
1	26.00	150.00	46.51	142.04	22.00	1	3	
2	46.51	142.04	46.91	141.89	0.43	0	
3	46.91	141.89	119.15	113.87	77.48	1	4	
4	119.15	113.87	234.69	69.04	123.93	0	
5	234.69	69.04	258.00	60.00	25.00	1	7	

3	8	136.235	4
1	26.00	150.00	24.71	128.04	22.00	0	
2	24.71	128.04	19.53	39.96	88.23	0	
3	19.53	39.96	19.53	39.95	0.00	0	
4	19.53	39.95	18.00	14.00	26.00	1	8	

3	9	122.776	3
1	26.00	150.00	33.71	170.61	22.00	1	3	
2	33.71	170.61	67.25	260.32	95.78	0	
3	67.25	260.32	69.00	265.00	5.00	1	9	

4	0	58.009	2
1	92.00	151.00	137.99	150.21	46.00	1	4	
2	137.99	150.21	150.00	150.00	12.01	0	

4	1	159.700	4
1	92.00	151.00	74.72	108.37	46.00	1	4	
2	74.72	108.37	46.65	39.14	74.70	0	
3	46.65	39.14	41.21	25.72	14.49	1	1	
4	41.21	25.72	32.00	3.00	24.51	2	1	8	

4	2	84.758	3
1	92.00	151.00	135.42	166.20	46.00	1	4	
2	135.42	166.20	169.17	178.01	35.76	0	
3	169.17	178.01	172.00	179.00	3.00	1	2	

4	3	66.008	3
1	92.00	151.00	48.00	150.33	44.01	1	4	
2	48.00	150.33	46.01	150.30	1.99	2	3	4	
3	46.01	150.30	26.00	150.00	20.01	1	3	

4	4	0	0

4	5	82.873	5
1	92.00	151.00	48.70	135.46	46.00	1	4	
2	48.70	135.46	38.18	131.68	11.18	0	
3	38.18	131.68	28.25	128.12	10.55	1	3	
4	28.25	128.12	19.65	125.03	9.14	0	
5	19.65	125.03	14.00	123.00	6.00	1	5	

4	6	137.201	3
1	92.00	151.00	115.47	111.44	46.00	1	4	
2	115.47	111.44	151.80	50.20	71.20	0	
3	151.80	50.20	162.00	33.00	20.00	1	6	

4	7	189.307	3
1	92.00	151.00	132.34	128.89	46.00	1	4	
2	132.34	128.89	236.08	72.02	118.31	0	
3	236.08	72.02	258.00	60.00	25.00	1	7	

4	8	155.708	4
1	92.00	151.00	70.14	110.53	46.00	1	4	
2	70.14	110.53	33.12	41.98	77.90	0	
3	33.12	41.98	30.36	36.88	5.81	1	1	
4	30.36	36.88	18.00	14.00	26.00	2	1	8	

4	9	116.297	3
1	92.00	151.00	82.90	196.09	46.00	1	4	
2	82.90	196.09	69.99	260.10	65.30	0	
3	69.99	260.10	69.00	265.00	5.00	1	9	

5	0	138.654	4
1	14.00	123.00	19.89	124.17	6.00	1	5	
2	19.89	124.17	50.91	130.33	31.63	0	
3	50.91	130.33	137.87	147.59	88.66	1	4	
4	137.87	147.59	150.00	150.00	12.36	0	

5	1	121.342	4
1	14.00	123.00	14.89	117.07	6.00	1	5	
2	14.89	117.07	26.21	41.57	76.34	0	
3	26.21	41.57	26.67	38.51	3.09	0	
4	26.67	38.51	32.00	3.00	35.91	2	1	8	

5	2	167.631	7
1	14.00	123.00	19.66	125.00	6.00	1	5	
2	19.66	125.00	28.51	128.14	9.40	0	
3	28.51	128.14	37.81	131.44	9.86	1	3	
4	37.81	131.44	48.76	135.32	11.61	0	
5	48.76	135.32	135.47	166.05	92.00	1	4	
6	135.47	166.05	169.17	178.00	35.76	0	
7	169.17	178.00	172.00	179.00	3.00	1	2	

5	3	29.547	3
1	14.00	123.00	16.44	128.48	6.00	1	5	
2	16.44	128.48	17.07	129.90	1.55	0	
3	17.07	129.90	26.00	150.00	22.00	1	3	

5	4	82.873	5
1	14.00	123.00	19.65	125.03	6.00	1	5	
2	19.65	125.03	28.25	128.12	9.14	0	
3	28.25	128.12	38.18	131.68	10.55	1	3	
4	38.18	131.68	48.70	135.46	11.18	0	
5	48.70	135.46	92.00	151.00	46.00	1	4	

5	5	0	0

5	6	173.217	3
1	14.00	123.00	19.13	119.88	6.00	1	5	
2	19.13	119.88	144.91	43.39	147.22	0	
3	144.91	43.39	162.00	33.00	20.00	1	6	

5	7	252.002	3
1	14.00	123.00	19.81	121.50	6.00	1	5	
2	19.81	121.50	233.79	66.25	221.00	0	
3	233.79	66.25	258.00	60.00	25.00	1	7	

5	8	109.073	4
1	14.00	123.00	14.22	117.00	6.00	1	5	
2	14.22	117.00	17.05	39.98	77.07	0	
3	17.05	39.98	17.08	39.03	0.95	0	
4	17.08	39.03	18.00	14.00	25.05	1	8	

5	9	152.279	5
1	14.00	123.00	16.17	128.60	6.00	1	5	
2	16.17	128.60	16.73	130.05	1.56	0	
3	16.73	130.05	32.59	170.99	43.91	1	3	
4	32.59	170.99	67.19	260.34	95.81	0	
5	67.19	260.34	69.00	265.00	5.00	1	9	

6	0	117.614	2
1	162.00	33.00	159.96	52.90	20.00	0	
2	159.96	52.90	150.00	150.00	97.61	0	

6	1	133.417	4
1	162.00	33.00	142.51	28.50	20.00	1	6	
2	142.51	28.50	70.00	11.77	74.42	0	
3	70.00	11.77	42.55	5.43	28.17	1	1	
4	42.55	5.43	32.00	3.00	10.83	2	1	8	

6	2	146.342	3
1	162.00	33.00	163.37	52.95	20.00	0	
2	163.37	52.95	171.79	176.01	123.34	0	
3	171.79	176.01	172.00	179.00	3.00	1	2	

6	3	179.402	5
1	162.00	33.00	146.84	46.04	20.00	1	6	
2	146.84	46.04	74.09	108.63	95.97	0	
3	74.09	108.63	52.78	126.96	28.10	1	4	
4	52.78	126.96	42.68	135.65	13.33	0	
5	42.68	135.65	26.00	150.00	22.00	1	3	

6	4	137.201	3
1	162.00	33.00	151.80	50.20	20.00	1	6	
2	151.80	50.20	115.47	111.44	71.20	0	
3	115.47	111.44	92.00	151.00	46.00	1	4	

6	5	173.217	3
1	162.00	33.00	144.91	43.39	20.00	1	6	
2	144.91	43.39	19.13	119.88	147.22	0	
3	19.13	119.88	14.00	123.00	6.00	1	5	

6	6	0	0

6	7	99.725	3
1	162.00	33.00	181.25	38.41	20.00	1	6	
2	181.25	38.41	233.93	53.23	54.72	0	
3	233.93	53.23	258.00	60.00	25.00	1	7	

6	8	145.248	4
1	162.00	33.00	142.17	30.38	20.00	1	6	
2	142.17	30.38	66.88	20.45	75.95	0	
3	66.88	20.45	43.78	17.40	23.30	1	1	
4	43.78	17.40	18.00	14.00	26.00	2	1	8	

6	9	249.946	5
1	162.00	33.00	154.56	51.56	20.00	1	6	
2	154.56	51.56	126.77	120.88	74.68	0	
3	126.77	120.88	96.34	196.79	81.78	1	4	
4	96.34	196.79	70.86	260.36	68.48	0	
5	70.86	260.36	69.00	265.00	5.00	1	9	

7	0	140.584	2
1	258.00	60.00	238.79	76.00	25.00	1	7	
2	238.79	76.00	150.00	150.00	115.58	0	

7	1	233.077	6
1	258.00	60.00	233.76	53.89	25.00	1	7	
2	233.76	53.89	180.55	40.47	54.87	0	
3	180.55	40.47	142.12	30.77	39.63	1	6	
4	142.12	30.77	69.82	12.54	74.57	0	
5	69.82	12.54	42.63	5.68	28.03	1	1	
6	42.63	5.68	32.00	3.00	10.97	2	1	8	

7	2	146.823	3
1	258.00	60.00	243.36	80.26	25.00	1	7	
2	243.36	80.26	173.76	176.57	118.82	0	
3	173.76	176.57	172.00	179.00	3.00	1	2	

7	3	248.845	5
1	258.00	60.00	234.69	69.04	25.00	1	7	
2	234.69	69.04	119.15	113.87	123.93	0	
3	119.15	113.87	46.91	141.89	77.48	1	4	
4	46.91	141.89	46.51	142.04	0.43	0	
5	46.51	142.04	26.00	150.00	22.00	1	3	

7	4	189.307	3
1	258.00	60.00	236.08	72.02	25.00	1	7	
2	236.08	72.02	132.34	128.89	118.31	0	
3	132.34	128.89	92.00	151.00	46.00	1	4	

7	5	252.002	3
1	258.00	60.00	233.79	66.25	25.00	1	7	
2	233.79	66.25	19.81	121.50	221.00	0	
3	19.81	121.50	14.00	123.00	6.00	1	5	

7	6	99.725	3
1	258.00	60.00	233.93	53.23	25.00	1	7	
2	233.93	53.23	181.25	38.41	54.72	0	
3	181.25	38.41	162.00	33.00	20.00	1	6	

7	7	0	0

7	8	244.369	6
1	258.00	60.00	233.45	55.29	25.00	1	7	
2	233.45	55.29	178.22	44.71	56.24	0	
3	178.22	44.71	142.61	37.88	36.26	1	6	
4	142.61	37.88	65.43	23.09	78.58	0	
5	65.43	23.09	43.54	18.89	22.29	1	1	
6	43.54	18.89	18.00	14.00	26.00	2	1	8	

7	9	278.830	3
1	258.00	60.00	241.05	78.38	25.00	1	7	
2	241.05	78.38	72.39	261.32	248.83	0	
3	72.39	261.32	69.00	265.00	5.00	1	9	

8	0	189.526	5
1	18.00	14.00	36.11	32.66	26.00	2	1	8	
2	36.11	32.66	43.49	40.27	10.61	1	1	
3	43.49	40.27	109.80	108.58	95.20	0	
4	109.80	108.58	134.93	134.47	36.07	1	4	
5	134.93	134.47	150.00	150.00	21.64	0	

8	1	17.804	1
1	18.00	14.00	32.00	3.00	17.80	2	1	8	

8	2	225.701	6
1	18.00	14.00	35.74	33.01	26.00	2	1	8	
2	35.74	33.01	42.73	40.50	10.24	1	1	
3	42.73	40.50	104.57	106.75	90.63	0	
4	104.57	106.75	137.01	141.51	47.55	1	4	
5	137.01	141.51	169.95	176.81	48.28	0	
6	169.95	176.81	172.00	179.00	3.00	1	2	

8	3	136.235	4
1	18.00	14.00	19.53	39.95	26.00	1	8	
2	19.53	39.95	19.53	39.96	0.00	0	
3	19.53	39.96	24.71	128.04	88.23	0	
4	24.71	128.04	26.00	150.00	22.00	0	

8	4	155.708	4
1	18.00	14.00	30.36	36.88	26.00	2	1	8	
2	30.36	36.88	33.12	41.98	5.81	1	1	
3	33.12	41.98	70.14	110.53	77.90	0	
4	70.14	110.53	92.00	151.00	46.00	1	4	

8	5	109.073	4
1	18.00	14.00	17.08	39.03	25.05	1	8	
2	17.08	39.03	17.05	39.98	0.95	0	
3	17.05	39.98	14.22	117.00	77.07	0	
4	14.22	117.00	14.00	123.00	6.00	1	5	

8	6	145.248	4
1	18.00	14.00	43.78	17.40	26.00	2	1	8	
2	43.78	17.40	66.88	20.45	23.30	1	1	
3	66.88	20.45	142.17	30.38	75.95	0	
4	142.17	30.38	162.00	33.00	20.00	1	6	

8	7	244.369	6
1	18.00	14.00	43.54	18.89	26.00	2	1	8	
2	43.54	18.89	65.43	23.09	22.29	1	1	
3	65.43	23.09	142.61	37.88	78.58	0	
4	142.61	37.88	178.22	44.71	36.26	1	6	
5	178.22	44.71	233.45	55.29	56.24	0	
6	233.45	55.29	258.00	60.00	25.00	1	7	

8	8	0	0

8	9	256.129	8
1	18.00	14.00	23.18	39.48	26.00	2	1	8	
2	23.18	39.48	23.50	41.06	1.62	1	1	
3	23.50	41.06	42.73	135.71	96.59	0	
4	42.73	135.71	46.01	151.84	16.46	1	3	
5	46.01	151.84	46.98	156.62	4.88	2	3	4	
6	46.98	156.62	49.33	168.17	11.79	1	4	
7	49.33	168.17	68.00	260.10	93.80	0	
8	68.00	260.10	69.00	265.00	5.00	1	9	

9	0	140.663	2
1	69.00	265.00	71.88	260.91	5.00	1	9	
2	71.88	260.91	150.00	150.00	135.66	0	

9	1	264.600	6
1	69.00	265.00	68.30	260.05	5.00	1	9	
2	68.30	260.05	57.14	181.01	79.82	0	
3	57.14	181.01	50.19	131.82	49.68	1	4	
4	50.19	131.82	37.45	41.62	91.09	0	
5	37.45	41.62	36.18	32.59	9.12	1	1	
6	36.18	32.59	32.00	3.00	29.88	1	1	

9	2	134.183	3
1	69.00	265.00	72.84	261.80	5.00	1	9	
2	72.84	261.80	169.70	180.92	126.18	0	
3	169.70	180.92	172.00	179.00	3.00	1	2	

9	3	122.776	3
1	69.00	265.00	67.25	260.32	5.00	1	9	
2	67.25	260.32	33.71	170.61	95.78	0	
3	33.71	170.61	26.00	150.00	22.00	1	3	

9	4	116.297	3
1	69.00	265.00	69.99	260.10	5.00	1	9	
2	69.99	260.10	82.90	196.09	65.30	0	
3	82.90	196.09	92.00	151.00	46.00	1	4	

9	5	152.279	5
1	69.00	265.00	67.19	260.34	5.00	1	9	
2	67.19	260.34	32.59	170.99	95.81	0	
3	32.59	170.99	16.73	130.05	43.91	1	3	
4	16.73	130.05	16.17	128.60	1.56	0	
5	16.17	128.60	14.00	123.00	6.00	1	5	

9	6	249.946	5
1	69.00	265.00	70.86	260.36	5.00	1	9	
2	70.86	260.36	96.34	196.79	68.48	0	
3	96.34	196.79	126.77	120.88	81.78	1	4	
4	126.77	120.88	154.56	51.56	74.68	0	
5	154.56	51.56	162.00	33.00	20.00	1	6	

9	7	278.830	3
1	69.00	265.00	72.39	261.32	5.00	1	9	
2	72.39	261.32	241.05	78.38	248.83	0	
3	241.05	78.38	258.00	60.00	25.00	1	7	

9	8	256.129	8
1	69.00	265.00	68.00	260.10	5.00	1	9	
2	68.00	260.10	49.33	168.17	93.80	0	
3	49.33	168.17	46.98	156.62	11.79	1	4	
4	46.98	156.62	46.01	151.84	4.88	2	3	4	
5	46.01	151.84	42.73	135.71	16.46	1	3	
6	42.73	135.71	23.50	41.06	96.59	0	
7	23.50	41.06	23.18	39.48	1.62	1	1	
8	23.18	39.48	18.00	14.00	26.00	2	1	8	

9	9	0	0