10	137	2	0.001	120.0
150.000	150.000	0.000	8.000	0.000
99.000	20.000	12.000	1.000	7.000
236.000	182.000	29.000	2.000	10.000
221.000	191.000	12.000	7.000	20.000
158.000	37.000	22.000	8.000	16.000
257.000	73.000	15.000	10.000	15.000
5.000	128.000	16.000	9.000	15.000
39.000	294.000	28.000	3.000	12.000
270.000	121.000	47.000	6.000	2.000
193.000	157.000	50.000	2.000	10.000

0	0	0	0

0	1	139.646	3
1	150.00	150.00	146.03	139.87	10.88	1	9	
2	146.03	139.87	103.38	31.17	116.76	0	
3	103.38	31.17	99.00	20.00	12.00	1	1	

0	2	91.761	2
1	150.00	150.00	208.82	171.89	62.76	1	9	
2	208.82	171.89	236.00	182.00	29.00	2	2	9	

0	3	81.988	3
1	150.00	150.00	207.01	182.92	65.84	1	9	
2	207.01	182.92	210.61	185.00	4.15	2	2	9	
3	210.61	185.00	221.00	191.00	12.00	3	2	3	9	

0	4	113.283	3
1	150.00	150.00	151.48	129.15	20.90	1	9	
2	151.48	129.15	156.45	58.94	70.38	0	
3	156.45	58.94	158.00	37.00	22.00	1	4	

0	5	131.826	5
1	150.00	150.00	206.98	108.99	70.20	1	9	
2	206.98	108.99	237.56	86.99	37.68	0	
3	237.56	86.99	244.82	81.76	8.95	1	8	
4	244.82	81.76	248.05	79.44	3.97	2	5	8	
5	248.05	79.44	257.00	73.00	11.03	1	5	

0	6	146.659	3
1	150.00	150.00	143.64	149.03	6.43	1	9	
2	143.64	149.03	20.82	130.40	124.23	0	
3	20.82	130.40	5.00	128.00	16.00	1	6	

0	7	181.816	3
1	150.00	150.00	143.04	159.03	11.40	1	9	
2	143.04	159.03	56.09	271.82	142.42	0	
3	56.09	271.82	39.00	294.00	28.00	1	7	

0	8	123.454	3
1	150.00	150.00	224.32	132.04	76.45	1	9	
2	224.32	132.04	234.77	129.51	10.75	2	8	9	
3	234.77	129.51	270.00	121.00	36.25	1	8	

0	9	43.566	1
1	150.00	150.00	193.00	157.00	43.57	1	9	

1	0	139.646	3
1	99.00	20.00	103.38	31.17	12.00	1	1	
2	103.38	31.17	146.03	139.87	116.76	0	
3	146.03	139.87	150.00	150.00	10.88	1	9	

1	1	0	0

1	2	212.163	4
1	99.00	20.00	106.75	29.16	12.00	1	1	
2	106.75	29.16	175.31	110.23	106.17	0	
3	175.31	110.23	217.27	159.86	64.99	1	9	
4	217.27	159.86	236.00	182.00	29.00	2	2	9	

1	3	210.060	5
1	99.00	20.00	105.97	29.77	12.00	1	1	
2	105.97	29.77	166.49	114.60	104.21	0	
3	166.49	114.60	208.35	173.26	72.06	1	9	
4	208.35	173.26	214.03	181.23	9.79	2	2	9	
5	214.03	181.23	221.00	191.00	12.00	3	2	3	9	

1	4	61.400	3
1	99.00	20.00	110.53	23.32	12.00	1	1	
2	110.53	23.32	136.86	30.91	27.40	0	
3	136.86	30.91	158.00	37.00	22.00	1	4	

1	5	166.652	5
1	99.00	20.00	110.38	23.82	12.00	1	1	
2	110.38	23.82	136.45	32.56	27.50	0	
3	136.45	32.56	177.86	46.45	43.68	1	4	
4	177.86	46.45	242.78	68.23	68.47	0	
5	242.78	68.23	257.00	73.00	15.00	1	5	

1	6	143.178	3
1	99.00	20.00	91.12	29.05	12.00	1	1	
2	91.12	29.05	15.50	115.93	115.18	0	
3	15.50	115.93	5.00	128.00	16.00	1	6	

1	7	280.492	3
1	99.00	20.00	96.43	31.72	12.00	1	1	
2	96.43	31.72	44.99	266.65	240.49	0	
3	44.99	266.65	39.00	294.00	28.00	0	

1	8	198.600	5
1	99.00	20.00	109.33	26.10	12.00	1	1	
2	109.33	26.10	136.63	42.23	31.70	0	
3	136.63	42.23	163.74	58.24	31.49	1	4	
4	163.74	58.24	229.53	97.10	76.41	0	
5	229.53	97.10	270.00	121.00	47.00	1	8	

1	9	166.148	3
1	99.00	20.00	105.79	29.89	12.00	1	1	
2	105.79	29.89	164.71	115.77	104.15	0	
3	164.71	115.77	193.00	157.00	50.00	1	9	

2	0	91.761	2
1	236.00	182.00	208.82	171.89	29.00	2	2	9	
2	208.82	171.89	150.00	150.00	62.76	1	9	

2	1	212.163	4
1	236.00	182.00	217.27	159.86	29.00	2	2	9	
2	217.27	159.86	175.31	110.23	64.99	1	9	
3	175.31	110.23	106.75	29.16	106.17	0	
4	106.75	29.16	99.00	20.00	12.00	1	1	

2	2	0	0

2	3	17.493	2
1	236.00	182.00	231.29	184.83	5.49	2	2	9	
2	231.29	184.83	221.00	191.00	12.00	3	2	3	9	

2	4	164.648	4
1	236.00	182.00	222.26	156.46	29.00	2	2	9	
2	222.26	156.46	195.69	107.07	56.08	1	9	
3	195.69	107.07	168.42	56.37	57.57	0	
4	168.42	56.37	158.00	37.00	22.00	1	4	

2	5	111.005	6
1	236.00	182.00	240.68	157.73	24.72	2	2	9	
2	240.68	157.73	241.49	153.52	4.28	2	8	9	
3	241.49	153.52	242.36	149.01	4.60	2	8	9	
4	242.36	149.01	254.16	87.73	62.40	1	8	
5	254.16	87.73	256.42	76.00	11.94	2	5	8	
6	256.42	76.00	257.00	73.00	3.06	1	5	

2	6	237.228	4
1	236.00	182.00	207.76	175.40	29.00	2	2	9	
2	207.76	175.40	143.11	160.28	66.40	1	9	
3	143.11	160.28	20.58	131.64	125.83	0	
4	20.58	131.64	5.00	128.00	16.00	1	6	

2	7	226.612	6
1	236.00	182.00	231.22	184.72	5.50	2	2	9	
2	231.22	184.72	210.79	196.33	23.50	3	2	3	9	
3	210.79	196.33	210.37	196.57	0.48	2	3	9	
4	210.37	196.57	192.04	206.99	21.08	1	9	
5	192.04	206.99	63.34	280.16	148.05	0	
6	63.34	280.16	39.00	294.00	28.00	1	7	

2	8	69.836	4
1	236.00	182.00	238.96	176.69	6.08	2	2	9	
2	238.96	176.69	247.12	162.05	16.76	1	2	
3	247.12	162.05	250.12	156.67	6.16	2	2	8	
4	250.12	156.67	270.00	121.00	40.84	1	8	

2	9	49.739	2
1	236.00	182.00	210.93	167.42	29.00	2	2	9	
2	210.93	167.42	193.00	157.00	20.74	1	9	

3	0	81.988	3
1	221.00	191.00	210.61	185.00	12.00	3	2	3	9	
2	210.61	185.00	207.01	182.92	4.15	2	2	9	
3	207.01	182.92	150.00	150.00	65.84	1	9	

3	1	210.060	5
1	221.00	191.00	214.03	181.23	12.00	3	2	3	9	
2	214.03	181.23	208.35	173.26	9.79	2	2	9	
3	208.35	173.26	166.49	114.60	72.06	1	9	
4	166.49	114.60	105.97	29.77	104.21	0	
5	105.97	29.77	99.00	20.00	12.00	1	1	

3	2	17.493	2
1	221.00	191.00	231.29	184.83	12.00	3	2	3	9	
2	231.29	184.83	236.00	182.00	5.49	2	2	9	

3	3	0	0

3	4	166.388	5
1	221.00	191.00	216.46	179.89	12.00	3	2	3	9	
2	216.46	179.89	211.18	167.00	13.93	2	2	9	
3	211.18	167.00	186.79	107.39	64.41	1	9	
4	186.79	107.39	166.33	57.36	54.05	0	
5	166.33	57.36	158.00	37.00	22.00	1	4	

3	5	123.369	7
1	221.00	191.00	224.50	179.52	12.00	3	2	3	9	
2	224.50	179.52	232.53	153.21	27.51	2	2	9	
3	232.53	153.21	233.37	150.45	2.88	1	9	
4	233.37	150.45	238.01	135.23	15.91	2	8	9	
5	238.01	135.23	252.62	87.35	50.07	1	8	
6	252.62	87.35	256.05	76.12	11.74	2	5	8	
7	256.05	76.12	257.00	73.00	3.26	1	5	

3	6	225.000	5
1	221.00	191.00	209.48	187.64	12.00	3	2	3	9	
2	209.48	187.64	207.44	187.05	2.12	2	2	9	
3	207.44	187.05	144.38	168.65	65.69	1	9	
4	144.38	168.65	20.36	132.48	129.18	0	
5	20.36	132.48	5.00	128.00	16.00	1	6	

3	7	209.124	5
1	221.00	191.00	210.98	196.67	11.51	3	2	3	9	
2	210.98	196.67	210.56	196.91	0.49	2	3	9	
3	210.56	196.91	192.73	207.00	20.48	1	9	
4	192.73	207.00	63.37	280.21	148.64	0	
5	63.37	280.21	39.00	294.00	28.00	1	7	

3	8	85.446	5
1	221.00	191.00	227.88	181.17	12.00	3	2	3	9	
2	227.88	181.17	242.93	159.67	26.24	2	2	9	
3	242.93	159.67	243.05	159.50	0.21	1	2	
4	243.05	159.50	246.28	154.88	5.64	2	2	8	
5	246.28	154.88	270.00	121.00	41.36	1	8	

3	9	44.045	3
1	221.00	191.00	213.37	181.74	12.00	3	2	3	9	
2	213.37	181.74	207.85	175.03	8.69	2	2	9	
3	207.85	175.03	193.00	157.00	23.36	1	9	

4	0	113.283	3
1	158.00	37.00	156.45	58.94	22.00	1	4	
2	156.45	58.94	151.48	129.15	70.38	0	
3	151.48	129.15	150.00	150.00	20.90	1	9	

4	1	61.400	3
1	158.00	37.00	136.86	30.91	22.00	1	4	
2	136.86	30.91	110.53	23.32	27.40	0	
3	110.53	23.32	99.00	20.00	12.00	1	1	

4	2	164.648	4
1	158.00	37.00	168.42	56.37	22.00	1	4	
2	168.42	56.37	195.69	107.07	57.57	0	
3	195.69	107.07	222.26	156.46	56.08	1	9	
4	222.26	156.46	236.00	182.00	29.00	2	2	9	

4	3	166.388	5
1	158.00	37.00	166.33	57.36	22.00	1	4	
2	166.33	57.36	186.79	107.39	54.05	0	
3	186.79	107.39	211.18	167.00	64.41	1	9	
4	211.18	167.00	216.46	179.89	13.93	2	2	9	
5	216.46	179.89	221.00	191.00	12.00	3	2	3	9	

4	4	0	0

4	5	105.342	3
1	158.00	37.00	178.68	44.52	22.00	1	4	
2	178.68	44.52	242.90	67.87	68.34	0	
3	242.90	67.87	257.00	73.00	15.00	1	5	

4	6	178.017	3
1	158.00	37.00	139.09	48.25	22.00	1	4	
2	139.09	48.25	18.75	119.82	140.02	0	
3	18.75	119.82	5.00	128.00	16.00	1	6	

4	7	283.214	3
1	158.00	37.00	148.76	56.96	22.00	1	4	
2	148.76	56.96	50.77	268.59	233.21	0	
3	50.77	268.59	39.00	294.00	28.00	1	7	

4	8	140.000	3
1	158.00	37.00	175.60	50.20	22.00	1	4	
2	175.60	50.20	232.40	92.80	71.00	0	
3	232.40	92.80	270.00	121.00	47.00	1	8	

4	9	125.000	3
1	158.00	37.00	164.16	58.12	22.00	1	4	
2	164.16	58.12	179.00	109.00	53.00	0	
3	179.00	109.00	193.00	157.00	50.00	1	9	

5	0	131.826	5
1	257.00	73.00	248.05	79.44	11.03	1	5	
2	248.05	79.44	244.82	81.76	3.97	2	5	8	
3	244.82	81.76	237.56	86.99	8.95	1	8	
4	237.56	86.99	206.98	108.99	37.68	0	
5	206.98	108.99	150.00	150.00	70.20	1	9	

5	1	166.652	5
1	257.00	73.00	242.78	68.23	15.00	1	5	
2	242.78	68.23	177.86	46.45	68.47	0	
3	177.86	46.45	136.45	32.56	43.68	1	4	
4	136.45	32.56	110.38	23.82	27.50	0	
5	110.38	23.82	99.00	20.00	12.00	1	1	

5	2	111.005	6
1	257.00	73.00	256.42	76.00	3.06	1	5	
2	256.42	76.00	254.16	87.73	11.94	2	5	8	
3	254.16	87.73	242.36	149.01	62.40	1	8	
4	242.36	149.01	241.49	153.52	4.60	2	8	9	
5	241.49	153.52	240.68	157.73	4.28	2	8	9	
6	240.68	157.73	236.00	182.00	24.72	2	2	9	

5	3	123.369	7
1	257.00	73.00	256.05	76.12	3.26	1	5	
2	256.05	76.12	252.62	87.35	11.74	2	5	8	
3	252.62	87.35	238.01	135.23	50.07	1	8	
4	238.01	135.23	233.37	150.45	15.91	2	8	9	
5	233.37	150.45	232.53	153.21	2.88	1	9	
6	232.53	153.21	224.50	179.52	27.51	2	2	9	
7	224.50	179.52	221.00	191.00	12.00	3	2	3	9	

5	4	105.342	3
1	257.00	73.00	242.90	67.87	15.00	1	5	
2	242.90	67.87	178.68	44.52	68.34	0	
3	178.68	44.52	158.00	37.00	22.00	1	4	

5	5	0	0

5	6	257.932	3
1	257.00	73.00	242.34	76.20	15.00	1	5	
2	242.34	76.20	20.63	124.59	226.93	0	
3	20.63	124.59	5.00	128.00	16.00	1	6	

5	7	310.427	7
1	257.00	73.00	252.80	77.26	5.99	1	5	
2	252.80	77.26	246.47	83.68	9.01	2	5	8	
3	246.47	83.68	226.03	104.40	29.10	1	8	
4	226.03	104.40	217.26	113.28	12.48	0	
5	217.26	113.28	149.62	181.86	96.33	1	9	
6	149.62	181.86	58.66	274.07	129.52	0	
7	58.66	274.07	39.00	294.00	28.00	1	7	

5	8	49.729	3
1	257.00	73.00	257.71	75.63	2.73	1	5	
2	257.71	75.63	260.92	87.48	12.27	2	5	8	
3	260.92	87.48	270.00	121.00	34.73	1	8	

5	9	105.603	5
1	257.00	73.00	254.14	76.76	4.72	1	5	
2	254.14	76.76	247.91	84.93	10.28	2	5	8	
3	247.91	84.93	223.30	117.23	40.60	1	8	
4	223.30	117.23	223.13	117.45	0.28	2	8	9	
5	223.13	117.45	193.00	157.00	49.72	1	9	

6	0	146.659	3
1	5.00	128.00	20.82	130.40	16.00	1	6	
2	20.82	130.40	143.64	149.03	124.23	0	
3	143.64	149.03	150.00	150.00	6.43	1	9	

6	1	143.178	3
1	5.00	128.00	15.50	115.93	16.00	1	6	
2	15.50	115.93	91.12	29.05	115.18	0	
3	91.12	29.05	99.00	20.00	12.00	1	1	

6	2	237.228	4
1	5.00	128.00	20.58	131.64	16.00	1	6	
2	20.58	131.64	143.11	160.28	125.83	0	
3	143.11	160.28	207.76	175.40	66.40	1	9	
4	207.76	175.40	236.00	182.00	29.00	2	2	9	

6	3	225.000	5
1	5.00	128.00	20.36	132.48	16.00	1	6	
2	20.36	132.48	144.38	168.65	129.18	0	
3	144.38	168.65	207.44	187.05	65.69	1	9	
4	207.44	187.05	209.48	187.64	2.12	2	2	9	
5	209.48	187.64	221.00	191.00	12.00	3	2	3	9	

6	4	178.017	3
1	5.00	128.00	18.75	119.82	16.00	1	6	
2	18.75	119.82	139.09	48.25	140.02	0	
3	139.09	48.25	158.00	37.00	22.00	1	4	

6	5	257.932	3
1	5.00	128.00	20.63	124.59	16.00	1	6	
2	20.63	124.59	242.34	76.20	226.93	0	
3	242.34	76.20	257.00	73.00	15.00	1	5	

6	6	0	0

6	7	169.446	3
1	5.00	128.00	8.21	143.67	16.00	1	6	
2	8.21	143.67	33.38	266.57	125.45	0	
3	33.38	266.57	39.00	294.00	28.00	1	7	

6	8	265.092	5
1	5.00	128.00	20.99	127.58	16.00	1	6	
2	20.99	127.58	155.41	124.03	134.47	0	
3	155.41	124.03	223.02	122.24	67.63	1	9	
4	223.02	122.24	228.79	122.09	5.78	2	8	9	
5	228.79	122.09	270.00	121.00	41.22	1	8	

6	9	190.224	3
1	5.00	128.00	20.81	130.44	16.00	1	6	
2	20.81	130.44	143.58	149.38	124.22	0	
3	143.58	149.38	193.00	157.00	50.00	1	9	

7	0	181.816	3
1	39.00	294.00	56.09	271.82	28.00	1	7	
2	56.09	271.82	143.04	159.03	142.42	0	
3	143.04	159.03	150.00	150.00	11.40	1	9	

7	1	280.492	3
1	39.00	294.00	44.99	266.65	28.00	0	
2	44.99	266.65	96.43	31.72	240.49	0	
3	96.43	31.72	99.00	20.00	12.00	1	1	

7	2	226.612	6
1	39.00	294.00	63.34	280.16	28.00	1	7	
2	63.34	280.16	192.04	206.99	148.05	0	
3	192.04	206.99	210.37	196.57	21.08	1	9	
4	210.37	196.57	210.79	196.33	0.48	2	3	9	
5	210.79	196.33	231.22	184.72	23.50	3	2	3	9	
6	231.22	184.72	236.00	182.00	5.50	2	2	9	

7	3	209.124	5
1	39.00	294.00	63.37	280.21	28.00	1	7	
2	63.37	280.21	192.73	207.00	148.64	0	
3	192.73	207.00	210.56	196.91	20.48	1	9	
4	210.56	196.91	210.98	196.67	0.49	2	3	9	
5	210.98	196.67	221.00	191.00	11.51	3	2	3	9	

7	4	283.214	3
1	39.00	294.00	50.77	268.59	28.00	1	7	
2	50.77	268.59	148.76	56.96	233.21	0	
3	148.76	56.96	158.00	37.00	22.00	1	4	

7	5	310.427	7
1	39.00	294.00	58.66	274.07	28.00	1	7	
2	58.66	274.07	149.62	181.86	129.52	0	
3	149.62	181.86	217.26	113.28	96.33	1	9	
4	217.26	113.28	226.03	104.40	12.48	0	
5	226.03	104.40	246.47	83.68	29.10	1	8	
6	246.47	83.68	252.80	77.26	9.01	2	5	8	
7	252.80	77.26	257.00	73.00	5.99	1	5	

7	6	169.446	3
1	39.00	294.00	33.38	266.57	28.00	1	7	
2	33.38	266.57	8.21	143.67	125.45	0	
3	8.21	143.67	5.00	128.00	16.00	1	6	

7	7	0	0

7	8	288.600	7
1	39.00	294.00	61.41	277.22	28.00	1	7	
2	61.41	277.22	165.86	198.99	130.49	0	
3	165.86	198.99	214.43	162.62	60.68	1	9	
4	214.43	162.62	223.47	155.85	11.30	2	2	9	
5	223.47	155.85	232.38	149.17	11.13	1	9	
6	232.38	149.17	240.93	142.77	10.68	2	8	9	
7	240.93	142.77	270.00	121.00	36.32	1	8	

7	9	206.119	3
1	39.00	294.00	59.92	275.39	28.00	1	7	
2	59.92	275.39	155.64	190.23	128.12	0	
3	155.64	190.23	193.00	157.00	50.00	1	9	

8	0	123.454	3
1	270.00	121.00	234.77	129.51	36.25	1	8	
2	234.77	129.51	224.32	132.04	10.75	2	8	9	
3	224.32	132.04	150.00	150.00	76.45	1	9	

8	1	198.600	5
1	270.00	121.00	229.53	97.10	47.00	1	8	
2	229.53	97.10	163.74	58.24	76.41	0	
3	163.74	58.24	136.63	42.23	31.49	1	4	
4	136.63	42.23	109.33	26.10	31.70	0	
5	109.33	26.10	99.00	20.00	12.00	1	1	

8	2	69.836	4
1	270.00	121.00	250.12	156.67	40.84	1	8	
2	250.12	156.67	247.12	162.05	6.16	2	2	8	
3	247.12	162.05	238.96	176.69	16.76	1	2	
4	238.96	176.69	236.00	182.00	6.08	2	2	9	

8	3	85.446	5
1	270.00	121.00	246.28	154.88	41.36	1	8	
2	246.28	154.88	243.05	159.50	5.64	2	2	8	
3	243.05	159.50	242.93	159.67	0.21	1	2	
4	242.93	159.67	227.88	181.17	26.24	2	2	9	
5	227.88	181.17	221.00	191.00	12.00	3	2	3	9	

8	4	140.000	3
1	270.00	121.00	232.40	92.80	47.00	1	8	
2	232.40	92.80	175.60	50.20	71.00	0	
3	175.60	50.20	158.00	37.00	22.00	1	4	

8	5	49.729	3
1	270.00	121.00	260.92	87.48	34.73	1	8	
2	260.92	87.48	257.71	75.63	12.27	2	5	8	
3	257.71	75.63	257.00	73.00	2.73	1	5	

8	6	265.092	5
1	270.00	121.00	228.79	122.09	41.22	1	8	
2	228.79	122.09	223.02	122.24	5.78	2	8	9	
3	223.02	122.24	155.41	124.03	67.63	1	9	
4	155.41	124.03	20.99	127.58	134.47	0	
5	20.99	127.58	5.00	128.00	16.00	1	6	

8	7	288.600	7
1	270.00	121.00	240.93	142.77	36.32	1	8	
2	240.93	142.77	232.38	149.17	10.68	2	8	9	
3	232.38	149.17	223.47	155.85	11.13	1	9	
4	223.47	155.85	214.43	162.62	11.30	2	2	9	
5	214.43	162.62	165.86	198.99	60.68	1	9	
6	165.86	198.99	61.41	277.22	130.49	0	
7	61.41	277.22	39.00	294.00	28.00	1	7	

8	8	0	0

8	9	85.000	3
1	270.00	121.00	238.29	135.82	35.00	1	8	
2	238.29	135.82	227.42	140.91	12.00	2	8	9	
3	227.42	140.91	193.00	157.00	38.00	1	9	

9	0	43.566	1
1	193.00	157.00	150.00	150.00	43.57	1	9	

9	1	166.148	3
1	193.00	157.00	164.71	115.77	50.00	1	9	
2	164.71	115.77	105.79	29.89	104.15	0	
3	105.79	29.89	99.00	20.00	12.00	1	1	

9	2	49.739	2
1	193.00	157.00	210.93	167.42	20.74	1	9	
2	210.93	167.42	236.00	182.00	29.00	2	2	9	

9	3	44.045	3
1	193.00	157.00	207.85	175.03	23.36	1	9	
2	207.85	175.03	213.37	181.74	8.69	2	2	9	
3	213.37	181.74	221.00	191.00	12.00	3	2	3	9	

9	4	125.000	3
1	193.00	157.00	179.00	109.00	50.00	1	9	
2	179.00	109.00	164.16	58.12	53.00	0	
3	164.16	58.12	158.00	37.00	22.00	1	4	

9	5	105.603	5
1	193.00	157.00	223.13	117.45	49.72	1	9	
2	223.13	117.45	223.30	117.23	0.28	2	8	9	
3	223.30	117.23	247.91	84.93	40.60	1	8	
4	247.91	84.93	254.14	76.76	10.28	2	5	8	
5	254.14	76.76	257.00	73.00	4.72	1	5	

9	6	190.224	3
1	193.00	157.00	143.58	149.38	50.00	1	9	
2	143.58	149.38	20.81	130.44	124.22	0	
3	20.81	130.44	5.00	128.00	16.00	1	6	

9	7	206.119	3
1	193.00	157.00	155.64	190.23	50.00	1	9	
2	155.64	190.23	59.92	275.39	128.12	0	
3	59.92	275.39	39.00	294.00	28.00	1	7	

9	8	85.000	3
1	193.00	157.00	227.42	140.91	38.00	1	9	
2	227.42	140.91	238.29	135.82	12.00	2	8	9	
3	238.29	135.82	270.00	121.00	35.00	1	8	

9	9	0	0