10	129	2	0.001	45.0
150.000	150.000	0.000	7.000	0.000
106.000	150.000	12.000	5.000	9.000
227.000	22.000	24.000	7.000	4.000
149.000	27.000	41.000	6.000	19.000
112.000	87.000	35.000	5.000	10.000
140.000	6.000	24.000	5.000	3.000
60.000	98.000	35.000	2.000	9.000
230.000	83.000	25.000	2.000	7.000
248.000	246.000	13.000	4.000	7.000
148.000	224.000	35.000	4.000	16.000
 


0	0	0	0

0	1	44.000	2
1	150.00	150.00	118.00	150.00	32.00	0	
2	118.00	150.00	106.00	150.00	12.00	1	1	

0	2	149.375	2
1	150.00	150.00	214.63	42.57	125.38	0	
2	214.63	42.57	227.00	22.00	24.00	1	2	

0	3	123.004	3
1	150.00	150.00	149.33	68.00	82.01	0	
2	149.33	68.00	149.01	28.24	39.75	1	3	
3	149.01	28.24	149.00	27.00	1.24	2	3	5	

0	4	73.573	2
1	150.00	150.00	130.08	116.97	38.57	0	
2	130.08	116.97	112.00	87.00	35.00	1	4	

0	5	144.347	5
1	150.00	150.00	146.16	94.64	55.49	0	
2	146.16	94.64	144.77	74.71	19.98	0	
3	144.77	74.71	144.29	67.73	7.00	0	
4	144.29	67.73	141.66	29.94	37.88	0	
5	141.66	29.94	140.00	6.00	24.00	1	3	

0	6	103.942	2
1	150.00	150.00	90.31	115.51	68.94	0	
2	90.31	115.51	60.00	98.00	35.00	1	6	

0	7	104.350	2
1	150.00	150.00	210.83	99.05	79.35	0	
2	210.83	99.05	230.00	83.00	25.00	1	7	

0	8	137.186	2
1	150.00	150.00	238.71	236.90	124.19	0	
2	238.71	236.90	248.00	246.00	13.00	1	8	

0	9	74.027	2
1	150.00	150.00	148.95	189.01	39.03	0	
2	148.95	189.01	148.00	224.00	35.00	1	9	

1	0	44.000	2
1	106.00	150.00	118.00	150.00	12.00	1	1	
2	118.00	150.00	150.00	150.00	32.00	0	

1	1	0	0

1	2	176.139	3
1	106.00	150.00	114.24	141.28	12.00	1	1	
2	114.24	141.28	210.51	39.44	140.14	0	
3	210.51	39.44	227.00	22.00	24.00	1	2	

1	3	130.300	6
1	106.00	150.00	109.96	138.67	12.00	1	1	
2	109.96	138.67	115.86	121.79	17.89	0	
3	115.86	121.79	135.47	65.70	59.41	1	4	
4	135.47	65.70	136.70	62.20	3.71	2	3	4	
5	136.70	62.20	148.49	28.45	35.75	1	3	
6	148.49	28.45	149.00	27.00	1.53	2	3	5	

1	4	63.285	3
1	106.00	150.00	107.14	138.05	12.00	1	1	
2	107.14	138.05	108.68	121.84	16.29	0	
3	108.68	121.84	112.00	87.00	35.00	1	4	

1	5	147.959	6
1	106.00	150.00	108.76	138.32	12.00	1	1	
2	108.76	138.32	112.61	121.99	16.78	0	
3	112.61	121.99	126.89	61.53	62.13	1	4	
4	126.89	61.53	128.20	55.98	5.70	2	3	4	
5	128.20	55.98	134.49	29.36	27.35	1	3	
6	134.49	29.36	140.00	6.00	24.00	2	3	5	

1	6	69.426	3
1	106.00	150.00	98.05	141.01	12.00	1	1	
2	98.05	141.01	83.19	124.21	22.43	0	
3	83.19	124.21	60.00	98.00	35.00	1	6	

1	7	140.943	3
1	106.00	150.00	116.56	144.30	12.00	1	1	
2	116.56	144.30	208.01	94.88	103.94	0	
3	208.01	94.88	230.00	83.00	25.00	1	7	

1	8	171.406	3
1	106.00	150.00	115.94	156.72	12.00	1	1	
2	115.94	156.72	237.23	238.72	146.41	0	
3	237.23	238.72	248.00	246.00	13.00	1	8	

1	9	85.088	3
1	106.00	150.00	111.92	160.44	12.00	1	1	
2	111.92	160.44	130.72	193.56	38.09	0	
3	130.72	193.56	148.00	224.00	35.00	1	9	

2	0	149.375	2
1	227.00	22.00	214.63	42.57	24.00	1	2	
2	214.63	42.57	150.00	150.00	125.38	0	

2	1	176.139	3
1	227.00	22.00	210.51	39.44	24.00	1	2	
2	210.51	39.44	114.24	141.28	140.14	0	
3	114.24	141.28	106.00	150.00	12.00	1	1	

2	2	0	0

2	3	78.160	4
1	227.00	22.00	203.05	23.54	24.00	1	2	
2	203.05	23.54	189.92	24.38	13.16	0	
3	189.92	24.38	151.95	26.81	38.04	1	3	
4	151.95	26.81	149.00	27.00	2.96	2	3	5	

2	4	132.098	5
1	227.00	22.00	206.11	33.81	24.00	1	2	
2	206.11	33.81	185.65	45.37	23.49	0	
3	185.65	45.37	145.83	67.88	45.74	1	3	
4	145.83	67.88	142.47	69.78	3.86	0	
5	142.47	69.78	112.00	87.00	35.00	1	4	

2	5	88.459	4
1	227.00	22.00	203.40	17.66	24.00	1	2	
2	203.40	17.66	188.16	14.86	15.49	0	
3	188.16	14.86	163.60	10.34	24.97	1	3	
4	163.60	10.34	140.00	6.00	24.00	2	3	5	

2	6	183.480	7
1	227.00	22.00	205.16	31.94	24.00	1	2	
2	205.16	31.94	187.96	39.77	18.89	0	
3	187.96	39.77	137.30	62.82	55.66	1	3	
4	137.30	62.82	133.03	64.76	4.69	2	3	4	
5	133.03	64.76	91.86	83.50	45.24	1	4	
6	91.86	83.50	77.15	90.20	16.16	2	4	6	
7	77.15	90.20	60.00	98.00	18.84	1	6	

2	7	61.074	3
1	227.00	22.00	228.18	45.97	24.00	1	2	
2	228.18	45.97	228.77	58.03	12.07	0	
3	228.77	58.03	230.00	83.00	25.00	1	7	

2	8	224.982	5
1	227.00	22.00	229.24	45.90	24.00	0	
2	229.24	45.90	230.38	58.00	12.16	0	
3	230.38	58.00	235.01	107.49	49.71	0	
4	235.01	107.49	246.79	233.06	126.12	0	
5	246.79	233.06	248.00	246.00	13.00	1	8	

2	9	216.899	3
1	227.00	22.00	218.26	44.35	24.00	1	2	
2	218.26	44.35	160.75	191.40	157.90	0	
3	160.75	191.40	148.00	224.00	35.00	1	9	

3	0	123.004	3
1	149.00	27.00	149.01	28.24	1.24	2	3	5	
2	149.01	28.24	149.33	68.00	39.75	1	3	
3	149.33	68.00	150.00	150.00	82.01	0	

3	1	130.300	6
1	149.00	27.00	148.49	28.45	1.53	2	3	5	
2	148.49	28.45	136.70	62.20	35.75	1	3	
3	136.70	62.20	135.47	65.70	3.71	2	3	4	
4	135.47	65.70	115.86	121.79	59.41	1	4	
5	115.86	121.79	109.96	138.67	17.89	0	
6	109.96	138.67	106.00	150.00	12.00	1	1	

3	2	78.160	4
1	149.00	27.00	151.95	26.81	2.96	2	3	5	
2	151.95	26.81	189.92	24.38	38.04	1	3	
3	189.92	24.38	203.05	23.54	13.16	0	
4	203.05	23.54	227.00	22.00	24.00	1	2	

3	3	0	0

3	4	70.491	4
1	149.00	27.00	148.00	28.63	1.91	2	3	5	
2	148.00	28.63	130.37	57.21	33.58	1	3	
3	130.37	57.21	127.48	61.90	5.51	2	3	4	
4	127.48	61.90	112.00	87.00	29.49	1	4	

3	5	22.847	1
1	149.00	27.00	140.00	6.00	22.85	2	3	5	

3	6	113.851	6
1	149.00	27.00	146.29	29.16	3.46	2	3	5	
2	146.29	29.16	117.18	52.39	37.24	1	3	
3	117.18	52.39	116.95	52.57	0.29	2	3	4	
4	116.95	52.57	87.36	76.17	37.85	1	4	
5	87.36	76.17	77.10	84.36	13.13	2	4	6	
6	77.10	84.36	60.00	98.00	21.87	1	6	

3	7	98.473	4
1	149.00	27.00	150.11	27.77	1.35	2	3	5	
2	150.11	27.77	182.72	50.32	39.65	1	3	
3	182.72	50.32	209.44	68.78	32.47	0	
4	209.44	68.78	230.00	83.00	25.00	1	7	

3	8	240.337	4
1	149.00	27.00	149.47	28.05	1.15	2	3	5	
2	149.47	28.05	165.89	64.36	39.85	1	3	
3	165.89	64.36	242.65	234.15	186.34	0	
4	242.65	234.15	248.00	246.00	13.00	1	8	

3	9	197.003	4
1	149.00	27.00	148.99	28.26	1.26	1	3	
2	148.99	28.26	148.79	68.00	39.74	1	3	
3	148.79	68.00	148.18	188.99	121.00	0	
4	148.18	188.99	148.00	224.00	35.01	0	

4	0	73.573	2
1	112.00	87.00	130.08	116.97	35.00	1	4	
2	130.08	116.97	150.00	150.00	38.57	0	

4	1	63.285	3
1	112.00	87.00	108.68	121.84	35.00	1	4	
2	108.68	121.84	107.14	138.05	16.29	0	
3	107.14	138.05	106.00	150.00	12.00	1	1	

4	2	132.098	5
1	112.00	87.00	142.47	69.78	35.00	1	4	
2	142.47	69.78	145.83	67.88	3.86	0	
3	145.83	67.88	185.65	45.37	45.74	1	3	
4	185.65	45.37	206.11	33.81	23.49	0	
5	206.11	33.81	227.00	22.00	24.00	1	2	

4	3	70.491	4
1	112.00	87.00	127.48	61.90	29.49	1	4	
2	127.48	61.90	130.37	57.21	5.51	2	3	4	
3	130.37	57.21	148.00	28.63	33.58	1	3	
4	148.00	28.63	149.00	27.00	1.91	2	3	5	

4	4	0	0

4	5	85.703	4
1	112.00	87.00	122.06	57.90	30.78	1	4	
2	122.06	57.90	123.43	53.92	4.22	2	3	4	
3	123.43	53.92	132.16	28.68	26.70	1	3	
4	132.16	28.68	140.00	6.00	24.00	2	3	5	

4	6	53.151	3
1	112.00	87.00	94.24	90.76	18.15	1	4	
2	94.24	90.76	77.76	94.24	16.85	2	4	6	
3	77.76	94.24	60.00	98.00	18.15	1	6	

4	7	118.068	3
1	112.00	87.00	146.98	85.81	35.00	1	4	
2	146.98	85.81	205.01	83.85	58.07	0	
3	205.01	83.85	230.00	83.00	25.00	1	7	

4	8	209.230	3
1	112.00	87.00	134.75	113.60	35.00	1	4	
2	134.75	113.60	239.55	236.12	161.23	0	
3	239.55	236.12	248.00	246.00	13.00	1	8	

4	9	141.651	3
1	112.00	87.00	120.90	120.85	35.00	1	4	
2	120.90	120.85	139.10	190.15	71.65	0	
3	139.10	190.15	148.00	224.00	35.00	1	9	

5	0	144.347	5
1	140.00	6.00	141.66	29.94	24.00	1	3	
2	141.66	29.94	144.29	67.73	37.88	0	
3	144.29	67.73	144.77	74.71	7.00	0	
4	144.77	74.71	146.16	94.64	19.98	0	
5	146.16	94.64	150.00	150.00	55.49	0	

5	1	147.959	6
1	140.00	6.00	134.49	29.36	24.00	2	3	5	
2	134.49	29.36	128.20	55.98	27.35	1	3	
3	128.20	55.98	126.89	61.53	5.70	2	3	4	
4	126.89	61.53	112.61	121.99	62.13	1	4	
5	112.61	121.99	108.76	138.32	16.78	0	
6	108.76	138.32	106.00	150.00	12.00	1	1	

5	2	88.459	4
1	140.00	6.00	163.60	10.34	24.00	2	3	5	
2	163.60	10.34	188.16	14.86	24.97	1	3	
3	188.16	14.86	203.40	17.66	15.49	0	
4	203.40	17.66	227.00	22.00	24.00	1	2	

5	3	22.847	1
1	140.00	6.00	149.00	27.00	22.85	2	3	5	

5	4	85.703	4
1	140.00	6.00	132.16	28.68	24.00	2	3	5	
2	132.16	28.68	123.43	53.92	26.70	1	3	
3	123.43	53.92	122.06	57.90	4.22	2	3	4	
4	122.06	57.90	112.00	87.00	30.78	1	4	

5	5	0	0

5	6	121.918	6
1	140.00	6.00	124.25	24.11	24.00	2	3	5	
2	124.25	24.11	110.20	40.26	21.41	1	3	
3	110.20	40.26	97.11	55.33	19.96	0	
4	97.11	55.33	82.97	71.59	21.55	1	4	
5	82.97	71.59	78.57	76.65	6.71	2	4	6	
6	78.57	76.65	60.00	98.00	28.29	1	6	

5	7	118.444	4
1	140.00	6.00	158.24	21.60	24.00	2	3	5	
2	158.24	21.60	185.76	45.15	36.23	1	3	
3	185.76	45.15	211.00	66.75	33.22	0	
4	211.00	66.75	230.00	83.00	25.00	1	7	

5	8	263.181	4
1	140.00	6.00	149.85	27.89	24.00	2	3	5	
2	149.85	27.89	166.20	64.22	39.84	1	3	
3	166.20	64.22	242.67	234.15	186.34	0	
4	242.67	234.15	248.00	246.00	13.00	1	8	

5	9	218.147	6
1	140.00	6.00	140.88	29.98	24.00	2	3	5	
2	140.88	29.98	142.25	67.44	37.48	1	3	
3	142.25	67.44	142.33	69.54	2.10	0	
4	142.33	69.54	143.53	102.20	32.68	0	
5	143.53	102.20	146.72	189.02	86.89	0	
6	146.72	189.02	148.00	224.00	35.00	1	9	

6	0	103.942	2
1	60.00	98.00	90.31	115.51	35.00	1	6	
2	90.31	115.51	150.00	150.00	68.94	0	

6	1	69.426	3
1	60.00	98.00	83.19	124.21	35.00	1	6	
2	83.19	124.21	98.05	141.01	22.43	0	
3	98.05	141.01	106.00	150.00	12.00	1	1	

6	2	183.480	7
1	60.00	98.00	77.15	90.20	18.84	1	6	
2	77.15	90.20	91.86	83.50	16.16	2	4	6	
3	91.86	83.50	133.03	64.76	45.24	1	4	
4	133.03	64.76	137.30	62.82	4.69	2	3	4	
5	137.30	62.82	187.96	39.77	55.66	1	3	
6	187.96	39.77	205.16	31.94	18.89	0	
7	205.16	31.94	227.00	22.00	24.00	1	2	

6	3	113.851	6
1	60.00	98.00	77.10	84.36	21.87	1	6	
2	77.10	84.36	87.36	76.17	13.13	2	4	6	
3	87.36	76.17	116.95	52.57	37.85	1	4	
4	116.95	52.57	117.18	52.39	0.29	2	3	4	
5	117.18	52.39	146.29	29.16	37.24	1	3	
6	146.29	29.16	149.00	27.00	3.46	2	3	5	

6	4	53.151	3
1	60.00	98.00	77.76	94.24	18.15	1	6	
2	77.76	94.24	94.24	90.76	16.85	2	4	6	
3	94.24	90.76	112.00	87.00	18.15	1	4	

6	5	121.918	6
1	60.00	98.00	78.57	76.65	28.29	1	6	
2	78.57	76.65	82.97	71.59	6.71	2	4	6	
3	82.97	71.59	97.11	55.33	21.55	1	4	
4	97.11	55.33	110.20	40.26	19.96	0	
5	110.20	40.26	124.25	24.11	21.41	1	3	
6	124.25	24.11	140.00	6.00	24.00	2	3	5	

6	6	0	0

6	7	170.660	5
1	60.00	98.00	78.28	96.39	18.35	1	6	
2	78.28	96.39	94.86	94.92	16.65	2	4	6	
3	94.86	94.92	146.84	90.34	52.18	1	4	
4	146.84	90.34	205.10	85.20	58.48	0	
5	205.10	85.20	230.00	83.00	25.00	1	7	

6	8	239.266	3
1	60.00	98.00	87.50	119.65	35.00	1	6	
2	87.50	119.65	237.79	237.96	191.27	0	
3	237.79	237.96	248.00	246.00	13.00	1	8	

6	9	153.688	5
1	60.00	98.00	80.04	126.69	35.00	1	6	
2	80.04	126.69	94.34	147.17	24.97	0	
3	94.34	147.17	104.64	161.92	18.00	1	1	
4	104.64	161.92	127.96	195.31	40.72	0	
5	127.96	195.31	148.00	224.00	35.00	1	9	

7	0	104.350	2
1	230.00	83.00	210.83	99.05	25.00	1	7	
2	210.83	99.05	150.00	150.00	79.35	0	

7	1	140.943	3
1	230.00	83.00	208.01	94.88	25.00	1	7	
2	208.01	94.88	116.56	144.30	103.94	0	
3	116.56	144.30	106.00	150.00	12.00	1	1	

7	2	61.074	3
1	230.00	83.00	228.77	58.03	25.00	1	7	
2	228.77	58.03	228.18	45.97	12.07	0	
3	228.18	45.97	227.00	22.00	24.00	1	2	

7	3	98.473	4
1	230.00	83.00	209.44	68.78	25.00	1	7	
2	209.44	68.78	182.72	50.32	32.47	0	
3	182.72	50.32	150.11	27.77	39.65	1	3	
4	150.11	27.77	149.00	27.00	1.35	2	3	5	

7	4	118.068	3
1	230.00	83.00	205.01	83.85	25.00	1	7	
2	205.01	83.85	146.98	85.81	58.07	0	
3	146.98	85.81	112.00	87.00	35.00	1	4	

7	5	118.444	4
1	230.00	83.00	211.00	66.75	25.00	1	7	
2	211.00	66.75	185.76	45.15	33.22	0	
3	185.76	45.15	158.24	21.60	36.23	1	3	
4	158.24	21.60	140.00	6.00	24.00	2	3	5	

7	6	170.660	5
1	230.00	83.00	205.10	85.20	25.00	1	7	
2	205.10	85.20	146.84	90.34	58.48	0	
3	146.84	90.34	94.86	94.92	52.18	1	4	
4	94.86	94.92	78.28	96.39	16.65	2	4	6	
5	78.28	96.39	60.00	98.00	18.35	1	6	

7	7	0	0

7	8	163.991	3
1	230.00	83.00	232.74	107.85	25.00	0	
2	232.74	107.85	246.57	233.08	125.99	0	
3	246.57	233.08	248.00	246.00	13.00	1	8	

7	9	163.110	3
1	230.00	83.00	217.43	104.61	25.00	1	7	
2	217.43	104.61	165.60	193.74	103.11	0	
3	165.60	193.74	148.00	224.00	35.00	1	9	

8	0	137.186	2
1	248.00	246.00	238.71	236.90	13.00	1	8	
2	238.71	236.90	150.00	150.00	124.19	0	

8	1	171.406	3
1	248.00	246.00	237.23	238.72	13.00	1	8	
2	237.23	238.72	115.94	156.72	146.41	0	
3	115.94	156.72	106.00	150.00	12.00	1	1	

8	2	224.982	5
1	248.00	246.00	246.79	233.06	13.00	1	8	
2	246.79	233.06	235.01	107.49	126.12	0	
3	235.01	107.49	230.38	58.00	49.71	0	
4	230.38	58.00	229.24	45.90	12.16	0	
5	229.24	45.90	227.00	22.00	24.00	0	

8	3	240.337	4
1	248.00	246.00	242.65	234.15	13.00	1	8	
2	242.65	234.15	165.89	64.36	186.34	0	
3	165.89	64.36	149.47	28.05	39.85	1	3	
4	149.47	28.05	149.00	27.00	1.15	2	3	5	

8	4	209.230	3
1	248.00	246.00	239.55	236.12	13.00	1	8	
2	239.55	236.12	134.75	113.60	161.23	0	
3	134.75	113.60	112.00	87.00	35.00	1	4	

8	5	263.181	4
1	248.00	246.00	242.67	234.15	13.00	1	8	
2	242.67	234.15	166.20	64.22	186.34	0	
3	166.20	64.22	149.85	27.89	39.84	1	3	
4	149.85	27.89	140.00	6.00	24.00	2	3	5	

8	6	239.266	3
1	248.00	246.00	237.79	237.96	13.00	1	8	
2	237.79	237.96	87.50	119.65	191.27	0	
3	87.50	119.65	60.00	98.00	35.00	1	6	

8	7	163.991	3
1	248.00	246.00	246.57	233.08	13.00	1	8	
2	246.57	233.08	232.74	107.85	125.99	0	
3	232.74	107.85	230.00	83.00	25.00	0	

8	8	0	0

8	9	102.391	3
1	248.00	246.00	235.30	243.21	13.00	1	8	
2	235.30	243.21	182.18	231.52	54.39	0	
3	182.18	231.52	148.00	224.00	35.00	1	9	

9	0	74.027	2
1	148.00	224.00	148.95	189.01	35.00	1	9	
2	148.95	189.01	150.00	150.00	39.03	0	

9	1	85.088	3
1	148.00	224.00	130.72	193.56	35.00	1	9	
2	130.72	193.56	111.92	160.44	38.09	0	
3	111.92	160.44	106.00	150.00	12.00	1	1	

9	2	216.899	3
1	148.00	224.00	160.75	191.40	35.00	1	9	
2	160.75	191.40	218.26	44.35	157.90	0	
3	218.26	44.35	227.00	22.00	24.00	1	2	

9	3	197.003	4
1	148.00	224.00	148.18	188.99	35.01	0	
2	148.18	188.99	148.79	68.00	121.00	0	
3	148.79	68.00	148.99	28.26	39.74	1	3	
4	148.99	28.26	149.00	27.00	1.26	1	3	

9	4	141.651	3
1	148.00	224.00	139.10	190.15	35.00	1	9	
2	139.10	190.15	120.90	120.85	71.65	0	
3	120.90	120.85	112.00	87.00	35.00	1	4	

9	5	218.147	6
1	148.00	224.00	146.72	189.02	35.00	1	9	
2	146.72	189.02	143.53	102.20	86.89	0	
3	143.53	102.20	142.33	69.54	32.68	0	
4	142.33	69.54	142.25	67.44	2.10	0	
5	142.25	67.44	140.88	29.98	37.48	1	3	
6	140.88	29.98	140.00	6.00	24.00	2	3	5	

9	6	153.688	5
1	148.00	224.00	127.96	195.31	35.00	1	9	
2	127.96	195.31	104.64	161.92	40.72	0	
3	104.64	161.92	94.34	147.17	18.00	1	1	
4	94.34	147.17	80.04	126.69	24.97	0	
5	80.04	126.69	60.00	98.00	35.00	1	6	

9	7	163.110	3
1	148.00	224.00	165.60	193.74	35.00	1	9	
2	165.60	193.74	217.43	104.61	103.11	0	
3	217.43	104.61	230.00	83.00	25.00	1	7	

9	8	102.391	3
1	148.00	224.00	182.18	231.52	35.00	1	9	
2	182.18	231.52	235.30	243.21	54.39	0	
3	235.30	243.21	248.00	246.00	13.00	1	8	

9	9	0	0
