10	185	2	0.001	120.0
150.000	150.000	0.000	5.000	0.000
138.000	127.000	8.000	8.000	1.000
116.000	29.000	44.000	5.000	6.000
80.000	284.000	2.000	7.000	6.000
125.000	30.000	26.000	1.000	12.000
231.000	277.000	46.000	1.000	6.000
125.000	138.000	17.000	7.000	18.000
182.000	297.000	29.000	5.000	6.000
177.000	253.000	10.000	4.000	17.000
132.000	116.000	29.000	2.000	1.000
 


0	0	0	0

0	1	25.942	5
1	150.00	150.00	145.62	141.60	9.47	0	
2	145.62	141.60	141.70	134.09	8.47	1	9	
3	141.70	134.09	141.40	133.51	0.66	2	1	9	
4	141.40	133.51	138.06	127.12	7.21	3	1	6	9	
5	138.06	127.12	138.00	127.00	0.14	2	1	9	

0	2	125.686	7
1	150.00	150.00	147.36	140.60	9.77	0	
2	147.36	140.60	144.75	131.30	9.66	1	9	
3	144.75	131.30	141.52	119.82	11.93	2	1	9	
4	141.52	119.82	132.30	87.00	34.08	1	9	
5	132.30	87.00	127.90	71.36	16.25	0	
6	127.90	71.36	123.58	55.96	16.00	1	2	
7	123.58	55.96	116.00	29.00	28.01	2	2	4	

0	3	151.182	2
1	150.00	150.00	80.93	282.23	149.18	0	
2	80.93	282.23	80.00	284.00	2.00	1	3	

0	4	122.577	7
1	150.00	150.00	147.96	140.21	10.00	0	
2	147.96	140.21	145.68	129.25	11.20	0	
3	145.68	129.25	144.14	121.87	7.54	2	1	9	
4	144.14	121.87	136.96	87.43	35.18	1	9	
5	136.96	87.43	133.23	69.49	18.33	0	
6	133.23	69.49	130.30	55.45	14.34	1	2	
7	130.30	55.45	125.00	30.00	26.00	2	2	4	

0	5	150.632	2
1	150.00	150.00	206.26	238.22	104.63	0	
2	206.26	238.22	231.00	277.00	46.00	1	5	

0	6	27.731	3
1	150.00	150.00	140.33	145.36	10.73	0	
2	140.33	145.36	138.19	144.33	2.37	1	6	
3	138.19	144.33	125.00	138.00	14.63	2	6	9	

0	7	150.443	4
1	150.00	150.00	170.73	245.21	97.44	0	
2	170.73	245.21	174.53	262.69	17.89	1	8	
3	174.53	262.69	175.83	268.66	6.11	0	
4	175.83	268.66	182.00	297.00	29.00	1	7	

0	8	106.480	2
1	150.00	150.00	174.46	243.33	96.48	0	
2	174.46	243.33	177.00	253.00	10.00	1	8	

0	9	38.471	6
1	150.00	150.00	145.57	141.63	9.47	0	
2	145.57	141.63	141.60	134.14	8.47	1	9	
3	141.60	134.14	141.52	133.98	0.19	2	1	9	
4	141.52	133.98	137.61	126.60	8.34	3	1	6	9	
5	137.61	126.60	134.12	120.00	7.47	2	1	9	
6	134.12	120.00	132.00	116.00	4.53	1	9	

1	0	25.942	5
1	138.00	127.00	138.06	127.12	0.14	2	1	9	
2	138.06	127.12	141.40	133.51	7.21	3	1	6	9	
3	141.40	133.51	141.70	134.09	0.66	2	1	9	
4	141.70	134.09	145.62	141.60	8.47	1	9	
5	145.62	141.60	150.00	150.00	9.47	0	

1	1	0	0

1	2	100.439	5
1	138.00	127.00	136.25	119.19	8.00	2	1	9	
2	136.25	119.19	129.05	87.15	32.84	1	9	
3	129.05	87.15	125.64	71.93	15.60	0	
4	125.64	71.93	122.02	55.83	16.50	1	2	
5	122.02	55.83	116.00	29.00	27.50	2	2	4	

1	3	167.371	6
1	138.00	127.00	137.99	127.03	0.03	2	1	9	
2	137.99	127.03	135.23	134.50	7.97	3	1	6	9	
3	135.23	134.50	131.35	144.99	11.18	2	6	9	
4	131.35	144.99	127.74	154.78	10.43	1	6	
5	127.74	154.78	80.69	282.12	135.76	0	
6	80.69	282.12	80.00	284.00	2.00	1	3	

1	4	97.867	5
1	138.00	127.00	136.94	119.07	8.00	2	1	9	
2	136.94	119.07	132.64	87.01	32.35	1	9	
3	132.64	87.01	130.44	70.56	16.59	0	
4	130.44	70.56	128.45	55.77	14.93	1	2	
5	128.45	55.77	125.00	30.00	26.00	1	2	

1	5	176.491	6
1	138.00	127.00	138.11	127.18	0.21	2	1	9	
2	138.11	127.18	140.52	131.07	4.58	3	1	6	9	
3	140.52	131.07	142.22	133.80	3.21	2	1	9	
4	142.22	133.80	146.68	141.01	8.48	1	9	
5	146.68	141.01	206.76	237.90	114.01	0	
6	206.76	237.90	231.00	277.00	46.00	1	5	

1	6	17.029	3
1	138.00	127.00	137.98	127.02	0.03	2	1	9	
2	137.98	127.02	131.89	132.17	7.97	3	1	6	9	
3	131.89	132.17	125.00	138.00	9.03	2	6	9	

1	7	175.602	8
1	138.00	127.00	138.02	127.07	0.07	2	1	9	
2	138.02	127.07	140.00	134.74	7.93	3	1	6	9	
3	140.00	134.74	141.69	141.25	6.72	2	6	9	
4	141.69	141.25	142.18	143.15	1.97	1	9	
5	142.18	143.15	169.04	246.94	107.21	0	
6	169.04	246.94	172.98	262.16	15.72	1	8	
7	172.98	262.16	174.73	268.93	6.99	0	
8	174.73	268.93	182.00	297.00	29.00	1	7	

1	8	131.898	6
1	138.00	127.00	138.02	127.07	0.08	2	1	9	
2	138.02	127.07	140.37	134.64	7.92	3	1	6	9	
3	140.37	134.64	141.92	139.66	5.25	2	6	9	
4	141.92	139.66	142.91	142.87	3.36	1	9	
5	142.91	142.87	174.04	243.45	105.29	0	
6	174.04	243.45	177.00	253.00	10.00	1	8	

1	9	12.530	2
1	138.00	127.00	134.17	119.98	8.00	2	1	9	
2	134.17	119.98	132.00	116.00	4.53	1	9	

2	0	125.686	7
1	116.00	29.00	123.58	55.96	28.01	2	2	4	
2	123.58	55.96	127.90	71.36	16.00	1	2	
3	127.90	71.36	132.30	87.00	16.25	0	
4	132.30	87.00	141.52	119.82	34.08	1	9	
5	141.52	119.82	144.75	131.30	11.93	2	1	9	
6	144.75	131.30	147.36	140.60	9.66	1	9	
7	147.36	140.60	150.00	150.00	9.77	0	

2	1	100.439	5
1	116.00	29.00	122.02	55.83	27.50	2	2	4	
2	122.02	55.83	125.64	71.93	16.50	1	2	
3	125.64	71.93	129.05	87.15	15.60	0	
4	129.05	87.15	136.25	119.19	32.84	1	9	
5	136.25	119.19	138.00	127.00	8.00	2	1	9	

2	2	0	0

2	3	257.529	6
1	116.00	29.00	112.63	52.87	24.11	2	2	4	
2	112.63	52.87	109.85	72.57	19.89	0	
3	109.85	72.57	105.32	104.63	32.38	0	
4	105.32	104.63	103.22	119.54	15.07	1	9	
5	103.22	119.54	80.28	282.02	164.09	0	
6	80.28	282.02	80.00	284.00	2.00	1	3	

2	4	9.055	1
1	116.00	29.00	125.00	30.00	9.06	2	2	4	

2	5	273.366	6
1	116.00	29.00	128.42	55.77	29.51	2	2	4	
2	128.42	55.77	134.51	68.92	14.49	1	2	
3	134.51	68.92	144.13	89.66	22.86	0	
4	144.13	89.66	159.94	123.76	37.59	1	9	
5	159.94	123.76	211.65	235.27	122.91	0	
6	211.65	235.27	231.00	277.00	46.00	1	5	

2	6	109.371	5
1	116.00	29.00	118.15	55.08	26.17	2	2	4	
2	118.15	55.08	119.62	72.85	17.83	1	2	
3	119.62	72.85	120.97	89.18	16.38	0	
4	120.97	89.18	123.60	121.06	31.99	1	9	
5	123.60	121.06	125.00	138.00	17.00	2	6	9	

2	7	276.007	10
1	116.00	29.00	122.62	55.89	27.69	2	2	4	
2	122.62	55.89	126.52	71.72	16.31	0	
3	126.52	71.72	130.30	87.05	15.78	0	
4	130.30	87.05	138.16	119.00	32.91	1	9	
5	138.16	119.00	141.86	134.01	15.45	2	1	9	
6	141.86	134.01	143.93	142.43	8.67	1	9	
7	143.93	142.43	169.53	246.35	107.03	0	
8	169.53	246.35	173.47	262.36	16.48	1	8	
9	173.47	262.36	175.07	268.84	6.68	0	
10	175.07	268.84	182.00	297.00	29.00	1	7	

2	8	232.157	8
1	116.00	29.00	123.34	55.95	27.93	2	2	4	
2	123.34	55.95	127.56	71.45	16.07	1	2	
3	127.56	71.45	131.79	87.00	16.11	0	
4	131.79	87.00	140.63	119.44	33.63	1	9	
5	140.63	119.44	144.10	132.18	13.20	2	1	9	
6	144.10	132.18	146.53	141.10	9.25	1	9	
7	146.53	141.10	174.37	243.35	105.98	0	
8	174.37	243.35	177.00	253.00	10.00	1	8	

2	9	88.459	4
1	116.00	29.00	120.91	55.68	27.12	2	2	4	
2	120.91	55.68	123.96	72.27	16.88	1	2	
3	123.96	72.27	126.75	87.48	15.46	0	
4	126.75	87.48	132.00	116.00	29.00	0	

3	0	151.182	2
1	80.00	284.00	80.93	282.23	2.00	1	3	
2	80.93	282.23	150.00	150.00	149.18	0	

3	1	167.371	6
1	80.00	284.00	80.69	282.12	2.00	1	3	
2	80.69	282.12	127.74	154.78	135.76	0	
3	127.74	154.78	131.35	144.99	10.43	1	6	
4	131.35	144.99	135.23	134.50	11.18	2	6	9	
5	135.23	134.50	137.99	127.03	7.97	3	1	6	9	
6	137.99	127.03	138.00	127.00	0.03	2	1	9	

3	2	257.529	6
1	80.00	284.00	80.28	282.02	2.00	1	3	
2	80.28	282.02	103.22	119.54	164.09	0	
3	103.22	119.54	105.32	104.63	15.07	1	9	
4	105.32	104.63	109.85	72.57	32.38	0	
5	109.85	72.57	112.63	52.87	19.89	0	
6	112.63	52.87	116.00	29.00	24.11	2	2	4	

3	3	0	0

3	4	257.955	6
1	80.00	284.00	80.35	282.03	2.00	1	3	
2	80.35	282.03	107.12	130.90	153.48	0	
3	107.12	130.90	113.76	93.46	38.03	1	9	
4	113.76	93.46	117.39	72.98	20.80	0	
5	117.39	72.98	120.46	55.60	17.65	1	2	
6	120.46	55.60	125.00	30.00	26.00	2	2	4	

3	5	151.162	5
1	80.00	284.00	82.00	283.91	2.00	1	3	
2	82.00	283.91	158.24	280.37	76.32	0	
3	158.24	280.37	185.05	279.13	26.84	1	7	
4	185.05	279.13	204.12	278.25	19.09	2	5	7	
5	204.12	278.25	231.00	277.00	26.91	1	5	

3	6	152.778	4
1	80.00	284.00	80.59	282.09	2.00	1	3	
2	80.59	282.09	119.99	154.25	133.78	0	
3	119.99	154.25	123.26	143.65	11.09	1	6	
4	123.26	143.65	125.00	138.00	5.91	2	6	9	

3	7	102.825	3
1	80.00	284.00	81.98	284.25	2.00	1	3	
2	81.98	284.25	153.23	293.33	71.83	0	
3	153.23	293.33	182.00	297.00	29.00	1	7	

3	8	101.833	3
1	80.00	284.00	81.91	283.39	2.00	1	3	
2	81.91	283.39	167.47	256.04	89.83	0	
3	167.47	256.04	177.00	253.00	10.00	1	8	

3	9	175.864	5
1	80.00	284.00	80.59	282.09	2.00	1	3	
2	80.59	282.09	120.15	154.29	133.78	0	
3	120.15	154.29	123.43	143.70	11.09	1	6	
4	123.43	143.70	130.20	121.81	22.91	2	6	9	
5	130.20	121.81	132.00	116.00	6.09	1	9	

4	0	122.577	7
1	125.00	30.00	130.30	55.45	26.00	2	2	4	
2	130.30	55.45	133.23	69.49	14.34	1	2	
3	133.23	69.49	136.96	87.43	18.33	0	
4	136.96	87.43	144.14	121.87	35.18	1	9	
5	144.14	121.87	145.68	129.25	7.54	2	1	9	
6	145.68	129.25	147.96	140.21	11.20	0	
7	147.96	140.21	150.00	150.00	10.00	0	

4	1	97.867	5
1	125.00	30.00	128.45	55.77	26.00	1	2	
2	128.45	55.77	130.44	70.56	14.93	1	2	
3	130.44	70.56	132.64	87.01	16.59	0	
4	132.64	87.01	136.94	119.07	32.35	1	9	
5	136.94	119.07	138.00	127.00	8.00	2	1	9	

4	2	9.055	1
1	125.00	30.00	116.00	29.00	9.06	2	2	4	

4	3	257.955	6
1	125.00	30.00	120.46	55.60	26.00	2	2	4	
2	120.46	55.60	117.39	72.98	17.65	1	2	
3	117.39	72.98	113.76	93.46	20.80	0	
4	113.76	93.46	107.12	130.90	38.03	1	9	
5	107.12	130.90	80.35	282.03	153.48	0	
6	80.35	282.03	80.00	284.00	2.00	1	3	

4	4	0	0

4	5	268.784	6
1	125.00	30.00	135.25	53.89	26.00	2	2	4	
2	135.25	53.89	140.31	65.67	12.82	1	2	
3	140.31	65.67	153.61	96.66	33.71	0	
4	153.61	96.66	160.91	113.67	18.51	1	9	
5	160.91	113.67	212.86	234.73	131.74	0	
6	212.86	234.73	231.00	277.00	46.00	1	5	

4	6	108.000	5
1	125.00	30.00	125.00	56.00	26.00	2	2	4	
2	125.00	56.00	125.00	72.07	16.07	1	2	
3	125.00	72.07	125.00	87.86	15.79	0	
4	125.00	87.86	125.00	121.00	33.14	1	9	
5	125.00	121.00	125.00	138.00	17.00	2	6	9	

4	7	273.016	10
1	125.00	30.00	130.43	55.43	26.00	2	2	4	
2	130.43	55.43	133.41	69.41	14.30	1	2	
3	133.41	69.41	137.27	87.48	18.48	0	
4	137.27	87.48	144.81	122.81	36.12	1	9	
5	144.81	122.81	145.93	128.05	5.36	2	1	9	
6	145.93	128.05	148.46	139.88	12.10	1	9	
7	148.46	139.88	170.91	245.07	107.56	0	
8	170.91	245.07	174.68	262.73	18.06	1	8	
9	174.68	262.73	175.95	268.64	6.04	0	
10	175.95	268.64	182.00	297.00	29.00	1	7	

4	8	228.983	6
1	125.00	30.00	130.90	55.32	26.00	2	2	4	
2	130.90	55.32	134.12	69.10	14.15	1	2	
3	134.12	69.10	138.46	87.73	19.13	0	
4	138.46	87.73	150.30	138.50	52.13	1	9	
5	150.30	138.50	174.73	243.26	107.57	0	
6	174.73	243.26	177.00	253.00	10.00	1	8	

4	9	86.284	4
1	125.00	30.00	127.11	55.91	26.00	2	2	4	
2	127.11	55.91	128.36	71.23	15.37	1	2	
3	128.36	71.23	129.65	87.10	15.92	0	
4	129.65	87.10	132.00	116.00	29.00	0	

5	0	150.632	2
1	231.00	277.00	206.26	238.22	46.00	1	5	
2	206.26	238.22	150.00	150.00	104.63	0	

5	1	176.491	6
1	231.00	277.00	206.76	237.90	46.00	1	5	
2	206.76	237.90	146.68	141.01	114.01	0	
3	146.68	141.01	142.22	133.80	8.48	1	9	
4	142.22	133.80	140.52	131.07	3.21	2	1	9	
5	140.52	131.07	138.11	127.18	4.58	3	1	6	9	
6	138.11	127.18	138.00	127.00	0.21	2	1	9	

5	2	273.366	6
1	231.00	277.00	211.65	235.27	46.00	1	5	
2	211.65	235.27	159.94	123.76	122.91	0	
3	159.94	123.76	144.13	89.66	37.59	1	9	
4	144.13	89.66	134.51	68.92	22.86	0	
5	134.51	68.92	128.42	55.77	14.49	1	2	
6	128.42	55.77	116.00	29.00	29.51	2	2	4	

5	3	151.162	5
1	231.00	277.00	204.12	278.25	26.91	1	5	
2	204.12	278.25	185.05	279.13	19.09	2	5	7	
3	185.05	279.13	158.24	280.37	26.84	1	7	
4	158.24	280.37	82.00	283.91	76.32	0	
5	82.00	283.91	80.00	284.00	2.00	1	3	

5	4	268.784	6
1	231.00	277.00	212.86	234.73	46.00	1	5	
2	212.86	234.73	160.91	113.67	131.74	0	
3	160.91	113.67	153.61	96.66	18.51	1	9	
4	153.61	96.66	140.31	65.67	33.71	0	
5	140.31	65.67	135.25	53.89	12.82	1	2	
6	135.25	53.89	125.00	30.00	26.00	2	2	4	

5	5	0	0

5	6	174.806	4
1	231.00	277.00	203.11	240.42	46.00	1	5	
2	203.11	240.42	135.31	151.52	111.81	0	
3	135.31	151.52	130.30	144.95	8.26	1	6	
4	130.30	144.95	125.00	138.00	8.74	2	6	9	

5	7	52.924	3
1	231.00	277.00	208.85	286.04	23.92	1	5	
2	208.85	286.04	188.41	294.38	22.08	2	5	7	
3	188.41	294.38	182.00	297.00	6.92	1	7	

5	8	59.093	3
1	231.00	277.00	188.96	258.32	46.00	1	5	
2	188.96	258.32	186.14	257.06	3.09	0	
3	186.14	257.06	177.00	253.00	10.00	1	8	

5	9	189.003	5
1	231.00	277.00	206.91	237.82	46.00	1	5	
2	206.91	237.82	147.19	140.70	114.00	0	
3	147.19	140.70	142.73	133.45	8.51	1	9	
4	142.73	133.45	134.38	119.87	15.95	2	1	9	
5	134.38	119.87	132.00	116.00	4.54	1	9	

6	0	27.731	3
1	125.00	138.00	138.19	144.33	14.63	2	6	9	
2	138.19	144.33	140.33	145.36	2.37	1	6	
3	140.33	145.36	150.00	150.00	10.73	0	

6	1	17.029	3
1	125.00	138.00	131.89	132.17	9.03	2	6	9	
2	131.89	132.17	137.98	127.02	7.97	3	1	6	9	
3	137.98	127.02	138.00	127.00	0.03	2	1	9	

6	2	109.371	5
1	125.00	138.00	123.60	121.06	17.00	2	6	9	
2	123.60	121.06	120.97	89.18	31.99	1	9	
3	120.97	89.18	119.62	72.85	16.38	0	
4	119.62	72.85	118.15	55.08	17.83	1	2	
5	118.15	55.08	116.00	29.00	26.17	2	2	4	

6	3	152.778	4
1	125.00	138.00	123.26	143.65	5.91	2	6	9	
2	123.26	143.65	119.99	154.25	11.09	1	6	
3	119.99	154.25	80.59	282.09	133.78	0	
4	80.59	282.09	80.00	284.00	2.00	1	3	

6	4	108.000	5
1	125.00	138.00	125.00	121.00	17.00	2	6	9	
2	125.00	121.00	125.00	87.86	33.14	1	9	
3	125.00	87.86	125.00	72.07	15.79	0	
4	125.00	72.07	125.00	56.00	16.07	1	2	
5	125.00	56.00	125.00	30.00	26.00	2	2	4	

6	5	174.806	4
1	125.00	138.00	130.30	144.95	8.74	2	6	9	
2	130.30	144.95	135.31	151.52	8.26	1	6	
3	135.31	151.52	203.11	240.42	111.81	0	
4	203.11	240.42	231.00	277.00	46.00	1	5	

6	6	0	0

6	7	168.908	4
1	125.00	138.00	127.38	144.63	7.04	2	6	9	
2	127.38	144.63	130.74	154.00	9.96	1	6	
3	130.74	154.00	172.21	269.70	122.91	0	
4	172.21	269.70	182.00	297.00	29.00	1	7	

6	8	126.210	4
1	125.00	138.00	128.04	144.73	7.38	2	6	9	
2	128.04	144.73	132.00	153.49	9.62	1	6	
3	132.00	153.49	172.88	243.89	99.21	0	
4	172.88	243.89	177.00	253.00	10.00	1	8	

6	9	23.087	2
1	125.00	138.00	130.15	121.80	17.00	2	6	9	
2	130.15	121.80	132.00	116.00	6.09	1	9	

7	0	150.443	4
1	182.00	297.00	175.83	268.66	29.00	1	7	
2	175.83	268.66	174.53	262.69	6.11	0	
3	174.53	262.69	170.73	245.21	17.89	1	8	
4	170.73	245.21	150.00	150.00	97.44	0	

7	1	175.602	8
1	182.00	297.00	174.73	268.93	29.00	1	7	
2	174.73	268.93	172.98	262.16	6.99	0	
3	172.98	262.16	169.04	246.94	15.72	1	8	
4	169.04	246.94	142.18	143.15	107.21	0	
5	142.18	143.15	141.69	141.25	1.97	1	9	
6	141.69	141.25	140.00	134.74	6.72	2	6	9	
7	140.00	134.74	138.02	127.07	7.93	3	1	6	9	
8	138.02	127.07	138.00	127.00	0.07	2	1	9	

7	2	276.007	10
1	182.00	297.00	175.07	268.84	29.00	1	7	
2	175.07	268.84	173.47	262.36	6.68	0	
3	173.47	262.36	169.53	246.35	16.48	1	8	
4	169.53	246.35	143.93	142.43	107.03	0	
5	143.93	142.43	141.86	134.01	8.67	1	9	
6	141.86	134.01	138.16	119.00	15.45	2	1	9	
7	138.16	119.00	130.30	87.05	32.91	1	9	
8	130.30	87.05	126.52	71.72	15.78	0	
9	126.52	71.72	122.62	55.89	16.31	0	
10	122.62	55.89	116.00	29.00	27.69	2	2	4	

7	3	102.825	3
1	182.00	297.00	153.23	293.33	29.00	1	7	
2	153.23	293.33	81.98	284.25	71.83	0	
3	81.98	284.25	80.00	284.00	2.00	1	3	

7	4	273.016	10
1	182.00	297.00	175.95	268.64	29.00	1	7	
2	175.95	268.64	174.68	262.73	6.04	0	
3	174.68	262.73	170.91	245.07	18.06	1	8	
4	170.91	245.07	148.46	139.88	107.56	0	
5	148.46	139.88	145.93	128.05	12.10	1	9	
6	145.93	128.05	144.81	122.81	5.36	2	1	9	
7	144.81	122.81	137.27	87.48	36.12	1	9	
8	137.27	87.48	133.41	69.41	18.48	0	
9	133.41	69.41	130.43	55.43	14.30	1	2	
10	130.43	55.43	125.00	30.00	26.00	2	2	4	

7	5	52.924	3
1	182.00	297.00	188.41	294.38	6.92	1	7	
2	188.41	294.38	208.85	286.04	22.08	2	5	7	
3	208.85	286.04	231.00	277.00	23.92	1	5	

7	6	168.908	4
1	182.00	297.00	172.21	269.70	29.00	1	7	
2	172.21	269.70	130.74	154.00	122.91	0	
3	130.74	154.00	127.38	144.63	9.96	1	6	
4	127.38	144.63	125.00	138.00	7.04	2	6	9	

7	7	0	0

7	8	44.283	3
1	182.00	297.00	178.73	268.19	29.00	1	7	
2	178.73	268.19	178.13	262.94	5.28	0	
3	178.13	262.94	177.00	253.00	10.00	1	8	

7	9	187.779	9
1	182.00	297.00	174.28	269.05	29.00	1	7	
2	174.28	269.05	172.28	261.82	7.50	0	
3	172.28	261.82	168.42	247.86	14.48	1	8	
4	168.42	247.86	140.19	145.64	106.05	0	
5	140.19	145.64	139.72	143.95	1.75	1	6	
6	139.72	143.95	137.24	134.96	9.33	2	6	9	
7	137.24	134.96	134.11	123.65	11.74	3	1	6	9	
8	134.11	123.65	133.26	120.56	3.21	2	1	9	
9	133.26	120.56	132.00	116.00	4.73	1	9	

8	0	106.480	2
1	177.00	253.00	174.46	243.33	10.00	1	8	
2	174.46	243.33	150.00	150.00	96.48	0	

8	1	131.898	6
1	177.00	253.00	174.04	243.45	10.00	1	8	
2	174.04	243.45	142.91	142.87	105.29	0	
3	142.91	142.87	141.92	139.66	3.36	1	9	
4	141.92	139.66	140.37	134.64	5.25	2	6	9	
5	140.37	134.64	138.02	127.07	7.92	3	1	6	9	
6	138.02	127.07	138.00	127.00	0.08	2	1	9	

8	2	232.157	8
1	177.00	253.00	174.37	243.35	10.00	1	8	
2	174.37	243.35	146.53	141.10	105.98	0	
3	146.53	141.10	144.10	132.18	9.25	1	9	
4	144.10	132.18	140.63	119.44	13.20	2	1	9	
5	140.63	119.44	131.79	87.00	33.63	1	9	
6	131.79	87.00	127.56	71.45	16.11	0	
7	127.56	71.45	123.34	55.95	16.07	1	2	
8	123.34	55.95	116.00	29.00	27.93	2	2	4	

8	3	101.833	3
1	177.00	253.00	167.47	256.04	10.00	1	8	
2	167.47	256.04	81.91	283.39	89.83	0	
3	81.91	283.39	80.00	284.00	2.00	1	3	

8	4	228.983	6
1	177.00	253.00	174.73	243.26	10.00	1	8	
2	174.73	243.26	150.30	138.50	107.57	0	
3	150.30	138.50	138.46	87.73	52.13	1	9	
4	138.46	87.73	134.12	69.10	19.13	0	
5	134.12	69.10	130.90	55.32	14.15	1	2	
6	130.90	55.32	125.00	30.00	26.00	2	2	4	

8	5	59.093	3
1	177.00	253.00	186.14	257.06	10.00	1	8	
2	186.14	257.06	188.96	258.32	3.09	0	
3	188.96	258.32	231.00	277.00	46.00	1	5	

8	6	126.210	4
1	177.00	253.00	172.88	243.89	10.00	1	8	
2	172.88	243.89	132.00	153.49	99.21	0	
3	132.00	153.49	128.04	144.73	9.62	1	6	
4	128.04	144.73	125.00	138.00	7.38	2	6	9	

8	7	44.283	3
1	177.00	253.00	178.13	262.94	10.00	1	8	
2	178.13	262.94	178.73	268.19	5.28	0	
3	178.73	268.19	182.00	297.00	29.00	1	7	

8	8	0	0

8	9	144.201	7
1	177.00	253.00	173.88	243.50	10.00	1	8	
2	173.88	243.50	141.06	143.58	105.17	0	
3	141.06	143.58	141.05	143.55	0.03	1	6	
4	141.05	143.55	138.24	135.00	9.01	2	6	9	
5	138.24	135.00	134.62	123.99	11.59	3	1	6	9	
6	134.62	123.99	133.45	120.42	3.75	2	1	9	
7	133.45	120.42	132.00	116.00	4.65	1	9	

9	0	38.471	6
1	132.00	116.00	134.12	120.00	4.53	1	9	
2	134.12	120.00	137.61	126.60	7.47	2	1	9	
3	137.61	126.60	141.52	133.98	8.34	3	1	6	9	
4	141.52	133.98	141.60	134.14	0.19	2	1	9	
5	141.60	134.14	145.57	141.63	8.47	1	9	
6	145.57	141.63	150.00	150.00	9.47	0	

9	1	12.530	2
1	132.00	116.00	134.17	119.98	4.53	1	9	
2	134.17	119.98	138.00	127.00	8.00	2	1	9	

9	2	88.459	4
1	132.00	116.00	126.75	87.48	29.00	0	
2	126.75	87.48	123.96	72.27	15.46	0	
3	123.96	72.27	120.91	55.68	16.88	1	2	
4	120.91	55.68	116.00	29.00	27.12	2	2	4	

9	3	175.864	5
1	132.00	116.00	130.20	121.81	6.09	1	9	
2	130.20	121.81	123.43	143.70	22.91	2	6	9	
3	123.43	143.70	120.15	154.29	11.09	1	6	
4	120.15	154.29	80.59	282.09	133.78	0	
5	80.59	282.09	80.00	284.00	2.00	1	3	

9	4	86.284	4
1	132.00	116.00	129.65	87.10	29.00	0	
2	129.65	87.10	128.36	71.23	15.92	0	
3	128.36	71.23	127.11	55.91	15.37	1	2	
4	127.11	55.91	125.00	30.00	26.00	2	2	4	

9	5	189.003	5
1	132.00	116.00	134.38	119.87	4.54	1	9	
2	134.38	119.87	142.73	133.45	15.95	2	1	9	
3	142.73	133.45	147.19	140.70	8.51	1	9	
4	147.19	140.70	206.91	237.82	114.00	0	
5	206.91	237.82	231.00	277.00	46.00	1	5	

9	6	23.087	2
1	132.00	116.00	130.15	121.80	6.09	1	9	
2	130.15	121.80	125.00	138.00	17.00	2	6	9	

9	7	187.779	9
1	132.00	116.00	133.26	120.56	4.73	1	9	
2	133.26	120.56	134.11	123.65	3.21	2	1	9	
3	134.11	123.65	137.24	134.96	11.74	3	1	6	9	
4	137.24	134.96	139.72	143.95	9.33	2	6	9	
5	139.72	143.95	140.19	145.64	1.75	1	6	
6	140.19	145.64	168.42	247.86	106.05	0	
7	168.42	247.86	172.28	261.82	14.48	1	8	
8	172.28	261.82	174.28	269.05	7.50	0	
9	174.28	269.05	182.00	297.00	29.00	1	7	

9	8	144.201	7
1	132.00	116.00	133.45	120.42	4.65	1	9	
2	133.45	120.42	134.62	123.99	3.75	2	1	9	
3	134.62	123.99	138.24	135.00	11.59	3	1	6	9	
4	138.24	135.00	141.05	143.55	9.01	2	6	9	
5	141.05	143.55	141.06	143.58	0.03	1	6	
6	141.06	143.58	173.88	243.50	105.17	0	
7	173.88	243.50	177.00	253.00	10.00	1	8	

9	9	0	0
