10	146	2	0.001	90.0
150.000	150.000	0.000	1.000	0.000
262.000	204.000	7.000	1.000	18.000
30.000	105.000	49.000	7.000	11.000
87.000	109.000	8.000	3.000	18.000
209.000	82.000	45.000	1.000	10.000
30.000	148.000	5.000	6.000	7.000
31.000	185.000	28.000	7.000	5.000
76.000	170.000	32.000	9.000	14.000
183.000	188.000	47.000	10.000	6.000
144.000	102.000	24.000	3.000	16.000

0	0	0	0

0	1	124.338	4
1	150.00	150.00	153.29	151.58	3.65	0	
2	153.29	151.58	230.00	188.57	85.16	1	8	
3	230.00	188.57	255.69	200.96	28.53	0	
4	255.69	200.96	262.00	204.00	7.00	1	1	

0	2	128.160	2
1	150.00	150.00	75.88	122.20	79.16	0	
2	75.88	122.20	30.00	105.00	49.00	1	2	

0	3	75.166	2
1	150.00	150.00	93.71	113.36	67.17	0	
2	93.71	113.36	87.00	109.00	8.00	1	3	

0	4	90.028	2
1	150.00	150.00	179.51	115.99	45.03	0	
2	179.51	115.99	209.00	82.00	45.00	1	4	

0	5	120.017	5
1	150.00	150.00	100.29	149.17	49.71	0	
2	100.29	149.17	52.79	148.38	47.51	1	7	
3	52.79	148.38	52.41	148.37	0.37	2	2	7	
4	52.41	148.37	35.00	148.08	17.42	1	2	
5	35.00	148.08	30.00	148.00	5.00	2	2	5	

0	6	124.040	4
1	150.00	150.00	107.13	162.61	44.68	0	
2	107.13	162.61	57.86	177.10	51.36	1	7	
3	57.86	177.10	45.82	180.64	12.55	2	6	7	
4	45.82	180.64	31.00	185.00	15.45	1	6	

0	7	76.655	2
1	150.00	150.00	106.89	161.65	44.66	0	
2	106.89	161.65	76.00	170.00	32.00	1	7	

0	8	50.329	2
1	150.00	150.00	152.18	152.51	3.33	0	
2	152.18	152.51	183.00	188.00	47.00	1	8	

0	9	48.374	2
1	150.00	150.00	146.98	125.81	24.37	0	
2	146.98	125.81	144.00	102.00	24.00	1	9	

1	0	124.338	4
1	262.00	204.00	255.69	200.96	7.00	1	1	
2	255.69	200.96	230.00	188.57	28.53	0	
3	230.00	188.57	153.29	151.58	85.16	1	8	
4	153.29	151.58	150.00	150.00	3.65	0	

1	1	0	0

1	2	252.240	5
1	262.00	204.00	255.56	201.25	7.00	1	1	
2	255.56	201.25	229.94	190.32	27.85	0	
3	229.94	190.32	148.84	155.71	88.17	1	8	
4	148.84	155.71	75.07	124.23	80.21	0	
5	75.07	124.23	30.00	105.00	49.00	1	2	

1	3	199.123	5
1	262.00	204.00	255.85	200.66	7.00	1	1	
2	255.85	200.66	229.98	186.62	29.43	0	
3	229.98	186.62	158.57	147.85	81.26	1	8	
4	158.57	147.85	94.03	112.82	73.43	0	
5	94.03	112.82	87.00	109.00	8.00	1	3	

1	4	133.015	3
1	262.00	204.00	259.21	197.58	7.00	1	1	
2	259.21	197.58	226.93	123.27	81.01	0	
3	226.93	123.27	209.00	82.00	45.00	1	4	

1	5	238.663	8
1	262.00	204.00	255.20	202.36	7.00	1	1	
2	255.20	202.36	229.30	196.11	26.64	0	
3	229.30	196.11	138.10	174.09	93.81	1	8	
4	138.10	174.09	107.84	166.79	31.14	0	
5	107.84	166.79	49.13	152.62	60.39	1	7	
6	49.13	152.62	45.05	151.63	4.20	0	
7	45.05	151.63	34.86	149.17	10.48	1	2	
8	34.86	149.17	30.00	148.00	5.00	2	2	5	

1	6	231.780	7
1	262.00	204.00	255.02	203.43	7.00	1	1	
2	255.02	203.43	228.10	201.21	27.01	0	
3	228.10	201.21	136.34	193.66	92.07	1	8	
4	136.34	193.66	100.40	190.71	36.07	0	
5	100.40	190.71	58.91	187.30	41.63	1	7	
6	58.91	187.30	48.55	186.44	10.39	2	6	7	
7	48.55	186.44	31.00	185.00	17.61	1	6	

1	7	189.082	5
1	262.00	204.00	255.11	202.74	7.00	1	1	
2	255.11	202.74	228.93	197.96	26.61	0	
3	228.93	197.96	136.51	181.06	93.95	1	8	
4	136.51	181.06	107.48	175.75	29.52	0	
5	107.48	175.75	76.00	170.00	32.00	1	7	

1	8	80.604	3
1	262.00	204.00	255.14	202.61	7.00	1	1	
2	255.14	202.61	229.06	197.33	26.60	0	
3	229.06	197.33	183.00	188.00	47.00	1	8	

1	9	155.974	5
1	262.00	204.00	256.70	199.42	7.00	1	1	
2	256.70	199.42	228.07	174.67	37.85	0	
3	228.07	174.67	189.67	141.48	50.76	1	8	
4	189.67	141.48	162.16	117.69	36.36	0	
5	162.16	117.69	144.00	102.00	24.00	1	9	

2	0	128.160	2
1	30.00	105.00	75.88	122.20	49.00	1	2	
2	75.88	122.20	150.00	150.00	79.16	0	

2	1	252.240	5
1	30.00	105.00	75.07	124.23	49.00	1	2	
2	75.07	124.23	148.84	155.71	80.21	0	
3	148.84	155.71	229.94	190.32	88.17	1	8	
4	229.94	190.32	255.56	201.25	27.85	0	
5	255.56	201.25	262.00	204.00	7.00	1	1	

2	2	0	0

2	3	57.140	3
1	30.00	105.00	78.88	108.43	49.00	1	2	
2	78.88	108.43	79.02	108.44	0.14	0	
3	79.02	108.44	87.00	109.00	8.00	1	3	

2	4	180.472	5
1	30.00	105.00	78.60	98.76	49.00	1	2	
2	78.60	98.76	121.66	93.22	43.42	0	
3	121.66	93.22	163.39	87.86	42.07	1	9	
4	163.39	87.86	164.37	87.73	0.98	0	
5	164.37	87.73	209.00	82.00	45.00	1	4	

2	5	43.000	2
1	30.00	105.00	30.00	143.00	38.00	1	2	
2	30.00	143.00	30.00	148.00	5.00	2	2	5	

2	6	80.006	5
1	30.00	105.00	30.48	143.02	38.03	1	2	
2	30.48	143.02	30.60	152.96	9.94	2	2	5	
3	30.60	152.96	30.61	154.00	1.04	0	
4	30.61	154.00	30.65	157.00	3.00	0	
5	30.65	157.00	31.00	185.00	28.00	0	

2	7	79.630	3
1	30.00	105.00	57.51	143.88	47.63	1	2	
2	57.51	143.88	58.31	145.00	1.37	2	2	7	
3	58.31	145.00	76.00	170.00	30.63	1	7	

2	8	174.063	3
1	30.00	105.00	73.07	128.37	49.00	1	2	
2	73.07	128.37	141.69	165.59	78.06	0	
3	141.69	165.59	183.00	188.00	47.00	1	8	

2	9	114.039	5
1	30.00	105.00	78.98	103.71	49.00	1	2	
2	78.98	103.71	81.05	103.66	2.06	0	
3	81.05	103.66	92.66	103.35	11.62	1	3	
4	92.66	103.35	120.01	102.63	27.35	0	
5	120.01	102.63	144.00	102.00	24.00	1	9	

3	0	75.166	2
1	87.00	109.00	93.71	113.36	8.00	1	3	
2	93.71	113.36	150.00	150.00	67.17	0	

3	1	199.123	5
1	87.00	109.00	94.03	112.82	8.00	1	3	
2	94.03	112.82	158.57	147.85	73.43	0	
3	158.57	147.85	229.98	186.62	81.26	1	8	
4	229.98	186.62	255.85	200.66	29.43	0	
5	255.85	200.66	262.00	204.00	7.00	1	1	

3	2	57.140	3
1	87.00	109.00	79.02	108.44	8.00	1	3	
2	79.02	108.44	78.88	108.43	0.14	0	
3	78.88	108.43	30.00	105.00	49.00	1	2	

3	3	0	0

3	4	124.952	5
1	87.00	109.00	94.81	107.27	8.00	1	3	
2	94.81	107.27	120.00	101.70	25.80	0	
3	120.00	101.70	165.06	91.72	46.15	1	9	
4	165.06	91.72	165.63	91.60	0.58	2	4	9	
5	165.63	91.60	209.00	82.00	44.42	1	4	

3	5	69.065	4
1	87.00	109.00	80.40	113.52	8.00	1	3	
2	80.40	113.52	77.92	115.21	3.00	0	
3	77.92	115.21	34.13	145.18	53.07	1	2	
4	34.13	145.18	30.00	148.00	5.00	2	2	5	

3	6	94.403	7
1	87.00	109.00	82.25	115.44	8.00	1	3	
2	82.25	115.44	73.88	126.80	14.11	0	
3	73.88	126.80	63.87	140.39	16.87	1	2	
4	63.87	140.39	63.82	140.45	0.08	2	2	7	
5	63.82	140.45	47.61	162.46	27.33	1	7	
6	47.61	162.46	44.12	167.19	5.88	2	6	7	
7	44.12	167.19	31.00	185.00	22.12	1	6	

3	7	61.984	3
1	87.00	109.00	85.58	116.87	8.00	1	3	
2	85.58	116.87	81.68	138.51	21.98	0	
3	81.68	138.51	76.00	170.00	32.00	1	7	

3	8	124.326	3
1	87.00	109.00	93.18	114.08	8.00	1	3	
2	93.18	114.08	146.71	158.13	69.33	0	
3	146.71	158.13	183.00	188.00	47.00	1	8	

3	9	57.428	3
1	87.00	109.00	94.94	108.02	8.00	1	3	
2	94.94	108.02	120.18	104.93	25.43	0	
3	120.18	104.93	144.00	102.00	24.00	1	9	

4	0	90.028	2
1	209.00	82.00	179.51	115.99	45.00	1	4	
2	179.51	115.99	150.00	150.00	45.03	0	

4	1	133.015	3
1	209.00	82.00	226.93	123.27	45.00	1	4	
2	226.93	123.27	259.21	197.58	81.01	0	
3	259.21	197.58	262.00	204.00	7.00	1	1	

4	2	180.472	5
1	209.00	82.00	164.37	87.73	45.00	1	4	
2	164.37	87.73	163.39	87.86	0.98	0	
3	163.39	87.86	121.66	93.22	42.07	1	9	
4	121.66	93.22	78.60	98.76	43.42	0	
5	78.60	98.76	30.00	105.00	49.00	1	2	

4	3	124.952	5
1	209.00	82.00	165.63	91.60	44.42	1	4	
2	165.63	91.60	165.06	91.72	0.58	2	4	9	
3	165.06	91.72	120.00	101.70	46.15	1	9	
4	120.00	101.70	94.81	107.27	25.80	0	
5	94.81	107.27	87.00	109.00	8.00	1	3	

4	4	0	0

4	5	190.780	6
1	209.00	82.00	167.53	97.29	44.20	1	4	
2	167.53	97.29	166.78	97.57	0.80	2	4	9	
3	166.78	97.57	123.04	113.69	46.62	1	9	
4	123.04	113.69	70.05	133.23	56.48	0	
5	70.05	133.23	34.69	146.27	37.68	1	2	
6	34.69	146.27	30.00	148.00	5.00	2	2	5	

4	6	205.653	7
1	209.00	82.00	170.05	104.54	45.00	1	4	
2	170.05	104.54	167.68	105.91	2.74	0	
3	167.68	105.91	135.59	124.48	37.07	1	9	
4	135.59	124.48	97.65	146.43	43.84	0	
5	97.65	146.43	55.23	170.98	49.00	1	7	
6	55.23	170.98	44.78	177.03	12.08	2	6	7	
7	44.78	177.03	31.00	185.00	15.92	1	6	

4	7	159.477	5
1	209.00	82.00	171.47	106.83	45.00	1	4	
2	171.47	106.83	166.61	110.05	5.83	0	
3	166.61	110.05	142.56	125.96	28.83	1	9	
4	142.56	125.96	102.69	152.34	47.82	0	
5	102.69	152.34	76.00	170.00	32.00	1	7	

4	8	109.142	3
1	209.00	82.00	198.28	125.70	45.00	0	
2	198.28	125.70	194.20	142.35	17.14	0	
3	194.20	142.35	183.00	188.00	47.00	1	8	

4	9	68.007	3
1	209.00	82.00	166.94	94.94	44.01	1	4	
2	166.94	94.94	165.99	95.23	0.99	2	4	9	
3	165.99	95.23	144.00	102.00	23.01	1	9	

5	0	120.017	5
1	30.00	148.00	35.00	148.08	5.00	2	2	5	
2	35.00	148.08	52.41	148.37	17.42	1	2	
3	52.41	148.37	52.79	148.38	0.37	2	2	7	
4	52.79	148.38	100.29	149.17	47.51	1	7	
5	100.29	149.17	150.00	150.00	49.71	0	

5	1	238.663	8
1	30.00	148.00	34.86	149.17	5.00	2	2	5	
2	34.86	149.17	45.05	151.63	10.48	1	2	
3	45.05	151.63	49.13	152.62	4.20	0	
4	49.13	152.62	107.84	166.79	60.39	1	7	
5	107.84	166.79	138.10	174.09	31.14	0	
6	138.10	174.09	229.30	196.11	93.81	1	8	
7	229.30	196.11	255.20	202.36	26.64	0	
8	255.20	202.36	262.00	204.00	7.00	1	1	

5	2	43.000	2
1	30.00	148.00	30.00	143.00	5.00	2	2	5	
2	30.00	143.00	30.00	105.00	38.00	1	2	

5	3	69.065	4
1	30.00	148.00	34.13	145.18	5.00	2	2	5	
2	34.13	145.18	77.92	115.21	53.07	1	2	
3	77.92	115.21	80.40	113.52	3.00	0	
4	80.40	113.52	87.00	109.00	8.00	1	3	

5	4	190.780	6
1	30.00	148.00	34.69	146.27	5.00	2	2	5	
2	34.69	146.27	70.05	133.23	37.68	1	2	
3	70.05	133.23	123.04	113.69	56.48	0	
4	123.04	113.69	166.78	97.57	46.62	1	9	
5	166.78	97.57	167.53	97.29	0.80	2	4	9	
6	167.53	97.29	209.00	82.00	44.20	1	4	

5	5	0	0

5	6	37.014	4
1	30.00	148.00	30.14	153.00	5.00	2	2	5	
2	30.14	153.00	30.16	154.00	1.00	0	
3	30.16	154.00	30.24	157.01	3.01	0	
4	30.24	157.01	31.00	185.00	28.00	0	

5	7	50.990	4
1	30.00	148.00	34.51	150.16	5.00	2	2	5	
2	34.51	150.16	40.27	152.91	6.38	1	2	
3	40.27	152.91	47.13	156.19	7.61	0	
4	47.13	156.19	76.00	170.00	32.00	1	7	

5	8	158.142	6
1	30.00	148.00	34.84	149.26	5.00	2	2	5	
2	34.84	149.26	44.53	151.80	10.01	1	2	
3	44.53	151.80	48.92	152.95	4.54	0	
4	48.92	152.95	107.96	168.38	61.02	1	7	
5	107.96	168.38	137.53	176.11	30.56	0	
6	137.53	176.11	183.00	188.00	47.00	1	8	

5	9	122.931	4
1	30.00	148.00	34.64	146.13	5.00	2	2	5	
2	34.64	146.13	71.33	131.32	39.57	1	2	
3	71.33	131.32	121.74	110.98	54.36	0	
4	121.74	110.98	144.00	102.00	24.00	1	9	

6	0	124.040	4
1	31.00	185.00	45.82	180.64	15.45	1	6	
2	45.82	180.64	57.86	177.10	12.55	2	6	7	
3	57.86	177.10	107.13	162.61	51.36	1	7	
4	107.13	162.61	150.00	150.00	44.68	0	

6	1	231.780	7
1	31.00	185.00	48.55	186.44	17.61	1	6	
2	48.55	186.44	58.91	187.30	10.39	2	6	7	
3	58.91	187.30	100.40	190.71	41.63	1	7	
4	100.40	190.71	136.34	193.66	36.07	0	
5	136.34	193.66	228.10	201.21	92.07	1	8	
6	228.10	201.21	255.02	203.43	27.01	0	
7	255.02	203.43	262.00	204.00	7.00	1	1	

6	2	80.006	5
1	31.00	185.00	30.65	157.00	28.00	0	
2	30.65	157.00	30.61	154.00	3.00	0	
3	30.61	154.00	30.60	152.96	1.04	0	
4	30.60	152.96	30.48	143.02	9.94	2	2	5	
5	30.48	143.02	30.00	105.00	38.03	1	2	

6	3	94.403	7
1	31.00	185.00	44.12	167.19	22.12	1	6	
2	44.12	167.19	47.61	162.46	5.88	2	6	7	
3	47.61	162.46	63.82	140.45	27.33	1	7	
4	63.82	140.45	63.87	140.39	0.08	2	2	7	
5	63.87	140.39	73.88	126.80	16.87	1	2	
6	73.88	126.80	82.25	115.44	14.11	0	
7	82.25	115.44	87.00	109.00	8.00	1	3	

6	4	205.653	7
1	31.00	185.00	44.78	177.03	15.92	1	6	
2	44.78	177.03	55.23	170.98	12.08	2	6	7	
3	55.23	170.98	97.65	146.43	49.00	1	7	
4	97.65	146.43	135.59	124.48	43.84	0	
5	135.59	124.48	167.68	105.91	37.07	1	9	
6	167.68	105.91	170.05	104.54	2.74	0	
7	170.05	104.54	209.00	82.00	45.00	1	4	

6	5	37.014	4
1	31.00	185.00	30.24	157.01	28.00	0	
2	30.24	157.01	30.16	154.00	3.01	0	
3	30.16	154.00	30.14	153.00	1.00	0	
4	30.14	153.00	30.00	148.00	5.00	2	2	5	

6	6	0	0

6	7	47.434	3
1	31.00	185.00	45.64	180.12	15.43	1	6	
2	45.64	180.12	57.56	176.15	12.57	2	6	7	
3	57.56	176.15	76.00	170.00	19.43	1	7	

6	8	152.030	5
1	31.00	185.00	47.91	185.33	16.92	1	6	
2	47.91	185.33	58.99	185.55	11.08	2	6	7	
3	58.99	185.55	103.46	186.43	44.47	1	7	
4	103.46	186.43	136.01	187.07	32.56	0	
5	136.01	187.07	183.00	188.00	47.00	1	8	

6	9	140.207	5
1	31.00	185.00	44.42	175.15	16.65	1	6	
2	44.42	175.15	53.57	168.42	11.35	2	6	7	
3	53.57	168.42	90.36	141.40	45.65	1	7	
4	90.36	141.40	124.66	116.21	42.56	0	
5	124.66	116.21	144.00	102.00	24.00	1	9	

7	0	76.655	2
1	76.00	170.00	106.89	161.65	32.00	1	7	
2	106.89	161.65	150.00	150.00	44.66	0	

7	1	189.082	5
1	76.00	170.00	107.48	175.75	32.00	1	7	
2	107.48	175.75	136.51	181.06	29.52	0	
3	136.51	181.06	228.93	197.96	93.95	1	8	
4	228.93	197.96	255.11	202.74	26.61	0	
5	255.11	202.74	262.00	204.00	7.00	1	1	

7	2	79.630	3
1	76.00	170.00	58.31	145.00	30.63	1	7	
2	58.31	145.00	57.51	143.88	1.37	2	2	7	
3	57.51	143.88	30.00	105.00	47.63	1	2	

7	3	61.984	3
1	76.00	170.00	81.68	138.51	32.00	1	7	
2	81.68	138.51	85.58	116.87	21.98	0	
3	85.58	116.87	87.00	109.00	8.00	1	3	

7	4	159.477	5
1	76.00	170.00	102.69	152.34	32.00	1	7	
2	102.69	152.34	142.56	125.96	47.82	0	
3	142.56	125.96	166.61	110.05	28.83	1	9	
4	166.61	110.05	171.47	106.83	5.83	0	
5	171.47	106.83	209.00	82.00	45.00	1	4	

7	5	50.990	4
1	76.00	170.00	47.13	156.19	32.00	1	7	
2	47.13	156.19	40.27	152.91	7.61	0	
3	40.27	152.91	34.51	150.16	6.38	1	2	
4	34.51	150.16	30.00	148.00	5.00	2	2	5	

7	6	47.434	3
1	76.00	170.00	57.56	176.15	19.43	1	7	
2	57.56	176.15	45.64	180.12	12.57	2	6	7	
3	45.64	180.12	31.00	185.00	15.43	1	6	

7	7	0	0

7	8	108.503	3
1	76.00	170.00	107.56	175.31	32.00	1	7	
2	107.56	175.31	136.65	180.20	29.50	0	
3	136.65	180.20	183.00	188.00	47.00	1	8	

7	9	96.167	3
1	76.00	170.00	98.63	147.37	32.00	1	7	
2	98.63	147.37	127.03	118.97	40.17	0	
3	127.03	118.97	144.00	102.00	24.00	1	9	

8	0	50.329	2
1	183.00	188.00	152.18	152.51	47.00	1	8	
2	152.18	152.51	150.00	150.00	3.33	0	

8	1	80.604	3
1	183.00	188.00	229.06	197.33	47.00	1	8	
2	229.06	197.33	255.14	202.61	26.60	0	
3	255.14	202.61	262.00	204.00	7.00	1	1	

8	2	174.063	3
1	183.00	188.00	141.69	165.59	47.00	1	8	
2	141.69	165.59	73.07	128.37	78.06	0	
3	73.07	128.37	30.00	105.00	49.00	1	2	

8	3	124.326	3
1	183.00	188.00	146.71	158.13	47.00	1	8	
2	146.71	158.13	93.18	114.08	69.33	0	
3	93.18	114.08	87.00	109.00	8.00	1	3	

8	4	109.142	3
1	183.00	188.00	194.20	142.35	47.00	1	8	
2	194.20	142.35	198.28	125.70	17.14	0	
3	198.28	125.70	209.00	82.00	45.00	0	

8	5	158.142	6
1	183.00	188.00	137.53	176.11	47.00	1	8	
2	137.53	176.11	107.96	168.38	30.56	0	
3	107.96	168.38	48.92	152.95	61.02	1	7	
4	48.92	152.95	44.53	151.80	4.54	0	
5	44.53	151.80	34.84	149.26	10.01	1	2	
6	34.84	149.26	30.00	148.00	5.00	2	2	5	

8	6	152.030	5
1	183.00	188.00	136.01	187.07	47.00	1	8	
2	136.01	187.07	103.46	186.43	32.56	0	
3	103.46	186.43	58.99	185.55	44.47	1	7	
4	58.99	185.55	47.91	185.33	11.08	2	6	7	
5	47.91	185.33	31.00	185.00	16.92	1	6	

8	7	108.503	3
1	183.00	188.00	136.65	180.20	47.00	1	8	
2	136.65	180.20	107.56	175.31	29.50	0	
3	107.56	175.31	76.00	170.00	32.00	1	7	

8	8	0	0

8	9	94.430	3
1	183.00	188.00	163.59	145.20	47.00	1	8	
2	163.59	145.20	153.91	123.86	23.43	0	
3	153.91	123.86	144.00	102.00	24.00	1	9	

9	0	48.374	2
1	144.00	102.00	146.98	125.81	24.00	1	9	
2	146.98	125.81	150.00	150.00	24.37	0	

9	1	155.974	5
1	144.00	102.00	162.16	117.69	24.00	1	9	
2	162.16	117.69	189.67	141.48	36.36	0	
3	189.67	141.48	228.07	174.67	50.76	1	8	
4	228.07	174.67	256.70	199.42	37.85	0	
5	256.70	199.42	262.00	204.00	7.00	1	1	

9	2	114.039	5
1	144.00	102.00	120.01	102.63	24.00	1	9	
2	120.01	102.63	92.66	103.35	27.35	0	
3	92.66	103.35	81.05	103.66	11.62	1	3	
4	81.05	103.66	78.98	103.71	2.06	0	
5	78.98	103.71	30.00	105.00	49.00	1	2	

9	3	57.428	3
1	144.00	102.00	120.18	104.93	24.00	1	9	
2	120.18	104.93	94.94	108.02	25.43	0	
3	94.94	108.02	87.00	109.00	8.00	1	3	

9	4	68.007	3
1	144.00	102.00	165.99	95.23	23.01	1	9	
2	165.99	95.23	166.94	94.94	0.99	2	4	9	
3	166.94	94.94	209.00	82.00	44.01	1	4	

9	5	122.931	4
1	144.00	102.00	121.74	110.98	24.00	1	9	
2	121.74	110.98	71.33	131.32	54.36	0	
3	71.33	131.32	34.64	146.13	39.57	1	2	
4	34.64	146.13	30.00	148.00	5.00	2	2	5	

9	6	140.207	5
1	144.00	102.00	124.66	116.21	24.00	1	9	
2	124.66	116.21	90.36	141.40	42.56	0	
3	90.36	141.40	53.57	168.42	45.65	1	7	
4	53.57	168.42	44.42	175.15	11.35	2	6	7	
5	44.42	175.15	31.00	185.00	16.65	1	6	

9	7	96.167	3
1	144.00	102.00	127.03	118.97	24.00	1	9	
2	127.03	118.97	98.63	147.37	40.17	0	
3	98.63	147.37	76.00	170.00	32.00	1	7	

9	8	94.430	3
1	144.00	102.00	153.91	123.86	24.00	1	9	
2	153.91	123.86	163.59	145.20	23.43	0	
3	163.59	145.20	183.00	188.00	47.00	1	8	

9	9	0	0