10	130	2	0.001	80.0
150.000	150.000	0.000	10.000	0.000
28.000	171.000	9.000	9.000	20.000
246.000	101.000	4.000	6.000	15.000
24.000	69.000	18.000	8.000	2.000
16.000	279.000	16.000	8.000	6.000
98.000	25.000	49.000	3.000	3.000
164.000	116.000	39.000	3.000	3.000
271.000	57.000	8.000	5.000	16.000
51.000	4.000	35.000	3.000	12.000
227.000	242.000	34.000	3.000	15.000
 


0	0	0	0

0	1	123.794	3
1	150.00	150.00	146.13	150.67	3.93	1	6	
2	146.13	150.67	36.87	169.47	110.87	0	
3	36.87	169.47	28.00	171.00	9.00	1	1	

0	2	107.782	3
1	150.00	150.00	202.31	123.30	58.73	1	6	
2	202.31	123.30	242.44	102.82	45.05	0	
3	242.44	102.82	246.00	101.00	4.00	1	2	

0	3	149.790	3
1	150.00	150.00	132.17	138.54	21.19	1	6	
2	132.17	138.54	39.14	78.73	110.60	0	
3	39.14	78.73	24.00	69.00	18.00	1	3	

0	4	186.003	3
1	150.00	150.00	148.25	151.68	2.42	1	6	
2	148.25	151.68	27.53	267.90	167.58	0	
3	27.53	267.90	16.00	279.00	16.00	1	4	

0	5	135.385	3
1	150.00	150.00	128.84	99.13	55.10	1	6	
2	128.84	99.13	116.82	70.24	31.29	0	
3	116.82	70.24	98.00	25.00	49.00	0	

0	6	36.770	1
1	150.00	150.00	164.00	116.00	36.77	1	6	

0	7	152.611	3
1	150.00	150.00	202.48	109.66	66.19	1	6	
2	202.48	109.66	264.66	61.88	78.42	0	
3	264.66	61.88	271.00	57.00	8.00	1	7	

0	8	176.400	5
1	150.00	150.00	125.10	113.27	44.38	1	6	
2	125.10	113.27	98.46	74.00	47.45	0	
3	98.46	74.00	70.64	32.97	49.57	1	5	
4	70.64	32.97	52.65	6.44	32.06	2	5	8	
5	52.65	6.44	51.00	4.00	2.94	1	8	

0	9	119.971	3
1	150.00	150.00	152.81	153.36	4.38	1	6	
2	152.81	153.36	205.18	215.93	81.59	0	
3	205.18	215.93	227.00	242.00	34.00	1	9	

1	0	123.794	3
1	28.00	171.00	36.87	169.47	9.00	1	1	
2	36.87	169.47	146.13	150.67	110.87	0	
3	146.13	150.67	150.00	150.00	3.93	1	6	

1	1	0	0

1	2	228.963	5
1	28.00	171.00	36.57	168.25	9.00	1	1	
2	36.57	168.25	131.61	137.73	99.82	0	
3	131.61	137.73	202.98	114.81	74.96	1	6	
4	202.98	114.81	242.19	102.22	41.18	0	
5	242.19	102.22	246.00	101.00	4.00	1	2	

1	3	102.078	3
1	28.00	171.00	27.65	162.01	9.00	0	
2	27.65	162.01	24.71	86.99	75.08	0	
3	24.71	86.99	24.00	69.00	18.00	1	3	

1	4	108.665	3
1	28.00	171.00	27.01	179.95	9.00	1	1	
2	27.01	179.95	17.77	263.10	83.66	0	
3	17.77	263.10	16.00	279.00	16.00	1	4	

1	5	161.914	3
1	28.00	171.00	31.89	162.88	9.00	1	1	
2	31.89	162.88	76.82	69.18	103.91	0	
3	76.82	69.18	98.00	25.00	49.00	1	5	

1	6	146.700	3
1	28.00	171.00	36.34	167.63	9.00	1	1	
2	36.34	167.63	127.84	130.62	98.70	0	
3	127.84	130.62	164.00	116.00	39.00	1	6	

1	7	268.412	5
1	28.00	171.00	36.15	167.18	9.00	1	1	
2	36.15	167.18	126.05	125.00	99.31	0	
3	126.05	125.00	195.18	92.57	76.35	1	6	
4	195.18	92.57	263.76	60.40	75.75	0	
5	263.76	60.40	271.00	57.00	8.00	1	7	

1	8	168.576	5
1	28.00	171.00	29.23	162.08	9.00	1	1	
2	29.23	162.08	41.43	73.50	89.42	0	
3	41.43	73.50	42.00	69.38	4.17	1	3	
4	42.00	69.38	46.22	38.67	30.99	0	
5	46.22	38.67	51.00	4.00	35.00	1	8	

1	9	211.287	3
1	28.00	171.00	36.48	174.02	9.00	1	1	
2	36.48	174.02	194.98	230.57	168.29	0	
3	194.98	230.57	227.00	242.00	34.00	1	9	

2	0	107.782	3
1	246.00	101.00	242.44	102.82	4.00	1	2	
2	242.44	102.82	202.31	123.30	45.05	0	
3	202.31	123.30	150.00	150.00	58.73	1	6	

2	1	228.963	5
1	246.00	101.00	242.19	102.22	4.00	1	2	
2	242.19	102.22	202.98	114.81	41.18	0	
3	202.98	114.81	131.61	137.73	74.96	1	6	
4	131.61	137.73	36.57	168.25	99.82	0	
5	36.57	168.25	28.00	171.00	9.00	1	1	

2	2	0	0

2	3	224.294	5
1	246.00	101.00	242.04	100.43	4.00	1	2	
2	242.04	100.43	196.07	93.80	46.45	0	
3	196.07	93.80	139.51	85.65	57.14	1	6	
4	139.51	85.65	41.82	71.57	98.70	0	
5	41.82	71.57	24.00	69.00	18.00	1	3	

2	4	290.833	5
1	246.00	101.00	242.84	103.45	4.00	1	2	
2	242.84	103.45	193.17	141.88	62.80	0	
3	193.17	141.88	181.74	150.73	14.46	1	6	
4	181.74	150.73	28.65	269.21	193.58	0	
5	28.65	269.21	16.00	279.00	16.00	1	4	

2	5	166.373	3
1	246.00	101.00	242.44	99.17	4.00	1	2	
2	242.44	99.17	141.59	47.38	113.37	0	
3	141.59	47.38	98.00	25.00	49.00	1	5	

2	6	83.361	3
1	246.00	101.00	242.07	101.72	4.00	1	2	
2	242.07	101.72	202.36	108.98	40.36	0	
3	202.36	108.98	164.00	116.00	39.00	1	6	

2	7	50.606	3
1	246.00	101.00	247.98	97.52	4.00	1	2	
2	247.98	97.52	267.05	63.96	38.61	0	
3	267.05	63.96	271.00	57.00	8.00	1	7	

2	8	217.793	5
1	246.00	101.00	242.42	99.22	4.00	1	2	
2	242.42	99.22	140.88	48.71	113.41	0	
3	140.88	48.71	82.34	19.59	65.39	1	5	
4	82.34	19.59	53.22	5.10	32.52	2	5	8	
5	53.22	5.10	51.00	4.00	2.48	1	8	

2	9	142.274	3
1	246.00	101.00	245.47	104.96	4.00	1	2	
2	245.47	104.96	231.54	208.30	104.27	0	
3	231.54	208.30	227.00	242.00	34.00	1	9	

3	0	149.790	3
1	24.00	69.00	39.14	78.73	18.00	1	3	
2	39.14	78.73	132.17	138.54	110.60	0	
3	132.17	138.54	150.00	150.00	21.19	1	6	

3	1	102.078	3
1	24.00	69.00	24.71	86.99	18.00	1	3	
2	24.71	86.99	27.65	162.01	75.08	0	
3	27.65	162.01	28.00	171.00	9.00	0	

3	2	224.294	5
1	24.00	69.00	41.82	71.57	18.00	1	3	
2	41.82	71.57	139.51	85.65	98.70	0	
3	139.51	85.65	196.07	93.80	57.14	1	6	
4	196.07	93.80	242.04	100.43	46.45	0	
5	242.04	100.43	246.00	101.00	4.00	1	2	

3	3	0	0

3	4	210.152	5
1	24.00	69.00	23.31	86.99	18.00	1	3	
2	23.31	86.99	20.29	166.36	79.43	0	
3	20.29	166.36	19.96	175.04	8.70	1	1	
4	19.96	175.04	16.61	263.01	88.03	0	
5	16.61	263.01	16.00	279.00	16.00	0	

3	5	86.093	3
1	24.00	69.00	39.47	59.80	18.00	1	3	
2	39.47	59.80	55.88	50.04	19.09	0	
3	55.88	50.04	98.00	25.00	49.00	1	5	

3	6	147.679	3
1	24.00	69.00	41.06	74.73	18.00	1	3	
2	41.06	74.73	127.03	103.59	90.68	0	
3	127.03	103.59	164.00	116.00	39.00	1	6	

3	7	247.291	5
1	24.00	69.00	41.98	68.13	18.00	1	3	
2	41.98	68.13	72.20	66.66	30.26	0	
3	72.20	66.66	127.72	63.96	55.58	1	5	
4	127.72	63.96	263.01	57.39	135.45	0	
5	263.01	57.39	271.00	57.00	8.00	1	7	

3	8	70.385	3
1	24.00	69.00	30.90	52.38	18.00	1	3	
2	30.90	52.38	37.57	36.32	17.38	0	
3	37.57	36.32	51.00	4.00	35.00	1	8	

3	9	266.717	3
1	24.00	69.00	37.70	80.68	18.00	1	3	
2	37.70	80.68	201.12	219.95	214.72	0	
3	201.12	219.95	227.00	242.00	34.00	1	9	

4	0	186.003	3
1	16.00	279.00	27.53	267.90	16.00	1	4	
2	27.53	267.90	148.25	151.68	167.58	0	
3	148.25	151.68	150.00	150.00	2.42	1	6	

4	1	108.665	3
1	16.00	279.00	17.77	263.10	16.00	1	4	
2	17.77	263.10	27.01	179.95	83.66	0	
3	27.01	179.95	28.00	171.00	9.00	1	1	

4	2	290.833	5
1	16.00	279.00	28.65	269.21	16.00	1	4	
2	28.65	269.21	181.74	150.73	193.58	0	
3	181.74	150.73	193.17	141.88	14.46	1	6	
4	193.17	141.88	242.84	103.45	62.80	0	
5	242.84	103.45	246.00	101.00	4.00	1	2	

4	3	210.152	5
1	16.00	279.00	16.61	263.01	16.00	0	
2	16.61	263.01	19.96	175.04	88.03	0	
3	19.96	175.04	20.29	166.36	8.70	1	1	
4	20.29	166.36	23.31	86.99	79.43	0	
5	23.31	86.99	24.00	69.00	18.00	1	3	

4	4	0	0

4	5	266.908	3
1	16.00	279.00	20.92	263.77	16.00	1	4	
2	20.92	263.77	82.95	71.63	201.91	0	
3	82.95	71.63	98.00	25.00	49.00	0	

4	6	220.166	3
1	16.00	279.00	26.76	267.15	16.00	1	4	
2	26.76	267.15	137.78	144.87	165.17	0	
3	137.78	144.87	164.00	116.00	39.00	1	6	

4	7	338.096	5
1	16.00	279.00	28.07	268.49	16.00	1	4	
2	28.07	268.49	158.83	154.66	173.37	0	
3	158.83	154.66	203.00	116.20	58.57	1	6	
4	203.00	116.20	264.97	62.25	82.16	0	
5	264.97	62.25	271.00	57.00	8.00	1	7	

4	8	277.218	5
1	16.00	279.00	18.02	263.13	16.00	1	4	
2	18.02	263.13	28.60	179.98	83.82	0	
3	28.60	179.98	30.83	162.46	17.66	1	1	
4	30.83	162.46	46.58	38.72	124.74	0	
5	46.58	38.72	51.00	4.00	35.00	1	8	

4	9	214.220	3
1	16.00	279.00	31.76	276.24	16.00	1	4	
2	31.76	276.24	193.51	247.87	164.22	0	
3	193.51	247.87	227.00	242.00	34.00	1	9	

5	0	135.385	3
1	98.00	25.00	116.82	70.24	49.00	0	
2	116.82	70.24	128.84	99.13	31.29	0	
3	128.84	99.13	150.00	150.00	55.10	1	6	

5	1	161.914	3
1	98.00	25.00	76.82	69.18	49.00	1	5	
2	76.82	69.18	31.89	162.88	103.91	0	
3	31.89	162.88	28.00	171.00	9.00	1	1	

5	2	166.373	3
1	98.00	25.00	141.59	47.38	49.00	1	5	
2	141.59	47.38	242.44	99.17	113.37	0	
3	242.44	99.17	246.00	101.00	4.00	1	2	

5	3	86.093	3
1	98.00	25.00	55.88	50.04	49.00	1	5	
2	55.88	50.04	39.47	59.80	19.09	0	
3	39.47	59.80	24.00	69.00	18.00	1	3	

5	4	266.908	3
1	98.00	25.00	82.95	71.63	49.00	0	
2	82.95	71.63	20.92	263.77	201.91	0	
3	20.92	263.77	16.00	279.00	16.00	1	4	

5	5	0	0

5	6	112.414	3
1	98.00	25.00	126.77	64.67	49.00	1	5	
2	126.77	64.67	141.10	84.43	24.41	0	
3	141.10	84.43	164.00	116.00	39.00	1	6	

5	7	175.935	3
1	98.00	25.00	146.18	33.91	49.00	1	5	
2	146.18	33.91	263.13	55.54	118.93	0	
3	263.13	55.54	271.00	57.00	8.00	1	7	

5	8	51.478	3
1	98.00	25.00	82.96	18.28	16.48	1	5	
2	82.96	18.28	53.26	5.01	32.52	2	5	8	
3	53.26	5.01	51.00	4.00	2.48	1	8	

5	9	252.448	5
1	98.00	25.00	123.04	67.12	49.00	1	5	
2	123.04	67.12	135.97	88.88	25.31	0	
3	135.97	88.88	174.44	153.58	75.27	1	6	
4	174.44	153.58	209.63	212.77	68.87	0	
5	209.63	212.77	227.00	242.00	34.00	1	9	

6	0	36.770	1
1	164.00	116.00	150.00	150.00	36.77	1	6	

6	1	146.700	3
1	164.00	116.00	127.84	130.62	39.00	1	6	
2	127.84	130.62	36.34	167.63	98.70	0	
3	36.34	167.63	28.00	171.00	9.00	1	1	

6	2	83.361	3
1	164.00	116.00	202.36	108.98	39.00	1	6	
2	202.36	108.98	242.07	101.72	40.36	0	
3	242.07	101.72	246.00	101.00	4.00	1	2	

6	3	147.679	3
1	164.00	116.00	127.03	103.59	39.00	1	6	
2	127.03	103.59	41.06	74.73	90.68	0	
3	41.06	74.73	24.00	69.00	18.00	1	3	

6	4	220.166	3
1	164.00	116.00	137.78	144.87	39.00	1	6	
2	137.78	144.87	26.76	267.15	165.17	0	
3	26.76	267.15	16.00	279.00	16.00	1	4	

6	5	112.414	3
1	164.00	116.00	141.10	84.43	39.00	1	6	
2	141.10	84.43	126.77	64.67	24.41	0	
3	126.77	64.67	98.00	25.00	49.00	1	5	

6	6	0	0

6	7	122.188	3
1	164.00	116.00	198.15	97.17	39.00	1	6	
2	198.15	97.17	263.99	60.86	75.19	0	
3	263.99	60.86	271.00	57.00	8.00	1	7	

6	8	159.101	5
1	164.00	116.00	136.30	88.55	39.00	1	6	
2	136.30	88.55	117.53	69.94	26.43	0	
3	117.53	69.94	75.86	28.64	58.67	1	5	
4	75.86	28.64	52.89	5.87	32.34	2	5	8	
5	52.89	5.87	51.00	4.00	2.66	1	8	

6	9	140.872	3
1	164.00	116.00	181.44	150.88	39.00	1	6	
2	181.44	150.88	211.79	211.59	67.87	0	
3	211.79	211.59	227.00	242.00	34.00	1	9	

7	0	152.611	3
1	271.00	57.00	264.66	61.88	8.00	1	7	
2	264.66	61.88	202.48	109.66	78.42	0	
3	202.48	109.66	150.00	150.00	66.19	1	6	

7	1	268.412	5
1	271.00	57.00	263.76	60.40	8.00	1	7	
2	263.76	60.40	195.18	92.57	75.75	0	
3	195.18	92.57	126.05	125.00	76.35	1	6	
4	126.05	125.00	36.15	167.18	99.31	0	
5	36.15	167.18	28.00	171.00	9.00	1	1	

7	2	50.606	3
1	271.00	57.00	267.05	63.96	8.00	1	7	
2	267.05	63.96	247.98	97.52	38.61	0	
3	247.98	97.52	246.00	101.00	4.00	1	2	

7	3	247.291	5
1	271.00	57.00	263.01	57.39	8.00	1	7	
2	263.01	57.39	127.72	63.96	135.45	0	
3	127.72	63.96	72.20	66.66	55.58	1	5	
4	72.20	66.66	41.98	68.13	30.26	0	
5	41.98	68.13	24.00	69.00	18.00	1	3	

7	4	338.096	5
1	271.00	57.00	264.97	62.25	8.00	1	7	
2	264.97	62.25	203.00	116.20	82.16	0	
3	203.00	116.20	158.83	154.66	58.57	1	6	
4	158.83	154.66	28.07	268.49	173.37	0	
5	28.07	268.49	16.00	279.00	16.00	1	4	

7	5	175.935	3
1	271.00	57.00	263.13	55.54	8.00	1	7	
2	263.13	55.54	146.18	33.91	118.93	0	
3	146.18	33.91	98.00	25.00	49.00	1	5	

7	6	122.188	3
1	271.00	57.00	263.99	60.86	8.00	1	7	
2	263.99	60.86	198.15	97.17	75.19	0	
3	198.15	97.17	164.00	116.00	39.00	1	6	

7	7	0	0

7	8	226.294	5
1	271.00	57.00	263.22	55.13	8.00	1	7	
2	263.22	55.13	146.95	27.12	119.59	0	
3	146.95	27.12	85.03	12.20	63.70	1	5	
4	85.03	12.20	53.45	4.59	32.48	2	5	8	
5	53.45	4.59	51.00	4.00	2.52	1	8	

7	9	190.160	3
1	271.00	57.00	269.15	64.78	8.00	1	7	
2	269.15	64.78	234.87	208.92	148.16	0	
3	234.87	208.92	227.00	242.00	34.00	1	9	

8	0	176.400	5
1	51.00	4.00	52.65	6.44	2.94	1	8	
2	52.65	6.44	70.64	32.97	32.06	2	5	8	
3	70.64	32.97	98.46	74.00	49.57	1	5	
4	98.46	74.00	125.10	113.27	47.45	0	
5	125.10	113.27	150.00	150.00	44.38	1	6	

8	1	168.576	5
1	51.00	4.00	46.22	38.67	35.00	1	8	
2	46.22	38.67	42.00	69.38	30.99	0	
3	42.00	69.38	41.43	73.50	4.17	1	3	
4	41.43	73.50	29.23	162.08	89.42	0	
5	29.23	162.08	28.00	171.00	9.00	1	1	

8	2	217.793	5
1	51.00	4.00	53.22	5.10	2.48	1	8	
2	53.22	5.10	82.34	19.59	32.52	2	5	8	
3	82.34	19.59	140.88	48.71	65.39	1	5	
4	140.88	48.71	242.42	99.22	113.41	0	
5	242.42	99.22	246.00	101.00	4.00	1	2	

8	3	70.385	3
1	51.00	4.00	37.57	36.32	35.00	1	8	
2	37.57	36.32	30.90	52.38	17.38	0	
3	30.90	52.38	24.00	69.00	18.00	1	3	

8	4	277.218	5
1	51.00	4.00	46.58	38.72	35.00	1	8	
2	46.58	38.72	30.83	162.46	124.74	0	
3	30.83	162.46	28.60	179.98	17.66	1	1	
4	28.60	179.98	18.02	263.13	83.82	0	
5	18.02	263.13	16.00	279.00	16.00	1	4	

8	5	51.478	3
1	51.00	4.00	53.26	5.01	2.48	1	8	
2	53.26	5.01	82.96	18.28	32.52	2	5	8	
3	82.96	18.28	98.00	25.00	16.48	1	5	

8	6	159.101	5
1	51.00	4.00	52.89	5.87	2.66	1	8	
2	52.89	5.87	75.86	28.64	32.34	2	5	8	
3	75.86	28.64	117.53	69.94	58.67	1	5	
4	117.53	69.94	136.30	88.55	26.43	0	
5	136.30	88.55	164.00	116.00	39.00	1	6	

8	7	226.294	5
1	51.00	4.00	53.45	4.59	2.52	1	8	
2	53.45	4.59	85.03	12.20	32.48	2	5	8	
3	85.03	12.20	146.95	27.12	63.70	1	5	
4	146.95	27.12	263.22	55.13	119.59	0	
5	263.22	55.13	271.00	57.00	8.00	1	7	

8	8	0	0

8	9	296.007	7
1	51.00	4.00	52.71	6.31	2.87	1	8	
2	52.71	6.31	71.81	32.14	32.13	2	5	8	
3	71.81	32.14	102.60	73.78	51.79	1	5	
4	102.60	73.78	126.34	105.88	39.91	0	
5	126.34	105.88	162.65	154.98	61.07	1	6	
6	162.65	154.98	206.78	214.66	74.23	0	
7	206.78	214.66	227.00	242.00	34.00	1	9	

9	0	119.971	3
1	227.00	242.00	205.18	215.93	34.00	1	9	
2	205.18	215.93	152.81	153.36	81.59	0	
3	152.81	153.36	150.00	150.00	4.38	1	6	

9	1	211.287	3
1	227.00	242.00	194.98	230.57	34.00	1	9	
2	194.98	230.57	36.48	174.02	168.29	0	
3	36.48	174.02	28.00	171.00	9.00	1	1	

9	2	142.274	3
1	227.00	242.00	231.54	208.30	34.00	1	9	
2	231.54	208.30	245.47	104.96	104.27	0	
3	245.47	104.96	246.00	101.00	4.00	1	2	

9	3	266.717	3
1	227.00	242.00	201.12	219.95	34.00	1	9	
2	201.12	219.95	37.70	80.68	214.72	0	
3	37.70	80.68	24.00	69.00	18.00	1	3	

9	4	214.220	3
1	227.00	242.00	193.51	247.87	34.00	1	9	
2	193.51	247.87	31.76	276.24	164.22	0	
3	31.76	276.24	16.00	279.00	16.00	1	4	

9	5	252.448	5
1	227.00	242.00	209.63	212.77	34.00	1	9	
2	209.63	212.77	174.44	153.58	68.87	0	
3	174.44	153.58	135.97	88.88	75.27	1	6	
4	135.97	88.88	123.04	67.12	25.31	0	
5	123.04	67.12	98.00	25.00	49.00	1	5	

9	6	140.872	3
1	227.00	242.00	211.79	211.59	34.00	1	9	
2	211.79	211.59	181.44	150.88	67.87	0	
3	181.44	150.88	164.00	116.00	39.00	1	6	

9	7	190.160	3
1	227.00	242.00	234.87	208.92	34.00	1	9	
2	234.87	208.92	269.15	64.78	148.16	0	
3	269.15	64.78	271.00	57.00	8.00	1	7	

9	8	296.007	7
1	227.00	242.00	206.78	214.66	34.00	1	9	
2	206.78	214.66	162.65	154.98	74.23	0	
3	162.65	154.98	126.34	105.88	61.07	1	6	
4	126.34	105.88	102.60	73.78	39.91	0	
5	102.60	73.78	71.81	32.14	51.79	1	5	
6	71.81	32.14	52.71	6.31	32.13	2	5	8	
7	52.71	6.31	51.00	4.00	2.87	1	8	

9	9	0	0
