10	165	2	0.001	90.0
150.000	150.000	0.000	7.000	0.000
286.000	204.000	38.000	5.000	14.000
249.000	21.000	11.000	3.000	12.000
234.000	42.000	21.000	7.000	18.000
174.000	102.000	45.000	9.000	9.000
117.000	140.000	47.000	1.000	7.000
41.000	196.000	13.000	1.000	15.000
71.000	143.000	28.000	4.000	18.000
181.000	210.000	2.000	6.000	20.000
114.000	38.000	24.000	8.000	17.000

0	0	0	0

0	1	146.328	3
1	150.00	150.00	161.66	154.63	12.55	1	5	
2	161.66	154.63	250.68	189.98	95.78	0	
3	250.68	189.98	286.00	204.00	38.00	1	1	

0	2	162.610	7
1	150.00	150.00	155.39	142.97	8.86	1	5	
2	155.39	142.97	163.40	132.53	13.16	2	4	5	
3	163.40	132.53	208.76	73.43	74.51	1	4	
4	208.76	73.43	220.52	58.11	19.31	0	
5	220.52	58.11	242.30	29.73	35.77	1	3	
6	242.30	29.73	246.07	24.82	6.19	2	2	3	
7	246.07	24.82	249.00	21.00	4.81	1	2	

0	3	136.821	5
1	150.00	150.00	155.45	143.00	8.87	1	5	
2	155.45	143.00	163.43	132.73	13.01	2	4	5	
3	163.43	132.73	209.17	73.93	74.49	1	4	
4	209.17	73.93	221.11	58.58	19.45	0	
5	221.11	58.58	234.00	42.00	21.00	1	3	

0	4	53.666	3
1	150.00	150.00	153.88	142.25	8.67	1	5	
2	153.88	142.25	161.92	126.16	17.98	2	4	5	
3	161.92	126.16	174.00	102.00	27.02	1	4	

0	5	34.482	1
1	150.00	150.00	117.00	140.00	34.48	1	5	

0	6	118.309	3
1	150.00	150.00	87.33	176.45	68.03	1	5	
2	87.33	176.45	52.98	190.95	37.28	0	
3	52.98	190.95	41.00	196.00	13.00	1	6	

0	7	79.310	2
1	150.00	150.00	98.89	145.47	51.31	1	5	
2	98.89	145.47	71.00	143.00	28.00	2	5	7	

0	8	67.535	3
1	150.00	150.00	157.32	164.16	15.94	1	5	
2	157.32	164.16	180.08	208.22	49.60	0	
3	180.08	208.22	181.00	210.00	2.00	1	8	

0	9	117.644	5
1	150.00	150.00	145.86	137.11	13.53	1	5	
2	145.86	137.11	132.53	95.64	43.57	1	4	
3	132.53	95.64	130.67	89.86	6.07	1	4	
4	130.67	89.86	121.34	60.85	30.47	0	
5	121.34	60.85	114.00	38.00	24.00	1	9	

1	0	146.328	3
1	286.00	204.00	250.68	189.98	38.00	1	1	
2	250.68	189.98	161.66	154.63	95.78	0	
3	161.66	154.63	150.00	150.00	12.55	1	5	

1	1	0	0

1	2	186.703	5
1	286.00	204.00	278.47	166.75	38.00	1	1	
2	278.47	166.75	254.32	47.31	121.86	0	
3	254.32	47.31	251.18	31.78	15.84	1	3	
4	251.18	31.78	250.66	29.22	2.62	2	2	3	
5	250.66	29.22	249.00	21.00	8.38	1	2	

1	3	170.141	3
1	286.00	204.00	274.39	167.82	38.00	1	1	
2	274.39	167.82	240.42	62.00	111.14	0	
3	240.42	62.00	234.00	42.00	21.00	1	3	

1	4	151.486	3
1	286.00	204.00	257.90	178.41	38.00	1	1	
2	257.90	178.41	207.27	132.30	68.49	0	
3	207.27	132.30	174.00	102.00	45.00	1	4	

1	5	180.712	3
1	286.00	204.00	250.46	190.54	38.00	1	1	
2	250.46	190.54	160.95	156.65	95.71	0	
3	160.95	156.65	117.00	140.00	47.00	1	5	

1	6	245.131	3
1	286.00	204.00	248.02	202.76	38.00	1	1	
2	248.02	202.76	53.99	196.42	194.13	0	
3	53.99	196.42	41.00	196.00	13.00	1	6	

1	7	223.486	4
1	286.00	204.00	249.44	193.63	38.00	1	1	
2	249.44	193.63	155.49	166.97	97.66	0	
3	155.49	166.97	97.94	150.64	59.83	1	5	
4	97.94	150.64	71.00	143.00	28.00	2	5	7	

1	8	105.171	3
1	286.00	204.00	248.06	206.17	38.00	1	1	
2	248.06	206.17	183.00	209.89	65.17	0	
3	183.00	209.89	181.00	210.00	2.00	1	8	

1	9	239.040	5
1	286.00	204.00	258.66	177.61	38.00	1	1	
2	258.66	177.61	209.27	129.95	68.64	0	
3	209.27	129.95	144.82	67.74	89.57	1	4	
4	144.82	67.74	131.27	54.67	18.83	0	
5	131.27	54.67	114.00	38.00	24.00	1	9	

2	0	162.610	7
1	249.00	21.00	246.07	24.82	4.81	1	2	
2	246.07	24.82	242.30	29.73	6.19	2	2	3	
3	242.30	29.73	220.52	58.11	35.77	1	3	
4	220.52	58.11	208.76	73.43	19.31	0	
5	208.76	73.43	163.40	132.53	74.51	1	4	
6	163.40	132.53	155.39	142.97	13.16	2	4	5	
7	155.39	142.97	150.00	150.00	8.86	1	5	

2	1	186.703	5
1	249.00	21.00	250.66	29.22	8.38	1	2	
2	250.66	29.22	251.18	31.78	2.62	2	2	3	
3	251.18	31.78	254.32	47.31	15.84	1	3	
4	254.32	47.31	278.47	166.75	121.86	0	
5	278.47	166.75	286.00	204.00	38.00	1	1	

2	2	0	0

2	3	25.807	3
1	249.00	21.00	246.21	24.91	4.81	1	2	
2	246.21	24.91	242.61	29.95	6.19	2	2	3	
3	242.61	29.95	234.00	42.00	14.81	1	3	

2	4	110.390	5
1	249.00	21.00	245.70	24.56	4.85	1	2	
2	245.70	24.56	241.53	29.07	6.15	2	2	3	
3	241.53	29.07	217.51	55.01	35.35	1	3	
4	217.51	55.01	204.57	68.98	19.04	0	
5	204.57	68.98	174.00	102.00	45.00	1	4	

2	5	177.722	7
1	249.00	21.00	245.32	24.31	4.95	1	2	
2	245.32	24.31	240.83	28.37	6.05	2	2	3	
3	240.83	28.37	215.24	51.44	34.45	1	3	
4	215.24	51.44	199.94	65.23	20.60	0	
5	199.94	65.23	151.91	108.53	64.67	1	4	
6	151.91	108.53	134.75	124.00	23.11	2	4	5	
7	134.75	124.00	117.00	140.00	23.89	1	5	

2	6	271.825	11
1	249.00	21.00	245.17	24.22	5.00	1	2	
2	245.17	24.22	240.58	28.08	6.00	2	2	3	
3	240.58	28.08	214.57	49.97	33.99	1	3	
4	214.57	49.97	197.98	63.92	21.68	0	
5	197.98	63.92	148.75	105.35	64.34	1	4	
6	148.75	105.35	132.38	119.12	21.39	2	4	5	
7	132.38	119.12	98.63	147.51	44.10	1	5	
8	98.63	147.51	77.42	165.35	27.72	2	5	7	
9	77.42	165.35	70.72	171.00	8.77	1	7	
10	70.72	171.00	50.95	187.63	25.83	0	
11	50.95	187.63	41.00	196.00	13.00	1	6	

2	7	215.796	8
1	249.00	21.00	244.71	23.94	5.20	1	2	
2	244.71	23.94	239.93	27.22	5.80	2	2	3	
3	239.93	27.22	213.29	45.48	32.29	1	3	
4	213.29	45.48	191.38	60.49	26.56	0	
5	191.38	60.49	137.26	97.59	65.62	1	4	
6	137.26	97.59	129.02	103.24	9.99	2	4	5	
7	129.02	103.24	94.10	127.17	42.34	1	5	
8	94.10	127.17	71.00	143.00	28.00	2	5	7	

2	8	200.861	7
1	249.00	21.00	247.29	25.74	5.04	1	2	
2	247.29	25.74	245.28	31.35	5.96	2	2	3	
3	245.28	31.35	233.89	63.00	33.64	1	3	
4	233.89	63.00	218.93	104.59	44.20	0	
5	218.93	104.59	210.28	128.63	25.54	1	4	
6	210.28	128.63	181.68	208.12	84.48	0	
7	181.68	208.12	181.00	210.00	2.00	1	8	

2	9	136.066	5
1	249.00	21.00	240.59	22.06	8.48	1	2	
2	240.59	22.06	238.09	22.37	2.52	2	2	3	
3	238.09	22.37	222.68	24.31	15.53	1	3	
4	222.68	24.31	137.81	35.00	85.53	0	
5	137.81	35.00	114.00	38.00	24.00	1	9	

3	0	136.821	5
1	234.00	42.00	221.11	58.58	21.00	1	3	
2	221.11	58.58	209.17	73.93	19.45	0	
3	209.17	73.93	163.43	132.73	74.49	1	4	
4	163.43	132.73	155.45	143.00	13.01	2	4	5	
5	155.45	143.00	150.00	150.00	8.87	1	5	

3	1	170.141	3
1	234.00	42.00	240.42	62.00	21.00	1	3	
2	240.42	62.00	274.39	167.82	111.14	0	
3	274.39	167.82	286.00	204.00	38.00	1	1	

3	2	25.807	3
1	234.00	42.00	242.61	29.95	14.81	1	3	
2	242.61	29.95	246.21	24.91	6.19	2	2	3	
3	246.21	24.91	249.00	21.00	4.81	1	2	

3	3	0	0

3	4	84.853	3
1	234.00	42.00	219.15	56.85	21.00	1	3	
2	219.15	56.85	205.82	70.18	18.85	0	
3	205.82	70.18	174.00	102.00	45.00	1	4	

3	5	152.620	5
1	234.00	42.00	217.90	55.48	21.00	1	3	
2	217.90	55.48	203.22	67.78	19.15	0	
3	203.22	67.78	153.03	109.82	65.47	1	4	
4	153.03	109.82	135.18	124.77	23.28	2	4	5	
5	135.18	124.77	117.00	140.00	23.72	1	5	

3	6	246.911	9
1	234.00	42.00	217.59	55.10	21.00	1	3	
2	217.59	55.10	202.47	67.15	19.33	0	
3	202.47	67.15	151.36	107.94	65.39	1	4	
4	151.36	107.94	133.70	122.03	22.60	2	4	5	
5	133.70	122.03	97.96	150.55	45.72	1	5	
6	97.96	150.55	78.11	166.39	25.40	2	5	7	
7	78.11	166.39	72.37	170.97	7.34	1	7	
8	72.37	170.97	51.16	187.89	27.14	0	
9	51.16	187.89	41.00	196.00	13.00	1	6	

3	7	191.755	6
1	234.00	42.00	216.15	53.06	21.00	1	3	
2	216.15	53.06	198.30	64.12	21.00	0	
3	198.30	64.12	141.03	99.61	67.37	1	4	
4	141.03	99.61	129.27	106.90	13.84	2	4	5	
5	129.27	106.90	94.80	128.25	40.55	1	5	
6	94.80	128.25	71.00	143.00	28.00	2	5	7	

3	8	176.162	5
1	234.00	42.00	227.68	62.03	21.00	1	3	
2	227.68	62.03	218.02	92.66	32.12	0	
3	218.02	92.66	204.69	134.91	44.31	1	4	
4	204.69	134.91	181.60	208.09	76.74	0	
5	181.60	208.09	181.00	210.00	2.00	1	8	

3	9	120.067	3
1	234.00	42.00	213.01	41.30	21.00	1	3	
2	213.01	41.30	137.99	38.80	75.07	0	
3	137.99	38.80	114.00	38.00	24.00	1	9	

4	0	53.666	3
1	174.00	102.00	161.92	126.16	27.02	1	4	
2	161.92	126.16	153.88	142.25	17.98	2	4	5	
3	153.88	142.25	150.00	150.00	8.67	1	5	

4	1	151.486	3
1	174.00	102.00	207.27	132.30	45.00	1	4	
2	207.27	132.30	257.90	178.41	68.49	0	
3	257.90	178.41	286.00	204.00	38.00	1	1	

4	2	110.390	5
1	174.00	102.00	204.57	68.98	45.00	1	4	
2	204.57	68.98	217.51	55.01	19.04	0	
3	217.51	55.01	241.53	29.07	35.35	1	3	
4	241.53	29.07	245.70	24.56	6.15	2	2	3	
5	245.70	24.56	249.00	21.00	4.85	1	2	

4	3	84.853	3
1	174.00	102.00	205.82	70.18	45.00	1	4	
2	205.82	70.18	219.15	56.85	18.85	0	
3	219.15	56.85	234.00	42.00	21.00	1	3	

4	4	0	0

4	5	68.505	3
1	174.00	102.00	156.11	113.93	21.51	1	4	
2	156.11	113.93	136.56	126.96	23.49	2	4	5	
3	136.56	126.96	117.00	140.00	23.51	1	5	

4	6	162.865	7
1	174.00	102.00	156.43	114.42	21.52	1	4	
2	156.43	114.42	137.25	127.97	23.48	2	4	5	
3	137.25	127.97	94.54	158.16	52.30	1	5	
4	94.54	158.16	79.73	168.63	18.14	2	5	7	
5	79.73	168.63	77.43	170.25	2.81	1	7	
6	77.43	170.25	51.62	188.50	31.61	0	
7	51.62	188.50	41.00	196.00	13.00	1	6	

4	7	110.860	4
1	174.00	102.00	153.36	110.22	22.22	1	4	
2	153.36	110.22	132.19	118.64	22.78	2	4	5	
3	132.19	118.64	97.01	132.64	37.86	1	5	
4	97.01	132.64	71.00	143.00	28.00	2	5	7	

4	8	108.227	3
1	174.00	102.00	176.91	146.91	45.00	0	
2	176.91	146.91	180.87	208.00	61.23	0	
3	180.87	208.00	181.00	210.00	2.00	1	8	

4	9	87.727	3
1	174.00	102.00	143.22	69.17	45.00	1	4	
2	143.22	69.17	130.41	55.51	18.73	0	
3	130.41	55.51	114.00	38.00	24.00	1	9	

5	0	34.482	1
1	117.00	140.00	150.00	150.00	34.48	1	5	

5	1	180.712	3
1	117.00	140.00	160.95	156.65	47.00	1	5	
2	160.95	156.65	250.46	190.54	95.71	0	
3	250.46	190.54	286.00	204.00	38.00	1	1	

5	2	177.722	7
1	117.00	140.00	134.75	124.00	23.89	1	5	
2	134.75	124.00	151.91	108.53	23.11	2	4	5	
3	151.91	108.53	199.94	65.23	64.67	1	4	
4	199.94	65.23	215.24	51.44	20.60	0	
5	215.24	51.44	240.83	28.37	34.45	1	3	
6	240.83	28.37	245.32	24.31	6.05	2	2	3	
7	245.32	24.31	249.00	21.00	4.95	1	2	

5	3	152.620	5
1	117.00	140.00	135.18	124.77	23.72	1	5	
2	135.18	124.77	153.03	109.82	23.28	2	4	5	
3	153.03	109.82	203.22	67.78	65.47	1	4	
4	203.22	67.78	217.90	55.48	19.15	0	
5	217.90	55.48	234.00	42.00	21.00	1	3	

5	4	68.505	3
1	117.00	140.00	136.56	126.96	23.51	1	5	
2	136.56	126.96	156.11	113.93	23.49	2	4	5	
3	156.11	113.93	174.00	102.00	21.51	1	4	

5	5	0	0

5	6	94.403	5
1	117.00	140.00	96.11	155.39	25.95	1	5	
2	96.11	155.39	79.16	167.88	21.05	2	5	7	
3	79.16	167.88	75.40	170.65	4.67	1	7	
4	75.40	170.65	51.47	188.29	29.73	0	
5	51.47	188.29	41.00	196.00	13.00	1	6	

5	7	46.098	2
1	117.00	140.00	98.94	141.18	18.10	1	5	
2	98.94	141.18	71.00	143.00	28.00	2	5	7	

5	8	94.847	3
1	117.00	140.00	148.71	174.69	47.00	1	5	
2	148.71	174.69	179.65	208.52	45.85	0	
3	179.65	208.52	181.00	210.00	2.00	1	8	

5	9	102.044	3
1	117.00	140.00	115.62	93.02	47.00	0	
2	115.62	93.02	114.71	61.99	31.04	0	
3	114.71	61.99	114.00	38.00	24.00	0	

6	0	118.309	3
1	41.00	196.00	52.98	190.95	13.00	1	6	
2	52.98	190.95	87.33	176.45	37.28	0	
3	87.33	176.45	150.00	150.00	68.03	1	5	

6	1	245.131	3
1	41.00	196.00	53.99	196.42	13.00	1	6	
2	53.99	196.42	248.02	202.76	194.13	0	
3	248.02	202.76	286.00	204.00	38.00	1	1	

6	2	271.825	11
1	41.00	196.00	50.95	187.63	13.00	1	6	
2	50.95	187.63	70.72	171.00	25.83	0	
3	70.72	171.00	77.42	165.35	8.77	1	7	
4	77.42	165.35	98.63	147.51	27.72	2	5	7	
5	98.63	147.51	132.38	119.12	44.10	1	5	
6	132.38	119.12	148.75	105.35	21.39	2	4	5	
7	148.75	105.35	197.98	63.92	64.34	1	4	
8	197.98	63.92	214.57	49.97	21.68	0	
9	214.57	49.97	240.58	28.08	33.99	1	3	
10	240.58	28.08	245.17	24.22	6.00	2	2	3	
11	245.17	24.22	249.00	21.00	5.00	1	2	

6	3	246.911	9
1	41.00	196.00	51.16	187.89	13.00	1	6	
2	51.16	187.89	72.37	170.97	27.14	0	
3	72.37	170.97	78.11	166.39	7.34	1	7	
4	78.11	166.39	97.96	150.55	25.40	2	5	7	
5	97.96	150.55	133.70	122.03	45.72	1	5	
6	133.70	122.03	151.36	107.94	22.60	2	4	5	
7	151.36	107.94	202.47	67.15	65.39	1	4	
8	202.47	67.15	217.59	55.10	19.33	0	
9	217.59	55.10	234.00	42.00	21.00	1	3	

6	4	162.865	7
1	41.00	196.00	51.62	188.50	13.00	1	6	
2	51.62	188.50	77.43	170.25	31.61	0	
3	77.43	170.25	79.73	168.63	2.81	1	7	
4	79.73	168.63	94.54	158.16	18.14	2	5	7	
5	94.54	158.16	137.25	127.97	52.30	1	5	
6	137.25	127.97	156.43	114.42	23.48	2	4	5	
7	156.43	114.42	174.00	102.00	21.52	1	4	

6	5	94.403	5
1	41.00	196.00	51.47	188.29	13.00	1	6	
2	51.47	188.29	75.40	170.65	29.73	0	
3	75.40	170.65	79.16	167.88	4.67	1	7	
4	79.16	167.88	96.11	155.39	21.05	2	5	7	
5	96.11	155.39	117.00	140.00	25.95	1	5	

6	6	0	0

6	7	60.902	4
1	41.00	196.00	47.40	184.69	13.00	1	6	
2	47.40	184.69	57.21	167.37	19.90	0	
3	57.21	167.37	70.21	144.40	26.39	1	7	
4	70.21	144.40	71.00	143.00	1.61	2	5	7	

6	8	140.698	3
1	41.00	196.00	53.94	197.29	13.00	1	6	
2	53.94	197.29	179.01	209.80	125.70	0	
3	179.01	209.80	181.00	210.00	2.00	1	8	

6	9	174.049	7
1	41.00	196.00	46.45	184.20	13.00	1	6	
2	46.45	184.20	54.90	165.91	20.15	0	
3	54.90	165.91	70.76	131.59	37.80	1	7	
4	70.76	131.59	78.01	115.89	17.29	2	5	7	
5	78.01	115.89	80.62	110.24	6.23	1	5	
6	80.62	110.24	103.93	59.79	55.57	0	
7	103.93	59.79	114.00	38.00	24.00	1	9	

7	0	79.310	2
1	71.00	143.00	98.89	145.47	28.00	2	5	7	
2	98.89	145.47	150.00	150.00	51.31	1	5	

7	1	223.486	4
1	71.00	143.00	97.94	150.64	28.00	2	5	7	
2	97.94	150.64	155.49	166.97	59.83	1	5	
3	155.49	166.97	249.44	193.63	97.66	0	
4	249.44	193.63	286.00	204.00	38.00	1	1	

7	2	215.796	8
1	71.00	143.00	94.10	127.17	28.00	2	5	7	
2	94.10	127.17	129.02	103.24	42.34	1	5	
3	129.02	103.24	137.26	97.59	9.99	2	4	5	
4	137.26	97.59	191.38	60.49	65.62	1	4	
5	191.38	60.49	213.29	45.48	26.56	0	
6	213.29	45.48	239.93	27.22	32.29	1	3	
7	239.93	27.22	244.71	23.94	5.80	2	2	3	
8	244.71	23.94	249.00	21.00	5.20	1	2	

7	3	191.755	6
1	71.00	143.00	94.80	128.25	28.00	2	5	7	
2	94.80	128.25	129.27	106.90	40.55	1	5	
3	129.27	106.90	141.03	99.61	13.84	2	4	5	
4	141.03	99.61	198.30	64.12	67.37	1	4	
5	198.30	64.12	216.15	53.06	21.00	0	
6	216.15	53.06	234.00	42.00	21.00	1	3	

7	4	110.860	4
1	71.00	143.00	97.01	132.64	28.00	2	5	7	
2	97.01	132.64	132.19	118.64	37.86	1	5	
3	132.19	118.64	153.36	110.22	22.78	2	4	5	
4	153.36	110.22	174.00	102.00	22.22	1	4	

7	5	46.098	2
1	71.00	143.00	98.94	141.18	28.00	2	5	7	
2	98.94	141.18	117.00	140.00	18.10	1	5	

7	6	60.902	4
1	71.00	143.00	70.21	144.40	1.61	2	5	7	
2	70.21	144.40	57.21	167.37	26.39	1	7	
3	57.21	167.37	47.40	184.69	19.90	0	
4	47.40	184.69	41.00	196.00	13.00	1	6	

7	7	0	0

7	8	128.798	4
1	71.00	143.00	94.91	157.57	28.00	2	5	7	
2	94.91	157.57	136.38	182.82	48.55	1	5	
3	136.38	182.82	179.29	208.96	50.25	0	
4	179.29	208.96	181.00	210.00	2.00	1	8	

7	9	113.464	4
1	71.00	143.00	81.61	117.09	28.00	2	5	7	
2	81.61	117.09	87.07	103.76	14.40	1	5	
3	87.07	103.76	104.90	60.21	47.06	0	
4	104.90	60.21	114.00	38.00	24.00	1	9	

8	0	67.535	3
1	181.00	210.00	180.08	208.22	2.00	1	8	
2	180.08	208.22	157.32	164.16	49.60	0	
3	157.32	164.16	150.00	150.00	15.94	1	5	

8	1	105.171	3
1	181.00	210.00	183.00	209.89	2.00	1	8	
2	183.00	209.89	248.06	206.17	65.17	0	
3	248.06	206.17	286.00	204.00	38.00	1	1	

8	2	200.861	7
1	181.00	210.00	181.68	208.12	2.00	1	8	
2	181.68	208.12	210.28	128.63	84.48	0	
3	210.28	128.63	218.93	104.59	25.54	1	4	
4	218.93	104.59	233.89	63.00	44.20	0	
5	233.89	63.00	245.28	31.35	33.64	1	3	
6	245.28	31.35	247.29	25.74	5.96	2	2	3	
7	247.29	25.74	249.00	21.00	5.04	1	2	

8	3	176.162	5
1	181.00	210.00	181.60	208.09	2.00	1	8	
2	181.60	208.09	204.69	134.91	76.74	0	
3	204.69	134.91	218.02	92.66	44.31	1	4	
4	218.02	92.66	227.68	62.03	32.12	0	
5	227.68	62.03	234.00	42.00	21.00	1	3	

8	4	108.227	3
1	181.00	210.00	180.87	208.00	2.00	1	8	
2	180.87	208.00	176.91	146.91	61.23	0	
3	176.91	146.91	174.00	102.00	45.00	0	

8	5	94.847	3
1	181.00	210.00	179.65	208.52	2.00	1	8	
2	179.65	208.52	148.71	174.69	45.85	0	
3	148.71	174.69	117.00	140.00	47.00	1	5	

8	6	140.698	3
1	181.00	210.00	179.01	209.80	2.00	1	8	
2	179.01	209.80	53.94	197.29	125.70	0	
3	53.94	197.29	41.00	196.00	13.00	1	6	

8	7	128.798	4
1	181.00	210.00	179.29	208.96	2.00	1	8	
2	179.29	208.96	136.38	182.82	50.25	0	
3	136.38	182.82	94.91	157.57	48.55	1	5	
4	94.91	157.57	71.00	143.00	28.00	2	5	7	

8	8	0	0

8	9	184.589	7
1	181.00	210.00	180.27	208.14	2.00	1	8	
2	180.27	208.14	160.58	157.59	54.25	0	
3	160.58	157.59	154.78	142.69	15.99	1	5	
4	154.78	142.69	137.20	97.56	48.43	2	4	5	
5	137.20	97.56	132.32	85.03	13.45	1	4	
6	132.32	85.03	122.71	60.36	26.48	0	
7	122.71	60.36	114.00	38.00	24.00	1	9	

9	0	117.644	5
1	114.00	38.00	121.34	60.85	24.00	1	9	
2	121.34	60.85	130.67	89.86	30.47	0	
3	130.67	89.86	132.53	95.64	6.07	1	4	
4	132.53	95.64	145.86	137.11	43.57	1	4	
5	145.86	137.11	150.00	150.00	13.53	1	5	

9	1	239.040	5
1	114.00	38.00	131.27	54.67	24.00	1	9	
2	131.27	54.67	144.82	67.74	18.83	0	
3	144.82	67.74	209.27	129.95	89.57	1	4	
4	209.27	129.95	258.66	177.61	68.64	0	
5	258.66	177.61	286.00	204.00	38.00	1	1	

9	2	136.066	5
1	114.00	38.00	137.81	35.00	24.00	1	9	
2	137.81	35.00	222.68	24.31	85.53	0	
3	222.68	24.31	238.09	22.37	15.53	1	3	
4	238.09	22.37	240.59	22.06	2.52	2	2	3	
5	240.59	22.06	249.00	21.00	8.48	1	2	

9	3	120.067	3
1	114.00	38.00	137.99	38.80	24.00	1	9	
2	137.99	38.80	213.01	41.30	75.07	0	
3	213.01	41.30	234.00	42.00	21.00	1	3	

9	4	87.727	3
1	114.00	38.00	130.41	55.51	24.00	1	9	
2	130.41	55.51	143.22	69.17	18.73	0	
3	143.22	69.17	174.00	102.00	45.00	1	4	

9	5	102.044	3
1	114.00	38.00	114.71	61.99	24.00	0	
2	114.71	61.99	115.62	93.02	31.04	0	
3	115.62	93.02	117.00	140.00	47.00	0	

9	6	174.049	7
1	114.00	38.00	103.93	59.79	24.00	1	9	
2	103.93	59.79	80.62	110.24	55.57	0	
3	80.62	110.24	78.01	115.89	6.23	1	5	
4	78.01	115.89	70.76	131.59	17.29	2	5	7	
5	70.76	131.59	54.90	165.91	37.80	1	7	
6	54.90	165.91	46.45	184.20	20.15	0	
7	46.45	184.20	41.00	196.00	13.00	1	6	

9	7	113.464	4
1	114.00	38.00	104.90	60.21	24.00	1	9	
2	104.90	60.21	87.07	103.76	47.06	0	
3	87.07	103.76	81.61	117.09	14.40	1	5	
4	81.61	117.09	71.00	143.00	28.00	2	5	7	

9	8	184.589	7
1	114.00	38.00	122.71	60.36	24.00	1	9	
2	122.71	60.36	132.32	85.03	26.48	0	
3	132.32	85.03	137.20	97.56	13.45	1	4	
4	137.20	97.56	154.78	142.69	48.43	2	4	5	
5	154.78	142.69	160.58	157.59	15.99	1	5	
6	160.58	157.59	180.27	208.14	54.25	0	
7	180.27	208.14	181.00	210.00	2.00	1	8	

9	9	0	0