9	115	2	0.001	120.0
150.000	150.000	0.000	10.000	0.000
114.000	295.000	45.000	3.000	3.000
229.000	53.000	12.000	1.000	9.000
156.000	95.000	19.000	10.000	12.000
189.000	86.000	42.000	10.000	20.000
253.000	268.000	18.000	2.000	17.000
210.000	60.000	30.000	5.000	14.000
173.000	258.000	35.000	1.000	15.000
187.000	250.000	38.000	10.000	3.000
 


0	0	0	0

0	1	149.402	2
1	150.00	150.00	124.84	251.33	104.40	0	
2	124.84	251.33	114.00	295.00	45.00	1	1	

0	2	125.100	5
1	150.00	150.00	171.16	124.02	33.50	0	
2	171.16	124.02	200.21	88.36	46.00	1	4	
3	200.21	88.36	221.42	62.30	33.60	2	4	6	
4	221.42	62.30	222.62	60.83	1.90	3	2	4	6	
5	222.62	60.83	229.00	53.00	10.10	2	2	6	

0	3	55.326	3
1	150.00	150.00	153.94	113.89	36.33	0	
2	153.94	113.89	154.39	109.79	4.12	1	3	
3	154.39	109.79	156.00	95.00	14.88	2	3	4	

0	4	74.947	2
1	150.00	150.00	167.14	121.87	32.95	0	
2	167.14	121.87	189.00	86.00	42.00	1	4	

0	5	156.630	4
1	150.00	150.00	213.60	222.87	96.72	0	
2	213.60	222.87	217.48	227.31	5.90	1	8	
3	217.48	227.31	241.16	254.44	36.01	0	
4	241.16	254.44	253.00	268.00	18.00	1	5	

0	6	108.167	3
1	150.00	150.00	168.30	122.55	33.00	0	
2	168.30	122.55	193.36	84.96	45.17	1	4	
3	193.36	84.96	210.00	60.00	30.00	2	4	6	

0	7	110.422	3
1	150.00	150.00	164.74	219.20	70.76	0	
2	164.74	219.20	165.71	223.77	4.67	1	8	
3	165.71	223.77	173.00	258.00	35.00	2	7	8	

0	8	106.626	3
1	150.00	150.00	173.81	214.36	68.63	0	
2	173.81	214.36	177.10	223.24	9.47	1	8	
3	177.10	223.24	187.00	250.00	28.53	2	7	8	

1	0	149.402	2
1	114.00	295.00	124.84	251.33	45.00	1	1	
2	124.84	251.33	150.00	150.00	104.40	0	

1	1	0	0

1	2	267.935	6
1	114.00	295.00	133.31	254.36	45.00	1	1	
2	133.31	254.36	193.47	127.76	140.16	0	
3	193.47	127.76	211.43	89.97	41.85	1	4	
4	211.43	89.97	223.85	63.84	28.93	2	4	6	
5	223.85	63.84	224.20	63.09	0.82	3	2	4	6	
6	224.20	63.09	229.00	53.00	11.18	2	2	6	

1	3	204.362	4
1	114.00	295.00	123.25	250.96	45.00	1	1	
2	123.25	250.96	152.10	113.59	140.36	0	
3	152.10	113.59	153.26	108.06	5.66	1	3	
4	153.26	108.06	156.00	95.00	13.34	2	3	4	

1	4	222.050	3
1	114.00	295.00	129.20	252.64	45.00	1	1	
2	129.20	252.64	174.81	125.53	135.05	0	
3	174.81	125.53	189.00	86.00	42.00	1	4	

1	5	141.598	7
1	114.00	295.00	153.81	287.27	40.55	1	1	
2	153.81	287.27	158.17	286.42	4.45	2	1	7	
3	158.17	286.42	170.20	284.08	12.25	1	7	
4	170.20	284.08	201.75	277.95	32.15	2	7	8	
5	201.75	277.95	215.34	275.32	13.84	1	8	
6	215.34	275.32	235.33	271.43	20.36	0	
7	235.33	271.43	253.00	268.00	18.00	1	5	

1	6	253.852	4
1	114.00	295.00	131.02	253.34	45.00	0	
2	131.02	253.34	182.43	127.48	135.96	0	
3	182.43	127.48	198.65	87.77	42.90	1	4	
4	198.65	87.77	210.00	60.00	30.00	2	4	6	

1	7	69.642	4
1	114.00	295.00	143.35	276.60	34.64	1	1	
2	143.35	276.60	152.12	271.09	10.36	2	1	7	
3	152.12	271.09	154.46	269.63	2.76	1	7	
4	154.46	269.63	173.00	258.00	21.88	2	7	8	

1	8	85.755	4
1	114.00	295.00	143.49	276.82	34.64	1	1	
2	143.49	276.82	152.31	271.39	10.36	2	1	7	
3	152.31	271.39	154.65	269.94	2.76	1	7	
4	154.65	269.94	187.00	250.00	38.00	2	7	8	

2	0	125.100	5
1	229.00	53.00	222.62	60.83	10.10	2	2	6	
2	222.62	60.83	221.42	62.30	1.90	3	2	4	6	
3	221.42	62.30	200.21	88.36	33.60	2	4	6	
4	200.21	88.36	171.16	124.02	46.00	1	4	
5	171.16	124.02	150.00	150.00	33.50	0	

2	1	267.935	6
1	229.00	53.00	224.20	63.09	11.18	2	2	6	
2	224.20	63.09	223.85	63.84	0.82	3	2	4	6	
3	223.85	63.84	211.43	89.97	28.93	2	4	6	
4	211.43	89.97	193.47	127.76	41.85	1	4	
5	193.47	127.76	133.31	254.36	140.16	0	
6	133.31	254.36	114.00	295.00	45.00	1	1	

2	2	0	0

2	3	84.220	5
1	229.00	53.00	220.31	58.00	10.03	2	2	6	
2	220.31	58.00	218.60	58.98	1.97	3	2	4	6	
3	218.60	58.98	185.86	77.82	37.77	2	4	6	
4	185.86	77.82	172.47	85.52	15.45	1	4	
5	172.47	85.52	156.00	95.00	19.00	2	3	4	

2	4	51.856	4
1	229.00	53.00	221.40	59.27	9.86	2	2	6	
2	221.40	59.27	219.74	60.64	2.14	3	2	4	6	
3	219.74	60.64	191.70	83.77	36.35	2	4	6	
4	191.70	83.77	189.00	86.00	3.50	1	4	

2	5	216.335	4
1	229.00	53.00	230.33	64.93	12.00	2	2	6	
2	230.33	64.93	232.05	80.34	15.51	1	6	
3	232.05	80.34	251.00	250.11	170.83	0	
4	251.00	250.11	253.00	268.00	18.00	1	5	

2	6	20.248	3
1	229.00	53.00	219.06	56.66	10.60	2	2	6	
2	219.06	56.66	217.74	57.15	1.40	3	2	4	6	
3	217.74	57.15	210.00	60.00	8.25	2	4	6	

2	7	212.511	7
1	229.00	53.00	225.84	64.58	12.00	2	2	6	
2	225.84	64.58	225.61	65.41	0.87	1	6	
3	225.61	65.41	219.30	88.52	23.96	2	4	6	
4	219.30	88.52	210.06	122.34	35.05	1	4	
5	210.06	122.34	185.56	212.03	92.97	0	
6	185.56	212.03	182.22	224.24	12.66	1	8	
7	182.22	224.24	173.00	258.00	35.00	2	7	8	

2	8	201.427	7
1	229.00	53.00	226.50	64.74	12.00	2	2	6	
2	226.50	64.74	226.14	66.40	1.70	1	6	
3	226.14	66.40	221.61	87.66	21.74	2	4	6	
4	221.61	87.66	214.92	119.05	32.09	1	4	
5	214.92	119.05	194.92	212.84	95.89	0	
6	194.92	212.84	191.61	228.36	15.87	0	
7	191.61	228.36	187.00	250.00	22.13	2	7	8	

3	0	55.326	3
1	156.00	95.00	154.39	109.79	14.88	2	3	4	
2	154.39	109.79	153.94	113.89	4.12	1	3	
3	153.94	113.89	150.00	150.00	36.33	0	

3	1	204.362	4
1	156.00	95.00	153.26	108.06	13.34	2	3	4	
2	153.26	108.06	152.10	113.59	5.66	1	3	
3	152.10	113.59	123.25	250.96	140.36	0	
4	123.25	250.96	114.00	295.00	45.00	1	1	

3	2	84.220	5
1	156.00	95.00	172.47	85.52	19.00	2	3	4	
2	172.47	85.52	185.86	77.82	15.45	1	4	
3	185.86	77.82	218.60	58.98	37.77	2	4	6	
4	218.60	58.98	220.31	58.00	1.97	3	2	4	6	
5	220.31	58.00	229.00	53.00	10.03	2	2	6	

3	3	0	0

3	4	34.205	2
1	156.00	95.00	174.33	90.00	19.00	2	3	4	
2	174.33	90.00	189.00	86.00	15.21	1	4	

3	5	198.338	4
1	156.00	95.00	165.29	111.57	19.00	2	3	4	
2	165.29	111.57	172.64	124.68	15.03	1	4	
3	172.64	124.68	244.20	252.30	146.31	0	
4	244.20	252.30	253.00	268.00	18.00	1	5	

3	6	64.351	3
1	156.00	95.00	171.94	84.67	19.00	2	3	4	
2	171.94	84.67	184.83	76.32	15.35	1	4	
3	184.83	76.32	210.00	60.00	30.00	2	4	6	

3	7	163.884	5
1	156.00	95.00	157.97	113.90	19.00	2	3	4	
2	157.97	113.90	158.02	114.36	0.46	1	4	
3	158.02	114.36	168.69	216.70	102.90	0	
4	168.69	216.70	169.37	223.19	6.52	1	8	
5	169.37	223.19	173.00	258.00	35.00	2	7	8	

3	8	158.070	5
1	156.00	95.00	159.73	113.63	19.00	2	3	4	
2	159.73	113.63	160.34	116.70	3.13	0	
3	160.34	116.70	179.55	212.74	97.94	0	
4	179.55	212.74	181.83	224.13	11.62	1	8	
5	181.83	224.13	187.00	250.00	26.38	1	8	

4	0	74.947	2
1	189.00	86.00	167.14	121.87	42.00	1	4	
2	167.14	121.87	150.00	150.00	32.95	0	

4	1	222.050	3
1	189.00	86.00	174.81	125.53	42.00	1	4	
2	174.81	125.53	129.20	252.64	135.05	0	
3	129.20	252.64	114.00	295.00	45.00	1	1	

4	2	51.856	4
1	189.00	86.00	191.70	83.77	3.50	1	4	
2	191.70	83.77	219.74	60.64	36.35	2	4	6	
3	219.74	60.64	221.40	59.27	2.14	3	2	4	6	
4	221.40	59.27	229.00	53.00	9.86	2	2	6	

4	3	34.205	2
1	189.00	86.00	174.33	90.00	15.21	1	4	
2	174.33	90.00	156.00	95.00	19.00	2	3	4	

4	4	0	0

4	5	192.925	3
1	189.00	86.00	202.93	125.62	42.00	1	4	
2	202.93	125.62	247.03	251.02	132.92	0	
3	247.03	251.02	253.00	268.00	18.00	1	5	

4	6	33.422	2
1	189.00	86.00	191.15	83.34	3.42	1	4	
2	191.15	83.34	210.00	60.00	30.00	2	4	6	

4	7	172.743	4
1	189.00	86.00	185.11	127.82	42.00	0	
2	185.11	127.82	177.16	213.30	85.85	0	
3	177.16	213.30	176.24	223.15	9.90	0	
4	176.24	223.15	173.00	258.00	35.00	2	7	8	

4	8	164.012	4
1	189.00	86.00	188.49	128.00	42.00	0	
2	188.49	128.00	187.46	212.00	84.01	0	
3	187.46	212.00	187.29	226.05	14.05	0	
4	187.29	226.05	187.00	250.00	23.95	1	8	

5	0	156.630	4
1	253.00	268.00	241.16	254.44	18.00	1	5	
2	241.16	254.44	217.48	227.31	36.01	0	
3	217.48	227.31	213.60	222.87	5.90	1	8	
4	213.60	222.87	150.00	150.00	96.72	0	

5	1	141.598	7
1	253.00	268.00	235.33	271.43	18.00	1	5	
2	235.33	271.43	215.34	275.32	20.36	0	
3	215.34	275.32	201.75	277.95	13.84	1	8	
4	201.75	277.95	170.20	284.08	32.15	2	7	8	
5	170.20	284.08	158.17	286.42	12.25	1	7	
6	158.17	286.42	153.81	287.27	4.45	2	1	7	
7	153.81	287.27	114.00	295.00	40.55	1	1	

5	2	216.335	4
1	253.00	268.00	251.00	250.11	18.00	1	5	
2	251.00	250.11	232.05	80.34	170.83	0	
3	232.05	80.34	230.33	64.93	15.51	1	6	
4	230.33	64.93	229.00	53.00	12.00	2	2	6	

5	3	198.338	4
1	253.00	268.00	244.20	252.30	18.00	1	5	
2	244.20	252.30	172.64	124.68	146.31	0	
3	172.64	124.68	165.29	111.57	15.03	1	4	
4	165.29	111.57	156.00	95.00	19.00	2	3	4	

5	4	192.925	3
1	253.00	268.00	247.03	251.02	18.00	1	5	
2	247.03	251.02	202.93	125.62	132.92	0	
3	202.93	125.62	189.00	86.00	42.00	1	4	

5	5	0	0

5	6	212.398	4
1	253.00	268.00	249.36	250.37	18.00	1	5	
2	249.36	250.37	221.00	113.20	140.07	0	
3	221.00	113.20	216.07	89.38	24.33	1	4	
4	216.07	89.38	210.00	60.00	30.00	2	4	6	

5	7	80.623	4
1	253.00	268.00	235.14	265.77	18.00	1	5	
2	235.14	265.77	222.26	264.16	12.98	0	
3	222.26	264.16	207.73	262.34	14.65	1	8	
4	207.73	262.34	173.00	258.00	35.00	2	7	8	

5	8	68.411	4
1	253.00	268.00	235.63	263.26	18.00	1	5	
2	235.63	263.26	223.66	260.00	12.41	0	
3	223.66	260.00	207.92	255.71	16.31	1	8	
4	207.92	255.71	187.00	250.00	21.69	2	7	8	

6	0	108.167	3
1	210.00	60.00	193.36	84.96	30.00	2	4	6	
2	193.36	84.96	168.30	122.55	45.17	1	4	
3	168.30	122.55	150.00	150.00	33.00	0	

6	1	253.852	4
1	210.00	60.00	198.65	87.77	30.00	2	4	6	
2	198.65	87.77	182.43	127.48	42.90	1	4	
3	182.43	127.48	131.02	253.34	135.96	0	
4	131.02	253.34	114.00	295.00	45.00	0	

6	2	20.248	3
1	210.00	60.00	217.74	57.15	8.25	2	4	6	
2	217.74	57.15	219.06	56.66	1.40	3	2	4	6	
3	219.06	56.66	229.00	53.00	10.60	2	2	6	

6	3	64.351	3
1	210.00	60.00	184.83	76.32	30.00	2	4	6	
2	184.83	76.32	171.94	84.67	15.35	1	4	
3	171.94	84.67	156.00	95.00	19.00	2	3	4	

6	4	33.422	2
1	210.00	60.00	191.15	83.34	30.00	2	4	6	
2	191.15	83.34	189.00	86.00	3.42	1	4	

6	5	212.398	4
1	210.00	60.00	216.07	89.38	30.00	2	4	6	
2	216.07	89.38	221.00	113.20	24.33	1	4	
3	221.00	113.20	249.36	250.37	140.07	0	
4	249.36	250.37	253.00	268.00	18.00	1	5	

6	6	0	0

6	7	201.427	5
1	210.00	60.00	204.49	89.49	30.00	1	4	
2	204.49	89.49	197.45	127.14	38.30	1	4	
3	197.45	127.14	181.52	212.40	86.73	0	
4	181.52	212.40	179.43	223.60	11.39	1	8	
5	179.43	223.60	173.00	258.00	35.00	2	7	8	

6	8	191.387	5
1	210.00	60.00	206.39	89.78	30.00	1	4	
2	206.39	89.78	202.02	125.93	36.41	0	
3	202.02	125.93	191.57	212.28	86.97	0	
4	191.57	212.28	189.75	227.27	15.10	0	
5	189.75	227.27	187.00	250.00	22.90	2	7	8	

7	0	110.422	3
1	173.00	258.00	165.71	223.77	35.00	2	7	8	
2	165.71	223.77	164.74	219.20	4.67	1	8	
3	164.74	219.20	150.00	150.00	70.76	0	

7	1	69.642	4
1	173.00	258.00	154.46	269.63	21.88	2	7	8	
2	154.46	269.63	152.12	271.09	2.76	1	7	
3	152.12	271.09	143.35	276.60	10.36	2	1	7	
4	143.35	276.60	114.00	295.00	34.64	1	1	

7	2	212.511	7
1	173.00	258.00	182.22	224.24	35.00	2	7	8	
2	182.22	224.24	185.56	212.03	12.66	1	8	
3	185.56	212.03	210.06	122.34	92.97	0	
4	210.06	122.34	219.30	88.52	35.05	1	4	
5	219.30	88.52	225.61	65.41	23.96	2	4	6	
6	225.61	65.41	225.84	64.58	0.87	1	6	
7	225.84	64.58	229.00	53.00	12.00	2	2	6	

7	3	163.884	5
1	173.00	258.00	169.37	223.19	35.00	2	7	8	
2	169.37	223.19	168.69	216.70	6.52	1	8	
3	168.69	216.70	158.02	114.36	102.90	0	
4	158.02	114.36	157.97	113.90	0.46	1	4	
5	157.97	113.90	156.00	95.00	19.00	2	3	4	

7	4	172.743	4
1	173.00	258.00	176.24	223.15	35.00	2	7	8	
2	176.24	223.15	177.16	213.30	9.90	0	
3	177.16	213.30	185.11	127.82	85.85	0	
4	185.11	127.82	189.00	86.00	42.00	0	

7	5	80.623	4
1	173.00	258.00	207.73	262.34	35.00	2	7	8	
2	207.73	262.34	222.26	264.16	14.65	1	8	
3	222.26	264.16	235.14	265.77	12.98	0	
4	235.14	265.77	253.00	268.00	18.00	1	5	

7	6	201.427	5
1	173.00	258.00	179.43	223.60	35.00	2	7	8	
2	179.43	223.60	181.52	212.40	11.39	1	8	
3	181.52	212.40	197.45	127.14	86.73	0	
4	197.45	127.14	204.49	89.49	38.30	1	4	
5	204.49	89.49	210.00	60.00	30.00	1	4	

7	7	0	0

7	8	16.125	1
1	173.00	258.00	187.00	250.00	16.12	2	7	8	

8	0	106.626	3
1	187.00	250.00	177.10	223.24	28.53	2	7	8	
2	177.10	223.24	173.81	214.36	9.47	1	8	
3	173.81	214.36	150.00	150.00	68.63	0	

8	1	85.755	4
1	187.00	250.00	154.65	269.94	38.00	2	7	8	
2	154.65	269.94	152.31	271.39	2.76	1	7	
3	152.31	271.39	143.49	276.82	10.36	2	1	7	
4	143.49	276.82	114.00	295.00	34.64	1	1	

8	2	201.427	7
1	187.00	250.00	191.61	228.36	22.13	2	7	8	
2	191.61	228.36	194.92	212.84	15.87	0	
3	194.92	212.84	214.92	119.05	95.89	0	
4	214.92	119.05	221.61	87.66	32.09	1	4	
5	221.61	87.66	226.14	66.40	21.74	2	4	6	
6	226.14	66.40	226.50	64.74	1.70	1	6	
7	226.50	64.74	229.00	53.00	12.00	2	2	6	

8	3	158.070	5
1	187.00	250.00	181.83	224.13	26.38	1	8	
2	181.83	224.13	179.55	212.74	11.62	1	8	
3	179.55	212.74	160.34	116.70	97.94	0	
4	160.34	116.70	159.73	113.63	3.13	0	
5	159.73	113.63	156.00	95.00	19.00	2	3	4	

8	4	164.012	4
1	187.00	250.00	187.29	226.05	23.95	1	8	
2	187.29	226.05	187.46	212.00	14.05	0	
3	187.46	212.00	188.49	128.00	84.01	0	
4	188.49	128.00	189.00	86.00	42.00	0	

8	5	68.411	4
1	187.00	250.00	207.92	255.71	21.69	2	7	8	
2	207.92	255.71	223.66	260.00	16.31	1	8	
3	223.66	260.00	235.63	263.26	12.41	0	
4	235.63	263.26	253.00	268.00	18.00	1	5	

8	6	191.387	5
1	187.00	250.00	189.75	227.27	22.90	2	7	8	
2	189.75	227.27	191.57	212.28	15.10	0	
3	191.57	212.28	202.02	125.93	86.97	0	
4	202.02	125.93	206.39	89.78	36.41	0	
5	206.39	89.78	210.00	60.00	30.00	1	4	

8	7	16.125	1
1	187.00	250.00	173.00	258.00	16.12	2	7	8	

8	8	0	0
