9	101	2	0.001	70.0
150.000	150.000	0.000	4.000	0.000
147.000	187.000	27.000	9.000	9.000
119.000	69.000	24.000	6.000	10.000
275.000	162.000	27.000	5.000	2.000
22.000	31.000	32.000	8.000	6.000
176.000	171.000	21.000	8.000	11.000
280.000	252.000	8.000	8.000	5.000
212.000	234.000	5.000	9.000	11.000
15.000	149.000	18.000	8.000	3.000
 


0	0	0	0

0	1	37.121	2
1	150.00	150.00	149.18	160.09	10.12	0	
2	149.18	160.09	147.00	187.00	27.00	1	1	

0	2	86.729	2
1	150.00	150.00	127.58	91.41	62.73	0	
2	127.58	91.41	119.00	69.00	24.00	1	2	

0	3	125.575	4
1	150.00	150.00	167.72	151.70	17.80	0	
2	167.72	151.70	187.80	153.63	20.17	1	5	
3	187.80	153.63	248.12	159.42	60.60	0	
4	248.12	159.42	275.00	162.00	27.00	1	3	

0	4	174.771	2
1	150.00	150.00	45.44	52.79	142.77	0	
2	45.44	52.79	22.00	31.00	32.00	1	4	

0	5	33.422	2
1	150.00	150.00	159.66	157.80	12.42	0	
2	159.66	157.80	176.00	171.00	21.00	1	5	

0	6	165.239	4
1	150.00	150.00	159.77	157.67	12.42	0	
2	159.77	157.67	192.81	183.59	41.99	1	5	
3	192.81	183.59	273.71	247.06	102.83	0	
4	273.71	247.06	280.00	252.00	8.00	1	6	

0	7	104.403	6
1	150.00	150.00	157.79	160.55	13.11	0	
2	157.79	160.55	159.74	163.19	3.29	1	5	
3	159.74	163.19	173.50	181.84	23.18	2	1	5	
4	173.50	181.84	180.62	191.49	11.99	1	5	
5	180.62	191.49	209.03	229.98	47.84	0	
6	209.03	229.98	212.00	234.00	5.00	1	7	

0	8	135.004	2
1	150.00	150.00	33.00	149.13	117.00	0	
2	33.00	149.13	15.00	149.00	18.00	1	8	

1	0	37.121	2
1	147.00	187.00	149.18	160.09	27.00	1	1	
2	149.18	160.09	150.00	150.00	10.12	0	

1	1	0	0

1	2	121.277	3
1	147.00	187.00	140.77	160.73	27.00	1	1	
2	140.77	160.73	124.54	92.35	70.28	0	
3	124.54	92.35	119.00	69.00	24.00	0	

1	3	130.419	5
1	147.00	187.00	159.90	184.48	13.14	1	1	
2	159.90	184.48	173.50	181.82	13.86	2	1	5	
3	173.50	181.82	195.99	177.43	22.92	1	5	
4	195.99	177.43	248.50	167.18	53.50	0	
5	248.50	167.18	275.00	162.00	27.00	1	3	

1	4	199.902	3
1	147.00	187.00	130.12	165.93	27.00	1	1	
2	130.12	165.93	42.01	55.97	140.90	0	
3	42.01	55.97	22.00	31.00	32.00	1	4	

1	5	33.121	3
1	147.00	187.00	157.61	181.14	12.12	1	1	
2	157.61	181.14	170.64	173.96	14.88	2	1	5	
3	170.64	173.96	176.00	171.00	6.12	1	5	

1	6	148.034	3
1	147.00	187.00	171.26	198.86	27.00	1	1	
2	171.26	198.86	272.81	248.49	113.03	0	
3	272.81	248.49	280.00	252.00	8.00	1	6	

1	7	80.212	3
1	147.00	187.00	168.88	202.82	27.00	1	1	
2	168.88	202.82	207.95	231.07	48.21	0	
3	207.95	231.07	212.00	234.00	5.00	1	7	

1	8	137.361	3
1	147.00	187.00	121.05	179.53	27.00	1	1	
2	121.05	179.53	32.30	153.98	92.36	0	
3	32.30	153.98	15.00	149.00	18.00	1	8	

2	0	86.729	2
1	119.00	69.00	127.58	91.41	24.00	1	2	
2	127.58	91.41	150.00	150.00	62.73	0	

2	1	121.277	3
1	119.00	69.00	124.54	92.35	24.00	0	
2	124.54	92.35	140.77	160.73	70.28	0	
3	140.77	160.73	147.00	187.00	27.00	1	1	

2	2	0	0

2	3	181.618	3
1	119.00	69.00	139.61	81.29	24.00	1	2	
2	139.61	81.29	251.81	148.17	130.62	0	
3	251.81	148.17	275.00	162.00	27.00	1	3	

2	4	104.178	3
1	119.00	69.00	96.65	60.25	24.00	1	2	
2	96.65	60.25	51.80	42.67	48.18	0	
3	51.80	42.67	22.00	31.00	32.00	1	4	

2	5	116.846	3
1	119.00	69.00	130.71	89.95	24.00	1	2	
2	130.71	89.95	165.76	152.67	71.85	0	
3	165.76	152.67	176.00	171.00	21.00	1	5	

2	6	243.742	3
1	119.00	69.00	134.85	87.02	24.00	1	2	
2	134.85	87.02	274.72	245.99	211.74	0	
3	274.72	245.99	280.00	252.00	8.00	1	6	

2	7	189.404	5
1	119.00	69.00	130.78	89.91	24.00	1	2	
2	130.78	89.91	166.06	152.50	71.85	0	
3	166.06	152.50	186.68	189.08	41.99	1	5	
4	186.68	189.08	209.54	229.64	46.56	0	
5	209.54	229.64	212.00	234.00	5.00	1	7	

2	8	131.210	3
1	119.00	69.00	99.98	83.63	24.00	1	2	
2	99.98	83.63	29.27	138.03	89.21	0	
3	29.27	138.03	15.00	149.00	18.00	1	8	

3	0	125.575	4
1	275.00	162.00	248.12	159.42	27.00	1	3	
2	248.12	159.42	187.80	153.63	60.60	0	
3	187.80	153.63	167.72	151.70	20.17	1	5	
4	167.72	151.70	150.00	150.00	17.80	0	

3	1	130.419	5
1	275.00	162.00	248.50	167.18	27.00	1	3	
2	248.50	167.18	195.99	177.43	53.50	0	
3	195.99	177.43	173.50	181.82	22.92	1	5	
4	173.50	181.82	159.90	184.48	13.86	2	1	5	
5	159.90	184.48	147.00	187.00	13.14	1	1	

3	2	181.618	3
1	275.00	162.00	251.81	148.17	27.00	1	3	
2	251.81	148.17	139.61	81.29	130.62	0	
3	139.61	81.29	119.00	69.00	24.00	1	2	

3	3	0	0

3	4	284.903	5
1	275.00	162.00	251.02	149.59	27.00	1	3	
2	251.02	149.59	133.02	88.48	132.89	0	
3	133.02	88.48	95.00	68.80	42.81	1	2	
4	95.00	68.80	50.42	45.71	50.21	0	
5	50.42	45.71	22.00	31.00	32.00	1	4	

3	5	99.408	3
1	275.00	162.00	248.11	164.44	27.00	1	3	
2	248.11	164.44	196.91	169.10	51.41	0	
3	196.91	169.10	176.00	171.00	21.00	1	5	

3	6	90.139	3
1	275.00	162.00	276.50	188.96	27.00	1	3	
2	276.50	188.96	279.56	244.01	55.14	0	
3	279.56	244.01	280.00	252.00	8.00	0	

3	7	95.671	3
1	275.00	162.00	257.22	182.32	27.00	1	3	
2	257.22	182.32	215.29	230.24	63.67	0	
3	215.29	230.24	212.00	234.00	5.00	1	7	

3	8	260.325	5
1	275.00	162.00	248.03	160.65	27.00	1	3	
2	248.03	160.65	192.39	157.87	55.71	0	
3	192.39	157.87	161.00	156.30	31.43	1	5	
4	161.00	156.30	32.98	149.90	128.19	0	
5	32.98	149.90	15.00	149.00	18.00	1	8	

4	0	174.771	2
1	22.00	31.00	45.44	52.79	32.00	1	4	
2	45.44	52.79	150.00	150.00	142.77	0	

4	1	199.902	3
1	22.00	31.00	42.01	55.97	32.00	1	4	
2	42.01	55.97	130.12	165.93	140.90	0	
3	130.12	165.93	147.00	187.00	27.00	1	1	

4	2	104.178	3
1	22.00	31.00	51.80	42.67	32.00	1	4	
2	51.80	42.67	96.65	60.25	48.18	0	
3	96.65	60.25	119.00	69.00	24.00	1	2	

4	3	284.903	5
1	22.00	31.00	50.42	45.71	32.00	1	4	
2	50.42	45.71	95.00	68.80	50.21	0	
3	95.00	68.80	133.02	88.48	42.81	1	2	
4	133.02	88.48	251.02	149.59	132.89	0	
5	251.02	149.59	275.00	162.00	27.00	1	3	

4	4	0	0

4	5	208.125	3
1	22.00	31.00	45.68	52.53	32.00	1	4	
2	45.68	52.53	160.46	156.87	155.13	0	
3	160.46	156.87	176.00	171.00	21.00	1	5	

4	6	339.713	5
1	22.00	31.00	46.30	51.82	32.00	1	4	
2	46.30	51.82	164.74	153.27	155.95	0	
3	164.74	153.27	195.25	179.40	40.16	1	5	
4	195.25	179.40	273.92	246.80	103.60	0	
5	273.92	246.80	280.00	252.00	8.00	1	6	

4	7	278.045	7
1	22.00	31.00	43.87	54.36	32.00	1	4	
2	43.87	54.36	143.02	160.30	145.09	0	
3	143.02	160.30	155.12	173.23	17.71	1	1	
4	155.12	173.23	172.40	191.69	25.29	2	1	5	
5	172.40	191.69	173.38	192.74	1.44	1	1	
6	173.38	192.74	208.58	230.35	51.51	0	
7	208.58	230.35	212.00	234.00	5.00	1	7	

4	8	118.207	3
1	22.00	31.00	20.11	62.94	32.00	0	
2	20.11	62.94	16.07	131.03	68.21	0	
3	16.07	131.03	15.00	149.00	18.00	1	8	

5	0	33.422	2
1	176.00	171.00	159.66	157.80	21.00	1	5	
2	159.66	157.80	150.00	150.00	12.42	0	

5	1	33.121	3
1	176.00	171.00	170.64	173.96	6.12	1	5	
2	170.64	173.96	157.61	181.14	14.88	2	1	5	
3	157.61	181.14	147.00	187.00	12.12	1	1	

5	2	116.846	3
1	176.00	171.00	165.76	152.67	21.00	1	5	
2	165.76	152.67	130.71	89.95	71.85	0	
3	130.71	89.95	119.00	69.00	24.00	1	2	

5	3	99.408	3
1	176.00	171.00	196.91	169.10	21.00	1	5	
2	196.91	169.10	248.11	164.44	51.41	0	
3	248.11	164.44	275.00	162.00	27.00	1	3	

5	4	208.125	3
1	176.00	171.00	160.46	156.87	21.00	1	5	
2	160.46	156.87	45.68	52.53	155.13	0	
3	45.68	52.53	22.00	31.00	32.00	1	4	

5	5	0	0

5	6	131.822	3
1	176.00	171.00	192.57	183.90	21.00	1	5	
2	192.57	183.90	273.69	247.08	102.82	0	
3	273.69	247.08	280.00	252.00	8.00	1	6	

5	7	72.560	3
1	176.00	171.00	186.42	189.23	21.00	1	5	
2	186.42	189.23	209.52	229.66	46.56	0	
3	209.52	229.66	212.00	234.00	5.00	1	7	

5	8	162.496	5
1	176.00	171.00	167.89	169.89	8.19	1	5	
2	167.89	169.89	155.19	168.16	12.81	2	1	5	
3	155.19	168.16	131.47	164.91	23.95	1	1	
4	131.47	164.91	32.83	151.44	99.55	0	
5	32.83	151.44	15.00	149.00	18.00	1	8	

6	0	165.239	4
1	280.00	252.00	273.71	247.06	8.00	1	6	
2	273.71	247.06	192.81	183.59	102.83	0	
3	192.81	183.59	159.77	157.67	41.99	1	5	
4	159.77	157.67	150.00	150.00	12.42	0	

6	1	148.034	3
1	280.00	252.00	272.81	248.49	8.00	1	6	
2	272.81	248.49	171.26	198.86	113.03	0	
3	171.26	198.86	147.00	187.00	27.00	1	1	

6	2	243.742	3
1	280.00	252.00	274.72	245.99	8.00	1	6	
2	274.72	245.99	134.85	87.02	211.74	0	
3	134.85	87.02	119.00	69.00	24.00	1	2	

6	3	90.139	3
1	280.00	252.00	279.56	244.01	8.00	0	
2	279.56	244.01	276.50	188.96	55.14	0	
3	276.50	188.96	275.00	162.00	27.00	1	3	

6	4	339.713	5
1	280.00	252.00	273.92	246.80	8.00	1	6	
2	273.92	246.80	195.25	179.40	103.60	0	
3	195.25	179.40	164.74	153.27	40.16	1	5	
4	164.74	153.27	46.30	51.82	155.95	0	
5	46.30	51.82	22.00	31.00	32.00	1	4	

6	5	131.822	3
1	280.00	252.00	273.69	247.08	8.00	1	6	
2	273.69	247.08	192.57	183.90	102.82	0	
3	192.57	183.90	176.00	171.00	21.00	1	5	

6	6	0	0

6	7	70.342	3
1	280.00	252.00	272.27	249.95	8.00	1	6	
2	272.27	249.95	216.83	235.28	57.34	0	
3	216.83	235.28	212.00	234.00	5.00	1	7	

6	8	284.313	5
1	280.00	252.00	272.54	249.10	8.00	1	6	
2	272.54	249.10	164.86	207.25	115.53	0	
3	164.86	207.25	120.15	189.87	47.97	1	1	
4	120.15	189.87	31.78	155.52	94.82	0	
5	31.78	155.52	15.00	149.00	18.00	1	8	

7	0	104.403	6
1	212.00	234.00	209.03	229.98	5.00	1	7	
2	209.03	229.98	180.62	191.49	47.84	0	
3	180.62	191.49	173.50	181.84	11.99	1	5	
4	173.50	181.84	159.74	163.19	23.18	2	1	5	
5	159.74	163.19	157.79	160.55	3.29	1	5	
6	157.79	160.55	150.00	150.00	13.11	0	

7	1	80.212	3
1	212.00	234.00	207.95	231.07	5.00	1	7	
2	207.95	231.07	168.88	202.82	48.21	0	
3	168.88	202.82	147.00	187.00	27.00	1	1	

7	2	189.404	5
1	212.00	234.00	209.54	229.64	5.00	1	7	
2	209.54	229.64	186.68	189.08	46.56	0	
3	186.68	189.08	166.06	152.50	41.99	1	5	
4	166.06	152.50	130.78	89.91	71.85	0	
5	130.78	89.91	119.00	69.00	24.00	1	2	

7	3	95.671	3
1	212.00	234.00	215.29	230.24	5.00	1	7	
2	215.29	230.24	257.22	182.32	63.67	0	
3	257.22	182.32	275.00	162.00	27.00	1	3	

7	4	278.045	7
1	212.00	234.00	208.58	230.35	5.00	1	7	
2	208.58	230.35	173.38	192.74	51.51	0	
3	173.38	192.74	172.40	191.69	1.44	1	1	
4	172.40	191.69	155.12	173.23	25.29	2	1	5	
5	155.12	173.23	143.02	160.30	17.71	1	1	
6	143.02	160.30	43.87	54.36	145.09	0	
7	43.87	54.36	22.00	31.00	32.00	1	4	

7	5	72.560	3
1	212.00	234.00	209.52	229.66	5.00	1	7	
2	209.52	229.66	186.42	189.23	46.56	0	
3	186.42	189.23	176.00	171.00	21.00	1	5	

7	6	70.342	3
1	212.00	234.00	216.83	235.28	5.00	1	7	
2	216.83	235.28	272.27	249.95	57.34	0	
3	272.27	249.95	280.00	252.00	8.00	1	6	

7	7	0	0

7	8	214.555	5
1	212.00	234.00	207.41	232.02	5.00	1	7	
2	207.41	232.02	159.06	211.16	52.66	0	
3	159.06	211.16	121.15	194.80	41.29	1	1	
4	121.15	194.80	31.53	156.13	97.61	0	
5	31.53	156.13	15.00	149.00	18.00	1	8	

8	0	135.004	2
1	15.00	149.00	33.00	149.13	18.00	1	8	
2	33.00	149.13	150.00	150.00	117.00	0	

8	1	137.361	3
1	15.00	149.00	32.30	153.98	18.00	1	8	
2	32.30	153.98	121.05	179.53	92.36	0	
3	121.05	179.53	147.00	187.00	27.00	1	1	

8	2	131.210	3
1	15.00	149.00	29.27	138.03	18.00	1	8	
2	29.27	138.03	99.98	83.63	89.21	0	
3	99.98	83.63	119.00	69.00	24.00	1	2	

8	3	260.325	5
1	15.00	149.00	32.98	149.90	18.00	1	8	
2	32.98	149.90	161.00	156.30	128.19	0	
3	161.00	156.30	192.39	157.87	31.43	1	5	
4	192.39	157.87	248.03	160.65	55.71	0	
5	248.03	160.65	275.00	162.00	27.00	1	3	

8	4	118.207	3
1	15.00	149.00	16.07	131.03	18.00	1	8	
2	16.07	131.03	20.11	62.94	68.21	0	
3	20.11	62.94	22.00	31.00	32.00	0	

8	5	162.496	5
1	15.00	149.00	32.83	151.44	18.00	1	8	
2	32.83	151.44	131.47	164.91	99.55	0	
3	131.47	164.91	155.19	168.16	23.95	1	1	
4	155.19	168.16	167.89	169.89	12.81	2	1	5	
5	167.89	169.89	176.00	171.00	8.19	1	5	

8	6	284.313	5
1	15.00	149.00	31.78	155.52	18.00	1	8	
2	31.78	155.52	120.15	189.87	94.82	0	
3	120.15	189.87	164.86	207.25	47.97	1	1	
4	164.86	207.25	272.54	249.10	115.53	0	
5	272.54	249.10	280.00	252.00	8.00	1	6	

8	7	214.555	5
1	15.00	149.00	31.53	156.13	18.00	1	8	
2	31.53	156.13	121.15	194.80	97.61	0	
3	121.15	194.80	159.06	211.16	41.29	1	1	
4	159.06	211.16	207.41	232.02	52.66	0	
5	207.41	232.02	212.00	234.00	5.00	1	7	

8	8	0	0
