9	95	2	0.001	100.0
150.000	150.000	0.000	6.000	0.000
29.000	130.000	44.000	4.000	9.000
30.000	195.000	35.000	2.000	2.000
203.000	210.000	35.000	8.000	15.000
101.000	107.000	32.000	10.000	4.000
176.000	245.000	20.000	3.000	1.000
203.000	114.000	22.000	9.000	3.000
29.000	288.000	44.000	10.000	18.000
244.000	115.000	3.000	6.000	6.000
 


0	0	0	0

0	1	122.642	2
1	150.00	150.00	72.41	137.18	78.64	0	
2	72.41	137.18	29.00	130.00	44.00	1	1	

0	2	128.160	2
1	150.00	150.00	62.77	182.71	93.16	0	
2	62.77	182.71	30.00	195.00	35.00	1	2	

0	3	80.056	2
1	150.00	150.00	179.83	183.77	45.06	0	
2	179.83	183.77	203.00	210.00	35.00	1	3	

0	4	65.192	2
1	150.00	150.00	125.05	128.11	33.19	0	
2	125.05	128.11	101.00	107.00	32.00	1	4	

0	5	98.494	2
1	150.00	150.00	170.72	225.71	78.49	0	
2	170.72	225.71	176.00	245.00	20.00	1	5	

0	6	64.070	2
1	150.00	150.00	184.80	126.36	42.07	0	
2	184.80	126.36	203.00	114.00	22.00	1	6	

0	7	183.535	2
1	150.00	150.00	58.01	254.92	139.53	0	
2	58.01	254.92	29.00	288.00	44.00	1	7	

0	8	100.305	4
1	150.00	150.00	193.45	133.82	46.37	0	
2	193.45	133.82	223.19	122.75	31.73	1	6	
3	223.19	122.75	241.19	116.05	19.21	0	
4	241.19	116.05	244.00	115.00	3.00	1	8	

1	0	122.642	2
1	29.00	130.00	72.41	137.18	44.00	1	1	
2	72.41	137.18	150.00	150.00	78.64	0	

1	1	0	0

1	2	65.008	3
1	29.00	130.00	29.46	160.00	30.01	1	1	
2	29.46	160.00	29.68	173.99	13.99	2	1	2	
3	29.68	173.99	30.00	195.00	21.01	1	2	

1	3	191.510	3
1	29.00	130.00	68.98	148.38	44.00	1	1	
2	68.98	148.38	171.20	195.38	112.51	0	
3	171.20	195.38	203.00	210.00	35.00	1	3	

1	4	75.584	3
1	29.00	130.00	70.52	116.74	43.58	1	1	
2	70.52	116.74	70.91	116.61	0.42	2	1	4	
3	70.91	116.61	101.00	107.00	31.58	1	4	

1	5	186.639	3
1	29.00	130.00	63.66	157.11	44.00	1	1	
2	63.66	157.11	160.25	232.68	122.64	0	
3	160.25	232.68	176.00	245.00	20.00	1	5	

1	6	174.734	5
1	29.00	130.00	72.82	125.97	44.00	1	1	
2	72.82	125.97	75.08	125.76	2.27	0	
3	75.08	125.76	129.91	120.72	55.06	1	4	
4	129.91	120.72	181.09	116.01	51.40	0	
5	181.09	116.01	203.00	114.00	22.00	1	6	

1	7	158.000	5
1	29.00	130.00	29.00	160.01	30.01	1	1	
2	29.00	160.01	29.00	174.00	13.99	2	1	2	
3	29.00	174.00	29.00	229.99	55.99	1	2	
4	29.00	229.99	29.00	244.00	14.01	0	
5	29.00	244.00	29.00	288.00	44.00	1	7	

1	8	215.523	7
1	29.00	130.00	72.89	126.94	44.00	1	1	
2	72.89	126.94	75.81	126.73	2.92	0	
3	75.81	126.73	128.69	123.05	53.01	1	4	
4	128.69	123.05	181.66	119.35	53.10	0	
5	181.66	119.35	224.88	116.33	43.32	1	6	
6	224.88	116.33	241.01	115.21	16.17	0	
7	241.01	115.21	244.00	115.00	3.00	1	8	

2	0	128.160	2
1	30.00	195.00	62.77	182.71	35.00	1	2	
2	62.77	182.71	150.00	150.00	93.16	0	

2	1	65.008	3
1	30.00	195.00	29.68	173.99	21.01	1	2	
2	29.68	173.99	29.46	160.00	13.99	2	1	2	
3	29.46	160.00	29.00	130.00	30.01	1	1	

2	2	0	0

2	3	173.649	3
1	30.00	195.00	64.87	198.02	35.00	1	2	
2	64.87	198.02	168.13	206.98	103.65	0	
3	168.13	206.98	203.00	210.00	35.00	1	3	

2	4	113.071	5
1	30.00	195.00	51.98	167.76	35.00	1	2	
2	51.98	167.76	52.36	167.29	0.61	0	
3	52.36	167.29	70.38	144.95	28.70	1	1	
4	70.38	144.95	80.91	131.90	16.76	0	
5	80.91	131.90	101.00	107.00	32.00	1	4	

2	5	154.324	3
1	30.00	195.00	63.11	206.34	35.00	1	2	
2	63.11	206.34	157.08	238.52	99.32	0	
3	157.08	238.52	176.00	245.00	20.00	1	5	

2	6	191.024	3
1	30.00	195.00	61.70	180.16	35.00	1	2	
2	61.70	180.16	183.08	123.33	134.02	0	
3	183.08	123.33	203.00	114.00	22.00	1	6	

2	7	93.005	3
1	30.00	195.00	29.62	230.00	35.00	1	2	
2	29.62	230.00	29.47	244.00	14.01	0	
3	29.47	244.00	29.00	288.00	44.00	0	

2	8	228.464	5
1	30.00	195.00	62.78	182.74	35.00	1	2	
2	62.78	182.74	193.54	133.86	139.60	0	
3	193.54	133.86	223.17	122.79	31.63	1	6	
4	223.17	122.79	241.19	116.05	19.24	0	
5	241.19	116.05	244.00	115.00	3.00	1	8	

3	0	80.056	2
1	203.00	210.00	179.83	183.77	35.00	1	3	
2	179.83	183.77	150.00	150.00	45.06	0	

3	1	191.510	3
1	203.00	210.00	171.20	195.38	35.00	1	3	
2	171.20	195.38	68.98	148.38	112.51	0	
3	68.98	148.38	29.00	130.00	44.00	1	1	

3	2	173.649	3
1	203.00	210.00	168.13	206.98	35.00	1	3	
2	168.13	206.98	64.87	198.02	103.65	0	
3	64.87	198.02	30.00	195.00	35.00	1	2	

3	3	0	0

3	4	144.959	3
1	203.00	210.00	178.37	185.13	35.00	1	3	
2	178.37	185.13	123.52	129.74	77.96	0	
3	123.52	129.74	101.00	107.00	32.00	1	4	

3	5	44.204	3
1	203.00	210.00	188.22	229.16	24.20	1	3	
2	188.22	229.16	181.62	237.71	10.80	2	3	5	
3	181.62	237.71	176.00	245.00	9.20	1	5	

3	6	96.000	3
1	203.00	210.00	203.00	175.00	35.00	1	3	
2	203.00	175.00	203.00	136.00	39.00	0	
3	203.00	136.00	203.00	114.00	22.00	1	6	

3	7	190.683	3
1	203.00	210.00	171.06	224.32	35.00	1	3	
2	171.06	224.32	69.15	270.00	111.68	0	
3	69.15	270.00	29.00	288.00	44.00	1	7	

3	8	103.470	3
1	203.00	210.00	216.87	177.87	35.00	1	3	
2	216.87	177.87	242.81	117.75	65.47	0	
3	242.81	117.75	244.00	115.00	3.00	1	8	

4	0	65.192	2
1	101.00	107.00	125.05	128.11	32.00	1	4	
2	125.05	128.11	150.00	150.00	33.19	0	

4	1	75.584	3
1	101.00	107.00	70.91	116.61	31.58	1	4	
2	70.91	116.61	70.52	116.74	0.42	2	1	4	
3	70.52	116.74	29.00	130.00	43.58	1	1	

4	2	113.071	5
1	101.00	107.00	80.91	131.90	32.00	1	4	
2	80.91	131.90	70.38	144.95	16.76	0	
3	70.38	144.95	52.36	167.29	28.70	1	1	
4	52.36	167.29	51.98	167.76	0.61	0	
5	51.98	167.76	30.00	195.00	35.00	1	2	

4	3	144.959	3
1	101.00	107.00	123.52	129.74	32.00	1	4	
2	123.52	129.74	178.37	185.13	77.96	0	
3	178.37	185.13	203.00	210.00	35.00	1	3	

4	4	0	0

4	5	157.064	3
1	101.00	107.00	116.28	135.12	32.00	1	4	
2	116.28	135.12	166.45	227.43	105.06	0	
3	166.45	227.43	176.00	245.00	20.00	1	5	

4	6	102.240	3
1	101.00	107.00	132.92	109.19	32.00	1	4	
2	132.92	109.19	181.05	112.49	48.24	0	
3	181.05	112.49	203.00	114.00	22.00	1	6	

4	7	194.795	5
1	101.00	107.00	89.17	136.73	32.00	1	4	
2	89.17	136.73	64.89	197.78	65.70	0	
3	64.89	197.78	57.26	216.95	20.63	1	2	
4	57.26	216.95	45.26	247.12	32.47	0	
5	45.26	247.12	29.00	288.00	44.00	1	7	

4	8	143.224	5
1	101.00	107.00	132.95	108.79	32.00	1	4	
2	132.95	108.79	181.14	111.48	48.27	0	
3	181.14	111.48	225.00	113.94	43.92	1	6	
4	225.00	113.94	241.00	114.83	16.03	0	
5	241.00	114.83	244.00	115.00	3.00	1	8	

5	0	98.494	2
1	176.00	245.00	170.72	225.71	20.00	1	5	
2	170.72	225.71	150.00	150.00	78.49	0	

5	1	186.639	3
1	176.00	245.00	160.25	232.68	20.00	1	5	
2	160.25	232.68	63.66	157.11	122.64	0	
3	63.66	157.11	29.00	130.00	44.00	1	1	

5	2	154.324	3
1	176.00	245.00	157.08	238.52	20.00	1	5	
2	157.08	238.52	63.11	206.34	99.32	0	
3	63.11	206.34	30.00	195.00	35.00	1	2	

5	3	44.204	3
1	176.00	245.00	181.62	237.71	9.20	1	5	
2	181.62	237.71	188.22	229.16	10.80	2	3	5	
3	188.22	229.16	203.00	210.00	24.20	1	3	

5	4	157.064	3
1	176.00	245.00	166.45	227.43	20.00	1	5	
2	166.45	227.43	116.28	135.12	105.06	0	
3	116.28	135.12	101.00	107.00	32.00	1	4	

5	5	0	0

5	6	133.754	5
1	176.00	245.00	178.14	234.63	10.58	1	5	
2	178.14	234.63	180.04	225.41	9.42	2	3	5	
3	180.04	225.41	189.90	177.54	48.87	1	3	
4	189.90	177.54	198.56	135.55	42.88	0	
5	198.56	135.55	203.00	114.00	22.00	1	6	

5	7	153.160	3
1	176.00	245.00	156.80	250.62	20.00	1	5	
2	156.80	250.62	71.23	275.65	89.16	0	
3	71.23	275.65	29.00	288.00	44.00	1	7	

5	8	146.711	5
1	176.00	245.00	180.35	236.68	9.39	1	5	
2	180.35	236.68	185.27	227.28	10.61	2	3	5	
3	185.27	227.28	212.00	176.18	57.67	1	3	
4	212.00	176.18	242.61	117.66	66.04	0	
5	242.61	117.66	244.00	115.00	3.00	1	8	

6	0	64.070	2
1	203.00	114.00	184.80	126.36	22.00	1	6	
2	184.80	126.36	150.00	150.00	42.07	0	

6	1	174.734	5
1	203.00	114.00	181.09	116.01	22.00	1	6	
2	181.09	116.01	129.91	120.72	51.40	0	
3	129.91	120.72	75.08	125.76	55.06	1	4	
4	75.08	125.76	72.82	125.97	2.27	0	
5	72.82	125.97	29.00	130.00	44.00	1	1	

6	2	191.024	3
1	203.00	114.00	183.08	123.33	22.00	1	6	
2	183.08	123.33	61.70	180.16	134.02	0	
3	61.70	180.16	30.00	195.00	35.00	1	2	

6	3	96.000	3
1	203.00	114.00	203.00	136.00	22.00	1	6	
2	203.00	136.00	203.00	175.00	39.00	0	
3	203.00	175.00	203.00	210.00	35.00	1	3	

6	4	102.240	3
1	203.00	114.00	181.05	112.49	22.00	1	6	
2	181.05	112.49	132.92	109.19	48.24	0	
3	132.92	109.19	101.00	107.00	32.00	1	4	

6	5	133.754	5
1	203.00	114.00	198.56	135.55	22.00	1	6	
2	198.56	135.55	189.90	177.54	42.88	0	
3	189.90	177.54	180.04	225.41	48.87	1	3	
4	180.04	225.41	178.14	234.63	9.42	2	3	5	
5	178.14	234.63	176.00	245.00	10.58	1	5	

6	6	0	0

6	7	246.073	3
1	203.00	114.00	187.44	129.56	22.00	1	6	
2	187.44	129.56	60.11	256.89	180.07	0	
3	60.11	256.89	29.00	288.00	44.00	1	7	

6	8	41.012	3
1	203.00	114.00	224.99	114.54	22.00	1	6	
2	224.99	114.54	241.00	114.93	16.01	0	
3	241.00	114.93	244.00	115.00	3.00	1	8	

7	0	183.535	2
1	29.00	288.00	58.01	254.92	44.00	1	7	
2	58.01	254.92	150.00	150.00	139.53	0	

7	1	158.000	5
1	29.00	288.00	29.00	244.00	44.00	1	7	
2	29.00	244.00	29.00	229.99	14.01	0	
3	29.00	229.99	29.00	174.00	55.99	1	2	
4	29.00	174.00	29.00	160.01	13.99	2	1	2	
5	29.00	160.01	29.00	130.00	30.01	1	1	

7	2	93.005	3
1	29.00	288.00	29.47	244.00	44.00	0	
2	29.47	244.00	29.62	230.00	14.01	0	
3	29.62	230.00	30.00	195.00	35.00	1	2	

7	3	190.683	3
1	29.00	288.00	69.15	270.00	44.00	1	7	
2	69.15	270.00	171.06	224.32	111.68	0	
3	171.06	224.32	203.00	210.00	35.00	1	3	

7	4	194.795	5
1	29.00	288.00	45.26	247.12	44.00	1	7	
2	45.26	247.12	57.26	216.95	32.47	0	
3	57.26	216.95	64.89	197.78	20.63	1	2	
4	64.89	197.78	89.17	136.73	65.70	0	
5	89.17	136.73	101.00	107.00	32.00	1	4	

7	5	153.160	3
1	29.00	288.00	71.23	275.65	44.00	1	7	
2	71.23	275.65	156.80	250.62	89.16	0	
3	156.80	250.62	176.00	245.00	20.00	1	5	

7	6	246.073	3
1	29.00	288.00	60.11	256.89	44.00	1	7	
2	60.11	256.89	187.44	129.56	180.07	0	
3	187.44	129.56	203.00	114.00	22.00	1	6	

7	7	0	0

7	8	275.960	3
1	29.00	288.00	63.28	260.42	44.00	1	7	
2	63.28	260.42	241.66	116.88	228.96	0	
3	241.66	116.88	244.00	115.00	3.00	1	8	

8	0	100.305	4
1	244.00	115.00	241.19	116.05	3.00	1	8	
2	241.19	116.05	223.19	122.75	19.21	0	
3	223.19	122.75	193.45	133.82	31.73	1	6	
4	193.45	133.82	150.00	150.00	46.37	0	

8	1	215.523	7
1	244.00	115.00	241.01	115.21	3.00	1	8	
2	241.01	115.21	224.88	116.33	16.17	0	
3	224.88	116.33	181.66	119.35	43.32	1	6	
4	181.66	119.35	128.69	123.05	53.10	0	
5	128.69	123.05	75.81	126.73	53.01	1	4	
6	75.81	126.73	72.89	126.94	2.92	0	
7	72.89	126.94	29.00	130.00	44.00	1	1	

8	2	228.464	5
1	244.00	115.00	241.19	116.05	3.00	1	8	
2	241.19	116.05	223.17	122.79	19.24	0	
3	223.17	122.79	193.54	133.86	31.63	1	6	
4	193.54	133.86	62.78	182.74	139.60	0	
5	62.78	182.74	30.00	195.00	35.00	1	2	

8	3	103.470	3
1	244.00	115.00	242.81	117.75	3.00	1	8	
2	242.81	117.75	216.87	177.87	65.47	0	
3	216.87	177.87	203.00	210.00	35.00	1	3	

8	4	143.224	5
1	244.00	115.00	241.00	114.83	3.00	1	8	
2	241.00	114.83	225.00	113.94	16.03	0	
3	225.00	113.94	181.14	111.48	43.92	1	6	
4	181.14	111.48	132.95	108.79	48.27	0	
5	132.95	108.79	101.00	107.00	32.00	1	4	

8	5	146.711	5
1	244.00	115.00	242.61	117.66	3.00	1	8	
2	242.61	117.66	212.00	176.18	66.04	0	
3	212.00	176.18	185.27	227.28	57.67	1	3	
4	185.27	227.28	180.35	236.68	10.61	2	3	5	
5	180.35	236.68	176.00	245.00	9.39	1	5	

8	6	41.012	3
1	244.00	115.00	241.00	114.93	3.00	1	8	
2	241.00	114.93	224.99	114.54	16.01	0	
3	224.99	114.54	203.00	114.00	22.00	1	6	

8	7	275.960	3
1	244.00	115.00	241.66	116.88	3.00	1	8	
2	241.66	116.88	63.28	260.42	228.96	0	
3	63.28	260.42	29.00	288.00	44.00	1	7	

8	8	0	0
