6	50	2	0.001	50.0
0.000	0.000	0.000	1.000	0.000
133.000	11.000	40.000	8.000	13.000
73.000	20.000	45.000	2.000	15.000
101.000	46.000	20.000	4.000	2.000
203.000	257.000	42.000	4.000	14.000
123.000	130.000	24.000	4.000	18.000

0	0	0	0

0	1	133.454	4
1	0.00	0.00	31.50	2.61	31.61	0	
2	31.50	2.61	93.14	7.70	61.85	1	2	
3	93.14	7.70	116.80	9.66	23.74	2	1	2	
4	116.80	9.66	133.00	11.00	16.26	1	1	

0	2	75.690	2
1	0.00	0.00	29.60	8.11	30.69	0	
2	29.60	8.11	73.00	20.00	45.00	1	2	

0	3	110.982	3
1	0.00	0.00	28.55	13.00	31.37	0	
2	28.55	13.00	82.80	37.71	59.61	1	2	
3	82.80	37.71	101.00	46.00	20.00	2	2	3	

0	4	327.503	6
1	0.00	0.00	35.81	45.34	57.77	0	
2	35.81	45.34	39.74	50.31	6.34	1	2	
3	39.74	50.31	99.37	125.80	96.20	0	
4	99.37	125.80	121.61	153.96	35.88	1	5	
5	121.61	153.96	176.97	224.04	89.31	0	
6	176.97	224.04	203.00	257.00	42.00	1	4	

0	5	178.966	4
1	0.00	0.00	29.38	31.05	42.74	0	
2	29.38	31.05	59.56	62.94	43.91	1	2	
3	59.56	62.94	106.51	112.57	68.31	0	
4	106.51	112.57	123.00	130.00	24.00	1	5	

1	0	133.454	4
1	133.00	11.00	116.80	9.66	16.26	1	1	
2	116.80	9.66	93.14	7.70	23.74	2	1	2	
3	93.14	7.70	31.50	2.61	61.85	1	2	
4	31.50	2.61	0.00	0.00	31.61	0	

1	1	0	0

1	2	60.671	3
1	133.00	11.00	117.50	13.32	15.67	1	1	
2	117.50	13.32	93.44	16.93	24.33	2	1	2	
3	93.44	16.93	73.00	20.00	20.67	1	2	

1	3	47.424	4
1	133.00	11.00	117.24	28.24	23.36	1	1	
2	117.24	28.24	114.50	31.24	4.07	2	1	2	
3	114.50	31.24	106.01	40.52	12.58	3	1	2	3	
4	106.01	40.52	101.00	46.00	7.42	2	2	3	

1	4	255.766	3
1	133.00	11.00	143.95	49.47	40.00	1	1	
2	143.95	49.47	191.51	216.60	173.77	0	
3	191.51	216.60	203.00	257.00	42.00	1	4	

1	5	119.419	3
1	133.00	11.00	129.65	50.86	40.00	1	1	
2	129.65	50.86	125.01	106.08	55.42	0	
3	125.01	106.08	123.00	130.00	24.00	1	5	

2	0	75.690	2
1	73.00	20.00	29.60	8.11	45.00	1	2	
2	29.60	8.11	0.00	0.00	30.69	0	

2	1	60.671	3
1	73.00	20.00	93.44	16.93	20.67	1	2	
2	93.44	16.93	117.50	13.32	24.33	2	1	2	
3	117.50	13.32	133.00	11.00	15.67	1	1	

2	2	0	0

2	3	38.210	2
1	73.00	20.00	86.34	32.39	18.21	1	2	
2	86.34	32.39	101.00	46.00	20.00	2	2	3	

2	4	270.313	7
1	73.00	20.00	82.76	37.79	20.30	1	2	
2	82.76	37.79	94.64	59.45	24.70	2	2	3	
3	94.64	59.45	98.12	65.79	7.23	1	3	
4	98.12	65.79	120.26	106.16	46.04	0	
5	120.26	106.16	141.63	145.13	44.45	1	5	
6	141.63	145.13	182.80	220.18	85.60	0	
7	182.80	220.18	203.00	257.00	42.00	1	4	

2	5	120.830	5
1	73.00	20.00	81.99	39.78	21.73	1	2	
2	81.99	39.78	91.62	60.97	23.27	2	2	3	
3	91.62	60.97	93.19	64.41	3.78	1	3	
4	93.19	64.41	113.07	108.15	48.05	0	
5	113.07	108.15	123.00	130.00	24.00	1	5	

3	0	110.982	3
1	101.00	46.00	82.80	37.71	20.00	2	2	3	
2	82.80	37.71	28.55	13.00	59.61	1	2	
3	28.55	13.00	0.00	0.00	31.37	0	

3	1	47.424	4
1	101.00	46.00	106.01	40.52	7.42	2	2	3	
2	106.01	40.52	114.50	31.24	12.58	3	1	2	3	
3	114.50	31.24	117.24	28.24	4.07	2	1	2	
4	117.24	28.24	133.00	11.00	23.36	1	1	

3	2	38.210	2
1	101.00	46.00	86.34	32.39	20.00	2	2	3	
2	86.34	32.39	73.00	20.00	18.21	1	2	

3	3	0	0

3	4	234.361	6
1	101.00	46.00	104.14	52.49	7.21	2	2	3	
2	104.14	52.49	109.70	64.01	12.79	1	3	
3	109.70	64.01	130.60	107.24	48.02	0	
4	130.60	107.24	145.56	138.18	34.37	1	5	
5	145.56	138.18	184.72	219.19	89.97	0	
6	184.72	219.19	203.00	257.00	42.00	1	4	

3	5	86.833	4
1	101.00	46.00	102.98	53.56	7.81	2	2	3	
2	102.98	53.56	106.07	65.35	12.19	1	3	
3	106.07	65.35	116.92	106.78	42.83	0	
4	116.92	106.78	123.00	130.00	24.00	1	5	

4	0	327.503	6
1	203.00	257.00	176.97	224.04	42.00	1	4	
2	176.97	224.04	121.61	153.96	89.31	0	
3	121.61	153.96	99.37	125.80	35.88	1	5	
4	99.37	125.80	39.74	50.31	96.20	0	
5	39.74	50.31	35.81	45.34	6.34	1	2	
6	35.81	45.34	0.00	0.00	57.77	0	

4	1	255.766	3
1	203.00	257.00	191.51	216.60	42.00	1	4	
2	191.51	216.60	143.95	49.47	173.77	0	
3	143.95	49.47	133.00	11.00	40.00	1	1	

4	2	270.313	7
1	203.00	257.00	182.80	220.18	42.00	1	4	
2	182.80	220.18	141.63	145.13	85.60	0	
3	141.63	145.13	120.26	106.16	44.45	1	5	
4	120.26	106.16	98.12	65.79	46.04	0	
5	98.12	65.79	94.64	59.45	7.23	1	3	
6	94.64	59.45	82.76	37.79	24.70	2	2	3	
7	82.76	37.79	73.00	20.00	20.30	1	2	

4	3	234.361	6
1	203.00	257.00	184.72	219.19	42.00	1	4	
2	184.72	219.19	145.56	138.18	89.97	0	
3	145.56	138.18	130.60	107.24	34.37	1	5	
4	130.60	107.24	109.70	64.01	48.02	0	
5	109.70	64.01	104.14	52.49	12.79	1	3	
6	104.14	52.49	101.00	46.00	7.21	2	2	3	

4	4	0	0

4	5	150.097	3
1	203.00	257.00	180.61	221.46	42.00	1	4	
2	180.61	221.46	135.79	150.31	84.10	0	
3	135.79	150.31	123.00	130.00	24.00	1	5	

5	0	178.966	4
1	123.00	130.00	106.51	112.57	24.00	1	5	
2	106.51	112.57	59.56	62.94	68.31	0	
3	59.56	62.94	29.38	31.05	43.91	1	2	
4	29.38	31.05	0.00	0.00	42.74	0	

5	1	119.419	3
1	123.00	130.00	125.01	106.08	24.00	1	5	
2	125.01	106.08	129.65	50.86	55.42	0	
3	129.65	50.86	133.00	11.00	40.00	1	1	

5	2	120.830	5
1	123.00	130.00	113.07	108.15	24.00	1	5	
2	113.07	108.15	93.19	64.41	48.05	0	
3	93.19	64.41	91.62	60.97	3.78	1	3	
4	91.62	60.97	81.99	39.78	23.27	2	2	3	
5	81.99	39.78	73.00	20.00	21.73	1	2	

5	3	86.833	4
1	123.00	130.00	116.92	106.78	24.00	1	5	
2	116.92	106.78	106.07	65.35	42.83	0	
3	106.07	65.35	102.98	53.56	12.19	1	3	
4	102.98	53.56	101.00	46.00	7.81	2	2	3	

5	4	150.097	3
1	123.00	130.00	135.79	150.31	24.00	1	5	
2	135.79	150.31	180.61	221.46	84.10	0	
3	180.61	221.46	203.00	257.00	42.00	1	4	

5	5	0	0
