6	37	2	0.001	70.0
0.000	0.000	0.000	8.000	0.000
109.000	120.000	44.000	2.000	4.000
147.000	294.000	38.000	5.000	17.000
262.000	163.000	33.000	5.000	5.000
153.000	182.000	24.000	2.000	20.000
295.000	105.000	6.000	7.000	8.000

0	0	0	0

0	1	162.114	2
1	0.00	0.00	79.42	87.43	118.11	0	
2	79.42	87.43	109.00	120.00	44.00	1	1	

0	2	328.702	4
1	0.00	0.00	68.06	136.11	152.18	0	
2	68.06	136.11	71.54	143.09	7.80	1	1	
3	71.54	143.09	130.01	260.01	130.73	0	
4	130.01	260.01	147.00	294.00	38.00	1	2	

0	3	308.566	2
1	0.00	0.00	233.98	145.57	275.57	0	
2	233.98	145.57	262.00	163.00	33.00	1	3	

0	4	237.767	4
1	0.00	0.00	76.21	90.66	118.44	0	
2	76.21	90.66	132.27	157.34	87.12	1	1	
3	132.27	157.34	137.56	163.63	8.21	0	
4	137.56	163.63	153.00	182.00	24.00	1	4	

0	5	313.129	2
1	0.00	0.00	289.35	102.99	307.13	0	
2	289.35	102.99	295.00	105.00	6.00	1	5	

1	0	162.114	2
1	109.00	120.00	79.42	87.43	44.00	1	1	
2	79.42	87.43	0.00	0.00	118.11	0	

1	1	0	0

1	2	178.101	3
1	109.00	120.00	118.39	162.99	44.00	1	1	
2	118.39	162.99	138.89	256.87	96.10	0	
3	138.89	256.87	147.00	294.00	38.00	0	

1	3	158.928	3
1	109.00	120.00	151.36	131.90	44.00	1	1	
2	151.36	131.90	230.23	154.07	81.93	0	
3	230.23	154.07	262.00	163.00	33.00	1	3	

1	4	76.026	3
1	109.00	120.00	134.46	155.88	44.00	1	1	
2	134.46	155.88	139.11	162.43	8.03	0	
3	139.11	162.43	153.00	182.00	24.00	1	4	

1	5	186.604	3
1	109.00	120.00	152.86	116.46	44.00	1	1	
2	152.86	116.46	289.02	105.48	136.60	0	
3	289.02	105.48	295.00	105.00	6.00	1	5	

2	0	328.702	4
1	147.00	294.00	130.01	260.01	38.00	1	2	
2	130.01	260.01	71.54	143.09	130.73	0	
3	71.54	143.09	68.06	136.11	7.80	1	1	
4	68.06	136.11	0.00	0.00	152.18	0	

2	1	178.101	3
1	147.00	294.00	138.89	256.87	38.00	0	
2	138.89	256.87	118.39	162.99	96.10	0	
3	118.39	162.99	109.00	120.00	44.00	1	1	

2	2	0	0

2	3	174.316	3
1	147.00	294.00	172.07	265.44	38.00	1	2	
2	172.07	265.44	240.23	187.80	103.32	0	
3	240.23	187.80	262.00	163.00	33.00	1	3	

2	4	112.161	3
1	147.00	294.00	149.03	256.05	38.00	1	2	
2	149.03	256.05	151.72	205.97	50.16	0	
3	151.72	205.97	153.00	182.00	24.00	0	

2	5	240.052	5
1	147.00	294.00	170.43	264.08	38.00	1	2	
2	170.43	264.08	234.87	181.79	104.52	0	
3	234.87	181.79	273.73	132.16	63.04	1	3	
4	273.73	132.16	291.30	109.72	28.49	0	
5	291.30	109.72	295.00	105.00	6.00	1	5	

3	0	308.566	2
1	262.00	163.00	233.98	145.57	33.00	1	3	
2	233.98	145.57	0.00	0.00	275.57	0	

3	1	158.928	3
1	262.00	163.00	230.23	154.07	33.00	1	3	
2	230.23	154.07	151.36	131.90	81.93	0	
3	151.36	131.90	109.00	120.00	44.00	1	1	

3	2	174.316	3
1	262.00	163.00	240.23	187.80	33.00	1	3	
2	240.23	187.80	172.07	265.44	103.32	0	
3	172.07	265.44	147.00	294.00	38.00	1	2	

3	3	0	0

3	4	110.644	3
1	262.00	163.00	229.49	168.67	33.00	1	3	
2	229.49	168.67	176.64	177.88	53.64	0	
3	176.64	177.88	153.00	182.00	24.00	1	4	

3	5	66.731	3
1	262.00	163.00	278.32	134.32	33.00	1	3	
2	278.32	134.32	292.03	110.21	27.73	0	
3	292.03	110.21	295.00	105.00	6.00	1	5	

4	0	237.767	4
1	153.00	182.00	137.56	163.63	24.00	1	4	
2	137.56	163.63	132.27	157.34	8.21	0	
3	132.27	157.34	76.21	90.66	87.12	1	1	
4	76.21	90.66	0.00	0.00	118.44	0	

4	1	76.026	3
1	153.00	182.00	139.11	162.43	24.00	1	4	
2	139.11	162.43	134.46	155.88	8.03	0	
3	134.46	155.88	109.00	120.00	44.00	1	1	

4	2	112.161	3
1	153.00	182.00	151.72	205.97	24.00	0	
2	151.72	205.97	149.03	256.05	50.16	0	
3	149.03	256.05	147.00	294.00	38.00	1	2	

4	3	110.644	3
1	153.00	182.00	176.64	177.88	24.00	1	4	
2	176.64	177.88	229.49	168.67	53.64	0	
3	229.49	168.67	262.00	163.00	33.00	1	3	

4	4	0	0

4	5	161.533	3
1	153.00	182.00	174.10	170.56	24.00	1	4	
2	174.10	170.56	289.73	107.86	131.53	0	
3	289.73	107.86	295.00	105.00	6.00	1	5	

5	0	313.129	2
1	295.00	105.00	289.35	102.99	6.00	1	5	
2	289.35	102.99	0.00	0.00	307.13	0	

5	1	186.604	3
1	295.00	105.00	289.02	105.48	6.00	1	5	
2	289.02	105.48	152.86	116.46	136.60	0	
3	152.86	116.46	109.00	120.00	44.00	1	1	

5	2	240.052	5
1	295.00	105.00	291.30	109.72	6.00	1	5	
2	291.30	109.72	273.73	132.16	28.49	0	
3	273.73	132.16	234.87	181.79	63.04	1	3	
4	234.87	181.79	170.43	264.08	104.52	0	
5	170.43	264.08	147.00	294.00	38.00	1	2	

5	3	66.731	3
1	295.00	105.00	292.03	110.21	6.00	1	5	
2	292.03	110.21	278.32	134.32	27.73	0	
3	278.32	134.32	262.00	163.00	33.00	1	3	

5	4	161.533	3
1	295.00	105.00	289.73	107.86	6.00	1	5	
2	289.73	107.86	174.10	170.56	131.53	0	
3	174.10	170.56	153.00	182.00	24.00	1	4	

5	5	0	0
