6	35	2	0.001	35.0
0.000	0.000	0.000	2.000	0.000
186.000	232.000	20.000	4.000	13.000
253.000	142.000	20.000	3.000	19.000
182.000	161.000	34.000	10.000	19.000
74.000	165.000	20.000	7.000	20.000
223.000	95.000	14.000	10.000	15.000

0	0	0	0

0	1	297.355	2
1	0.00	0.00	173.49	216.40	277.36	0	
2	173.49	216.40	186.00	232.00	20.00	1	1	

0	2	290.126	2
1	0.00	0.00	235.56	132.21	270.13	0	
2	235.56	132.21	253.00	142.00	20.00	1	2	

0	3	242.992	2
1	0.00	0.00	156.53	138.47	208.99	0	
2	156.53	138.47	182.00	161.00	34.00	1	3	

0	4	180.834	2
1	0.00	0.00	65.82	146.75	160.83	0	
2	65.82	146.75	74.00	165.00	20.00	1	4	

0	5	242.392	2
1	0.00	0.00	210.12	89.51	228.39	0	
2	210.12	89.51	223.00	95.00	14.00	1	5	

1	0	297.355	2
1	186.00	232.00	173.49	216.40	20.00	1	1	
2	173.49	216.40	0.00	0.00	277.36	0	

1	1	0	0

1	2	112.201	3
1	186.00	232.00	197.94	215.96	20.00	1	1	
2	197.94	215.96	241.06	158.04	72.20	0	
3	241.06	158.04	253.00	142.00	20.00	1	2	

1	3	71.113	3
1	186.00	232.00	184.88	212.03	20.00	0	
2	184.88	212.03	183.91	194.95	17.11	0	
3	183.91	194.95	182.00	161.00	34.00	0	

1	4	130.511	3
1	186.00	232.00	168.84	221.73	20.00	1	1	
2	168.84	221.73	91.16	175.27	90.51	0	
3	91.16	175.27	74.00	165.00	20.00	1	4	

1	5	141.908	5
1	186.00	232.00	191.21	212.69	20.00	1	1	
2	191.21	212.69	196.92	191.55	21.90	0	
3	196.92	191.55	210.27	142.12	51.20	1	3	
4	210.27	142.12	219.35	108.52	34.81	0	
5	219.35	108.52	223.00	95.00	14.00	1	5	

2	0	290.126	2
1	253.00	142.00	235.56	132.21	20.00	1	2	
2	235.56	132.21	0.00	0.00	270.13	0	

2	1	112.201	3
1	253.00	142.00	241.06	158.04	20.00	1	2	
2	241.06	158.04	197.94	215.96	72.20	0	
3	197.94	215.96	186.00	232.00	20.00	1	1	

2	2	0	0

2	3	73.498	3
1	253.00	142.00	233.68	147.17	20.00	1	2	
2	233.68	147.17	214.84	152.21	19.50	0	
3	214.84	152.21	182.00	161.00	34.00	1	3	

2	4	180.472	5
1	253.00	142.00	233.16	144.55	20.00	1	2	
2	233.16	144.55	213.04	147.13	20.28	0	
3	213.04	147.13	148.46	155.43	65.12	1	3	
4	148.46	155.43	93.84	162.45	55.07	0	
5	93.84	162.45	74.00	165.00	20.00	1	4	

2	5	55.758	3
1	253.00	142.00	242.24	125.14	20.00	1	2	
2	242.24	125.14	230.53	106.80	21.76	0	
3	230.53	106.80	223.00	95.00	14.00	1	5	

3	0	242.992	2
1	182.00	161.00	156.53	138.47	34.00	1	3	
2	156.53	138.47	0.00	0.00	208.99	0	

3	1	71.113	3
1	182.00	161.00	183.91	194.95	34.00	0	
2	183.91	194.95	184.88	212.03	17.11	0	
3	184.88	212.03	186.00	232.00	20.00	0	

3	2	73.498	3
1	182.00	161.00	214.84	152.21	34.00	1	3	
2	214.84	152.21	233.68	147.17	19.50	0	
3	233.68	147.17	253.00	142.00	20.00	1	2	

3	3	0	0

3	4	108.074	3
1	182.00	161.00	148.02	162.26	34.00	1	3	
2	148.02	162.26	93.99	164.26	54.07	0	
3	93.99	164.26	74.00	165.00	20.00	1	4	

3	5	77.698	3
1	182.00	161.00	199.94	132.12	34.00	1	3	
2	199.94	132.12	215.61	106.89	29.70	0	
3	215.61	106.89	223.00	95.00	14.00	1	5	

4	0	180.834	2
1	74.00	165.00	65.82	146.75	20.00	1	4	
2	65.82	146.75	0.00	0.00	160.83	0	

4	1	130.511	3
1	74.00	165.00	91.16	175.27	20.00	1	4	
2	91.16	175.27	168.84	221.73	90.51	0	
3	168.84	221.73	186.00	232.00	20.00	1	1	

4	2	180.472	5
1	74.00	165.00	93.84	162.45	20.00	1	4	
2	93.84	162.45	148.46	155.43	55.07	0	
3	148.46	155.43	213.04	147.13	65.12	1	3	
4	213.04	147.13	233.16	144.55	20.28	0	
5	233.16	144.55	253.00	142.00	20.00	1	2	

4	3	108.074	3
1	74.00	165.00	93.99	164.26	20.00	1	4	
2	93.99	164.26	148.02	162.26	54.07	0	
3	148.02	162.26	182.00	161.00	34.00	1	3	

4	4	0	0

4	5	164.624	3
1	74.00	165.00	92.10	156.50	20.00	1	4	
2	92.10	156.50	210.33	100.95	130.62	0	
3	210.33	100.95	223.00	95.00	14.00	1	5	

5	0	242.392	2
1	223.00	95.00	210.12	89.51	14.00	1	5	
2	210.12	89.51	0.00	0.00	228.39	0	

5	1	141.908	5
1	223.00	95.00	219.35	108.52	14.00	1	5	
2	219.35	108.52	210.27	142.12	34.81	0	
3	210.27	142.12	196.92	191.55	51.20	1	3	
4	196.92	191.55	191.21	212.69	21.90	0	
5	191.21	212.69	186.00	232.00	20.00	1	1	

5	2	55.758	3
1	223.00	95.00	230.53	106.80	14.00	1	5	
2	230.53	106.80	242.24	125.14	21.76	0	
3	242.24	125.14	253.00	142.00	20.00	1	2	

5	3	77.698	3
1	223.00	95.00	215.61	106.89	14.00	1	5	
2	215.61	106.89	199.94	132.12	29.70	0	
3	199.94	132.12	182.00	161.00	34.00	1	3	

5	4	164.624	3
1	223.00	95.00	210.33	100.95	14.00	1	5	
2	210.33	100.95	92.10	156.50	130.62	0	
3	92.10	156.50	74.00	165.00	20.00	1	4	

5	5	0	0
