6	39	2	0.001	80.0
0.000	0.000	0.000	9.000	0.000
77.000	41.000	24.000	9.000	17.000
84.000	292.000	23.000	3.000	10.000
155.000	176.000	31.000	1.000	15.000
36.000	35.000	10.000	4.000	18.000
160.000	96.000	13.000	6.000	1.000

0	0	0	0

0	1	87.235	2
1	0.00	0.00	55.82	29.72	63.24	0	
2	55.82	29.72	77.00	41.00	24.00	1	1	

0	2	303.842	2
1	0.00	0.00	77.64	269.90	280.84	0	
2	77.64	269.90	84.00	292.00	23.00	1	2	

0	3	234.523	4
1	0.00	0.00	26.99	30.65	40.84	0	
2	26.99	30.65	39.17	44.48	18.43	1	4	
3	39.17	44.48	134.51	152.74	144.25	0	
4	134.51	152.74	155.00	176.00	31.00	1	3	

0	4	50.210	2
1	0.00	0.00	28.83	28.03	40.21	0	
2	28.83	28.03	36.00	35.00	10.00	1	4	

0	5	186.590	4
1	0.00	0.00	54.48	32.69	63.54	0	
2	54.48	32.69	94.93	56.96	47.16	1	1	
3	94.93	56.96	148.85	89.31	62.89	0	
4	148.85	89.31	160.00	96.00	13.00	1	5	

1	0	87.235	2
1	77.00	41.00	55.82	29.72	24.00	1	1	
2	55.82	29.72	0.00	0.00	63.24	0	

1	1	0	0

1	2	251.098	3
1	77.00	41.00	77.67	64.99	24.00	0	
2	77.67	64.99	83.36	269.01	204.10	0	
3	83.36	269.01	84.00	292.00	23.00	0	

1	3	155.913	3
1	77.00	41.00	89.01	61.78	24.00	1	1	
2	89.01	61.78	139.49	149.16	100.91	0	
3	139.49	149.16	155.00	176.00	31.00	1	3	

1	4	41.437	3
1	77.00	41.00	53.25	37.52	24.00	1	1	
2	53.25	37.52	45.89	36.45	7.44	0	
3	45.89	36.45	36.00	35.00	10.00	1	4	

1	5	99.569	3
1	77.00	41.00	97.01	54.26	24.00	1	1	
2	97.01	54.26	149.16	88.82	62.57	0	
3	149.16	88.82	160.00	96.00	13.00	1	5	

2	0	303.842	2
1	84.00	292.00	77.64	269.90	23.00	1	2	
2	77.64	269.90	0.00	0.00	280.84	0	

2	1	251.098	3
1	84.00	292.00	83.36	269.01	23.00	0	
2	83.36	269.01	77.67	64.99	204.10	0	
3	77.67	64.99	77.00	41.00	24.00	0	

2	2	0	0

2	3	136.004	3
1	84.00	292.00	96.01	272.38	23.00	1	2	
2	96.01	272.38	138.82	202.44	82.00	0	
3	138.82	202.44	155.00	176.00	31.00	1	3	

2	4	261.444	3
1	84.00	292.00	79.78	269.39	23.00	1	2	
2	79.78	269.39	37.84	44.83	228.44	0	
3	37.84	44.83	36.00	35.00	10.00	1	4	

2	5	210.219	5
1	84.00	292.00	92.32	270.56	23.00	1	2	
2	92.32	270.56	125.40	185.22	91.52	0	
3	125.40	185.22	139.36	149.24	38.60	1	3	
4	139.36	149.24	155.30	108.12	44.10	0	
5	155.30	108.12	160.00	96.00	13.00	1	5	

3	0	234.523	4
1	155.00	176.00	134.51	152.74	31.00	1	3	
2	134.51	152.74	39.17	44.48	144.25	0	
3	39.17	44.48	26.99	30.65	18.43	1	4	
4	26.99	30.65	0.00	0.00	40.84	0	

3	1	155.913	3
1	155.00	176.00	139.49	149.16	31.00	1	3	
2	139.49	149.16	89.01	61.78	100.91	0	
3	89.01	61.78	77.00	41.00	24.00	1	1	

3	2	136.004	3
1	155.00	176.00	138.82	202.44	31.00	1	3	
2	138.82	202.44	96.01	272.38	82.00	0	
3	96.01	272.38	84.00	292.00	23.00	1	2	

3	3	0	0

3	4	184.505	3
1	155.00	176.00	135.01	152.31	31.00	1	3	
2	135.01	152.31	42.45	42.64	143.50	0	
3	42.45	42.64	36.00	35.00	10.00	1	4	

3	5	80.156	3
1	155.00	176.00	156.93	145.06	31.00	1	3	
2	156.93	145.06	159.19	108.97	36.16	0	
3	159.19	108.97	160.00	96.00	13.00	1	5	

4	0	50.210	2
1	36.00	35.00	28.83	28.03	10.00	1	4	
2	28.83	28.03	0.00	0.00	40.21	0	

4	1	41.437	3
1	36.00	35.00	45.89	36.45	10.00	1	4	
2	45.89	36.45	53.25	37.52	7.44	0	
3	53.25	37.52	77.00	41.00	24.00	1	1	

4	2	261.444	3
1	36.00	35.00	37.84	44.83	10.00	1	4	
2	37.84	44.83	79.78	269.39	228.44	0	
3	79.78	269.39	84.00	292.00	23.00	1	2	

4	3	184.505	3
1	36.00	35.00	42.45	42.64	10.00	1	4	
2	42.45	42.64	135.01	152.31	143.50	0	
3	135.01	152.31	155.00	176.00	31.00	1	3	

4	4	0	0

4	5	138.192	5
1	36.00	35.00	44.97	39.41	10.00	1	4	
2	44.97	39.41	53.12	43.42	9.08	0	
3	53.12	43.42	89.65	61.39	40.71	1	1	
4	89.65	61.39	148.34	90.26	65.40	0	
5	148.34	90.26	160.00	96.00	13.00	1	5	

5	0	186.590	4
1	160.00	96.00	148.85	89.31	13.00	1	5	
2	148.85	89.31	94.93	56.96	62.89	0	
3	94.93	56.96	54.48	32.69	47.16	1	1	
4	54.48	32.69	0.00	0.00	63.54	0	

5	1	99.569	3
1	160.00	96.00	149.16	88.82	13.00	1	5	
2	149.16	88.82	97.01	54.26	62.57	0	
3	97.01	54.26	77.00	41.00	24.00	1	1	

5	2	210.219	5
1	160.00	96.00	155.30	108.12	13.00	1	5	
2	155.30	108.12	139.36	149.24	44.10	0	
3	139.36	149.24	125.40	185.22	38.60	1	3	
4	125.40	185.22	92.32	270.56	91.52	0	
5	92.32	270.56	84.00	292.00	23.00	1	2	

5	3	80.156	3
1	160.00	96.00	159.19	108.97	13.00	1	5	
2	159.19	108.97	156.93	145.06	36.16	0	
3	156.93	145.06	155.00	176.00	31.00	1	3	

5	4	138.192	5
1	160.00	96.00	148.34	90.26	13.00	1	5	
2	148.34	90.26	89.65	61.39	65.40	0	
3	89.65	61.39	53.12	43.42	40.71	1	1	
4	53.12	43.42	44.97	39.41	9.08	0	
5	44.97	39.41	36.00	35.00	10.00	1	4	

5	5	0	0
