6	35	2	0.001	40.0
0.000	0.000	0.000	7.000	0.000
293.000	16.000	10.000	3.000	1.000
184.000	72.000	5.000	10.000	18.000
188.000	205.000	19.000	1.000	8.000
74.000	53.000	43.000	6.000	13.000
68.000	166.000	4.000	7.000	12.000

0	0	0	0

0	1	293.437	2
1	0.00	0.00	283.01	15.45	283.44	0	
2	283.01	15.45	293.00	16.00	10.00	1	1	

0	2	197.585	4
1	0.00	0.00	47.97	18.77	51.51	0	
2	47.97	18.77	116.35	45.53	73.42	1	4	
3	116.35	45.53	179.34	70.18	67.65	0	
4	179.34	70.18	184.00	72.00	5.00	1	2	

0	3	278.153	4
1	0.00	0.00	34.04	37.12	50.36	0	
2	34.04	37.12	86.37	94.18	77.43	1	4	
3	86.37	94.18	175.16	191.00	131.36	0	
4	175.16	191.00	188.00	205.00	19.00	1	3	

0	4	91.022	2
1	0.00	0.00	39.04	27.96	48.02	0	
2	39.04	27.96	74.00	53.00	43.00	1	4	

0	5	179.388	2
1	0.00	0.00	66.48	162.30	175.39	0	
2	66.48	162.30	68.00	166.00	4.00	1	5	

1	0	293.437	2
1	293.00	16.00	283.01	15.45	10.00	1	1	
2	283.01	15.45	0.00	0.00	283.44	0	

1	1	0	0

1	2	122.544	3
1	293.00	16.00	284.11	20.57	10.00	1	1	
2	284.11	20.57	188.45	69.72	107.54	0	
3	188.45	69.72	184.00	72.00	5.00	1	2	

1	3	216.208	3
1	293.00	16.00	288.14	24.74	10.00	1	1	
2	288.14	24.74	197.23	188.39	187.21	0	
3	197.23	188.39	188.00	205.00	19.00	1	3	

1	4	222.104	3
1	293.00	16.00	283.14	17.67	10.00	1	1	
2	283.14	17.67	116.40	45.84	169.10	0	
3	116.40	45.84	74.00	53.00	43.00	1	4	

1	5	270.416	3
1	293.00	16.00	284.68	21.55	10.00	1	1	
2	284.68	21.55	71.33	163.78	256.42	0	
3	71.33	163.78	68.00	166.00	4.00	1	5	

2	0	197.585	4
1	184.00	72.00	179.34	70.18	5.00	1	2	
2	179.34	70.18	116.35	45.53	67.65	0	
3	116.35	45.53	47.97	18.77	73.42	1	4	
4	47.97	18.77	0.00	0.00	51.51	0	

2	1	122.544	3
1	184.00	72.00	188.45	69.72	5.00	1	2	
2	188.45	69.72	284.11	20.57	107.54	0	
3	284.11	20.57	293.00	16.00	10.00	1	1	

2	2	0	0

2	3	133.060	3
1	184.00	72.00	184.15	77.00	5.00	1	2	
2	184.15	77.00	187.43	186.01	109.06	0	
3	187.43	186.01	188.00	205.00	19.00	0	

2	4	111.629	3
1	184.00	72.00	179.07	71.15	5.00	1	2	
2	179.07	71.15	116.37	60.32	63.63	0	
3	116.37	60.32	74.00	53.00	43.00	1	4	

2	5	149.305	3
1	184.00	72.00	180.12	75.15	5.00	1	2	
2	180.12	75.15	71.11	163.48	140.31	0	
3	71.11	163.48	68.00	166.00	4.00	1	5	

3	0	278.153	4
1	188.00	205.00	175.16	191.00	19.00	1	3	
2	175.16	191.00	86.37	94.18	131.36	0	
3	86.37	94.18	34.04	37.12	77.43	1	4	
4	34.04	37.12	0.00	0.00	50.36	0	

3	1	216.208	3
1	188.00	205.00	197.23	188.39	19.00	1	3	
2	197.23	188.39	288.14	24.74	187.21	0	
3	288.14	24.74	293.00	16.00	10.00	1	1	

3	2	133.060	3
1	188.00	205.00	187.43	186.01	19.00	0	
2	187.43	186.01	184.15	77.00	109.06	0	
3	184.15	77.00	184.00	72.00	5.00	1	2	

3	3	0	0

3	4	190.000	3
1	188.00	205.00	176.60	189.80	19.00	1	3	
2	176.60	189.80	99.80	87.40	128.00	0	
3	99.80	87.40	74.00	53.00	43.00	1	4	

3	5	126.178	3
1	188.00	205.00	169.93	199.13	19.00	1	3	
2	169.93	199.13	71.80	167.24	103.18	0	
3	71.80	167.24	68.00	166.00	4.00	1	5	

4	0	91.022	2
1	74.00	53.00	39.04	27.96	43.00	1	4	
2	39.04	27.96	0.00	0.00	48.02	0	

4	1	222.104	3
1	74.00	53.00	116.40	45.84	43.00	1	4	
2	116.40	45.84	283.14	17.67	169.10	0	
3	283.14	17.67	293.00	16.00	10.00	1	1	

4	2	111.629	3
1	74.00	53.00	116.37	60.32	43.00	1	4	
2	116.37	60.32	179.07	71.15	63.63	0	
3	179.07	71.15	184.00	72.00	5.00	1	2	

4	3	190.000	3
1	74.00	53.00	99.80	87.40	43.00	1	4	
2	99.80	87.40	176.60	189.80	128.00	0	
3	176.60	189.80	188.00	205.00	19.00	1	3	

4	4	0	0

4	5	113.159	3
1	74.00	53.00	71.72	95.94	43.00	0	
2	71.72	95.94	68.21	162.01	66.16	0	
3	68.21	162.01	68.00	166.00	4.00	1	5	

5	0	179.388	2
1	68.00	166.00	66.48	162.30	4.00	1	5	
2	66.48	162.30	0.00	0.00	175.39	0	

5	1	270.416	3
1	68.00	166.00	71.33	163.78	4.00	1	5	
2	71.33	163.78	284.68	21.55	256.42	0	
3	284.68	21.55	293.00	16.00	10.00	1	1	

5	2	149.305	3
1	68.00	166.00	71.11	163.48	4.00	1	5	
2	71.11	163.48	180.12	75.15	140.31	0	
3	180.12	75.15	184.00	72.00	5.00	1	2	

5	3	126.178	3
1	68.00	166.00	71.80	167.24	4.00	1	5	
2	71.80	167.24	169.93	199.13	103.18	0	
3	169.93	199.13	188.00	205.00	19.00	1	3	

5	4	113.159	3
1	68.00	166.00	68.21	162.01	4.00	1	5	
2	68.21	162.01	71.72	95.94	66.16	0	
3	71.72	95.94	74.00	53.00	43.00	0	

5	5	0	0
