6	44	2	0.001	35.0
0.000	0.000	0.000	2.000	0.000
99.000	23.000	4.000	10.000	8.000
241.000	157.000	21.000	4.000	16.000
59.000	27.000	43.000	6.000	18.000
104.000	193.000	46.000	9.000	17.000
46.000	146.000	50.000	9.000	17.000

0	0	0	0

0	1	101.637	3
1	0.00	0.00	21.99	5.11	22.58	0	
2	21.99	5.11	95.10	22.09	75.06	1	3	
3	95.10	22.09	99.00	23.00	4.00	2	1	3	

0	2	287.628	4
1	0.00	0.00	18.65	12.15	22.25	0	
2	18.65	12.15	88.89	57.91	83.84	1	3	
3	88.89	57.91	223.40	145.54	160.54	0	
4	223.40	145.54	241.00	157.00	21.00	1	2	

0	3	64.885	2
1	0.00	0.00	19.90	9.11	21.88	0	
2	19.90	9.11	59.00	27.00	43.00	1	3	

0	4	219.237	6
1	0.00	0.00	16.10	29.87	33.93	0	
2	16.10	29.87	33.01	61.26	35.65	1	3	
3	33.01	61.26	51.92	96.35	39.87	0	
4	51.92	96.35	82.18	152.51	63.79	1	5	
5	82.18	152.51	90.72	168.36	18.01	2	4	5	
6	90.72	168.36	104.00	193.00	27.99	1	4	

0	5	153.075	2
1	0.00	0.00	30.97	98.31	103.08	0	
2	30.97	98.31	46.00	146.00	50.00	1	5	

1	0	101.637	3
1	99.00	23.00	95.10	22.09	4.00	2	1	3	
2	95.10	22.09	21.99	5.11	75.06	1	3	
3	21.99	5.11	0.00	0.00	22.58	0	

1	1	0	0

1	2	195.243	4
1	99.00	23.00	101.91	25.75	4.00	2	1	3	
2	101.91	25.75	101.98	25.82	0.10	1	3	
3	101.98	25.82	225.73	142.59	170.14	0	
4	225.73	142.59	241.00	157.00	21.00	1	2	

1	3	40.200	2
1	99.00	23.00	95.02	23.40	4.00	2	1	3	
2	95.02	23.40	59.00	27.00	36.20	1	3	

1	4	170.074	4
1	99.00	23.00	99.12	27.00	4.00	2	1	3	
2	99.12	27.00	99.54	41.34	14.34	1	3	
3	99.54	41.34	102.65	147.02	105.73	0	
4	102.65	147.02	104.00	193.00	46.00	0	

1	5	133.933	4
1	99.00	23.00	97.42	26.67	4.00	2	1	3	
2	97.42	26.67	81.48	63.65	40.27	1	3	
3	81.48	63.65	65.79	100.08	39.66	0	
4	65.79	100.08	46.00	146.00	50.00	1	5	

2	0	287.628	4
1	241.00	157.00	223.40	145.54	21.00	1	2	
2	223.40	145.54	88.89	57.91	160.54	0	
3	88.89	57.91	18.65	12.15	83.84	1	3	
4	18.65	12.15	0.00	0.00	22.25	0	

2	1	195.243	4
1	241.00	157.00	225.73	142.59	21.00	1	2	
2	225.73	142.59	101.98	25.82	170.14	0	
3	101.98	25.82	101.91	25.75	0.10	1	3	
4	101.91	25.75	99.00	23.00	4.00	2	1	3	

2	2	0	0

2	3	223.660	3
1	241.00	157.00	223.91	144.79	21.00	1	2	
2	223.91	144.79	93.99	51.99	159.66	0	
3	93.99	51.99	59.00	27.00	43.00	1	3	

2	4	141.651	3
1	241.00	157.00	220.69	162.34	21.00	1	2	
2	220.69	162.34	148.49	181.31	74.65	0	
3	148.49	181.31	104.00	193.00	46.00	1	4	

2	5	195.310	5
1	241.00	157.00	220.03	155.82	21.00	1	2	
2	220.03	155.82	120.92	150.23	99.27	0	
3	120.92	150.23	95.92	148.82	25.04	1	4	
4	95.92	148.82	91.99	148.59	3.93	2	4	5	
5	91.99	148.59	46.00	146.00	46.07	1	5	

3	0	64.885	2
1	59.00	27.00	19.90	9.11	43.00	1	3	
2	19.90	9.11	0.00	0.00	21.88	0	

3	1	40.200	2
1	59.00	27.00	95.02	23.40	36.20	1	3	
2	95.02	23.40	99.00	23.00	4.00	2	1	3	

3	2	223.660	3
1	59.00	27.00	93.99	51.99	43.00	1	3	
2	93.99	51.99	223.91	144.79	159.66	0	
3	223.91	144.79	241.00	157.00	21.00	1	2	

3	3	0	0

3	4	171.991	5
1	59.00	27.00	70.25	68.50	43.00	1	3	
2	70.25	68.50	81.80	111.09	44.13	0	
3	81.80	111.09	91.96	148.60	38.87	1	5	
4	91.96	148.60	94.53	158.05	9.79	2	4	5	
5	94.53	158.05	104.00	193.00	36.21	1	4	

3	5	119.708	3
1	59.00	27.00	54.33	69.75	43.00	1	3	
2	54.33	69.75	51.43	96.30	26.71	0	
3	51.43	96.30	46.00	146.00	50.00	0	

4	0	219.237	6
1	104.00	193.00	90.72	168.36	27.99	1	4	
2	90.72	168.36	82.18	152.51	18.01	2	4	5	
3	82.18	152.51	51.92	96.35	63.79	1	5	
4	51.92	96.35	33.01	61.26	39.87	0	
5	33.01	61.26	16.10	29.87	35.65	1	3	
6	16.10	29.87	0.00	0.00	33.93	0	

4	1	170.074	4
1	104.00	193.00	102.65	147.02	46.00	0	
2	102.65	147.02	99.54	41.34	105.73	0	
3	99.54	41.34	99.12	27.00	14.34	1	3	
4	99.12	27.00	99.00	23.00	4.00	2	1	3	

4	2	141.651	3
1	104.00	193.00	148.49	181.31	46.00	1	4	
2	148.49	181.31	220.69	162.34	74.65	0	
3	220.69	162.34	241.00	157.00	21.00	1	2	

4	3	171.991	5
1	104.00	193.00	94.53	158.05	36.21	1	4	
2	94.53	158.05	91.96	148.60	9.79	2	4	5	
3	91.96	148.60	81.80	111.09	38.87	1	5	
4	81.80	111.09	70.25	68.50	44.13	0	
5	70.25	68.50	59.00	27.00	43.00	1	3	

4	4	0	0

4	5	74.653	3
1	104.00	193.00	84.85	177.48	24.65	1	4	
2	84.85	177.48	68.26	164.04	21.35	2	4	5	
3	68.26	164.04	46.00	146.00	28.65	1	5	

5	0	153.075	2
1	46.00	146.00	30.97	98.31	50.00	1	5	
2	30.97	98.31	0.00	0.00	103.08	0	

5	1	133.933	4
1	46.00	146.00	65.79	100.08	50.00	1	5	
2	65.79	100.08	81.48	63.65	39.66	0	
3	81.48	63.65	97.42	26.67	40.27	1	3	
4	97.42	26.67	99.00	23.00	4.00	2	1	3	

5	2	195.310	5
1	46.00	146.00	91.99	148.59	46.07	1	5	
2	91.99	148.59	95.92	148.82	3.93	2	4	5	
3	95.92	148.82	120.92	150.23	25.04	1	4	
4	120.92	150.23	220.03	155.82	99.27	0	
5	220.03	155.82	241.00	157.00	21.00	1	2	

5	3	119.708	3
1	46.00	146.00	51.43	96.30	50.00	0	
2	51.43	96.30	54.33	69.75	26.71	0	
3	54.33	69.75	59.00	27.00	43.00	1	3	

5	4	74.653	3
1	46.00	146.00	68.26	164.04	28.65	1	5	
2	68.26	164.04	84.85	177.48	21.35	2	4	5	
3	84.85	177.48	104.00	193.00	24.65	1	4	

5	5	0	0
