6	44	2	0.001	70.0
0.000	0.000	0.000	4.000	0.000
131.000	256.000	4.000	3.000	16.000
145.000	203.000	24.000	4.000	18.000
172.000	259.000	42.000	2.000	2.000
243.000	194.000	36.000	5.000	13.000
112.000	117.000	24.000	5.000	17.000
 


0	0	0	0

0	1	287.571	3
1	0.00	0.00	129.18	252.44	283.57	0	
2	129.18	252.44	130.24	254.51	2.33	1	1	
3	130.24	254.51	131.00	256.00	1.67	2	1	3	

0	2	249.467	4
1	0.00	0.00	89.46	125.25	153.91	0	
2	89.46	125.25	96.89	135.65	12.78	1	5	
3	96.89	135.65	131.05	183.47	58.77	0	
4	131.05	183.47	145.00	203.00	24.00	1	2	

0	3	310.910	4
1	0.00	0.00	125.51	188.99	226.87	0	
2	125.51	188.99	148.76	224.01	42.04	1	2	
3	148.76	224.01	150.35	226.40	2.86	2	2	3	
4	150.35	226.40	172.00	259.00	39.14	1	3	

0	4	310.942	4
1	0.00	0.00	117.21	93.57	149.98	0	
2	117.21	93.57	133.69	106.74	21.10	1	5	
3	133.69	106.74	214.87	171.54	103.87	0	
4	214.87	171.54	243.00	194.00	36.00	1	4	

0	5	161.966	2
1	0.00	0.00	95.40	99.66	137.97	0	
2	95.40	99.66	112.00	117.00	24.00	1	5	

1	0	287.571	3
1	131.00	256.00	130.24	254.51	1.67	2	1	3	
2	130.24	254.51	129.18	252.44	2.33	1	1	
3	129.18	252.44	0.00	0.00	283.57	0	

1	1	0	0

1	2	54.818	4
1	131.00	256.00	132.02	252.13	4.00	2	1	3	
2	132.02	252.13	135.86	237.60	15.03	1	3	
3	135.86	237.60	138.87	226.20	11.79	0	
4	138.87	226.20	145.00	203.00	24.00	1	2	

1	3	41.110	2
1	131.00	256.00	134.99	256.29	4.00	2	1	3	
2	134.99	256.29	172.00	259.00	37.11	1	3	

1	4	128.016	4
1	131.00	256.00	134.50	254.06	4.00	2	1	3	
2	134.50	254.06	192.15	222.15	65.89	1	3	
3	192.15	222.15	211.50	211.44	22.12	0	
4	211.50	211.44	243.00	194.00	36.00	1	4	

1	5	140.293	6
1	131.00	256.00	130.51	252.45	3.59	2	1	3	
2	130.51	252.45	130.46	252.04	0.41	1	1	
3	130.46	252.04	125.71	217.27	35.09	0	
4	125.71	217.27	122.58	194.43	23.06	1	2	
5	122.58	194.43	115.25	140.78	54.15	0	
6	115.25	140.78	112.00	117.00	24.00	0	

2	0	249.467	4
1	145.00	203.00	131.05	183.47	24.00	1	2	
2	131.05	183.47	96.89	135.65	58.77	0	
3	96.89	135.65	89.46	125.25	12.78	1	5	
4	89.46	125.25	0.00	0.00	153.91	0	

2	1	54.818	4
1	145.00	203.00	138.87	226.20	24.00	1	2	
2	138.87	226.20	135.86	237.60	11.79	0	
3	135.86	237.60	132.02	252.13	15.03	1	3	
4	132.02	252.13	131.00	256.00	4.00	2	1	3	

2	2	0	0

2	3	62.169	3
1	145.00	203.00	153.76	221.17	20.17	1	2	
2	153.76	221.17	155.42	224.62	3.83	2	2	3	
3	155.42	224.62	172.00	259.00	38.17	1	3	

2	4	98.412	3
1	145.00	203.00	168.90	200.81	24.00	1	2	
2	168.90	200.81	207.15	197.29	38.41	0	
3	207.15	197.29	243.00	194.00	36.00	1	4	

2	5	92.114	3
1	145.00	203.00	136.40	180.59	24.00	1	2	
2	136.40	180.59	120.60	139.41	44.11	0	
3	120.60	139.41	112.00	117.00	24.00	1	5	

3	0	310.910	4
1	172.00	259.00	150.35	226.40	39.14	1	3	
2	150.35	226.40	148.76	224.01	2.86	2	2	3	
3	148.76	224.01	125.51	188.99	42.04	1	2	
4	125.51	188.99	0.00	0.00	226.87	0	

3	1	41.110	2
1	172.00	259.00	134.99	256.29	37.11	1	3	
2	134.99	256.29	131.00	256.00	4.00	2	1	3	

3	2	62.169	3
1	172.00	259.00	155.42	224.62	38.17	1	3	
2	155.42	224.62	153.76	221.17	3.83	2	2	3	
3	153.76	221.17	145.00	203.00	20.17	1	2	

3	3	0	0

3	4	96.260	3
1	172.00	259.00	202.98	230.64	42.00	1	3	
2	202.98	230.64	216.45	218.31	18.26	0	
3	216.45	218.31	243.00	194.00	36.00	1	4	

3	5	154.156	5
1	172.00	259.00	157.10	223.73	38.29	1	3	
2	157.10	223.73	155.65	220.31	3.71	2	2	3	
3	155.65	220.31	138.57	179.88	43.90	1	2	
4	138.57	179.88	121.34	139.11	44.26	0	
5	121.34	139.11	112.00	117.00	24.00	1	5	

4	0	310.942	4
1	243.00	194.00	214.87	171.54	36.00	1	4	
2	214.87	171.54	133.69	106.74	103.87	0	
3	133.69	106.74	117.21	93.57	21.10	1	5	
4	117.21	93.57	0.00	0.00	149.98	0	

4	1	128.016	4
1	243.00	194.00	211.50	211.44	36.00	1	4	
2	211.50	211.44	192.15	222.15	22.12	0	
3	192.15	222.15	134.50	254.06	65.89	1	3	
4	134.50	254.06	131.00	256.00	4.00	2	1	3	

4	2	98.412	3
1	243.00	194.00	207.15	197.29	36.00	1	4	
2	207.15	197.29	168.90	200.81	38.41	0	
3	168.90	200.81	145.00	203.00	24.00	1	2	

4	3	96.260	3
1	243.00	194.00	216.45	218.31	36.00	1	4	
2	216.45	218.31	202.98	230.64	18.26	0	
3	202.98	230.64	172.00	259.00	42.00	1	3	

4	4	0	0

4	5	151.954	3
1	243.00	194.00	211.96	175.76	36.00	1	4	
2	211.96	175.76	132.69	129.16	91.95	0	
3	132.69	129.16	112.00	117.00	24.00	1	5	

5	0	161.966	2
1	112.00	117.00	95.40	99.66	24.00	1	5	
2	95.40	99.66	0.00	0.00	137.97	0	

5	1	140.293	6
1	112.00	117.00	115.25	140.78	24.00	0	
2	115.25	140.78	122.58	194.43	54.15	0	
3	122.58	194.43	125.71	217.27	23.06	1	2	
4	125.71	217.27	130.46	252.04	35.09	0	
5	130.46	252.04	130.51	252.45	0.41	1	1	
6	130.51	252.45	131.00	256.00	3.59	2	1	3	

5	2	92.114	3
1	112.00	117.00	120.60	139.41	24.00	1	5	
2	120.60	139.41	136.40	180.59	44.11	0	
3	136.40	180.59	145.00	203.00	24.00	1	2	

5	3	154.156	5
1	112.00	117.00	121.34	139.11	24.00	1	5	
2	121.34	139.11	138.57	179.88	44.26	0	
3	138.57	179.88	155.65	220.31	43.90	1	2	
4	155.65	220.31	157.10	223.73	3.71	2	2	3	
5	157.10	223.73	172.00	259.00	38.29	1	3	

5	4	151.954	3
1	112.00	117.00	132.69	129.16	24.00	1	5	
2	132.69	129.16	211.96	175.76	91.95	0	
3	211.96	175.76	243.00	194.00	36.00	1	4	

5	5	0	0
