6	37	2	0.001	25.0
0.000	0.000	0.000	6.000	0.000
26.000	155.000	31.000	5.000	18.000
50.000	79.000	5.000	9.000	2.000
82.000	296.000	1.000	2.000	8.000
23.000	204.000	13.000	9.000	20.000
90.000	202.000	13.000	4.000	11.000
 


0	0	0	0

0	1	157.166	2
1	0.00	0.00	20.87	124.43	126.17	0	
2	20.87	124.43	26.00	155.00	31.00	0	

0	2	93.493	2
1	0.00	0.00	47.33	74.78	88.49	0	
2	47.33	74.78	50.00	79.00	5.00	1	2	

0	3	307.148	4
1	0.00	0.00	34.70	125.24	129.96	0	
2	34.70	125.24	48.77	176.04	52.71	1	1	
3	48.77	176.04	81.73	295.04	123.48	0	
4	81.73	295.04	82.00	296.00	1.00	1	3	

0	4	205.292	4
1	0.00	0.00	14.24	126.32	127.12	0	
2	14.24	126.32	20.92	185.58	59.64	1	1	
3	20.92	185.58	21.54	191.08	5.53	0	
4	21.54	191.08	23.00	204.00	13.00	1	4	

0	5	221.142	2
1	0.00	0.00	84.71	190.13	208.14	0	
2	84.71	190.13	90.00	202.00	13.00	1	5	

1	0	157.166	2
1	26.00	155.00	20.87	124.43	31.00	0	
2	20.87	124.43	0.00	0.00	126.17	0	

1	1	0	0

1	2	79.699	3
1	26.00	155.00	35.34	125.44	31.00	1	1	
2	35.34	125.44	48.49	83.77	43.70	0	
3	48.49	83.77	50.00	79.00	5.00	1	2	

1	3	151.714	3
1	26.00	155.00	37.44	183.81	31.00	1	1	
2	37.44	183.81	81.63	295.07	119.71	0	
3	81.63	295.07	82.00	296.00	1.00	1	3	

1	4	49.092	3
1	26.00	155.00	24.11	185.94	31.00	1	1	
2	24.11	185.94	23.79	191.02	5.09	0	
3	23.79	191.02	23.00	204.00	13.00	1	4	

1	5	79.404	3
1	26.00	155.00	50.99	173.35	31.00	1	1	
2	50.99	173.35	79.52	194.31	35.40	0	
3	79.52	194.31	90.00	202.00	13.00	1	5	

2	0	93.493	2
1	50.00	79.00	47.33	74.78	5.00	1	2	
2	47.33	74.78	0.00	0.00	88.49	0	

2	1	79.699	3
1	50.00	79.00	48.49	83.77	5.00	1	2	
2	48.49	83.77	35.34	125.44	43.70	0	
3	35.34	125.44	26.00	155.00	31.00	1	1	

2	2	0	0

2	3	219.347	3
1	50.00	79.00	50.73	83.95	5.00	1	2	
2	50.73	83.95	81.85	295.01	213.35	0	
3	81.85	295.01	82.00	296.00	1.00	1	3	

2	4	127.883	5
1	50.00	79.00	48.94	83.89	5.00	1	2	
2	48.94	83.89	39.60	127.14	44.25	0	
3	39.60	127.14	26.89	185.99	60.20	1	1	
4	26.89	185.99	25.74	191.29	5.43	0	
5	25.74	191.29	23.00	204.00	13.00	1	4	

2	5	129.341	3
1	50.00	79.00	51.55	83.75	5.00	1	2	
2	51.55	83.75	85.98	189.64	111.34	0	
3	85.98	189.64	90.00	202.00	13.00	1	5	

3	0	307.148	4
1	82.00	296.00	81.73	295.04	1.00	1	3	
2	81.73	295.04	48.77	176.04	123.48	0	
3	48.77	176.04	34.70	125.24	52.71	1	1	
4	34.70	125.24	0.00	0.00	129.96	0	

3	1	151.714	3
1	82.00	296.00	81.63	295.07	1.00	1	3	
2	81.63	295.07	37.44	183.81	119.71	0	
3	37.44	183.81	26.00	155.00	31.00	1	1	

3	2	219.347	3
1	82.00	296.00	81.85	295.01	1.00	1	3	
2	81.85	295.01	50.73	83.95	213.35	0	
3	50.73	83.95	50.00	79.00	5.00	1	2	

3	3	0	0

3	4	109.293	3
1	82.00	296.00	81.46	295.16	1.00	1	3	
2	81.46	295.16	30.02	214.94	95.29	0	
3	30.02	214.94	23.00	204.00	13.00	1	4	

3	5	94.340	3
1	82.00	296.00	82.08	295.00	1.00	1	3	
2	82.08	295.00	88.90	214.95	80.34	0	
3	88.90	214.95	90.00	202.00	13.00	1	5	

4	0	205.292	4
1	23.00	204.00	21.54	191.08	13.00	1	4	
2	21.54	191.08	20.92	185.58	5.53	0	
3	20.92	185.58	14.24	126.32	59.64	1	1	
4	14.24	126.32	0.00	0.00	127.12	0	

4	1	49.092	3
1	23.00	204.00	23.79	191.02	13.00	1	4	
2	23.79	191.02	24.11	185.94	5.09	0	
3	24.11	185.94	26.00	155.00	31.00	1	1	

4	2	127.883	5
1	23.00	204.00	25.74	191.29	13.00	1	4	
2	25.74	191.29	26.89	185.99	5.43	0	
3	26.89	185.99	39.60	127.14	60.20	1	1	
4	39.60	127.14	48.94	83.89	44.25	0	
5	48.94	83.89	50.00	79.00	5.00	1	2	

4	3	109.293	3
1	23.00	204.00	30.02	214.94	13.00	1	4	
2	30.02	214.94	81.46	295.16	95.29	0	
3	81.46	295.16	82.00	296.00	1.00	1	3	

4	4	0	0

4	5	67.030	3
1	23.00	204.00	35.99	203.61	13.00	1	4	
2	35.99	203.61	77.01	202.39	41.03	0	
3	77.01	202.39	90.00	202.00	13.00	1	5	

5	0	221.142	2
1	90.00	202.00	84.71	190.13	13.00	1	5	
2	84.71	190.13	0.00	0.00	208.14	0	

5	1	79.404	3
1	90.00	202.00	79.52	194.31	13.00	1	5	
2	79.52	194.31	50.99	173.35	35.40	0	
3	50.99	173.35	26.00	155.00	31.00	1	1	

5	2	129.341	3
1	90.00	202.00	85.98	189.64	13.00	1	5	
2	85.98	189.64	51.55	83.75	111.34	0	
3	51.55	83.75	50.00	79.00	5.00	1	2	

5	3	94.340	3
1	90.00	202.00	88.90	214.95	13.00	1	5	
2	88.90	214.95	82.08	295.00	80.34	0	
3	82.08	295.00	82.00	296.00	1.00	1	3	

5	4	67.030	3
1	90.00	202.00	77.01	202.39	13.00	1	5	
2	77.01	202.39	35.99	203.61	41.03	0	
3	35.99	203.61	23.00	204.00	13.00	1	4	

5	5	0	0
