7	59	2	0.001	120.0
150.000	150.000	0.000	1.000	0.000
290.000	42.000	31.000	7.000	11.000
95.000	10.000	23.000	10.000	2.000
4.000	15.000	16.000	5.000	9.000
125.000	264.000	30.000	4.000	7.000
122.000	73.000	40.000	4.000	19.000
181.000	63.000	34.000	3.000	7.000
 


0	0	0	0

0	1	176.816	2
1	150.00	150.00	265.45	60.93	145.82	0	
2	265.45	60.93	290.00	42.00	31.00	1	1	

0	2	150.416	4
1	150.00	150.00	134.66	110.94	41.96	0	
2	134.66	110.94	105.44	36.59	79.89	1	5	
3	105.44	36.59	103.41	31.41	5.56	0	
4	103.41	31.41	95.00	10.00	23.00	1	2	

0	3	198.849	4
1	150.00	150.00	106.69	109.95	58.98	0	
2	106.69	109.95	86.35	91.15	27.70	1	5	
3	86.35	91.15	15.75	25.86	96.17	0	
4	15.75	25.86	4.00	15.00	16.00	1	3	

0	4	116.709	2
1	150.00	150.00	131.43	234.70	86.71	0	
2	131.43	234.70	125.00	264.00	30.00	1	4	

0	5	81.933	2
1	150.00	150.00	135.67	110.59	41.93	0	
2	135.67	110.59	122.00	73.00	40.00	1	5	

0	6	92.358	2
1	150.00	150.00	169.59	95.03	58.36	0	
2	169.59	95.03	181.00	63.00	34.00	1	6	

1	0	176.816	2
1	290.00	42.00	265.45	60.93	31.00	1	1	
2	265.45	60.93	150.00	150.00	145.82	0	

1	1	0	0

1	2	197.608	3
1	290.00	42.00	259.41	36.98	31.00	1	1	
2	259.41	36.98	117.70	13.72	143.61	0	
3	117.70	13.72	95.00	10.00	23.00	1	2	

1	3	287.272	7
1	290.00	42.00	259.14	39.09	31.00	1	1	
2	259.14	39.09	197.49	33.27	61.92	0	
3	197.49	33.27	170.37	30.71	27.24	1	6	
4	170.37	30.71	112.24	25.22	58.38	0	
5	112.24	25.22	75.21	21.72	37.20	1	2	
6	75.21	21.72	19.93	16.50	55.53	0	
7	19.93	16.50	4.00	15.00	16.00	1	3	

1	4	276.603	3
1	290.00	42.00	271.51	66.88	31.00	1	1	
2	271.51	66.88	142.90	239.92	215.60	0	
3	142.90	239.92	125.00	264.00	30.00	1	4	

1	5	170.836	5
1	290.00	42.00	259.51	47.63	31.00	1	1	
2	259.51	47.63	214.27	55.97	46.01	0	
3	214.27	55.97	161.34	65.74	53.82	1	6	
4	161.34	65.74	147.42	68.31	14.15	2	5	6	
5	147.42	68.31	122.00	73.00	25.85	1	5	

1	6	111.005	3
1	290.00	42.00	259.56	47.86	31.00	1	1	
2	259.56	47.86	214.39	56.57	46.00	0	
3	214.39	56.57	181.00	63.00	34.00	1	6	

2	0	150.416	4
1	95.00	10.00	103.41	31.41	23.00	1	2	
2	103.41	31.41	105.44	36.59	5.56	0	
3	105.44	36.59	134.66	110.94	79.89	1	5	
4	134.66	110.94	150.00	150.00	41.96	0	

2	1	197.608	3
1	95.00	10.00	117.70	13.72	23.00	1	2	
2	117.70	13.72	259.41	36.98	143.61	0	
3	259.41	36.98	290.00	42.00	31.00	1	1	

2	2	0	0

2	3	91.137	3
1	95.00	10.00	72.03	11.26	23.00	1	2	
2	72.03	11.26	19.98	14.12	52.14	0	
3	19.98	14.12	4.00	15.00	16.00	1	3	

2	4	255.766	5
1	95.00	10.00	97.70	32.84	23.00	1	2	
2	97.70	32.84	98.61	40.55	7.77	0	
3	98.61	40.55	106.81	110.00	69.93	1	5	
4	106.81	110.00	121.48	234.21	125.07	0	
5	121.48	234.21	125.00	264.00	30.00	1	4	

2	5	68.542	3
1	95.00	10.00	104.06	31.14	23.00	1	2	
2	104.06	31.14	106.24	36.23	5.54	0	
3	106.24	36.23	122.00	73.00	40.00	1	5	

2	6	101.020	5
1	95.00	10.00	114.58	22.07	23.00	1	2	
2	114.58	22.07	137.17	35.99	26.53	0	
3	137.17	35.99	148.24	42.81	13.01	1	5	
4	148.24	42.81	152.06	45.16	4.48	0	
5	152.06	45.16	181.00	63.00	34.00	1	6	

3	0	198.849	4
1	4.00	15.00	15.75	25.86	16.00	1	3	
2	15.75	25.86	86.35	91.15	96.17	0	
3	86.35	91.15	106.69	109.95	27.70	1	5	
4	106.69	109.95	150.00	150.00	58.98	0	

3	1	287.272	7
1	4.00	15.00	19.93	16.50	16.00	1	3	
2	19.93	16.50	75.21	21.72	55.53	0	
3	75.21	21.72	112.24	25.22	37.20	1	2	
4	112.24	25.22	170.37	30.71	58.38	0	
5	170.37	30.71	197.49	33.27	27.24	1	6	
6	197.49	33.27	259.14	39.09	61.92	0	
7	259.14	39.09	290.00	42.00	31.00	1	1	

3	2	91.137	3
1	4.00	15.00	19.98	14.12	16.00	1	3	
2	19.98	14.12	72.03	11.26	52.14	0	
3	72.03	11.26	95.00	10.00	23.00	1	2	

3	3	0	0

3	4	276.843	3
1	4.00	15.00	10.99	29.39	16.00	1	3	
2	10.99	29.39	111.89	237.02	230.84	0	
3	111.89	237.02	125.00	264.00	30.00	1	4	

3	5	131.484	3
1	4.00	15.00	18.36	22.06	16.00	1	3	
2	18.36	22.06	86.10	55.36	75.48	0	
3	86.10	55.36	122.00	73.00	40.00	1	5	

3	6	183.393	5
1	4.00	15.00	19.44	19.19	16.00	1	3	
2	19.44	19.19	98.50	40.63	81.92	0	
3	98.50	40.63	148.19	54.10	51.48	1	5	
4	148.19	54.10	158.63	56.93	10.82	2	5	6	
5	158.63	56.93	181.00	63.00	23.18	1	6	

4	0	116.709	2
1	125.00	264.00	131.43	234.70	30.00	1	4	
2	131.43	234.70	150.00	150.00	86.71	0	

4	1	276.603	3
1	125.00	264.00	142.90	239.92	30.00	1	4	
2	142.90	239.92	271.51	66.88	215.60	0	
3	271.51	66.88	290.00	42.00	31.00	1	1	

4	2	255.766	5
1	125.00	264.00	121.48	234.21	30.00	1	4	
2	121.48	234.21	106.81	110.00	125.07	0	
3	106.81	110.00	98.61	40.55	69.93	1	5	
4	98.61	40.55	97.70	32.84	7.77	0	
5	97.70	32.84	95.00	10.00	23.00	1	2	

4	3	276.843	3
1	125.00	264.00	111.89	237.02	30.00	1	4	
2	111.89	237.02	10.99	29.39	230.84	0	
3	10.99	29.39	4.00	15.00	16.00	1	3	

4	4	0	0

4	5	191.024	3
1	125.00	264.00	124.53	234.01	30.00	1	4	
2	124.53	234.01	122.63	113.00	121.03	0	
3	122.63	113.00	122.00	73.00	40.00	0	

4	6	208.655	3
1	125.00	264.00	133.05	235.10	30.00	1	4	
2	133.05	235.10	171.87	95.75	144.66	0	
3	171.87	95.75	181.00	63.00	34.00	1	6	

5	0	81.933	2
1	122.00	73.00	135.67	110.59	40.00	1	5	
2	135.67	110.59	150.00	150.00	41.93	0	

5	1	170.836	5
1	122.00	73.00	147.42	68.31	25.85	1	5	
2	147.42	68.31	161.34	65.74	14.15	2	5	6	
3	161.34	65.74	214.27	55.97	53.82	1	6	
4	214.27	55.97	259.51	47.63	46.01	0	
5	259.51	47.63	290.00	42.00	31.00	1	1	

5	2	68.542	3
1	122.00	73.00	106.24	36.23	40.00	1	5	
2	106.24	36.23	104.06	31.14	5.54	0	
3	104.06	31.14	95.00	10.00	23.00	1	2	

5	3	131.484	3
1	122.00	73.00	86.10	55.36	40.00	1	5	
2	86.10	55.36	18.36	22.06	75.48	0	
3	18.36	22.06	4.00	15.00	16.00	1	3	

5	4	191.024	3
1	122.00	73.00	122.63	113.00	40.00	0	
2	122.63	113.00	124.53	234.01	121.03	0	
3	124.53	234.01	125.00	264.00	30.00	1	4	

5	5	0	0

5	6	59.841	3
1	122.00	73.00	147.48	68.68	25.84	1	5	
2	147.48	68.68	161.44	66.32	14.16	2	5	6	
3	161.44	66.32	181.00	63.00	19.84	1	6	

6	0	92.358	2
1	181.00	63.00	169.59	95.03	34.00	1	6	
2	169.59	95.03	150.00	150.00	58.36	0	

6	1	111.005	3
1	181.00	63.00	214.39	56.57	34.00	1	6	
2	214.39	56.57	259.56	47.86	46.00	0	
3	259.56	47.86	290.00	42.00	31.00	1	1	

6	2	101.020	5
1	181.00	63.00	152.06	45.16	34.00	1	6	
2	152.06	45.16	148.24	42.81	4.48	0	
3	148.24	42.81	137.17	35.99	13.01	1	5	
4	137.17	35.99	114.58	22.07	26.53	0	
5	114.58	22.07	95.00	10.00	23.00	1	2	

6	3	183.393	5
1	181.00	63.00	158.63	56.93	23.18	1	6	
2	158.63	56.93	148.19	54.10	10.82	2	5	6	
3	148.19	54.10	98.50	40.63	51.48	1	5	
4	98.50	40.63	19.44	19.19	81.92	0	
5	19.44	19.19	4.00	15.00	16.00	1	3	

6	4	208.655	3
1	181.00	63.00	171.87	95.75	34.00	1	6	
2	171.87	95.75	133.05	235.10	144.66	0	
3	133.05	235.10	125.00	264.00	30.00	1	4	

6	5	59.841	3
1	181.00	63.00	161.44	66.32	19.84	1	6	
2	161.44	66.32	147.48	68.68	14.16	2	5	6	
3	147.48	68.68	122.00	73.00	25.84	1	5	

6	6	0	0
